38

0 1 319
1 0 319
0 19 275
19 0 275
0 20 834
20 0 834
0 32 540
32 0 540
0 30 359
30 0 359
0 31 444
31 0 444
0 15 896
15 0 896
0 3 286
3 0 286
0 37 475
37 0 475
0 3 299
3 0 299
0 23 469
23 0 469
0 14 942
14 0 942
0 32 322
32 0 322
0 17 550
17 0 550
0 9 633
9 0 633
0 25 926
25 0 926
0 16 235
16 0 235
0 31 583
31 0 583
0 29 338
29 0 338
0 35 384
35 0 384
0 2 119
2 0 119
0 36 189
36 0 189
0 1 561
1 0 561
0 12 342
12 0 342
0 25 278
25 0 278
0 32 422
32 0 422
0 11 597
11 0 597
0 17 60
17 0 60
0 26 29
26 0 29
0 8 346
8 0 346
0 37 568
37 0 568
0 1 394
1 0 394
0 35 177
35 0 177
0 27 993
27 0 993
0 9 46
9 0 46
0 33 902
33 0 902
1 2 751
2 1 751
1 8 852
8 1 852
1 22 546
22 1 546
1 30 730
30 1 730
1 19 646
19 1 646
1 28 225
28 1 225
1 15 984
15 1 984
1 17 269
17 1 269
1 7 31
7 1 31
1 7 624
7 1 624
1 32 350
32 1 350
1 7 90
7 1 90
1 3 51
3 1 51
1 30 697
30 1 697
1 17 244
17 1 244
1 12 686
12 1 686
1 25 327
25 1 327
1 25 899
25 1 899
1 12 382
12 1 382
1 22 508
22 1 508
1 4 136
4 1 136
1 5 743
5 1 743
1 26 367
26 1 367
1 24 63
24 1 63
1 34 474
34 1 474
1 13 120
13 1 120
1 35 660
35 1 660
2 3 788
3 2 788
2 4 939
4 2 939
2 5 802
5 2 802
2 9 633
9 2 633
2 14 865
14 2 865
2 28 163
28 2 163
2 29 638
29 2 638
2 29 856
29 2 856
2 7 825
7 2 825
2 5 943
5 2 943
2 34 47
34 2 47
2 6 459
6 2 459
2 3 390
3 2 390
2 16 138
16 2 138
2 16 198
16 2 198
2 12 407
12 2 407
2 25 95
25 2 95
2 8 239
8 2 239
2 23 71
23 2 71
2 37 214
37 2 214
2 18 543
18 2 543
2 35 188
35 2 188
2 32 970
32 2 970
2 16 861
16 2 861
2 21 790
21 2 790
2 32 464
32 2 464
2 25 628
25 2 628
2 12 506
12 2 506
2 22 394
22 2 394
2 4 437
4 2 437
2 36 752
36 2 752
2 31 968
31 2 968
2 24 152
24 2 152
2 4 921
4 2 921
2 13 183
13 2 183
2 36 643
36 2 643
3 6 512
6 3 512
3 10 150
10 3 150
3 27 405
27 3 405
3 7 323
7 3 323
3 28 486
28 3 486
3 6 327
6 3 327
3 18 339
18 3 339
3 5 655
5 3 655
3 35 260
35 3 260
3 32 683
32 3 683
3 19 130
19 3 130
3 37 19
37 3 19
3 25 106
25 3 106
3 31 568
31 3 568
3 31 356
31 3 356
3 34 214
34 3 214
3 28 188
28 3 188
3 16 888
16 3 888
3 11 84
11 3 84
3 21 629
21 3 629
3 4 652
4 3 652
3 30 128
30 3 128
3 33 321
33 3 321
3 5 761
5 3 761
3 33 7
33 3 7
3 9 39
9 3 39
3 14 233
14 3 233
3 21 609
21 3 609
3 6 205
6 3 205
3 24 108
24 3 108
3 28 728
28 3 728
3 5 121
5 3 121
4 18 734
18 4 734
4 22 246
22 4 246
4 36 472
36 4 472
4 10 904
10 4 904
4 20 773
20 4 773
4 25 914
25 4 914
4 5 263
5 4 263
4 8 270
8 4 270
4 30 162
30 4 162
4 34 818
34 4 818
4 9 524
9 4 524
4 35 202
35 4 202
4 7 855
7 4 855
4 36 331
36 4 331
4 21 867
21 4 867
4 10 750
10 4 750
4 26 665
26 4 665
4 18 620
18 4 620
4 16 108
16 4 108
4 7 464
7 4 464
4 9 239
9 4 239
4 31 818
31 4 818
4 33 821
33 4 821
4 25 384
25 4 384
4 37 224
37 4 224
4 17 57
17 4 57
4 28 643
28 4 643
4 29 466
29 4 466
4 14 60
14 4 60
4 20 352
20 4 352
4 35 666
35 4 666
4 18 428
18 4 428
4 26 482
26 4 482
4 5 839
5 4 839
4 27 906
27 4 906
5 12 951
12 5 951
5 15 958
15 5 958
5 24 2
24 5 2
5 25 539
25 5 539
5 37 537
37 5 537
5 17 374
17 5 374
5 16 786
16 5 786
5 17 378
17 5 378
5 33 192
33 5 192
5 17 551
17 5 551
5 14 413
14 5 413
5 22 838
22 5 838
5 14 564
14 5 564
5 22 63
22 5 63
5 34 863
34 5 863
5 28 527
28 5 527
5 13 437
13 5 437
5 6 938
6 5 938
5 33 579
33 5 579
5 22 668
22 5 668
5 34 641
34 5 641
5 27 836
27 5 836
5 6 200
6 5 200
5 30 969
30 5 969
5 30 217
30 5 217
6 7 346
7 6 346
6 36 294
36 6 294
6 26 264
26 6 264
6 28 139
28 6 139
6 17 890
17 6 890
6 23 1
23 6 1
6 33 726
33 6 726
6 19 62
19 6 62
6 21 274
21 6 274
6 30 63
30 6 63
6 17 822
17 6 822
6 10 607
10 6 607
6 26 686
26 6 686
6 14 883
14 6 883
6 32 855
32 6 855
6 6 384
6 6 384
6 18 487
18 6 487
6 31 925
31 6 925
6 8 866
8 6 866
6 20 657
20 6 657
6 26 147
26 6 147
6 6 815
6 6 815
6 32 299
32 6 299
6 7 189
7 6 189
6 8 737
8 6 737
6 36 344
36 6 344
6 31 215
31 6 215
6 20 73
20 6 73
6 29 615
29 6 615
6 6 956
6 6 956
6 9 890
9 6 890
6 36 936
36 6 936
6 14 386
14 6 386
6 30 450
30 6 450
6 17 166
17 6 166
6 29 770
29 6 770
6 33 698
33 6 698
7 27 17
27 7 17
7 25 3
25 7 3
7 18 808
18 7 808
7 34 892
34 7 892
7 27 844
27 7 844
7 10 677
10 7 677
7 37 727
37 7 727
7 20 460
20 7 460
7 18 240
18 7 240
7 25 167
25 7 167
7 26 716
26 7 716
7 25 516
25 7 516
7 12 907
12 7 907
7 35 885
35 7 885
7 10 42
10 7 42
7 23 199
23 7 199
7 30 88
30 7 88
7 13 334
13 7 334
7 11 44
11 7 44
7 23 303
23 7 303
7 18 479
18 7 479
7 27 883
27 7 883
7 18 775
18 7 775
7 33 285
33 7 285
7 12 426
12 7 426
7 10 586
10 7 586
7 19 281
19 7 281
7 24 704
24 7 704
7 36 611
36 7 611
7 14 433
14 7 433
7 17 645
17 7 645
8 18 149
18 8 149
8 21 487
21 8 487
8 31 901
31 8 901
8 16 20
16 8 20
8 36 526
36 8 526
8 22 49
22 8 49
8 26 781
26 8 781
8 16 679
16 8 679
8 14 227
14 8 227
8 26 45
26 8 45
8 21 672
21 8 672
8 15 756
15 8 756
8 28 690
28 8 690
8 24 493
24 8 493
8 23 977
23 8 977
8 24 71
24 8 71
8 16 459
16 8 459
8 31 819
31 8 819
8 24 753
24 8 753
8 16 946
16 8 946
8 11 699
11 8 699
8 28 683
28 8 683
8 17 270
17 8 270
8 11 685
11 8 685
8 18 537
18 8 537
8 13 465
13 8 465
8 37 347
37 8 347
8 16 877
16 8 877
8 13 541
13 8 541
8 32 351
32 8 351
9 11 53
11 9 53
9 21 355
21 9 355
9 24 910
24 9 910
9 26 117
26 9 117
9 29 221
29 9 221
9 32 94
32 9 94
9 36 409
36 9 409
9 10 865
10 9 865
9 33 372
33 9 372
9 28 158
28 9 158
9 15 745
15 9 745
9 22 305
22 9 305
9 33 47
33 9 47
9 28 737
28 9 737
9 21 226
21 9 226
9 26 941
26 9 941
9 32 844
32 9 844
9 29 103
29 9 103
9 14 508
14 9 508
9 15 991
15 9 991
9 26 190
26 9 190
9 27 580
27 9 580
9 12 347
12 9 347
9 30 91
30 9 91
9 28 652
28 9 652
10 30 506
30 10 506
10 31 746
31 10 746
10 35 170
35 10 170
10 17 202
17 10 202
10 27 426
27 10 426
10 12 411
12 10 411
10 13 790
13 10 790
10 23 390
23 10 390
10 28 675
28 10 675
10 20 359
20 10 359
10 13 839
13 10 839
10 34 821
34 10 821
10 24 139
24 10 139
10 25 497
25 10 497
10 10 191
10 10 191
10 33 566
33 10 566
10 31 704
31 10 704
10 22 847
22 10 847
10 37 288
37 10 288
10 35 590
35 10 590
10 19 551
19 10 551
10 37 875
37 10 875
10 23 524
23 10 524
10 29 701
29 10 701
10 21 704
21 10 704
10 33 727
33 10 727
10 29 265
29 10 265
11 29 785
29 11 785
11 32 697
32 11 697
11 17 434
17 11 434
11 15 491
15 11 491
11 19 95
19 11 95
11 13 105
13 11 105
11 36 745
36 11 745
11 21 453
21 11 453
11 17 518
17 11 518
11 37 335
37 11 335
11 37 603
37 11 603
11 26 183
26 11 183
11 32 153
32 11 153
11 32 755
32 11 755
11 15 895
15 11 895
11 27 341
27 11 341
11 33 667
33 11 667
11 13 125
13 11 125
11 20 599
20 11 599
12 13 246
13 12 246
12 16 836
16 12 836
12 25 525
25 12 525
12 13 644
13 12 644
12 19 957
19 12 957
12 28 64
28 12 64
12 30 251
30 12 251
12 20 176
20 12 176
12 13 76
13 12 76
12 27 648
27 12 648
12 15 234
15 12 234
12 37 892
37 12 892
12 24 669
24 12 669
12 29 525
29 12 525
12 31 139
31 12 139
12 29 254
29 12 254
12 27 840
27 12 840
12 15 873
15 12 873
12 27 568
27 12 568
12 20 519
20 12 519
13 14 75
14 13 75
13 25 880
25 13 880
13 30 442
30 13 442
13 13 73
13 13 73
13 34 212
34 13 212
13 20 778
20 13 778
13 13 685
13 13 685
13 18 114
18 13 114
13 35 603
35 13 603
13 37 255
37 13 255
13 20 697
20 13 697
13 24 173
24 13 173
13 19 457
19 13 457
13 20 417
20 13 417
13 17 972
17 13 972
13 24 589
24 13 589
13 18 430
18 13 430
13 26 202
26 13 202
13 22 732
22 13 732
13 25 661
25 13 661
13 33 70
33 13 70
13 28 105
28 13 105
13 31 632
31 13 632
13 24 527
24 13 527
14 26 794
26 14 794
14 24 922
24 14 922
14 37 268
37 14 268
14 24 282
24 14 282
14 32 288
32 14 288
14 32 352
32 14 352
14 33 336
33 14 336
14 29 968
29 14 968
14 34 447
34 14 447
14 26 39
26 14 39
14 36 380
36 14 380
14 28 381
28 14 381
14 26 923
26 14 923
14 34 865
34 14 865
14 27 881
27 14 881
14 32 528
32 14 528
14 27 971
27 14 971
14 22 696
22 14 696
14 34 694
34 14 694
14 28 878
28 14 878
14 27 765
27 14 765
14 14 357
14 14 357
14 33 134
33 14 134
15 34 332
34 15 332
15 22 302
22 15 302
15 36 508
36 15 508
15 35 971
35 15 971
15 31 500
31 15 500
15 23 392
23 15 392
15 19 544
19 15 544
15 34 975
34 15 975
15 16 572
16 15 572
15 18 665
18 15 665
15 31 791
31 15 791
15 17 797
17 15 797
15 29 237
29 15 237
15 18 248
18 15 248
15 26 367
26 15 367
15 36 490
36 15 490
15 37 502
37 15 502
15 17 139
17 15 139
15 21 364
21 15 364
15 22 397
22 15 397
15 23 672
23 15 672
15 31 831
31 15 831
15 31 361
31 15 361
16 17 232
17 16 232
16 24 999
24 16 999
16 31 672
31 16 672
16 37 939
37 16 939
16 21 281
21 16 281
16 20 377
20 16 377
16 33 291
33 16 291
16 19 952
19 16 952
16 25 378
25 16 378
16 35 223
35 16 223
16 21 778
21 16 778
16 28 773
28 16 773
16 19 911
19 16 911
16 25 463
25 16 463
16 18 135
18 16 135
16 24 80
24 16 80
16 30 242
30 16 242
17 26 234
26 17 234
17 21 880
21 17 880
17 28 874
28 17 874
17 24 40
24 17 40
17 37 383
37 17 383
17 30 479
30 17 479
17 19 962
19 17 962
17 20 491
20 17 491
17 19 684
19 17 684
17 34 368
34 17 368
17 32 605
32 17 605
17 23 893
23 17 893
17 34 483
34 17 483
17 37 574
37 17 574
17 34 955
34 17 955
17 18 427
18 17 427
17 34 165
34 17 165
18 34 655
34 18 655
18 19 222
19 18 222
18 33 410
33 18 410
18 29 477
29 18 477
18 22 28
22 18 28
18 36 593
36 18 593
18 29 283
29 18 283
18 29 513
29 18 513
18 21 447
21 18 447
18 24 35
24 18 35
18 29 490
29 18 490
18 27 707
27 18 707
18 35 755
35 18 755
18 27 726
27 18 726
18 35 91
35 18 91
18 36 398
36 18 398
18 36 98
36 18 98
18 36 905
36 18 905
18 20 40
20 18 40
18 19 832
19 18 832
18 19 804
19 18 804
18 25 122
25 18 122
19 23 137
23 19 137
19 37 254
37 19 254
19 29 533
29 19 533
19 23 778
23 19 778
19 32 375
32 19 375
19 37 463
37 19 463
19 30 995
30 19 995
19 21 713
21 19 713
19 23 399
23 19 399
19 29 279
29 19 279
19 32 106
32 19 106
19 21 554
21 19 554
19 27 115
27 19 115
19 20 282
20 19 282
19 32 566
32 19 566
19 23 488
23 19 488
19 36 786
36 19 786
19 33 840
33 19 840
20 31 410
31 20 410
20 37 781
37 20 781
20 28 802
28 20 802
20 24 735
24 20 735
20 25 175
25 20 175
20 31 979
31 20 979
20 32 11
32 20 11
20 37 855
37 20 855
20 32 84
32 20 84
20 32 761
32 20 761
20 29 359
29 20 359
20 30 263
30 20 263
20 31 910
31 20 910
21 37 259
37 21 259
21 27 528
27 21 528
21 29 39
29 21 39
21 28 736
28 21 736
21 34 511
34 21 511
21 21 898
21 21 898
21 29 49
29 21 49
21 34 331
34 21 331
21 31 83
31 21 83
21 23 821
23 21 821
21 28 841
28 21 841
21 34 816
34 21 816
21 36 278
36 21 278
21 23 474
23 21 474
21 26 398
26 21 398
21 22 544
22 21 544
21 28 281
28 21 281
21 29 321
29 21 321
22 28 748
28 22 748
22 32 411
32 22 411
22 26 409
26 22 409
22 31 940
31 22 940
22 30 642
30 22 642
22 28 713
28 22 713
22 27 280
27 22 280
22 31 413
31 22 413
23 30 329
30 23 329
23 26 884
26 23 884
23 34 922
34 23 922
23 35 883
35 23 883
23 30 401
30 23 401
23 27 686
27 23 686
23 24 385
24 23 385
23 28 892
28 23 892
23 28 232
28 23 232
23 25 675
25 23 675
23 28 965
28 23 965
23 37 638
37 23 638
23 26 457
26 23 457
23 29 686
29 23 686
23 32 141
32 23 141
23 24 600
24 23 600
23 30 293
30 23 293
23 37 835
37 23 835
23 26 42
26 23 42
23 36 84
36 23 84
23 23 749
23 23 749
23 34 426
34 23 426
24 33 313
33 24 313
24 26 955
26 24 955
24 36 191
36 24 191
24 34 993
34 24 993
24 36 84
36 24 84
24 25 331
25 24 331
24 35 113
35 24 113
24 29 132
29 24 132
24 25 730
25 24 730
24 26 870
26 24 870
24 33 660
33 24 660
24 31 164
31 24 164
24 31 478
31 24 478
24 30 565
30 24 565
24 29 377
29 24 377
24 26 860
26 24 860
24 26 949
26 24 949
24 29 648
29 24 648
25 28 722
28 25 722
25 37 650
37 25 650
25 36 898
36 25 898
25 35 146
35 25 146
25 28 795
28 25 795
25 36 789
36 25 789
25 36 112
36 25 112
25 25 336
25 25 336
25 26 936
26 25 936
25 32 957
32 25 957
25 30 303
30 25 303
26 29 316
29 26 316
26 30 507
30 26 507
26 33 59
33 26 59
26 27 192
27 26 192
26 29 70
29 26 70
26 31 223
31 26 223
26 37 825
37 26 825
26 31 946
31 26 946
26 36 770
36 26 770
26 29 888
29 26 888
27 31 324
31 27 324
27 30 895
30 27 895
27 31 594
31 27 594
27 35 906
35 27 906
27 30 123
30 27 123
27 37 814
37 27 814
27 32 751
32 27 751
27 31 519
31 27 519
27 34 756
34 27 756
28 33 108
33 28 108
28 36 341
36 28 341
28 34 17
34 28 17
28 32 166
32 28 166
28 35 462
35 28 462
28 30 948
30 28 948
28 33 435
33 28 435
28 34 982
34 28 982
29 34 179
34 29 179
29 36 318
36 29 318
29 30 805
30 29 805
29 33 519
33 29 519
29 33 120
33 29 120
29 37 987
37 29 987
30 35 624
35 30 624
30 32 129
32 30 129
30 36 889
36 30 889
30 32 958
32 30 958
30 33 990
33 30 990
30 31 681
31 30 681
30 37 285
37 30 285
30 33 831
33 30 831
31 35 747
35 31 747
31 35 992
35 31 992
31 36 116
36 31 116
31 32 43
32 31 43
32 32 44
32 32 44
32 36 425
36 32 425
32 33 572
33 32 572
32 32 756
32 32 756
32 34 816
34 32 816
32 36 404
36 32 404
32 33 9
33 32 9
32 35 874
35 32 874
33 36 681
36 33 681
33 34 117
34 33 117
33 33 14
33 33 14
33 36 927
36 33 927
33 35 381
35 33 381
34 36 410
36 34 410
34 37 510
37 34 510
34 34 325
34 34 325
34 36 778
36 34 778
35 35 399
35 35 399
35 36 612
36 35 612
35 35 115
35 35 115
35 35 235
35 35 235
