69

0 1 241
1 0 241
0 2 415
2 0 415
0 3 115
3 0 115
0 8 382
8 0 382
0 15 310
15 0 310
0 65 648
65 0 648
0 2 397
2 0 397
0 34 842
34 0 842
1 6 18
6 1 18
1 13 728
13 1 728
1 22 49
22 1 49
1 39 775
39 1 775
1 33 768
33 1 768
1 63 755
63 1 755
1 36 990
36 1 990
2 4 656
4 2 656
2 24 344
24 2 344
2 49 98
49 2 98
2 47 138
47 2 138
3 18 962
18 3 962
3 19 196
19 3 196
3 4 685
4 3 685
3 35 958
35 3 958
4 5 861
5 4 861
4 7 164
7 4 164
4 35 447
35 4 447
4 45 493
45 4 493
4 47 7
47 4 7
4 7 902
7 4 902
4 57 377
57 4 377
5 61 136
61 5 136
5 30 984
30 5 984
5 51 79
51 5 79
6 11 169
11 6 169
6 38 234
38 6 234
6 36 17
36 6 17
6 13 86
13 6 86
7 9 296
9 7 296
7 10 765
10 7 765
7 51 29
51 7 29
7 28 159
28 7 159
7 61 949
61 7 949
7 46 813
46 7 813
7 52 597
52 7 597
7 66 972
66 7 972
8 21 498
21 8 498
8 27 76
27 8 76
9 20 8
20 9 8
9 59 788
59 9 788
9 16 909
16 9 909
10 21 75
21 10 75
11 12 200
12 11 200
11 14 402
14 11 402
11 42 18
42 11 18
11 24 860
24 11 860
12 16 328
16 12 328
12 61 824
61 12 824
12 29 384
29 12 384
13 31 472
31 13 472
13 47 410
47 13 410
14 26 357
26 14 357
14 65 358
65 14 358
14 20 44
20 14 44
15 36 46
36 15 46
15 56 486
56 15 486
15 59 135
59 15 135
15 29 786
29 15 786
15 65 906
65 15 906
16 17 308
17 16 308
17 23 808
23 17 808
17 28 28
28 17 28
17 33 860
33 17 860
17 45 16
45 17 16
17 28 441
28 17 441
18 44 361
44 18 361
18 62 720
62 18 720
18 58 598
58 18 598
19 55 781
55 19 781
19 59 601
59 19 601
19 52 174
52 19 174
19 38 924
38 19 924
19 43 175
43 19 175
19 39 279
39 19 279
20 32 624
32 20 624
20 40 11
40 20 11
20 30 194
30 20 194
20 65 566
65 20 566
21 37 333
37 21 333
21 48 912
48 21 912
21 25 231
25 21 231
21 22 310
22 21 310
22 65 614
65 22 614
22 35 203
35 22 203
22 31 751
31 22 751
23 43 814
43 23 814
23 29 152
29 23 152
23 41 306
41 23 306
23 39 70
39 23 70
24 25 864
25 24 864
24 29 420
29 24 420
24 34 529
34 24 529
24 50 919
50 24 919
25 56 785
56 25 785
25 66 563
66 25 563
27 57 322
57 27 322
27 41 817
41 27 817
27 54 176
54 27 176
28 66 506
66 28 506
28 35 805
35 28 805
29 30 995
30 29 995
30 53 63
53 30 63
30 44 36
44 30 36
30 36 285
36 30 285
30 31 916
31 30 916
30 38 412
38 30 412
31 61 691
61 31 691
31 60 710
60 31 710
33 63 665
63 33 665
34 65 464
65 34 464
35 46 652
46 35 652
35 45 555
45 35 555
35 64 444
64 35 444
36 43 271
43 36 271
37 54 372
54 37 372
37 55 316
55 37 316
38 58 950
58 38 950
39 50 625
50 39 625
39 44 631
44 39 631
39 59 432
59 39 432
39 57 582
57 39 582
39 51 831
51 39 831
40 41 581
41 40 581
41 54 7
54 41 7
42 44 776
44 42 776
42 49 985
49 42 985
43 67 570
67 43 570
43 59 887
59 43 887
44 55 231
55 44 231
45 52 742
52 45 742
45 68 158
68 45 158
46 60 321
60 46 321
46 64 760
64 46 760
48 54 962
54 48 962
49 66 265
66 49 265
49 55 202
55 49 202
50 63 806
63 50 806
53 68 350
68 53 350
54 59 786
59 54 786
54 64 207
64 54 207
57 64 325
64 57 325
58 62 974
62 58 974
58 63 186
63 58 186
59 67 617
67 59 617
61 67 203
67 61 203
65 67 834
67 65 834
65 65 551
65 65 551
65 67 73
67 65 73
