56

0 1 16
1 0 16
0 7 255
7 0 255
0 8 8
8 0 8
0 14 64
14 0 64
0 18 633
18 0 633
0 7 53
7 0 53
0 8 427
8 0 427
0 22 587
22 0 587
0 34 814
34 0 814
0 44 963
44 0 963
0 51 498
51 0 498
0 54 191
54 0 191
0 4 201
4 0 201
0 55 373
55 0 373
0 20 492
20 0 492
0 49 864
49 0 864
0 54 307
54 0 307
0 9 681
9 0 681
0 51 558
51 0 558
1 2 132
2 1 132
1 3 87
3 1 87
1 6 139
6 1 139
1 11 676
11 1 676
1 16 170
16 1 170
1 30 265
30 1 265
1 38 501
38 1 501
1 51 305
51 1 305
1 44 956
44 1 956
1 35 122
35 1 122
1 30 650
30 1 650
1 2 861
2 1 861
1 45 762
45 1 762
1 27 602
27 1 602
1 6 172
6 1 172
1 31 721
31 1 721
1 30 635
30 1 635
2 5 713
5 2 713
2 13 36
13 2 36
2 26 565
26 2 565
2 37 63
37 2 63
2 47 794
47 2 794
2 38 841
38 2 841
2 54 41
54 2 41
2 27 570
27 2 570
2 40 803
40 2 803
2 5 307
5 2 307
3 4 688
4 3 688
3 19 567
19 3 567
3 31 481
31 3 481
3 4 378
4 3 378
3 4 707
4 3 707
3 33 106
33 3 106
3 17 938
17 3 938
3 24 631
24 3 631
3 38 753
38 3 753
3 30 2
30 3 2
3 7 489
7 3 489
3 17 813
17 3 813
3 26 325
26 3 325
3 16 378
16 3 378
3 28 201
28 3 201
4 18 207
18 4 207
4 32 871
32 4 871
4 25 11
25 4 11
4 45 140
45 4 140
4 5 489
5 4 489
4 39 298
39 4 298
4 35 604
35 4 604
4 9 877
9 4 877
5 15 237
15 5 237
5 22 627
22 5 627
5 12 24
12 5 24
5 16 891
16 5 891
5 28 970
28 5 970
5 8 921
8 5 921
5 47 732
47 5 732
5 40 723
40 5 723
5 47 734
47 5 734
5 20 948
20 5 948
5 40 390
40 5 390
5 36 251
36 5 251
6 12 205
12 6 205
6 14 686
14 6 686
6 36 96
36 6 96
6 25 448
25 6 448
6 28 443
28 6 443
6 26 563
26 6 563
6 54 676
54 6 676
6 54 652
54 6 652
6 28 226
28 6 226
6 38 110
38 6 110
6 38 232
38 6 232
7 27 810
27 7 810
7 18 140
18 7 140
7 45 254
45 7 254
7 9 24
9 7 24
7 21 656
21 7 656
7 13 686
13 7 686
7 29 556
29 7 556
7 47 876
47 7 876
8 9 695
9 8 695
8 10 769
10 8 769
8 21 722
21 8 722
8 36 766
36 8 766
8 48 870
48 8 870
8 14 160
14 8 160
8 18 329
18 8 329
8 54 320
54 8 320
8 27 61
27 8 61
8 40 708
40 8 708
8 45 90
45 8 90
9 47 340
47 9 340
9 50 372
50 9 372
9 29 76
29 9 76
9 14 357
14 9 357
9 50 787
50 9 787
9 54 330
54 9 330
9 37 815
37 9 815
9 12 181
12 9 181
10 46 625
46 10 625
10 19 892
19 10 892
10 27 660
27 10 660
10 52 375
52 10 375
10 55 161
55 10 161
10 39 325
39 10 325
10 26 32
26 10 32
10 38 889
38 10 889
11 17 261
17 11 261
11 20 650
20 11 650
11 15 751
15 11 751
11 48 699
48 11 699
11 55 366
55 11 366
11 19 505
19 11 505
11 54 593
54 11 593
11 40 841
40 11 841
11 48 260
48 11 260
11 17 125
17 11 125
11 12 41
12 11 41
11 46 366
46 11 366
11 28 382
28 11 382
11 36 575
36 11 575
12 55 323
55 12 323
12 42 84
42 12 84
12 22 267
22 12 267
12 54 406
54 12 406
12 37 649
37 12 649
12 55 891
55 12 891
12 37 992
37 12 992
12 24 972
24 12 972
12 25 648
25 12 648
12 14 879
14 12 879
12 54 575
54 12 575
13 22 42
22 13 42
13 28 903
28 13 903
13 30 70
30 13 70
13 53 509
53 13 509
13 27 806
27 13 806
13 19 715
19 13 715
13 55 456
55 13 456
13 36 448
36 13 448
13 33 472
33 13 472
14 42 535
42 14 535
14 32 343
32 14 343
14 27 372
27 14 372
14 45 852
45 14 852
14 33 133
33 14 133
14 23 294
23 14 294
14 15 206
15 14 206
14 24 44
24 14 44
14 44 306
44 14 306
15 33 723
33 15 723
15 45 197
45 15 197
15 22 921
22 15 921
15 19 885
19 15 885
15 17 461
17 15 461
15 28 830
28 15 830
15 51 831
51 15 831
15 52 934
52 15 934
16 25 422
25 16 422
16 27 180
27 16 180
16 35 975
35 16 975
16 30 84
30 16 84
16 37 848
37 16 848
16 36 30
36 16 30
16 38 53
38 16 53
16 53 719
53 16 719
16 22 733
22 16 733
16 36 310
36 16 310
16 25 824
25 16 824
16 38 722
38 16 722
16 40 178
40 16 178
16 45 118
45 16 118
17 53 481
53 17 481
17 37 113
37 17 113
17 30 326
30 17 326
17 29 790
29 17 790
17 31 872
31 17 872
17 33 516
33 17 516
18 23 430
23 18 430
18 47 199
47 18 199
18 54 976
54 18 976
18 44 677
44 18 677
18 24 508
24 18 508
18 26 912
26 18 912
18 35 215
35 18 215
18 42 926
42 18 926
19 50 820
50 19 820
19 46 321
46 19 321
19 20 463
20 19 463
19 25 43
25 19 43
19 50 430
50 19 430
19 42 620
42 19 620
20 45 512
45 20 512
20 27 611
27 20 611
20 37 395
37 20 395
20 27 142
27 20 142
20 54 510
54 20 510
20 49 106
49 20 106
20 20 675
20 20 675
21 46 136
46 21 136
21 45 939
45 21 939
21 43 313
43 21 313
21 37 974
37 21 974
21 35 377
35 21 377
21 35 84
35 21 84
21 30 99
30 21 99
21 50 311
50 21 311
22 24 413
24 22 413
22 35 545
35 22 545
22 34 805
34 22 805
22 52 218
52 22 218
22 45 948
45 22 948
22 47 253
47 22 253
22 44 934
44 22 934
22 44 108
44 22 108
22 52 820
52 22 820
22 54 215
54 22 215
23 50 324
50 23 324
23 52 206
52 23 206
23 24 777
24 23 777
23 51 29
51 23 29
23 48 151
48 23 151
23 38 938
38 23 938
23 40 282
40 23 282
23 41 377
41 23 377
23 45 398
45 23 398
23 38 821
38 23 821
23 42 473
42 23 473
23 33 62
33 23 62
24 29 34
29 24 34
24 32 694
32 24 694
24 35 650
35 24 650
24 48 105
48 24 105
24 52 962
52 24 962
24 37 353
37 24 353
24 39 262
39 24 262
24 32 238
32 24 238
24 45 915
45 24 915
24 24 341
24 24 341
24 40 581
40 24 581
24 45 594
45 24 594
25 28 639
28 25 639
25 54 517
54 25 517
25 39 481
39 25 481
25 41 871
41 25 871
25 30 11
30 25 11
25 36 938
36 25 938
25 29 751
29 25 751
25 47 45
47 25 45
25 45 297
45 25 297
26 34 929
34 26 929
26 51 124
51 26 124
26 40 16
40 26 16
26 45 507
45 26 507
26 55 250
55 26 250
26 34 719
34 26 719
26 33 388
33 26 388
27 51 318
51 27 318
27 29 485
29 27 485
27 49 311
49 27 311
27 35 294
35 27 294
27 40 831
40 27 831
27 42 390
42 27 390
28 48 924
48 28 924
28 37 990
37 28 990
28 31 977
31 28 977
28 33 564
33 28 564
28 54 369
54 28 369
28 33 906
33 28 906
28 34 366
34 28 366
28 50 343
50 28 343
29 52 532
52 29 532
29 49 652
49 29 652
30 39 760
39 30 760
30 41 692
41 30 692
30 49 819
49 30 819
30 36 497
36 30 497
30 37 400
37 30 400
31 40 337
40 31 337
31 55 264
55 31 264
31 53 822
53 31 822
31 32 393
32 31 393
31 34 548
34 31 548
32 44 480
44 32 480
32 39 408
39 32 408
32 36 971
36 32 971
32 42 134
42 32 134
32 43 781
43 32 781
32 46 963
46 32 963
32 34 429
34 32 429
32 47 41
47 32 41
33 38 577
38 33 577
33 48 740
48 33 740
33 36 994
36 33 994
33 51 244
51 33 244
33 44 435
44 33 435
33 36 936
36 33 936
34 43 449
43 34 449
34 42 966
42 34 966
34 48 935
48 34 935
35 44 621
44 35 621
35 50 260
50 35 260
36 42 689
42 36 689
36 36 514
36 36 514
36 46 24
46 36 24
37 48 827
48 37 827
37 52 248
52 37 248
38 51 924
51 38 924
38 41 225
41 38 225
38 39 262
39 38 262
38 47 979
47 38 979
38 42 451
42 38 451
38 47 856
47 38 856
38 53 235
53 38 235
39 43 747
43 39 747
39 40 460
40 39 460
40 44 418
44 40 418
41 52 248
52 41 248
41 53 376
53 41 376
41 54 839
54 41 839
41 47 389
47 41 389
41 52 590
52 41 590
42 49 186
49 42 186
42 43 391
43 42 391
42 55 194
55 42 194
43 47 671
47 43 671
43 52 644
52 43 644
43 54 831
54 43 831
43 48 682
48 43 682
44 48 947
48 44 947
44 52 860
52 44 860
44 53 749
53 44 749
45 55 908
55 45 908
45 53 981
53 45 981
45 47 266
47 45 266
47 55 689
55 47 689
47 54 478
54 47 478
48 54 11
54 48 11
50 55 426
55 50 426
50 55 344
55 50 344
50 54 540
54 50 540
50 53 660
53 50 660
51 55 901
55 51 901
54 55 895
55 54 895
