95

0 1 323
1 0 323
0 2 996
2 0 996
0 56 174
56 0 174
0 74 672
74 0 672
0 42 453
42 0 453
0 80 346
80 0 346
0 76 773
76 0 773
0 93 570
93 0 570
0 14 341
14 0 341
0 82 832
82 0 832
0 14 594
14 0 594
0 7 111
7 0 111
0 20 508
20 0 508
0 63 345
63 0 345
0 26 633
26 0 633
0 78 294
78 0 294
0 64 480
64 0 480
0 67 991
67 0 991
1 7 707
7 1 707
1 11 771
11 1 771
1 42 146
42 1 146
1 5 783
5 1 783
1 3 899
3 1 899
1 24 540
24 1 540
1 55 519
55 1 519
1 63 628
63 1 628
1 43 717
43 1 717
1 85 310
85 1 310
1 23 96
23 1 96
1 39 568
39 1 568
1 16 257
16 1 257
1 65 138
65 1 138
1 31 263
31 1 263
1 23 775
23 1 775
1 55 543
55 1 543
1 85 419
85 1 419
1 3 281
3 1 281
1 83 903
83 1 903
1 55 636
55 1 636
1 58 756
58 1 756
2 3 578
3 2 578
2 5 643
5 2 643
2 6 167
6 2 167
2 54 430
54 2 430
2 29 425
29 2 425
2 35 527
35 2 527
2 79 743
79 2 743
2 33 86
33 2 86
2 83 848
83 2 848
2 11 216
11 2 216
2 89 227
89 2 227
2 22 338
22 2 338
2 7 772
7 2 772
3 4 278
4 3 278
3 8 509
8 3 509
3 13 289
13 3 289
3 21 343
21 3 343
3 64 344
64 3 344
3 76 199
76 3 199
3 7 922
7 3 922
3 31 841
31 3 841
3 46 457
46 3 457
3 61 919
61 3 919
3 44 255
44 3 255
3 94 860
94 3 860
3 5 126
5 3 126
3 29 14
29 3 14
3 25 880
25 3 880
3 63 572
63 3 572
3 30 465
30 3 465
4 10 816
10 4 816
4 30 958
30 4 958
4 75 725
75 4 725
4 55 361
55 4 361
4 54 590
54 4 590
4 70 499
70 4 499
4 44 150
44 4 150
4 92 598
92 4 598
4 40 869
40 4 869
4 85 341
85 4 341
4 48 628
48 4 628
4 11 195
11 4 195
4 15 930
15 4 930
4 60 677
60 4 677
4 83 364
83 4 364
4 45 895
45 4 895
4 91 81
91 4 81
4 56 773
56 4 773
4 81 382
81 4 382
4 91 149
91 4 149
5 17 767
17 5 767
5 19 961
19 5 961
5 86 962
86 5 962
5 82 357
82 5 357
5 52 105
52 5 105
5 52 390
52 5 390
5 36 589
36 5 589
5 69 915
69 5 915
5 48 344
48 5 344
5 37 220
37 5 220
5 16 180
16 5 180
5 6 819
6 5 819
5 26 167
26 5 167
5 29 647
29 5 647
5 91 760
91 5 760
5 34 918
34 5 918
5 93 903
93 5 903
5 27 682
27 5 682
5 27 466
27 5 466
5 79 501
79 5 501
5 22 669
22 5 669
5 52 319
52 5 319
5 84 986
84 5 986
5 73 196
73 5 196
6 16 773
16 6 773
6 43 633
43 6 633
6 44 395
44 6 395
6 61 982
61 6 982
6 89 591
89 6 591
6 56 399
56 6 399
6 84 778
84 6 778
6 83 450
83 6 450
6 40 140
40 6 140
6 58 607
58 6 607
6 54 928
54 6 928
6 22 513
22 6 513
6 93 792
93 6 792
6 50 17
50 6 17
6 29 61
29 6 61
6 15 978
15 6 978
6 78 378
78 6 378
7 40 92
40 7 92
7 59 578
59 7 578
7 20 3
20 7 3
7 28 934
28 7 934
7 60 263
60 7 263
7 35 349
35 7 349
7 10 682
10 7 682
7 59 754
59 7 754
7 58 975
58 7 975
7 61 829
61 7 829
8 9 520
9 8 520
8 20 152
20 8 152
8 55 742
55 8 742
8 71 343
71 8 343
8 42 531
42 8 531
8 85 214
85 8 214
8 70 960
70 8 960
8 82 848
82 8 848
8 34 532
34 8 532
8 23 367
23 8 367
8 54 73
54 8 73
8 12 417
12 8 417
8 29 848
29 8 848
8 27 962
27 8 962
8 65 751
65 8 751
8 13 296
13 8 296
8 9 316
9 8 316
8 21 751
21 8 751
8 35 634
35 8 634
9 12 310
12 9 310
9 40 649
40 9 649
9 50 896
50 9 896
9 47 307
47 9 307
9 67 444
67 9 444
9 60 404
60 9 404
9 35 916
35 9 916
9 71 162
71 9 162
9 10 632
10 9 632
9 19 996
19 9 996
9 38 733
38 9 733
9 22 591
22 9 591
9 62 427
62 9 427
10 15 180
15 10 180
10 70 735
70 10 735
10 79 782
79 10 782
10 11 102
11 10 102
10 72 934
72 10 934
10 20 960
20 10 960
10 61 649
61 10 649
10 65 581
65 10 581
10 59 582
59 10 582
10 75 399
75 10 399
10 52 868
52 10 868
10 93 550
93 10 550
10 22 326
22 10 326
10 60 900
60 10 900
10 46 333
46 10 333
10 68 942
68 10 942
10 43 354
43 10 354
10 68 407
68 10 407
10 77 921
77 10 921
10 24 804
24 10 804
10 60 940
60 10 940
10 61 295
61 10 295
10 69 675
69 10 675
10 91 601
91 10 601
10 17 364
17 10 364
10 92 121
92 10 121
10 17 266
17 10 266
10 19 905
19 10 905
11 35 871
35 11 871
11 79 628
79 11 628
11 25 864
25 11 864
11 17 435
17 11 435
11 34 445
34 11 445
11 27 804
27 11 804
11 90 651
90 11 651
11 79 93
79 11 93
11 34 689
34 11 689
11 56 552
56 11 552
11 81 594
81 11 594
11 61 120
61 11 120
11 82 499
82 11 499
11 46 602
46 11 602
11 27 475
27 11 475
12 40 843
40 12 843
12 65 187
65 12 187
12 80 860
80 12 860
12 24 884
24 12 884
12 24 543
24 12 543
12 29 435
29 12 435
12 25 127
25 12 127
12 51 487
51 12 487
12 26 770
26 12 770
12 38 570
38 12 570
12 33 494
33 12 494
12 71 318
71 12 318
12 64 124
64 12 124
12 62 887
62 12 887
12 24 934
24 12 934
12 16 439
16 12 439
12 69 134
69 12 134
12 62 726
62 12 726
13 14 223
14 13 223
13 18 60
18 13 60
13 31 621
31 13 621
13 37 783
37 13 783
13 87 544
87 13 544
13 94 870
94 13 870
13 21 552
21 13 552
13 27 620
27 13 620
13 25 504
25 13 504
13 49 140
49 13 140
13 43 431
43 13 431
13 17 621
17 13 621
13 64 369
64 13 369
13 59 122
59 13 122
13 28 273
28 13 273
13 22 820
22 13 820
14 38 357
38 14 357
14 69 186
69 14 186
14 69 539
69 14 539
14 90 50
90 14 50
14 69 518
69 14 518
14 87 706
87 14 706
14 84 423
84 14 423
14 62 849
62 14 849
14 48 236
48 14 236
14 18 276
18 14 276
14 36 55
36 14 55
14 21 305
21 14 305
15 23 220
23 15 220
15 28 955
28 15 955
15 88 77
88 15 77
15 91 779
91 15 779
15 24 8
24 15 8
15 65 766
65 15 766
15 78 450
78 15 450
15 24 185
24 15 185
15 52 491
52 15 491
15 85 581
85 15 581
15 92 143
92 15 143
15 26 406
26 15 406
15 46 183
46 15 183
15 31 324
31 15 324
15 93 499
93 15 499
15 48 531
48 15 531
16 27 149
27 16 149
16 34 293
34 16 293
16 83 359
83 16 359
16 75 766
75 16 766
16 71 463
71 16 463
16 29 550
29 16 550
16 41 741
41 16 741
16 61 913
61 16 913
16 49 411
49 16 411
16 43 595
43 16 595
16 16 62
16 16 62
16 28 170
28 16 170
16 24 692
24 16 692
16 68 747
68 16 747
16 52 692
52 16 692
16 85 482
85 16 482
16 94 568
94 16 568
16 19 837
19 16 837
17 25 16
25 17 16
17 29 432
29 17 432
17 47 28
47 17 28
17 67 25
67 17 25
17 79 236
79 17 236
17 32 79
32 17 79
17 28 129
28 17 129
17 85 918
85 17 918
17 89 772
89 17 772
17 33 10
33 17 10
17 72 318
72 17 318
17 39 873
39 17 873
17 21 344
21 17 344
17 34 866
34 17 866
17 58 102
58 17 102
17 46 585
46 17 585
17 63 901
63 17 901
17 18 586
18 17 586
18 26 332
26 18 332
18 60 529
60 18 529
18 24 893
24 18 893
18 74 181
74 18 181
18 45 230
45 18 230
18 51 470
51 18 470
18 76 497
76 18 497
18 28 827
28 18 827
18 83 725
83 18 725
18 26 652
26 18 652
18 62 902
62 18 902
18 26 936
26 18 936
18 52 631
52 18 631
18 36 631
36 18 631
18 57 211
57 18 211
19 22 67
22 19 67
19 45 241
45 19 241
19 57 719
57 19 719
19 43 695
43 19 695
19 55 541
55 19 541
19 78 814
78 19 814
19 56 604
56 19 604
19 80 538
80 19 538
19 74 562
74 19 562
19 88 520
88 19 520
19 69 52
69 19 52
19 76 49
76 19 49
19 87 735
87 19 735
19 91 480
91 19 480
20 36 665
36 20 665
20 49 623
49 20 623
20 90 892
90 20 892
20 66 310
66 20 310
20 57 820
57 20 820
20 42 589
42 20 589
20 63 976
63 20 976
20 91 656
91 20 656
20 40 212
40 20 212
21 24 588
24 21 588
21 29 938
29 21 938
21 47 107
47 21 107
21 22 312
22 21 312
21 66 612
66 21 612
21 63 950
63 21 950
21 73 508
73 21 508
21 87 376
87 21 376
21 85 55
85 21 55
21 84 281
84 21 281
21 65 870
65 21 870
21 23 448
23 21 448
21 24 211
24 21 211
22 33 457
33 22 457
22 58 268
58 22 268
22 30 818
30 22 818
22 60 502
60 22 502
22 25 572
25 22 572
22 38 603
38 22 603
22 56 745
56 22 745
22 94 827
94 22 827
22 36 708
36 22 708
22 47 732
47 22 732
22 63 546
63 22 546
22 91 841
91 22 841
22 86 752
86 22 752
22 29 988
29 22 988
22 69 844
69 22 844
22 78 42
78 22 42
22 36 33
36 22 33
22 68 964
68 22 964
22 49 632
49 22 632
22 92 9
92 22 9
22 90 218
90 22 218
22 77 240
77 22 240
22 77 832
77 22 832
22 86 799
86 22 799
22 29 762
29 22 762
22 55 140
55 22 140
22 90 24
90 22 24
22 35 614
35 22 614
23 78 202
78 23 202
23 77 14
77 23 14
23 91 105
91 23 105
23 51 349
51 23 349
23 29 85
29 23 85
23 81 523
81 23 523
23 93 875
93 23 875
23 90 956
90 23 956
23 32 743
32 23 743
23 94 748
94 23 748
23 89 278
89 23 278
23 53 637
53 23 637
23 58 950
58 23 950
23 51 130
51 23 130
23 67 536
67 23 536
23 65 461
65 23 461
23 50 977
50 23 977
23 71 347
71 23 347
24 48 6
48 24 6
24 51 149
51 24 149
24 52 27
52 24 27
24 37 345
37 24 345
24 24 538
24 24 538
25 67 905
67 25 905
25 81 345
81 25 345
25 38 114
38 25 114
25 83 144
83 25 144
25 82 337
82 25 337
25 91 278
91 25 278
25 27 440
27 25 440
25 37 444
37 25 444
25 40 908
40 25 908
25 25 61
25 25 61
25 72 174
72 25 174
25 70 71
70 25 71
26 46 981
46 26 981
26 53 991
53 26 991
26 37 955
37 26 955
26 89 80
89 26 80
26 55 538
55 26 538
26 27 159
27 26 159
26 85 642
85 26 642
26 27 560
27 26 560
26 65 874
65 26 874
26 61 3
61 26 3
26 35 601
35 26 601
26 64 27
64 26 27
26 63 49
63 26 49
26 80 764
80 26 764
27 32 20
32 27 20
27 39 853
39 27 853
27 92 262
92 27 262
27 60 742
60 27 742
27 47 285
47 27 285
27 82 631
82 27 631
27 89 941
89 27 941
27 51 687
51 27 687
27 41 130
41 27 130
27 33 428
33 27 428
27 77 979
77 27 979
27 57 110
57 27 110
27 49 629
49 27 629
27 86 324
86 27 324
27 61 223
61 27 223
27 65 190
65 27 190
27 74 324
74 27 324
27 43 387
43 27 387
28 56 764
56 28 764
28 51 520
51 28 520
28 52 912
52 28 912
28 36 315
36 28 315
28 94 32
94 28 32
28 56 646
56 28 646
28 53 87
53 28 87
28 74 872
74 28 872
28 71 240
71 28 240
28 79 291
79 28 291
29 68 844
68 29 844
29 81 346
81 29 346
29 39 871
39 29 871
29 56 33
56 29 33
29 49 124
49 29 124
29 78 187
78 29 187
29 37 537
37 29 537
29 37 913
37 29 913
29 42 299
42 29 299
29 65 374
65 29 374
29 81 994
81 29 994
29 64 217
64 29 217
29 56 649
56 29 649
29 41 635
41 29 635
29 39 386
39 29 386
30 77 985
77 30 985
30 74 631
74 30 631
30 48 472
48 30 472
30 42 914
42 30 914
30 80 335
80 30 335
30 44 375
44 30 375
30 31 324
31 30 324
30 37 478
37 30 478
30 84 130
84 30 130
30 42 197
42 30 197
30 36 549
36 30 549
30 76 885
76 30 885
30 34 817
34 30 817
30 74 651
74 30 651
31 76 12
76 31 12
31 68 416
68 31 416
31 63 989
63 31 989
31 34 71
34 31 71
31 56 703
56 31 703
31 60 980
60 31 980
31 56 188
56 31 188
31 39 508
39 31 508
31 76 561
76 31 561
31 85 61
85 31 61
31 38 522
38 31 522
31 87 58
87 31 58
31 92 348
92 31 348
31 60 642
60 31 642
32 45 705
45 32 705
32 76 275
76 32 275
32 94 197
94 32 197
32 37 295
37 32 295
32 54 467
54 32 467
32 60 135
60 32 135
32 81 536
81 32 536
32 52 517
52 32 517
32 60 808
60 32 808
33 41 83
41 33 83
33 63 586
63 33 586
33 71 475
71 33 475
33 84 565
84 33 565
33 35 266
35 33 266
33 67 652
67 33 652
33 90 767
90 33 767
33 60 277
60 33 277
33 74 207
74 33 207
33 47 826
47 33 826
33 73 834
73 33 834
33 77 813
77 33 813
33 94 940
94 33 940
33 68 471
68 33 471
34 38 698
38 34 698
34 80 217
80 34 217
34 61 670
61 34 670
34 82 148
82 34 148
34 42 875
42 34 875
34 81 975
81 34 975
34 59 460
59 34 460
34 61 627
61 34 627
34 77 39
77 34 39
35 94 217
94 35 217
35 57 853
57 35 853
35 57 234
57 35 234
35 93 144
93 35 144
35 71 538
71 35 538
35 52 243
52 35 243
35 92 908
92 35 908
35 40 169
40 35 169
35 60 540
60 35 540
35 79 306
79 35 306
35 56 956
56 35 956
35 77 87
77 35 87
35 70 843
70 35 843
36 76 334
76 36 334
36 68 730
68 36 730
36 55 156
55 36 156
36 44 719
44 36 719
36 55 501
55 36 501
36 91 777
91 36 777
36 68 438
68 36 438
36 37 785
37 36 785
36 60 318
60 36 318
36 91 242
91 36 242
37 40 5
40 37 5
37 93 429
93 37 429
37 48 93
48 37 93
37 84 184
84 37 184
37 63 634
63 37 634
37 77 742
77 37 742
37 80 702
80 37 702
37 81 597
81 37 597
38 51 160
51 38 160
38 68 33
68 38 33
38 45 10
45 38 10
38 89 477
89 38 477
38 61 565
61 38 565
38 62 523
62 38 523
38 41 798
41 38 798
38 68 881
68 38 881
38 81 574
81 38 574
38 94 434
94 38 434
39 52 263
52 39 263
39 67 153
67 39 153
39 46 646
46 39 646
39 75 269
75 39 269
39 68 848
68 39 848
39 40 354
40 39 354
39 43 137
43 39 137
39 43 590
43 39 590
39 58 568
58 39 568
39 59 85
59 39 85
39 49 355
49 39 355
40 86 901
86 40 901
40 52 605
52 40 605
40 47 796
47 40 796
40 64 260
64 40 260
40 52 296
52 40 296
40 41 171
41 40 171
40 90 787
90 40 787
40 83 866
83 40 866
40 76 375
76 40 375
40 85 272
85 40 272
41 81 686
81 41 686
41 65 485
65 41 485
41 52 546
52 41 546
41 76 314
76 41 314
41 59 417
59 41 417
41 46 215
46 41 215
41 67 485
67 41 485
41 67 967
67 41 967
41 63 939
63 41 939
41 82 324
82 41 324
41 75 330
75 41 330
41 70 231
70 41 231
42 66 159
66 42 159
42 60 166
60 42 166
42 44 412
44 42 412
42 78 434
78 42 434
42 78 50
78 42 50
42 67 66
67 42 66
42 73 365
73 42 365
42 67 881
67 42 881
42 75 780
75 42 780
42 80 302
80 42 302
43 59 221
59 43 221
43 94 857
94 43 857
43 92 125
92 43 125
43 86 568
86 43 568
43 66 413
66 43 413
43 81 216
81 43 216
43 44 261
44 43 261
44 94 272
94 44 272
44 94 353
94 44 353
44 55 603
55 44 603
44 83 602
83 44 602
44 67 746
67 44 746
44 65 547
65 44 547
44 57 274
57 44 274
44 76 653
76 44 653
44 78 412
78 44 412
44 62 435
62 44 435
44 85 841
85 44 841
44 90 351
90 44 351
44 67 386
67 44 386
44 74 504
74 44 504
45 63 418
63 45 418
45 46 324
46 45 324
45 82 769
82 45 769
45 76 278
76 45 278
45 53 899
53 45 899
45 66 490
66 45 490
45 47 398
47 45 398
46 47 925
47 46 925
46 65 217
65 46 217
46 78 695
78 46 695
46 92 320
92 46 320
46 89 697
89 46 697
46 54 661
54 46 661
46 72 26
72 46 26
46 56 165
56 46 165
46 52 510
52 46 510
47 90 612
90 47 612
47 75 789
75 47 789
47 85 911
85 47 911
47 87 883
87 47 883
47 82 949
82 47 949
47 47 916
47 47 916
47 79 614
79 47 614
47 76 928
76 47 928
47 85 301
85 47 301
47 72 582
72 47 582
47 74 211
74 47 211
47 78 526
78 47 526
48 65 455
65 48 455
48 71 569
71 48 569
48 66 343
66 48 343
48 81 189
81 48 189
48 89 649
89 48 649
48 78 710
78 48 710
48 51 548
51 48 548
48 82 365
82 48 365
48 78 141
78 48 141
49 86 615
86 49 615
49 81 487
81 49 487
49 62 593
62 49 593
49 82 200
82 49 200
50 92 668
92 50 668
50 84 856
84 50 856
50 62 890
62 50 890
51 80 321
80 51 321
51 84 360
84 51 360
51 77 482
77 51 482
51 78 440
78 51 440
51 55 269
55 51 269
51 75 847
75 51 847
51 83 909
83 51 909
52 65 657
65 52 657
52 79 18
79 52 18
52 69 298
69 52 298
52 78 954
78 52 954
52 72 770
72 52 770
52 62 907
62 52 907
53 74 206
74 53 206
53 54 917
54 53 917
53 87 61
87 53 61
53 55 529
55 53 529
53 59 132
59 53 132
53 73 56
73 53 56
53 92 124
92 53 124
53 57 296
57 53 296
54 72 32
72 54 32
54 84 286
84 54 286
54 59 628
59 54 628
54 63 170
63 54 170
54 69 716
69 54 716
54 61 958
61 54 958
54 75 535
75 54 535
55 73 538
73 55 538
55 76 974
76 55 974
55 64 795
64 55 795
55 72 152
72 55 152
55 80 100
80 55 100
55 94 149
94 55 149
55 70 43
70 55 43
55 87 632
87 55 632
55 69 55
69 55 55
56 63 173
63 56 173
56 87 284
87 56 284
57 92 15
92 57 15
57 74 698
74 57 698
57 77 296
77 57 296
57 66 566
66 57 566
57 60 694
60 57 694
57 70 783
70 57 783
57 65 574
65 57 574
58 62 227
62 58 227
58 83 140
83 58 140
58 80 483
80 58 483
58 70 46
70 58 46
58 86 883
86 58 883
58 87 171
87 58 171
58 72 418
72 58 418
58 72 693
72 58 693
58 63 428
63 58 428
59 64 826
64 59 826
59 93 258
93 59 258
59 82 302
82 59 302
59 89 610
89 59 610
59 67 949
67 59 949
59 79 77
79 59 77
59 94 822
94 59 822
60 87 128
87 60 128
60 65 79
65 60 79
60 74 516
74 60 516
60 67 591
67 60 591
60 87 508
87 60 508
60 61 808
61 60 808
60 84 539
84 60 539
60 81 217
81 60 217
60 63 352
63 60 352
60 65 507
65 60 507
61 80 742
80 61 742
61 74 214
74 61 214
61 79 467
79 61 467
61 82 831
82 61 831
61 78 863
78 61 863
61 68 982
68 61 982
61 93 650
93 61 650
62 78 940
78 62 940
62 63 212
63 62 212
62 72 125
72 62 125
63 68 243
68 63 243
63 86 514
86 63 514
63 68 884
68 63 884
63 77 527
77 63 527
63 81 814
81 63 814
63 79 792
79 63 792
64 65 648
65 64 648
64 75 851
75 64 851
64 66 436
66 64 436
65 68 488
68 65 488
65 93 493
93 65 493
65 67 432
67 65 432
65 75 540
75 65 540
65 87 863
87 65 863
65 73 720
73 65 720
65 78 874
78 65 874
65 83 450
83 65 450
66 84 984
84 66 984
66 76 976
76 66 976
66 90 634
90 66 634
66 85 371
85 66 371
66 90 370
90 66 370
66 82 43
82 66 43
66 68 601
68 66 601
66 67 828
67 66 828
67 89 482
89 67 482
67 89 547
89 67 547
67 68 428
68 67 428
67 91 850
91 67 850
67 88 31
88 67 31
68 74 804
74 68 804
68 82 161
82 68 161
68 69 297
69 68 297
68 71 939
71 68 939
69 76 198
76 69 198
69 75 489
75 69 489
69 88 379
88 69 379
69 87 545
87 69 545
69 79 48
79 69 48
70 75 996
75 70 996
70 70 995
70 70 995
70 85 509
85 70 509
71 83 608
83 71 608
71 79 260
79 71 260
71 77 201
77 71 201
71 89 44
89 71 44
71 72 765
72 71 765
71 74 595
74 71 595
71 92 651
92 71 651
72 92 126
92 72 126
72 93 966
93 72 966
72 72 10
72 72 10
72 76 908
76 72 908
73 83 752
83 73 752
73 75 860
75 73 860
73 76 874
76 73 874
73 74 417
74 73 417
74 78 938
78 74 938
75 78 926
78 75 926
75 77 99
77 75 99
75 76 793
76 75 793
76 91 500
91 76 500
76 78 282
78 76 282
77 85 448
85 77 448
77 86 139
86 77 139
77 82 907
82 77 907
77 84 895
84 77 895
77 90 23
90 77 23
77 89 639
89 77 639
77 80 141
80 77 141
78 92 284
92 78 284
79 89 166
89 79 166
79 85 517
85 79 517
79 80 349
80 79 349
80 88 453
88 80 453
80 90 761
90 80 761
80 90 325
90 80 325
80 88 664
88 80 664
81 91 379
91 81 379
81 90 28
90 81 28
82 91 578
91 82 578
82 86 855
86 82 855
82 90 584
90 82 584
82 90 912
90 82 912
82 82 122
82 82 122
83 90 356
90 83 356
85 92 414
92 85 414
85 92 306
92 85 306
85 91 999
91 85 999
86 90 191
90 86 191
86 87 197
87 86 197
86 86 566
86 86 566
87 87 245
87 87 245
88 94 664
94 88 664
89 90 488
90 89 488
89 93 27
93 89 27
92 94 358
94 92 358
93 94 972
94 93 972
