100

0 1 283
1 0 283
0 3 869
3 0 869
0 13 564
13 0 564
0 88 333
88 0 333
1 2 463
2 1 463
1 4 528
4 1 528
1 12 828
12 1 828
1 24 472
24 1 472
2 5 978
5 2 978
2 6 563
6 2 563
2 7 382
7 2 382
2 11 293
11 2 293
2 28 423
28 2 423
2 32 693
32 2 693
2 69 414
69 2 414
2 81 835
81 2 835
2 92 381
92 2 381
3 10 521
10 3 521
3 13 160
13 3 160
3 57 281
57 3 281
3 88 701
88 3 701
3 39 228
39 3 228
4 9 528
9 4 528
4 22 933
22 4 933
4 63 259
63 4 259
5 41 132
41 5 132
6 8 356
8 6 356
6 21 903
21 6 903
6 52 8
52 6 8
6 61 527
61 6 527
7 43 545
43 7 545
7 71 233
71 7 233
7 40 551
40 7 551
8 29 616
29 8 616
8 54 835
54 8 835
8 13 73
13 8 73
9 27 334
27 9 334
9 59 421
59 9 421
10 14 649
14 10 649
10 18 578
18 10 578
10 34 330
34 10 330
11 47 61
47 11 61
11 76 386
76 11 386
12 25 249
25 12 249
13 15 678
15 13 678
13 33 987
33 13 987
13 40 331
40 13 331
13 58 811
58 13 811
13 64 36
64 13 36
14 17 779
17 14 779
14 60 254
60 14 254
14 21 75
21 14 75
14 21 84
21 14 84
15 16 355
16 15 355
15 20 961
20 15 961
15 35 583
35 15 583
15 84 936
84 15 936
15 78 936
78 15 936
16 19 980
19 16 980
16 63 281
63 16 281
18 86 257
86 18 257
18 22 849
22 18 849
19 23 596
23 19 596
19 48 403
48 19 403
19 29 327
29 19 327
20 97 101
97 20 101
21 34 741
34 21 741
21 64 771
64 21 771
22 30 20
30 22 20
22 31 482
31 22 482
22 51 817
51 22 817
22 38 29
38 22 29
23 26 762
26 23 762
23 38 387
38 23 387
23 44 977
44 23 977
24 56 756
56 24 756
24 71 355
71 24 355
25 67 177
67 25 177
26 70 85
70 26 85
26 93 37
93 26 37
26 40 858
40 26 858
27 64 977
64 27 977
27 97 609
97 27 609
28 92 605
92 28 605
29 46 674
46 29 674
29 80 988
80 29 988
30 36 75
36 30 75
30 60 416
60 30 416
30 75 208
75 30 208
30 87 116
87 30 116
30 34 693
34 30 693
31 41 994
41 31 994
31 89 642
89 31 642
32 62 737
62 32 737
33 39 10
39 33 10
33 47 319
47 33 319
34 48 782
48 34 782
34 71 573
71 34 573
34 90 859
90 34 859
35 44 661
44 35 661
35 53 470
53 35 470
35 82 640
82 35 640
35 99 415
99 35 415
36 37 956
37 36 956
36 42 891
42 36 891
36 72 899
72 36 899
36 40 253
40 36 253
37 49 826
49 37 826
37 99 500
99 37 500
38 39 928
39 38 928
39 55 667
55 39 667
39 85 457
85 39 457
40 98 513
98 40 513
42 45 93
45 42 93
42 85 261
85 42 261
42 87 529
87 42 529
43 61 193
61 43 193
44 66 216
66 44 216
44 83 213
83 44 213
44 80 534
80 44 534
45 96 309
96 45 309
45 83 120
83 45 120
46 76 931
76 46 931
46 94 890
94 46 890
47 77 826
77 47 826
49 50 78
50 49 78
49 59 193
59 49 193
49 70 817
70 49 817
49 67 874
67 49 874
50 94 756
94 50 756
51 80 338
80 51 338
51 63 769
63 51 769
53 84 322
84 53 322
56 57 28
57 56 28
58 74 569
74 58 569
58 83 230
83 58 230
59 68 187
68 59 187
59 73 813
73 59 813
60 65 590
65 60 590
62 90 583
90 62 583
62 74 94
74 62 94
62 87 643
87 62 643
64 87 539
87 64 539
64 78 183
78 64 183
65 78 519
78 65 519
66 78 657
78 66 657
68 96 575
96 68 575
70 79 126
79 70 126
71 79 22
79 71 22
71 88 950
88 71 950
77 89 308
89 77 308
78 95 539
95 78 539
80 86 23
86 80 23
85 94 592
94 85 592
89 93 926
93 89 926
90 91 70
91 90 70
