61

0 1 276
1 0 276
0 2 467
2 0 467
0 14 263
14 0 263
0 32 809
32 0 809
0 33 405
33 0 405
0 56 737
56 0 737
0 55 490
55 0 490
0 12 799
12 0 799
0 54 391
54 0 391
0 3 523
3 0 523
0 52 361
52 0 361
0 5 909
5 0 909
0 45 831
45 0 831
0 2 517
2 0 517
0 39 964
39 0 964
0 41 283
41 0 283
1 3 517
3 1 517
1 4 661
4 1 661
1 6 36
6 1 36
1 11 562
11 1 562
1 36 518
36 1 518
1 46 160
46 1 160
1 32 524
32 1 524
1 51 449
51 1 449
1 44 60
44 1 60
1 33 663
33 1 663
1 57 274
57 1 274
1 44 393
44 1 393
1 9 577
9 1 577
2 7 312
7 2 312
2 29 65
29 2 65
2 51 327
51 2 327
2 11 431
11 2 431
2 55 472
55 2 472
2 45 402
45 2 402
2 13 256
13 2 256
2 7 339
7 2 339
2 56 269
56 2 269
2 24 951
24 2 951
2 15 112
15 2 112
2 11 778
11 2 778
3 5 625
5 3 625
3 7 860
7 3 860
3 4 390
4 3 390
3 33 273
33 3 273
3 37 295
37 3 295
3 45 857
45 3 857
3 60 148
60 3 148
3 42 820
42 3 820
4 8 373
8 4 373
4 13 794
13 4 794
4 44 887
44 4 887
4 40 701
40 4 701
4 51 750
51 4 750
4 41 510
41 4 510
4 46 71
46 4 71
4 46 670
46 4 670
5 10 260
10 5 260
5 7 739
7 5 739
5 50 817
50 5 817
5 30 348
30 5 348
5 33 37
33 5 37
5 52 407
52 5 407
5 59 88
59 5 88
5 47 175
47 5 175
6 9 946
9 6 946
6 26 425
26 6 425
6 37 910
37 6 910
6 25 996
25 6 996
6 48 297
48 6 297
6 59 30
59 6 30
6 48 82
48 6 82
6 29 167
29 6 167
6 56 648
56 6 648
6 19 407
19 6 407
7 16 949
16 7 949
7 17 184
17 7 184
7 23 322
23 7 322
7 34 203
34 7 203
7 39 634
39 7 634
7 22 372
22 7 372
7 27 559
27 7 559
7 32 456
32 7 456
7 59 992
59 7 992
7 41 48
41 7 48
7 21 32
21 7 32
7 31 574
31 7 574
7 22 829
22 7 829
8 12 128
12 8 128
8 25 188
25 8 188
8 55 401
55 8 401
8 42 889
42 8 889
8 51 8
51 8 8
8 17 508
17 8 508
8 56 154
56 8 154
8 9 290
9 8 290
8 34 384
34 8 384
9 31 461
31 9 461
9 45 399
45 9 399
9 54 569
54 9 569
9 37 483
37 9 483
9 53 283
53 9 283
9 27 119
27 9 119
9 43 254
43 9 254
9 31 446
31 9 446
9 13 406
13 9 406
9 15 956
15 9 956
9 21 220
21 9 220
9 13 561
13 9 561
9 27 552
27 9 552
9 12 363
12 9 363
10 44 156
44 10 156
10 57 937
57 10 937
10 57 530
57 10 530
10 24 949
24 10 949
10 47 936
47 10 936
10 15 744
15 10 744
10 48 510
48 10 510
10 46 177
46 10 177
10 58 807
58 10 807
10 13 653
13 10 653
10 55 616
55 10 616
11 15 543
15 11 543
11 20 150
20 11 150
11 35 154
35 11 154
11 20 814
20 11 814
11 31 852
31 11 852
11 51 758
51 11 758
11 15 566
15 11 566
11 43 755
43 11 755
11 11 369
11 11 369
11 12 906
12 11 906
11 41 724
41 11 724
12 35 15
35 12 15
12 26 81
26 12 81
12 60 959
60 12 959
12 57 145
57 12 145
12 48 628
48 12 628
13 21 763
21 13 763
13 35 452
35 13 452
13 57 18
57 13 18
13 37 425
37 13 425
13 47 514
47 13 514
13 37 434
37 13 434
13 26 924
26 13 924
13 13 357
13 13 357
13 60 12
60 13 12
13 42 250
42 13 250
13 54 208
54 13 208
13 59 302
59 13 302
13 57 454
57 13 454
14 19 247
19 14 247
14 42 767
42 14 767
14 40 528
40 14 528
14 59 203
59 14 203
14 22 384
22 14 384
14 39 434
39 14 434
14 14 749
14 14 749
14 49 687
49 14 687
14 38 56
38 14 56
14 60 556
60 14 556
14 40 155
40 14 155
14 58 549
58 14 549
14 59 267
59 14 267
14 53 946
53 14 946
15 18 505
18 15 505
15 55 702
55 15 702
15 56 542
56 15 542
15 38 41
38 15 41
15 42 144
42 15 144
15 54 908
54 15 908
15 47 338
47 15 338
15 32 337
32 15 337
15 59 616
59 15 616
15 29 473
29 15 473
15 47 476
47 15 476
15 53 147
53 15 147
16 29 588
29 16 588
16 46 815
46 16 815
16 25 305
25 16 305
16 23 7
23 16 7
16 30 513
30 16 513
16 32 745
32 16 745
17 20 599
20 17 599
17 53 525
53 17 525
17 45 179
45 17 179
17 22 708
22 17 708
18 37 797
37 18 797
18 57 12
57 18 12
18 54 430
54 18 430
18 48 851
48 18 851
18 36 559
36 18 559
18 53 986
53 18 986
18 54 547
54 18 547
18 36 213
36 18 213
18 20 893
20 18 893
19 22 994
22 19 994
19 51 227
51 19 227
19 25 55
25 19 55
19 47 766
47 19 766
19 39 738
39 19 738
19 47 519
47 19 519
20 43 331
43 20 331
20 48 921
48 20 921
20 24 423
24 20 423
20 41 219
41 20 219
20 41 512
41 20 512
20 56 802
56 20 802
20 50 872
50 20 872
20 24 462
24 20 462
21 24 665
24 21 665
21 26 299
26 21 299
21 60 646
60 21 646
21 42 173
42 21 173
21 34 837
34 21 837
21 27 496
27 21 496
22 27 211
27 22 211
22 33 775
33 22 775
22 51 791
51 22 791
22 48 968
48 22 968
22 49 706
49 22 706
22 57 687
57 22 687
22 56 891
56 22 891
23 53 817
53 23 817
23 49 213
49 23 213
23 51 350
51 23 350
24 35 409
35 24 409
24 59 228
59 24 228
24 38 949
38 24 949
24 36 107
36 24 107
24 55 82
55 24 82
24 45 535
45 24 535
24 29 191
29 24 191
25 53 181
53 25 181
25 56 737
56 25 737
25 55 647
55 25 647
25 59 365
59 25 365
25 36 224
36 25 224
26 28 647
28 26 647
26 30 533
30 26 533
26 46 117
46 26 117
26 53 894
53 26 894
27 40 710
40 27 710
27 41 709
41 27 709
27 48 887
48 27 887
27 37 69
37 27 69
27 46 775
46 27 775
27 60 136
60 27 136
27 52 101
52 27 101
28 56 946
56 28 946
28 35 468
35 28 468
28 46 624
46 28 624
28 34 489
34 28 489
29 38 672
38 29 672
29 38 68
38 29 68
29 50 649
50 29 649
29 60 827
60 29 827
30 42 1000
42 30 1000
30 49 600
49 30 600
30 44 538
44 30 538
30 58 852
58 30 852
30 34 890
34 30 890
30 51 920
51 30 920
30 58 92
58 30 92
31 56 43
56 31 43
31 55 943
55 31 943
31 34 70
34 31 70
31 54 548
54 31 548
31 38 562
38 31 562
31 55 151
55 31 151
32 57 555
57 32 555
32 52 729
52 32 729
33 46 899
46 33 899
33 47 383
47 33 383
33 57 382
57 33 382
33 49 175
49 33 175
33 40 226
40 33 226
34 59 355
59 34 355
34 46 134
46 34 134
34 47 851
47 34 851
34 56 45
56 34 45
34 55 199
55 34 199
34 36 603
36 34 603
34 47 16
47 34 16
35 47 218
47 35 218
35 50 976
50 35 976
35 36 105
36 35 105
35 39 516
39 35 516
36 45 956
45 36 956
36 59 689
59 36 689
36 46 782
46 36 782
36 49 310
49 36 310
36 40 310
40 36 310
37 48 539
48 37 539
37 46 977
46 37 977
38 60 875
60 38 875
39 41 189
41 39 189
39 40 188
40 39 188
39 56 503
56 39 503
39 40 614
40 39 614
40 50 975
50 40 975
40 58 503
58 40 503
40 52 789
52 40 789
41 59 332
59 41 332
42 49 45
49 42 45
42 54 662
54 42 662
43 47 606
47 43 606
43 48 734
48 43 734
43 57 494
57 43 494
43 48 262
48 43 262
43 57 860
57 43 860
44 51 37
51 44 37
44 46 442
46 44 442
44 53 905
53 44 905
45 59 522
59 45 522
45 60 127
60 45 127
45 59 706
59 45 706
45 45 523
45 45 523
45 46 441
46 45 441
46 52 684
52 46 684
46 59 142
59 46 142
47 52 913
52 47 913
47 53 282
53 47 282
48 51 637
51 48 637
48 53 271
53 48 271
49 55 673
55 49 673
50 51 233
51 50 233
51 60 22
60 51 22
51 53 348
53 51 348
51 54 839
54 51 839
52 54 484
54 52 484
53 58 565
58 53 565
57 59 332
59 57 332
57 60 483
60 57 483
58 59 353
59 58 353
