29

0 1 732
1 0 732
0 9 528
9 0 528
0 10 781
10 0 781
0 15 338
15 0 338
0 12 660
12 0 660
0 18 313
18 0 313
0 25 826
25 0 826
0 8 758
8 0 758
0 25 887
25 0 887
0 21 23
21 0 23
0 9 672
9 0 672
0 14 598
14 0 598
1 2 83
2 1 83
1 8 447
8 1 447
1 10 498
10 1 498
1 2 548
2 1 548
1 10 302
10 1 302
1 23 452
23 1 452
1 3 935
3 1 935
1 23 417
23 1 417
1 2 835
2 1 835
1 25 247
25 1 247
2 3 96
3 2 96
2 6 745
6 2 745
2 7 707
7 2 707
2 26 892
26 2 892
2 10 736
10 2 736
2 20 751
20 2 751
2 18 844
18 2 844
2 16 685
16 2 685
2 27 808
27 2 808
2 18 177
18 2 177
2 25 638
25 2 638
2 10 429
10 2 429
3 4 248
4 3 248
3 5 893
5 3 893
3 16 853
16 3 853
3 26 429
26 3 429
3 5 752
5 3 752
3 26 891
26 3 891
3 20 412
20 3 412
3 5 145
5 3 145
3 10 483
10 3 483
3 27 621
27 3 621
3 5 133
5 3 133
3 4 197
4 3 197
4 8 297
8 4 297
4 12 688
12 4 688
4 25 20
25 4 20
4 13 54
13 4 54
4 24 790
24 4 790
4 6 808
6 4 808
5 15 619
15 5 619
5 24 799
24 5 799
5 18 113
18 5 113
6 20 524
20 6 524
6 26 506
26 6 506
6 9 620
9 6 620
6 23 935
23 6 935
6 25 841
25 6 841
6 26 312
26 6 312
6 23 761
23 6 761
6 9 321
9 6 321
7 14 852
14 7 852
7 26 126
26 7 126
7 14 376
14 7 376
7 20 374
20 7 374
7 21 188
21 7 188
7 8 636
8 7 636
7 28 861
28 7 861
8 11 170
11 8 170
8 8 152
8 8 152
8 28 935
28 8 935
8 20 253
20 8 253
8 12 361
12 8 361
8 14 820
14 8 820
8 10 525
10 8 525
8 26 449
26 8 449
8 10 125
10 8 125
9 23 208
23 9 208
9 25 560
25 9 560
9 11 58
11 9 58
9 25 619
25 9 619
9 18 493
18 9 493
9 13 724
13 9 724
9 16 521
16 9 521
10 13 423
13 10 423
10 18 680
18 10 680
10 21 763
21 10 763
10 19 925
19 10 925
10 25 898
25 10 898
10 16 16
16 10 16
10 13 69
13 10 69
10 21 783
21 10 783
11 19 207
19 11 207
11 22 456
22 11 456
11 15 34
15 11 34
11 26 456
26 11 456
11 12 753
12 11 753
11 21 145
21 11 145
11 21 680
21 11 680
12 24 690
24 12 690
12 18 337
18 12 337
12 27 451
27 12 451
12 25 313
25 12 313
12 18 940
18 12 940
12 16 951
16 12 951
13 24 112
24 13 112
13 25 995
25 13 995
13 26 610
26 13 610
13 18 405
18 13 405
13 16 942
16 13 942
13 28 119
28 13 119
14 17 76
17 14 76
14 18 153
18 14 153
14 19 936
19 14 936
14 23 551
23 14 551
14 15 411
15 14 411
15 19 549
19 15 549
15 19 117
19 15 117
15 28 977
28 15 977
15 26 316
26 15 316
15 22 816
22 15 816
16 23 431
23 16 431
16 17 988
17 16 988
16 25 852
25 16 852
16 23 227
23 16 227
17 28 835
28 17 835
17 19 459
19 17 459
17 27 284
27 17 284
17 22 147
22 17 147
18 28 895
28 18 895
18 28 627
28 18 627
18 24 540
24 18 540
18 27 223
27 18 223
19 21 26
21 19 26
19 19 745
19 19 745
19 22 878
22 19 878
20 23 124
23 20 124
20 26 89
26 20 89
20 27 3
27 20 3
20 26 687
26 20 687
21 23 281
23 21 281
22 27 254
27 22 254
23 23 341
23 23 341
23 28 856
28 23 856
23 23 930
23 23 930
23 24 844
24 23 844
23 24 814
24 23 814
24 27 920
27 24 920
24 25 715
25 24 715
24 24 624
24 24 624
24 27 1
27 24 1
25 27 558
27 25 558
25 27 613
27 25 613
