56

0 1 239
1 0 239
0 2 604
2 0 604
0 3 61
3 0 61
0 5 37
5 0 37
0 8 16
8 0 16
0 52 459
52 0 459
0 45 712
45 0 712
0 31 2
31 0 2
0 36 766
36 0 766
0 1 686
1 0 686
0 15 9
15 0 9
0 1 952
1 0 952
0 47 317
47 0 317
0 45 410
45 0 410
0 10 554
10 0 554
0 35 480
35 0 480
0 11 559
11 0 559
0 10 780
10 0 780
0 52 850
52 0 850
0 31 210
31 0 210
0 13 681
13 0 681
0 27 593
27 0 593
0 54 587
54 0 587
0 35 284
35 0 284
0 53 822
53 0 822
0 7 603
7 0 603
0 15 366
15 0 366
0 4 841
4 0 841
0 50 47
50 0 47
0 11 791
11 0 791
0 29 504
29 0 504
1 7 261
7 1 261
1 10 139
10 1 139
1 11 540
11 1 540
1 28 399
28 1 399
1 3 559
3 1 559
1 25 940
25 1 940
1 43 811
43 1 811
1 5 968
5 1 968
1 3 609
3 1 609
1 2 22
2 1 22
1 22 346
22 1 346
1 33 530
33 1 530
1 48 383
48 1 383
1 54 679
54 1 679
1 4 203
4 1 203
1 46 131
46 1 131
1 10 396
10 1 396
1 31 238
31 1 238
1 29 301
29 1 301
1 20 598
20 1 598
1 11 91
11 1 91
1 14 192
14 1 192
2 21 461
21 2 461
2 32 678
32 2 678
2 3 267
3 2 267
2 17 892
17 2 892
2 25 577
25 2 577
2 6 664
6 2 664
2 14 598
14 2 598
2 50 424
50 2 424
2 8 510
8 2 510
2 14 282
14 2 282
2 30 568
30 2 568
2 47 800
47 2 800
2 31 159
31 2 159
2 25 814
25 2 814
2 10 517
10 2 517
2 14 19
14 2 19
2 42 517
42 2 517
2 17 949
17 2 949
2 16 619
16 2 619
2 35 385
35 2 385
2 50 720
50 2 720
2 7 276
7 2 276
2 30 719
30 2 719
2 19 551
19 2 551
2 37 371
37 2 371
3 4 657
4 3 657
3 6 900
6 3 900
3 12 988
12 3 988
3 13 802
13 3 802
3 15 348
15 3 348
3 37 327
37 3 327
3 5 552
5 3 552
3 6 932
6 3 932
3 16 315
16 3 315
3 24 240
24 3 240
3 8 143
8 3 143
3 30 494
30 3 494
3 48 885
48 3 885
3 12 908
12 3 908
3 11 952
11 3 952
3 37 995
37 3 995
3 54 993
54 3 993
3 39 614
39 3 614
3 7 270
7 3 270
3 19 343
19 3 343
3 42 459
42 3 459
3 46 477
46 3 477
3 13 152
13 3 152
3 18 911
18 3 911
3 23 144
23 3 144
3 13 586
13 3 586
3 44 523
44 3 523
3 8 700
8 3 700
3 42 354
42 3 354
3 18 433
18 3 433
3 41 675
41 3 675
4 29 807
29 4 807
4 26 623
26 4 623
4 15 575
15 4 575
4 42 407
42 4 407
4 18 422
18 4 422
4 54 763
54 4 763
4 32 958
32 4 958
4 10 163
10 4 163
4 52 612
52 4 612
4 8 326
8 4 326
4 27 586
27 4 586
4 15 908
15 4 908
4 14 688
14 4 688
4 13 150
13 4 150
4 18 229
18 4 229
4 44 550
44 4 550
4 20 888
20 4 888
4 12 318
12 4 318
4 30 822
30 4 822
4 14 962
14 4 962
4 30 791
30 4 791
4 21 710
21 4 710
4 23 136
23 4 136
4 50 81
50 4 81
4 32 212
32 4 212
5 9 977
9 5 977
5 24 89
24 5 89
5 41 417
41 5 417
5 42 583
42 5 583
5 15 624
15 5 624
5 22 767
22 5 767
5 10 372
10 5 372
5 9 643
9 5 643
5 26 203
26 5 203
5 23 340
23 5 340
5 39 614
39 5 614
5 15 664
15 5 664
5 13 821
13 5 821
5 36 143
36 5 143
5 18 140
18 5 140
5 33 253
33 5 253
5 19 174
19 5 174
5 22 708
22 5 708
5 48 699
48 5 699
5 24 176
24 5 176
5 9 713
9 5 713
5 9 835
9 5 835
5 28 929
28 5 929
5 11 472
11 5 472
5 18 63
18 5 63
5 47 986
47 5 986
5 42 243
42 5 243
5 50 411
50 5 411
6 15 611
15 6 611
6 9 728
9 6 728
6 39 330
39 6 330
6 55 271
55 6 271
6 46 421
46 6 421
6 39 357
39 6 357
6 9 916
9 6 916
6 28 325
28 6 325
6 30 448
30 6 448
6 7 607
7 6 607
6 28 302
28 6 302
6 21 151
21 6 151
6 51 809
51 6 809
6 25 969
25 6 969
6 25 792
25 6 792
6 38 772
38 6 772
6 13 632
13 6 632
6 33 404
33 6 404
6 41 132
41 6 132
6 52 257
52 6 257
7 19 773
19 7 773
7 53 70
53 7 70
7 17 820
17 7 820
7 14 274
14 7 274
7 55 307
55 7 307
7 49 226
49 7 226
7 26 210
26 7 210
7 26 38
26 7 38
7 20 486
20 7 486
7 16 715
16 7 715
7 16 190
16 7 190
7 41 673
41 7 673
7 32 660
32 7 660
7 26 517
26 7 517
7 21 573
21 7 573
7 41 805
41 7 805
7 51 931
51 7 931
7 28 214
28 7 214
7 31 250
31 7 250
7 14 705
14 7 705
8 39 398
39 8 398
8 48 615
48 8 615
8 42 812
42 8 812
8 40 2
40 8 2
8 33 471
33 8 471
8 14 492
14 8 492
8 39 244
39 8 244
8 38 461
38 8 461
8 37 110
37 8 110
8 32 761
32 8 761
8 53 317
53 8 317
8 54 19
54 8 19
8 52 770
52 8 770
8 34 58
34 8 58
8 35 135
35 8 135
8 22 28
22 8 28
8 35 542
35 8 542
8 33 168
33 8 168
8 42 264
42 8 264
8 41 361
41 8 361
8 44 945
44 8 945
8 34 535
34 8 535
8 21 996
21 8 996
8 10 580
10 8 580
8 13 254
13 8 254
8 14 798
14 8 798
8 47 347
47 8 347
9 26 964
26 9 964
9 20 616
20 9 616
9 17 935
17 9 935
9 20 331
20 9 331
9 16 23
16 9 23
9 11 702
11 9 702
9 47 550
47 9 550
9 53 940
53 9 940
9 40 316
40 9 316
9 43 461
43 9 461
9 28 124
28 9 124
9 51 974
51 9 974
9 31 193
31 9 193
9 33 789
33 9 789
9 22 320
22 9 320
9 23 292
23 9 292
9 23 821
23 9 821
9 49 827
49 9 827
9 51 971
51 9 971
9 29 210
29 9 210
9 31 545
31 9 545
10 36 310
36 10 310
10 45 37
45 10 37
10 35 173
35 10 173
10 28 553
28 10 553
10 19 934
19 10 934
10 34 593
34 10 593
10 18 44
18 10 44
10 36 322
36 10 322
10 22 830
22 10 830
10 48 141
48 10 141
10 24 573
24 10 573
10 38 705
38 10 705
10 33 195
33 10 195
10 53 613
53 10 613
10 24 274
24 10 274
10 14 242
14 10 242
10 42 607
42 10 607
10 27 9
27 10 9
10 54 164
54 10 164
10 24 184
24 10 184
10 44 575
44 10 575
10 12 132
12 10 132
10 11 521
11 10 521
10 24 598
24 10 598
10 24 804
24 10 804
10 43 59
43 10 59
10 37 125
37 10 125
10 26 682
26 10 682
10 37 122
37 10 122
10 23 916
23 10 916
10 29 798
29 10 798
10 38 200
38 10 200
10 53 281
53 10 281
10 19 327
19 10 327
10 18 155
18 10 155
11 13 401
13 11 401
11 17 224
17 11 224
11 18 958
18 11 958
11 50 307
50 11 307
11 23 144
23 11 144
11 32 657
32 11 657
11 15 533
15 11 533
11 44 740
44 11 740
11 53 291
53 11 291
11 43 359
43 11 359
11 23 878
23 11 878
11 37 364
37 11 364
11 13 722
13 11 722
11 38 194
38 11 194
11 13 7
13 11 7
11 40 126
40 11 126
11 34 227
34 11 227
11 35 518
35 11 518
11 39 599
39 11 599
11 44 707
44 11 707
11 15 503
15 11 503
11 34 48
34 11 48
11 49 209
49 11 209
12 14 433
14 12 433
12 33 194
33 12 194
12 43 208
43 12 208
12 55 855
55 12 855
12 28 313
28 12 313
12 17 828
17 12 828
12 26 729
26 12 729
12 42 743
42 12 743
12 42 537
42 12 537
12 14 37
14 12 37
12 36 909
36 12 909
12 31 175
31 12 175
12 45 10
45 12 10
12 46 35
46 12 35
12 17 781
17 12 781
12 35 416
35 12 416
12 28 800
28 12 800
12 55 169
55 12 169
12 34 806
34 12 806
12 55 884
55 12 884
13 23 322
23 13 322
13 34 451
34 13 451
13 54 788
54 13 788
13 13 149
13 13 149
13 47 153
47 13 153
13 46 909
46 13 909
13 22 593
22 13 593
13 21 261
21 13 261
13 24 843
24 13 843
13 53 206
53 13 206
13 49 974
49 13 974
13 34 807
34 13 807
13 23 674
23 13 674
13 22 693
22 13 693
13 24 542
24 13 542
13 54 802
54 13 802
13 33 966
33 13 966
13 30 931
30 13 931
13 17 32
17 13 32
13 46 149
46 13 149
13 17 219
17 13 219
13 26 323
26 13 323
13 29 694
29 13 694
13 38 932
38 13 932
13 38 515
38 13 515
14 16 211
16 14 211
14 37 214
37 14 214
14 22 179
22 14 179
14 51 751
51 14 751
14 28 759
28 14 759
14 24 683
24 14 683
14 49 90
49 14 90
14 43 733
43 14 733
14 54 672
54 14 672
14 31 799
31 14 799
14 38 505
38 14 505
14 29 352
29 14 352
14 52 399
52 14 399
14 51 307
51 14 307
14 47 323
47 14 323
14 44 954
44 14 954
14 19 454
19 14 454
14 35 159
35 14 159
14 28 418
28 14 418
14 23 8
23 14 8
14 41 268
41 14 268
14 28 193
28 14 193
14 17 414
17 14 414
14 15 863
15 14 863
15 22 910
22 15 910
15 54 10
54 15 10
15 37 427
37 15 427
15 21 806
21 15 806
15 26 430
26 15 430
15 52 217
52 15 217
15 42 470
42 15 470
15 26 651
26 15 651
15 52 211
52 15 211
15 43 415
43 15 415
15 48 507
48 15 507
15 46 812
46 15 812
15 16 578
16 15 578
15 24 827
24 15 827
15 46 615
46 15 615
15 18 19
18 15 19
15 18 446
18 15 446
15 49 847
49 15 847
15 55 505
55 15 505
15 31 950
31 15 950
15 49 489
49 15 489
15 32 700
32 15 700
16 25 75
25 16 75
16 30 321
30 16 321
16 35 952
35 16 952
16 54 92
54 16 92
16 41 259
41 16 259
16 53 632
53 16 632
16 19 30
19 16 30
16 51 266
51 16 266
16 23 156
23 16 156
16 22 963
22 16 963
16 34 372
34 16 372
16 20 28
20 16 28
16 18 77
18 16 77
16 33 129
33 16 129
17 51 156
51 17 156
17 45 29
45 17 29
17 21 569
21 17 569
17 46 679
46 17 679
17 29 129
29 17 129
17 45 535
45 17 535
17 51 49
51 17 49
17 36 73
36 17 73
17 54 506
54 17 506
17 25 878
25 17 878
17 45 545
45 17 545
17 27 246
27 17 246
17 32 246
32 17 246
17 47 503
47 17 503
17 36 721
36 17 721
17 19 240
19 17 240
17 47 125
47 17 125
17 30 747
30 17 747
18 23 131
23 18 131
18 31 494
31 18 494
18 48 829
48 18 829
18 49 78
49 18 78
18 21 146
21 18 146
18 53 192
53 18 192
18 35 933
35 18 933
18 55 534
55 18 534
18 31 832
31 18 832
18 30 271
30 18 271
18 44 256
44 18 256
18 26 220
26 18 220
18 54 245
54 18 245
18 33 441
33 18 441
18 27 338
27 18 338
18 54 497
54 18 497
18 21 577
21 18 577
19 20 367
20 19 367
19 32 679
32 19 679
19 38 452
38 19 452
19 48 600
48 19 600
19 35 945
35 19 945
19 45 406
45 19 406
19 30 743
30 19 743
19 34 841
34 19 841
19 19 656
19 19 656
19 55 907
55 19 907
19 38 267
38 19 267
19 37 336
37 19 336
19 22 295
22 19 295
19 32 665
32 19 665
19 34 145
34 19 145
19 51 522
51 19 522
19 51 292
51 19 292
19 36 592
36 19 592
19 22 368
22 19 368
19 48 807
48 19 807
19 28 989
28 19 989
19 49 685
49 19 685
19 54 743
54 19 743
19 39 222
39 19 222
20 47 952
47 20 952
20 53 416
53 20 416
20 22 846
22 20 846
20 28 48
28 20 48
20 55 967
55 20 967
20 30 491
30 20 491
20 35 871
35 20 871
20 27 600
27 20 600
20 33 861
33 20 861
20 46 763
46 20 763
20 39 196
39 20 196
20 51 574
51 20 574
20 53 438
53 20 438
20 31 72
31 20 72
20 45 474
45 20 474
20 36 260
36 20 260
20 46 327
46 20 327
21 34 76
34 21 76
21 33 290
33 21 290
21 47 460
47 21 460
21 53 749
53 21 749
21 37 758
37 21 758
21 39 988
39 21 988
21 45 482
45 21 482
21 54 146
54 21 146
21 46 488
46 21 488
21 50 218
50 21 218
22 43 538
43 22 538
22 53 845
53 22 845
22 24 853
24 22 853
22 55 356
55 22 356
22 24 446
24 22 446
22 38 956
38 22 956
22 23 610
23 22 610
22 36 758
36 22 758
22 37 586
37 22 586
22 55 876
55 22 876
22 55 553
55 22 553
22 41 203
41 22 203
22 46 375
46 22 375
22 51 170
51 22 170
22 33 742
33 22 742
22 32 189
32 22 189
22 32 708
32 22 708
22 53 894
53 22 894
22 35 803
35 22 803
23 27 827
27 23 827
23 49 906
49 23 906
23 45 464
45 23 464
23 34 827
34 23 827
23 37 85
37 23 85
23 38 477
38 23 477
23 46 549
46 23 549
23 51 268
51 23 268
23 46 978
46 23 978
23 55 411
55 23 411
23 33 49
33 23 49
23 25 250
25 23 250
23 41 318
41 23 318
23 36 560
36 23 560
24 42 412
42 24 412
24 45 167
45 24 167
24 43 75
43 24 75
24 47 975
47 24 975
24 43 316
43 24 316
24 45 245
45 24 245
24 28 293
28 24 293
24 36 618
36 24 618
24 45 185
45 24 185
24 39 488
39 24 488
24 50 534
50 24 534
24 50 972
50 24 972
24 54 980
54 24 980
24 29 2
29 24 2
24 38 909
38 24 909
24 50 579
50 24 579
24 44 648
44 24 648
25 50 13
50 25 13
25 25 98
25 25 98
25 45 46
45 25 46
25 46 208
46 25 208
25 51 329
51 25 329
25 41 580
41 25 580
25 52 384
52 25 384
25 42 727
42 25 727
25 40 785
40 25 785
25 29 417
29 25 417
25 49 25
49 25 25
25 43 392
43 25 392
25 51 74
51 25 74
25 35 838
35 25 838
26 30 720
30 26 720
26 36 927
36 26 927
26 33 47
33 26 47
26 43 189
43 26 189
26 46 976
46 26 976
26 54 519
54 26 519
26 43 691
43 26 691
26 49 793
49 26 793
26 26 888
26 26 888
26 55 606
55 26 606
26 34 299
34 26 299
27 35 862
35 27 862
27 30 334
30 27 334
27 54 812
54 27 812
27 52 825
52 27 825
27 41 829
41 27 829
27 44 583
44 27 583
27 43 467
43 27 467
27 43 110
43 27 110
27 50 153
50 27 153
27 49 587
49 27 587
27 47 380
47 27 380
28 30 671
30 28 671
28 37 546
37 28 546
28 51 505
51 28 505
28 38 586
38 28 586
28 50 130
50 28 130
28 47 555
47 28 555
28 39 876
39 28 876
28 50 508
50 28 508
28 39 74
39 28 74
28 48 732
48 28 732
28 33 386
33 28 386
28 37 182
37 28 182
28 37 550
37 28 550
28 55 831
55 28 831
29 55 948
55 29 948
29 53 776
53 29 776
29 39 205
39 29 205
29 42 341
42 29 341
29 43 129
43 29 129
29 38 617
38 29 617
29 36 577
36 29 577
29 46 401
46 29 401
30 31 664
31 30 664
30 44 512
44 30 512
30 31 460
31 30 460
30 49 813
49 30 813
30 33 169
33 30 169
30 36 316
36 30 316
30 41 114
41 30 114
30 35 940
35 30 940
30 45 957
45 30 957
30 39 162
39 30 162
30 32 837
32 30 837
30 36 389
36 30 389
30 34 106
34 30 106
30 42 449
42 30 449
30 43 274
43 30 274
30 52 980
52 30 980
31 31 740
31 31 740
31 54 346
54 31 346
31 49 913
49 31 913
31 32 917
32 31 917
31 35 868
35 31 868
31 50 844
50 31 844
31 55 556
55 31 556
31 50 277
50 31 277
31 44 972
44 31 972
31 49 581
49 31 581
31 34 96
34 31 96
32 47 734
47 32 734
32 51 97
51 32 97
32 45 635
45 32 635
32 39 770
39 32 770
32 42 468
42 32 468
32 44 347
44 32 347
32 49 457
49 32 457
32 36 538
36 32 538
32 41 509
41 32 509
33 42 866
42 33 866
33 52 472
52 33 472
33 41 43
41 33 43
33 38 429
38 33 429
33 40 862
40 33 862
33 38 244
38 33 244
33 44 992
44 33 992
33 46 658
46 33 658
33 48 923
48 33 923
33 46 258
46 33 258
33 52 293
52 33 293
33 47 612
47 33 612
33 34 774
34 33 774
33 43 772
43 33 772
33 47 333
47 33 333
34 35 175
35 34 175
34 40 657
40 34 657
34 51 65
51 34 65
34 51 761
51 34 761
35 43 334
43 35 334
35 40 897
40 35 897
35 41 498
41 35 498
35 52 602
52 35 602
35 39 159
39 35 159
35 40 235
40 35 235
35 53 193
53 35 193
35 44 882
44 35 882
35 47 13
47 35 13
35 49 593
49 35 593
36 40 757
40 36 757
36 52 846
52 36 846
36 55 682
55 36 682
36 45 450
45 36 450
36 41 646
41 36 646
36 41 158
41 36 158
36 51 395
51 36 395
36 49 733
49 36 733
36 45 266
45 36 266
36 50 325
50 36 325
36 47 465
47 36 465
37 44 989
44 37 989
37 39 399
39 37 399
37 40 515
40 37 515
37 55 702
55 37 702
37 43 441
43 37 441
37 48 361
48 37 361
37 45 419
45 37 419
37 51 631
51 37 631
37 41 51
41 37 51
37 38 987
38 37 987
37 44 947
44 37 947
38 51 118
51 38 118
39 46 778
46 39 778
39 41 350
41 39 350
39 54 452
54 39 452
39 54 339
54 39 339
39 44 747
44 39 747
39 55 949
55 39 949
39 51 52
51 39 52
39 51 37
51 39 37
39 40 773
40 39 773
39 54 10
54 39 10
39 52 713
52 39 713
39 48 169
48 39 169
39 52 745
52 39 745
39 55 131
55 39 131
39 45 103
45 39 103
40 43 342
43 40 342
40 48 262
48 40 262
40 47 67
47 40 67
40 47 366
47 40 366
40 41 825
41 40 825
40 52 457
52 40 457
40 51 670
51 40 670
40 41 699
41 40 699
40 50 138
50 40 138
41 47 892
47 41 892
41 46 600
46 41 600
41 51 701
51 41 701
41 42 991
42 41 991
41 51 357
51 41 357
41 50 291
50 41 291
41 47 988
47 41 988
41 44 505
44 41 505
42 49 625
49 42 625
42 51 834
51 42 834
42 53 648
53 42 648
43 48 713
48 43 713
43 46 38
46 43 38
43 46 439
46 43 439
43 54 933
54 43 933
43 50 795
50 43 795
43 50 738
50 43 738
43 54 212
54 43 212
43 52 522
52 43 522
44 44 363
44 44 363
44 52 407
52 44 407
44 47 783
47 44 783
44 53 443
53 44 443
44 44 258
44 44 258
45 48 971
48 45 971
45 53 369
53 45 369
45 46 268
46 45 268
45 50 58
50 45 58
46 47 786
47 46 786
46 54 802
54 46 802
46 48 881
48 46 881
46 46 300
46 46 300
46 49 346
49 46 346
47 55 400
55 47 400
47 51 965
51 47 965
47 54 793
54 47 793
47 47 474
47 47 474
47 54 145
54 47 145
48 51 50
51 48 50
48 53 75
53 48 75
48 51 257
51 48 257
49 54 762
54 49 762
49 50 710
50 49 710
50 52 888
52 50 888
50 55 263
55 50 263
51 52 70
52 51 70
51 55 235
55 51 235
52 53 846
53 52 846
52 55 232
55 52 232
53 53 533
53 53 533
54 54 250
54 54 250
54 55 701
55 54 701
54 55 274
55 54 274
