27

0 1 193
1 0 193
0 2 252
2 0 252
0 3 714
3 0 714
0 4 54
4 0 54
0 10 928
10 0 928
0 11 908
11 0 908
0 15 40
15 0 40
0 24 685
24 0 685
0 21 471
21 0 471
0 22 264
22 0 264
0 13 382
13 0 382
0 11 361
11 0 361
0 19 537
19 0 537
0 10 729
10 0 729
0 8 510
8 0 510
0 24 233
24 0 233
0 4 61
4 0 61
1 9 740
9 1 740
1 16 484
16 1 484
1 19 647
19 1 647
1 22 108
22 1 108
1 7 806
7 1 806
1 18 879
18 1 879
1 25 308
25 1 308
1 26 753
26 1 753
1 10 559
10 1 559
1 10 385
10 1 385
1 6 524
6 1 524
1 7 464
7 1 464
1 3 84
3 1 84
1 18 360
18 1 360
1 21 25
21 1 25
1 26 130
26 1 130
2 23 126
23 2 126
2 12 161
12 2 161
2 4 268
4 2 268
2 26 767
26 2 767
2 21 17
21 2 17
2 16 260
16 2 260
2 23 641
23 2 641
2 7 138
7 2 138
2 6 625
6 2 625
2 22 778
22 2 778
2 5 459
5 2 459
2 4 125
4 2 125
2 17 610
17 2 610
2 10 364
10 2 364
2 18 301
18 2 301
3 5 866
5 3 866
3 19 607
19 3 607
3 24 563
24 3 563
3 26 127
26 3 127
3 8 358
8 3 358
3 4 983
4 3 983
3 26 614
26 3 614
3 24 25
24 3 25
3 15 421
15 3 421
3 5 819
5 3 819
3 8 287
8 3 287
3 20 980
20 3 980
3 8 280
8 3 280
3 23 839
23 3 839
3 15 974
15 3 974
3 11 887
11 3 887
3 5 13
5 3 13
3 10 911
10 3 911
3 14 239
14 3 239
3 14 687
14 3 687
4 17 526
17 4 526
4 21 357
21 4 357
4 11 994
11 4 994
4 6 178
6 4 178
4 6 908
6 4 908
4 15 691
15 4 691
4 17 93
17 4 93
4 24 19
24 4 19
4 26 196
26 4 196
4 26 490
26 4 490
4 18 60
18 4 60
4 19 47
19 4 47
4 5 55
5 4 55
4 22 26
22 4 26
4 8 431
8 4 431
5 6 717
6 5 717
5 7 862
7 5 862
5 8 664
8 5 664
5 19 206
19 5 206
5 10 815
10 5 815
5 20 231
20 5 231
5 6 125
6 5 125
5 5 433
5 5 433
5 8 286
8 5 286
6 10 67
10 6 67
6 10 12
10 6 12
6 8 141
8 6 141
6 8 427
8 6 427
6 11 348
11 6 348
6 13 194
13 6 194
6 25 735
25 6 735
6 25 927
25 6 927
6 20 405
20 6 405
6 7 187
7 6 187
6 22 541
22 6 541
6 25 218
25 6 218
7 13 425
13 7 425
7 22 348
22 7 348
7 25 578
25 7 578
7 22 378
22 7 378
7 7 231
7 7 231
7 21 210
21 7 210
7 26 148
26 7 148
7 19 27
19 7 27
7 19 77
19 7 77
7 21 424
21 7 424
7 20 989
20 7 989
7 18 727
18 7 727
7 18 236
18 7 236
7 9 700
9 7 700
7 9 607
9 7 607
7 13 998
13 7 998
7 15 836
15 7 836
7 15 713
15 7 713
8 11 499
11 8 499
8 12 829
12 8 829
8 20 558
20 8 558
8 18 175
18 8 175
8 16 718
16 8 718
8 12 621
12 8 621
8 13 166
13 8 166
8 23 205
23 8 205
8 21 78
21 8 78
8 21 139
21 8 139
8 19 787
19 8 787
8 23 76
23 8 76
8 24 977
24 8 977
8 24 158
24 8 158
8 26 404
26 8 404
8 26 467
26 8 467
8 16 606
16 8 606
8 9 44
9 8 44
9 15 414
15 9 414
9 19 372
19 9 372
9 24 110
24 9 110
9 16 297
16 9 297
9 19 488
19 9 488
9 22 406
22 9 406
9 18 322
18 9 322
9 25 575
25 9 575
9 17 861
17 9 861
9 26 537
26 9 537
10 14 541
14 10 541
10 11 659
11 10 659
10 18 254
18 10 254
10 16 397
16 10 397
10 24 100
24 10 100
10 20 471
20 10 471
10 22 861
22 10 861
10 12 184
12 10 184
10 18 966
18 10 966
11 15 308
15 11 308
11 18 883
18 11 883
11 23 339
23 11 339
11 26 718
26 11 718
11 16 223
16 11 223
11 21 427
21 11 427
11 15 993
15 11 993
11 26 474
26 11 474
11 26 177
26 11 177
11 13 188
13 11 188
11 19 682
19 11 682
11 17 131
17 11 131
12 19 636
19 12 636
12 23 363
23 12 363
12 25 676
25 12 676
12 13 801
13 12 801
12 14 186
14 12 186
12 14 390
14 12 390
12 21 521
21 12 521
12 26 443
26 12 443
12 21 35
21 12 35
12 18 803
18 12 803
12 13 835
13 12 835
12 24 959
24 12 959
12 15 392
15 12 392
13 14 740
14 13 740
13 24 728
24 13 728
13 14 292
14 13 292
13 25 301
25 13 301
13 14 384
14 13 384
13 14 955
14 13 955
13 23 158
23 13 158
13 13 104
13 13 104
13 23 122
23 13 122
14 26 108
26 14 108
14 23 272
23 14 272
14 15 512
15 14 512
14 22 988
22 14 988
15 17 288
17 15 288
15 21 953
21 15 953
15 22 461
22 15 461
15 26 140
26 15 140
15 22 109
22 15 109
15 21 246
21 15 246
15 15 232
15 15 232
15 20 737
20 15 737
15 21 797
21 15 797
15 21 147
21 15 147
16 23 167
23 16 167
16 26 420
26 16 420
16 23 108
23 16 108
16 24 352
24 16 352
16 24 913
24 16 913
16 16 473
16 16 473
16 21 425
21 16 425
17 19 905
19 17 905
17 22 618
22 17 618
17 24 318
24 17 318
17 25 611
25 17 611
17 20 855
20 17 855
17 25 508
25 17 508
17 20 881
20 17 881
17 17 795
17 17 795
18 24 178
24 18 178
18 21 298
21 18 298
18 25 416
25 18 416
18 20 359
20 18 359
18 25 660
25 18 660
18 23 952
23 18 952
18 23 672
23 18 672
18 22 462
22 18 462
18 24 803
24 18 803
18 23 304
23 18 304
19 24 642
24 19 642
19 20 800
20 19 800
19 20 227
20 19 227
19 20 59
20 19 59
19 23 673
23 19 673
20 26 884
26 20 884
20 22 413
22 20 413
20 20 943
20 20 943
20 25 581
25 20 581
20 22 787
22 20 787
20 21 630
21 20 630
20 24 864
24 20 864
21 25 261
25 21 261
21 22 46
22 21 46
21 22 135
22 21 135
22 24 748
24 22 748
22 24 967
24 22 967
23 26 145
26 23 145
23 24 928
24 23 928
23 24 940
24 23 940
24 25 766
25 24 766
24 26 544
26 24 544
24 25 811
25 24 811
24 26 509
26 24 509
25 26 284
26 25 284
