24

0 1 40
1 0 40
0 15 355
15 0 355
0 2 414
2 0 414
0 4 819
4 0 819
0 12 402
12 0 402
0 8 209
8 0 209
0 5 564
5 0 564
0 18 174
18 0 174
1 2 88
2 1 88
1 3 620
3 1 620
1 20 418
20 1 418
1 21 46
21 1 46
1 16 82
16 1 82
1 7 541
7 1 541
1 2 59
2 1 59
1 7 163
7 1 163
1 18 755
18 1 755
1 17 866
17 1 866
1 3 119
3 1 119
1 22 757
22 1 757
1 8 560
8 1 560
1 11 947
11 1 947
1 10 960
10 1 960
1 21 713
21 1 713
1 17 458
17 1 458
1 23 564
23 1 564
2 4 276
4 2 276
2 5 31
5 2 31
2 9 361
9 2 361
2 4 697
4 2 697
2 8 509
8 2 509
2 9 918
9 2 918
2 5 646
5 2 646
2 17 676
17 2 676
2 12 630
12 2 630
2 20 104
20 2 104
2 3 698
3 2 698
2 13 970
13 2 970
2 17 211
17 2 211
2 18 156
18 2 156
2 7 206
7 2 206
2 13 956
13 2 956
2 6 961
6 2 961
2 11 632
11 2 632
3 5 541
5 3 541
3 12 980
12 3 980
3 3 345
3 3 345
3 17 219
17 3 219
3 6 438
6 3 438
3 6 757
6 3 757
3 5 529
5 3 529
3 21 653
21 3 653
3 8 274
8 3 274
3 16 595
16 3 595
3 13 957
13 3 957
4 6 837
6 4 837
4 11 764
11 4 764
4 4 622
4 4 622
4 11 297
11 4 297
4 18 435
18 4 435
4 16 748
16 4 748
4 20 733
20 4 733
4 13 820
13 4 820
4 8 466
8 4 466
4 20 371
20 4 371
4 22 958
22 4 958
4 7 937
7 4 937
4 23 46
23 4 46
5 7 172
7 5 172
5 12 278
12 5 278
5 13 148
13 5 148
5 11 79
11 5 79
5 22 748
22 5 748
5 6 707
6 5 707
5 16 819
16 5 819
5 20 832
20 5 832
5 8 737
8 5 737
5 16 79
16 5 79
5 23 223
23 5 223
5 10 189
10 5 189
5 7 217
7 5 217
5 8 414
8 5 414
6 18 964
18 6 964
6 17 995
17 6 995
6 10 797
10 6 797
6 13 270
13 6 270
6 18 941
18 6 941
6 9 311
9 6 311
6 10 251
10 6 251
6 23 942
23 6 942
6 9 957
9 6 957
6 7 824
7 6 824
6 12 234
12 6 234
6 7 242
7 6 242
7 8 795
8 7 795
7 10 378
10 7 378
7 9 305
9 7 305
7 11 246
11 7 246
7 18 908
18 7 908
7 10 237
10 7 237
7 16 853
16 7 853
7 10 973
10 7 973
7 21 666
21 7 666
7 17 472
17 7 472
7 13 131
13 7 131
7 18 416
18 7 416
7 20 22
20 7 22
7 10 666
10 7 666
7 14 696
14 7 696
7 17 79
17 7 79
7 9 153
9 7 153
7 7 288
7 7 288
7 23 188
23 7 188
7 23 212
23 7 212
8 11 128
11 8 128
8 16 778
16 8 778
8 18 39
18 8 39
8 16 9
16 8 9
8 8 682
8 8 682
8 8 2
8 8 2
8 16 399
16 8 399
8 10 851
10 8 851
8 11 44
11 8 44
8 13 612
13 8 612
8 12 459
12 8 459
8 20 637
20 8 637
8 17 875
17 8 875
8 19 494
19 8 494
9 14 737
14 9 737
9 10 956
10 9 956
9 19 613
19 9 613
9 19 825
19 9 825
10 17 263
17 10 263
10 11 867
11 10 867
10 17 383
17 10 383
10 15 706
15 10 706
10 18 997
18 10 997
10 20 65
20 10 65
11 22 995
22 11 995
11 23 383
23 11 383
11 14 828
14 11 828
11 17 130
17 11 130
11 16 709
16 11 709
11 23 283
23 11 283
11 23 108
23 11 108
11 19 204
19 11 204
11 21 55
21 11 55
11 21 259
21 11 259
12 21 183
21 12 183
12 20 621
20 12 621
12 16 456
16 12 456
12 19 887
19 12 887
12 12 186
12 12 186
12 13 434
13 12 434
12 12 673
12 12 673
12 13 224
13 12 224
12 17 655
17 12 655
12 23 688
23 12 688
12 23 864
23 12 864
13 18 822
18 13 822
13 19 590
19 13 590
13 16 662
16 13 662
13 14 350
14 13 350
13 23 282
23 13 282
13 20 315
20 13 315
13 17 335
17 13 335
13 15 257
15 13 257
13 22 861
22 13 861
14 21 119
21 14 119
14 16 358
16 14 358
14 18 428
18 14 428
14 20 377
20 14 377
15 23 305
23 15 305
15 15 731
15 15 731
15 21 696
21 15 696
15 19 26
19 15 26
15 17 913
17 15 913
15 20 227
20 15 227
15 17 255
17 15 255
15 21 108
21 15 108
16 19 851
19 16 851
16 18 718
18 16 718
16 17 896
17 16 896
17 22 858
22 17 858
17 23 651
23 17 651
17 20 340
20 17 340
18 19 297
19 18 297
18 21 509
21 18 509
18 20 277
20 18 277
18 20 495
20 18 495
19 21 611
21 19 611
19 22 473
22 19 473
19 22 43
22 19 43
19 22 774
22 19 774
20 22 928
22 20 928
21 23 986
23 21 986
22 23 848
23 22 848
