75

0 1 275
1 0 275
0 2 119
2 0 119
0 10 99
10 0 99
0 47 925
47 0 925
0 12 703
12 0 703
0 56 760
56 0 760
0 8 174
8 0 174
0 18 357
18 0 357
0 43 85
43 0 85
0 61 115
61 0 115
0 46 419
46 0 419
0 65 411
65 0 411
0 6 886
6 0 886
0 22 88
22 0 88
0 9 97
9 0 97
0 45 582
45 0 582
0 68 184
68 0 184
0 8 975
8 0 975
0 66 462
66 0 462
0 60 614
60 0 614
0 60 966
60 0 966
0 56 915
56 0 915
0 73 847
73 0 847
1 3 750
3 1 750
1 4 103
4 1 103
1 49 602
49 1 602
1 35 57
35 1 57
1 71 385
71 1 385
1 63 697
63 1 697
1 2 62
2 1 62
1 27 291
27 1 291
1 61 277
61 1 277
1 64 444
64 1 444
1 20 52
20 1 52
1 21 605
21 1 605
1 69 673
69 1 673
1 43 888
43 1 888
1 61 781
61 1 781
1 24 809
24 1 809
1 19 260
19 1 260
1 5 359
5 1 359
1 7 253
7 1 253
1 54 630
54 1 630
1 6 329
6 1 329
1 5 55
5 1 55
1 29 350
29 1 350
1 66 423
66 1 423
1 7 247
7 1 247
1 68 31
68 1 31
1 43 3
43 1 3
2 9 790
9 2 790
2 21 795
21 2 795
2 29 237
29 2 237
2 30 209
30 2 209
2 65 132
65 2 132
2 74 594
74 2 594
2 62 813
62 2 813
2 44 738
44 2 738
2 12 857
12 2 857
2 69 31
69 2 31
2 19 38
19 2 38
2 47 430
47 2 430
2 27 604
27 2 604
2 26 636
26 2 636
2 5 503
5 2 503
2 61 419
61 2 419
2 27 446
27 2 446
2 71 817
71 2 817
2 61 853
61 2 853
2 7 376
7 2 376
2 70 766
70 2 766
2 52 154
52 2 154
2 43 144
43 2 144
2 52 712
52 2 712
2 58 906
58 2 906
2 25 739
25 2 739
2 4 232
4 2 232
2 23 259
23 2 259
2 30 568
30 2 568
2 10 85
10 2 85
3 5 755
5 3 755
3 14 221
14 3 221
3 26 924
26 3 924
3 54 245
54 3 245
3 19 921
19 3 921
3 47 767
47 3 767
3 13 655
13 3 655
3 10 709
10 3 709
3 69 27
69 3 27
3 15 76
15 3 76
3 34 458
34 3 458
3 34 117
34 3 117
3 51 378
51 3 378
3 43 882
43 3 882
3 62 738
62 3 738
3 4 814
4 3 814
3 11 895
11 3 895
3 73 901
73 3 901
3 22 181
22 3 181
3 61 492
61 3 492
3 4 804
4 3 804
3 56 416
56 3 416
3 61 736
61 3 736
4 8 134
8 4 134
4 12 110
12 4 110
4 41 434
41 4 434
4 63 210
63 4 210
4 65 1000
65 4 1000
4 9 949
9 4 949
4 5 340
5 4 340
4 56 244
56 4 244
4 16 955
16 4 955
4 11 145
11 4 145
4 66 65
66 4 65
4 14 320
14 4 320
4 25 998
25 4 998
4 35 531
35 4 531
4 66 978
66 4 978
4 38 133
38 4 133
4 67 578
67 4 578
4 25 559
25 4 559
4 66 934
66 4 934
4 24 426
24 4 426
4 23 765
23 4 765
4 68 934
68 4 934
4 41 112
41 4 112
4 51 688
51 4 688
4 38 828
38 4 828
5 6 350
6 5 350
5 7 812
7 5 812
5 11 463
11 5 463
5 45 628
45 5 628
5 48 941
48 5 941
5 25 934
25 5 934
5 16 23
16 5 23
5 28 753
28 5 753
5 28 720
28 5 720
5 40 222
40 5 222
5 43 141
43 5 141
5 45 958
45 5 958
5 40 969
40 5 969
5 63 697
63 5 697
5 62 742
62 5 742
5 69 574
69 5 574
5 44 265
44 5 265
5 70 301
70 5 301
5 54 548
54 5 548
5 62 999
62 5 999
5 15 625
15 5 625
5 25 893
25 5 893
5 46 660
46 5 660
5 71 800
71 5 800
5 10 982
10 5 982
5 53 984
53 5 984
5 32 150
32 5 150
6 10 829
10 6 829
6 13 935
13 6 935
6 16 913
16 6 913
6 24 324
24 6 324
6 52 520
52 6 520
6 73 886
73 6 886
6 40 550
40 6 550
6 64 655
64 6 655
6 7 574
7 6 574
6 41 887
41 6 887
6 65 347
65 6 347
6 44 687
44 6 687
6 71 215
71 6 215
6 53 226
53 6 226
6 35 527
35 6 527
6 54 826
54 6 826
6 72 240
72 6 240
6 61 881
61 6 881
6 21 255
21 6 255
6 21 718
21 6 718
6 16 340
16 6 340
6 38 272
38 6 272
6 53 71
53 6 71
6 50 175
50 6 175
6 13 79
13 6 79
6 29 895
29 6 895
6 73 672
73 6 672
6 27 382
27 6 382
6 36 661
36 6 661
7 18 892
18 7 892
7 13 29
13 7 29
7 13 333
13 7 333
7 72 342
72 7 342
7 41 458
41 7 458
7 69 990
69 7 990
7 25 771
25 7 771
7 72 639
72 7 639
7 11 396
11 7 396
7 35 525
35 7 525
7 58 192
58 7 192
7 18 563
18 7 563
7 48 955
48 7 955
7 30 169
30 7 169
7 11 84
11 7 84
7 38 73
38 7 73
7 7 495
7 7 495
7 47 568
47 7 568
7 29 584
29 7 584
7 41 268
41 7 268
7 9 311
9 7 311
7 59 550
59 7 550
7 53 639
53 7 639
7 39 543
39 7 543
8 25 13
25 8 13
8 27 528
27 8 528
8 34 833
34 8 833
8 51 902
51 8 902
8 61 323
61 8 323
8 63 770
63 8 770
8 26 842
26 8 842
8 16 829
16 8 829
8 50 464
50 8 464
8 35 108
35 8 108
8 65 208
65 8 208
8 56 425
56 8 425
8 35 825
35 8 825
8 67 889
67 8 889
8 62 62
62 8 62
8 29 782
29 8 782
8 13 959
13 8 959
8 70 900
70 8 900
8 48 617
48 8 617
8 21 648
21 8 648
8 26 525
26 8 525
8 22 476
22 8 476
8 64 483
64 8 483
9 15 442
15 9 442
9 48 95
48 9 95
9 66 171
66 9 171
9 20 160
20 9 160
9 56 735
56 9 735
9 62 739
62 9 739
9 18 87
18 9 87
9 17 719
17 9 719
9 66 634
66 9 634
9 34 108
34 9 108
9 39 726
39 9 726
9 28 491
28 9 491
9 54 278
54 9 278
9 12 466
12 9 466
9 21 183
21 9 183
9 39 152
39 9 152
9 16 43
16 9 43
9 51 545
51 9 545
9 52 725
52 9 725
10 19 51
19 10 51
10 28 891
28 10 891
10 47 250
47 10 250
10 28 854
28 10 854
10 49 187
49 10 187
10 12 90
12 10 90
10 30 428
30 10 428
10 16 67
16 10 67
10 46 318
46 10 318
10 63 133
63 10 133
10 43 842
43 10 842
10 74 603
74 10 603
10 45 942
45 10 942
10 52 501
52 10 501
10 70 231
70 10 231
10 31 681
31 10 681
10 67 425
67 10 425
11 17 660
17 11 660
11 44 982
44 11 982
11 57 747
57 11 747
11 21 305
21 11 305
11 18 809
18 11 809
11 15 26
15 11 26
11 66 521
66 11 521
11 51 546
51 11 546
11 16 639
16 11 639
11 12 645
12 11 645
11 40 627
40 11 627
11 56 401
56 11 401
11 52 883
52 11 883
11 67 682
67 11 682
11 38 683
38 11 683
11 19 24
19 11 24
11 45 494
45 11 494
11 31 640
31 11 640
11 67 675
67 11 675
11 40 865
40 11 865
11 69 325
69 11 325
11 55 725
55 11 725
12 23 316
23 12 316
12 37 885
37 12 885
12 73 505
73 12 505
12 48 821
48 12 821
12 28 879
28 12 879
12 22 249
22 12 249
12 48 431
48 12 431
12 72 332
72 12 332
12 28 378
28 12 378
12 30 184
30 12 184
12 26 92
26 12 92
12 61 532
61 12 532
12 19 311
19 12 311
13 49 393
49 13 393
13 57 286
57 13 286
13 14 295
14 13 295
13 18 65
18 13 65
13 18 842
18 13 842
13 29 412
29 13 412
13 46 312
46 13 312
13 71 454
71 13 454
13 39 929
39 13 929
13 45 670
45 13 670
13 71 621
71 13 621
13 40 650
40 13 650
13 33 665
33 13 665
13 16 46
16 13 46
13 21 438
21 13 438
13 53 427
53 13 427
13 73 979
73 13 979
13 68 278
68 13 278
13 57 73
57 13 73
13 54 505
54 13 505
13 48 149
48 13 149
13 38 5
38 13 5
14 42 479
42 14 479
14 73 935
73 14 935
14 24 234
24 14 234
14 52 963
52 14 963
14 52 177
52 14 177
14 30 48
30 14 48
14 47 620
47 14 620
14 43 715
43 14 715
14 48 718
48 14 718
14 28 269
28 14 269
14 38 326
38 14 326
14 21 295
21 14 295
14 46 949
46 14 949
14 62 125
62 14 125
14 21 910
21 14 910
14 52 937
52 14 937
14 63 879
63 14 879
14 66 873
66 14 873
14 58 601
58 14 601
14 74 728
74 14 728
15 33 982
33 15 982
15 21 303
21 15 303
15 23 49
23 15 49
15 22 855
22 15 855
15 70 381
70 15 381
15 23 540
23 15 540
15 32 777
32 15 777
15 27 571
27 15 571
15 66 959
66 15 959
15 65 283
65 15 283
15 21 668
21 15 668
15 45 754
45 15 754
15 74 310
74 15 310
15 45 300
45 15 300
15 26 976
26 15 976
15 30 677
30 15 677
15 70 64
70 15 64
15 39 825
39 15 825
15 43 577
43 15 577
16 20 348
20 16 348
16 50 787
50 16 787
16 47 341
47 16 341
16 41 543
41 16 543
16 55 392
55 16 392
16 57 242
57 16 242
16 38 328
38 16 328
16 48 759
48 16 759
16 36 93
36 16 93
16 57 229
57 16 229
16 65 374
65 16 374
16 25 19
25 16 19
16 36 250
36 16 250
16 58 835
58 16 835
16 61 375
61 16 375
16 42 639
42 16 639
16 73 55
73 16 55
16 73 378
73 16 378
16 52 354
52 16 354
17 31 927
31 17 927
17 60 754
60 17 754
17 25 9
25 17 9
17 67 209
67 17 209
17 71 841
71 17 841
17 66 56
66 17 56
17 39 400
39 17 400
17 20 398
20 17 398
17 31 722
31 17 722
17 56 605
56 17 605
17 35 292
35 17 292
17 38 521
38 17 521
17 33 975
33 17 975
17 20 811
20 17 811
17 47 929
47 17 929
17 54 695
54 17 695
17 19 111
19 17 111
17 45 345
45 17 345
17 36 363
36 17 363
17 36 90
36 17 90
18 52 328
52 18 328
18 56 580
56 18 580
18 20 683
20 18 683
18 31 52
31 18 52
18 68 737
68 18 737
18 20 96
20 18 96
18 33 50
33 18 50
18 38 91
38 18 91
18 24 983
24 18 983
18 73 927
73 18 927
18 72 244
72 18 244
18 53 440
53 18 440
18 20 725
20 18 725
18 43 68
43 18 68
18 52 834
52 18 834
18 40 281
40 18 281
18 30 364
30 18 364
18 69 504
69 18 504
19 74 813
74 19 813
19 23 301
23 19 301
19 25 326
25 19 326
19 56 451
56 19 451
19 57 150
57 19 150
19 54 920
54 19 920
19 51 666
51 19 666
19 47 99
47 19 99
19 64 406
64 19 406
19 38 823
38 19 823
19 33 747
33 19 747
19 67 392
67 19 392
19 42 441
42 19 441
19 70 638
70 19 638
20 22 329
22 20 329
20 32 18
32 20 18
20 71 187
71 20 187
20 45 979
45 20 979
20 52 255
52 20 255
20 55 978
55 20 978
20 22 467
22 20 467
20 48 847
48 20 847
20 56 423
56 20 423
20 45 659
45 20 659
20 27 885
27 20 885
20 48 679
48 20 679
20 28 177
28 20 177
20 68 357
68 20 357
20 68 317
68 20 317
20 42 859
42 20 859
20 38 939
38 20 939
20 29 856
29 20 856
21 70 886
70 21 886
21 42 668
42 21 668
21 34 486
34 21 486
21 52 582
52 21 582
21 67 902
67 21 902
21 47 637
47 21 637
21 46 684
46 21 684
21 24 360
24 21 360
21 51 938
51 21 938
21 39 296
39 21 296
21 55 974
55 21 974
21 42 655
42 21 655
21 66 562
66 21 562
22 35 523
35 22 523
22 38 479
38 22 479
22 55 90
55 22 90
22 61 589
61 22 589
22 22 445
22 22 445
22 34 687
34 22 687
22 55 384
55 22 384
22 31 581
31 22 581
22 50 993
50 22 993
22 51 730
51 22 730
22 71 948
71 22 948
22 72 393
72 22 393
22 39 454
39 22 454
22 62 982
62 22 982
22 60 773
60 22 773
22 25 704
25 22 704
22 37 885
37 22 885
22 29 438
29 22 438
22 57 228
57 22 228
22 69 462
69 22 462
22 32 197
32 22 197
23 53 564
53 23 564
23 41 338
41 23 338
23 65 579
65 23 579
23 29 185
29 23 185
23 23 811
23 23 811
23 71 750
71 23 750
23 63 763
63 23 763
23 41 779
41 23 779
23 58 984
58 23 984
23 46 500
46 23 500
23 58 217
58 23 217
23 72 998
72 23 998
23 74 776
74 23 776
23 37 89
37 23 89
23 25 195
25 23 195
23 44 552
44 23 552
23 53 710
53 23 710
23 71 721
71 23 721
23 45 843
45 23 843
23 61 887
61 23 887
24 43 178
43 24 178
24 44 803
44 24 803
24 62 746
62 24 746
24 64 733
64 24 733
24 48 197
48 24 197
24 46 611
46 24 611
24 27 700
27 24 700
24 61 434
61 24 434
24 25 78
25 24 78
24 53 185
53 24 185
24 62 364
62 24 364
24 70 561
70 24 561
24 70 230
70 24 230
24 42 508
42 24 508
24 33 879
33 24 879
24 71 410
71 24 410
25 43 625
43 25 625
25 35 732
35 25 732
25 33 944
33 25 944
25 60 295
60 25 295
25 37 341
37 25 341
25 60 91
60 25 91
25 64 602
64 25 602
25 46 477
46 25 477
25 66 219
66 25 219
25 69 42
69 25 42
25 68 462
68 25 462
25 50 186
50 25 186
25 59 568
59 25 568
26 43 959
43 26 959
26 45 442
45 26 442
26 50 171
50 26 171
26 48 662
48 26 662
26 45 791
45 26 791
26 61 630
61 26 630
26 68 308
68 26 308
26 36 951
36 26 951
26 36 28
36 26 28
26 33 188
33 26 188
26 27 510
27 26 510
26 41 330
41 26 330
26 34 812
34 26 812
26 38 607
38 26 607
26 43 777
43 26 777
26 71 412
71 26 412
26 55 492
55 26 492
26 64 212
64 26 212
26 59 728
59 26 728
26 57 926
57 26 926
26 62 738
62 26 738
27 37 966
37 27 966
27 50 855
50 27 855
27 38 263
38 27 263
27 60 567
60 27 567
27 30 125
30 27 125
27 38 721
38 27 721
27 28 323
28 27 323
27 44 736
44 27 736
27 58 276
58 27 276
27 56 612
56 27 612
27 58 866
58 27 866
27 62 397
62 27 397
27 65 887
65 27 887
27 62 375
62 27 375
28 49 836
49 28 836
28 28 533
28 28 533
28 44 725
44 28 725
28 73 483
73 28 483
28 57 645
57 28 645
28 68 464
68 28 464
28 34 972
34 28 972
28 56 925
56 28 925
28 42 12
42 28 12
28 57 916
57 28 916
28 53 100
53 28 100
28 28 454
28 28 454
28 37 293
37 28 293
28 53 660
53 28 660
29 48 865
48 29 865
29 35 909
35 29 909
29 30 56
30 29 56
29 74 945
74 29 945
29 39 642
39 29 642
29 40 645
40 29 645
29 62 917
62 29 917
29 68 896
68 29 896
29 58 521
58 29 521
29 36 661
36 29 661
29 66 327
66 29 327
29 50 519
50 29 519
29 35 397
35 29 397
29 56 485
56 29 485
29 56 766
56 29 766
29 50 291
50 29 291
29 41 161
41 29 161
29 60 666
60 29 666
29 57 71
57 29 71
29 43 537
43 29 537
30 45 317
45 30 317
30 36 561
36 30 561
30 59 210
59 30 210
30 32 905
32 30 905
30 55 647
55 30 647
30 31 852
31 30 852
30 69 309
69 30 309
30 48 92
48 30 92
30 53 798
53 30 798
30 46 563
46 30 563
30 62 767
62 30 767
30 74 755
74 30 755
30 64 597
64 30 597
31 36 233
36 31 233
31 39 527
39 31 527
31 43 302
43 31 302
31 52 417
52 31 417
31 64 829
64 31 829
31 56 577
56 31 577
31 47 200
47 31 200
31 44 122
44 31 122
31 60 305
60 31 305
31 61 515
61 31 515
31 36 804
36 31 804
31 60 544
60 31 544
31 66 969
66 31 969
31 61 927
61 31 927
32 64 351
64 32 351
32 61 659
61 32 659
32 37 896
37 32 896
32 63 972
63 32 972
32 63 755
63 32 755
32 35 917
35 32 917
32 50 918
50 32 918
32 72 919
72 32 919
32 61 517
61 32 517
32 34 788
34 32 788
32 48 314
48 32 314
32 57 576
57 32 576
33 41 530
41 33 530
33 69 246
69 33 246
33 72 586
72 33 586
33 64 909
64 33 909
33 64 953
64 33 953
33 47 931
47 33 931
33 37 70
37 33 70
33 49 737
49 33 737
33 39 439
39 33 439
33 50 330
50 33 330
33 51 530
51 33 530
33 46 731
46 33 731
33 57 922
57 33 922
33 71 951
71 33 951
33 52 113
52 33 113
33 53 98
53 33 98
34 36 895
36 34 895
34 40 755
40 34 755
34 39 677
39 34 677
34 62 985
62 34 985
34 73 654
73 34 654
34 67 39
67 34 39
34 41 377
41 34 377
34 39 15
39 34 15
34 66 285
66 34 285
34 40 862
40 34 862
35 49 769
49 35 769
35 59 577
59 35 577
35 73 603
73 35 603
35 59 363
59 35 363
35 37 699
37 35 699
35 48 69
48 35 69
35 50 649
50 35 649
35 71 805
71 35 805
35 54 643
54 35 643
35 74 995
74 35 995
35 37 302
37 35 302
35 62 215
62 35 215
35 56 188
56 35 188
36 66 894
66 36 894
36 36 822
36 36 822
36 64 841
64 36 841
36 58 971
58 36 971
36 54 928
54 36 928
36 41 89
41 36 89
36 53 303
53 36 303
36 67 108
67 36 108
36 39 289
39 36 289
36 55 81
55 36 81
36 61 348
61 36 348
36 48 985
48 36 985
36 45 118
45 36 118
36 59 816
59 36 816
37 61 809
61 37 809
37 38 888
38 37 888
37 74 972
74 37 972
37 73 696
73 37 696
37 62 492
62 37 492
37 39 276
39 37 276
37 57 900
57 37 900
37 42 198
42 37 198
37 71 335
71 37 335
38 39 628
39 38 628
38 69 847
69 38 847
38 63 429
63 38 429
38 70 630
70 38 630
38 70 495
70 38 495
38 49 670
49 38 670
38 65 382
65 38 382
38 52 495
52 38 495
38 66 307
66 38 307
38 60 191
60 38 191
38 48 663
48 38 663
38 67 595
67 38 595
39 67 380
67 39 380
39 59 183
59 39 183
39 46 708
46 39 708
39 61 442
61 39 442
39 56 500
56 39 500
39 47 951
47 39 951
39 41 966
41 39 966
39 47 986
47 39 986
39 74 573
74 39 573
39 39 20
39 39 20
39 47 520
47 39 520
39 56 945
56 39 945
40 48 166
48 40 166
40 56 870
56 40 870
40 62 349
62 40 349
40 69 17
69 40 17
40 42 988
42 40 988
40 46 886
46 40 886
40 45 285
45 40 285
40 64 776
64 40 776
40 62 53
62 40 53
40 59 106
59 40 106
40 53 938
53 40 938
41 58 364
58 41 364
41 52 289
52 41 289
41 58 60
58 41 60
41 68 221
68 41 221
41 74 481
74 41 481
41 59 840
59 41 840
41 70 751
70 41 751
41 73 343
73 41 343
41 54 875
54 41 875
42 46 578
46 42 578
42 64 444
64 42 444
42 70 384
70 42 384
42 72 116
72 42 116
42 56 98
56 42 98
42 64 761
64 42 761
42 54 496
54 42 496
42 54 169
54 42 169
43 67 251
67 43 251
43 68 642
68 43 642
43 69 747
69 43 747
43 45 492
45 43 492
43 70 264
70 43 264
43 74 615
74 43 615
43 71 114
71 43 114
44 48 141
48 44 141
44 73 784
73 44 784
44 55 700
55 44 700
44 64 782
64 44 782
44 61 266
61 44 266
44 70 537
70 44 537
44 68 3
68 44 3
44 67 997
67 44 997
44 56 440
56 44 440
44 72 941
72 44 941
44 62 653
62 44 653
44 48 997
48 44 997
44 61 304
61 44 304
45 62 929
62 45 929
45 68 438
68 45 438
45 69 304
69 45 304
45 74 707
74 45 707
45 52 450
52 45 450
45 68 153
68 45 153
45 74 891
74 45 891
45 60 909
60 45 909
45 58 346
58 45 346
45 69 326
69 45 326
46 61 502
61 46 502
46 73 342
73 46 342
46 54 19
54 46 19
46 74 958
74 46 958
46 46 105
46 46 105
47 60 56
60 47 56
47 56 137
56 47 137
47 72 963
72 47 963
48 74 449
74 48 449
48 74 756
74 48 756
48 69 825
69 48 825
48 50 728
50 48 728
48 60 209
60 48 209
49 56 936
56 49 936
49 72 8
72 49 8
49 52 759
52 49 759
49 51 529
51 49 529
49 73 237
73 49 237
50 59 647
59 50 647
50 70 333
70 50 333
50 61 247
61 50 247
50 52 256
52 50 256
50 72 142
72 50 142
50 60 554
60 50 554
50 70 998
70 50 998
50 55 394
55 50 394
50 54 897
54 50 897
50 68 441
68 50 441
50 61 415
61 50 415
50 70 373
70 50 373
50 68 408
68 50 408
50 62 239
62 50 239
50 60 217
60 50 217
51 60 730
60 51 730
51 74 321
74 51 321
51 65 113
65 51 113
51 60 975
60 51 975
51 53 985
53 51 985
51 56 79
56 51 79
51 73 938
73 51 938
52 66 345
66 52 345
52 67 924
67 52 924
52 66 246
66 52 246
52 63 179
63 52 179
52 73 27
73 52 27
52 52 587
52 52 587
52 54 363
54 52 363
52 64 116
64 52 116
52 71 734
71 52 734
52 56 173
56 52 173
53 56 398
56 53 398
53 64 719
64 53 719
53 54 583
54 53 583
53 74 7
74 53 7
53 72 415
72 53 415
53 72 277
72 53 277
53 72 492
72 53 492
54 74 969
74 54 969
54 63 669
63 54 669
54 74 472
74 54 472
54 65 992
65 54 992
54 69 633
69 54 633
55 64 202
64 55 202
55 64 994
64 55 994
55 55 939
55 55 939
55 70 194
70 55 194
55 72 547
72 55 547
56 72 152
72 56 152
56 73 315
73 56 315
56 61 77
61 56 77
56 60 290
60 56 290
57 69 120
69 57 120
57 67 966
67 57 966
57 63 886
63 57 886
57 74 591
74 57 591
57 72 452
72 57 452
57 61 379
61 57 379
58 61 577
61 58 577
58 58 680
58 58 680
58 65 510
65 58 510
58 64 481
64 58 481
58 62 284
62 58 284
59 72 201
72 59 201
59 72 635
72 59 635
59 68 198
68 59 198
59 74 448
74 59 448
59 63 257
63 59 257
59 69 892
69 59 892
59 71 325
71 59 325
60 64 397
64 60 397
60 71 724
71 60 724
60 72 30
72 60 30
60 71 328
71 60 328
60 61 618
61 60 618
60 68 809
68 60 809
61 68 919
68 61 919
61 63 103
63 61 103
61 64 419
64 61 419
61 72 779
72 61 779
62 72 537
72 62 537
62 65 726
65 62 726
62 74 374
74 62 374
63 73 6
73 63 6
64 71 268
71 64 268
64 72 539
72 64 539
65 66 82
66 65 82
65 71 698
71 65 698
65 71 793
71 65 793
65 68 402
68 65 402
66 74 938
74 66 938
66 66 406
66 66 406
66 70 107
70 66 107
66 69 949
69 66 949
67 67 522
67 67 522
67 69 779
69 67 779
68 70 328
70 68 328
68 70 634
70 68 634
68 70 413
70 68 413
70 73 423
73 70 423
71 72 900
72 71 900
71 71 111
71 71 111
71 72 288
72 71 288
72 72 555
72 72 555
