98

0 1 130
1 0 130
0 2 211
2 0 211
0 3 783
3 0 783
0 6 538
6 0 538
0 17 174
17 0 174
0 7 1
7 0 1
0 68 329
68 0 329
0 56 457
56 0 457
0 71 323
71 0 323
0 6 798
6 0 798
0 51 41
51 0 41
0 69 550
69 0 550
0 87 171
87 0 171
0 96 929
96 0 929
0 30 330
30 0 330
0 76 472
76 0 472
0 53 234
53 0 234
1 4 307
4 1 307
1 13 936
13 1 936
1 69 966
69 1 966
1 3 188
3 1 188
1 67 745
67 1 745
1 88 736
88 1 736
1 28 5
28 1 5
1 69 881
69 1 881
1 27 673
27 1 673
1 41 591
41 1 591
1 53 770
53 1 770
1 25 212
25 1 212
1 31 748
31 1 748
1 68 160
68 1 160
1 15 209
15 1 209
1 75 578
75 1 578
2 5 756
5 2 756
2 14 987
14 2 987
2 21 542
21 2 542
2 53 579
53 2 579
2 71 451
71 2 451
2 8 798
8 2 798
2 24 920
24 2 920
2 62 182
62 2 182
2 31 404
31 2 404
2 78 831
78 2 831
2 56 663
56 2 663
2 64 523
64 2 523
2 59 57
59 2 57
2 55 62
55 2 62
3 28 109
28 3 109
3 19 955
19 3 955
3 78 860
78 3 860
3 29 471
29 3 471
3 90 761
90 3 761
3 12 869
12 3 869
3 63 677
63 3 677
3 90 183
90 3 183
3 26 593
26 3 593
3 77 309
77 3 309
3 33 352
33 3 352
4 7 837
7 4 837
4 15 509
15 4 509
4 21 917
21 4 917
4 29 332
29 4 332
4 31 989
31 4 989
4 45 256
45 4 256
4 58 560
58 4 560
4 62 704
62 4 704
4 10 633
10 4 633
4 66 36
66 4 36
4 37 436
37 4 436
4 73 254
73 4 254
4 69 369
69 4 369
4 10 423
10 4 423
4 50 590
50 4 590
4 41 194
41 4 194
4 67 880
67 4 880
4 79 611
79 4 611
4 93 227
93 4 227
4 18 245
18 4 245
4 60 825
60 4 825
5 9 210
9 5 210
5 10 399
10 5 399
5 11 181
11 5 181
5 30 846
30 5 846
5 37 895
37 5 895
5 32 381
32 5 381
5 85 684
85 5 684
5 30 268
30 5 268
5 24 160
24 5 160
5 93 650
93 5 650
5 36 447
36 5 447
5 54 136
54 5 136
5 63 7
63 5 7
5 10 804
10 5 804
5 33 163
33 5 163
5 44 650
44 5 650
5 84 126
84 5 126
5 78 508
78 5 508
6 16 662
16 6 662
6 82 381
82 6 381
6 87 890
87 6 890
6 7 606
7 6 606
6 9 324
9 6 324
6 93 985
93 6 985
6 67 574
67 6 574
6 24 372
24 6 372
6 88 713
88 6 713
6 86 131
86 6 131
6 77 325
77 6 325
6 82 136
82 6 136
6 66 886
66 6 886
6 72 342
72 6 342
6 62 118
62 6 118
6 25 121
25 6 121
6 58 477
58 6 477
6 14 423
14 6 423
7 8 789
8 7 789
7 25 827
25 7 827
7 42 613
42 7 613
7 48 384
48 7 384
7 15 175
15 7 175
7 21 708
21 7 708
7 8 766
8 7 766
7 9 647
9 7 647
7 54 214
54 7 214
7 22 462
22 7 462
7 93 808
93 7 808
7 8 522
8 7 522
7 73 564
73 7 564
7 18 943
18 7 943
7 92 733
92 7 733
8 18 692
18 8 692
8 56 750
56 8 750
8 12 971
12 8 971
8 74 953
74 8 953
8 92 932
92 8 932
8 90 937
90 8 937
8 83 86
83 8 86
8 67 788
67 8 788
8 95 221
95 8 221
8 89 844
89 8 844
8 12 576
12 8 576
8 80 203
80 8 203
8 52 745
52 8 745
8 82 467
82 8 467
8 66 755
66 8 755
8 90 470
90 8 470
8 66 340
66 8 340
8 66 578
66 8 578
8 24 834
24 8 834
9 12 40
12 9 40
9 76 83
76 9 83
9 95 322
95 9 322
9 95 558
95 9 558
9 78 633
78 9 633
9 63 185
63 9 185
9 92 714
92 9 714
9 41 575
41 9 575
9 42 526
42 9 526
9 24 88
24 9 88
9 61 975
61 9 975
9 13 505
13 9 505
9 64 376
64 9 376
9 89 523
89 9 523
9 34 501
34 9 501
9 93 688
93 9 688
9 43 541
43 9 541
9 79 800
79 9 800
9 64 226
64 9 226
9 28 801
28 9 801
9 21 751
21 9 751
9 33 558
33 9 558
10 50 895
50 10 895
10 66 524
66 10 524
10 50 541
50 10 541
10 69 769
69 10 769
10 49 418
49 10 418
10 56 577
56 10 577
10 20 140
20 10 140
10 14 832
14 10 832
10 66 805
66 10 805
10 26 470
26 10 470
10 46 882
46 10 882
10 19 241
19 10 241
10 22 160
22 10 160
11 54 189
54 11 189
11 73 270
73 11 270
11 95 786
95 11 786
11 85 175
85 11 175
11 80 897
80 11 897
11 28 90
28 11 90
11 28 41
28 11 41
11 84 814
84 11 814
11 94 739
94 11 739
11 69 294
69 11 294
11 55 642
55 11 642
11 35 363
35 11 363
11 21 450
21 11 450
12 49 108
49 12 108
12 53 68
53 12 68
12 94 190
94 12 190
12 33 736
33 12 736
12 88 789
88 12 789
12 94 579
94 12 579
12 34 106
34 12 106
12 47 296
47 12 296
12 43 475
43 12 475
12 63 239
63 12 239
12 46 989
46 12 989
12 41 990
41 12 990
12 45 971
45 12 971
12 24 230
24 12 230
12 43 716
43 12 716
12 74 902
74 12 902
12 92 539
92 12 539
12 76 622
76 12 622
12 86 24
86 12 24
12 82 26
82 12 26
12 71 870
71 12 870
13 19 746
19 13 746
13 22 465
22 13 465
13 31 479
31 13 479
13 33 572
33 13 572
13 21 861
21 13 861
13 50 757
50 13 757
13 89 993
89 13 993
13 73 633
73 13 633
13 77 160
77 13 160
13 17 88
17 13 88
13 36 6
36 13 6
13 36 754
36 13 754
13 43 578
43 13 578
13 34 604
34 13 604
13 90 125
90 13 125
13 74 578
74 13 578
13 45 501
45 13 501
14 38 797
38 14 797
14 43 444
43 14 444
14 70 817
70 14 817
14 67 563
67 14 563
14 32 295
32 14 295
14 88 404
88 14 404
14 38 575
38 14 575
14 79 196
79 14 196
14 65 513
65 14 513
14 49 91
49 14 91
14 88 194
88 14 194
14 28 13
28 14 13
14 39 860
39 14 860
15 27 280
27 15 280
15 83 655
83 15 655
15 95 455
95 15 455
15 55 789
55 15 789
15 53 88
53 15 88
15 27 169
27 15 169
15 56 746
56 15 746
15 21 944
21 15 944
15 56 284
56 15 284
15 26 296
26 15 296
15 83 184
83 15 184
15 90 813
90 15 813
15 85 780
85 15 780
16 55 88
55 16 88
16 80 539
80 16 539
16 79 123
79 16 123
16 64 705
64 16 705
16 88 640
88 16 640
16 91 259
91 16 259
16 37 26
37 16 26
16 76 701
76 16 701
16 40 676
40 16 676
16 83 531
83 16 531
16 64 497
64 16 497
16 86 18
86 16 18
17 40 962
40 17 962
17 78 343
78 17 343
17 88 522
88 17 522
17 19 234
19 17 234
17 91 854
91 17 854
17 88 273
88 17 273
17 74 953
74 17 953
17 80 884
80 17 884
17 36 923
36 17 923
17 30 200
30 17 200
17 81 47
81 17 47
17 27 870
27 17 870
17 62 507
62 17 507
17 29 992
29 17 992
17 36 866
36 17 866
17 62 650
62 17 650
17 51 575
51 17 575
17 70 499
70 17 499
17 88 269
88 17 269
18 59 470
59 18 470
18 71 838
71 18 838
18 23 750
23 18 750
18 75 356
75 18 356
18 26 370
26 18 370
18 83 71
83 18 71
18 71 72
71 18 72
18 19 315
19 18 315
18 76 889
76 18 889
18 58 847
58 18 847
18 45 456
45 18 456
18 78 424
78 18 424
18 34 307
34 18 307
18 85 522
85 18 522
18 59 828
59 18 828
18 34 192
34 18 192
18 55 110
55 18 110
18 63 725
63 18 725
18 83 749
83 18 749
18 91 291
91 18 291
18 37 46
37 18 46
18 23 523
23 18 523
18 53 443
53 18 443
18 92 465
92 18 465
18 53 274
53 18 274
18 66 335
66 18 335
18 83 273
83 18 273
19 20 379
20 19 379
19 47 67
47 19 67
19 89 168
89 19 168
19 32 679
32 19 679
19 20 458
20 19 458
19 95 691
95 19 691
19 90 80
90 19 80
19 79 872
79 19 872
20 34 993
34 20 993
20 82 812
82 20 812
20 79 808
79 20 808
20 39 122
39 20 122
20 34 204
34 20 204
20 35 227
35 20 227
20 47 603
47 20 603
20 66 455
66 20 455
20 77 256
77 20 256
20 97 852
97 20 852
20 45 960
45 20 960
20 97 761
97 20 761
20 54 711
54 20 711
20 65 420
65 20 420
21 54 109
54 21 109
21 80 606
80 21 606
21 52 766
52 21 766
21 85 424
85 21 424
21 35 41
35 21 41
21 25 265
25 21 265
21 36 237
36 21 237
21 71 292
71 21 292
21 27 485
27 21 485
21 77 325
77 21 325
21 39 356
39 21 356
21 91 193
91 21 193
21 75 84
75 21 84
21 80 99
80 21 99
22 23 470
23 22 470
22 24 501
24 22 501
22 26 999
26 22 999
22 39 162
39 22 162
22 63 122
63 22 122
22 79 816
79 22 816
22 85 421
85 22 421
22 35 713
35 22 713
22 31 768
31 22 768
22 42 85
42 22 85
22 69 835
69 22 835
22 81 285
81 22 285
22 45 197
45 22 197
22 28 257
28 22 257
22 86 499
86 22 499
22 90 864
90 22 864
22 83 199
83 22 199
22 95 230
95 22 230
23 44 666
44 23 666
23 37 838
37 23 838
23 92 966
92 23 966
23 70 400
70 23 400
23 25 952
25 23 952
23 37 991
37 23 991
23 30 407
30 23 407
23 74 237
74 23 237
23 62 16
62 23 16
23 31 410
31 23 410
23 91 581
91 23 581
23 31 218
31 23 218
23 43 62
43 23 62
23 66 724
66 23 724
24 33 128
33 24 128
24 35 792
35 24 792
24 39 292
39 24 292
24 42 140
42 24 140
24 29 617
29 24 617
24 48 215
48 24 215
24 39 86
39 24 86
24 81 807
81 24 807
24 68 249
68 24 249
24 97 38
97 24 38
24 43 565
43 24 565
24 39 485
39 24 485
25 59 637
59 25 637
25 97 308
97 25 308
25 76 555
76 25 555
25 65 789
65 25 789
25 56 258
56 25 258
25 42 724
42 25 724
25 56 660
56 25 660
25 50 106
50 25 106
25 67 952
67 25 952
25 61 567
61 25 567
25 51 840
51 25 840
25 90 170
90 25 170
25 63 158
63 25 158
25 37 451
37 25 451
26 76 200
76 26 200
26 69 903
69 26 903
26 67 375
67 26 375
26 51 916
51 26 916
26 34 227
34 26 227
26 70 479
70 26 479
26 39 61
39 26 61
26 28 522
28 26 522
26 57 439
57 26 439
27 62 895
62 27 895
27 73 901
73 27 901
27 56 711
56 27 711
27 44 732
44 27 732
27 40 787
40 27 787
27 68 564
68 27 564
27 50 523
50 27 523
27 82 765
82 27 765
27 65 398
65 27 398
27 82 841
82 27 841
27 82 739
82 27 739
27 88 821
88 27 821
27 89 611
89 27 611
27 41 525
41 27 525
27 33 655
33 27 655
27 92 556
92 27 556
28 36 501
36 28 501
28 41 635
41 28 635
28 80 351
80 28 351
28 61 279
61 28 279
28 42 640
42 28 640
28 70 576
70 28 576
28 37 441
37 28 441
28 68 897
68 28 897
28 81 285
81 28 285
28 39 239
39 28 239
28 41 90
41 28 90
29 46 74
46 29 74
29 93 147
93 29 147
29 43 711
43 29 711
29 82 795
82 29 795
29 73 486
73 29 486
29 41 192
41 29 192
29 43 904
43 29 904
29 67 207
67 29 207
29 94 435
94 29 435
29 58 9
58 29 9
29 81 212
81 29 212
29 49 265
49 29 265
29 69 550
69 29 550
29 68 347
68 29 347
30 53 950
53 30 950
30 42 819
42 30 819
30 63 477
63 30 477
30 65 81
65 30 81
30 88 308
88 30 308
30 72 82
72 30 82
30 37 589
37 30 589
30 87 440
87 30 440
31 32 614
32 31 614
31 52 578
52 31 578
31 63 708
63 31 708
31 68 132
68 31 132
31 86 374
86 31 374
31 73 86
73 31 86
31 64 792
64 31 792
31 61 738
61 31 738
31 59 638
59 31 638
31 84 268
84 31 268
31 48 853
48 31 853
31 96 684
96 31 684
31 66 981
66 31 981
31 86 750
86 31 750
31 58 446
58 31 446
31 83 82
83 31 82
31 90 894
90 31 894
31 67 428
67 31 428
31 71 950
71 31 950
31 36 770
36 31 770
31 37 716
37 31 716
32 74 352
74 32 352
32 71 779
71 32 779
32 36 94
36 32 94
32 65 913
65 32 913
32 97 700
97 32 700
32 86 979
86 32 979
32 71 944
71 32 944
32 59 423
59 32 423
32 61 739
61 32 739
32 93 717
93 32 717
32 57 733
57 32 733
33 49 397
49 33 397
33 95 771
95 33 771
33 52 674
52 33 674
33 54 521
54 33 521
33 38 818
38 33 818
33 67 542
67 33 542
33 88 26
88 33 26
33 43 865
43 33 865
33 52 665
52 33 665
33 89 253
89 33 253
33 97 199
97 33 199
33 69 931
69 33 931
33 84 130
84 33 130
33 81 105
81 33 105
33 91 652
91 33 652
33 52 107
52 33 107
34 41 846
41 34 846
34 97 519
97 34 519
34 37 312
37 34 312
34 36 816
36 34 816
34 48 371
48 34 371
34 54 842
54 34 842
34 76 855
76 34 855
34 60 341
60 34 341
34 93 983
93 34 983
34 35 18
35 34 18
34 71 375
71 34 375
34 75 684
75 34 684
34 37 463
37 34 463
34 55 954
55 34 954
35 56 758
56 35 758
35 44 408
44 35 408
35 81 848
81 35 848
35 76 280
76 35 280
35 89 782
89 35 782
35 68 219
68 35 219
35 97 875
97 35 875
35 47 51
47 35 51
35 53 853
53 35 853
36 97 957
97 36 957
36 67 581
67 36 581
36 71 870
71 36 870
36 85 995
85 36 995
36 84 242
84 36 242
36 91 997
91 36 997
36 70 383
70 36 383
36 65 894
65 36 894
36 51 435
51 36 435
36 65 980
65 36 980
36 62 617
62 36 617
37 51 877
51 37 877
37 61 486
61 37 486
37 81 337
81 37 337
37 81 136
81 37 136
37 40 530
40 37 530
37 45 934
45 37 934
37 38 366
38 37 366
37 57 879
57 37 879
37 52 43
52 37 43
37 85 464
85 37 464
37 61 420
61 37 420
37 58 282
58 37 282
37 59 402
59 37 402
37 63 407
63 37 407
37 84 611
84 37 611
37 39 652
39 37 652
38 74 364
74 38 364
38 45 652
45 38 652
38 66 107
66 38 107
38 41 807
41 38 807
38 92 511
92 38 511
38 41 631
41 38 631
38 90 409
90 38 409
38 86 951
86 38 951
38 46 573
46 38 573
38 61 604
61 38 604
38 73 454
73 38 454
38 51 728
51 38 728
39 95 704
95 39 704
39 97 435
97 39 435
39 48 250
48 39 250
39 92 389
92 39 389
39 75 409
75 39 409
39 64 297
64 39 297
39 54 195
54 39 195
40 73 492
73 40 492
40 54 572
54 40 572
40 50 574
50 40 574
40 59 690
59 40 690
40 87 393
87 40 393
40 70 112
70 40 112
40 54 345
54 40 345
40 82 28
82 40 28
41 60 127
60 41 127
41 47 344
47 41 344
41 83 409
83 41 409
41 79 702
79 41 702
41 43 333
43 41 333
41 80 580
80 41 580
41 74 603
74 41 603
41 92 237
92 41 237
41 45 451
45 41 451
41 89 331
89 41 331
42 64 608
64 42 608
42 96 431
96 42 431
42 69 502
69 42 502
42 51 170
51 42 170
42 69 319
69 42 319
42 57 13
57 42 13
42 77 800
77 42 800
42 88 562
88 42 562
42 82 650
82 42 650
42 94 671
94 42 671
42 82 310
82 42 310
42 79 686
79 42 686
43 80 941
80 43 941
43 88 441
88 43 441
43 83 178
83 43 178
43 90 596
90 43 596
43 95 299
95 43 299
43 97 742
97 43 742
44 53 818
53 44 818
44 63 73
63 44 73
44 79 889
79 44 889
44 97 612
97 44 612
44 49 119
49 44 119
45 54 592
54 45 592
45 92 561
92 45 561
45 57 811
57 45 811
45 94 409
94 45 409
46 80 404
80 46 404
46 88 768
88 46 768
46 84 812
84 46 812
47 87 191
87 47 191
47 93 865
93 47 865
47 96 996
96 47 996
47 67 563
67 47 563
47 58 638
58 47 638
47 94 407
94 47 407
47 66 57
66 47 57
47 70 893
70 47 893
47 80 484
80 47 484
47 97 634
97 47 634
47 91 368
91 47 368
47 80 664
80 47 664
48 62 242
62 48 242
48 70 66
70 48 66
48 72 782
72 48 782
48 53 868
53 48 868
48 84 452
84 48 452
48 97 113
97 48 113
48 88 152
88 48 152
48 55 229
55 48 229
48 75 801
75 48 801
48 74 69
74 48 69
48 79 419
79 48 419
48 66 708
66 48 708
48 66 3
66 48 3
49 92 982
92 49 982
49 93 257
93 49 257
49 55 620
55 49 620
49 72 391
72 49 391
49 89 554
89 49 554
49 73 369
73 49 369
49 83 931
83 49 931
49 76 157
76 49 157
49 62 808
62 49 808
50 71 893
71 50 893
50 86 386
86 50 386
50 84 601
84 50 601
50 81 216
81 50 216
50 67 526
67 50 526
51 75 891
75 51 891
51 56 60
56 51 60
51 85 367
85 51 367
51 90 427
90 51 427
52 75 830
75 52 830
52 86 638
86 52 638
52 88 714
88 52 714
52 76 870
76 52 870
52 62 903
62 52 903
52 88 15
88 52 15
53 89 667
89 53 667
53 85 243
85 53 243
53 94 314
94 53 314
53 86 874
86 53 874
53 85 873
85 53 873
53 54 4
54 53 4
53 71 854
71 53 854
54 79 933
79 54 933
54 62 533
62 54 533
54 94 149
94 54 149
54 84 547
84 54 547
54 77 805
77 54 805
54 91 689
91 54 689
54 58 386
58 54 386
54 75 238
75 54 238
54 84 96
84 54 96
55 57 504
57 55 504
55 92 579
92 55 579
55 82 219
82 55 219
55 64 671
64 55 671
55 78 646
78 55 646
55 76 483
76 55 483
55 89 469
89 55 469
55 96 468
96 55 468
55 69 869
69 55 869
55 62 206
62 55 206
55 67 177
67 55 177
55 76 104
76 55 104
56 84 434
84 56 434
56 92 766
92 56 766
56 75 367
75 56 367
56 76 276
76 56 276
56 72 840
72 56 840
56 96 940
96 56 940
56 85 175
85 56 175
56 93 415
93 56 415
57 90 349
90 57 349
57 82 826
82 57 826
57 61 327
61 57 327
57 86 972
86 57 972
57 87 849
87 57 849
57 83 178
83 57 178
58 77 138
77 58 138
58 88 791
88 58 791
58 72 20
72 58 20
58 96 771
96 58 771
58 92 115
92 58 115
58 59 304
59 58 304
58 70 680
70 58 680
58 74 12
74 58 12
58 81 971
81 58 971
59 67 961
67 59 961
59 89 708
89 59 708
59 89 973
89 59 973
59 65 282
65 59 282
59 96 760
96 59 760
59 85 550
85 59 550
59 63 171
63 59 171
60 65 618
65 60 618
60 93 590
93 60 590
60 83 899
83 60 899
60 85 900
85 60 900
60 86 419
86 60 419
61 77 315
77 61 315
61 72 159
72 61 159
61 78 536
78 61 536
61 90 337
90 61 337
61 61 872
61 61 872
61 66 324
66 61 324
62 71 682
71 62 682
62 63 485
63 62 485
62 71 168
71 62 168
62 82 135
82 62 135
62 95 196
95 62 196
62 84 647
84 62 647
62 64 855
64 62 855
63 92 653
92 63 653
63 94 612
94 63 612
63 78 178
78 63 178
63 75 160
75 63 160
64 88 567
88 64 567
64 84 594
84 64 594
64 71 986
71 64 986
64 96 867
96 64 867
64 73 108
73 64 108
65 92 955
92 65 955
65 86 997
86 65 997
66 95 711
95 66 711
66 71 931
71 66 931
66 73 742
73 66 742
66 72 704
72 66 704
66 83 212
83 66 212
66 96 226
96 66 226
66 96 130
96 66 130
66 69 249
69 66 249
67 94 652
94 67 652
67 78 302
78 67 302
67 77 809
77 67 809
67 86 473
86 67 473
67 86 401
86 67 401
67 78 636
78 67 636
67 92 864
92 67 864
68 91 836
91 68 836
68 96 67
96 68 67
68 88 703
88 68 703
68 87 581
87 68 581
68 79 185
79 68 185
68 89 382
89 68 382
68 76 207
76 68 207
68 97 699
97 68 699
69 83 111
83 69 111
69 90 789
90 69 789
69 81 529
81 69 529
69 72 696
72 69 696
69 77 510
77 69 510
70 80 810
80 70 810
70 72 197
72 70 197
70 86 33
86 70 33
70 96 452
96 70 452
70 86 382
86 70 382
71 75 335
75 71 335
71 91 449
91 71 449
72 91 695
91 72 695
72 96 50
96 72 50
73 91 363
91 73 363
73 81 235
81 73 235
73 84 928
84 73 928
73 95 247
95 73 247
74 81 49
81 74 49
74 83 177
83 74 177
74 76 121
76 74 121
74 87 745
87 74 745
74 91 589
91 74 589
74 76 221
76 74 221
74 85 409
85 74 409
75 95 58
95 75 58
75 88 585
88 75 585
75 76 945
76 75 945
75 81 840
81 75 840
75 90 645
90 75 645
76 79 953
79 76 953
76 91 867
91 76 867
77 95 808
95 77 808
78 85 672
85 78 672
78 91 871
91 78 871
78 86 77
86 78 77
78 83 587
83 78 587
78 87 129
87 78 129
79 96 799
96 79 799
79 86 90
86 79 90
80 96 713
96 80 713
81 91 335
91 81 335
82 90 878
90 82 878
82 93 27
93 82 27
83 91 119
91 83 119
83 91 866
91 83 866
84 93 668
93 84 668
84 88 590
88 84 590
84 85 289
85 84 289
84 94 590
94 84 590
85 89 262
89 85 262
85 96 280
96 85 280
85 86 889
86 85 889
86 89 635
89 86 635
86 89 214
89 86 214
86 94 141
94 86 141
86 88 513
88 86 513
89 94 286
94 89 286
89 92 473
92 89 473
89 92 259
92 89 259
92 92 212
92 92 212
