71

0 1 562
1 0 562
0 2 368
2 0 368
0 9 677
9 0 677
0 11 20
11 0 20
0 60 278
60 0 278
0 65 258
65 0 258
0 57 896
57 0 896
0 1 3
1 0 3
0 4 89
4 0 89
0 34 524
34 0 524
1 3 92
3 1 92
1 6 428
6 1 428
1 15 369
15 1 369
1 26 253
26 1 253
1 47 659
47 1 659
1 28 938
28 1 938
1 8 186
8 1 186
1 53 708
53 1 708
1 68 817
68 1 817
1 50 248
50 1 248
1 4 233
4 1 233
2 7 852
7 2 852
2 66 713
66 2 713
2 24 128
24 2 128
2 44 909
44 2 909
2 11 138
11 2 138
2 28 772
28 2 772
2 54 629
54 2 629
2 35 95
35 2 95
2 29 950
29 2 950
3 4 419
4 3 419
3 38 753
38 3 753
3 61 908
61 3 908
3 24 913
24 3 913
3 5 534
5 3 534
3 40 82
40 3 82
3 15 153
15 3 153
3 53 166
53 3 166
3 33 465
33 3 465
3 56 867
56 3 867
4 5 817
5 4 817
4 23 534
23 4 534
4 48 868
48 4 868
4 68 166
68 4 166
4 9 629
9 4 629
4 33 482
33 4 482
4 14 645
14 4 645
4 15 206
15 4 206
4 31 284
31 4 284
4 16 208
16 4 208
4 45 549
45 4 549
4 48 194
48 4 194
5 13 794
13 5 794
5 63 445
63 5 445
5 33 416
33 5 416
6 20 682
20 6 682
6 35 842
35 6 842
6 70 587
70 6 587
6 12 97
12 6 97
6 33 500
33 6 500
6 22 557
22 6 557
6 45 911
45 6 911
6 22 497
22 6 497
7 8 973
8 7 973
7 12 148
12 7 148
7 69 252
69 7 252
7 57 808
57 7 808
7 15 824
15 7 824
7 34 784
34 7 784
7 24 835
24 7 835
7 23 501
23 7 501
7 24 112
24 7 112
7 38 351
38 7 351
7 21 962
21 7 962
7 28 882
28 7 882
8 18 336
18 8 336
8 19 949
19 8 949
8 27 719
27 8 719
8 29 69
29 8 69
8 57 826
57 8 826
8 12 257
12 8 257
8 13 581
13 8 581
8 28 797
28 8 797
8 67 922
67 8 922
9 10 204
10 9 204
9 21 973
21 9 973
9 53 267
53 9 267
9 55 450
55 9 450
10 29 818
29 10 818
10 67 362
67 10 362
10 38 836
38 10 836
10 61 705
61 10 705
10 46 882
46 10 882
11 37 422
37 11 422
11 39 682
39 11 682
11 68 76
68 11 76
11 12 92
12 11 92
11 59 270
59 11 270
11 49 573
49 11 573
12 14 390
14 12 390
12 16 252
16 12 252
12 50 144
50 12 144
12 25 864
25 12 864
12 39 455
39 12 455
12 51 169
51 12 169
13 22 3
22 13 3
13 67 544
67 13 544
13 53 554
53 13 554
13 23 144
23 13 144
13 70 972
70 13 972
13 49 125
49 13 125
14 60 210
60 14 210
14 41 308
41 14 308
14 54 905
54 14 905
14 51 844
51 14 844
14 55 472
55 14 472
14 40 70
40 14 70
14 68 897
68 14 897
14 44 151
44 14 151
15 17 35
17 15 35
15 24 532
24 15 532
15 25 659
25 15 659
15 21 892
21 15 892
15 60 523
60 15 523
15 54 448
54 15 448
15 29 926
29 15 926
16 28 722
28 16 722
16 30 103
30 16 103
16 66 146
66 16 146
17 48 584
48 17 584
17 67 926
67 17 926
17 50 630
50 17 630
17 46 427
46 17 427
17 25 478
25 17 478
17 38 912
38 17 912
18 32 367
32 18 367
18 19 770
19 18 770
18 48 406
48 18 406
18 67 866
67 18 866
19 70 267
70 19 267
19 60 659
60 19 659
19 42 315
42 19 315
19 49 640
49 19 640
19 24 476
24 19 476
20 36 457
36 20 457
20 21 563
21 20 563
20 63 737
63 20 737
20 27 383
27 20 383
20 61 691
61 20 691
20 36 33
36 20 33
20 68 848
68 20 848
20 37 591
37 20 591
20 25 408
25 20 408
21 46 561
46 21 561
21 47 971
47 21 971
21 32 677
32 21 677
21 31 213
31 21 213
21 27 657
27 21 657
21 56 743
56 21 743
21 57 531
57 21 531
21 24 328
24 21 328
21 27 267
27 21 267
22 42 944
42 22 944
22 55 737
55 22 737
22 49 108
49 22 108
22 31 954
31 22 954
22 28 212
28 22 212
22 35 677
35 22 677
22 67 187
67 22 187
22 35 36
35 22 36
23 57 856
57 23 856
23 47 904
47 23 904
23 58 506
58 23 506
23 54 706
54 23 706
23 50 625
50 23 625
23 28 850
28 23 850
23 56 841
56 23 841
24 33 590
33 24 590
24 70 928
70 24 928
24 36 856
36 24 856
24 61 981
61 24 981
24 61 512
61 24 512
24 68 228
68 24 228
25 31 239
31 25 239
25 40 64
40 25 64
25 41 469
41 25 469
25 43 852
43 25 852
25 28 435
28 25 435
25 37 232
37 25 232
26 33 918
33 26 918
26 34 340
34 26 340
26 30 404
30 26 404
26 60 581
60 26 581
26 39 459
39 26 459
26 52 848
52 26 848
27 48 646
48 27 646
27 43 826
43 27 826
27 67 766
67 27 766
28 45 76
45 28 76
28 54 86
54 28 86
28 67 34
67 28 34
29 64 268
64 29 268
29 66 409
66 29 409
29 58 444
58 29 444
30 47 127
47 30 127
30 37 586
37 30 586
30 35 743
35 30 743
30 41 862
41 30 862
31 33 727
33 31 727
31 33 76
33 31 76
31 57 524
57 31 524
31 61 392
61 31 392
31 65 175
65 31 175
31 51 661
51 31 661
31 47 865
47 31 865
32 52 736
52 32 736
32 34 785
34 32 785
32 61 651
61 32 651
32 52 467
52 32 467
33 55 218
55 33 218
34 44 967
44 34 967
34 51 23
51 34 23
34 42 852
42 34 852
34 65 484
65 34 484
35 39 567
39 35 567
35 46 789
46 35 789
35 43 55
43 35 55
35 43 723
43 35 723
35 35 704
35 35 704
35 57 591
57 35 591
35 52 835
52 35 835
36 55 520
55 36 520
37 49 655
49 37 655
37 62 175
62 37 175
37 42 568
42 37 568
38 48 244
48 38 244
38 51 311
51 38 311
38 50 156
50 38 156
38 56 95
56 38 95
38 39 930
39 38 930
39 40 618
40 39 618
39 52 169
52 39 169
39 46 2
46 39 2
39 70 282
70 39 282
40 58 249
58 40 249
40 50 595
50 40 595
40 61 695
61 40 695
40 66 787
66 40 787
40 62 601
62 40 601
41 61 602
61 41 602
41 45 323
45 41 323
43 66 36
66 43 36
43 58 832
58 43 832
43 62 580
62 43 580
44 53 127
53 44 127
44 67 299
67 44 299
44 52 509
52 44 509
44 67 17
67 44 17
45 51 983
51 45 983
45 56 298
56 45 298
46 58 438
58 46 438
46 68 577
68 46 577
46 48 493
48 46 493
47 68 194
68 47 194
47 62 477
62 47 477
47 61 980
61 47 980
47 53 709
53 47 709
47 69 446
69 47 446
49 52 378
52 49 378
49 52 903
52 49 903
49 61 378
61 49 378
51 52 631
52 51 631
51 58 743
58 51 743
51 65 45
65 51 45
51 53 792
53 51 792
52 59 594
59 52 594
52 63 422
63 52 422
53 63 215
63 53 215
55 56 814
56 55 814
55 69 416
69 55 416
58 63 483
63 58 483
58 60 298
60 58 298
61 68 518
68 61 518
62 64 542
64 62 542
62 68 115
68 62 115
62 67 155
67 62 155
63 66 193
66 63 193
68 69 839
69 68 839
