35

0 1 226
1 0 226
0 3 912
3 0 912
0 8 739
8 0 739
0 22 111
22 0 111
0 0 752
0 0 752
0 18 130
18 0 130
0 2 848
2 0 848
0 7 452
7 0 452
0 27 811
27 0 811
1 2 501
2 1 501
1 5 820
5 1 820
1 27 146
27 1 146
1 11 152
11 1 152
1 32 330
32 1 330
1 24 773
24 1 773
2 4 575
4 2 575
2 9 277
9 2 277
2 13 887
13 2 887
2 15 476
15 2 476
2 20 610
20 2 610
2 24 268
24 2 268
2 2 117
2 2 117
2 20 650
20 2 650
2 31 298
31 2 298
3 6 327
6 3 327
3 10 717
10 3 717
3 16 475
16 3 475
3 7 446
7 3 446
3 13 511
13 3 511
3 26 914
26 3 914
3 30 978
30 3 978
3 22 989
22 3 989
3 4 878
4 3 878
4 7 414
7 4 414
4 13 611
13 4 611
4 29 902
29 4 902
4 10 273
10 4 273
4 9 691
9 4 691
5 7 738
7 5 738
5 12 472
12 5 472
5 14 867
14 5 867
5 17 349
17 5 349
5 32 5
32 5 5
5 27 937
27 5 937
5 30 217
30 5 217
5 30 490
30 5 490
6 26 16
26 6 16
6 32 671
32 6 671
6 34 230
34 6 230
6 31 111
31 6 111
6 11 831
11 6 831
6 28 95
28 6 95
6 20 950
20 6 950
6 22 323
22 6 323
6 9 572
9 6 572
6 26 573
26 6 573
7 23 462
23 7 462
7 25 346
25 7 346
7 34 447
34 7 447
7 30 218
30 7 218
7 8 1000
8 7 1000
7 23 895
23 7 895
7 32 890
32 7 890
7 20 666
20 7 666
7 16 570
16 7 570
7 24 313
24 7 313
7 32 521
32 7 521
8 11 454
11 8 454
8 32 789
32 8 789
8 15 735
15 8 735
8 16 976
16 8 976
8 22 657
22 8 657
8 27 334
27 8 334
8 34 680
34 8 680
8 19 917
19 8 917
9 21 87
21 9 87
9 15 954
15 9 954
9 19 741
19 9 741
9 15 297
15 9 297
10 28 644
28 10 644
10 20 256
20 10 256
10 11 509
11 10 509
10 10 130
10 10 130
10 17 571
17 10 571
10 11 926
11 10 926
11 11 623
11 11 623
11 31 231
31 11 231
11 18 843
18 11 843
11 29 428
29 11 428
12 18 28
18 12 28
12 34 895
34 12 895
12 25 937
25 12 937
12 31 589
31 12 589
12 18 11
18 12 11
13 16 225
16 13 225
14 19 504
19 14 504
14 20 142
20 14 142
14 18 872
18 14 872
14 16 870
16 14 870
15 28 339
28 15 339
15 16 434
16 15 434
15 18 590
18 15 590
16 22 299
22 16 299
16 17 324
17 16 324
16 22 794
22 16 794
17 28 845
28 17 845
17 31 135
31 17 135
18 26 760
26 18 760
18 32 34
32 18 34
18 29 416
29 18 416
18 33 329
33 18 329
18 29 830
29 18 830
19 24 125
24 19 125
19 25 883
25 19 883
19 22 267
22 19 267
20 30 962
30 20 962
20 25 369
25 20 369
20 25 851
25 20 851
20 34 293
34 20 293
21 30 788
30 21 788
21 33 663
33 21 663
22 27 564
27 22 564
22 25 533
25 22 533
23 26 533
26 23 533
23 31 282
31 23 282
23 33 371
33 23 371
23 32 752
32 23 752
23 33 289
33 23 289
23 29 450
29 23 450
24 30 21
30 24 21
24 25 349
25 24 349
24 34 141
34 24 141
24 33 335
33 24 335
25 29 101
29 25 101
25 28 18
28 25 18
26 30 518
30 26 518
27 27 677
27 27 677
27 31 798
31 27 798
27 29 389
29 27 389
28 33 539
33 28 539
28 34 483
34 28 483
28 33 315
33 28 315
28 29 311
29 28 311
28 31 142
31 28 142
28 33 478
33 28 478
30 32 858
32 30 858
31 33 795
33 31 795
31 31 850
31 31 850
33 33 157
33 33 157
