25

0 1 632
1 0 632
0 2 22
2 0 22
0 11 182
11 0 182
0 18 519
18 0 519
0 6 299
6 0 299
0 15 232
15 0 232
0 13 652
13 0 652
0 2 652
2 0 652
0 14 285
14 0 285
0 5 938
5 0 938
0 21 879
21 0 879
0 18 363
18 0 363
0 5 737
5 0 737
0 23 612
23 0 612
0 24 30
24 0 30
0 0 579
0 0 579
0 6 438
6 0 438
0 1 541
1 0 541
0 9 469
9 0 469
0 16 383
16 0 383
0 6 680
6 0 680
0 14 337
14 0 337
0 9 209
9 0 209
0 12 594
12 0 594
1 4 244
4 1 244
1 16 190
16 1 190
1 16 506
16 1 506
1 8 493
8 1 493
1 9 935
9 1 935
1 18 237
18 1 237
1 4 820
4 1 820
1 7 414
7 1 414
1 16 97
16 1 97
1 16 97
16 1 97
1 5 983
5 1 983
1 7 863
7 1 863
1 24 718
24 1 718
1 8 134
8 1 134
1 4 863
4 1 863
1 2 961
2 1 961
1 4 844
4 1 844
1 20 201
20 1 201
1 18 711
18 1 711
1 9 624
9 1 624
1 5 530
5 1 530
1 4 699
4 1 699
1 18 454
18 1 454
1 18 728
18 1 728
1 16 853
16 1 853
1 14 999
14 1 999
1 14 639
14 1 639
1 6 888
6 1 888
2 3 246
3 2 246
2 8 749
8 2 749
2 13 378
13 2 378
2 6 971
6 2 971
2 19 758
19 2 758
2 21 333
21 2 333
2 23 925
23 2 925
2 10 715
10 2 715
2 11 371
11 2 371
2 9 813
9 2 813
2 12 63
12 2 63
2 2 723
2 2 723
2 18 838
18 2 838
2 24 395
24 2 395
2 14 597
14 2 597
2 13 482
13 2 482
2 2 758
2 2 758
2 11 262
11 2 262
2 15 586
15 2 586
3 5 682
5 3 682
3 7 8
7 3 8
3 12 799
12 3 799
3 16 550
16 3 550
3 11 514
11 3 514
3 18 382
18 3 382
3 14 900
14 3 900
3 21 7
21 3 7
3 6 620
6 3 620
3 16 720
16 3 720
3 22 529
22 3 529
3 19 458
19 3 458
3 17 728
17 3 728
3 18 236
18 3 236
3 3 208
3 3 208
3 24 809
24 3 809
4 10 654
10 4 654
4 24 800
24 4 800
4 23 954
23 4 954
4 7 885
7 4 885
4 16 90
16 4 90
4 16 158
16 4 158
4 12 872
12 4 872
4 4 539
4 4 539
4 20 509
20 4 509
4 11 784
11 4 784
4 7 943
7 4 943
4 21 562
21 4 562
4 8 724
8 4 724
4 13 679
13 4 679
4 24 926
24 4 926
5 6 375
6 5 375
5 8 347
8 5 347
5 18 925
18 5 925
5 21 660
21 5 660
5 17 608
17 5 608
5 13 353
13 5 353
5 20 122
20 5 122
5 11 269
11 5 269
5 21 356
21 5 356
5 16 33
16 5 33
5 10 187
10 5 187
5 19 464
19 5 464
5 12 812
12 5 812
5 10 726
10 5 726
5 15 839
15 5 839
5 9 762
9 5 762
5 22 185
22 5 185
5 12 205
12 5 205
5 12 228
12 5 228
6 9 965
9 6 965
6 14 930
14 6 930
6 17 167
17 6 167
6 17 429
17 6 429
6 16 759
16 6 759
6 12 184
12 6 184
6 9 125
9 6 125
6 15 316
15 6 316
6 13 584
13 6 584
6 13 369
13 6 369
6 15 602
15 6 602
6 23 191
23 6 191
7 13 83
13 7 83
7 13 805
13 7 805
7 21 691
21 7 691
7 21 779
21 7 779
7 7 154
7 7 154
7 18 23
18 7 23
7 16 544
16 7 544
7 9 1000
9 7 1000
7 8 215
8 7 215
7 11 362
11 7 362
7 21 294
21 7 294
7 10 746
10 7 746
7 9 651
9 7 651
7 21 437
21 7 437
7 10 310
10 7 310
8 11 383
11 8 383
8 15 910
15 8 910
8 20 323
20 8 323
8 21 818
21 8 818
8 11 692
11 8 692
8 12 271
12 8 271
8 10 459
10 8 459
8 16 473
16 8 473
8 11 803
11 8 803
8 11 427
11 8 427
8 22 898
22 8 898
8 18 216
18 8 216
8 8 755
8 8 755
8 10 345
10 8 345
8 16 412
16 8 412
9 21 603
21 9 603
9 23 891
23 9 891
9 19 61
19 9 61
9 9 711
9 9 711
9 24 513
24 9 513
9 16 397
16 9 397
9 12 460
12 9 460
9 16 579
16 9 579
9 22 117
22 9 117
9 21 951
21 9 951
9 11 942
11 9 942
10 13 394
13 10 394
10 16 832
16 10 832
10 23 818
23 10 818
10 14 779
14 10 779
10 10 924
10 10 924
10 16 696
16 10 696
10 12 863
12 10 863
10 21 429
21 10 429
10 23 687
23 10 687
10 12 163
12 10 163
10 11 386
11 10 386
10 20 240
20 10 240
10 18 979
18 10 979
10 10 735
10 10 735
10 23 62
23 10 62
10 17 136
17 10 136
10 23 398
23 10 398
10 19 799
19 10 799
10 24 607
24 10 607
10 19 496
19 10 496
10 19 359
19 10 359
11 18 273
18 11 273
11 18 853
18 11 853
11 17 124
17 11 124
11 12 427
12 11 427
11 19 921
19 11 921
11 23 794
23 11 794
11 17 519
17 11 519
11 15 75
15 11 75
11 24 50
24 11 50
11 16 592
16 11 592
11 14 486
14 11 486
11 16 442
16 11 442
12 19 62
19 12 62
12 17 496
17 12 496
12 18 289
18 12 289
12 16 420
16 12 420
12 17 83
17 12 83
12 15 847
15 12 847
12 24 825
24 12 825
12 12 130
12 12 130
12 21 167
21 12 167
12 20 248
20 12 248
12 15 72
15 12 72
12 17 67
17 12 67
12 14 829
14 12 829
13 15 494
15 13 494
13 19 10
19 13 10
13 20 282
20 13 282
13 20 789
20 13 789
13 18 190
18 13 190
13 14 755
14 13 755
13 22 106
22 13 106
13 19 652
19 13 652
13 22 542
22 13 542
14 16 466
16 14 466
14 24 880
24 14 880
14 20 894
20 14 894
14 21 434
21 14 434
14 18 293
18 14 293
14 14 518
14 14 518
14 18 490
18 14 490
14 18 49
18 14 49
14 23 256
23 14 256
14 22 292
22 14 292
15 21 77
21 15 77
15 19 531
19 15 531
15 18 184
18 15 184
15 24 441
24 15 441
15 20 621
20 15 621
15 15 469
15 15 469
15 19 827
19 15 827
15 22 196
22 15 196
15 23 88
23 15 88
15 24 504
24 15 504
15 18 496
18 15 496
16 17 219
17 16 219
16 17 397
17 16 397
16 17 175
17 16 175
16 24 459
24 16 459
16 21 655
21 16 655
16 20 231
20 16 231
17 23 160
23 17 160
17 22 934
22 17 934
17 22 523
22 17 523
17 19 592
19 17 592
17 20 437
20 17 437
17 20 696
20 17 696
17 18 40
18 17 40
17 20 989
20 17 989
17 24 799
24 17 799
18 22 272
22 18 272
18 23 760
23 18 760
18 19 8
19 18 8
18 20 920
20 18 920
18 21 541
21 18 541
18 23 190
23 18 190
18 23 394
23 18 394
19 22 497
22 19 497
19 21 807
21 19 807
20 23 325
23 20 325
20 23 707
23 20 707
20 21 619
21 20 619
21 22 456
22 21 456
21 24 212
24 21 212
21 22 79
22 21 79
21 22 255
22 21 255
21 24 874
24 21 874
21 22 438
22 21 438
21 22 263
22 21 263
22 23 534
23 22 534
22 23 877
23 22 877
23 24 535
24 23 535
23 23 497
23 23 497
24 24 228
24 24 228
