14

0 1 15
1 0 15
0 2 73
2 0 73
0 3 218
3 0 218
0 12 929
12 0 929
0 6 451
6 0 451
0 11 569
11 0 569
0 13 904
13 0 904
0 12 550
12 0 550
0 1 556
1 0 556
1 4 477
4 1 477
1 6 162
6 1 162
1 6 820
6 1 820
1 11 850
11 1 850
1 10 538
10 1 538
1 12 994
12 1 994
1 13 19
13 1 19
1 10 679
10 1 679
2 9 689
9 2 689
2 11 822
11 2 822
2 8 881
8 2 881
2 4 187
4 2 187
2 10 855
10 2 855
3 7 535
7 3 535
3 10 199
10 3 199
3 13 958
13 3 958
3 3 767
3 3 767
3 8 566
8 3 566
4 5 506
5 4 506
4 8 600
8 4 600
4 13 31
13 4 31
4 6 614
6 4 614
4 10 294
10 4 294
4 6 184
6 4 184
4 6 536
6 4 536
4 11 549
11 4 549
5 7 676
7 5 676
5 8 533
8 5 533
5 9 306
9 5 306
5 8 204
8 5 204
5 10 855
10 5 855
5 7 255
7 5 255
5 7 583
7 5 583
5 6 758
6 5 758
5 11 965
11 5 965
6 10 632
10 6 632
6 12 727
12 6 727
6 9 705
9 6 705
6 8 725
8 6 725
6 7 197
7 6 197
7 8 299
8 7 299
7 12 183
12 7 183
7 13 937
13 7 937
7 13 975
13 7 975
7 12 743
12 7 743
8 12 880
12 8 880
8 13 676
13 8 676
9 11 581
11 9 581
9 11 173
11 9 173
9 10 644
10 9 644
9 13 971
13 9 971
9 10 228
10 9 228
10 13 851
13 10 851
10 11 997
11 10 997
10 13 838
13 10 838
10 13 576
13 10 576
11 12 135
12 11 135
11 12 1
12 11 1
11 12 850
12 11 850
12 12 803
12 12 803
12 13 943
13 12 943
