98

0 1 338
1 0 338
0 2 714
2 0 714
0 60 189
60 0 189
0 75 17
75 0 17
0 63 137
63 0 137
0 8 954
8 0 954
0 38 89
38 0 89
0 93 78
93 0 78
0 2 657
2 0 657
0 49 199
49 0 199
0 57 678
57 0 678
0 39 302
39 0 302
0 95 286
95 0 286
0 37 637
37 0 637
0 40 58
40 0 58
0 81 831
81 0 831
0 90 958
90 0 958
1 3 181
3 1 181
1 4 43
4 1 43
1 7 315
7 1 315
1 25 181
25 1 181
1 29 104
29 1 104
1 46 338
46 1 338
1 64 521
64 1 521
1 11 672
11 1 672
1 41 296
41 1 296
1 61 454
61 1 454
1 72 13
72 1 13
1 27 674
27 1 674
1 91 895
91 1 895
1 40 433
40 1 433
1 1 798
1 1 798
1 44 866
44 1 866
1 34 617
34 1 617
1 65 819
65 1 819
1 83 882
83 1 882
1 20 658
20 1 658
1 35 853
35 1 853
1 49 522
49 1 522
1 12 704
12 1 704
1 20 971
20 1 971
2 5 723
5 2 723
2 6 682
6 2 682
2 8 558
8 2 558
2 37 381
37 2 381
2 52 655
52 2 655
2 48 47
48 2 47
2 30 691
30 2 691
2 12 995
12 2 995
2 67 565
67 2 565
2 97 690
97 2 690
2 34 759
34 2 759
2 82 562
82 2 562
2 40 798
40 2 798
2 96 320
96 2 320
2 19 310
19 2 310
2 31 176
31 2 176
3 13 944
13 3 944
3 35 461
35 3 461
3 44 367
44 3 367
3 74 768
74 3 768
3 83 961
83 3 961
3 27 827
27 3 827
3 17 55
17 3 55
3 77 183
77 3 183
3 10 954
10 3 954
3 83 164
83 3 164
3 33 315
33 3 315
3 28 533
28 3 533
3 97 427
97 3 427
3 60 906
60 3 906
3 24 978
24 3 978
3 66 658
66 3 658
3 72 533
72 3 533
3 83 170
83 3 170
3 49 346
49 3 346
3 53 371
53 3 371
3 28 64
28 3 64
3 35 524
35 3 524
3 47 632
47 3 632
3 26 686
26 3 686
3 31 348
31 3 348
4 17 891
17 4 891
4 20 256
20 4 256
4 23 643
23 4 643
4 45 683
45 4 683
4 58 657
58 4 657
4 76 919
76 4 919
4 25 359
25 4 359
4 19 283
19 4 283
4 18 941
18 4 941
4 53 711
53 4 711
4 9 329
9 4 329
4 8 39
8 4 39
4 43 250
43 4 250
4 39 547
39 4 547
4 92 302
92 4 302
4 44 300
44 4 300
5 29 309
29 5 309
5 78 130
78 5 130
5 40 759
40 5 759
5 74 441
74 5 441
5 55 134
55 5 134
5 77 620
77 5 620
5 97 228
97 5 228
5 7 800
7 5 800
5 62 453
62 5 453
5 52 369
52 5 369
5 55 388
55 5 388
5 60 863
60 5 863
5 55 637
55 5 637
5 5 138
5 5 138
5 36 11
36 5 11
5 58 796
58 5 796
5 18 224
18 5 224
5 20 662
20 5 662
5 40 897
40 5 897
5 29 443
29 5 443
5 50 884
50 5 884
6 10 202
10 6 202
6 80 959
80 6 959
6 17 735
17 6 735
6 16 377
16 6 377
6 84 507
84 6 507
6 76 886
76 6 886
6 27 276
27 6 276
6 62 381
62 6 381
6 37 84
37 6 84
6 39 721
39 6 721
6 94 230
94 6 230
6 38 283
38 6 283
7 41 960
41 7 960
7 50 111
50 7 111
7 25 702
25 7 702
7 71 875
71 7 875
7 46 453
46 7 453
7 17 186
17 7 186
7 49 664
49 7 664
7 84 877
84 7 877
7 84 878
84 7 878
7 35 19
35 7 19
7 51 255
51 7 255
7 71 127
71 7 127
7 28 861
28 7 861
7 53 800
53 7 800
7 88 813
88 7 813
7 78 637
78 7 637
7 18 446
18 7 446
7 70 386
70 7 386
7 40 727
40 7 727
7 28 208
28 7 208
8 9 864
9 8 864
8 71 808
71 8 808
8 79 503
79 8 503
8 82 498
82 8 498
8 25 136
25 8 136
8 93 484
93 8 484
8 75 44
75 8 44
8 67 154
67 8 154
8 83 861
83 8 861
8 82 48
82 8 48
8 63 209
63 8 209
8 63 818
63 8 818
8 77 824
77 8 824
8 40 630
40 8 630
8 61 62
61 8 62
8 47 534
47 8 534
8 43 30
43 8 30
8 15 612
15 8 612
9 51 32
51 9 32
9 57 518
57 9 518
9 35 664
35 9 664
9 68 901
68 9 901
9 12 797
12 9 797
9 91 59
91 9 59
9 57 570
57 9 570
9 96 422
96 9 422
9 62 785
62 9 785
9 63 174
63 9 174
9 45 728
45 9 728
9 11 789
11 9 789
9 34 390
34 9 390
9 45 870
45 9 870
9 35 137
35 9 137
9 80 514
80 9 514
9 91 572
91 9 572
9 20 538
20 9 538
10 11 607
11 10 607
10 22 1
22 10 1
10 60 705
60 10 705
10 61 785
61 10 785
10 72 184
72 10 184
10 70 997
70 10 997
10 21 857
21 10 857
10 48 394
48 10 394
10 27 750
27 10 750
10 56 783
56 10 783
10 80 366
80 10 366
10 58 132
58 10 132
10 43 173
43 10 173
10 40 756
40 10 756
10 73 376
73 10 376
10 45 674
45 10 674
10 69 532
69 10 532
10 32 625
32 10 625
10 21 546
21 10 546
10 94 758
94 10 758
10 57 100
57 10 100
10 22 497
22 10 497
10 73 669
73 10 669
10 36 221
36 10 221
10 10 109
10 10 109
11 12 286
12 11 286
11 18 149
18 11 149
11 78 529
78 11 529
11 69 174
69 11 174
11 44 613
44 11 613
11 19 305
19 11 305
11 36 514
36 11 514
11 44 441
44 11 441
11 31 632
31 11 632
11 27 642
27 11 642
11 91 50
91 11 50
11 77 132
77 11 132
11 73 706
73 11 706
12 14 168
14 12 168
12 32 550
32 12 550
12 33 813
33 12 813
12 48 565
48 12 565
12 55 240
55 12 240
12 88 756
88 12 756
12 26 257
26 12 257
12 54 326
54 12 326
12 38 992
38 12 992
12 69 71
69 12 71
12 79 250
79 12 250
12 87 819
87 12 819
12 54 14
54 12 14
12 55 707
55 12 707
12 49 521
49 12 521
12 59 441
59 12 441
12 72 484
72 12 484
12 93 280
93 12 280
12 23 778
23 12 778
12 35 768
35 12 768
12 33 114
33 12 114
12 52 956
52 12 956
12 24 528
24 12 528
12 14 314
14 12 314
12 25 238
25 12 238
12 97 465
97 12 465
12 92 628
92 12 628
12 85 339
85 12 339
13 15 582
15 13 582
13 19 702
19 13 702
13 95 806
95 13 806
13 87 678
87 13 678
13 59 286
59 13 286
13 30 630
30 13 630
13 51 236
51 13 236
13 87 38
87 13 38
13 74 377
74 13 377
13 39 442
39 13 442
13 59 259
59 13 259
13 33 966
33 13 966
13 88 862
88 13 862
13 20 506
20 13 506
13 76 62
76 13 62
13 69 553
69 13 553
13 56 640
56 13 640
13 67 105
67 13 105
13 18 435
18 13 435
14 16 283
16 14 283
14 54 393
54 14 393
14 62 924
62 14 924
14 19 465
19 14 465
14 24 647
24 14 647
14 29 20
29 14 20
14 85 271
85 14 271
14 42 657
42 14 657
14 39 848
39 14 848
14 62 724
62 14 724
14 14 86
14 14 86
15 24 508
24 15 508
15 30 679
30 15 679
15 67 51
67 15 51
15 27 342
27 15 342
15 18 394
18 15 394
15 15 395
15 15 395
15 27 828
27 15 828
15 26 923
26 15 923
15 35 811
35 15 811
15 61 991
61 15 991
15 58 194
58 15 194
15 57 140
57 15 140
15 61 305
61 15 305
15 36 117
36 15 117
15 63 779
63 15 779
15 42 972
42 15 972
16 36 371
36 16 371
16 58 643
58 16 643
16 16 906
16 16 906
16 84 469
84 16 469
16 87 840
87 16 840
16 32 38
32 16 38
16 86 920
86 16 920
16 36 929
36 16 929
16 20 110
20 16 110
16 25 487
25 16 487
16 85 532
85 16 532
16 36 119
36 16 119
16 57 160
57 16 160
16 78 956
78 16 956
17 26 835
26 17 835
17 30 45
30 17 45
17 57 28
57 17 28
17 65 358
65 17 358
17 70 71
70 17 71
17 89 650
89 17 650
17 38 275
38 17 275
17 72 441
72 17 441
17 83 338
83 17 338
17 92 565
92 17 565
17 17 178
17 17 178
17 66 877
66 17 877
17 33 650
33 17 650
17 32 606
32 17 606
17 40 887
40 17 887
17 26 496
26 17 496
17 64 783
64 17 783
17 63 665
63 17 665
17 83 362
83 17 362
17 75 487
75 17 487
17 32 928
32 17 928
18 21 344
21 18 344
18 28 577
28 18 577
18 46 903
46 18 903
18 84 617
84 18 617
18 87 835
87 18 835
18 32 424
32 18 424
18 79 608
79 18 608
18 78 58
78 18 58
18 90 41
90 18 41
18 80 296
80 18 296
18 89 351
89 18 351
18 57 943
57 18 943
18 84 594
84 18 594
18 58 511
58 18 511
18 78 404
78 18 404
18 62 587
62 18 587
18 47 712
47 18 712
18 30 571
30 18 571
18 93 11
93 18 11
18 97 196
97 18 196
18 53 920
53 18 920
18 49 551
49 18 551
18 65 745
65 18 745
19 78 155
78 19 155
19 85 87
85 19 87
19 36 980
36 19 980
19 86 237
86 19 237
19 39 105
39 19 105
19 90 218
90 19 218
19 86 221
86 19 221
19 92 736
92 19 736
19 66 11
66 19 11
19 35 605
35 19 605
19 30 492
30 19 492
19 35 434
35 19 434
19 84 109
84 19 109
19 80 645
80 19 645
19 71 514
71 19 514
19 65 694
65 19 694
19 44 832
44 19 832
20 31 480
31 20 480
20 34 234
34 20 234
20 47 547
47 20 547
20 79 570
79 20 570
20 35 800
35 20 800
20 29 836
29 20 836
20 88 810
88 20 810
20 87 378
87 20 378
20 84 493
84 20 493
20 56 218
56 20 218
20 41 533
41 20 533
20 53 841
53 20 841
21 27 487
27 21 487
21 53 659
53 21 659
21 93 710
93 21 710
21 65 85
65 21 85
21 42 772
42 21 772
21 39 816
39 21 816
21 78 197
78 21 197
21 94 755
94 21 755
21 28 109
28 21 109
21 40 884
40 21 884
21 73 485
73 21 485
21 70 915
70 21 915
21 79 299
79 21 299
21 58 752
58 21 752
21 27 564
27 21 564
22 42 869
42 22 869
22 38 598
38 22 598
22 75 470
75 22 470
22 87 668
87 22 668
22 41 224
41 22 224
22 81 569
81 22 569
22 67 381
67 22 381
22 28 489
28 22 489
22 47 100
47 22 100
22 72 183
72 22 183
22 40 870
40 22 870
22 40 36
40 22 36
22 26 246
26 22 246
22 31 920
31 22 920
23 40 414
40 23 414
23 27 905
27 23 905
23 66 246
66 23 246
23 54 767
54 23 767
23 64 197
64 23 197
23 62 162
62 23 162
23 46 726
46 23 726
23 32 234
32 23 234
23 91 596
91 23 596
23 58 19
58 23 19
23 93 445
93 23 445
23 41 822
41 23 822
24 86 112
86 24 112
24 42 415
42 24 415
24 43 415
43 24 415
24 61 809
61 24 809
24 59 439
59 24 439
24 97 923
97 24 923
24 62 912
62 24 912
24 48 751
48 24 751
24 45 395
45 24 395
24 40 80
40 24 80
24 29 261
29 24 261
24 37 520
37 24 520
25 45 664
45 25 664
25 80 371
80 25 371
25 75 182
75 25 182
25 78 527
78 25 527
25 36 629
36 25 629
25 40 585
40 25 585
25 36 789
36 25 789
25 79 999
79 25 999
25 69 109
69 25 109
25 90 552
90 25 552
25 32 883
32 25 883
25 65 561
65 25 561
26 92 579
92 26 579
26 97 373
97 26 373
26 49 682
49 26 682
26 86 164
86 26 164
26 85 56
85 26 56
26 47 741
47 26 741
26 54 562
54 26 562
26 38 548
38 26 548
26 62 615
62 26 615
26 33 102
33 26 102
26 36 134
36 26 134
26 38 617
38 26 617
26 85 757
85 26 757
26 38 632
38 26 632
26 96 618
96 26 618
26 83 202
83 26 202
27 80 623
80 27 623
27 45 292
45 27 292
27 31 838
31 27 838
27 85 152
85 27 152
27 54 860
54 27 860
27 72 235
72 27 235
27 66 249
66 27 249
27 81 430
81 27 430
27 86 885
86 27 885
27 83 671
83 27 671
27 92 23
92 27 23
27 72 82
72 27 82
27 44 122
44 27 122
27 31 410
31 27 410
27 77 902
77 27 902
27 86 614
86 27 614
27 78 557
78 27 557
27 89 617
89 27 617
28 30 293
30 28 293
28 56 760
56 28 760
28 81 638
81 28 638
28 42 222
42 28 222
28 29 731
29 28 731
28 28 762
28 28 762
28 69 945
69 28 945
28 80 94
80 28 94
28 89 340
89 28 340
29 57 318
57 29 318
29 68 281
68 29 281
29 79 484
79 29 484
29 65 210
65 29 210
29 88 749
88 29 749
30 34 901
34 30 901
30 74 508
74 30 508
30 52 777
52 30 777
30 55 351
55 30 351
30 36 48
36 30 48
30 74 850
74 30 850
30 86 804
86 30 804
30 94 565
94 30 565
30 72 335
72 30 335
30 53 783
53 30 783
30 90 597
90 30 597
31 39 534
39 31 534
31 88 947
88 31 947
31 79 145
79 31 145
31 49 814
49 31 814
31 36 685
36 31 685
31 62 873
62 31 873
31 55 250
55 31 250
31 56 175
56 31 175
31 92 820
92 31 820
32 64 658
64 32 658
32 88 830
88 32 830
32 37 746
37 32 746
32 82 784
82 32 784
32 46 880
46 32 880
32 49 612
49 32 612
32 51 473
51 32 473
32 78 5
78 32 5
32 66 962
66 32 962
33 63 956
63 33 956
33 69 682
69 33 682
33 62 31
62 33 31
33 40 182
40 33 182
33 84 542
84 33 542
33 71 836
71 33 836
33 62 153
62 33 153
33 50 611
50 33 611
33 82 996
82 33 996
34 84 308
84 34 308
34 52 859
52 34 859
34 36 606
36 34 606
34 67 838
67 34 838
34 78 643
78 34 643
35 38 996
38 35 996
35 49 146
49 35 146
35 72 608
72 35 608
35 52 796
52 35 796
35 79 841
79 35 841
35 66 227
66 35 227
35 80 640
80 35 640
35 93 56
93 35 56
35 56 552
56 35 552
36 67 873
67 36 873
36 70 906
70 36 906
36 83 718
83 36 718
36 50 801
50 36 801
36 72 455
72 36 455
36 52 598
52 36 598
36 67 1
67 36 1
36 64 195
64 36 195
36 47 666
47 36 666
36 53 724
53 36 724
36 83 645
83 36 645
36 71 671
71 36 671
36 40 129
40 36 129
36 59 462
59 36 462
36 77 951
77 36 951
36 65 331
65 36 331
36 52 123
52 36 123
36 51 964
51 36 964
36 61 477
61 36 477
37 63 826
63 37 826
37 70 726
70 37 726
37 41 96
41 37 96
37 64 139
64 37 139
37 43 523
43 37 523
37 72 479
72 37 479
38 43 526
43 38 526
38 56 861
56 38 861
38 85 34
85 38 34
38 76 167
76 38 167
38 49 952
49 38 952
38 39 168
39 38 168
38 48 288
48 38 288
38 74 347
74 38 347
38 52 581
52 38 581
38 88 16
88 38 16
39 97 830
97 39 830
39 95 191
95 39 191
39 72 28
72 39 28
39 85 965
85 39 965
39 63 162
63 39 162
39 95 358
95 39 358
39 61 716
61 39 716
39 51 800
51 39 800
39 71 732
71 39 732
40 88 731
88 40 731
40 82 464
82 40 464
40 74 5
74 40 5
40 43 227
43 40 227
41 97 139
97 41 139
41 72 324
72 41 324
41 66 933
66 41 933
41 61 517
61 41 517
41 90 504
90 41 504
41 62 338
62 41 338
41 67 996
67 41 996
41 84 88
84 41 88
42 94 221
94 42 221
42 62 671
62 42 671
42 59 624
59 42 624
42 52 528
52 42 528
42 91 963
91 42 963
42 96 391
96 42 391
42 51 233
51 42 233
42 94 19
94 42 19
42 64 269
64 42 269
43 79 189
79 43 189
43 52 357
52 43 357
43 72 754
72 43 754
43 96 95
96 43 95
43 80 690
80 43 690
43 84 856
84 43 856
43 58 880
58 43 880
43 56 126
56 43 126
44 66 151
66 44 151
44 59 955
59 44 955
44 85 154
85 44 154
44 81 515
81 44 515
44 64 439
64 44 439
44 63 368
63 44 368
44 82 728
82 44 728
44 62 201
62 44 201
44 87 94
87 44 94
45 72 526
72 45 526
45 68 715
68 45 715
45 88 134
88 45 134
45 72 603
72 45 603
45 47 202
47 45 202
46 55 707
55 46 707
46 54 449
54 46 449
46 97 351
97 46 351
46 70 744
70 46 744
46 57 854
57 46 854
46 70 313
70 46 313
46 88 285
88 46 285
46 80 175
80 46 175
46 56 241
56 46 241
47 96 561
96 47 561
47 96 193
96 47 193
47 56 650
56 47 650
47 80 47
80 47 47
47 69 507
69 47 507
47 49 228
49 47 228
47 51 679
51 47 679
47 93 645
93 47 645
47 59 672
59 47 672
47 93 786
93 47 786
47 96 715
96 47 715
48 64 367
64 48 367
48 52 89
52 48 89
48 97 973
97 48 973
48 82 45
82 48 45
48 97 959
97 48 959
48 74 456
74 48 456
48 58 540
58 48 540
49 58 980
58 49 980
49 52 347
52 49 347
49 91 174
91 49 174
50 79 61
79 50 61
50 57 503
57 50 503
50 78 438
78 50 438
50 79 967
79 50 967
50 67 178
67 50 178
50 75 963
75 50 963
50 74 715
74 50 715
50 55 165
55 50 165
50 93 78
93 50 78
51 68 402
68 51 402
51 54 438
54 51 438
51 96 384
96 51 384
51 73 569
73 51 569
51 73 104
73 51 104
51 64 891
64 51 891
51 63 722
63 51 722
51 81 18
81 51 18
51 77 313
77 51 313
51 90 471
90 51 471
51 60 926
60 51 926
51 64 861
64 51 861
51 67 467
67 51 467
51 52 612
52 51 612
52 87 808
87 52 808
52 55 891
55 52 891
52 60 216
60 52 216
52 75 4
75 52 4
52 94 699
94 52 699
52 71 755
71 52 755
52 86 457
86 52 457
52 96 960
96 52 960
52 97 949
97 52 949
52 55 646
55 52 646
53 61 396
61 53 396
53 90 967
90 53 967
53 70 189
70 53 189
53 89 96
89 53 96
53 54 644
54 53 644
53 91 570
91 53 570
53 61 986
61 53 986
53 75 141
75 53 141
53 77 175
77 53 175
53 60 16
60 53 16
53 65 647
65 53 647
53 70 483
70 53 483
54 71 343
71 54 343
54 59 861
59 54 861
54 94 584
94 54 584
54 83 854
83 54 854
55 85 407
85 55 407
55 68 81
68 55 81
55 56 496
56 55 496
55 84 582
84 55 582
56 59 546
59 56 546
56 94 63
94 56 63
56 61 770
61 56 770
56 60 398
60 56 398
57 91 51
91 57 51
57 82 914
82 57 914
57 76 185
76 57 185
57 71 148
71 57 148
57 77 459
77 57 459
57 65 4
65 57 4
58 82 951
82 58 951
58 87 57
87 58 57
58 91 300
91 58 300
58 74 54
74 58 54
58 61 232
61 58 232
58 71 438
71 58 438
58 87 879
87 58 879
58 75 884
75 58 884
59 73 579
73 59 579
59 97 862
97 59 862
59 94 492
94 59 492
59 78 806
78 59 806
59 87 821
87 59 821
59 79 91
79 59 91
59 92 209
92 59 209
59 79 372
79 59 372
60 94 769
94 60 769
60 65 728
65 60 728
60 76 766
76 60 766
60 79 787
79 60 787
60 83 354
83 60 354
60 80 420
80 60 420
61 80 907
80 61 907
61 93 549
93 61 549
61 75 981
75 61 981
61 91 465
91 61 465
62 68 674
68 62 674
62 77 383
77 62 383
62 90 963
90 62 963
62 66 954
66 62 954
62 67 689
67 62 689
62 88 203
88 62 203
63 74 649
74 63 649
63 90 518
90 63 518
63 95 288
95 63 288
63 68 950
68 63 950
63 87 519
87 63 519
64 97 682
97 64 682
64 74 8
74 64 8
64 84 73
84 64 73
64 89 711
89 64 711
64 79 80
79 64 80
65 76 81
76 65 81
65 80 994
80 65 994
65 70 400
70 65 400
65 70 450
70 65 450
66 81 53
81 66 53
66 90 781
90 66 781
66 96 939
96 66 939
67 94 739
94 67 739
67 96 787
96 67 787
68 87 297
87 68 297
68 93 706
93 68 706
68 72 696
72 68 696
68 71 823
71 68 823
68 89 233
89 68 233
69 91 507
91 69 507
69 88 89
88 69 89
69 74 564
74 69 564
69 95 672
95 69 672
70 76 984
76 70 984
70 73 87
73 70 87
71 74 683
74 71 683
71 90 74
90 71 74
71 86 691
86 71 691
71 72 186
72 71 186
71 92 202
92 71 202
71 75 438
75 71 438
71 87 338
87 71 338
72 87 689
87 72 689
72 92 423
92 72 423
72 75 248
75 72 248
73 79 633
79 73 633
73 83 357
83 73 357
73 90 114
90 73 114
73 81 201
81 73 201
74 96 328
96 74 328
74 94 433
94 74 433
74 83 21
83 74 21
74 78 544
78 74 544
74 90 998
90 74 998
74 80 954
80 74 954
74 81 96
81 74 96
75 97 965
97 75 965
76 86 13
86 76 13
76 87 73
87 76 73
76 83 948
83 76 948
76 87 875
87 76 875
76 77 606
77 76 606
77 86 317
86 77 317
77 96 227
96 77 227
77 88 717
88 77 717
78 97 307
97 78 307
79 87 885
87 79 885
79 93 503
93 79 503
79 90 264
90 79 264
79 87 654
87 79 654
79 92 331
92 79 331
79 86 267
86 79 267
79 89 199
89 79 199
80 95 281
95 80 281
81 92 405
92 81 405
81 85 455
85 81 455
81 95 94
95 81 94
82 97 738
97 82 738
83 94 91
94 83 91
84 89 442
89 84 442
84 90 789
90 84 789
85 92 544
92 85 544
85 90 14
90 85 14
85 94 991
94 85 991
87 90 178
90 87 178
88 90 242
90 88 242
88 89 617
89 88 617
89 97 530
97 89 530
89 96 390
96 89 390
90 92 561
92 90 561
92 95 240
95 92 240
92 96 294
96 92 294
