59

0 1 583
1 0 583
0 2 494
2 0 494
0 3 447
3 0 447
0 16 266
16 0 266
0 52 657
52 0 657
0 19 423
19 0 423
0 52 939
52 0 939
0 40 908
40 0 908
0 44 19
44 0 19
0 35 282
35 0 282
0 37 804
37 0 804
0 30 717
30 0 717
0 13 546
13 0 546
0 53 769
53 0 769
0 34 229
34 0 229
0 42 426
42 0 426
0 20 833
20 0 833
0 55 519
55 0 519
0 4 720
4 0 720
0 43 302
43 0 302
0 39 637
39 0 637
0 18 94
18 0 94
0 5 424
5 0 424
1 5 750
5 1 750
1 7 793
7 1 793
1 18 471
18 1 471
1 19 782
19 1 782
1 21 757
21 1 757
1 31 182
31 1 182
1 33 767
33 1 767
1 13 359
13 1 359
1 6 126
6 1 126
1 18 192
18 1 192
1 39 330
39 1 330
1 24 62
24 1 62
1 46 59
46 1 59
1 12 936
12 1 936
1 53 813
53 1 813
1 8 547
8 1 547
1 30 882
30 1 882
1 26 597
26 1 597
1 42 816
42 1 816
1 35 305
35 1 305
2 4 776
4 2 776
2 18 654
18 2 654
2 45 298
45 2 298
2 24 721
24 2 721
2 34 393
34 2 393
2 4 27
4 2 27
2 34 626
34 2 626
2 3 236
3 2 236
2 27 476
27 2 476
2 22 546
22 2 546
2 38 168
38 2 168
2 15 287
15 2 287
2 52 977
52 2 977
2 21 460
21 2 460
3 42 331
42 3 331
3 20 506
20 3 506
3 54 536
54 3 536
3 21 63
21 3 63
3 26 327
26 3 327
3 43 173
43 3 173
3 23 862
23 3 862
3 21 399
21 3 399
3 47 80
47 3 80
3 25 595
25 3 595
3 15 263
15 3 263
3 28 487
28 3 487
3 13 836
13 3 836
3 55 618
55 3 618
3 31 47
31 3 47
3 12 793
12 3 793
3 30 639
30 3 639
3 52 739
52 3 739
3 58 518
58 3 518
4 16 48
16 4 48
4 5 485
5 4 485
4 52 248
52 4 248
4 9 802
9 4 802
4 25 282
25 4 282
4 41 57
41 4 57
4 5 812
5 4 812
4 25 153
25 4 153
4 16 901
16 4 901
4 6 166
6 4 166
4 29 774
29 4 774
5 6 886
6 5 886
5 12 941
12 5 941
5 35 806
35 5 806
5 32 987
32 5 987
5 7 50
7 5 50
5 13 153
13 5 153
5 49 273
49 5 273
5 30 783
30 5 783
5 40 587
40 5 587
5 21 732
21 5 732
5 38 291
38 5 291
5 41 382
41 5 382
5 5 411
5 5 411
5 48 537
48 5 537
5 9 862
9 5 862
6 8 956
8 6 956
6 23 44
23 6 44
6 24 980
24 6 980
6 51 330
51 6 330
6 40 18
40 6 18
6 31 376
31 6 376
6 10 719
10 6 719
6 38 814
38 6 814
6 31 199
31 6 199
6 40 627
40 6 627
6 50 337
50 6 337
6 16 636
16 6 636
6 12 796
12 6 796
6 11 630
11 6 630
6 41 794
41 6 794
6 23 794
23 6 794
6 56 641
56 6 641
7 9 956
9 7 956
7 11 771
11 7 771
7 15 124
15 7 124
7 26 953
26 7 953
7 31 812
31 7 812
7 43 358
43 7 358
7 53 161
53 7 161
7 19 249
19 7 249
7 58 890
58 7 890
7 44 467
44 7 467
7 55 925
55 7 925
7 46 863
46 7 863
7 39 961
39 7 961
7 58 897
58 7 897
7 46 758
46 7 758
7 21 620
21 7 620
7 15 237
15 7 237
7 23 388
23 7 388
7 18 563
18 7 563
8 22 726
22 8 726
8 28 436
28 8 436
8 32 670
32 8 670
8 11 735
11 8 735
8 13 413
13 8 413
8 16 859
16 8 859
8 38 631
38 8 631
8 52 531
52 8 531
8 39 88
39 8 88
8 43 305
43 8 305
8 55 892
55 8 892
8 10 346
10 8 346
8 45 42
45 8 42
8 50 436
50 8 436
8 40 288
40 8 288
9 10 63
10 9 63
9 17 16
17 9 16
9 20 197
20 9 197
9 12 317
12 9 317
9 11 625
11 9 625
9 45 520
45 9 520
9 28 556
28 9 556
9 46 449
46 9 449
9 17 317
17 9 317
9 29 410
29 9 410
9 50 779
50 9 779
9 16 97
16 9 97
9 24 980
24 9 980
9 12 408
12 9 408
10 56 169
56 10 169
10 45 332
45 10 332
10 54 407
54 10 407
10 52 203
52 10 203
10 11 932
11 10 932
10 20 505
20 10 505
10 16 173
16 10 173
10 12 559
12 10 559
10 50 974
50 10 974
10 55 13
55 10 13
11 13 797
13 11 797
11 14 128
14 11 128
11 41 420
41 11 420
11 27 591
27 11 591
11 24 752
24 11 752
11 26 315
26 11 315
11 14 814
14 11 814
11 32 801
32 11 801
11 33 576
33 11 576
11 37 105
37 11 105
11 44 935
44 11 935
11 18 587
18 11 587
11 43 365
43 11 365
11 23 610
23 11 610
11 34 456
34 11 456
11 52 371
52 11 371
11 43 451
43 11 451
11 30 914
30 11 914
11 30 155
30 11 155
11 13 154
13 11 154
12 54 949
54 12 949
12 56 2
56 12 2
12 14 204
14 12 204
12 23 729
23 12 729
12 24 556
24 12 556
12 28 349
28 12 349
12 55 937
55 12 937
12 35 530
35 12 530
12 41 88
41 12 88
12 30 364
30 12 364
12 46 254
46 12 254
12 16 604
16 12 604
12 32 619
32 12 619
12 15 248
15 12 248
13 25 446
25 13 446
13 44 904
44 13 904
13 15 869
15 13 869
13 18 836
18 13 836
13 34 108
34 13 108
13 52 404
52 13 404
13 34 682
34 13 682
13 48 329
48 13 329
13 52 379
52 13 379
13 30 61
30 13 61
13 28 815
28 13 815
13 22 878
22 13 878
13 39 497
39 13 497
13 24 983
24 13 983
13 41 751
41 13 751
13 40 814
40 13 814
13 57 183
57 13 183
14 44 243
44 14 243
14 32 34
32 14 34
14 38 272
38 14 272
14 57 443
57 14 443
14 25 754
25 14 754
14 15 281
15 14 281
14 18 575
18 14 575
14 32 662
32 14 662
14 29 660
29 14 660
14 18 821
18 14 821
14 39 101
39 14 101
15 48 441
48 15 441
15 29 3
29 15 3
15 36 569
36 15 569
15 51 74
51 15 74
15 47 392
47 15 392
15 57 196
57 15 196
15 39 91
39 15 91
15 18 994
18 15 994
15 31 210
31 15 210
15 18 888
18 15 888
15 34 778
34 15 778
15 48 354
48 15 354
15 43 767
43 15 767
15 32 475
32 15 475
15 41 684
41 15 684
16 34 433
34 16 433
16 55 52
55 16 52
16 55 810
55 16 810
16 37 823
37 16 823
16 31 4
31 16 4
16 49 973
49 16 973
16 23 694
23 16 694
16 33 163
33 16 163
16 37 910
37 16 910
17 29 811
29 17 811
17 58 620
58 17 620
17 34 477
34 17 477
17 57 312
57 17 312
17 18 610
18 17 610
17 20 836
20 17 836
17 25 479
25 17 479
17 57 49
57 17 49
18 48 458
48 18 458
18 19 145
19 18 145
18 20 108
20 18 108
18 40 623
40 18 623
18 40 970
40 18 970
18 28 690
28 18 690
18 20 456
20 18 456
18 53 460
53 18 460
18 34 308
34 18 308
18 23 470
23 18 470
18 29 909
29 18 909
19 56 547
56 19 547
19 57 603
57 19 603
19 48 172
48 19 172
19 47 395
47 19 395
19 48 40
48 19 40
19 23 786
23 19 786
19 50 802
50 19 802
19 47 799
47 19 799
19 27 990
27 19 990
20 40 716
40 20 716
20 21 769
21 20 769
20 29 747
29 20 747
20 52 613
52 20 613
20 26 420
26 20 420
20 48 289
48 20 289
20 32 803
32 20 803
20 27 998
27 20 998
20 53 57
53 20 57
20 32 66
32 20 66
20 42 291
42 20 291
20 35 444
35 20 444
21 30 648
30 21 648
21 40 108
40 21 108
21 51 456
51 21 456
21 30 993
30 21 993
21 35 775
35 21 775
21 30 68
30 21 68
21 57 385
57 21 385
21 22 931
22 21 931
21 27 954
27 21 954
21 26 261
26 21 261
21 57 753
57 21 753
22 28 205
28 22 205
22 39 188
39 22 188
22 57 388
57 22 388
22 38 513
38 22 513
22 27 569
27 22 569
23 38 891
38 23 891
23 46 953
46 23 953
23 56 6
56 23 6
23 39 687
39 23 687
23 46 814
46 23 814
23 40 623
40 23 623
23 26 729
26 23 729
23 36 630
36 23 630
24 57 674
57 24 674
24 56 488
56 24 488
24 30 472
30 24 472
24 54 637
54 24 637
24 34 752
34 24 752
24 56 582
56 24 582
24 38 819
38 24 819
25 27 991
27 25 991
25 44 335
44 25 335
25 58 829
58 25 829
25 41 643
41 25 643
25 34 367
34 25 367
25 47 510
47 25 510
25 47 817
47 25 817
25 36 128
36 25 128
25 41 239
41 25 239
25 29 901
29 25 901
25 38 309
38 25 309
26 40 400
40 26 400
26 50 736
50 26 736
26 51 81
51 26 81
26 36 909
36 26 909
26 45 492
45 26 492
26 45 744
45 26 744
26 55 104
55 26 104
26 53 887
53 26 887
26 44 996
44 26 996
26 55 757
55 26 757
27 43 724
43 27 724
27 42 285
42 27 285
27 54 902
54 27 902
27 27 255
27 27 255
27 31 696
31 27 696
27 34 765
34 27 765
27 57 221
57 27 221
27 48 820
48 27 820
27 52 671
52 27 671
27 54 878
54 27 878
28 33 310
33 28 310
28 36 761
36 28 761
28 41 105
41 28 105
28 32 422
32 28 422
28 47 451
47 28 451
28 47 469
47 28 469
28 30 980
30 28 980
28 34 533
34 28 533
28 52 547
52 28 547
28 34 807
34 28 807
28 29 308
29 28 308
29 37 829
37 29 829
29 37 308
37 29 308
29 51 704
51 29 704
29 32 992
32 29 992
29 58 926
58 29 926
29 53 407
53 29 407
29 45 194
45 29 194
29 29 299
29 29 299
29 32 3
32 29 3
30 39 94
39 30 94
30 38 388
38 30 388
30 51 934
51 30 934
30 32 187
32 30 187
30 49 702
49 30 702
30 30 912
30 30 912
31 47 52
47 31 52
31 51 97
51 31 97
31 57 527
57 31 527
31 53 174
53 31 174
31 33 456
33 31 456
31 37 709
37 31 709
32 49 29
49 32 29
32 53 577
53 32 577
32 35 801
35 32 801
32 34 733
34 32 733
32 33 231
33 32 231
32 44 805
44 32 805
33 58 361
58 33 361
33 38 906
38 33 906
33 40 781
40 33 781
33 41 626
41 33 626
33 43 907
43 33 907
34 45 348
45 34 348
34 55 638
55 34 638
34 41 554
41 34 554
34 57 968
57 34 968
34 48 533
48 34 533
34 53 187
53 34 187
34 49 236
49 34 236
34 39 764
39 34 764
34 58 760
58 34 760
34 43 558
43 34 558
34 48 227
48 34 227
34 49 370
49 34 370
34 38 326
38 34 326
34 43 939
43 34 939
34 51 959
51 34 959
35 46 690
46 35 690
35 55 818
55 35 818
35 44 783
44 35 783
35 54 229
54 35 229
35 54 992
54 35 992
35 50 834
50 35 834
35 46 838
46 35 838
36 49 140
49 36 140
36 45 353
45 36 353
36 49 134
49 36 134
36 48 670
48 36 670
36 39 542
39 36 542
36 50 890
50 36 890
36 38 826
38 36 826
37 49 693
49 37 693
37 46 314
46 37 314
37 57 281
57 37 281
37 50 669
50 37 669
37 55 347
55 37 347
37 47 887
47 37 887
38 47 978
47 38 978
38 53 524
53 38 524
38 43 44
43 38 44
38 51 264
51 38 264
38 54 639
54 38 639
38 54 578
54 38 578
39 49 966
49 39 966
39 40 814
40 39 814
39 51 270
51 39 270
39 42 402
42 39 402
39 55 812
55 39 812
39 55 837
55 39 837
40 44 35
44 40 35
41 48 562
48 41 562
41 58 945
58 41 945
41 53 670
53 41 670
41 52 177
52 41 177
41 53 532
53 41 532
41 48 696
48 41 696
42 50 886
50 42 886
42 52 677
52 42 677
42 57 979
57 42 979
43 54 714
54 43 714
43 56 10
56 43 10
44 52 447
52 44 447
44 51 636
51 44 636
44 56 785
56 44 785
44 54 190
54 44 190
44 46 654
46 44 654
45 53 935
53 45 935
45 51 526
51 45 526
45 53 5
53 45 5
46 52 557
52 46 557
46 57 71
57 46 71
46 47 778
47 46 778
47 56 456
56 47 456
47 49 672
49 47 672
48 54 248
54 48 248
48 49 518
49 48 518
48 51 792
51 48 792
48 53 344
53 48 344
49 55 195
55 49 195
49 58 375
58 49 375
50 54 448
54 50 448
50 52 521
52 50 521
52 53 331
53 52 331
53 55 893
55 53 893
53 56 511
56 53 511
53 55 119
55 53 119
53 56 420
56 53 420
54 56 361
56 54 361
54 58 692
58 54 692
55 57 65
57 55 65
58 58 239
58 58 239
