36

0 1 325
1 0 325
0 6 590
6 0 590
0 19 674
19 0 674
0 20 218
20 0 218
0 12 213
12 0 213
0 17 877
17 0 877
0 12 657
12 0 657
0 26 972
26 0 972
0 29 788
29 0 788
0 22 158
22 0 158
0 35 524
35 0 524
0 33 618
33 0 618
0 19 903
19 0 903
0 29 108
29 0 108
0 31 320
31 0 320
0 11 290
11 0 290
0 3 763
3 0 763
0 6 486
6 0 486
0 29 877
29 0 877
0 13 155
13 0 155
0 19 515
19 0 515
1 2 20
2 1 20
1 3 977
3 1 977
1 4 742
4 1 742
1 29 237
29 1 237
1 35 1
35 1 1
1 34 365
34 1 365
1 22 539
22 1 539
1 8 864
8 1 864
1 30 447
30 1 447
1 16 203
16 1 203
1 31 733
31 1 733
1 21 731
21 1 731
1 2 4
2 1 4
1 5 876
5 1 876
1 17 947
17 1 947
1 27 180
27 1 180
1 17 257
17 1 257
1 19 388
19 1 388
2 8 774
8 2 774
2 10 957
10 2 957
2 11 560
11 2 560
2 14 389
14 2 389
2 24 347
24 2 347
2 33 228
33 2 228
2 34 720
34 2 720
2 8 607
8 2 607
2 9 943
9 2 943
2 34 254
34 2 254
2 18 398
18 2 398
2 31 409
31 2 409
2 9 863
9 2 863
2 31 379
31 2 379
2 8 777
8 2 777
2 20 431
20 2 431
2 18 135
18 2 135
2 19 648
19 2 648
2 34 235
34 2 235
2 14 713
14 2 713
2 34 147
34 2 147
2 31 787
31 2 787
2 5 537
5 2 537
2 22 473
22 2 473
3 9 714
9 3 714
3 22 715
22 3 715
3 21 881
21 3 881
3 25 671
25 3 671
3 25 291
25 3 291
3 14 173
14 3 173
3 23 547
23 3 547
3 11 64
11 3 64
3 12 923
12 3 923
3 29 121
29 3 121
3 20 546
20 3 546
3 35 580
35 3 580
3 5 20
5 3 20
3 19 642
19 3 642
3 14 535
14 3 535
3 19 252
19 3 252
3 33 676
33 3 676
3 10 918
10 3 918
3 31 291
31 3 291
3 17 928
17 3 928
4 5 482
5 4 482
4 7 590
7 4 590
4 12 905
12 4 905
4 32 79
32 4 79
4 35 437
35 4 437
4 10 285
10 4 285
4 26 963
26 4 963
4 12 76
12 4 76
4 11 553
11 4 553
4 32 456
32 4 456
4 31 666
31 4 666
4 28 588
28 4 588
4 9 253
9 4 253
4 35 972
35 4 972
4 12 862
12 4 862
4 20 199
20 4 199
4 11 326
11 4 326
4 17 171
17 4 171
4 35 616
35 4 616
4 35 151
35 4 151
4 5 491
5 4 491
4 22 233
22 4 233
4 5 62
5 4 62
4 27 658
27 4 658
4 7 802
7 4 802
5 13 992
13 5 992
5 30 484
30 5 484
5 14 502
14 5 502
5 17 28
17 5 28
5 35 262
35 5 262
5 19 880
19 5 880
5 34 134
34 5 134
5 25 428
25 5 428
5 18 13
18 5 13
5 23 534
23 5 534
5 32 253
32 5 253
5 12 290
12 5 290
5 34 499
34 5 499
5 5 29
5 5 29
5 29 803
29 5 803
5 34 821
34 5 821
6 17 378
17 6 378
6 25 735
25 6 735
6 24 797
24 6 797
6 35 398
35 6 398
6 34 46
34 6 46
6 28 482
28 6 482
6 6 352
6 6 352
6 17 841
17 6 841
6 31 821
31 6 821
6 13 783
13 6 783
6 14 590
14 6 590
6 17 291
17 6 291
6 16 460
16 6 460
7 23 845
23 7 845
7 17 968
17 7 968
7 33 518
33 7 518
7 33 30
33 7 30
7 20 90
20 7 90
7 13 832
13 7 832
7 33 658
33 7 658
7 29 58
29 7 58
7 29 388
29 7 388
7 23 930
23 7 930
7 25 56
25 7 56
7 17 57
17 7 57
8 32 708
32 8 708
8 17 54
17 8 54
8 13 101
13 8 101
8 32 160
32 8 160
8 11 632
11 8 632
8 14 865
14 8 865
8 29 517
29 8 517
8 34 334
34 8 334
8 21 70
21 8 70
8 28 386
28 8 386
8 34 948
34 8 948
9 18 682
18 9 682
9 20 222
20 9 222
9 15 341
15 9 341
9 23 870
23 9 870
9 26 30
26 9 30
9 34 654
34 9 654
9 12 522
12 9 522
9 32 369
32 9 369
9 14 473
14 9 473
9 18 896
18 9 896
9 25 916
25 9 916
9 32 393
32 9 393
9 12 184
12 9 184
9 23 664
23 9 664
9 18 854
18 9 854
9 35 795
35 9 795
9 12 394
12 9 394
9 26 155
26 9 155
9 14 907
14 9 907
9 13 13
13 9 13
9 11 251
11 9 251
10 25 373
25 10 373
10 30 451
30 10 451
10 13 580
13 10 580
10 34 179
34 10 179
10 19 142
19 10 142
10 27 536
27 10 536
10 20 250
20 10 250
10 22 287
22 10 287
10 13 693
13 10 693
10 31 160
31 10 160
10 35 880
35 10 880
11 28 816
28 11 816
11 33 285
33 11 285
11 20 908
20 11 908
11 19 839
19 11 839
11 13 876
13 11 876
11 30 779
30 11 779
11 35 211
35 11 211
11 21 30
21 11 30
11 14 365
14 11 365
11 24 664
24 11 664
11 17 88
17 11 88
11 21 152
21 11 152
11 29 599
29 11 599
11 27 795
27 11 795
11 17 162
17 11 162
11 14 957
14 11 957
12 15 866
15 12 866
12 16 774
16 12 774
12 17 155
17 12 155
12 22 570
22 12 570
12 26 964
26 12 964
12 13 127
13 12 127
12 19 237
19 12 237
12 27 515
27 12 515
12 34 106
34 12 106
12 29 723
29 12 723
12 29 681
29 12 681
12 34 472
34 12 472
12 20 372
20 12 372
12 24 503
24 12 503
13 18 218
18 13 218
13 21 150
21 13 150
13 33 289
33 13 289
13 18 328
18 13 328
13 24 691
24 13 691
13 31 895
31 13 895
13 26 990
26 13 990
14 31 907
31 14 907
14 31 480
31 14 480
14 28 332
28 14 332
14 14 387
14 14 387
14 22 161
22 14 161
14 19 183
19 14 183
14 26 527
26 14 527
14 17 601
17 14 601
14 34 527
34 14 527
14 23 213
23 14 213
14 24 274
24 14 274
14 33 865
33 14 865
14 15 999
15 14 999
14 23 764
23 14 764
14 30 64
30 14 64
14 33 891
33 14 891
14 25 50
25 14 50
14 27 163
27 14 163
15 25 991
25 15 991
15 15 476
15 15 476
15 16 757
16 15 757
15 17 913
17 15 913
15 30 563
30 15 563
15 28 94
28 15 94
15 23 398
23 15 398
15 32 346
32 15 346
16 21 796
21 16 796
16 27 309
27 16 309
16 23 537
23 16 537
16 23 722
23 16 722
16 27 415
27 16 415
16 20 436
20 16 436
16 28 137
28 16 137
16 23 356
23 16 356
16 32 394
32 16 394
16 31 542
31 16 542
17 20 219
20 17 219
17 33 500
33 17 500
17 31 768
31 17 768
17 28 401
28 17 401
17 28 884
28 17 884
17 23 286
23 17 286
17 34 59
34 17 59
17 27 31
27 17 31
17 25 422
25 17 422
17 26 456
26 17 456
17 34 18
34 17 18
18 21 804
21 18 804
18 29 366
29 18 366
18 22 720
22 18 720
18 20 779
20 18 779
18 20 223
20 18 223
18 25 562
25 18 562
18 25 306
25 18 306
18 34 416
34 18 416
18 29 338
29 18 338
19 22 134
22 19 134
19 26 846
26 19 846
19 23 322
23 19 322
19 33 85
33 19 85
19 26 85
26 19 85
19 32 476
32 19 476
19 29 475
29 19 475
19 34 65
34 19 65
19 32 250
32 19 250
19 35 351
35 19 351
19 27 820
27 19 820
19 31 47
31 19 47
19 26 547
26 19 547
19 20 341
20 19 341
20 26 372
26 20 372
20 34 965
34 20 965
20 21 181
21 20 181
20 29 527
29 20 527
20 31 51
31 20 51
20 26 819
26 20 819
20 22 917
22 20 917
20 25 189
25 20 189
20 29 875
29 20 875
21 33 873
33 21 873
21 35 640
35 21 640
21 34 259
34 21 259
21 25 209
25 21 209
21 35 490
35 21 490
21 33 592
33 21 592
21 33 339
33 21 339
21 26 275
26 21 275
21 22 34
22 21 34
21 33 733
33 21 733
21 35 776
35 21 776
21 33 477
33 21 477
21 29 995
29 21 995
21 28 564
28 21 564
22 31 226
31 22 226
22 31 379
31 22 379
22 23 190
23 22 190
22 28 581
28 22 581
22 24 658
24 22 658
22 32 392
32 22 392
22 30 518
30 22 518
22 24 21
24 22 21
22 22 12
22 22 12
22 29 600
29 22 600
22 32 452
32 22 452
22 32 418
32 22 418
23 34 331
34 23 331
23 34 989
34 23 989
23 26 15
26 23 15
23 24 985
24 23 985
23 31 793
31 23 793
23 25 886
25 23 886
24 26 181
26 24 181
24 28 955
28 24 955
24 34 692
34 24 692
24 25 280
25 24 280
25 27 524
27 25 524
25 29 39
29 25 39
25 28 932
28 25 932
25 26 881
26 25 881
25 34 457
34 25 457
25 30 804
30 25 804
25 31 542
31 25 542
25 34 806
34 25 806
25 30 495
30 25 495
26 27 569
27 26 569
26 35 551
35 26 551
26 35 688
35 26 688
26 28 19
28 26 19
26 26 72
26 26 72
26 32 286
32 26 286
26 29 367
29 26 367
26 28 108
28 26 108
27 29 670
29 27 670
27 32 720
32 27 720
27 33 771
33 27 771
27 28 236
28 27 236
27 29 409
29 27 409
28 29 113
29 28 113
28 30 673
30 28 673
28 34 987
34 28 987
28 31 375
31 28 375
29 32 1000
32 29 1000
29 30 241
30 29 241
29 33 35
33 29 35
29 35 926
35 29 926
29 29 119
29 29 119
30 32 526
32 30 526
31 31 530
31 31 530
31 35 483
35 31 483
31 32 510
32 31 510
32 35 891
35 32 891
33 34 943
34 33 943
33 34 778
34 33 778
33 33 945
33 33 945
34 35 962
35 34 962
34 34 32
34 34 32
34 34 950
34 34 950
