98

0 1 82
1 0 82
0 2 212
2 0 212
0 8 626
8 0 626
0 10 673
10 0 673
0 74 156
74 0 156
0 46 379
46 0 379
0 97 411
97 0 411
0 70 345
70 0 345
0 28 998
28 0 998
0 72 324
72 0 324
0 37 734
37 0 734
0 81 27
81 0 27
0 35 460
35 0 460
0 81 906
81 0 906
0 63 767
63 0 767
0 87 533
87 0 533
0 37 714
37 0 714
0 53 959
53 0 959
0 97 305
97 0 305
1 3 264
3 1 264
1 4 811
4 1 811
1 7 83
7 1 83
1 11 901
11 1 901
1 13 637
13 1 637
1 35 933
35 1 933
1 72 404
72 1 404
1 41 202
41 1 202
1 42 674
42 1 674
1 32 424
32 1 424
1 85 162
85 1 162
1 68 120
68 1 120
1 49 867
49 1 867
1 43 104
43 1 104
1 54 11
54 1 11
1 91 415
91 1 415
1 51 864
51 1 864
1 83 189
83 1 189
1 28 955
28 1 955
1 3 168
3 1 168
1 49 447
49 1 447
2 18 653
18 2 653
2 20 884
20 2 884
2 83 357
83 2 357
2 18 676
18 2 676
2 71 8
71 2 8
2 12 451
12 2 451
2 28 48
28 2 48
2 44 145
44 2 145
2 27 304
27 2 304
2 96 315
96 2 315
2 83 425
83 2 425
2 93 447
93 2 447
2 62 381
62 2 381
3 6 656
6 3 656
3 21 85
21 3 85
3 82 926
82 3 926
3 76 456
76 3 456
3 94 561
94 3 561
3 76 750
76 3 750
3 11 486
11 3 486
3 66 808
66 3 808
3 14 956
14 3 956
3 35 117
35 3 117
3 81 919
81 3 919
3 36 591
36 3 591
3 67 875
67 3 875
3 18 895
18 3 895
3 7 302
7 3 302
4 5 877
5 4 877
4 23 891
23 4 891
4 63 215
63 4 215
4 31 721
31 4 721
4 59 739
59 4 739
4 77 447
77 4 447
4 55 679
55 4 679
4 18 565
18 4 565
4 49 509
49 4 509
4 61 434
61 4 434
4 86 724
86 4 724
4 34 895
34 4 895
4 29 360
29 4 360
4 9 749
9 4 749
4 52 29
52 4 29
5 16 283
16 5 283
5 17 541
17 5 541
5 29 756
29 5 756
5 32 679
32 5 679
5 36 497
36 5 497
5 65 991
65 5 991
5 42 511
42 5 511
5 50 755
50 5 755
5 46 369
46 5 369
6 9 363
9 6 363
6 12 537
12 6 537
6 21 51
21 6 51
6 28 176
28 6 176
6 33 95
33 6 95
6 51 952
51 6 952
6 49 713
49 6 713
6 8 654
8 6 654
6 67 604
67 6 604
6 76 309
76 6 309
6 6 885
6 6 885
6 94 474
94 6 474
6 46 211
46 6 211
6 87 480
87 6 480
6 64 448
64 6 448
6 55 537
55 6 537
7 73 366
73 7 366
7 58 726
58 7 726
7 73 469
73 7 469
7 87 472
87 7 472
7 79 1000
79 7 1000
7 61 732
61 7 732
7 78 731
78 7 731
7 76 462
76 7 462
7 65 798
65 7 798
8 24 502
24 8 502
8 31 165
31 8 165
8 79 836
79 8 836
8 42 853
42 8 853
8 10 563
10 8 563
8 80 565
80 8 565
8 93 570
93 8 570
8 54 118
54 8 118
8 69 1000
69 8 1000
8 35 354
35 8 354
8 85 639
85 8 639
8 54 849
54 8 849
8 55 239
55 8 239
8 32 934
32 8 934
9 14 839
14 9 839
9 30 770
30 9 770
9 71 294
71 9 294
9 36 724
36 9 724
9 40 744
40 9 744
9 13 221
13 9 221
9 16 134
16 9 134
9 36 875
36 9 875
9 83 966
83 9 966
10 95 486
95 10 486
10 67 39
67 10 39
10 94 672
94 10 672
10 47 678
47 10 678
10 50 295
50 10 295
10 74 61
74 10 61
10 50 743
50 10 743
11 15 553
15 11 553
11 69 800
69 11 800
11 18 705
18 11 705
11 86 845
86 11 845
11 68 793
68 11 793
11 87 951
87 11 951
11 86 282
86 11 282
11 90 776
90 11 776
11 37 510
37 11 510
11 62 602
62 11 602
12 61 153
61 12 153
12 80 135
80 12 135
12 60 434
60 12 434
12 72 851
72 12 851
12 18 269
18 12 269
12 36 538
36 12 538
12 96 734
96 12 734
12 19 938
19 12 938
12 33 407
33 12 407
12 36 239
36 12 239
12 41 205
41 12 205
12 51 845
51 12 845
12 26 215
26 12 215
12 49 310
49 12 310
12 30 393
30 12 393
13 19 631
19 13 631
13 22 2
22 13 2
13 88 724
88 13 724
13 40 493
40 13 493
13 41 898
41 13 898
13 61 888
61 13 888
13 73 458
73 13 458
13 54 943
54 13 943
14 54 574
54 14 574
14 30 566
30 14 566
14 34 675
34 14 675
14 89 755
89 14 755
14 41 174
41 14 174
14 29 856
29 14 856
15 74 908
74 15 908
15 79 693
79 15 693
15 43 605
43 15 605
15 82 80
82 15 80
15 29 638
29 15 638
15 79 479
79 15 479
15 86 394
86 15 394
15 47 828
47 15 828
16 58 855
58 16 855
16 66 311
66 16 311
16 63 699
63 16 699
16 41 850
41 16 850
16 40 749
40 16 749
16 85 830
85 16 830
16 93 450
93 16 450
16 60 919
60 16 919
16 20 481
20 16 481
17 97 361
97 17 361
17 26 378
26 17 378
17 72 824
72 17 824
17 88 552
88 17 552
17 28 399
28 17 399
17 96 829
96 17 829
17 64 369
64 17 369
17 48 774
48 17 774
17 31 459
31 17 459
17 37 374
37 17 374
17 48 322
48 17 322
17 19 741
19 17 741
17 36 61
36 17 61
17 85 220
85 17 220
18 40 810
40 18 810
18 91 392
91 18 392
18 83 609
83 18 609
18 97 48
97 18 48
18 32 785
32 18 785
18 79 423
79 18 423
18 70 812
70 18 812
18 27 553
27 18 553
19 92 163
92 19 163
19 92 339
92 19 339
19 53 128
53 19 128
19 27 223
27 19 223
19 38 97
38 19 97
19 22 782
22 19 782
19 86 762
86 19 762
19 50 870
50 19 870
20 26 669
26 20 669
20 49 716
49 20 716
20 21 195
21 20 195
20 49 56
49 20 56
20 57 905
57 20 905
20 26 27
26 20 27
21 27 876
27 21 876
21 81 391
81 21 391
21 76 715
76 21 715
21 55 547
55 21 547
21 30 690
30 21 690
21 31 351
31 21 351
21 54 760
54 21 760
21 23 607
23 21 607
21 71 619
71 21 619
22 82 605
82 22 605
22 61 867
61 22 867
22 81 958
81 22 958
22 68 130
68 22 130
22 48 741
48 22 741
22 58 463
58 22 463
22 31 163
31 22 163
22 37 688
37 22 688
22 71 282
71 22 282
22 22 224
22 22 224
22 31 970
31 22 970
22 92 391
92 22 391
22 42 196
42 22 196
22 38 50
38 22 50
23 53 113
53 23 113
23 94 422
94 23 422
23 81 753
81 23 753
23 87 657
87 23 657
23 48 261
48 23 261
23 77 484
77 23 484
23 27 327
27 23 327
23 56 781
56 23 781
23 85 983
85 23 983
24 25 216
25 24 216
24 37 971
37 24 971
24 46 371
46 24 371
24 87 904
87 24 904
24 60 67
60 24 67
24 81 347
81 24 347
24 76 15
76 24 15
24 84 545
84 24 545
25 42 560
42 25 560
25 96 894
96 25 894
25 82 599
82 25 599
25 61 49
61 25 49
25 65 176
65 25 176
25 87 80
87 25 80
25 78 256
78 25 256
25 35 73
35 25 73
25 79 900
79 25 900
26 66 48
66 26 48
26 54 124
54 26 124
26 63 130
63 26 130
26 76 181
76 26 181
26 80 230
80 26 230
27 34 763
34 27 763
27 47 998
47 27 998
27 86 941
86 27 941
27 69 341
69 27 341
27 90 78
90 27 78
27 56 436
56 27 436
27 53 896
53 27 896
27 40 35
40 27 35
27 52 258
52 27 258
27 43 131
43 27 131
27 93 859
93 27 859
28 38 305
38 28 305
28 64 415
64 28 415
28 69 788
69 28 788
28 65 739
65 28 739
28 63 50
63 28 50
28 86 947
86 28 947
28 36 323
36 28 323
28 54 353
54 28 353
28 94 291
94 28 291
29 41 644
41 29 644
29 45 679
45 29 679
29 62 260
62 29 260
29 78 186
78 29 186
29 30 192
30 29 192
29 58 606
58 29 606
29 67 226
67 29 226
29 83 13
83 29 13
30 42 612
42 30 612
30 95 720
95 30 720
30 47 243
47 30 243
30 93 194
93 30 194
30 69 935
69 30 935
30 50 422
50 30 422
30 69 580
69 30 580
30 89 679
89 30 679
31 43 128
43 31 128
31 59 274
59 31 274
31 61 862
61 31 862
31 37 879
37 31 879
31 36 551
36 31 551
31 54 734
54 31 734
31 38 832
38 31 832
31 88 303
88 31 303
31 49 711
49 31 711
31 91 132
91 31 132
32 43 263
43 32 263
32 81 102
81 32 102
32 52 732
52 32 732
32 95 973
95 32 973
32 73 679
73 32 679
33 75 839
75 33 839
33 80 651
80 33 651
33 35 238
35 33 238
33 71 73
71 33 73
33 60 113
60 33 113
33 63 610
63 33 610
34 56 712
56 34 712
34 87 314
87 34 314
34 89 718
89 34 718
34 38 251
38 34 251
34 45 985
45 34 985
35 67 823
67 35 823
35 42 553
42 35 553
35 76 892
76 35 892
35 47 80
47 35 80
35 92 806
92 35 806
35 82 278
82 35 278
35 94 309
94 35 309
35 94 798
94 35 798
35 37 802
37 35 802
35 75 768
75 35 768
35 83 925
83 35 925
35 79 753
79 35 753
36 39 4
39 36 4
36 52 190
52 36 190
36 67 822
67 36 822
36 61 13
61 36 13
36 87 416
87 36 416
36 68 223
68 36 223
37 91 884
91 37 884
37 39 708
39 37 708
37 84 111
84 37 111
37 76 668
76 37 668
37 84 759
84 37 759
37 91 894
91 37 894
38 55 106
55 38 106
38 96 612
96 38 612
38 88 991
88 38 991
38 80 660
80 38 660
38 84 942
84 38 942
38 63 70
63 38 70
38 40 603
40 38 603
38 57 984
57 38 984
38 75 517
75 38 517
38 85 739
85 38 739
39 57 548
57 39 548
39 97 89
97 39 89
39 96 766
96 39 766
39 56 974
56 39 974
39 55 347
55 39 347
39 91 799
91 39 799
39 40 230
40 39 230
40 50 162
50 40 162
40 56 638
56 40 638
40 58 932
58 40 932
40 65 767
65 40 767
40 80 901
80 40 901
40 78 412
78 40 412
40 71 676
71 40 676
40 76 535
76 40 535
40 90 426
90 40 426
40 57 76
57 40 76
40 66 975
66 40 975
41 87 696
87 41 696
41 77 776
77 41 776
41 58 584
58 41 584
41 80 129
80 41 129
41 66 793
66 41 793
41 64 286
64 41 286
42 44 755
44 42 755
42 74 471
74 42 471
42 78 829
78 42 829
42 70 801
70 42 801
42 90 592
90 42 592
42 76 478
76 42 478
42 75 887
75 42 887
42 50 262
50 42 262
43 60 623
60 43 623
43 78 116
78 43 116
43 47 951
47 43 951
43 55 8
55 43 8
43 59 138
59 43 138
43 54 385
54 43 385
43 50 449
50 43 449
43 72 501
72 43 501
43 53 421
53 43 421
43 91 670
91 43 670
43 73 309
73 43 309
43 83 31
83 43 31
43 60 568
60 43 568
44 48 347
48 44 347
44 56 870
56 44 870
44 83 748
83 44 748
44 46 45
46 44 45
44 90 30
90 44 30
44 66 37
66 44 37
44 97 220
97 44 220
44 65 957
65 44 957
45 84 703
84 45 703
45 67 23
67 45 23
45 70 98
70 45 98
45 71 338
71 45 338
45 96 860
96 45 860
46 88 914
88 46 914
46 70 716
70 46 716
46 56 142
56 46 142
46 47 593
47 46 593
46 62 377
62 46 377
47 76 265
76 47 265
47 93 983
93 47 983
47 66 757
66 47 757
47 64 735
64 47 735
47 66 24
66 47 24
47 86 574
86 47 574
48 54 489
54 48 489
48 68 69
68 48 69
48 77 164
77 48 164
49 75 216
75 49 216
49 76 243
76 49 243
49 79 890
79 49 890
49 65 192
65 49 192
49 79 915
79 49 915
49 61 1
61 49 1
49 94 395
94 49 395
49 79 194
79 49 194
50 97 699
97 50 699
50 95 796
95 50 796
50 52 256
52 50 256
50 59 797
59 50 797
50 59 531
59 50 531
50 54 976
54 50 976
50 61 857
61 50 857
51 59 259
59 51 259
51 59 107
59 51 107
51 66 931
66 51 931
51 55 400
55 51 400
51 94 448
94 51 448
51 90 94
90 51 94
52 80 34
80 52 34
52 84 165
84 52 165
52 66 35
66 52 35
52 75 698
75 52 698
52 78 834
78 52 834
53 56 746
56 53 746
54 64 432
64 54 432
54 95 818
95 54 818
54 85 354
85 54 354
54 84 403
84 54 403
54 87 460
87 54 460
55 70 645
70 55 645
55 62 163
62 55 163
55 77 991
77 55 991
55 82 197
82 55 197
55 79 710
79 55 710
56 76 410
76 56 410
56 88 273
88 56 273
56 97 668
97 56 668
57 68 272
68 57 272
57 68 231
68 57 231
57 61 275
61 57 275
57 77 224
77 57 224
57 81 241
81 57 241
57 64 318
64 57 318
57 74 406
74 57 406
57 75 137
75 57 137
57 71 102
71 57 102
58 96 753
96 58 753
58 61 977
61 58 977
58 89 694
89 58 694
58 86 884
86 58 884
58 87 79
87 58 79
59 61 449
61 59 449
59 79 628
79 59 628
59 92 464
92 59 464
60 69 837
69 60 837
60 86 259
86 60 259
60 78 572
78 60 572
60 76 560
76 60 560
61 66 707
66 61 707
61 68 64
68 61 64
61 94 716
94 61 716
61 75 419
75 61 419
62 73 656
73 62 656
62 79 750
79 62 750
63 92 325
92 63 325
63 94 482
94 63 482
63 89 366
89 63 366
63 96 554
96 63 554
63 81 42
81 63 42
64 96 410
96 64 410
64 97 269
97 64 269
64 85 885
85 64 885
65 71 422
71 65 422
65 65 552
65 65 552
65 91 887
91 65 887
65 92 708
92 65 708
65 78 383
78 65 383
66 82 417
82 66 417
66 73 138
73 66 138
66 97 392
97 66 392
66 97 309
97 66 309
67 77 518
77 67 518
67 85 883
85 67 883
67 84 437
84 67 437
68 78 567
78 68 567
68 73 154
73 68 154
68 85 205
85 68 205
68 92 45
92 68 45
69 96 852
96 69 852
69 83 408
83 69 408
70 84 955
84 70 955
70 74 697
74 70 697
70 76 761
76 70 761
70 72 258
72 70 258
70 82 924
82 70 924
71 90 997
90 71 997
71 95 721
95 71 721
72 72 707
72 72 707
72 90 328
90 72 328
72 81 989
81 72 989
73 89 99
89 73 99
74 87 147
87 74 147
74 87 75
87 74 75
75 76 580
76 75 580
75 83 175
83 75 175
75 83 801
83 75 801
76 91 220
91 76 220
76 87 198
87 76 198
78 82 638
82 78 638
78 90 807
90 78 807
78 88 501
88 78 501
78 83 73
83 78 73
78 88 133
88 78 133
79 85 467
85 79 467
79 94 309
94 79 309
79 95 248
95 79 248
79 84 187
84 79 187
79 95 48
95 79 48
79 85 934
85 79 934
80 90 854
90 80 854
80 85 731
85 80 731
80 96 721
96 80 721
80 95 33
95 80 33
81 91 19
91 81 19
81 82 167
82 81 167
81 82 523
82 81 523
83 89 982
89 83 982
83 91 438
91 83 438
83 88 604
88 83 604
84 90 116
90 84 116
85 86 560
86 85 560
85 92 240
92 85 240
86 92 682
92 86 682
88 89 628
89 88 628
90 92 601
92 90 601
90 92 1
92 90 1
