42

0 1 539
1 0 539
0 2 238
2 0 238
0 29 229
29 0 229
0 38 82
38 0 82
0 21 873
21 0 873
0 36 262
36 0 262
0 38 833
38 0 833
0 40 853
40 0 853
0 22 79
22 0 79
0 32 529
32 0 529
0 10 54
10 0 54
0 4 707
4 0 707
0 24 170
24 0 170
1 4 755
4 1 755
1 12 278
12 1 278
1 15 860
15 1 860
1 8 32
8 1 32
1 11 835
11 1 835
1 4 532
4 1 532
1 24 240
24 1 240
1 31 230
31 1 230
1 15 766
15 1 766
1 11 126
11 1 126
1 40 754
40 1 754
1 31 336
31 1 336
1 30 586
30 1 586
2 3 960
3 2 960
2 5 792
5 2 792
2 38 441
38 2 441
2 9 473
9 2 473
2 33 523
33 2 523
3 9 549
9 3 549
3 21 952
21 3 952
3 34 337
34 3 337
3 40 171
40 3 171
3 11 150
11 3 150
3 37 332
37 3 332
3 31 31
31 3 31
3 25 1
25 3 1
4 7 737
7 4 737
4 8 184
8 4 184
4 24 560
24 4 560
4 20 995
20 4 995
4 26 540
26 4 540
4 22 93
22 4 93
4 11 224
11 4 224
4 38 895
38 4 895
4 26 798
26 4 798
4 13 563
13 4 563
5 6 740
6 5 740
5 15 152
15 5 152
5 17 505
17 5 505
5 21 29
21 5 29
5 40 488
40 5 488
5 25 130
25 5 130
5 28 276
28 5 276
5 40 215
40 5 215
5 16 19
16 5 19
6 13 688
13 6 688
6 16 737
16 6 737
6 23 699
23 6 699
6 8 494
8 6 494
6 31 839
31 6 839
7 11 515
11 7 515
7 23 953
23 7 953
7 21 791
21 7 791
7 10 951
10 7 951
7 38 289
38 7 289
7 11 271
11 7 271
8 10 880
10 8 880
8 39 508
39 8 508
8 16 591
16 8 591
8 15 38
15 8 38
8 34 80
34 8 80
8 24 72
24 8 72
9 32 959
32 9 959
9 26 329
26 9 329
9 19 496
19 9 496
10 14 897
14 10 897
10 24 24
24 10 24
10 28 68
28 10 68
10 41 95
41 10 95
10 35 333
35 10 333
10 28 659
28 10 659
10 28 535
28 10 535
10 34 659
34 10 659
10 36 686
36 10 686
10 17 781
17 10 781
11 17 794
17 11 794
11 22 519
22 11 519
11 35 21
35 11 21
11 17 613
17 11 613
11 27 667
27 11 667
12 19 179
19 12 179
12 27 406
27 12 406
13 35 218
35 13 218
13 16 520
16 13 520
13 33 606
33 13 606
13 27 247
27 13 247
13 31 479
31 13 479
14 21 702
21 14 702
14 27 776
27 14 776
14 35 115
35 14 115
14 17 410
17 14 410
15 34 520
34 15 520
15 37 987
37 15 987
15 34 201
34 15 201
15 19 474
19 15 474
15 19 888
19 15 888
16 26 265
26 16 265
16 23 917
23 16 917
16 37 351
37 16 351
16 35 720
35 16 720
16 28 431
28 16 431
17 18 315
18 17 315
17 25 98
25 17 98
17 33 968
33 17 968
17 29 396
29 17 396
18 19 662
19 18 662
18 25 573
25 18 573
18 32 466
32 18 466
19 20 515
20 19 515
19 30 22
30 19 22
19 30 966
30 19 966
19 38 629
38 19 629
19 27 963
27 19 963
20 41 984
41 20 984
20 34 284
34 20 284
21 23 677
23 21 677
21 39 938
39 21 938
22 31 772
31 22 772
22 31 817
31 22 817
22 34 319
34 22 319
22 30 807
30 22 807
23 39 681
39 23 681
23 25 257
25 23 257
23 40 549
40 23 549
23 37 983
37 23 983
24 28 393
28 24 393
24 39 677
39 24 677
25 40 248
40 25 248
25 33 46
33 25 46
26 38 26
38 26 26
26 32 367
32 26 367
26 41 55
41 26 55
27 36 506
36 27 506
27 34 654
34 27 654
27 37 223
37 27 223
27 33 230
33 27 230
27 30 634
30 27 634
27 38 668
38 27 668
27 38 305
38 27 305
28 34 260
34 28 260
28 40 631
40 28 631
28 29 523
29 28 523
30 41 564
41 30 564
31 41 705
41 31 705
31 35 648
35 31 648
32 38 923
38 32 923
32 36 755
36 32 755
32 37 408
37 32 408
33 41 778
41 33 778
33 37 319
37 33 319
33 38 153
38 33 153
34 37 433
37 34 433
35 39 390
39 35 390
35 36 746
36 35 746
36 40 138
40 36 138
36 39 750
39 36 750
37 40 481
40 37 481
37 40 235
40 37 235
