60

0 1 13
1 0 13
0 2 704
2 0 704
0 7 428
7 0 428
0 23 161
23 0 161
0 21 261
21 0 261
0 9 273
9 0 273
0 40 927
40 0 927
0 51 369
51 0 369
0 24 254
24 0 254
0 14 609
14 0 609
0 48 344
48 0 344
0 56 720
56 0 720
0 9 562
9 0 562
0 26 216
26 0 216
0 52 578
52 0 578
0 14 9
14 0 9
0 36 803
36 0 803
0 40 411
40 0 411
0 5 298
5 0 298
0 28 551
28 0 551
0 27 286
27 0 286
0 5 736
5 0 736
0 58 446
58 0 446
0 49 973
49 0 973
0 55 325
55 0 325
0 27 287
27 0 287
0 36 391
36 0 391
0 36 400
36 0 400
0 20 708
20 0 708
1 3 422
3 1 422
1 8 606
8 1 606
1 9 549
9 1 549
1 11 748
11 1 748
1 16 245
16 1 245
1 19 874
19 1 874
1 32 93
32 1 93
1 37 405
37 1 405
1 3 645
3 1 645
1 48 950
48 1 950
1 30 729
30 1 729
1 17 65
17 1 65
1 45 892
45 1 892
1 30 676
30 1 676
1 2 201
2 1 201
1 17 668
17 1 668
1 45 11
45 1 11
1 47 421
47 1 421
1 18 731
18 1 731
1 19 97
19 1 97
1 7 785
7 1 785
1 23 530
23 1 530
1 42 516
42 1 516
1 25 304
25 1 304
1 57 926
57 1 926
1 38 600
38 1 600
1 33 16
33 1 16
1 35 787
35 1 787
1 25 994
25 1 994
1 18 269
18 1 269
1 24 401
24 1 401
1 13 900
13 1 900
1 31 82
31 1 82
1 9 80
9 1 80
1 53 586
53 1 586
1 34 954
34 1 954
1 46 219
46 1 219
1 33 563
33 1 563
1 34 727
34 1 727
1 6 373
6 1 373
1 50 304
50 1 304
1 39 569
39 1 569
1 12 233
12 1 233
1 20 315
20 1 315
2 14 128
14 2 128
2 15 542
15 2 542
2 29 480
29 2 480
2 21 536
21 2 536
2 38 686
38 2 686
2 53 674
53 2 674
2 17 882
17 2 882
2 57 415
57 2 415
2 18 609
18 2 609
2 34 474
34 2 474
2 22 347
22 2 347
2 48 893
48 2 893
2 19 782
19 2 782
2 59 677
59 2 677
2 17 660
17 2 660
2 20 605
20 2 605
2 17 141
17 2 141
2 49 148
49 2 148
2 32 793
32 2 793
2 39 741
39 2 741
2 31 867
31 2 867
2 24 685
24 2 685
3 4 714
4 3 714
3 13 754
13 3 754
3 50 58
50 3 58
3 11 220
11 3 220
3 17 425
17 3 425
3 36 174
36 3 174
3 25 200
25 3 200
3 20 292
20 3 292
3 20 980
20 3 980
3 20 863
20 3 863
3 38 325
38 3 325
3 6 630
6 3 630
3 37 550
37 3 550
3 55 996
55 3 996
3 14 860
14 3 860
3 7 277
7 3 277
3 27 663
27 3 663
3 57 969
57 3 969
3 46 383
46 3 383
3 15 958
15 3 958
3 23 341
23 3 341
3 32 679
32 3 679
3 32 585
32 3 585
3 14 469
14 3 469
3 35 775
35 3 775
3 41 996
41 3 996
3 25 492
25 3 492
3 30 585
30 3 585
3 22 207
22 3 207
4 5 438
5 4 438
4 6 658
6 4 658
4 18 393
18 4 393
4 35 74
35 4 74
4 54 370
54 4 370
4 26 887
26 4 887
4 34 925
34 4 925
4 22 100
22 4 100
4 44 888
44 4 888
4 37 916
37 4 916
4 46 114
46 4 114
4 8 719
8 4 719
4 39 839
39 4 839
4 59 970
59 4 970
4 17 773
17 4 773
4 17 593
17 4 593
4 34 556
34 4 556
4 20 85
20 4 85
4 30 526
30 4 526
4 40 666
40 4 666
4 49 918
49 4 918
5 22 908
22 5 908
5 27 302
27 5 302
5 26 856
26 5 856
5 49 957
49 5 957
5 17 775
17 5 775
5 45 266
45 5 266
5 53 740
53 5 740
5 57 926
57 5 926
5 36 6
36 5 6
5 25 891
25 5 891
5 45 396
45 5 396
5 28 865
28 5 865
5 11 405
11 5 405
5 29 312
29 5 312
5 49 495
49 5 495
5 53 765
53 5 765
5 42 562
42 5 562
5 11 341
11 5 341
5 36 366
36 5 366
5 50 770
50 5 770
5 51 3
51 5 3
5 57 116
57 5 116
5 40 856
40 5 856
5 30 237
30 5 237
5 18 751
18 5 751
5 54 475
54 5 475
5 13 533
13 5 533
5 51 304
51 5 304
5 54 855
54 5 855
5 54 886
54 5 886
5 10 852
10 5 852
5 15 426
15 5 426
5 23 3
23 5 3
5 47 951
47 5 951
6 35 472
35 6 472
6 51 802
51 6 802
6 57 908
57 6 908
6 12 715
12 6 715
6 49 885
49 6 885
6 17 875
17 6 875
6 41 710
41 6 710
6 21 261
21 6 261
6 19 380
19 6 380
6 26 96
26 6 96
6 31 545
31 6 545
6 41 228
41 6 228
6 38 59
38 6 59
6 39 307
39 6 307
6 21 908
21 6 908
6 14 934
14 6 934
6 59 572
59 6 572
6 26 689
26 6 689
6 23 760
23 6 760
6 40 76
40 6 76
6 11 322
11 6 322
6 47 534
47 6 534
6 26 961
26 6 961
6 58 208
58 6 208
6 51 881
51 6 881
7 12 55
12 7 55
7 57 264
57 7 264
7 21 165
21 7 165
7 38 865
38 7 865
7 52 848
52 7 848
7 49 180
49 7 180
7 42 779
42 7 779
7 52 807
52 7 807
7 10 116
10 7 116
7 52 136
52 7 136
7 40 87
40 7 87
7 32 505
32 7 505
7 16 828
16 7 828
7 29 876
29 7 876
7 10 440
10 7 440
7 25 603
25 7 603
7 50 358
50 7 358
7 25 941
25 7 941
7 28 88
28 7 88
7 28 346
28 7 346
7 26 459
26 7 459
7 53 970
53 7 970
7 15 58
15 7 58
7 12 61
12 7 61
7 52 99
52 7 99
7 14 1000
14 7 1000
7 14 786
14 7 786
7 58 653
58 7 653
7 22 37
22 7 37
7 38 379
38 7 379
7 17 139
17 7 139
7 15 399
15 7 399
7 58 66
58 7 66
7 14 366
14 7 366
7 9 981
9 7 981
8 23 897
23 8 897
8 50 133
50 8 133
8 43 678
43 8 678
8 35 477
35 8 477
8 47 524
47 8 524
8 18 115
18 8 115
8 12 657
12 8 657
8 19 536
19 8 536
8 31 519
31 8 519
8 14 843
14 8 843
8 45 250
45 8 250
8 44 807
44 8 807
8 13 23
13 8 23
8 42 706
42 8 706
8 17 413
17 8 413
8 38 514
38 8 514
8 49 370
49 8 370
8 46 808
46 8 808
8 57 791
57 8 791
8 47 298
47 8 298
8 33 579
33 8 579
8 13 680
13 8 680
8 55 83
55 8 83
8 45 146
45 8 146
8 26 577
26 8 577
8 48 242
48 8 242
8 9 633
9 8 633
8 20 41
20 8 41
8 18 972
18 8 972
8 18 576
18 8 576
9 10 107
10 9 107
9 20 700
20 9 700
9 21 417
21 9 417
9 45 450
45 9 450
9 24 479
24 9 479
9 23 476
23 9 476
9 24 429
24 9 429
9 17 218
17 9 218
9 44 33
44 9 33
9 46 95
46 9 95
9 42 182
42 9 182
9 26 799
26 9 799
9 44 11
44 9 11
9 46 716
46 9 716
9 9 944
9 9 944
9 45 987
45 9 987
9 23 170
23 9 170
9 50 711
50 9 711
9 27 93
27 9 93
9 29 471
29 9 471
9 35 110
35 9 110
9 35 853
35 9 853
9 15 789
15 9 789
9 24 819
24 9 819
10 59 276
59 10 276
10 35 873
35 10 873
10 42 266
42 10 266
10 17 770
17 10 770
10 38 980
38 10 980
10 30 200
30 10 200
10 12 870
12 10 870
10 11 665
11 10 665
10 37 294
37 10 294
10 19 54
19 10 54
10 30 159
30 10 159
10 32 428
32 10 428
10 53 718
53 10 718
10 34 269
34 10 269
10 26 451
26 10 451
10 12 714
12 10 714
10 32 28
32 10 28
10 13 807
13 10 807
10 55 883
55 10 883
10 24 173
24 10 173
11 26 882
26 11 882
11 43 784
43 11 784
11 21 516
21 11 516
11 14 953
14 11 953
11 30 591
30 11 591
11 42 176
42 11 176
11 41 897
41 11 897
11 23 780
23 11 780
11 30 106
30 11 106
11 43 179
43 11 179
11 56 849
56 11 849
11 30 524
30 11 524
11 38 920
38 11 920
11 48 568
48 11 568
11 33 665
33 11 665
11 25 123
25 11 123
11 41 271
41 11 271
11 54 595
54 11 595
11 58 984
58 11 984
11 20 344
20 11 344
11 59 394
59 11 394
11 46 763
46 11 763
11 20 844
20 11 844
11 13 2
13 11 2
11 49 201
49 11 201
11 52 155
52 11 155
12 48 662
48 12 662
12 37 141
37 12 141
12 59 742
59 12 742
12 42 22
42 12 22
12 14 359
14 12 359
12 45 235
45 12 235
12 47 819
47 12 819
12 58 849
58 12 849
12 35 727
35 12 727
12 16 268
16 12 268
12 58 9
58 12 9
12 53 171
53 12 171
12 27 816
27 12 816
12 14 179
14 12 179
12 49 109
49 12 109
12 15 404
15 12 404
12 20 376
20 12 376
12 18 207
18 12 207
12 50 297
50 12 297
12 22 68
22 12 68
12 59 28
59 12 28
12 26 306
26 12 306
13 29 396
29 13 396
13 33 771
33 13 771
13 57 172
57 13 172
13 57 264
57 13 264
13 30 275
30 13 275
13 16 26
16 13 26
13 54 699
54 13 699
13 33 334
33 13 334
13 50 102
50 13 102
13 33 166
33 13 166
13 19 811
19 13 811
13 22 826
22 13 826
13 17 864
17 13 864
13 17 538
17 13 538
13 58 681
58 13 681
13 48 667
48 13 667
13 31 180
31 13 180
13 58 88
58 13 88
13 14 171
14 13 171
13 19 255
19 13 255
13 27 52
27 13 52
13 57 335
57 13 335
13 54 241
54 13 241
13 17 287
17 13 287
13 39 69
39 13 69
13 39 952
39 13 952
13 17 34
17 13 34
13 36 973
36 13 973
14 17 279
17 14 279
14 27 473
27 14 473
14 38 65
38 14 65
14 16 567
16 14 567
14 52 24
52 14 24
14 19 466
19 14 466
14 20 827
20 14 827
14 54 298
54 14 298
14 25 35
25 14 35
14 33 630
33 14 630
14 52 947
52 14 947
14 27 229
27 14 229
14 26 868
26 14 868
14 24 751
24 14 751
14 47 417
47 14 417
14 50 307
50 14 307
15 21 87
21 15 87
15 24 635
24 15 635
15 25 186
25 15 186
15 27 188
27 15 188
15 31 614
31 15 614
15 51 23
51 15 23
15 42 99
42 15 99
15 40 123
40 15 123
15 21 35
21 15 35
15 41 538
41 15 538
15 36 673
36 15 673
15 57 578
57 15 578
15 35 438
35 15 438
15 39 722
39 15 722
15 45 78
45 15 78
15 46 347
46 15 347
15 28 42
28 15 42
15 37 901
37 15 901
15 51 34
51 15 34
15 56 862
56 15 862
15 44 853
44 15 853
15 31 88
31 15 88
15 47 70
47 15 70
15 27 473
27 15 473
15 45 415
45 15 415
15 27 980
27 15 980
15 21 217
21 15 217
15 30 660
30 15 660
15 50 604
50 15 604
15 49 752
49 15 752
16 31 545
31 16 545
16 44 746
44 16 746
16 52 18
52 16 18
16 41 89
41 16 89
16 17 338
17 16 338
16 56 542
56 16 542
16 16 983
16 16 983
16 28 672
28 16 672
16 25 660
25 16 660
16 59 735
59 16 735
16 31 207
31 16 207
16 44 247
44 16 247
16 41 311
41 16 311
16 28 232
28 16 232
16 18 466
18 16 466
16 48 948
48 16 948
16 25 795
25 16 795
16 29 364
29 16 364
16 28 198
28 16 198
16 24 833
24 16 833
16 58 801
58 16 801
16 25 70
25 16 70
16 42 653
42 16 653
16 19 624
19 16 624
16 52 789
52 16 789
16 25 556
25 16 556
16 57 209
57 16 209
16 54 701
54 16 701
16 16 708
16 16 708
17 27 688
27 17 688
17 53 427
53 17 427
17 22 386
22 17 386
17 28 176
28 17 176
17 25 691
25 17 691
17 59 323
59 17 323
17 39 816
39 17 816
17 49 468
49 17 468
17 34 213
34 17 213
17 26 184
26 17 184
17 20 423
20 17 423
17 21 893
21 17 893
17 20 507
20 17 507
17 28 495
28 17 495
17 34 26
34 17 26
17 41 434
41 17 434
17 59 683
59 17 683
17 56 997
56 17 997
17 53 853
53 17 853
18 48 857
48 18 857
18 59 63
59 18 63
18 28 485
28 18 485
18 41 109
41 18 109
18 36 223
36 18 223
18 44 69
44 18 69
18 20 704
20 18 704
18 35 371
35 18 371
18 50 713
50 18 713
18 42 408
42 18 408
18 49 3
49 18 3
18 49 326
49 18 326
18 36 128
36 18 128
18 43 615
43 18 615
18 39 718
39 18 718
18 45 252
45 18 252
18 45 636
45 18 636
18 43 353
43 18 353
18 57 601
57 18 601
18 21 956
21 18 956
18 27 214
27 18 214
19 20 29
20 19 29
19 25 37
25 19 37
19 30 578
30 19 578
19 59 375
59 19 375
19 44 532
44 19 532
19 47 112
47 19 112
19 52 957
52 19 957
19 20 815
20 19 815
19 21 820
21 19 820
19 36 505
36 19 505
19 43 693
43 19 693
19 20 528
20 19 528
19 23 248
23 19 248
19 49 202
49 19 202
19 55 275
55 19 275
19 31 830
31 19 830
19 38 765
38 19 765
19 42 169
42 19 169
19 46 492
46 19 492
19 35 213
35 19 213
20 43 143
43 20 143
20 30 241
30 20 241
20 38 784
38 20 784
20 31 12
31 20 12
20 30 93
30 20 93
20 46 849
46 20 849
20 39 959
39 20 959
20 52 515
52 20 515
20 32 429
32 20 429
20 27 662
27 20 662
20 21 505
21 20 505
20 30 728
30 20 728
20 42 400
42 20 400
21 28 120
28 21 120
21 24 369
24 21 369
21 57 235
57 21 235
21 41 166
41 21 166
21 35 174
35 21 174
21 37 647
37 21 647
21 21 421
21 21 421
21 38 739
38 21 739
21 49 964
49 21 964
21 35 78
35 21 78
21 34 530
34 21 530
21 47 384
47 21 384
21 26 513
26 21 513
21 35 23
35 21 23
21 53 387
53 21 387
22 28 309
28 22 309
22 41 38
41 22 38
22 41 154
41 22 154
22 38 908
38 22 908
22 38 889
38 22 889
22 22 456
22 22 456
22 55 614
55 22 614
22 48 956
48 22 956
22 43 131
43 22 131
22 50 354
50 22 354
22 58 31
58 22 31
22 23 360
23 22 360
22 27 992
27 22 992
22 58 469
58 22 469
22 23 15
23 22 15
22 50 821
50 22 821
22 54 81
54 22 81
22 59 861
59 22 861
22 47 513
47 22 513
22 35 359
35 22 359
22 43 590
43 22 590
22 50 765
50 22 765
22 49 534
49 22 534
23 36 507
36 23 507
23 49 837
49 23 837
23 38 518
38 23 518
23 57 268
57 23 268
23 58 984
58 23 984
23 52 834
52 23 834
23 57 537
57 23 537
23 28 40
28 23 40
23 36 80
36 23 80
23 48 404
48 23 404
23 28 486
28 23 486
23 53 37
53 23 37
23 37 295
37 23 295
23 37 550
37 23 550
23 37 550
37 23 550
23 41 894
41 23 894
23 59 79
59 23 79
24 47 492
47 24 492
24 43 914
43 24 914
24 49 876
49 24 876
24 34 408
34 24 408
24 47 957
47 24 957
24 32 528
32 24 528
24 35 707
35 24 707
24 32 501
32 24 501
24 32 821
32 24 821
24 44 820
44 24 820
24 41 141
41 24 141
24 45 519
45 24 519
24 53 909
53 24 909
24 46 907
46 24 907
24 28 543
28 24 543
24 32 816
32 24 816
24 50 574
50 24 574
24 26 271
26 24 271
25 40 689
40 25 689
25 45 833
45 25 833
25 54 473
54 25 473
25 59 458
59 25 458
25 30 393
30 25 393
25 32 704
32 25 704
25 44 739
44 25 739
25 46 441
46 25 441
25 58 106
58 25 106
25 35 168
35 25 168
25 29 619
29 25 619
25 42 345
42 25 345
25 59 395
59 25 395
25 38 34
38 25 34
25 38 836
38 25 836
25 49 821
49 25 821
25 34 233
34 25 233
26 33 456
33 26 456
26 53 120
53 26 120
26 54 177
54 26 177
26 32 381
32 26 381
26 29 426
29 26 426
26 59 155
59 26 155
26 29 851
29 26 851
26 44 995
44 26 995
26 30 444
30 26 444
26 50 342
50 26 342
26 54 696
54 26 696
26 34 572
34 26 572
26 34 519
34 26 519
26 53 49
53 26 49
26 58 888
58 26 888
26 49 857
49 26 857
26 30 612
30 26 612
26 52 260
52 26 260
26 27 156
27 26 156
26 32 725
32 26 725
26 54 390
54 26 390
26 55 29
55 26 29
27 56 525
56 27 525
27 36 842
36 27 842
27 28 559
28 27 559
27 36 26
36 27 26
27 50 352
50 27 352
27 50 700
50 27 700
27 51 761
51 27 761
27 51 724
51 27 724
27 33 711
33 27 711
27 31 929
31 27 929
27 54 526
54 27 526
27 36 165
36 27 165
27 27 558
27 27 558
27 34 410
34 27 410
27 53 855
53 27 855
28 36 839
36 28 839
28 42 577
42 28 577
28 57 51
57 28 51
28 41 965
41 28 965
28 34 155
34 28 155
28 41 976
41 28 976
28 35 801
35 28 801
28 41 307
41 28 307
28 32 116
32 28 116
28 58 114
58 28 114
28 48 452
48 28 452
28 58 630
58 28 630
28 46 350
46 28 350
28 54 310
54 28 310
28 59 468
59 28 468
28 32 869
32 28 869
28 38 579
38 28 579
28 53 95
53 28 95
28 36 370
36 28 370
28 56 434
56 28 434
29 34 747
34 29 747
29 49 829
49 29 829
29 32 904
32 29 904
29 38 403
38 29 403
29 39 624
39 29 624
29 47 873
47 29 873
29 32 438
32 29 438
29 48 868
48 29 868
29 58 58
58 29 58
29 47 382
47 29 382
29 34 602
34 29 602
29 50 936
50 29 936
29 48 392
48 29 392
29 50 348
50 29 348
29 51 287
51 29 287
29 44 824
44 29 824
29 41 52
41 29 52
29 30 507
30 29 507
29 45 936
45 29 936
29 50 818
50 29 818
29 54 803
54 29 803
30 42 895
42 30 895
30 31 15
31 30 15
30 33 970
33 30 970
30 38 100
38 30 100
30 46 913
46 30 913
30 53 217
53 30 217
30 43 19
43 30 19
30 38 817
38 30 817
30 52 799
52 30 799
30 38 248
38 30 248
30 48 700
48 30 700
30 38 875
38 30 875
30 31 605
31 30 605
30 40 943
40 30 943
31 44 372
44 31 372
31 58 773
58 31 773
31 52 356
52 31 356
31 52 797
52 31 797
31 36 795
36 31 795
31 53 372
53 31 372
31 47 733
47 31 733
31 37 495
37 31 495
31 34 727
34 31 727
31 46 823
46 31 823
32 56 531
56 32 531
32 33 26
33 32 26
32 50 167
50 32 167
32 43 929
43 32 929
32 58 199
58 32 199
32 57 455
57 32 455
32 35 651
35 32 651
32 58 261
58 32 261
32 37 256
37 32 256
32 51 138
51 32 138
33 46 134
46 33 134
33 42 591
42 33 591
33 40 660
40 33 660
33 43 262
43 33 262
33 47 202
47 33 202
33 51 651
51 33 651
33 45 862
45 33 862
33 34 881
34 33 881
33 36 430
36 33 430
33 57 145
57 33 145
33 34 398
34 33 398
33 51 152
51 33 152
33 34 887
34 33 887
33 35 734
35 33 734
34 39 970
39 34 970
34 59 749
59 34 749
34 48 869
48 34 869
34 47 353
47 34 353
34 55 403
55 34 403
34 57 43
57 34 43
34 46 432
46 34 432
34 42 242
42 34 242
34 40 607
40 34 607
34 42 601
42 34 601
35 40 661
40 35 661
35 42 66
42 35 66
35 40 334
40 35 334
35 51 558
51 35 558
35 50 395
50 35 395
35 40 879
40 35 879
35 53 884
53 35 884
35 56 341
56 35 341
35 56 243
56 35 243
35 49 407
49 35 407
35 58 52
58 35 52
35 36 855
36 35 855
35 47 441
47 35 441
35 40 375
40 35 375
35 57 13
57 35 13
35 46 836
46 35 836
35 44 433
44 35 433
35 42 926
42 35 926
35 41 709
41 35 709
35 41 979
41 35 979
35 40 334
40 35 334
35 37 555
37 35 555
35 49 943
49 35 943
35 59 537
59 35 537
35 35 929
35 35 929
35 37 832
37 35 832
35 40 73
40 35 73
36 38 333
38 36 333
36 37 278
37 36 278
36 38 403
38 36 403
36 56 750
56 36 750
36 43 921
43 36 921
36 40 668
40 36 668
36 44 39
44 36 39
36 37 2
37 36 2
36 56 769
56 36 769
36 56 179
56 36 179
36 56 394
56 36 394
36 57 42
57 36 42
36 48 423
48 36 423
36 59 439
59 36 439
36 50 429
50 36 429
37 46 868
46 37 868
37 49 454
49 37 454
37 56 484
56 37 484
37 48 944
48 37 944
37 55 647
55 37 647
37 50 565
50 37 565
37 47 853
47 37 853
37 56 349
56 37 349
37 50 721
50 37 721
38 45 867
45 38 867
38 59 695
59 38 695
38 39 959
39 38 959
38 59 985
59 38 985
38 53 108
53 38 108
38 52 7
52 38 7
38 38 371
38 38 371
38 38 16
38 38 16
38 56 806
56 38 806
38 55 830
55 38 830
39 52 399
52 39 399
39 55 270
55 39 270
39 47 730
47 39 730
39 58 984
58 39 984
39 45 164
45 39 164
39 47 383
47 39 383
39 39 386
39 39 386
39 43 970
43 39 970
39 47 173
47 39 173
39 47 332
47 39 332
39 41 987
41 39 987
39 51 382
51 39 382
39 44 984
44 39 984
39 41 138
41 39 138
40 55 961
55 40 961
40 50 175
50 40 175
40 41 807
41 40 807
40 56 427
56 40 427
40 52 451
52 40 451
40 54 279
54 40 279
40 57 784
57 40 784
40 47 329
47 40 329
40 55 497
55 40 497
40 59 136
59 40 136
40 58 203
58 40 203
40 50 749
50 40 749
40 55 649
55 40 649
40 51 851
51 40 851
41 51 160
51 41 160
41 51 610
51 41 610
41 43 425
43 41 425
41 58 859
58 41 859
41 45 807
45 41 807
41 41 185
41 41 185
41 50 709
50 41 709
41 42 599
42 41 599
42 53 162
53 42 162
42 55 153
55 42 153
42 47 679
47 42 679
42 53 756
53 42 756
42 46 670
46 42 670
42 53 668
53 42 668
42 54 682
54 42 682
42 46 397
46 42 397
42 43 747
43 42 747
42 44 751
44 42 751
43 53 500
53 43 500
43 55 704
55 43 704
43 51 429
51 43 429
43 58 247
58 43 247
43 50 942
50 43 942
43 48 147
48 43 147
43 47 926
47 43 926
43 47 224
47 43 224
44 58 481
58 44 481
44 57 83
57 44 83
45 52 547
52 45 547
45 53 349
53 45 349
45 46 518
46 45 518
45 54 934
54 45 934
45 47 998
47 45 998
45 58 577
58 45 577
45 56 466
56 45 466
45 49 175
49 45 175
45 54 119
54 45 119
46 52 74
52 46 74
46 53 564
53 46 564
46 53 132
53 46 132
46 54 129
54 46 129
46 56 629
56 46 629
46 53 993
53 46 993
46 52 541
52 46 541
46 51 628
51 46 628
47 50 381
50 47 381
47 49 206
49 47 206
47 49 204
49 47 204
47 58 675
58 47 675
47 51 89
51 47 89
47 52 268
52 47 268
48 53 4
53 48 4
48 52 422
52 48 422
48 50 627
50 48 627
48 57 350
57 48 350
49 50 517
50 49 517
49 55 573
55 49 573
49 59 538
59 49 538
49 54 130
54 49 130
49 55 273
55 49 273
49 59 520
59 49 520
50 58 718
58 50 718
50 51 566
51 50 566
50 59 407
59 50 407
50 57 750
57 50 750
50 59 541
59 50 541
50 57 286
57 50 286
50 56 56
56 50 56
50 59 92
59 50 92
50 51 837
51 50 837
50 55 337
55 50 337
50 55 731
55 50 731
51 59 130
59 51 130
51 58 627
58 51 627
52 58 575
58 52 575
52 55 281
55 52 281
52 58 879
58 52 879
52 57 442
57 52 442
52 54 102
54 52 102
53 54 215
54 53 215
53 56 106
56 53 106
54 56 680
56 54 680
54 57 964
57 54 964
55 58 176
58 55 176
55 57 263
57 55 263
55 57 17
57 55 17
55 56 227
56 55 227
56 58 496
58 56 496
57 59 770
59 57 770
57 58 660
58 57 660
59 59 15
59 59 15
59 59 175
59 59 175
