91

0 1 360
1 0 360
0 12 954
12 0 954
0 24 461
24 0 461
0 62 559
62 0 559
0 76 475
76 0 475
0 46 509
46 0 509
0 42 837
42 0 837
1 2 837
2 1 837
1 3 924
3 1 924
1 4 659
4 1 659
1 7 889
7 1 889
1 16 644
16 1 644
1 18 171
18 1 171
1 45 830
45 1 830
2 6 946
6 2 946
2 53 184
53 2 184
2 21 187
21 2 187
3 27 708
27 3 708
3 35 14
35 3 14
4 5 877
5 4 877
4 9 113
9 4 113
4 10 832
10 4 832
4 23 336
23 4 336
4 39 617
39 4 617
4 42 824
42 4 824
4 49 95
49 4 95
4 41 950
41 4 950
5 8 751
8 5 751
5 22 769
22 5 769
5 10 900
10 5 900
6 14 948
14 6 948
6 30 813
30 6 813
6 77 311
77 6 311
6 6 456
6 6 456
6 62 571
62 6 571
7 11 733
11 7 733
7 41 291
41 7 291
8 37 276
37 8 276
8 90 596
90 8 596
9 25 180
25 9 180
9 67 781
67 9 781
9 62 696
62 9 696
9 49 411
49 9 411
10 38 758
38 10 758
10 16 414
16 10 414
10 68 644
68 10 644
11 13 626
13 11 626
11 17 685
17 11 685
11 46 608
46 11 608
11 73 157
73 11 157
12 15 691
15 12 691
13 50 127
50 13 127
13 63 193
63 13 193
13 64 987
64 13 987
13 72 416
72 13 416
14 15 736
15 14 736
14 19 997
19 14 997
15 20 314
20 15 314
15 21 303
21 15 303
15 32 439
32 15 439
15 42 674
42 15 674
15 72 401
72 15 401
15 82 670
82 15 670
15 72 676
72 15 676
16 31 744
31 16 744
16 52 705
52 16 705
16 52 894
52 16 894
16 62 414
62 16 414
16 53 447
53 16 447
17 34 198
34 17 198
17 36 520
36 17 520
17 44 444
44 17 444
17 80 928
80 17 928
18 65 92
65 18 92
18 47 56
47 18 56
19 28 419
28 19 419
19 29 139
29 19 139
19 45 500
45 19 500
19 57 415
57 19 415
20 60 873
60 20 873
20 21 119
21 20 119
21 40 283
40 21 283
21 61 662
61 21 662
22 56 359
56 22 359
22 59 938
59 22 938
22 59 642
59 22 642
22 84 320
84 22 320
22 83 156
83 22 156
23 26 529
26 23 529
23 44 228
44 23 228
23 48 975
48 23 975
23 35 200
35 23 200
24 68 243
68 24 243
24 73 595
73 24 595
24 88 14
88 24 14
25 45 538
45 25 538
25 74 201
74 25 201
25 30 271
30 25 271
26 33 135
33 26 135
26 31 446
31 26 446
26 29 132
29 26 132
27 69 436
69 27 436
27 90 322
90 27 322
27 67 985
67 27 985
28 75 381
75 28 381
29 59 450
59 29 450
29 73 573
73 29 573
29 38 315
38 29 315
29 43 530
43 29 530
30 49 832
49 30 832
30 58 103
58 30 103
30 79 667
79 30 667
30 61 67
61 30 67
31 83 967
83 31 967
31 60 746
60 31 746
33 78 530
78 33 530
33 73 286
73 33 286
34 54 526
54 34 526
34 66 11
66 34 11
36 50 670
50 36 670
36 56 831
56 36 831
36 83 908
83 36 908
36 55 147
55 36 147
37 51 660
51 37 660
37 46 73
46 37 73
37 77 137
77 37 137
38 71 118
71 38 118
38 66 161
66 38 161
38 78 978
78 38 978
39 43 89
43 39 89
39 80 955
80 39 955
40 70 451
70 40 451
41 52 257
52 41 257
42 47 553
47 42 553
42 66 704
66 42 704
42 66 688
66 42 688
42 49 786
49 42 786
42 67 887
67 42 887
45 57 413
57 45 413
45 83 993
83 45 993
46 55 305
55 46 305
46 61 376
61 46 376
46 65 599
65 46 599
48 86 249
86 48 249
48 83 340
83 48 340
48 53 323
53 48 323
49 84 210
84 49 210
49 72 879
72 49 879
50 61 666
61 50 666
51 86 639
86 51 639
52 78 311
78 52 311
52 53 871
53 52 871
54 63 331
63 54 331
56 90 507
90 56 507
56 60 495
60 56 495
57 75 86
75 57 86
57 85 325
85 57 325
57 83 497
83 57 497
58 85 541
85 58 541
58 64 309
64 58 309
59 77 194
77 59 194
60 86 141
86 60 141
61 77 653
77 61 653
61 88 412
88 61 412
61 87 178
87 61 178
62 88 148
88 62 148
62 79 905
79 62 905
63 81 974
81 63 974
63 90 350
90 63 350
66 89 116
89 66 116
68 81 922
81 68 922
71 79 572
79 71 572
71 78 538
78 71 538
72 86 165
86 72 165
72 73 677
73 72 677
82 87 203
87 82 203
83 89 846
89 83 846
