89

0 1 347
1 0 347
0 4 284
4 0 284
0 12 507
12 0 507
0 58 608
58 0 608
0 64 909
64 0 909
0 50 972
50 0 972
0 61 846
61 0 846
0 70 184
70 0 184
0 88 514
88 0 514
0 39 206
39 0 206
0 21 436
21 0 436
0 13 641
13 0 641
0 62 638
62 0 638
0 41 167
41 0 167
0 37 644
37 0 644
0 69 552
69 0 552
0 0 60
0 0 60
0 55 867
55 0 867
1 2 514
2 1 514
1 6 832
6 1 832
1 31 423
31 1 423
1 4 964
4 1 964
1 46 385
46 1 385
1 76 658
76 1 658
1 74 554
74 1 554
1 26 325
26 1 325
1 24 285
24 1 285
1 34 648
34 1 648
1 28 108
28 1 108
1 10 346
10 1 346
1 10 727
10 1 727
1 81 751
81 1 751
1 51 904
51 1 904
1 48 521
48 1 521
1 25 536
25 1 536
2 3 815
3 2 815
2 16 865
16 2 865
2 22 483
22 2 483
2 85 859
85 2 859
2 70 363
70 2 363
2 57 145
57 2 145
2 24 517
24 2 517
2 26 413
26 2 413
2 45 227
45 2 227
2 14 110
14 2 110
2 75 173
75 2 173
2 61 195
61 2 195
2 49 883
49 2 883
2 36 915
36 2 915
3 47 677
47 3 677
3 67 725
67 3 725
3 60 353
60 3 353
3 5 382
5 3 382
3 24 627
24 3 627
3 72 981
72 3 981
3 67 253
67 3 253
3 71 582
71 3 582
3 62 4
62 3 4
3 14 477
14 3 477
3 61 974
61 3 974
3 19 788
19 3 788
3 87 29
87 3 29
3 71 491
71 3 491
3 53 42
53 3 42
3 24 400
24 3 400
3 64 76
64 3 76
3 74 722
74 3 722
3 41 148
41 3 148
4 5 760
5 4 760
4 10 741
10 4 741
4 22 444
22 4 444
4 70 784
70 4 784
4 17 785
17 4 785
4 27 89
27 4 89
4 62 807
62 4 807
4 24 771
24 4 771
4 18 977
18 4 977
4 44 770
44 4 770
4 40 595
40 4 595
4 79 289
79 4 289
4 51 545
51 4 545
4 45 814
45 4 814
4 48 261
48 4 261
4 30 508
30 4 508
4 20 19
20 4 19
5 21 547
21 5 547
5 16 1000
16 5 1000
5 39 686
39 5 686
5 86 480
86 5 480
5 10 994
10 5 994
5 65 860
65 5 860
5 64 702
64 5 702
5 48 848
48 5 848
5 68 886
68 5 886
5 44 586
44 5 586
5 79 849
79 5 849
5 27 133
27 5 133
5 84 815
84 5 815
5 66 366
66 5 366
5 62 571
62 5 571
6 7 634
7 6 634
6 8 252
8 6 252
6 25 701
25 6 701
6 54 664
54 6 664
6 10 989
10 6 989
6 51 933
51 6 933
6 55 395
55 6 395
6 11 713
11 6 713
6 14 892
14 6 892
6 16 753
16 6 753
6 77 184
77 6 184
6 27 639
27 6 639
6 42 952
42 6 952
7 9 2
9 7 2
7 13 672
13 7 672
7 19 717
19 7 717
7 49 926
49 7 926
7 69 802
69 7 802
7 60 619
60 7 619
7 12 82
12 7 82
7 56 277
56 7 277
7 88 671
88 7 671
7 82 530
82 7 530
7 13 750
13 7 750
7 82 921
82 7 921
7 79 585
79 7 585
7 77 810
77 7 810
7 33 889
33 7 889
7 10 355
10 7 355
7 87 260
87 7 260
7 33 493
33 7 493
7 37 81
37 7 81
7 56 630
56 7 630
7 51 843
51 7 843
7 22 561
22 7 561
7 71 405
71 7 405
7 29 984
29 7 984
8 11 989
11 8 989
8 14 11
14 8 11
8 23 65
23 8 65
8 28 715
28 8 715
8 41 665
41 8 665
8 73 614
73 8 614
8 27 928
27 8 928
8 65 714
65 8 714
8 58 195
58 8 195
8 82 981
82 8 981
8 48 621
48 8 621
8 26 14
26 8 14
8 16 515
16 8 515
8 82 451
82 8 451
8 73 399
73 8 399
8 60 290
60 8 290
8 42 768
42 8 768
8 12 98
12 8 98
9 43 908
43 9 908
9 21 658
21 9 658
9 73 830
73 9 830
9 14 13
14 9 13
9 47 945
47 9 945
9 85 171
85 9 171
9 82 812
82 9 812
9 50 515
50 9 515
9 20 353
20 9 353
9 11 501
11 9 501
9 40 177
40 9 177
9 70 930
70 9 930
9 75 486
75 9 486
9 11 749
11 9 749
9 71 51
71 9 51
9 17 243
17 9 243
9 11 276
11 9 276
9 14 981
14 9 981
9 57 47
57 9 47
9 26 768
26 9 768
10 15 512
15 10 512
10 76 591
76 10 591
10 77 619
77 10 619
10 39 968
39 10 968
10 59 457
59 10 457
10 80 856
80 10 856
10 56 514
56 10 514
10 26 345
26 10 345
10 41 849
41 10 849
10 79 462
79 10 462
10 69 266
69 10 266
11 20 840
20 11 840
11 24 687
24 11 687
11 37 380
37 11 380
11 38 133
38 11 133
11 86 114
86 11 114
11 59 721
59 11 721
11 88 58
88 11 58
11 70 830
70 11 830
11 33 253
33 11 253
11 15 133
15 11 133
11 75 623
75 11 623
11 37 379
37 11 379
11 63 955
63 11 955
11 69 798
69 11 798
11 63 609
63 11 609
11 54 127
54 11 127
11 54 191
54 11 191
11 37 520
37 11 520
11 74 291
74 11 291
11 16 741
16 11 741
11 64 803
64 11 803
11 31 154
31 11 154
12 17 618
17 12 618
12 72 822
72 12 822
12 16 773
16 12 773
12 33 418
33 12 418
12 34 316
34 12 316
12 79 704
79 12 704
12 33 977
33 12 977
12 84 129
84 12 129
12 85 547
85 12 547
12 74 274
74 12 274
12 60 709
60 12 709
12 56 615
56 12 615
13 30 996
30 13 996
13 61 848
61 13 848
13 47 4
47 13 4
13 18 356
18 13 356
13 49 319
49 13 319
13 30 629
30 13 629
13 20 167
20 13 167
13 44 141
44 13 141
13 23 753
23 13 753
13 36 827
36 13 827
13 23 964
23 13 964
13 48 624
48 13 624
13 43 586
43 13 586
13 17 563
17 13 563
13 39 869
39 13 869
13 83 217
83 13 217
14 31 273
31 14 273
14 67 65
67 14 65
14 41 955
41 14 955
14 42 613
42 14 613
14 88 3
88 14 3
14 76 144
76 14 144
14 75 56
75 14 56
15 18 749
18 15 749
15 36 512
36 15 512
15 52 544
52 15 544
15 63 479
63 15 479
15 76 304
76 15 304
15 37 723
37 15 723
15 23 841
23 15 841
15 35 79
35 15 79
15 78 7
78 15 7
15 63 812
63 15 812
15 60 760
60 15 760
15 79 434
79 15 434
15 62 410
62 15 410
15 72 517
72 15 517
15 53 336
53 15 336
15 39 83
39 15 83
15 72 615
72 15 615
15 47 269
47 15 269
15 23 723
23 15 723
15 16 790
16 15 790
15 16 701
16 15 701
15 63 848
63 15 848
15 79 400
79 15 400
16 39 803
39 16 803
16 23 159
23 16 159
16 84 582
84 16 582
16 74 348
74 16 348
16 74 1000
74 16 1000
16 17 681
17 16 681
16 75 203
75 16 203
16 51 847
51 16 847
16 64 188
64 16 188
16 47 773
47 16 773
16 28 930
28 16 930
16 36 229
36 16 229
16 87 842
87 16 842
16 40 960
40 16 960
17 32 124
32 17 124
17 57 371
57 17 371
17 72 461
72 17 461
17 79 354
79 17 354
17 37 361
37 17 361
17 73 289
73 17 289
17 51 102
51 17 102
17 23 962
23 17 962
17 37 175
37 17 175
17 76 867
76 17 867
17 39 148
39 17 148
17 66 420
66 17 420
17 55 159
55 17 159
17 47 365
47 17 365
17 29 947
29 17 947
17 73 584
73 17 584
17 42 551
42 17 551
17 33 590
33 17 590
17 38 560
38 17 560
17 65 989
65 17 989
18 83 391
83 18 391
18 85 15
85 18 15
18 34 466
34 18 466
18 59 324
59 18 324
18 71 173
71 18 173
18 59 161
59 18 161
18 78 331
78 18 331
18 52 656
52 18 656
18 86 26
86 18 26
18 60 295
60 18 295
19 26 258
26 19 258
19 27 307
27 19 307
19 59 826
59 19 826
19 42 988
42 19 988
19 71 987
71 19 987
19 37 832
37 19 832
19 32 548
32 19 548
19 50 569
50 19 569
19 33 637
33 19 637
19 35 775
35 19 775
19 77 396
77 19 396
19 33 291
33 19 291
19 34 166
34 19 166
19 33 787
33 19 787
19 33 73
33 19 73
19 75 934
75 19 934
20 73 579
73 20 579
20 28 370
28 20 370
20 62 507
62 20 507
20 67 24
67 20 24
20 23 222
23 20 222
20 29 876
29 20 876
20 35 500
35 20 500
20 64 492
64 20 492
20 27 14
27 20 14
20 78 815
78 20 815
20 34 215
34 20 215
21 75 264
75 21 264
21 32 492
32 21 492
21 61 636
61 21 636
21 83 408
83 21 408
21 79 644
79 21 644
21 50 281
50 21 281
21 61 802
61 21 802
21 37 990
37 21 990
21 24 68
24 21 68
21 34 920
34 21 920
21 51 292
51 21 292
21 68 361
68 21 361
21 69 470
69 21 470
21 43 599
43 21 599
22 72 219
72 22 219
22 49 894
49 22 894
22 66 391
66 22 391
22 47 330
47 22 330
22 65 681
65 22 681
22 42 742
42 22 742
22 52 956
52 22 956
22 88 606
88 22 606
22 75 617
75 22 617
22 27 509
27 22 509
22 34 871
34 22 871
22 76 281
76 22 281
22 41 566
41 22 566
22 44 515
44 22 515
22 25 162
25 22 162
22 86 103
86 22 103
23 51 135
51 23 135
23 56 947
56 23 947
23 43 328
43 23 328
23 70 50
70 23 50
23 56 490
56 23 490
23 80 226
80 23 226
23 72 91
72 23 91
23 75 38
75 23 38
23 35 749
35 23 749
23 34 845
34 23 845
23 68 524
68 23 524
23 86 120
86 23 120
24 29 556
29 24 556
24 33 204
33 24 204
24 73 588
73 24 588
24 63 587
63 24 587
24 84 312
84 24 312
24 32 879
32 24 879
24 36 126
36 24 126
24 50 99
50 24 99
24 35 868
35 24 868
24 38 917
38 24 917
24 53 947
53 24 947
24 53 66
53 24 66
24 48 221
48 24 221
24 33 686
33 24 686
24 57 404
57 24 404
24 46 744
46 24 744
24 35 958
35 24 958
24 55 933
55 24 933
24 61 833
61 24 833
25 84 824
84 25 824
25 76 627
76 25 627
25 85 224
85 25 224
25 59 113
59 25 113
25 60 437
60 25 437
26 63 434
63 26 434
26 63 473
63 26 473
26 39 371
39 26 371
26 44 449
44 26 449
26 30 783
30 26 783
26 30 815
30 26 815
26 84 959
84 26 959
26 46 916
46 26 916
26 33 178
33 26 178
26 28 861
28 26 861
26 85 201
85 26 201
26 87 139
87 26 139
26 52 642
52 26 642
26 38 683
38 26 683
26 37 655
37 26 655
27 35 567
35 27 567
27 57 234
57 27 234
27 55 298
55 27 298
27 54 491
54 27 491
27 71 625
71 27 625
27 63 17
63 27 17
27 63 826
63 27 826
27 28 984
28 27 984
27 84 683
84 27 683
27 74 109
74 27 109
28 84 45
84 28 45
28 88 482
88 28 482
28 34 150
34 28 150
28 83 688
83 28 688
28 71 751
71 28 751
28 51 814
51 28 814
28 60 681
60 28 681
28 52 691
52 28 691
28 35 346
35 28 346
28 56 140
56 28 140
29 34 930
34 29 930
29 53 725
53 29 725
29 68 834
68 29 834
29 70 189
70 29 189
29 77 871
77 29 871
29 46 68
46 29 68
29 39 418
39 29 418
29 59 740
59 29 740
29 83 58
83 29 58
29 48 902
48 29 902
29 54 479
54 29 479
29 56 467
56 29 467
29 39 709
39 29 709
29 72 175
72 29 175
29 68 927
68 29 927
29 70 416
70 29 416
30 56 771
56 30 771
30 82 293
82 30 293
30 55 470
55 30 470
30 81 569
81 30 569
30 38 100
38 30 100
30 87 16
87 30 16
30 49 947
49 30 947
30 81 817
81 30 817
30 69 470
69 30 470
30 50 128
50 30 128
30 58 295
58 30 295
31 35 437
35 31 437
31 41 53
41 31 53
31 58 954
58 31 954
31 69 901
69 31 901
31 31 401
31 31 401
31 54 754
54 31 754
31 34 352
34 31 352
31 65 50
65 31 50
32 33 735
33 32 735
32 40 360
40 32 360
32 87 14
87 32 14
32 34 581
34 32 581
32 44 960
44 32 960
32 61 544
61 32 544
32 34 839
34 32 839
32 56 302
56 32 302
32 67 867
67 32 867
33 44 182
44 33 182
33 79 787
79 33 787
33 53 568
53 33 568
33 80 376
80 33 376
33 42 499
42 33 499
33 83 671
83 33 671
33 73 682
73 33 682
33 42 727
42 33 727
33 86 124
86 33 124
33 78 470
78 33 470
33 88 965
88 33 965
33 79 59
79 33 59
33 61 920
61 33 920
33 84 439
84 33 439
33 73 805
73 33 805
33 66 115
66 33 115
33 79 759
79 33 759
34 48 941
48 34 941
34 87 637
87 34 637
34 85 316
85 34 316
34 84 687
84 34 687
34 78 662
78 34 662
34 87 255
87 34 255
34 76 769
76 34 769
34 66 379
66 34 379
34 80 31
80 34 31
34 60 846
60 34 846
34 44 112
44 34 112
34 86 666
86 34 666
34 40 956
40 34 956
34 42 195
42 34 195
34 39 957
39 34 957
35 55 968
55 35 968
35 50 814
50 35 814
35 88 827
88 35 827
35 84 99
84 35 99
35 66 103
66 35 103
35 36 806
36 35 806
35 80 292
80 35 292
36 40 254
40 36 254
36 48 101
48 36 101
36 86 499
86 36 499
36 46 901
46 36 901
36 76 637
76 36 637
36 58 758
58 36 758
37 76 122
76 37 122
37 76 852
76 37 852
37 51 751
51 37 751
37 47 959
47 37 959
38 46 202
46 38 202
38 68 81
68 38 81
38 46 315
46 38 315
38 68 381
68 38 381
38 40 795
40 38 795
38 67 643
67 38 643
38 84 331
84 38 331
39 42 919
42 39 919
39 57 292
57 39 292
39 84 164
84 39 164
39 59 627
59 39 627
39 84 687
84 39 687
39 85 775
85 39 775
39 71 1
71 39 1
40 45 662
45 40 662
40 64 850
64 40 850
40 67 35
67 40 35
40 53 827
53 40 827
40 48 619
48 40 619
40 73 195
73 40 195
40 52 422
52 40 422
40 73 965
73 40 965
41 64 836
64 41 836
41 79 315
79 41 315
41 64 355
64 41 355
41 44 673
44 41 673
41 42 448
42 41 448
41 73 712
73 41 712
41 68 284
68 41 284
41 59 573
59 41 573
41 73 469
73 41 469
41 85 268
85 41 268
41 86 577
86 41 577
41 66 834
66 41 834
41 56 797
56 41 797
42 78 695
78 42 695
42 64 309
64 42 309
42 43 884
43 42 884
42 80 305
80 42 305
42 68 270
68 42 270
42 69 104
69 42 104
42 88 187
88 42 187
42 88 20
88 42 20
43 85 814
85 43 814
43 78 670
78 43 670
43 70 802
70 43 802
43 59 220
59 43 220
43 81 594
81 43 594
43 44 710
44 43 710
43 73 391
73 43 391
43 60 674
60 43 674
43 64 585
64 43 585
44 84 263
84 44 263
44 46 653
46 44 653
44 76 54
76 44 54
44 69 909
69 44 909
44 59 791
59 44 791
44 60 18
60 44 18
44 70 417
70 44 417
45 50 982
50 45 982
45 79 589
79 45 589
45 87 70
87 45 70
45 68 42
68 45 42
45 59 860
59 45 860
45 85 197
85 45 197
45 78 184
78 45 184
45 71 694
71 45 694
45 45 938
45 45 938
45 68 369
68 45 369
46 56 23
56 46 23
46 51 304
51 46 304
46 55 528
55 46 528
46 60 349
60 46 349
46 75 535
75 46 535
46 77 235
77 46 235
46 53 96
53 46 96
47 66 301
66 47 301
47 73 817
73 47 817
47 59 323
59 47 323
47 79 744
79 47 744
47 51 987
51 47 987
47 50 234
50 47 234
47 87 737
87 47 737
48 50 692
50 48 692
48 85 245
85 48 245
48 51 108
51 48 108
48 87 720
87 48 720
48 56 489
56 48 489
48 49 444
49 48 444
48 65 964
65 48 964
48 53 996
53 48 996
49 55 951
55 49 951
49 60 416
60 49 416
49 85 425
85 49 425
49 80 127
80 49 127
49 61 191
61 49 191
49 80 458
80 49 458
50 77 430
77 50 430
50 66 959
66 50 959
50 66 49
66 50 49
50 59 116
59 50 116
50 57 587
57 50 587
50 82 293
82 50 293
51 82 579
82 51 579
51 72 501
72 51 501
51 68 547
68 51 547
51 71 132
71 51 132
52 65 276
65 52 276
52 76 520
76 52 520
52 88 660
88 52 660
52 58 954
58 52 954
52 80 39
80 52 39
52 53 867
53 52 867
52 88 9
88 52 9
52 52 449
52 52 449
53 79 82
79 53 82
53 79 926
79 53 926
53 63 694
63 53 694
53 86 657
86 53 657
53 71 148
71 53 148
53 53 628
53 53 628
53 88 803
88 53 803
54 64 772
64 54 772
54 76 399
76 54 399
54 79 260
79 54 260
54 67 454
67 54 454
54 70 371
70 54 371
55 62 342
62 55 342
55 85 28
85 55 28
55 87 653
87 55 653
55 71 848
71 55 848
55 56 605
56 55 605
55 76 122
76 55 122
55 77 677
77 55 677
56 59 20
59 56 20
56 70 670
70 56 670
56 72 770
72 56 770
56 77 789
77 56 789
56 88 126
88 56 126
56 61 385
61 56 385
57 60 369
60 57 369
57 82 20
82 57 20
57 79 412
79 57 412
57 61 728
61 57 728
57 62 938
62 57 938
57 61 187
61 57 187
57 88 530
88 57 530
58 62 877
62 58 877
58 67 686
67 58 686
58 64 758
64 58 758
58 66 400
66 58 400
58 74 446
74 58 446
58 73 632
73 58 632
59 59 202
59 59 202
59 79 847
79 59 847
59 60 327
60 59 327
60 71 451
71 60 451
60 61 881
61 60 881
60 70 17
70 60 17
60 84 731
84 60 731
60 67 281
67 60 281
61 77 267
77 61 267
61 63 500
63 61 500
61 79 441
79 61 441
61 81 658
81 61 658
61 71 4
71 61 4
61 65 397
65 61 397
61 72 461
72 61 461
61 81 619
81 61 619
61 81 646
81 61 646
61 73 958
73 61 958
61 62 547
62 61 547
62 74 123
74 62 123
63 68 634
68 63 634
63 83 736
83 63 736
63 73 577
73 63 577
63 78 148
78 63 148
63 85 598
85 63 598
63 80 401
80 63 401
63 83 633
83 63 633
64 72 603
72 64 603
64 75 60
75 64 60
64 81 526
81 64 526
64 66 301
66 64 301
64 81 735
81 64 735
65 77 947
77 65 947
65 81 539
81 65 539
65 68 498
68 65 498
65 73 491
73 65 491
65 82 191
82 65 191
65 66 271
66 65 271
65 88 424
88 65 424
66 74 737
74 66 737
66 86 666
86 66 666
68 79 983
79 68 983
68 70 393
70 68 393
68 87 640
87 68 640
68 83 327
83 68 327
68 72 867
72 68 867
68 72 119
72 68 119
68 86 309
86 68 309
68 79 253
79 68 253
68 77 467
77 68 467
69 80 398
80 69 398
69 72 257
72 69 257
69 73 195
73 69 195
69 80 404
80 69 404
69 77 167
77 69 167
69 79 49
79 69 49
70 71 781
71 70 781
70 83 853
83 70 853
70 76 827
76 70 827
70 71 396
71 70 396
70 88 447
88 70 447
71 76 930
76 71 930
71 73 73
73 71 73
71 78 292
78 71 292
71 84 227
84 71 227
71 72 660
72 71 660
72 88 219
88 72 219
72 88 765
88 72 765
72 82 342
82 72 342
72 86 379
86 72 379
73 80 86
80 73 86
73 83 4
83 73 4
73 76 746
76 73 746
73 74 616
74 73 616
73 79 172
79 73 172
74 88 223
88 74 223
74 76 354
76 74 354
74 87 493
87 74 493
74 86 166
86 74 166
74 78 205
78 74 205
75 82 704
82 75 704
75 85 796
85 75 796
75 76 612
76 75 612
75 86 673
86 75 673
76 78 468
78 76 468
76 87 284
87 76 284
77 84 979
84 77 979
78 88 762
88 78 762
78 81 990
81 78 990
80 88 668
88 80 668
82 84 222
84 82 222
83 87 178
87 83 178
84 86 63
86 84 63
85 86 601
86 85 601
87 87 689
87 87 689
