76

0 1 942
1 0 942
0 4 410
4 0 410
0 9 374
9 0 374
0 16 7
16 0 7
0 20 133
20 0 133
0 24 5
24 0 5
0 63 260
63 0 260
0 58 297
58 0 297
0 47 18
47 0 18
0 9 231
9 0 231
0 7 223
7 0 223
0 62 822
62 0 822
0 54 952
54 0 952
0 60 653
60 0 653
0 44 314
44 0 314
0 34 717
34 0 717
0 42 645
42 0 645
0 54 309
54 0 309
1 2 958
2 1 958
1 7 421
7 1 421
1 10 590
10 1 590
1 21 891
21 1 891
1 29 353
29 1 353
1 30 863
30 1 863
1 31 771
31 1 771
1 52 279
52 1 279
1 36 681
36 1 681
1 15 189
15 1 189
1 45 419
45 1 419
1 40 667
40 1 667
2 3 397
3 2 397
2 18 946
18 2 946
2 22 686
22 2 686
2 42 739
42 2 739
2 44 809
44 2 809
2 7 726
7 2 726
2 22 670
22 2 670
2 73 911
73 2 911
2 17 331
17 2 331
2 11 218
11 2 218
2 51 540
51 2 540
3 8 612
8 3 612
3 25 67
25 3 67
3 37 983
37 3 983
3 23 529
23 3 529
3 5 714
5 3 714
3 43 618
43 3 618
3 57 575
57 3 575
3 15 494
15 3 494
3 36 238
36 3 238
3 52 836
52 3 836
3 15 173
15 3 173
3 11 488
11 3 488
3 61 467
61 3 467
3 60 899
60 3 899
3 4 735
4 3 735
3 50 667
50 3 667
3 72 50
72 3 50
3 46 583
46 3 583
3 42 667
42 3 667
3 20 632
20 3 632
3 25 818
25 3 818
4 5 174
5 4 174
4 6 726
6 4 726
4 38 679
38 4 679
4 71 63
71 4 63
4 14 964
14 4 964
4 45 281
45 4 281
4 35 997
35 4 997
4 27 657
27 4 657
4 27 648
27 4 648
4 5 531
5 4 531
4 63 855
63 4 855
4 68 396
68 4 396
5 14 165
14 5 165
5 15 969
15 5 969
5 29 748
29 5 748
5 26 544
26 5 544
5 11 838
11 5 838
5 40 367
40 5 367
5 36 546
36 5 546
5 36 865
36 5 865
5 57 308
57 5 308
5 35 353
35 5 353
5 25 76
25 5 76
5 33 545
33 5 545
5 55 473
55 5 473
5 56 317
56 5 317
5 12 375
12 5 375
6 12 674
12 6 674
6 13 809
13 6 809
6 33 616
33 6 616
6 44 89
44 6 89
6 23 497
23 6 497
6 41 792
41 6 792
6 13 625
13 6 625
6 46 917
46 6 917
6 55 666
55 6 666
6 67 60
67 6 60
6 71 136
71 6 136
6 73 164
73 6 164
6 40 366
40 6 366
6 55 645
55 6 645
6 62 469
62 6 469
6 67 530
67 6 530
6 32 361
32 6 361
7 19 136
19 7 136
7 23 371
23 7 371
7 32 550
32 7 550
7 36 793
36 7 793
7 27 996
27 7 996
7 59 595
59 7 595
7 68 180
68 7 180
7 59 573
59 7 573
7 43 671
43 7 671
7 64 358
64 7 358
7 45 563
45 7 563
7 40 795
40 7 795
7 28 81
28 7 81
7 69 370
69 7 370
8 61 39
61 8 39
8 11 598
11 8 598
8 57 616
57 8 616
8 58 410
58 8 410
8 72 794
72 8 794
8 36 691
36 8 691
8 35 29
35 8 29
8 38 323
38 8 323
8 58 458
58 8 458
8 20 841
20 8 841
8 63 239
63 8 239
8 57 666
57 8 666
8 47 561
47 8 561
8 15 917
15 8 917
8 8 681
8 8 681
8 55 950
55 8 950
8 72 998
72 8 998
9 11 824
11 9 824
9 61 663
61 9 663
9 16 247
16 9 247
9 9 253
9 9 253
9 34 808
34 9 808
9 27 655
27 9 655
9 13 594
13 9 594
9 14 60
14 9 60
9 53 988
53 9 988
9 34 938
34 9 938
9 27 937
27 9 937
9 72 214
72 9 214
9 55 632
55 9 632
9 47 213
47 9 213
9 58 485
58 9 485
9 58 229
58 9 229
10 54 815
54 10 815
10 51 552
51 10 552
10 20 762
20 10 762
10 20 512
20 10 512
10 54 399
54 10 399
10 36 949
36 10 949
10 68 266
68 10 266
10 42 941
42 10 941
10 54 225
54 10 225
11 27 250
27 11 250
11 28 306
28 11 306
11 65 166
65 11 166
11 58 465
58 11 465
11 49 672
49 11 672
11 75 83
75 11 83
11 72 77
72 11 77
11 31 389
31 11 389
12 39 822
39 12 822
12 33 252
33 12 252
12 26 174
26 12 174
12 75 313
75 12 313
12 41 75
41 12 75
12 29 229
29 12 229
13 45 235
45 13 235
13 51 965
51 13 965
13 34 698
34 13 698
13 40 562
40 13 562
13 26 813
26 13 813
13 69 251
69 13 251
13 24 840
24 13 840
13 29 624
29 13 624
13 36 326
36 13 326
13 44 697
44 13 697
13 58 659
58 13 659
13 17 329
17 13 329
13 39 948
39 13 948
13 23 737
23 13 737
13 47 545
47 13 545
13 53 103
53 13 103
14 66 359
66 14 359
14 73 651
73 14 651
14 32 237
32 14 237
14 29 427
29 14 427
14 33 332
33 14 332
14 60 992
60 14 992
14 44 945
44 14 945
14 31 869
31 14 869
14 73 868
73 14 868
14 47 248
47 14 248
14 14 178
14 14 178
14 42 96
42 14 96
15 17 803
17 15 803
15 26 194
26 15 194
15 60 709
60 15 709
15 60 222
60 15 222
15 75 972
75 15 972
15 44 239
44 15 239
15 56 609
56 15 609
15 33 962
33 15 962
15 49 525
49 15 525
15 19 996
19 15 996
15 63 570
63 15 570
15 40 529
40 15 529
15 51 857
51 15 857
15 47 25
47 15 25
15 70 479
70 15 479
15 18 50
18 15 50
16 73 616
73 16 616
16 44 176
44 16 176
16 60 69
60 16 69
16 24 302
24 16 302
16 42 449
42 16 449
16 56 891
56 16 891
16 29 183
29 16 183
16 25 630
25 16 630
16 44 863
44 16 863
16 53 910
53 16 910
16 16 661
16 16 661
16 26 532
26 16 532
16 28 21
28 16 21
17 28 294
28 17 294
17 25 973
25 17 973
17 29 692
29 17 692
17 39 348
39 17 348
17 29 642
29 17 642
17 58 536
58 17 536
17 39 338
39 17 338
17 19 140
19 17 140
17 37 30
37 17 30
17 29 574
29 17 574
18 56 126
56 18 126
18 58 933
58 18 933
18 50 174
50 18 174
18 49 857
49 18 857
18 55 258
55 18 258
18 37 798
37 18 798
18 63 291
63 18 291
18 63 908
63 18 908
18 53 118
53 18 118
18 18 150
18 18 150
18 38 32
38 18 32
18 43 445
43 18 445
18 42 660
42 18 660
19 40 714
40 19 714
19 27 453
27 19 453
19 47 344
47 19 344
19 34 797
34 19 797
19 61 957
61 19 957
19 52 515
52 19 515
19 42 959
42 19 959
19 48 507
48 19 507
19 44 904
44 19 904
19 73 489
73 19 489
20 41 691
41 20 691
20 75 6
75 20 6
20 54 351
54 20 351
20 41 829
41 20 829
20 44 396
44 20 396
20 48 229
48 20 229
20 63 236
63 20 236
20 66 245
66 20 245
20 36 646
36 20 646
20 34 114
34 20 114
20 43 295
43 20 295
20 55 735
55 20 735
20 38 29
38 20 29
21 39 882
39 21 882
21 46 186
46 21 186
21 47 62
47 21 62
21 32 479
32 21 479
21 26 624
26 21 624
21 40 91
40 21 91
21 58 295
58 21 295
21 37 716
37 21 716
21 55 296
55 21 296
21 62 405
62 21 405
21 24 310
24 21 310
22 68 573
68 22 573
22 33 443
33 22 443
22 34 842
34 22 842
22 74 532
74 22 532
22 37 338
37 22 338
22 69 23
69 22 23
22 55 941
55 22 941
22 50 423
50 22 423
22 22 99
22 22 99
22 67 34
67 22 34
22 33 354
33 22 354
22 48 464
48 22 464
23 34 704
34 23 704
23 71 251
71 23 251
23 44 224
44 23 224
23 59 929
59 23 929
23 49 93
49 23 93
23 34 667
34 23 667
23 49 520
49 23 520
23 53 462
53 23 462
23 35 276
35 23 276
23 34 915
34 23 915
24 49 211
49 24 211
24 49 364
49 24 364
24 29 66
29 24 66
24 30 466
30 24 466
24 44 786
44 24 786
24 66 457
66 24 457
24 72 785
72 24 785
25 46 700
46 25 700
25 68 253
68 25 253
25 58 705
58 25 705
25 35 964
35 25 964
25 46 677
46 25 677
25 36 506
36 25 506
25 47 346
47 25 346
25 45 390
45 25 390
25 54 572
54 25 572
25 44 47
44 25 47
25 37 220
37 25 220
25 67 459
67 25 459
26 40 660
40 26 660
26 75 263
75 26 263
26 63 283
63 26 283
26 55 827
55 26 827
26 67 375
67 26 375
26 72 894
72 26 894
26 55 14
55 26 14
26 66 765
66 26 765
26 40 890
40 26 890
26 67 577
67 26 577
27 36 520
36 27 520
27 39 688
39 27 688
27 65 531
65 27 531
27 69 297
69 27 297
27 46 801
46 27 801
27 48 59
48 27 59
27 64 234
64 27 234
27 32 529
32 27 529
27 63 722
63 27 722
27 60 225
60 27 225
27 56 198
56 27 198
27 58 400
58 27 400
27 65 773
65 27 773
28 50 425
50 28 425
28 33 63
33 28 63
28 42 896
42 28 896
28 39 614
39 28 614
28 29 662
29 28 662
28 47 972
47 28 972
28 60 419
60 28 419
28 58 741
58 28 741
28 43 434
43 28 434
28 52 959
52 28 959
28 57 364
57 28 364
28 67 958
67 28 958
29 57 616
57 29 616
29 45 326
45 29 326
29 75 994
75 29 994
29 59 599
59 29 599
29 49 803
49 29 803
29 33 376
33 29 376
29 65 863
65 29 863
29 52 468
52 29 468
29 34 384
34 29 384
29 58 172
58 29 172
30 46 626
46 30 626
30 63 506
63 30 506
30 50 84
50 30 84
30 48 672
48 30 672
30 53 27
53 30 27
30 36 798
36 30 798
30 72 677
72 30 677
31 47 88
47 31 88
31 59 724
59 31 724
31 51 212
51 31 212
31 65 674
65 31 674
31 50 110
50 31 110
31 47 45
47 31 45
31 33 315
33 31 315
31 73 317
73 31 317
31 59 880
59 31 880
31 53 353
53 31 353
31 38 481
38 31 481
31 71 832
71 31 832
31 39 548
39 31 548
32 35 74
35 32 74
32 48 669
48 32 669
32 58 597
58 32 597
32 33 469
33 32 469
32 46 608
46 32 608
32 38 323
38 32 323
32 74 922
74 32 922
33 64 811
64 33 811
33 39 856
39 33 856
33 61 233
61 33 233
33 50 434
50 33 434
33 37 471
37 33 471
33 46 227
46 33 227
33 37 844
37 33 844
34 43 123
43 34 123
34 69 864
69 34 864
34 51 79
51 34 79
34 42 248
42 34 248
34 57 18
57 34 18
34 65 831
65 34 831
35 55 376
55 35 376
35 62 887
62 35 887
35 74 257
74 35 257
35 41 633
41 35 633
35 73 593
73 35 593
35 51 677
51 35 677
35 74 577
74 35 577
35 40 221
40 35 221
36 64 827
64 36 827
36 67 14
67 36 14
36 43 635
43 36 635
36 61 757
61 36 757
36 68 944
68 36 944
37 75 232
75 37 232
37 56 176
56 37 176
37 51 406
51 37 406
37 73 578
73 37 578
37 74 350
74 37 350
37 64 919
64 37 919
37 63 420
63 37 420
37 72 28
72 37 28
37 54 959
54 37 959
37 53 820
53 37 820
37 52 692
52 37 692
38 44 92
44 38 92
38 41 751
41 38 751
38 52 775
52 38 775
38 52 596
52 38 596
39 45 419
45 39 419
39 62 542
62 39 542
39 53 313
53 39 313
39 59 872
59 39 872
39 67 258
67 39 258
39 55 855
55 39 855
39 59 654
59 39 654
39 66 887
66 39 887
39 68 13
68 39 13
40 53 752
53 40 752
40 60 289
60 40 289
40 74 561
74 40 561
40 64 382
64 40 382
40 41 658
41 40 658
40 64 448
64 40 448
40 51 866
51 40 866
40 50 897
50 40 897
40 58 318
58 40 318
40 65 914
65 40 914
40 51 756
51 40 756
40 41 371
41 40 371
41 58 20
58 41 20
41 59 249
59 41 249
41 46 946
46 41 946
41 46 127
46 41 127
41 68 177
68 41 177
41 64 364
64 41 364
41 42 959
42 41 959
41 75 255
75 41 255
41 52 484
52 41 484
41 64 682
64 41 682
41 64 585
64 41 585
41 51 691
51 41 691
42 68 260
68 42 260
42 52 741
52 42 741
42 74 168
74 42 168
42 48 963
48 42 963
43 52 992
52 43 992
43 59 714
59 43 714
43 72 846
72 43 846
43 49 719
49 43 719
43 75 726
75 43 726
43 62 993
62 43 993
44 70 710
70 44 710
44 62 881
62 44 881
44 60 223
60 44 223
44 46 942
46 44 942
44 51 207
51 44 207
44 54 487
54 44 487
44 69 862
69 44 862
45 53 840
53 45 840
45 57 628
57 45 628
45 48 124
48 45 124
45 50 873
50 45 873
45 52 495
52 45 495
45 67 58
67 45 58
45 45 817
45 45 817
45 66 302
66 45 302
45 60 325
60 45 325
45 63 287
63 45 287
46 53 141
53 46 141
46 66 291
66 46 291
46 46 299
46 46 299
46 48 23
48 46 23
46 48 929
48 46 929
46 73 312
73 46 312
46 64 163
64 46 163
47 62 966
62 47 966
47 57 264
57 47 264
47 49 367
49 47 367
47 49 270
49 47 270
48 69 30
69 48 30
49 51 90
51 49 90
50 56 709
56 50 709
50 75 668
75 50 668
50 70 826
70 50 826
50 51 739
51 50 739
50 75 824
75 50 824
51 70 476
70 51 476
51 69 406
69 51 406
51 65 40
65 51 40
51 66 57
66 51 57
52 74 581
74 52 581
52 61 633
61 52 633
52 63 704
63 52 704
53 58 187
58 53 187
53 55 120
55 53 120
53 71 420
71 53 420
53 61 490
61 53 490
54 65 646
65 54 646
54 74 464
74 54 464
54 56 456
56 54 456
54 69 632
69 54 632
55 62 616
62 55 616
55 59 385
59 55 385
56 57 472
57 56 472
56 65 605
65 56 605
57 75 765
75 57 765
57 75 622
75 57 622
57 64 943
64 57 943
57 62 110
62 57 110
57 74 836
74 57 836
58 75 353
75 58 353
58 75 770
75 58 770
59 62 343
62 59 343
60 73 612
73 60 612
60 63 587
63 60 587
60 66 592
66 60 592
60 71 132
71 60 132
60 64 221
64 60 221
61 71 368
71 61 368
61 74 524
74 61 524
61 66 657
66 61 657
62 72 886
72 62 886
62 75 351
75 62 351
62 67 679
67 62 679
62 69 308
69 62 308
64 65 981
65 64 981
64 68 957
68 64 957
65 73 28
73 65 28
65 71 358
71 65 358
65 68 158
68 65 158
65 75 805
75 65 805
66 71 657
71 66 657
66 68 549
68 66 549
67 74 170
74 67 170
68 69 457
69 68 457
68 68 665
68 68 665
69 74 896
74 69 896
70 75 418
75 70 418
70 75 218
75 70 218
74 75 2
75 74 2
75 75 471
75 75 471
