18

0 1 74
1 0 74
0 2 92
2 0 92
0 3 522
3 0 522
0 8 596
8 0 596
0 15 745
15 0 745
0 1 408
1 0 408
0 9 783
9 0 783
0 13 623
13 0 623
0 10 964
10 0 964
1 16 845
16 1 845
1 5 914
5 1 914
1 2 415
2 1 415
1 15 158
15 1 158
1 9 36
9 1 36
2 4 122
4 2 122
2 11 26
11 2 26
2 13 278
13 2 278
2 11 864
11 2 864
3 6 482
6 3 482
3 10 995
10 3 995
3 17 552
17 3 552
3 5 211
5 3 211
3 7 984
7 3 984
3 6 945
6 3 945
3 13 132
13 3 132
4 5 687
5 4 687
4 7 594
7 4 594
5 7 353
7 5 353
5 14 652
14 5 652
5 13 190
13 5 190
5 9 789
9 5 789
7 9 82
9 7 82
7 15 277
15 7 277
7 11 961
11 7 961
7 16 282
16 7 282
7 14 552
14 7 552
9 11 688
11 9 688
9 15 451
15 9 451
10 17 431
17 10 431
10 10 84
10 10 84
10 16 47
16 10 47
11 12 911
12 11 911
13 17 907
17 13 907
