27

0 1 140
1 0 140
0 3 662
3 0 662
0 9 201
9 0 201
0 3 480
3 0 480
0 3 498
3 0 498
0 12 678
12 0 678
0 13 44
13 0 44
0 4 450
4 0 450
0 13 593
13 0 593
0 21 728
21 0 728
0 3 401
3 0 401
0 4 937
4 0 937
0 12 636
12 0 636
0 14 230
14 0 230
0 14 768
14 0 768
0 26 497
26 0 497
0 20 238
20 0 238
0 13 914
13 0 914
1 2 178
2 1 178
1 4 203
4 1 203
1 13 790
13 1 790
1 18 151
18 1 151
1 25 823
25 1 823
1 10 300
10 1 300
1 24 985
24 1 985
1 22 567
22 1 567
1 11 734
11 1 734
1 4 423
4 1 423
1 7 457
7 1 457
1 20 966
20 1 966
1 12 166
12 1 166
1 24 672
24 1 672
1 24 483
24 1 483
1 13 607
13 1 607
1 25 639
25 1 639
1 22 394
22 1 394
1 21 713
21 1 713
1 21 236
21 1 236
1 23 245
23 1 245
1 2 673
2 1 673
1 3 570
3 1 570
2 5 919
5 2 919
2 8 104
8 2 104
2 8 567
8 2 567
2 16 613
16 2 613
2 23 606
23 2 606
2 15 533
15 2 533
2 21 376
21 2 376
2 3 853
3 2 853
2 18 33
18 2 33
2 13 441
13 2 441
2 3 155
3 2 155
2 19 869
19 2 869
2 6 501
6 2 501
2 4 335
4 2 335
3 7 634
7 3 634
3 10 626
10 3 626
3 5 442
5 3 442
3 10 579
10 3 579
3 9 615
9 3 615
3 21 312
21 3 312
3 5 706
5 3 706
3 14 189
14 3 189
3 25 929
25 3 929
3 21 835
21 3 835
3 8 888
8 3 888
3 9 375
9 3 375
4 6 3
6 4 3
4 15 257
15 4 257
4 17 381
17 4 381
4 8 578
8 4 578
4 16 511
16 4 511
4 26 858
26 4 858
4 26 911
26 4 911
4 10 270
10 4 270
5 23 311
23 5 311
5 11 492
11 5 492
5 14 319
14 5 319
5 15 391
15 5 391
5 12 602
12 5 602
5 26 511
26 5 511
5 24 206
24 5 206
5 10 325
10 5 325
5 6 561
6 5 561
5 5 229
5 5 229
5 8 153
8 5 153
5 18 486
18 5 486
5 22 944
22 5 944
5 20 107
20 5 107
5 12 632
12 5 632
6 9 708
9 6 708
6 12 326
12 6 326
6 21 338
21 6 338
6 19 240
19 6 240
6 22 153
22 6 153
6 26 761
26 6 761
6 18 946
18 6 946
6 12 24
12 6 24
6 16 531
16 6 531
6 6 595
6 6 595
6 22 968
22 6 968
6 12 707
12 6 707
6 20 745
20 6 745
6 10 501
10 6 501
6 19 837
19 6 837
6 21 823
21 6 823
7 11 278
11 7 278
7 14 485
14 7 485
7 17 251
17 7 251
7 16 459
16 7 459
7 18 406
18 7 406
7 22 106
22 7 106
7 12 34
12 7 34
7 25 186
25 7 186
7 19 192
19 7 192
7 7 917
7 7 917
7 8 374
8 7 374
8 16 935
16 8 935
8 17 974
17 8 974
8 16 43
16 8 43
8 25 660
25 8 660
8 26 692
26 8 692
8 8 697
8 8 697
8 11 735
11 8 735
8 18 189
18 8 189
8 17 362
17 8 362
8 17 380
17 8 380
8 15 751
15 8 751
8 11 301
11 8 301
8 22 870
22 8 870
9 12 660
12 9 660
9 19 920
19 9 920
9 12 727
12 9 727
9 15 563
15 9 563
9 20 630
20 9 630
9 17 513
17 9 513
9 20 949
20 9 949
9 18 370
18 9 370
9 16 690
16 9 690
9 26 833
26 9 833
10 20 471
20 10 471
10 26 982
26 10 982
10 20 387
20 10 387
10 23 240
23 10 240
10 20 974
20 10 974
10 13 762
13 10 762
10 18 346
18 10 346
10 15 688
15 10 688
10 13 115
13 10 115
10 16 134
16 10 134
10 22 94
22 10 94
10 21 293
21 10 293
10 15 736
15 10 736
10 15 468
15 10 468
11 22 93
22 11 93
11 13 833
13 11 833
11 20 472
20 11 472
11 11 247
11 11 247
11 14 779
14 11 779
11 16 186
16 11 186
12 24 932
24 12 932
12 15 191
15 12 191
12 19 546
19 12 546
12 18 948
18 12 948
12 18 253
18 12 253
12 18 884
18 12 884
12 19 330
19 12 330
12 14 418
14 12 418
12 16 81
16 12 81
12 15 624
15 12 624
12 19 341
19 12 341
12 26 285
26 12 285
13 18 452
18 13 452
13 26 315
26 13 315
13 17 909
17 13 909
13 26 481
26 13 481
13 25 339
25 13 339
13 18 954
18 13 954
13 21 296
21 13 296
14 19 914
19 14 914
14 22 313
22 14 313
14 23 571
23 14 571
14 24 275
24 14 275
14 21 844
21 14 844
14 18 959
18 14 959
15 25 42
25 15 42
15 18 60
18 15 60
15 20 86
20 15 86
15 22 933
22 15 933
15 20 37
20 15 37
16 26 502
26 16 502
16 18 893
18 16 893
16 24 66
24 16 66
16 20 169
20 16 169
16 26 420
26 16 420
16 21 372
21 16 372
16 19 596
19 16 596
16 21 45
21 16 45
16 21 711
21 16 711
16 25 172
25 16 172
16 23 853
23 16 853
17 19 963
19 17 963
17 23 126
23 17 126
17 21 968
21 17 968
17 19 979
19 17 979
17 24 287
24 17 287
18 21 418
21 18 418
18 18 823
18 18 823
18 22 525
22 18 525
18 24 827
24 18 827
18 21 50
21 18 50
18 24 554
24 18 554
19 20 836
20 19 836
19 25 495
25 19 495
19 24 75
24 19 75
19 23 460
23 19 460
19 23 481
23 19 481
20 24 13
24 20 13
20 23 87
23 20 87
21 23 673
23 21 673
21 25 243
25 21 243
21 22 613
22 21 613
21 24 915
24 21 915
21 24 792
24 21 792
22 22 815
22 22 815
22 24 663
24 22 663
22 25 576
25 22 576
23 23 555
23 23 555
24 25 635
25 24 635
25 26 861
26 25 861
