37

0 1 673
1 0 673
0 2 312
2 0 312
0 9 793
9 0 793
0 6 856
6 0 856
0 10 34
10 0 34
0 34 445
34 0 445
0 5 549
5 0 549
0 19 425
19 0 425
0 34 476
34 0 476
0 21 11
21 0 11
0 23 516
23 0 516
0 32 955
32 0 955
0 26 455
26 0 455
0 29 520
29 0 520
0 29 558
29 0 558
0 3 229
3 0 229
0 12 993
12 0 993
0 31 777
31 0 777
1 3 162
3 1 162
1 6 898
6 1 898
1 18 256
18 1 256
1 35 554
35 1 554
1 11 1000
11 1 1000
1 6 779
6 1 779
1 24 80
24 1 80
1 13 625
13 1 625
1 25 313
25 1 313
1 29 964
29 1 964
1 28 826
28 1 826
1 31 285
31 1 285
1 21 35
21 1 35
1 29 822
29 1 822
1 29 181
29 1 181
1 20 858
20 1 858
1 17 338
17 1 338
1 8 161
8 1 161
1 15 141
15 1 141
1 11 962
11 1 962
1 14 195
14 1 195
1 8 677
8 1 677
1 21 216
21 1 216
1 24 42
24 1 42
1 34 39
34 1 39
1 33 902
33 1 902
1 11 298
11 1 298
1 8 764
8 1 764
1 13 794
13 1 794
1 13 915
13 1 915
1 33 479
33 1 479
1 23 820
23 1 820
1 29 3
29 1 3
1 15 695
15 1 695
1 13 816
13 1 816
1 9 328
9 1 328
1 3 495
3 1 495
1 22 684
22 1 684
2 4 60
4 2 60
2 23 841
23 2 841
2 31 96
31 2 96
2 35 866
35 2 866
2 18 572
18 2 572
2 8 96
8 2 96
2 32 486
32 2 486
2 20 955
20 2 955
2 7 631
7 2 631
2 20 776
20 2 776
2 21 898
21 2 898
2 34 423
34 2 423
2 33 143
33 2 143
2 32 511
32 2 511
2 29 943
29 2 943
2 4 908
4 2 908
2 30 571
30 2 571
2 15 44
15 2 44
2 32 180
32 2 180
2 16 392
16 2 392
2 2 443
2 2 443
2 13 297
13 2 297
2 3 535
3 2 535
2 5 311
5 2 311
2 27 649
27 2 649
2 4 114
4 2 114
2 36 969
36 2 969
2 31 157
31 2 157
3 11 569
11 3 569
3 15 408
15 3 408
3 9 729
9 3 729
3 14 545
14 3 545
3 23 264
23 3 264
3 8 96
8 3 96
3 8 666
8 3 666
3 11 911
11 3 911
3 35 686
35 3 686
3 12 202
12 3 202
3 17 5
17 3 5
3 22 522
22 3 522
3 4 450
4 3 450
3 14 320
14 3 320
3 13 650
13 3 650
3 28 249
28 3 249
3 21 164
21 3 164
3 11 376
11 3 376
3 29 84
29 3 84
3 30 48
30 3 48
3 21 474
21 3 474
3 7 583
7 3 583
3 10 125
10 3 125
4 5 305
5 4 305
4 16 755
16 4 755
4 26 51
26 4 51
4 32 792
32 4 792
4 33 440
33 4 440
4 15 302
15 4 302
4 24 504
24 4 504
4 14 31
14 4 31
4 32 887
32 4 887
4 21 205
21 4 205
4 13 851
13 4 851
4 28 331
28 4 331
4 5 826
5 4 826
4 24 727
24 4 727
4 12 122
12 4 122
4 7 324
7 4 324
4 7 357
7 4 357
4 27 587
27 4 587
4 14 267
14 4 267
4 27 852
27 4 852
4 26 348
26 4 348
4 7 682
7 4 682
5 7 760
7 5 760
5 22 216
22 5 216
5 27 403
27 5 403
5 9 806
9 5 806
5 15 647
15 5 647
5 8 22
8 5 22
5 26 965
26 5 965
5 10 942
10 5 942
5 34 666
34 5 666
5 10 280
10 5 280
5 8 755
8 5 755
5 12 459
12 5 459
5 7 682
7 5 682
5 21 291
21 5 291
5 21 726
21 5 726
5 17 783
17 5 783
5 27 58
27 5 58
5 25 936
25 5 936
5 19 280
19 5 280
5 9 257
9 5 257
6 8 10
8 6 10
6 30 956
30 6 956
6 14 724
14 6 724
6 24 227
24 6 227
6 7 512
7 6 512
6 7 980
7 6 980
6 30 83
30 6 83
6 13 378
13 6 378
6 11 161
11 6 161
6 7 643
7 6 643
6 36 427
36 6 427
6 6 539
6 6 539
6 31 970
31 6 970
6 23 751
23 6 751
6 8 925
8 6 925
6 33 83
33 6 83
6 17 222
17 6 222
6 23 225
23 6 225
6 27 448
27 6 448
6 12 745
12 6 745
6 11 861
11 6 861
6 20 819
20 6 819
7 14 581
14 7 581
7 21 636
21 7 636
7 27 955
27 7 955
7 23 554
23 7 554
7 26 244
26 7 244
7 34 65
34 7 65
7 23 867
23 7 867
7 7 237
7 7 237
7 17 575
17 7 575
7 31 236
31 7 236
7 24 950
24 7 950
7 8 705
8 7 705
7 12 95
12 7 95
7 12 817
12 7 817
7 35 545
35 7 545
7 29 802
29 7 802
7 17 500
17 7 500
7 30 989
30 7 989
7 15 984
15 7 984
7 33 398
33 7 398
8 10 170
10 8 170
8 13 439
13 8 439
8 27 925
27 8 925
8 11 162
11 8 162
8 29 796
29 8 796
8 12 607
12 8 607
8 12 577
12 8 577
8 8 806
8 8 806
8 36 269
36 8 269
8 13 239
13 8 239
8 19 647
19 8 647
8 16 112
16 8 112
8 11 196
11 8 196
8 16 937
16 8 937
8 30 300
30 8 300
8 32 370
32 8 370
8 24 705
24 8 705
8 18 219
18 8 219
8 24 964
24 8 964
8 29 882
29 8 882
9 19 388
19 9 388
9 24 564
24 9 564
9 22 101
22 9 101
9 27 662
27 9 662
9 16 45
16 9 45
9 20 799
20 9 799
9 30 850
30 9 850
9 20 480
20 9 480
9 26 539
26 9 539
9 12 319
12 9 319
9 24 338
24 9 338
9 20 473
20 9 473
9 26 752
26 9 752
9 34 915
34 9 915
9 21 385
21 9 385
9 14 402
14 9 402
9 25 843
25 9 843
9 31 407
31 9 407
9 36 926
36 9 926
9 14 201
14 9 201
10 17 518
17 10 518
10 16 771
16 10 771
10 31 547
31 10 547
10 33 424
33 10 424
10 17 826
17 10 826
10 31 671
31 10 671
10 17 765
17 10 765
10 20 693
20 10 693
10 32 351
32 10 351
10 21 364
21 10 364
10 28 473
28 10 473
10 23 276
23 10 276
10 34 785
34 10 785
10 23 429
23 10 429
10 17 25
17 10 25
10 11 867
11 10 867
10 21 545
21 10 545
10 17 266
17 10 266
11 12 523
12 11 523
11 35 170
35 11 170
11 15 527
15 11 527
11 32 703
32 11 703
11 31 111
31 11 111
11 32 805
32 11 805
11 35 998
35 11 998
11 20 875
20 11 875
11 32 664
32 11 664
11 36 321
36 11 321
11 29 83
29 11 83
11 24 372
24 11 372
12 20 664
20 12 664
12 34 68
34 12 68
12 29 177
29 12 177
12 13 1
13 12 1
12 26 926
26 12 926
12 22 196
22 12 196
12 16 895
16 12 895
12 17 241
17 12 241
12 21 184
21 12 184
12 35 364
35 12 364
12 21 799
21 12 799
12 20 23
20 12 23
13 31 650
31 13 650
13 15 124
15 13 124
13 22 624
22 13 624
13 22 927
22 13 927
13 16 993
16 13 993
13 35 525
35 13 525
13 30 596
30 13 596
13 21 872
21 13 872
13 22 776
22 13 776
13 35 494
35 13 494
13 31 986
31 13 986
13 36 837
36 13 837
13 25 60
25 13 60
13 18 120
18 13 120
13 36 433
36 13 433
13 29 340
29 13 340
13 23 889
23 13 889
13 16 472
16 13 472
13 32 483
32 13 483
13 19 762
19 13 762
13 15 629
15 13 629
13 14 715
14 13 715
13 29 83
29 13 83
13 28 907
28 13 907
14 30 228
30 14 228
14 32 376
32 14 376
14 20 480
20 14 480
14 22 53
22 14 53
14 34 902
34 14 902
14 16 938
16 14 938
14 15 409
15 14 409
14 23 745
23 14 745
14 27 408
27 14 408
14 36 543
36 14 543
14 15 712
15 14 712
14 32 517
32 14 517
14 21 455
21 14 455
15 24 834
24 15 834
15 21 396
21 15 396
15 35 954
35 15 954
15 29 620
29 15 620
15 31 721
31 15 721
15 28 275
28 15 275
15 29 98
29 15 98
15 27 989
27 15 989
15 16 128
16 15 128
15 32 525
32 15 525
15 31 384
31 15 384
15 28 91
28 15 91
15 19 929
19 15 929
15 22 46
22 15 46
15 24 844
24 15 844
15 18 364
18 15 364
15 24 892
24 15 892
15 35 516
35 15 516
15 22 233
22 15 233
15 35 235
35 15 235
15 23 453
23 15 453
15 26 791
26 15 791
16 25 20
25 16 20
16 36 418
36 16 418
16 22 188
22 16 188
16 17 372
17 16 372
16 23 992
23 16 992
16 32 640
32 16 640
16 24 846
24 16 846
16 26 797
26 16 797
16 30 129
30 16 129
16 23 858
23 16 858
16 22 603
22 16 603
16 20 649
20 16 649
16 30 959
30 16 959
16 16 468
16 16 468
16 21 214
21 16 214
16 29 824
29 16 824
16 26 8
26 16 8
17 27 715
27 17 715
17 29 865
29 17 865
17 26 420
26 17 420
17 27 312
27 17 312
17 18 91
18 17 91
17 32 114
32 17 114
17 33 594
33 17 594
17 34 157
34 17 157
17 18 595
18 17 595
17 25 472
25 17 472
17 34 173
34 17 173
17 20 598
20 17 598
17 35 182
35 17 182
17 29 358
29 17 358
17 35 806
35 17 806
18 33 302
33 18 302
18 23 176
23 18 176
18 21 262
21 18 262
18 26 320
26 18 320
18 33 224
33 18 224
18 36 649
36 18 649
18 31 405
31 18 405
18 33 170
33 18 170
18 31 888
31 18 888
18 30 103
30 18 103
19 23 42
23 19 42
19 21 992
21 19 992
19 35 979
35 19 979
19 20 165
20 19 165
19 33 921
33 19 921
19 30 247
30 19 247
19 27 442
27 19 442
19 22 741
22 19 741
19 33 243
33 19 243
20 35 784
35 20 784
20 33 734
33 20 734
20 21 8
21 20 8
20 22 129
22 20 129
20 28 393
28 20 393
20 35 190
35 20 190
20 28 309
28 20 309
20 30 857
30 20 857
20 21 763
21 20 763
20 27 95
27 20 95
20 31 201
31 20 201
21 28 811
28 21 811
21 24 150
24 21 150
21 25 966
25 21 966
21 35 598
35 21 598
21 31 792
31 21 792
21 33 369
33 21 369
21 25 967
25 21 967
21 21 711
21 21 711
22 28 209
28 22 209
22 30 8
30 22 8
22 28 906
28 22 906
22 35 223
35 22 223
22 32 833
32 22 833
23 23 606
23 23 606
23 25 299
25 23 299
23 26 390
26 23 390
23 35 896
35 23 896
23 28 326
28 23 326
23 28 579
28 23 579
23 34 844
34 23 844
23 36 265
36 23 265
23 36 236
36 23 236
23 23 567
23 23 567
23 29 410
29 23 410
24 26 304
26 24 304
24 36 396
36 24 396
24 28 770
28 24 770
24 24 174
24 24 174
24 36 198
36 24 198
24 36 271
36 24 271
24 28 970
28 24 970
25 34 167
34 25 167
25 27 799
27 25 799
25 28 744
28 25 744
25 28 31
28 25 31
25 32 445
32 25 445
25 26 57
26 25 57
25 25 906
25 25 906
25 29 623
29 25 623
25 26 786
26 25 786
25 33 394
33 25 394
26 28 271
28 26 271
26 26 506
26 26 506
26 36 692
36 26 692
26 28 384
28 26 384
26 33 530
33 26 530
26 35 442
35 26 442
27 33 388
33 27 388
27 28 283
28 27 283
27 33 390
33 27 390
27 27 87
27 27 87
27 28 780
28 27 780
27 34 174
34 27 174
27 36 101
36 27 101
27 31 510
31 27 510
27 31 506
31 27 506
28 31 625
31 28 625
28 29 575
29 28 575
28 33 777
33 28 777
28 31 302
31 28 302
28 30 522
30 28 522
28 36 343
36 28 343
29 33 138
33 29 138
29 34 358
34 29 358
29 32 406
32 29 406
29 35 907
35 29 907
29 34 460
34 29 460
29 35 155
35 29 155
30 33 553
33 30 553
30 31 63
31 30 63
30 31 147
31 30 147
30 33 818
33 30 818
30 32 609
32 30 609
31 34 31
34 31 31
31 34 249
34 31 249
31 33 929
33 31 929
32 34 195
34 32 195
32 33 900
33 32 900
32 33 9
33 32 9
33 35 568
35 33 568
35 36 750
36 35 750
36 36 129
36 36 129
36 36 850
36 36 850
