53

0 1 267
1 0 267
0 3 282
3 0 282
0 5 76
5 0 76
0 21 481
21 0 481
0 41 901
41 0 901
0 48 629
48 0 629
0 35 514
35 0 514
0 30 226
30 0 226
0 17 305
17 0 305
0 43 413
43 0 413
0 48 459
48 0 459
0 22 802
22 0 802
0 26 126
26 0 126
0 5 845
5 0 845
0 50 285
50 0 285
0 26 77
26 0 77
1 2 940
2 1 940
1 24 177
24 1 177
1 42 955
42 1 955
1 10 699
10 1 699
1 34 726
34 1 726
1 31 388
31 1 388
1 17 652
17 1 652
1 30 857
30 1 857
1 36 235
36 1 235
1 21 963
21 1 963
1 6 763
6 1 763
1 1 989
1 1 989
1 1 70
1 1 70
1 22 866
22 1 866
1 2 540
2 1 540
1 28 622
28 1 622
1 3 722
3 1 722
1 48 837
48 1 837
1 26 106
26 1 106
2 4 210
4 2 210
2 6 12
6 2 12
2 13 570
13 2 570
2 14 399
14 2 399
2 17 653
17 2 653
2 43 440
43 2 440
2 45 972
45 2 972
2 23 58
23 2 58
2 31 877
31 2 877
2 37 602
37 2 602
2 13 1000
13 2 1000
2 16 479
16 2 479
2 33 380
33 2 380
2 19 95
19 2 95
2 19 387
19 2 387
2 6 819
6 2 819
2 38 174
38 2 174
2 46 54
46 2 54
3 8 198
8 3 198
3 20 76
20 3 76
3 30 182
30 3 182
3 40 626
40 3 626
3 49 959
49 3 959
3 20 366
20 3 366
3 24 809
24 3 809
3 18 635
18 3 635
3 31 630
31 3 630
3 47 91
47 3 91
3 5 521
5 3 521
3 30 676
30 3 676
3 44 825
44 3 825
3 47 981
47 3 981
3 9 299
9 3 299
3 51 792
51 3 792
3 34 749
34 3 749
3 49 967
49 3 967
3 21 138
21 3 138
3 38 450
38 3 450
3 20 202
20 3 202
3 24 217
24 3 217
3 30 399
30 3 399
3 40 903
40 3 903
3 13 321
13 3 321
3 15 216
15 3 216
3 24 997
24 3 997
3 26 813
26 3 813
3 45 481
45 3 481
4 7 577
7 4 577
4 9 760
9 4 760
4 10 162
10 4 162
4 19 543
19 4 543
4 22 904
22 4 904
4 45 600
45 4 600
4 7 472
7 4 472
4 33 673
33 4 673
4 9 935
9 4 935
4 6 415
6 4 415
4 49 572
49 4 572
4 36 914
36 4 914
4 31 189
31 4 189
4 42 618
42 4 618
4 41 948
41 4 948
4 42 382
42 4 382
4 27 473
27 4 473
4 24 819
24 4 819
5 23 772
23 5 772
5 26 123
26 5 123
5 31 631
31 5 631
5 36 212
36 5 212
5 9 683
9 5 683
5 12 680
12 5 680
5 6 923
6 5 923
5 47 34
47 5 34
5 18 610
18 5 610
5 18 634
18 5 634
5 35 849
35 5 849
5 31 98
31 5 98
5 50 102
50 5 102
5 41 755
41 5 755
6 16 233
16 6 233
6 24 516
24 6 516
6 48 659
48 6 659
6 11 940
11 6 940
6 42 85
42 6 85
6 11 970
11 6 970
6 42 264
42 6 264
6 47 750
47 6 750
6 21 86
21 6 86
6 25 222
25 6 222
6 41 274
41 6 274
6 12 692
12 6 692
6 42 312
42 6 312
6 9 305
9 6 305
6 23 341
23 6 341
6 35 239
35 6 239
6 42 50
42 6 50
6 18 755
18 6 755
7 11 45
11 7 45
7 47 150
47 7 150
7 52 382
52 7 382
7 18 412
18 7 412
7 51 581
51 7 581
7 8 969
8 7 969
7 25 934
25 7 934
7 38 55
38 7 55
7 20 884
20 7 884
7 20 669
20 7 669
7 48 347
48 7 347
7 30 101
30 7 101
7 38 541
38 7 541
7 48 146
48 7 146
7 27 920
27 7 920
7 20 537
20 7 537
7 15 768
15 7 768
7 11 277
11 7 277
7 12 914
12 7 914
8 36 322
36 8 322
8 52 423
52 8 423
8 27 699
27 8 699
8 37 981
37 8 981
8 33 588
33 8 588
8 41 121
41 8 121
8 19 145
19 8 145
8 38 557
38 8 557
8 47 286
47 8 286
8 43 48
43 8 48
8 19 767
19 8 767
8 31 381
31 8 381
8 30 162
30 8 162
8 33 79
33 8 79
8 13 510
13 8 510
8 18 930
18 8 930
8 28 217
28 8 217
8 13 547
13 8 547
8 18 197
18 8 197
8 9 999
9 8 999
8 44 803
44 8 803
8 32 583
32 8 583
8 35 625
35 8 625
9 12 111
12 9 111
9 12 708
12 9 708
9 29 881
29 9 881
9 20 7
20 9 7
9 12 817
12 9 817
9 27 761
27 9 761
9 14 920
14 9 920
9 43 684
43 9 684
9 37 367
37 9 367
9 49 723
49 9 723
9 47 758
47 9 758
9 41 505
41 9 505
9 24 762
24 9 762
9 16 638
16 9 638
9 36 501
36 9 501
10 15 68
15 10 68
10 32 775
32 10 775
10 31 888
31 10 888
10 27 383
27 10 383
10 22 895
22 10 895
10 43 496
43 10 496
10 44 291
44 10 291
10 52 847
52 10 847
10 21 847
21 10 847
10 32 60
32 10 60
10 40 881
40 10 881
10 39 234
39 10 234
10 39 490
39 10 490
10 27 749
27 10 749
10 45 916
45 10 916
10 19 523
19 10 523
10 51 835
51 10 835
10 35 607
35 10 607
10 26 501
26 10 501
10 22 865
22 10 865
10 39 714
39 10 714
10 12 190
12 10 190
11 42 150
42 11 150
11 49 51
49 11 51
11 17 732
17 11 732
11 51 570
51 11 570
11 48 637
48 11 637
11 42 130
42 11 130
11 12 931
12 11 931
11 19 401
19 11 401
11 47 400
47 11 400
11 39 376
39 11 376
11 22 341
22 11 341
11 48 482
48 11 482
12 30 92
30 12 92
12 45 845
45 12 845
12 35 719
35 12 719
12 15 584
15 12 584
12 21 184
21 12 184
12 27 201
27 12 201
12 19 957
19 12 957
12 47 581
47 12 581
12 51 761
51 12 761
12 20 224
20 12 224
12 46 247
46 12 247
12 30 775
30 12 775
13 28 617
28 13 617
13 50 275
50 13 275
13 51 116
51 13 116
13 46 527
46 13 527
13 39 418
39 13 418
13 35 396
35 13 396
13 49 867
49 13 867
13 24 798
24 13 798
13 33 872
33 13 872
13 33 215
33 13 215
13 40 301
40 13 301
13 26 896
26 13 896
13 27 789
27 13 789
13 42 681
42 13 681
14 39 482
39 14 482
14 51 956
51 14 956
14 45 149
45 14 149
14 21 588
21 14 588
14 23 686
23 14 686
14 42 741
42 14 741
14 26 680
26 14 680
14 18 258
18 14 258
14 41 80
41 14 80
14 33 588
33 14 588
15 27 156
27 15 156
15 20 238
20 15 238
15 33 190
33 15 190
15 45 605
45 15 605
15 18 816
18 15 816
15 49 614
49 15 614
15 47 252
47 15 252
15 38 16
38 15 16
16 17 359
17 16 359
16 39 284
39 16 284
16 19 217
19 16 217
16 34 683
34 16 683
16 37 374
37 16 374
16 50 707
50 16 707
16 39 678
39 16 678
16 22 276
22 16 276
16 47 59
47 16 59
16 49 848
49 16 848
16 17 918
17 16 918
16 40 241
40 16 241
16 44 988
44 16 988
17 18 940
18 17 940
17 19 716
19 17 716
17 43 124
43 17 124
17 29 836
29 17 836
17 34 489
34 17 489
17 42 773
42 17 773
17 24 550
24 17 550
17 38 178
38 17 178
17 52 967
52 17 967
17 46 108
46 17 108
17 50 181
50 17 181
17 21 988
21 17 988
17 35 165
35 17 165
17 43 858
43 17 858
18 39 170
39 18 170
18 46 66
46 18 66
18 32 302
32 18 302
18 47 943
47 18 943
18 45 349
45 18 349
18 43 181
43 18 181
18 37 499
37 18 499
18 33 587
33 18 587
18 52 621
52 18 621
18 45 985
45 18 985
18 52 86
52 18 86
19 33 455
33 19 455
19 45 876
45 19 876
19 41 275
41 19 275
19 25 920
25 19 920
19 27 427
27 19 427
19 52 160
52 19 160
19 20 336
20 19 336
19 32 749
32 19 749
19 24 884
24 19 884
19 50 288
50 19 288
20 25 802
25 20 802
20 42 754
42 20 754
20 22 394
22 20 394
20 31 952
31 20 952
20 27 876
27 20 876
20 35 32
35 20 32
20 26 585
26 20 585
20 23 468
23 20 468
20 24 587
24 20 587
20 20 319
20 20 319
20 20 826
20 20 826
20 21 261
21 20 261
20 43 776
43 20 776
20 52 736
52 20 736
20 46 210
46 20 210
21 37 903
37 21 903
21 33 302
33 21 302
21 36 896
36 21 896
21 30 202
30 21 202
21 44 830
44 21 830
21 28 373
28 21 373
21 50 692
50 21 692
21 22 482
22 21 482
21 48 971
48 21 971
21 33 68
33 21 68
21 31 126
31 21 126
21 41 838
41 21 838
21 29 410
29 21 410
22 44 139
44 22 139
22 46 508
46 22 508
22 50 633
50 22 633
22 30 360
30 22 360
22 24 480
24 22 480
22 48 854
48 22 854
22 25 406
25 22 406
22 27 605
27 22 605
22 43 12
43 22 12
22 38 70
38 22 70
22 39 197
39 22 197
22 50 282
50 22 282
22 30 689
30 22 689
22 28 325
28 22 325
23 39 820
39 23 820
23 24 337
24 23 337
23 25 200
25 23 200
23 46 57
46 23 57
23 28 413
28 23 413
23 40 168
40 23 168
23 44 617
44 23 617
23 43 680
43 23 680
23 47 67
47 23 67
23 45 316
45 23 316
24 44 752
44 24 752
24 34 189
34 24 189
24 51 110
51 24 110
24 38 117
38 24 117
24 36 494
36 24 494
24 28 260
28 24 260
24 52 976
52 24 976
24 34 276
34 24 276
24 46 625
46 24 625
24 32 817
32 24 817
24 44 683
44 24 683
24 50 634
50 24 634
25 29 247
29 25 247
25 45 594
45 25 594
25 37 176
37 25 176
25 31 205
31 25 205
25 52 335
52 25 335
25 40 578
40 25 578
25 49 608
49 25 608
26 51 582
51 26 582
26 27 13
27 26 13
26 41 929
41 26 929
26 49 295
49 26 295
26 48 534
48 26 534
26 52 814
52 26 814
26 38 553
38 26 553
26 39 382
39 26 382
26 41 221
41 26 221
26 29 513
29 26 513
26 27 893
27 26 893
26 43 353
43 26 353
26 28 678
28 26 678
26 48 733
48 26 733
27 29 751
29 27 751
27 34 192
34 27 192
27 51 598
51 27 598
27 36 469
36 27 469
27 33 726
33 27 726
27 30 288
30 27 288
27 50 2
50 27 2
27 38 386
38 27 386
27 31 309
31 27 309
28 35 497
35 28 497
28 51 284
51 28 284
28 48 294
48 28 294
28 45 493
45 28 493
28 50 407
50 28 407
28 37 826
37 28 826
28 39 711
39 28 711
28 32 899
32 28 899
28 34 852
34 28 852
28 38 254
38 28 254
28 46 640
46 28 640
29 35 588
35 29 588
29 31 608
31 29 608
29 39 833
39 29 833
29 44 700
44 29 700
29 47 826
47 29 826
29 49 140
49 29 140
29 45 792
45 29 792
29 42 165
42 29 165
29 42 65
42 29 65
29 44 368
44 29 368
30 38 617
38 30 617
30 35 615
35 30 615
30 42 124
42 30 124
30 34 692
34 30 692
30 36 994
36 30 994
30 37 253
37 30 253
30 46 191
46 30 191
30 44 808
44 30 808
30 49 281
49 30 281
30 37 226
37 30 226
30 43 441
43 30 441
30 37 538
37 30 538
30 31 623
31 30 623
31 48 890
48 31 890
31 34 928
34 31 928
31 42 451
42 31 451
31 48 48
48 31 48
31 36 429
36 31 429
31 48 560
48 31 560
31 37 719
37 31 719
31 37 293
37 31 293
31 51 905
51 31 905
31 51 745
51 31 745
32 34 255
34 32 255
32 40 989
40 32 989
32 37 597
37 32 597
32 41 595
41 32 595
32 51 281
51 32 281
33 36 854
36 33 854
33 38 83
38 33 83
33 50 120
50 33 120
33 45 82
45 33 82
33 38 357
38 33 357
33 52 841
52 33 841
33 52 764
52 33 764
34 46 218
46 34 218
34 39 471
39 34 471
34 35 76
35 34 76
34 50 489
50 34 489
34 46 28
46 34 28
34 47 87
47 34 87
34 50 447
50 34 447
34 50 553
50 34 553
34 43 706
43 34 706
35 44 633
44 35 633
35 40 488
40 35 488
35 39 458
39 35 458
35 36 643
36 35 643
36 37 340
37 36 340
36 36 461
36 36 461
36 46 301
46 36 301
36 50 335
50 36 335
36 51 208
51 36 208
37 41 970
41 37 970
37 41 583
41 37 583
37 46 206
46 37 206
37 51 949
51 37 949
37 50 261
50 37 261
37 38 644
38 37 644
37 48 69
48 37 69
37 43 374
43 37 374
37 45 127
45 37 127
37 40 497
40 37 497
37 42 376
42 37 376
38 39 570
39 38 570
38 48 35
48 38 35
38 49 965
49 38 965
38 47 127
47 38 127
39 39 532
39 39 532
39 44 927
44 39 927
39 44 87
44 39 87
39 39 26
39 39 26
40 52 706
52 40 706
40 49 874
49 40 874
40 43 357
43 40 357
40 47 98
47 40 98
40 45 968
45 40 968
40 51 908
51 40 908
40 42 796
42 40 796
41 41 284
41 41 284
41 42 474
42 41 474
41 43 220
43 41 220
41 45 49
45 41 49
41 46 623
46 41 623
41 43 429
43 41 429
41 41 696
41 41 696
42 48 791
48 42 791
42 43 919
43 42 919
43 48 385
48 43 385
43 47 27
47 43 27
44 50 880
50 44 880
44 48 28
48 44 28
44 47 870
47 44 870
46 48 16
48 46 16
46 52 914
52 46 914
46 49 254
49 46 254
47 52 998
52 47 998
48 49 621
49 48 621
48 49 150
49 48 150
48 52 593
52 48 593
48 50 979
50 48 979
49 50 128
50 49 128
50 50 269
50 50 269
52 52 836
52 52 836
