73

0 1 221
1 0 221
0 2 578
2 0 578
0 5 672
5 0 672
0 12 149
12 0 149
0 13 249
13 0 249
0 22 230
22 0 230
0 31 107
31 0 107
0 38 411
38 0 411
0 62 841
62 0 841
0 16 521
16 0 521
0 70 92
70 0 92
0 3 703
3 0 703
0 17 397
17 0 397
0 47 383
47 0 383
0 45 131
45 0 131
0 66 866
66 0 866
0 58 184
58 0 184
0 44 579
44 0 579
0 34 625
34 0 625
0 10 675
10 0 675
0 23 64
23 0 64
0 22 766
22 0 766
0 71 188
71 0 188
0 8 857
8 0 857
1 4 248
4 1 248
1 18 696
18 1 696
1 40 564
40 1 564
1 8 127
8 1 127
1 4 379
4 1 379
1 2 616
2 1 616
1 39 867
39 1 867
1 8 666
8 1 666
1 60 395
60 1 395
1 63 125
63 1 125
2 3 17
3 2 17
2 27 718
27 2 718
2 35 629
35 2 629
2 61 574
61 2 574
2 68 550
68 2 550
2 51 299
51 2 299
2 59 359
59 2 359
2 5 978
5 2 978
2 34 523
34 2 523
2 45 542
45 2 542
2 54 641
54 2 641
2 13 777
13 2 777
2 14 868
14 2 868
2 47 551
47 2 551
3 8 408
8 3 408
3 43 954
43 3 954
3 16 16
16 3 16
3 14 844
14 3 844
3 31 674
31 3 674
3 37 773
37 3 773
3 17 698
17 3 698
3 3 1
3 3 1
3 15 474
15 3 474
3 53 552
53 3 552
4 11 145
11 4 145
4 14 43
14 4 43
4 20 216
20 4 216
4 21 983
21 4 983
4 70 520
70 4 520
5 6 114
6 5 114
5 7 828
7 5 828
5 29 872
29 5 872
5 27 915
27 5 915
5 22 486
22 5 486
5 69 392
69 5 392
5 12 84
12 5 84
5 7 741
7 5 741
5 38 892
38 5 892
5 21 382
21 5 382
5 50 754
50 5 754
6 16 557
16 6 557
6 52 438
52 6 438
6 57 787
57 6 787
6 49 536
49 6 536
6 23 371
23 6 371
6 64 771
64 6 771
6 72 79
72 6 79
6 69 529
69 6 529
7 10 148
10 7 148
7 23 433
23 7 433
7 53 113
53 7 113
7 71 538
71 7 538
7 24 637
24 7 637
7 14 795
14 7 795
7 33 517
33 7 517
7 16 69
16 7 69
7 47 356
47 7 356
7 51 48
51 7 48
7 66 424
66 7 424
8 9 515
9 8 515
8 19 983
19 8 983
8 26 233
26 8 233
8 28 356
28 8 356
8 56 698
56 8 698
8 59 339
59 8 339
8 68 214
68 8 214
8 22 888
22 8 888
8 14 170
14 8 170
8 19 250
19 8 250
8 62 90
62 8 90
8 46 809
46 8 809
8 28 70
28 8 70
8 43 247
43 8 247
8 12 308
12 8 308
9 15 586
15 9 586
9 49 293
49 9 293
9 29 831
29 9 831
9 23 223
23 9 223
9 51 525
51 9 525
9 68 723
68 9 723
9 29 629
29 9 629
9 44 714
44 9 714
10 34 576
34 10 576
10 33 716
33 10 716
11 46 694
46 11 694
11 33 586
33 11 586
11 46 957
46 11 957
11 71 715
71 11 715
11 43 922
43 11 922
12 66 919
66 12 919
12 23 48
23 12 48
12 33 920
33 12 920
12 64 84
64 12 84
12 64 563
64 12 563
12 30 127
30 12 127
12 68 919
68 12 919
12 62 967
62 12 967
12 44 648
44 12 648
13 51 290
51 13 290
13 60 453
60 13 453
13 26 680
26 13 680
13 70 483
70 13 483
13 19 567
19 13 567
13 50 869
50 13 869
13 36 791
36 13 791
14 17 961
17 14 961
14 30 218
30 14 218
14 39 421
39 14 421
14 47 794
47 14 794
14 48 732
48 14 732
14 72 369
72 14 369
14 34 966
34 14 966
14 14 5
14 14 5
14 15 458
15 14 458
15 25 954
25 15 954
15 29 595
29 15 595
15 18 164
18 15 164
15 33 782
33 15 782
15 41 296
41 15 296
15 55 179
55 15 179
15 54 895
54 15 895
15 47 86
47 15 86
16 26 28
26 16 28
16 55 793
55 16 793
16 34 945
34 16 945
16 27 852
27 16 852
16 52 371
52 16 371
17 24 414
24 17 414
17 67 12
67 17 12
17 59 344
59 17 344
17 66 418
66 17 418
18 72 524
72 18 524
18 56 783
56 18 783
18 35 838
35 18 838
18 65 361
65 18 361
18 56 914
56 18 914
18 51 683
51 18 683
18 62 820
62 18 820
19 53 822
53 19 822
19 48 93
48 19 93
19 49 73
49 19 73
20 24 783
24 20 783
20 44 266
44 20 266
20 53 901
53 20 901
20 44 698
44 20 698
20 41 611
41 20 611
20 41 450
41 20 450
20 64 436
64 20 436
20 40 888
40 20 888
21 50 127
50 21 127
21 32 85
32 21 85
21 36 510
36 21 510
21 47 800
47 21 800
21 55 399
55 21 399
21 23 628
23 21 628
21 32 713
32 21 713
21 59 663
59 21 663
21 72 525
72 21 525
22 45 469
45 22 469
22 70 232
70 22 232
22 64 348
64 22 348
22 26 790
26 22 790
22 24 648
24 22 648
23 36 60
36 23 60
23 40 731
40 23 731
23 62 942
62 23 942
23 71 394
71 23 394
23 40 525
40 23 525
23 50 223
50 23 223
23 23 991
23 23 991
24 32 876
32 24 876
24 43 586
43 24 586
24 68 563
68 24 563
24 54 266
54 24 266
24 49 572
49 24 572
24 34 409
34 24 409
25 62 357
62 25 357
25 29 849
29 25 849
25 29 566
29 25 566
25 48 491
48 25 491
26 67 167
67 26 167
27 61 825
61 27 825
27 55 528
55 27 528
27 60 774
60 27 774
28 33 331
33 28 331
28 34 805
34 28 805
28 38 159
38 28 159
28 40 427
40 28 427
28 62 117
62 28 117
28 29 373
29 28 373
28 31 576
31 28 576
29 64 842
64 29 842
29 59 716
59 29 716
29 33 170
33 29 170
29 69 331
69 29 331
29 64 330
64 29 330
29 43 728
43 29 728
29 55 58
55 29 58
29 53 340
53 29 340
30 45 926
45 30 926
30 65 484
65 30 484
30 65 719
65 30 719
31 41 817
41 31 817
31 55 295
55 31 295
31 36 801
36 31 801
31 52 745
52 31 745
31 39 445
39 31 445
31 63 62
63 31 62
31 31 530
31 31 530
31 68 949
68 31 949
31 49 319
49 31 319
31 39 811
39 31 811
32 70 429
70 32 429
32 37 469
37 32 469
32 60 773
60 32 773
32 62 336
62 32 336
32 72 846
72 32 846
32 35 814
35 32 814
32 49 374
49 32 374
32 53 759
53 32 759
33 37 580
37 33 580
33 50 885
50 33 885
33 37 473
37 33 473
33 39 57
39 33 57
34 58 289
58 34 289
34 62 175
62 34 175
34 35 206
35 34 206
35 65 321
65 35 321
35 53 419
53 35 419
35 52 481
52 35 481
35 40 427
40 35 427
35 60 991
60 35 991
36 59 307
59 36 307
36 54 383
54 36 383
36 53 37
53 36 37
36 68 42
68 36 42
37 41 633
41 37 633
37 56 265
56 37 265
37 40 992
40 37 992
37 41 438
41 37 438
37 50 416
50 37 416
37 40 785
40 37 785
38 67 164
67 38 164
38 63 37
63 38 37
39 72 247
72 39 247
39 70 395
70 39 395
39 51 135
51 39 135
39 50 711
50 39 711
40 42 743
42 40 743
40 63 191
63 40 191
41 58 643
58 41 643
41 47 659
47 41 659
42 68 823
68 42 823
43 58 722
58 43 722
44 68 454
68 44 454
44 46 584
46 44 584
45 50 489
50 45 489
45 67 165
67 45 165
45 70 185
70 45 185
46 54 275
54 46 275
46 71 400
71 46 400
46 63 832
63 46 832
46 63 470
63 46 470
46 47 165
47 46 165
46 70 495
70 46 495
47 48 372
48 47 372
47 63 636
63 47 636
47 49 847
49 47 847
48 69 461
69 48 461
48 65 307
65 48 307
48 50 527
50 48 527
48 64 616
64 48 616
48 66 285
66 48 285
48 62 805
62 48 805
49 61 897
61 49 897
49 54 635
54 49 635
49 66 22
66 49 22
50 69 375
69 50 375
50 50 230
50 50 230
50 69 476
69 50 476
51 59 95
59 51 95
52 72 231
72 52 231
53 66 142
66 53 142
55 72 582
72 55 582
55 65 47
65 55 47
55 63 887
63 55 887
57 67 12
67 57 12
57 66 133
66 57 133
57 62 940
62 57 940
58 71 305
71 58 305
58 58 506
58 58 506
58 69 274
69 58 274
58 64 999
64 58 999
59 64 319
64 59 319
59 63 631
63 59 631
59 61 42
61 59 42
59 65 244
65 59 244
59 61 38
61 59 38
60 71 709
71 60 709
60 66 592
66 60 592
62 69 130
69 62 130
62 67 694
67 62 694
64 71 83
71 64 83
66 69 605
69 66 605
68 71 54
71 68 54
