45

0 1 18
1 0 18
0 11 331
11 0 331
0 19 957
19 0 957
0 24 805
24 0 805
0 44 701
44 0 701
0 35 11
35 0 11
0 41 368
41 0 368
0 1 308
1 0 308
0 16 82
16 0 82
0 31 857
31 0 857
0 39 446
39 0 446
0 19 692
19 0 692
0 2 718
2 0 718
0 17 161
17 0 161
0 41 717
41 0 717
0 12 448
12 0 448
0 1 842
1 0 842
0 6 828
6 0 828
0 39 547
39 0 547
0 4 158
4 0 158
0 4 217
4 0 217
0 10 678
10 0 678
0 33 411
33 0 411
0 15 190
15 0 190
0 30 833
30 0 833
0 6 615
6 0 615
1 2 813
2 1 813
1 3 393
3 1 393
1 4 388
4 1 388
1 5 150
5 1 150
1 6 445
6 1 445
1 33 217
33 1 217
1 16 1
16 1 1
1 37 414
37 1 414
1 4 689
4 1 689
1 42 750
42 1 750
1 39 607
39 1 607
1 1 361
1 1 361
1 30 257
30 1 257
1 34 277
34 1 277
1 21 841
21 1 841
1 12 746
12 1 746
1 30 208
30 1 208
1 22 235
22 1 235
1 2 486
2 1 486
1 31 779
31 1 779
1 14 881
14 1 881
1 1 86
1 1 86
1 41 38
41 1 38
1 24 848
24 1 848
1 35 554
35 1 554
1 35 788
35 1 788
1 27 231
27 1 231
1 30 740
30 1 740
1 20 389
20 1 389
1 5 180
5 1 180
1 2 889
2 1 889
1 21 574
21 1 574
1 36 809
36 1 809
1 18 128
18 1 128
1 35 764
35 1 764
1 7 71
7 1 71
1 43 281
43 1 281
1 34 964
34 1 964
2 7 165
7 2 165
2 10 610
10 2 610
2 12 132
12 2 132
2 36 982
36 2 982
2 44 572
44 2 572
2 18 308
18 2 308
2 11 652
11 2 652
2 38 176
38 2 176
2 30 574
30 2 574
2 35 132
35 2 132
2 22 156
22 2 156
2 34 553
34 2 553
2 16 582
16 2 582
2 24 256
24 2 256
2 24 201
24 2 201
2 29 247
29 2 247
2 35 916
35 2 916
2 30 642
30 2 642
2 44 806
44 2 806
2 29 284
29 2 284
2 27 20
27 2 20
2 25 296
25 2 296
2 18 626
18 2 626
2 8 686
8 2 686
2 34 737
34 2 737
2 6 212
6 2 212
2 22 57
22 2 57
2 31 464
31 2 464
2 23 268
23 2 268
3 12 737
12 3 737
3 17 996
17 3 996
3 36 814
36 3 814
3 3 585
3 3 585
3 43 174
43 3 174
3 15 954
15 3 954
3 43 235
43 3 235
3 19 711
19 3 711
3 16 675
16 3 675
3 14 61
14 3 61
3 12 894
12 3 894
3 19 495
19 3 495
3 25 819
25 3 819
3 14 737
14 3 737
3 40 939
40 3 939
3 6 645
6 3 645
3 16 818
16 3 818
3 28 148
28 3 148
3 26 780
26 3 780
3 24 924
24 3 924
3 43 85
43 3 85
3 20 751
20 3 751
3 22 191
22 3 191
3 43 969
43 3 969
3 41 819
41 3 819
3 42 136
42 3 136
4 9 908
9 4 908
4 22 983
22 4 983
4 41 950
41 4 950
4 6 743
6 4 743
4 10 562
10 4 562
4 29 315
29 4 315
4 8 948
8 4 948
4 4 801
4 4 801
4 43 101
43 4 101
4 22 423
22 4 423
4 23 399
23 4 399
4 10 871
10 4 871
4 10 288
10 4 288
4 27 135
27 4 135
4 30 766
30 4 766
4 31 9
31 4 9
4 44 214
44 4 214
5 8 34
8 5 34
5 32 940
32 5 940
5 30 504
30 5 504
5 42 140
42 5 140
5 43 563
43 5 563
5 26 648
26 5 648
5 44 90
44 5 90
5 29 381
29 5 381
5 44 853
44 5 853
5 12 29
12 5 29
5 10 939
10 5 939
5 17 604
17 5 604
5 18 269
18 5 269
5 17 582
17 5 582
5 42 402
42 5 402
5 8 612
8 5 612
5 8 803
8 5 803
5 33 515
33 5 515
6 20 830
20 6 830
6 40 739
40 6 739
6 42 109
42 6 109
6 17 874
17 6 874
6 33 941
33 6 941
6 32 242
32 6 242
6 39 617
39 6 617
6 21 629
21 6 629
6 10 782
10 6 782
6 38 718
38 6 718
6 14 32
14 6 32
6 42 299
42 6 299
6 36 677
36 6 677
6 28 948
28 6 948
6 31 69
31 6 69
6 42 897
42 6 897
6 12 746
12 6 746
6 25 774
25 6 774
6 14 3
14 6 3
6 12 958
12 6 958
6 18 828
18 6 828
6 30 717
30 6 717
6 37 739
37 6 739
6 17 653
17 6 653
6 38 155
38 6 155
6 44 953
44 6 953
6 8 456
8 6 456
6 44 304
44 6 304
6 27 508
27 6 508
7 13 461
13 7 461
7 12 672
12 7 672
7 25 899
25 7 899
7 15 420
15 7 420
7 35 277
35 7 277
7 19 283
19 7 283
7 14 116
14 7 116
7 13 601
13 7 601
7 14 387
14 7 387
7 33 980
33 7 980
7 40 440
40 7 440
7 8 301
8 7 301
7 19 377
19 7 377
7 29 27
29 7 27
7 16 25
16 7 25
7 21 115
21 7 115
7 14 362
14 7 362
7 16 934
16 7 934
7 27 936
27 7 936
7 20 368
20 7 368
7 38 142
38 7 142
7 24 336
24 7 336
7 26 845
26 7 845
7 26 516
26 7 516
7 24 383
24 7 383
7 8 391
8 7 391
7 18 851
18 7 851
7 16 622
16 7 622
8 20 92
20 8 92
8 39 729
39 8 729
8 38 549
38 8 549
8 31 138
31 8 138
8 19 992
19 8 992
8 35 242
35 8 242
8 30 400
30 8 400
8 16 700
16 8 700
8 40 899
40 8 899
8 43 709
43 8 709
8 42 245
42 8 245
8 10 289
10 8 289
8 11 766
11 8 766
8 15 617
15 8 617
8 11 744
11 8 744
8 9 461
9 8 461
8 39 485
39 8 485
8 28 821
28 8 821
8 12 147
12 8 147
8 39 926
39 8 926
8 25 993
25 8 993
8 19 683
19 8 683
8 18 571
18 8 571
8 27 325
27 8 325
8 24 304
24 8 304
8 44 102
44 8 102
9 10 157
10 9 157
9 24 478
24 9 478
9 40 662
40 9 662
9 33 25
33 9 25
9 21 912
21 9 912
9 14 66
14 9 66
9 16 617
16 9 617
9 43 268
43 9 268
9 35 334
35 9 334
9 29 966
29 9 966
9 34 594
34 9 594
9 19 60
19 9 60
9 31 849
31 9 849
9 34 524
34 9 524
9 22 860
22 9 860
9 22 600
22 9 600
9 43 804
43 9 804
9 27 192
27 9 192
10 23 170
23 10 170
10 40 116
40 10 116
10 27 775
27 10 775
10 21 416
21 10 416
10 43 829
43 10 829
10 27 261
27 10 261
10 22 773
22 10 773
10 32 288
32 10 288
10 13 981
13 10 981
10 34 830
34 10 830
10 34 818
34 10 818
10 27 831
27 10 831
10 22 14
22 10 14
10 38 522
38 10 522
10 24 678
24 10 678
10 44 211
44 10 211
10 36 541
36 10 541
10 27 73
27 10 73
10 28 788
28 10 788
10 27 755
27 10 755
10 43 241
43 10 241
10 41 152
41 10 152
10 16 842
16 10 842
10 43 991
43 10 991
11 14 20
14 11 20
11 28 289
28 11 289
11 27 99
27 11 99
11 15 697
15 11 697
11 28 695
28 11 695
11 28 929
28 11 929
11 36 499
36 11 499
11 27 690
27 11 690
11 43 51
43 11 51
11 41 631
41 11 631
11 12 128
12 11 128
11 22 227
22 11 227
11 37 698
37 11 698
11 34 273
34 11 273
11 35 611
35 11 611
11 19 185
19 11 185
11 31 808
31 11 808
11 15 885
15 11 885
11 42 897
42 11 897
11 21 490
21 11 490
11 14 281
14 11 281
11 17 823
17 11 823
12 16 170
16 12 170
12 21 973
21 12 973
12 31 187
31 12 187
12 27 364
27 12 364
12 37 19
37 12 19
12 15 366
15 12 366
12 26 506
26 12 506
12 28 788
28 12 788
12 29 537
29 12 537
12 35 478
35 12 478
12 40 758
40 12 758
12 16 286
16 12 286
12 44 806
44 12 806
12 14 786
14 12 786
12 41 438
41 12 438
13 15 317
15 13 317
13 18 512
18 13 512
13 23 515
23 13 515
13 26 356
26 13 356
13 43 263
43 13 263
13 33 952
33 13 952
13 18 132
18 13 132
13 19 475
19 13 475
13 27 263
27 13 263
13 27 977
27 13 977
13 33 119
33 13 119
13 35 580
35 13 580
13 17 693
17 13 693
13 34 806
34 13 806
13 35 440
35 13 440
13 41 62
41 13 62
13 43 252
43 13 252
13 32 496
32 13 496
13 42 438
42 13 438
13 16 356
16 13 356
13 21 370
21 13 370
14 42 353
42 14 353
14 22 280
22 14 280
14 16 466
16 14 466
14 39 513
39 14 513
14 17 290
17 14 290
14 39 529
39 14 529
14 18 868
18 14 868
14 24 142
24 14 142
14 40 961
40 14 961
14 18 991
18 14 991
14 32 531
32 14 531
14 16 904
16 14 904
14 16 324
16 14 324
14 28 184
28 14 184
14 15 336
15 14 336
14 29 795
29 14 795
15 25 379
25 15 379
15 29 12
29 15 12
15 18 666
18 15 666
15 22 659
22 15 659
15 22 986
22 15 986
15 25 164
25 15 164
15 17 111
17 15 111
15 21 921
21 15 921
15 20 444
20 15 444
15 30 390
30 15 390
15 44 665
44 15 665
15 16 54
16 15 54
15 23 446
23 15 446
15 23 659
23 15 659
15 38 559
38 15 559
15 32 472
32 15 472
15 39 876
39 15 876
16 41 288
41 16 288
16 42 559
42 16 559
16 20 62
20 16 62
16 26 253
26 16 253
16 42 875
42 16 875
16 35 904
35 16 904
16 17 355
17 16 355
16 41 904
41 16 904
16 20 772
20 16 772
16 42 187
42 16 187
16 19 305
19 16 305
16 41 907
41 16 907
16 35 583
35 16 583
16 20 341
20 16 341
16 17 641
17 16 641
16 31 872
31 16 872
16 43 146
43 16 146
16 36 339
36 16 339
16 21 643
21 16 643
16 37 614
37 16 614
16 39 891
39 16 891
16 29 227
29 16 227
17 30 855
30 17 855
17 32 650
32 17 650
17 42 286
42 17 286
17 42 391
42 17 391
17 36 9
36 17 9
17 21 543
21 17 543
17 30 108
30 17 108
17 43 60
43 17 60
17 19 985
19 17 985
17 39 722
39 17 722
17 18 323
18 17 323
17 44 724
44 17 724
17 23 301
23 17 301
17 31 944
31 17 944
17 22 450
22 17 450
17 20 387
20 17 387
17 32 376
32 17 376
18 25 627
25 18 627
18 36 509
36 18 509
18 21 636
21 18 636
18 42 691
42 18 691
18 25 714
25 18 714
18 40 950
40 18 950
18 26 265
26 18 265
18 21 946
21 18 946
18 31 831
31 18 831
18 25 942
25 18 942
18 38 791
38 18 791
18 20 76
20 18 76
18 43 816
43 18 816
18 27 808
27 18 808
18 26 127
26 18 127
19 22 527
22 19 527
19 39 985
39 19 985
19 37 652
37 19 652
19 37 653
37 19 653
19 27 166
27 19 166
19 42 696
42 19 696
19 23 297
23 19 297
19 28 732
28 19 732
19 21 653
21 19 653
19 20 766
20 19 766
19 33 243
33 19 243
19 36 321
36 19 321
19 25 787
25 19 787
19 43 295
43 19 295
19 34 828
34 19 828
20 35 328
35 20 328
20 43 517
43 20 517
20 37 848
37 20 848
20 26 557
26 20 557
20 28 853
28 20 853
20 38 490
38 20 490
20 41 939
41 20 939
20 21 641
21 20 641
20 33 538
33 20 538
20 24 310
24 20 310
20 21 617
21 20 617
20 38 556
38 20 556
20 23 140
23 20 140
20 25 537
25 20 537
20 21 632
21 20 632
20 27 393
27 20 393
20 38 191
38 20 191
21 43 375
43 21 375
21 24 319
24 21 319
21 32 507
32 21 507
21 22 337
22 21 337
21 28 216
28 21 216
21 26 32
26 21 32
21 39 64
39 21 64
21 25 472
25 21 472
21 21 268
21 21 268
21 43 301
43 21 301
21 31 70
31 21 70
21 31 936
31 21 936
21 42 904
42 21 904
21 44 708
44 21 708
21 23 369
23 21 369
21 21 248
21 21 248
21 37 275
37 21 275
21 28 619
28 21 619
21 33 105
33 21 105
22 34 217
34 22 217
22 33 783
33 22 783
22 32 586
32 22 586
22 39 669
39 22 669
22 36 166
36 22 166
22 43 88
43 22 88
22 39 733
39 22 733
22 23 987
23 22 987
22 24 825
24 22 825
23 27 643
27 23 643
23 37 891
37 23 891
23 38 229
38 23 229
23 23 422
23 23 422
23 34 648
34 23 648
23 40 388
40 23 388
23 39 375
39 23 375
23 26 443
26 23 443
23 34 960
34 23 960
23 38 697
38 23 697
23 44 848
44 23 848
23 42 248
42 23 248
23 42 891
42 23 891
24 26 297
26 24 297
24 28 939
28 24 939
24 41 926
41 24 926
24 37 566
37 24 566
24 35 217
35 24 217
24 41 505
41 24 505
24 28 320
28 24 320
24 34 509
34 24 509
24 38 650
38 24 650
24 34 320
34 24 320
25 29 844
29 25 844
25 31 239
31 25 239
25 27 322
27 25 322
25 35 901
35 25 901
25 42 10
42 25 10
25 36 839
36 25 839
25 44 219
44 25 219
25 38 764
38 25 764
25 34 698
34 25 698
25 36 246
36 25 246
25 26 916
26 25 916
25 31 531
31 25 531
25 26 685
26 25 685
25 27 955
27 25 955
25 36 717
36 25 717
25 30 309
30 25 309
25 39 183
39 25 183
25 40 9
40 25 9
25 44 599
44 25 599
25 33 992
33 25 992
26 32 826
32 26 826
26 38 511
38 26 511
26 27 878
27 26 878
26 31 46
31 26 46
26 27 84
27 26 84
26 31 979
31 26 979
26 41 449
41 26 449
26 30 952
30 26 952
27 32 38
32 27 38
27 37 524
37 27 524
27 41 67
41 27 67
27 28 27
28 27 27
27 32 883
32 27 883
27 39 769
39 27 769
27 31 602
31 27 602
27 36 137
36 27 137
27 30 701
30 27 701
27 30 623
30 27 623
27 28 861
28 27 861
28 37 768
37 28 768
28 29 964
29 28 964
28 34 956
34 28 956
28 35 295
35 28 295
28 33 721
33 28 721
28 34 657
34 28 657
28 30 463
30 28 463
29 37 855
37 29 855
29 44 90
44 29 90
29 35 231
35 29 231
29 39 70
39 29 70
29 38 611
38 29 611
29 36 331
36 29 331
29 35 858
35 29 858
29 35 649
35 29 649
30 34 413
34 30 413
30 33 262
33 30 262
30 40 408
40 30 408
30 30 806
30 30 806
30 39 710
39 30 710
30 34 906
34 30 906
30 34 793
34 30 793
30 31 687
31 30 687
30 31 507
31 30 507
30 35 257
35 30 257
30 33 68
33 30 68
31 38 199
38 31 199
31 43 694
43 31 694
31 32 516
32 31 516
31 34 796
34 31 796
31 41 739
41 31 739
31 34 433
34 31 433
31 31 685
31 31 685
32 35 251
35 32 251
32 36 676
36 32 676
32 38 409
38 32 409
32 36 896
36 32 896
32 37 930
37 32 930
32 40 856
40 32 856
32 43 680
43 32 680
32 41 810
41 32 810
32 43 332
43 32 332
32 33 44
33 32 44
33 38 212
38 33 212
33 34 775
34 33 775
33 39 328
39 33 328
33 36 320
36 33 320
33 42 398
42 33 398
34 39 618
39 34 618
34 38 599
38 34 599
34 41 960
41 34 960
34 43 397
43 34 397
34 38 406
38 34 406
34 38 440
38 34 440
34 44 536
44 34 536
34 35 310
35 34 310
35 42 885
42 35 885
35 44 612
44 35 612
35 38 296
38 35 296
35 35 529
35 35 529
35 42 9
42 35 9
35 36 817
36 35 817
35 40 13
40 35 13
35 40 749
40 35 749
36 36 844
36 36 844
36 42 736
42 36 736
36 37 56
37 36 56
36 42 943
42 36 943
36 40 185
40 36 185
36 41 302
41 36 302
36 37 476
37 36 476
36 43 333
43 36 333
36 43 548
43 36 548
36 44 885
44 36 885
37 43 786
43 37 786
37 42 598
42 37 598
37 41 495
41 37 495
37 38 107
38 37 107
38 43 487
43 38 487
39 43 661
43 39 661
39 40 973
40 39 973
39 43 579
43 39 579
39 44 821
44 39 821
40 44 929
44 40 929
40 41 435
41 40 435
40 42 887
42 40 887
40 43 793
43 40 793
41 43 65
43 41 65
41 43 273
43 41 273
41 42 739
42 41 739
41 41 391
41 41 391
41 41 197
41 41 197
