38

0 1 453
1 0 453
0 2 906
2 0 906
0 3 656
3 0 656
0 9 250
9 0 250
0 0 753
0 0 753
0 33 255
33 0 255
0 37 373
37 0 373
0 4 808
4 0 808
0 34 673
34 0 673
0 14 264
14 0 264
0 6 666
6 0 666
0 14 254
14 0 254
0 22 223
22 0 223
0 0 902
0 0 902
0 1 231
1 0 231
0 22 994
22 0 994
0 26 9
26 0 9
0 33 500
33 0 500
0 12 485
12 0 485
0 31 497
31 0 497
0 14 581
14 0 581
0 33 85
33 0 85
0 8 44
8 0 44
0 16 790
16 0 790
0 34 257
34 0 257
0 33 359
33 0 359
0 35 729
35 0 729
1 4 109
4 1 109
1 9 697
9 1 697
1 35 302
35 1 302
1 6 183
6 1 183
1 3 680
3 1 680
1 27 146
27 1 146
1 23 698
23 1 698
1 26 407
26 1 407
1 8 629
8 1 629
1 2 726
2 1 726
1 29 522
29 1 522
1 7 854
7 1 854
1 28 940
28 1 940
1 17 607
17 1 607
1 36 448
36 1 448
1 23 200
23 1 200
1 37 161
37 1 161
1 37 546
37 1 546
1 15 281
15 1 281
1 37 853
37 1 853
1 30 789
30 1 789
1 32 842
32 1 842
2 16 468
16 2 468
2 27 77
27 2 77
2 11 646
11 2 646
2 25 295
25 2 295
2 5 444
5 2 444
2 21 74
21 2 74
2 30 265
30 2 265
2 36 492
36 2 492
2 2 40
2 2 40
2 28 358
28 2 358
2 37 387
37 2 387
2 8 90
8 2 90
2 5 285
5 2 285
2 8 576
8 2 576
2 31 398
31 2 398
2 29 414
29 2 414
2 28 559
28 2 559
2 9 344
9 2 344
2 6 1
6 2 1
2 6 803
6 2 803
2 23 158
23 2 158
2 30 897
30 2 897
2 7 58
7 2 58
2 18 287
18 2 287
3 5 454
5 3 454
3 17 420
17 3 420
3 37 794
37 3 794
3 5 182
5 3 182
3 28 949
28 3 949
3 11 152
11 3 152
3 27 697
27 3 697
3 32 936
32 3 936
3 28 483
28 3 483
3 9 897
9 3 897
3 11 546
11 3 546
3 10 238
10 3 238
3 22 372
22 3 372
3 30 318
30 3 318
3 11 938
11 3 938
3 14 373
14 3 373
3 36 544
36 3 544
3 19 888
19 3 888
3 25 253
25 3 253
3 35 763
35 3 763
3 26 897
26 3 897
3 9 135
9 3 135
3 36 649
36 3 649
3 15 585
15 3 585
3 34 578
34 3 578
4 8 754
8 4 754
4 10 528
10 4 528
4 14 106
14 4 106
4 32 834
32 4 834
4 12 953
12 4 953
4 20 586
20 4 586
4 34 633
34 4 633
4 10 861
10 4 861
4 18 867
18 4 867
4 6 5
6 4 5
4 18 160
18 4 160
4 11 335
11 4 335
4 23 264
23 4 264
4 30 592
30 4 592
4 13 933
13 4 933
4 11 378
11 4 378
4 10 484
10 4 484
4 11 669
11 4 669
4 17 106
17 4 106
4 17 784
17 4 784
4 30 895
30 4 895
4 30 773
30 4 773
5 6 652
6 5 652
5 7 519
7 5 519
5 24 986
24 5 986
5 16 223
16 5 223
5 11 701
11 5 701
5 36 960
36 5 960
5 20 953
20 5 953
5 24 361
24 5 361
5 20 981
20 5 981
5 17 683
17 5 683
5 26 860
26 5 860
5 16 911
16 5 911
5 8 368
8 5 368
5 16 680
16 5 680
5 12 927
12 5 927
5 10 400
10 5 400
5 17 745
17 5 745
5 24 378
24 5 378
5 24 922
24 5 922
5 30 606
30 5 606
6 12 519
12 6 519
6 28 445
28 6 445
6 27 177
27 6 177
6 33 387
33 6 387
6 16 234
16 6 234
6 26 676
26 6 676
6 36 697
36 6 697
6 35 457
35 6 457
6 31 551
31 6 551
6 21 440
21 6 440
6 37 741
37 6 741
6 11 361
11 6 361
6 30 214
30 6 214
6 34 529
34 6 529
6 17 82
17 6 82
7 24 876
24 7 876
7 30 370
30 7 370
7 30 984
30 7 984
7 26 733
26 7 733
7 30 122
30 7 122
7 14 48
14 7 48
7 35 141
35 7 141
7 28 408
28 7 408
7 20 225
20 7 225
7 9 413
9 7 413
7 37 563
37 7 563
7 25 731
25 7 731
7 23 651
23 7 651
7 36 552
36 7 552
7 23 490
23 7 490
7 21 548
21 7 548
7 23 846
23 7 846
7 10 348
10 7 348
7 34 521
34 7 521
7 37 230
37 7 230
7 21 112
21 7 112
7 10 523
10 7 523
7 11 576
11 7 576
8 13 723
13 8 723
8 26 460
26 8 460
8 34 604
34 8 604
8 16 367
16 8 367
8 37 786
37 8 786
8 13 553
13 8 553
8 26 266
26 8 266
8 30 747
30 8 747
8 17 287
17 8 287
8 37 741
37 8 741
8 16 850
16 8 850
8 12 922
12 8 922
8 12 255
12 8 255
8 24 334
24 8 334
8 28 294
28 8 294
8 12 120
12 8 120
8 26 231
26 8 231
8 32 746
32 8 746
8 27 431
27 8 431
8 23 115
23 8 115
8 20 260
20 8 260
8 16 259
16 8 259
8 34 253
34 8 253
9 15 20
15 9 20
9 25 854
25 9 854
9 32 200
32 9 200
9 10 857
10 9 857
9 28 351
28 9 351
9 24 649
24 9 649
9 34 279
34 9 279
9 20 29
20 9 29
9 30 115
30 9 115
9 36 306
36 9 306
9 28 230
28 9 230
9 12 676
12 9 676
9 30 529
30 9 529
9 33 148
33 9 148
9 35 711
35 9 711
9 20 397
20 9 397
9 16 470
16 9 470
9 24 837
24 9 837
9 10 483
10 9 483
10 11 908
11 10 908
10 18 186
18 10 186
10 33 907
33 10 907
10 25 537
25 10 537
10 17 904
17 10 904
10 22 585
22 10 585
10 30 146
30 10 146
10 31 755
31 10 755
10 34 234
34 10 234
10 11 326
11 10 326
10 32 520
32 10 520
10 14 138
14 10 138
10 25 823
25 10 823
10 33 444
33 10 444
10 27 430
27 10 430
10 34 569
34 10 569
10 18 483
18 10 483
10 22 913
22 10 913
10 15 224
15 10 224
10 25 530
25 10 530
10 35 6
35 10 6
10 34 796
34 10 796
10 16 548
16 10 548
11 19 927
19 11 927
11 32 6
32 11 6
11 24 99
24 11 99
11 33 84
33 11 84
11 17 781
17 11 781
11 28 658
28 11 658
11 18 909
18 11 909
11 17 520
17 11 520
11 31 758
31 11 758
11 28 894
28 11 894
11 25 227
25 11 227
11 26 654
26 11 654
11 24 383
24 11 383
11 16 883
16 11 883
11 24 453
24 11 453
11 17 643
17 11 643
11 12 909
12 11 909
12 31 854
31 12 854
12 22 187
22 12 187
12 22 441
22 12 441
12 35 39
35 12 39
12 12 490
12 12 490
12 31 730
31 12 730
12 16 838
16 12 838
12 19 373
19 12 373
12 21 351
21 12 351
12 23 852
23 12 852
12 34 121
34 12 121
12 23 304
23 12 304
12 27 878
27 12 878
12 33 458
33 12 458
12 18 679
18 12 679
12 13 952
13 12 952
12 34 542
34 12 542
12 37 133
37 12 133
12 13 30
13 12 30
12 24 458
24 12 458
13 22 257
22 13 257
13 23 343
23 13 343
13 16 37
16 13 37
13 19 466
19 13 466
13 23 716
23 13 716
13 29 133
29 13 133
13 18 253
18 13 253
13 16 161
16 13 161
13 29 522
29 13 522
13 18 230
18 13 230
13 20 560
20 13 560
13 13 107
13 13 107
13 30 642
30 13 642
13 21 162
21 13 162
13 16 851
16 13 851
13 19 105
19 13 105
13 28 313
28 13 313
14 21 116
21 14 116
14 37 606
37 14 606
14 21 89
21 14 89
14 16 80
16 14 80
14 14 414
14 14 414
14 21 736
21 14 736
14 15 236
15 14 236
14 28 895
28 14 895
14 28 115
28 14 115
14 34 830
34 14 830
14 24 571
24 14 571
14 21 746
21 14 746
14 31 764
31 14 764
14 26 571
26 14 571
14 29 748
29 14 748
14 36 658
36 14 658
15 20 627
20 15 627
15 22 226
22 15 226
15 27 449
27 15 449
15 21 862
21 15 862
15 23 527
23 15 527
15 34 522
34 15 522
15 34 837
34 15 837
15 30 639
30 15 639
15 17 433
17 15 433
15 20 173
20 15 173
15 23 514
23 15 514
15 21 572
21 15 572
15 34 591
34 15 591
15 15 55
15 15 55
15 26 667
26 15 667
15 31 66
31 15 66
16 31 689
31 16 689
16 30 130
30 16 130
16 30 667
30 16 667
16 27 624
27 16 624
16 30 302
30 16 302
16 26 256
26 16 256
16 36 816
36 16 816
16 25 5
25 16 5
16 29 950
29 16 950
16 19 860
19 16 860
16 31 768
31 16 768
17 28 215
28 17 215
17 21 366
21 17 366
17 33 883
33 17 883
17 24 747
24 17 747
17 29 329
29 17 329
17 22 521
22 17 521
17 30 65
30 17 65
17 32 246
32 17 246
17 32 640
32 17 640
18 36 576
36 18 576
18 21 470
21 18 470
18 21 924
21 18 924
18 33 948
33 18 948
18 34 415
34 18 415
18 31 559
31 18 559
18 26 202
26 18 202
18 28 620
28 18 620
18 36 372
36 18 372
18 19 950
19 18 950
18 27 878
27 18 878
18 19 368
19 18 368
18 35 94
35 18 94
19 20 775
20 19 775
19 30 296
30 19 296
19 25 390
25 19 390
19 22 606
22 19 606
19 29 325
29 19 325
19 34 839
34 19 839
19 30 585
30 19 585
19 33 114
33 19 114
19 35 283
35 19 283
19 23 265
23 19 265
19 32 645
32 19 645
19 27 148
27 19 148
19 21 291
21 19 291
19 35 684
35 19 684
19 26 883
26 19 883
20 33 762
33 20 762
20 35 50
35 20 50
20 21 179
21 20 179
20 36 892
36 20 892
20 31 884
31 20 884
20 20 474
20 20 474
20 31 272
31 20 272
20 28 136
28 20 136
20 33 965
33 20 965
20 30 133
30 20 133
21 23 159
23 21 159
21 36 44
36 21 44
21 22 345
22 21 345
21 33 916
33 21 916
21 26 913
26 21 913
21 29 314
29 21 314
21 33 472
33 21 472
21 37 769
37 21 769
21 34 893
34 21 893
21 34 345
34 21 345
21 28 148
28 21 148
21 36 677
36 21 677
21 33 17
33 21 17
22 28 456
28 22 456
22 26 294
26 22 294
22 37 212
37 22 212
22 30 455
30 22 455
22 28 489
28 22 489
22 26 533
26 22 533
22 35 430
35 22 430
22 26 775
26 22 775
22 31 681
31 22 681
22 25 377
25 22 377
22 32 229
32 22 229
22 37 25
37 22 25
22 25 253
25 22 253
23 33 192
33 23 192
23 37 116
37 23 116
23 35 698
35 23 698
23 36 924
36 23 924
23 28 819
28 23 819
23 33 223
33 23 223
23 27 926
27 23 926
24 37 459
37 24 459
24 25 61
25 24 61
24 26 721
26 24 721
24 26 467
26 24 467
24 33 375
33 24 375
24 24 975
24 24 975
24 35 925
35 24 925
24 31 401
31 24 401
25 29 144
29 25 144
25 33 177
33 25 177
25 25 737
25 25 737
25 26 829
26 25 829
25 35 338
35 25 338
25 29 770
29 25 770
25 30 505
30 25 505
25 25 46
25 25 46
25 26 83
26 25 83
25 35 210
35 25 210
25 36 773
36 25 773
25 25 412
25 25 412
25 29 263
29 25 263
26 28 30
28 26 30
26 33 217
33 26 217
26 30 622
30 26 622
26 37 523
37 26 523
26 26 953
26 26 953
26 35 583
35 26 583
27 33 907
33 27 907
27 34 948
34 27 948
27 34 420
34 27 420
27 30 489
30 27 489
27 32 16
32 27 16
28 31 584
31 28 584
28 33 370
33 28 370
28 30 753
30 28 753
28 28 570
28 28 570
28 37 277
37 28 277
28 33 73
33 28 73
28 30 661
30 28 661
28 36 52
36 28 52
28 33 277
33 28 277
29 36 269
36 29 269
29 30 192
30 29 192
29 30 952
30 29 952
29 36 451
36 29 451
29 37 481
37 29 481
30 32 937
32 30 937
30 33 663
33 30 663
30 33 750
33 30 750
31 37 34
37 31 34
31 33 807
33 31 807
31 34 442
34 31 442
31 32 53
32 31 53
31 36 165
36 31 165
31 36 426
36 31 426
32 34 176
34 32 176
33 37 391
37 33 391
33 36 718
36 33 718
34 35 856
35 34 856
34 34 967
34 34 967
35 36 787
36 35 787
35 37 405
37 35 405
