33

0 1 427
1 0 427
0 2 304
2 0 304
0 4 754
4 0 754
0 24 89
24 0 89
0 29 167
29 0 167
0 30 566
30 0 566
1 5 186
5 1 186
1 21 894
21 1 894
1 26 49
26 1 49
1 10 923
10 1 923
1 9 556
9 1 556
1 26 973
26 1 973
2 3 697
3 2 697
2 6 161
6 2 161
2 12 827
12 2 827
3 10 682
10 3 682
3 26 999
26 3 999
3 32 500
32 3 500
3 21 806
21 3 806
4 7 830
7 4 830
4 13 653
13 4 653
4 19 77
19 4 77
4 32 132
32 4 132
5 9 607
9 5 607
5 20 613
20 5 613
6 11 117
11 6 117
6 28 553
28 6 553
7 8 894
8 7 894
7 13 738
13 7 738
7 11 552
11 7 552
8 26 861
26 8 861
8 13 424
13 8 424
10 14 21
14 10 21
11 30 21
30 11 21
11 20 37
20 11 37
12 17 148
17 12 148
12 13 428
13 12 428
13 15 963
15 13 963
13 31 323
31 13 323
14 16 130
16 14 130
16 18 345
18 16 345
16 30 866
30 16 866
17 22 151
22 17 151
17 25 42
25 17 42
18 23 300
23 18 300
19 22 880
22 19 880
20 21 830
21 20 830
20 23 973
23 20 973
21 27 88
27 21 88
21 25 162
25 21 162
22 23 82
23 22 82
23 30 344
30 23 344
23 31 419
31 23 419
