36

0 1 975
1 0 975
0 2 414
2 0 414
1 4 358
4 1 358
1 30 405
30 1 405
1 31 173
31 1 173
2 3 502
3 2 502
2 5 239
5 2 239
2 28 380
28 2 380
3 9 988
9 3 988
3 29 223
29 3 223
3 35 575
35 3 575
4 6 27
6 4 27
4 7 266
7 4 266
4 24 962
24 4 962
5 8 628
8 5 628
5 11 842
11 5 842
5 19 4
19 5 4
5 24 990
24 5 990
6 17 495
17 6 495
6 17 489
17 6 489
7 15 94
15 7 94
7 18 368
18 7 368
7 20 863
20 7 863
7 19 837
19 7 837
9 10 357
10 9 357
10 13 411
13 10 411
11 12 686
12 11 686
12 13 569
13 12 569
12 33 631
33 12 631
13 14 148
14 13 148
13 31 91
31 13 91
14 16 972
16 14 972
14 21 874
21 14 874
14 34 325
34 14 325
16 23 507
23 16 507
16 29 843
29 16 843
16 30 959
30 16 959
17 24 496
24 17 496
18 33 365
33 18 365
18 35 157
35 18 157
19 27 407
27 19 407
20 25 445
25 20 445
20 29 152
29 20 152
21 22 141
22 21 141
23 26 333
26 23 333
26 32 680
32 26 680
