13

0 1 698
1 0 698
0 2 372
2 0 372
0 3 163
3 0 163
0 4 571
4 0 571
0 6 822
6 0 822
0 8 989
8 0 989
1 12 228
12 1 228
1 6 694
6 1 694
1 4 486
4 1 486
1 8 487
8 1 487
2 5 932
5 2 932
2 9 454
9 2 454
2 10 383
10 2 383
2 11 572
11 2 572
2 6 808
6 2 808
2 7 534
7 2 534
3 6 426
6 3 426
3 3 120
3 3 120
3 12 175
12 3 175
3 7 708
7 3 708
3 12 499
12 3 499
4 7 278
7 4 278
4 11 738
11 4 738
4 12 934
12 4 934
4 9 464
9 4 464
5 7 807
7 5 807
5 12 492
12 5 492
6 11 931
11 6 931
6 11 465
11 6 465
6 9 831
9 6 831
6 7 741
7 6 741
6 11 539
11 6 539
6 9 993
9 6 993
6 7 74
7 6 74
7 8 216
8 7 216
7 11 135
11 7 135
7 9 5
9 7 5
8 10 120
10 8 120
9 11 14
11 9 14
10 12 933
12 10 933
11 12 160
12 11 160
12 12 509
12 12 509
