58

0 1 219
1 0 219
0 3 67
3 0 67
0 9 412
9 0 412
0 10 963
10 0 963
0 11 635
11 0 635
0 29 670
29 0 670
0 18 174
18 0 174
0 19 242
19 0 242
0 22 694
22 0 694
0 35 848
35 0 848
0 11 3
11 0 3
0 49 286
49 0 286
0 49 559
49 0 559
0 56 100
56 0 100
0 38 143
38 0 143
0 52 32
52 0 32
0 45 131
45 0 131
0 56 966
56 0 966
0 7 686
7 0 686
0 38 319
38 0 319
0 42 644
42 0 644
0 55 783
55 0 783
0 55 765
55 0 765
0 40 6
40 0 6
0 3 664
3 0 664
0 23 314
23 0 314
0 32 814
32 0 814
0 3 367
3 0 367
0 46 116
46 0 116
0 29 259
29 0 259
0 29 128
29 0 128
0 29 572
29 0 572
0 55 530
55 0 530
1 2 798
2 1 798
1 6 636
6 1 636
1 18 211
18 1 211
1 34 562
34 1 562
1 4 209
4 1 209
1 13 886
13 1 886
1 57 523
57 1 523
1 53 373
53 1 373
1 17 367
17 1 367
1 3 594
3 1 594
1 5 149
5 1 149
1 16 331
16 1 331
1 22 570
22 1 570
1 49 533
49 1 533
1 51 343
51 1 343
1 46 160
46 1 160
1 17 413
17 1 413
1 6 568
6 1 568
1 10 563
10 1 563
1 2 734
2 1 734
1 10 651
10 1 651
1 44 600
44 1 600
1 37 445
37 1 445
1 27 301
27 1 301
1 22 693
22 1 693
1 27 509
27 1 509
1 9 578
9 1 578
1 28 692
28 1 692
1 29 903
29 1 903
1 24 924
24 1 924
1 18 650
18 1 650
1 28 350
28 1 350
1 41 7
41 1 7
1 40 451
40 1 451
1 50 378
50 1 378
2 8 977
8 2 977
2 47 548
47 2 548
2 49 214
49 2 214
2 11 424
11 2 424
2 2 683
2 2 683
2 37 6
37 2 6
2 33 465
33 2 465
2 5 833
5 2 833
2 57 261
57 2 261
2 8 862
8 2 862
2 4 858
4 2 858
2 31 849
31 2 849
2 2 205
2 2 205
2 13 990
13 2 990
2 23 138
23 2 138
2 44 733
44 2 733
2 35 845
35 2 845
2 26 468
26 2 468
2 18 43
18 2 43
2 37 909
37 2 909
2 31 142
31 2 142
2 3 246
3 2 246
2 52 240
52 2 240
2 5 559
5 2 559
2 36 441
36 2 441
2 5 757
5 2 757
2 21 901
21 2 901
2 4 616
4 2 616
2 14 801
14 2 801
2 27 110
27 2 110
2 26 890
26 2 890
2 53 578
53 2 578
2 49 410
49 2 410
2 50 250
50 2 250
2 49 669
49 2 669
2 25 568
25 2 568
2 15 985
15 2 985
2 9 111
9 2 111
2 47 963
47 2 963
2 18 585
18 2 585
2 21 43
21 2 43
3 4 736
4 3 736
3 5 570
5 3 570
3 30 419
30 3 419
3 56 97
56 3 97
3 6 837
6 3 837
3 30 220
30 3 220
3 33 197
33 3 197
3 23 646
23 3 646
3 18 830
18 3 830
3 25 384
25 3 384
3 52 498
52 3 498
3 47 632
47 3 632
3 13 87
13 3 87
3 30 872
30 3 872
3 40 26
40 3 26
3 6 464
6 3 464
3 29 547
29 3 547
3 40 316
40 3 316
3 7 11
7 3 11
3 37 613
37 3 613
3 9 109
9 3 109
3 5 605
5 3 605
3 15 95
15 3 95
3 52 4
52 3 4
3 7 89
7 3 89
3 56 117
56 3 117
3 26 309
26 3 309
3 38 586
38 3 586
3 7 704
7 3 704
3 7 721
7 3 721
3 13 481
13 3 481
3 22 656
22 3 656
3 18 63
18 3 63
4 24 775
24 4 775
4 35 1000
35 4 1000
4 18 549
18 4 549
4 55 867
55 4 867
4 51 530
51 4 530
4 15 332
15 4 332
4 56 508
56 4 508
4 32 373
32 4 373
4 20 473
20 4 473
4 56 149
56 4 149
4 25 607
25 4 607
4 27 308
27 4 308
4 30 200
30 4 200
4 19 210
19 4 210
4 29 713
29 4 713
4 26 105
26 4 105
4 57 208
57 4 208
4 45 181
45 4 181
4 6 574
6 4 574
4 50 16
50 4 16
4 15 883
15 4 883
4 11 65
11 4 65
4 15 963
15 4 963
4 31 474
31 4 474
4 35 885
35 4 885
4 18 793
18 4 793
4 27 650
27 4 650
4 6 105
6 4 105
4 15 432
15 4 432
4 46 254
46 4 254
4 21 78
21 4 78
4 8 183
8 4 183
4 39 602
39 4 602
4 33 8
33 4 8
4 8 684
8 4 684
5 25 984
25 5 984
5 57 591
57 5 591
5 14 731
14 5 731
5 15 257
15 5 257
5 13 558
13 5 558
5 12 202
12 5 202
5 53 892
53 5 892
5 46 700
46 5 700
5 37 774
37 5 774
5 48 265
48 5 265
5 21 467
21 5 467
5 32 727
32 5 727
5 26 71
26 5 71
5 37 603
37 5 603
5 35 426
35 5 426
5 15 228
15 5 228
5 13 156
13 5 156
5 38 505
38 5 505
5 38 649
38 5 649
5 15 630
15 5 630
5 56 420
56 5 420
5 41 293
41 5 293
5 22 339
22 5 339
5 41 906
41 5 906
5 49 984
49 5 984
5 40 334
40 5 334
5 51 915
51 5 915
5 8 440
8 5 440
5 45 315
45 5 315
5 28 469
28 5 469
5 19 512
19 5 512
5 31 15
31 5 15
5 47 244
47 5 244
5 19 866
19 5 866
5 10 385
10 5 385
5 18 432
18 5 432
5 31 123
31 5 123
6 7 781
7 6 781
6 30 923
30 6 923
6 51 474
51 6 474
6 41 845
41 6 845
6 12 61
12 6 61
6 27 88
27 6 88
6 48 321
48 6 321
6 16 634
16 6 634
6 57 349
57 6 349
6 52 525
52 6 525
6 56 802
56 6 802
6 18 416
18 6 416
6 57 186
57 6 186
6 34 145
34 6 145
6 49 648
49 6 648
6 50 291
50 6 291
6 19 743
19 6 743
6 51 770
51 6 770
6 24 730
24 6 730
6 41 811
41 6 811
6 46 485
46 6 485
6 52 180
52 6 180
6 27 987
27 6 987
6 35 829
35 6 829
6 47 621
47 6 621
6 50 11
50 6 11
6 7 321
7 6 321
6 48 215
48 6 215
6 17 856
17 6 856
6 7 946
7 6 946
6 50 177
50 6 177
7 13 284
13 7 284
7 14 381
14 7 381
7 19 32
19 7 32
7 26 940
26 7 940
7 17 918
17 7 918
7 45 586
45 7 586
7 25 595
25 7 595
7 52 144
52 7 144
7 35 732
35 7 732
7 41 674
41 7 674
7 51 954
51 7 954
7 38 690
38 7 690
7 18 148
18 7 148
7 33 748
33 7 748
7 9 466
9 7 466
7 17 937
17 7 937
7 35 530
35 7 530
7 42 813
42 7 813
7 26 356
26 7 356
7 36 914
36 7 914
7 46 284
46 7 284
7 10 631
10 7 631
7 19 305
19 7 305
7 41 98
41 7 98
7 30 349
30 7 349
7 14 372
14 7 372
7 35 447
35 7 447
7 9 361
9 7 361
7 44 786
44 7 786
7 9 66
9 7 66
7 16 985
16 7 985
7 49 972
49 7 972
7 44 351
44 7 351
7 15 666
15 7 666
7 11 182
11 7 182
7 42 576
42 7 576
7 54 10
54 7 10
7 26 81
26 7 81
7 39 736
39 7 736
7 13 885
13 7 885
7 30 805
30 7 805
7 36 337
36 7 337
8 33 679
33 8 679
8 35 303
35 8 303
8 39 237
39 8 237
8 21 752
21 8 752
8 38 23
38 8 23
8 12 189
12 8 189
8 21 588
21 8 588
8 24 737
24 8 737
8 20 823
20 8 823
8 47 157
47 8 157
8 24 250
24 8 250
8 33 335
33 8 335
8 48 712
48 8 712
8 22 1000
22 8 1000
8 41 605
41 8 605
8 14 724
14 8 724
8 37 31
37 8 31
8 25 128
25 8 128
8 49 848
49 8 848
8 31 99
31 8 99
8 57 900
57 8 900
8 49 156
49 8 156
8 31 61
31 8 61
8 22 593
22 8 593
8 36 206
36 8 206
8 13 499
13 8 499
8 21 66
21 8 66
9 12 401
12 9 401
9 17 91
17 9 91
9 23 804
23 9 804
9 31 4
31 9 4
9 28 528
28 9 528
9 11 38
11 9 38
9 46 884
46 9 884
9 19 280
19 9 280
9 21 492
21 9 492
9 26 488
26 9 488
9 42 698
42 9 698
9 12 163
12 9 163
9 27 568
27 9 568
9 23 559
23 9 559
9 24 307
24 9 307
9 48 731
48 9 731
9 43 477
43 9 477
9 41 141
41 9 141
9 43 179
43 9 179
9 54 661
54 9 661
9 32 924
32 9 924
9 55 122
55 9 122
9 27 228
27 9 228
9 46 528
46 9 528
9 17 368
17 9 368
9 52 896
52 9 896
9 50 864
50 9 864
9 37 197
37 9 197
9 43 633
43 9 633
9 57 705
57 9 705
9 22 654
22 9 654
9 23 496
23 9 496
9 12 974
12 9 974
9 45 376
45 9 376
10 40 612
40 10 612
10 49 83
49 10 83
10 55 456
55 10 456
10 19 184
19 10 184
10 12 264
12 10 264
10 28 974
28 10 974
10 48 913
48 10 913
10 33 115
33 10 115
10 38 245
38 10 245
10 38 335
38 10 335
10 35 211
35 10 211
10 11 181
11 10 181
10 19 789
19 10 789
10 50 679
50 10 679
10 46 158
46 10 158
10 20 639
20 10 639
10 11 438
11 10 438
11 21 26
21 11 26
11 30 426
30 11 426
11 17 385
17 11 385
11 25 783
25 11 783
11 55 468
55 11 468
11 14 242
14 11 242
11 18 394
18 11 394
11 41 143
41 11 143
11 36 817
36 11 817
11 26 207
26 11 207
11 18 795
18 11 795
11 32 916
32 11 916
11 27 686
27 11 686
11 47 975
47 11 975
11 25 294
25 11 294
11 23 924
23 11 924
11 39 815
39 11 815
11 12 13
12 11 13
11 55 443
55 11 443
11 20 995
20 11 995
11 40 913
40 11 913
11 12 67
12 11 67
11 17 504
17 11 504
11 13 972
13 11 972
11 24 625
24 11 625
11 31 495
31 11 495
11 42 991
42 11 991
11 48 934
48 11 934
11 21 381
21 11 381
11 39 195
39 11 195
11 24 651
24 11 651
11 47 409
47 11 409
12 16 695
16 12 695
12 18 579
18 12 579
12 22 852
22 12 852
12 36 948
36 12 948
12 47 395
47 12 395
12 55 974
55 12 974
12 34 533
34 12 533
12 32 803
32 12 803
12 43 251
43 12 251
12 36 723
36 12 723
12 56 638
56 12 638
12 45 900
45 12 900
12 48 214
48 12 214
12 20 374
20 12 374
12 33 913
33 12 913
12 18 494
18 12 494
12 49 833
49 12 833
12 12 219
12 12 219
12 25 908
25 12 908
12 56 698
56 12 698
12 41 61
41 12 61
12 13 150
13 12 150
13 42 609
42 13 609
13 32 422
32 13 422
13 19 587
19 13 587
13 51 650
51 13 650
13 16 393
16 13 393
13 32 81
32 13 81
13 16 773
16 13 773
13 36 110
36 13 110
13 25 148
25 13 148
13 41 346
41 13 346
13 18 165
18 13 165
13 51 113
51 13 113
13 30 763
30 13 763
13 31 455
31 13 455
13 41 737
41 13 737
13 55 461
55 13 461
13 48 833
48 13 833
13 54 523
54 13 523
13 21 903
21 13 903
13 38 731
38 13 731
13 43 912
43 13 912
13 32 257
32 13 257
13 45 718
45 13 718
13 14 955
14 13 955
13 18 361
18 13 361
13 45 551
45 13 551
13 36 179
36 13 179
14 15 351
15 14 351
14 45 269
45 14 269
14 55 879
55 14 879
14 18 170
18 14 170
14 22 282
22 14 282
14 15 678
15 14 678
14 26 802
26 14 802
14 53 888
53 14 888
14 38 486
38 14 486
14 46 704
46 14 704
14 15 345
15 14 345
14 23 492
23 14 492
14 57 165
57 14 165
14 50 529
50 14 529
14 15 560
15 14 560
14 45 311
45 14 311
14 46 112
46 14 112
14 41 899
41 14 899
14 57 345
57 14 345
14 26 759
26 14 759
14 34 526
34 14 526
14 34 738
34 14 738
14 14 374
14 14 374
14 32 905
32 14 905
14 34 550
34 14 550
14 28 874
28 14 874
15 32 451
32 15 451
15 17 163
17 15 163
15 30 243
30 15 243
15 24 956
24 15 956
15 30 476
30 15 476
15 29 904
29 15 904
15 29 736
29 15 736
15 33 927
33 15 927
15 45 815
45 15 815
15 33 12
33 15 12
15 39 271
39 15 271
15 42 234
42 15 234
15 36 439
36 15 439
15 27 414
27 15 414
15 22 946
22 15 946
15 42 714
42 15 714
15 41 445
41 15 445
15 20 594
20 15 594
15 29 268
29 15 268
15 54 360
54 15 360
15 52 966
52 15 966
15 41 715
41 15 715
15 17 406
17 15 406
15 44 962
44 15 962
15 19 728
19 15 728
15 53 160
53 15 160
15 40 59
40 15 59
15 20 968
20 15 968
15 51 284
51 15 284
15 56 591
56 15 591
15 39 472
39 15 472
16 40 550
40 16 550
16 35 815
35 16 815
16 16 149
16 16 149
16 41 535
41 16 535
16 19 296
19 16 296
16 55 964
55 16 964
16 19 370
19 16 370
16 47 550
47 16 550
16 41 123
41 16 123
16 26 472
26 16 472
16 26 981
26 16 981
16 24 344
24 16 344
16 55 976
55 16 976
16 53 137
53 16 137
16 52 171
52 16 171
16 37 79
37 16 79
16 52 802
52 16 802
16 55 945
55 16 945
16 41 450
41 16 450
16 35 997
35 16 997
16 56 484
56 16 484
16 51 626
51 16 626
17 20 101
20 17 101
17 24 529
24 17 529
17 42 666
42 17 666
17 42 602
42 17 602
17 44 541
44 17 541
17 47 852
47 17 852
17 54 289
54 17 289
17 34 907
34 17 907
17 47 22
47 17 22
17 44 549
44 17 549
17 20 203
20 17 203
17 20 963
20 17 963
17 22 852
22 17 852
17 19 233
19 17 233
17 50 147
50 17 147
17 26 526
26 17 526
17 49 442
49 17 442
17 19 706
19 17 706
18 36 505
36 18 505
18 44 109
44 18 109
18 26 496
26 18 496
18 48 954
48 18 954
18 30 974
30 18 974
18 37 670
37 18 670
18 29 616
29 18 616
18 50 85
50 18 85
18 25 178
25 18 178
18 33 11
33 18 11
18 53 129
53 18 129
18 38 315
38 18 315
18 57 109
57 18 109
18 20 147
20 18 147
18 32 27
32 18 27
18 53 200
53 18 200
18 24 322
24 18 322
18 50 603
50 18 603
18 51 279
51 18 279
18 32 358
32 18 358
18 40 294
40 18 294
18 54 619
54 18 619
18 29 249
29 18 249
18 38 986
38 18 986
18 53 98
53 18 98
18 31 221
31 18 221
18 38 93
38 18 93
18 44 934
44 18 934
18 36 219
36 18 219
19 34 449
34 19 449
19 50 118
50 19 118
19 35 241
35 19 241
19 49 54
49 19 54
19 35 360
35 19 360
19 32 180
32 19 180
19 21 973
21 19 973
19 35 60
35 19 60
19 38 627
38 19 627
19 34 50
34 19 50
19 23 497
23 19 497
19 21 858
21 19 858
19 55 537
55 19 537
19 46 163
46 19 163
19 37 438
37 19 438
19 36 122
36 19 122
19 55 859
55 19 859
19 54 344
54 19 344
19 40 724
40 19 724
19 22 672
22 19 672
19 39 303
39 19 303
19 39 677
39 19 677
19 29 564
29 19 564
19 51 718
51 19 718
19 41 910
41 19 910
20 44 279
44 20 279
20 34 112
34 20 112
20 28 227
28 20 227
20 40 860
40 20 860
20 35 317
35 20 317
20 47 354
47 20 354
20 44 713
44 20 713
20 24 194
24 20 194
20 24 551
24 20 551
20 45 863
45 20 863
20 38 884
38 20 884
20 39 841
39 20 841
20 50 768
50 20 768
20 24 433
24 20 433
20 35 853
35 20 853
20 56 5
56 20 5
20 57 135
57 20 135
20 28 84
28 20 84
20 57 625
57 20 625
20 51 50
51 20 50
20 31 956
31 20 956
20 27 259
27 20 259
21 43 454
43 21 454
21 40 475
40 21 475
21 24 43
24 21 43
21 31 209
31 21 209
21 26 487
26 21 487
21 48 903
48 21 903
21 44 142
44 21 142
21 37 161
37 21 161
21 39 86
39 21 86
21 54 816
54 21 816
21 50 324
50 21 324
21 33 686
33 21 686
21 56 776
56 21 776
21 44 327
44 21 327
21 57 372
57 21 372
21 23 688
23 21 688
21 57 963
57 21 963
21 47 876
47 21 876
21 37 242
37 21 242
21 54 851
54 21 851
21 38 489
38 21 489
21 56 277
56 21 277
21 41 605
41 21 605
21 22 311
22 21 311
21 45 362
45 21 362
21 35 943
35 21 943
22 28 970
28 22 970
22 31 824
31 22 824
22 47 292
47 22 292
22 36 88
36 22 88
22 54 883
54 22 883
22 40 96
40 22 96
22 23 938
23 22 938
22 43 745
43 22 745
22 30 80
30 22 80
22 46 854
46 22 854
22 42 22
42 22 22
22 50 432
50 22 432
22 45 847
45 22 847
22 40 437
40 22 437
22 45 596
45 22 596
22 45 594
45 22 594
22 46 481
46 22 481
22 49 420
49 22 420
23 44 18
44 23 18
23 32 528
32 23 528
23 57 320
57 23 320
23 49 272
49 23 272
23 27 903
27 23 903
23 37 412
37 23 412
23 24 123
24 23 123
23 33 585
33 23 585
23 47 171
47 23 171
23 48 718
48 23 718
23 57 664
57 23 664
23 54 2
54 23 2
23 55 957
55 23 957
23 27 788
27 23 788
23 32 278
32 23 278
23 39 352
39 23 352
23 50 23
50 23 23
23 43 284
43 23 284
23 53 889
53 23 889
23 57 776
57 23 776
23 30 563
30 23 563
23 41 246
41 23 246
23 25 490
25 23 490
23 57 554
57 23 554
23 52 420
52 23 420
24 27 946
27 24 946
24 41 12
41 24 12
24 57 414
57 24 414
24 55 234
55 24 234
24 32 121
32 24 121
24 54 94
54 24 94
24 39 835
39 24 835
24 37 760
37 24 760
24 29 396
29 24 396
24 46 969
46 24 969
24 57 897
57 24 897
24 27 923
27 24 923
24 38 259
38 24 259
24 30 863
30 24 863
25 49 559
49 25 559
25 55 306
55 25 306
25 51 458
51 25 458
25 28 878
28 25 878
25 38 561
38 25 561
25 34 138
34 25 138
25 26 438
26 25 438
25 56 155
56 25 155
25 40 897
40 25 897
25 26 824
26 25 824
25 29 125
29 25 125
25 36 304
36 25 304
25 42 208
42 25 208
25 51 329
51 25 329
25 28 560
28 25 560
25 33 789
33 25 789
25 35 800
35 25 800
25 54 304
54 25 304
26 44 561
44 26 561
26 51 707
51 26 707
26 54 180
54 26 180
26 39 716
39 26 716
26 53 736
53 26 736
26 48 682
48 26 682
26 43 428
43 26 428
26 51 165
51 26 165
26 44 827
44 26 827
26 30 92
30 26 92
26 53 348
53 26 348
26 32 768
32 26 768
26 55 294
55 26 294
26 45 263
45 26 263
26 50 839
50 26 839
26 31 211
31 26 211
26 43 379
43 26 379
26 30 547
30 26 547
26 54 871
54 26 871
26 39 790
39 26 790
27 38 56
38 27 56
27 56 356
56 27 356
27 49 891
49 27 891
27 54 17
54 27 17
27 55 84
55 27 84
27 45 133
45 27 133
27 43 462
43 27 462
27 57 251
57 27 251
27 41 565
41 27 565
27 49 11
49 27 11
27 33 524
33 27 524
27 55 833
55 27 833
27 31 524
31 27 524
27 32 588
32 27 588
27 27 172
27 27 172
27 51 282
51 27 282
27 55 478
55 27 478
27 40 352
40 27 352
28 33 693
33 28 693
28 29 805
29 28 805
28 30 169
30 28 169
28 52 966
52 28 966
28 46 480
46 28 480
28 57 471
57 28 471
28 31 194
31 28 194
28 57 854
57 28 854
28 46 12
46 28 12
28 43 189
43 28 189
28 36 1
36 28 1
28 57 746
57 28 746
28 38 344
38 28 344
28 46 611
46 28 611
28 57 774
57 28 774
29 30 490
30 29 490
29 30 118
30 29 118
29 43 211
43 29 211
29 42 903
42 29 903
29 53 699
53 29 699
29 46 687
46 29 687
29 43 685
43 29 685
29 30 514
30 29 514
29 50 673
50 29 673
29 36 881
36 29 881
29 49 435
49 29 435
29 47 756
47 29 756
29 54 872
54 29 872
29 41 560
41 29 560
29 51 372
51 29 372
29 54 579
54 29 579
29 38 40
38 29 40
29 46 751
46 29 751
29 56 339
56 29 339
29 33 587
33 29 587
30 48 177
48 30 177
30 38 540
38 30 540
30 30 756
30 30 756
30 36 669
36 30 669
30 45 616
45 30 616
30 40 556
40 30 556
30 54 708
54 30 708
30 32 592
32 30 592
30 56 719
56 30 719
30 42 605
42 30 605
30 40 611
40 30 611
30 35 688
35 30 688
30 53 832
53 30 832
30 34 528
34 30 528
30 39 841
39 30 841
30 55 784
55 30 784
31 45 256
45 31 256
31 31 942
31 31 942
31 43 853
43 31 853
31 44 894
44 31 894
31 56 670
56 31 670
31 34 871
34 31 871
31 53 7
53 31 7
31 37 308
37 31 308
31 47 498
47 31 498
31 57 703
57 31 703
31 47 98
47 31 98
31 33 106
33 31 106
32 46 71
46 32 71
32 48 471
48 32 471
32 33 853
33 32 853
32 33 336
33 32 336
32 34 648
34 32 648
32 56 587
56 32 587
32 42 318
42 32 318
32 57 751
57 32 751
32 45 578
45 32 578
32 52 863
52 32 863
32 37 666
37 32 666
32 50 204
50 32 204
32 36 43
36 32 43
32 50 803
50 32 803
32 55 227
55 32 227
32 56 169
56 32 169
32 57 340
57 32 340
33 53 690
53 33 690
33 56 151
56 33 151
33 56 594
56 33 594
33 42 756
42 33 756
33 51 966
51 33 966
33 34 787
34 33 787
33 41 571
41 33 571
33 37 465
37 33 465
33 43 155
43 33 155
33 52 201
52 33 201
33 41 15
41 33 15
34 37 9
37 34 9
34 50 298
50 34 298
34 55 960
55 34 960
34 50 62
50 34 62
34 56 646
56 34 646
34 39 238
39 34 238
34 53 887
53 34 887
34 34 417
34 34 417
34 53 60
53 34 60
34 48 332
48 34 332
34 38 77
38 34 77
35 49 256
49 35 256
35 55 339
55 35 339
35 43 916
43 35 916
35 37 734
37 35 734
35 46 645
46 35 645
35 50 189
50 35 189
35 46 914
46 35 914
36 49 159
49 36 159
36 43 737
43 36 737
36 54 498
54 36 498
36 44 202
44 36 202
36 57 951
57 36 951
36 54 766
54 36 766
36 46 76
46 36 76
36 41 589
41 36 589
36 38 912
38 36 912
36 41 137
41 36 137
36 56 866
56 36 866
36 49 922
49 36 922
36 54 664
54 36 664
36 45 293
45 36 293
36 54 600
54 36 600
37 40 428
40 37 428
37 51 297
51 37 297
37 42 975
42 37 975
37 56 673
56 37 673
37 38 670
38 37 670
37 55 953
55 37 953
37 45 668
45 37 668
37 41 937
41 37 937
37 43 763
43 37 763
37 50 835
50 37 835
38 56 803
56 38 803
38 52 120
52 38 120
38 46 973
46 38 973
38 57 751
57 38 751
38 48 286
48 38 286
38 49 663
49 38 663
38 52 529
52 38 529
38 42 617
42 38 617
38 51 394
51 38 394
39 46 138
46 39 138
39 52 919
52 39 919
39 42 158
42 39 158
39 51 53
51 39 53
39 53 643
53 39 643
39 50 401
50 39 401
40 54 114
54 40 114
40 42 304
42 40 304
40 41 914
41 40 914
40 46 677
46 40 677
40 50 400
50 40 400
40 56 399
56 40 399
40 50 11
50 40 11
41 43 249
43 41 249
41 45 769
45 41 769
41 47 134
47 41 134
41 43 70
43 41 70
41 45 361
45 41 361
41 57 941
57 41 941
41 46 806
46 41 806
41 56 685
56 41 685
41 44 133
44 41 133
41 44 532
44 41 532
41 55 857
55 41 857
42 45 602
45 42 602
42 49 751
49 42 751
42 56 762
56 42 762
42 43 65
43 42 65
42 56 162
56 42 162
42 51 762
51 42 762
42 56 105
56 42 105
43 54 16
54 43 16
43 57 914
57 43 914
43 45 162
45 43 162
43 50 123
50 43 123
43 48 173
48 43 173
44 47 22
47 44 22
44 56 480
56 44 480
44 54 845
54 44 845
44 47 809
47 44 809
44 47 167
47 44 167
45 57 730
57 45 730
45 55 741
55 45 741
45 46 718
46 45 718
45 53 178
53 45 178
45 45 415
45 45 415
45 50 938
50 45 938
46 53 299
53 46 299
46 46 924
46 46 924
46 56 607
56 46 607
46 49 76
49 46 76
46 51 499
51 46 499
46 50 967
50 46 967
47 54 67
54 47 67
47 53 488
53 47 488
47 53 830
53 47 830
47 53 673
53 47 673
47 57 894
57 47 894
47 47 521
47 47 521
47 52 493
52 47 493
48 52 946
52 48 946
48 55 148
55 48 148
48 57 500
57 48 500
48 55 260
55 48 260
48 57 218
57 48 218
49 51 30
51 49 30
49 57 312
57 49 312
50 51 962
51 50 962
50 57 98
57 50 98
50 51 14
51 50 14
50 51 540
51 50 540
50 55 298
55 50 298
51 53 239
53 51 239
51 57 674
57 51 674
51 54 872
54 51 872
51 52 896
52 51 896
51 54 247
54 51 247
52 53 361
53 52 361
52 55 938
55 52 938
53 57 580
57 53 580
53 57 254
57 53 254
53 57 760
57 53 760
53 54 172
54 53 172
54 56 332
56 54 332
54 56 771
56 54 771
54 56 919
56 54 919
55 57 919
57 55 919
57 57 499
57 57 499
57 57 571
57 57 571
