57

0 1 511
1 0 511
0 2 129
2 0 129
0 15 387
15 0 387
0 23 254
23 0 254
0 8 350
8 0 350
0 25 661
25 0 661
0 53 577
53 0 577
0 23 376
23 0 376
0 40 261
40 0 261
0 20 425
20 0 425
0 42 324
42 0 324
0 33 571
33 0 571
0 49 175
49 0 175
0 32 71
32 0 71
0 41 567
41 0 567
0 33 397
33 0 397
0 2 753
2 0 753
0 12 917
12 0 917
0 52 986
52 0 986
0 21 550
21 0 550
0 27 638
27 0 638
0 38 791
38 0 791
0 23 569
23 0 569
0 17 797
17 0 797
0 3 703
3 0 703
0 25 100
25 0 100
0 50 433
50 0 433
0 35 151
35 0 151
1 3 687
3 1 687
1 8 381
8 1 381
1 27 591
27 1 591
1 29 92
29 1 92
1 40 317
40 1 317
1 43 590
43 1 590
1 34 357
34 1 357
1 6 681
6 1 681
1 44 550
44 1 550
1 46 709
46 1 709
1 9 265
9 1 265
1 37 985
37 1 985
1 8 73
8 1 73
1 23 349
23 1 349
1 30 843
30 1 843
1 35 764
35 1 764
1 45 621
45 1 621
1 29 365
29 1 365
1 52 520
52 1 520
1 24 771
24 1 771
1 51 881
51 1 881
1 32 133
32 1 133
1 30 290
30 1 290
1 56 781
56 1 781
1 24 104
24 1 104
1 2 44
2 1 44
1 34 99
34 1 99
1 45 689
45 1 689
1 31 779
31 1 779
1 19 662
19 1 662
2 4 446
4 2 446
2 5 812
5 2 812
2 13 39
13 2 39
2 28 941
28 2 941
2 13 188
13 2 188
2 56 146
56 2 146
2 7 730
7 2 730
2 5 258
5 2 258
2 48 812
48 2 812
2 23 564
23 2 564
2 27 578
27 2 578
2 42 978
42 2 978
2 23 587
23 2 587
2 30 783
30 2 783
2 12 383
12 2 383
2 16 565
16 2 565
3 44 359
44 3 359
3 14 567
14 3 567
3 45 492
45 3 492
3 12 734
12 3 734
3 32 741
32 3 741
3 4 76
4 3 76
3 4 329
4 3 329
3 35 643
35 3 643
3 45 401
45 3 401
3 55 350
55 3 350
3 51 269
51 3 269
3 41 884
41 3 884
3 47 442
47 3 442
3 41 407
41 3 407
3 55 888
55 3 888
3 39 768
39 3 768
3 18 635
18 3 635
3 36 821
36 3 821
4 6 276
6 4 276
4 7 251
7 4 251
4 9 357
9 4 357
4 35 536
35 4 536
4 33 636
33 4 636
4 49 910
49 4 910
4 11 951
11 4 951
4 38 107
38 4 107
4 23 69
23 4 69
4 48 771
48 4 771
4 29 11
29 4 11
4 38 506
38 4 506
4 39 812
39 4 812
4 30 86
30 4 86
4 8 45
8 4 45
4 20 943
20 4 943
4 16 945
16 4 945
4 13 906
13 4 906
4 50 265
50 4 265
5 12 386
12 5 386
5 51 328
51 5 328
5 32 491
32 5 491
5 35 281
35 5 281
5 6 809
6 5 809
5 56 668
56 5 668
5 42 125
42 5 125
5 47 823
47 5 823
5 44 952
44 5 952
5 16 754
16 5 754
5 17 483
17 5 483
5 10 407
10 5 407
5 51 718
51 5 718
5 28 647
28 5 647
5 44 65
44 5 65
6 14 846
14 6 846
6 22 587
22 6 587
6 45 230
45 6 230
6 44 387
44 6 387
6 13 810
13 6 810
6 23 882
23 6 882
6 43 563
43 6 563
6 24 543
24 6 543
6 31 667
31 6 667
6 48 601
48 6 601
6 31 307
31 6 307
6 21 643
21 6 643
6 15 480
15 6 480
6 36 393
36 6 393
6 29 916
29 6 916
6 15 186
15 6 186
6 31 465
31 6 465
6 45 140
45 6 140
6 40 625
40 6 625
6 9 446
9 6 446
6 47 993
47 6 993
6 43 743
43 6 743
7 17 646
17 7 646
7 24 84
24 7 84
7 56 198
56 7 198
7 40 437
40 7 437
7 43 297
43 7 297
7 32 114
32 7 114
7 55 329
55 7 329
7 41 862
41 7 862
7 25 782
25 7 782
7 21 149
21 7 149
7 28 40
28 7 40
7 54 757
54 7 757
7 50 424
50 7 424
7 51 672
51 7 672
7 17 676
17 7 676
7 12 430
12 7 430
7 22 44
22 7 44
7 13 410
13 7 410
7 48 23
48 7 23
7 38 519
38 7 519
7 16 131
16 7 131
7 46 504
46 7 504
8 10 824
10 8 824
8 11 852
11 8 852
8 19 637
19 8 637
8 32 127
32 8 127
8 38 960
38 8 960
8 21 712
21 8 712
8 20 373
20 8 373
8 12 55
12 8 55
8 15 186
15 8 186
8 13 756
13 8 756
8 26 623
26 8 623
8 16 627
16 8 627
8 40 504
40 8 504
8 42 797
42 8 797
8 32 690
32 8 690
9 46 572
46 9 572
9 38 678
38 9 678
9 52 435
52 9 435
9 26 747
26 9 747
9 13 1000
13 9 1000
9 29 885
29 9 885
9 32 381
32 9 381
9 48 583
48 9 583
9 33 400
33 9 400
9 27 32
27 9 32
9 30 825
30 9 825
9 38 316
38 9 316
10 35 12
35 10 12
10 52 975
52 10 975
10 38 856
38 10 856
10 15 425
15 10 425
10 39 319
39 10 319
10 43 919
43 10 919
10 41 628
41 10 628
10 38 646
38 10 646
10 31 197
31 10 197
10 39 782
39 10 782
10 53 780
53 10 780
10 19 263
19 10 263
10 20 550
20 10 550
10 41 482
41 10 482
10 39 311
39 10 311
10 13 745
13 10 745
10 28 260
28 10 260
11 13 680
13 11 680
11 27 999
27 11 999
11 20 789
20 11 789
11 22 220
22 11 220
11 30 698
30 11 698
11 35 727
35 11 727
11 15 710
15 11 710
11 39 900
39 11 900
11 28 868
28 11 868
11 50 765
50 11 765
11 39 659
39 11 659
11 37 900
37 11 900
11 40 489
40 11 489
11 40 829
40 11 829
11 31 956
31 11 956
11 15 955
15 11 955
12 16 886
16 12 886
12 20 238
20 12 238
12 13 208
13 12 208
12 39 754
39 12 754
12 25 52
25 12 52
12 38 543
38 12 543
12 29 939
29 12 939
12 13 72
13 12 72
12 40 111
40 12 111
12 38 695
38 12 695
12 46 85
46 12 85
13 53 414
53 13 414
13 27 883
27 13 883
13 56 631
56 13 631
13 17 884
17 13 884
13 54 266
54 13 266
13 44 288
44 13 288
13 23 29
23 13 29
13 21 404
21 13 404
13 37 581
37 13 581
13 44 517
44 13 517
13 44 822
44 13 822
13 32 908
32 13 908
13 32 365
32 13 365
13 20 229
20 13 229
13 29 922
29 13 922
14 30 734
30 14 734
14 39 753
39 14 753
14 34 302
34 14 302
14 25 305
25 14 305
14 55 903
55 14 903
14 29 934
29 14 934
14 31 697
31 14 697
14 45 802
45 14 802
14 49 262
49 14 262
14 20 599
20 14 599
14 15 532
15 14 532
14 48 994
48 14 994
14 38 674
38 14 674
15 21 88
21 15 88
15 44 90
44 15 90
15 17 16
17 15 16
15 29 388
29 15 388
15 27 213
27 15 213
15 37 146
37 15 146
15 50 523
50 15 523
15 17 881
17 15 881
15 36 679
36 15 679
15 17 916
17 15 916
15 21 668
21 15 668
15 37 882
37 15 882
15 53 968
53 15 968
15 51 73
51 15 73
15 48 973
48 15 973
15 29 455
29 15 455
15 50 192
50 15 192
15 54 929
54 15 929
15 30 893
30 15 893
15 24 132
24 15 132
16 35 18
35 16 18
16 37 298
37 16 298
16 49 423
49 16 423
16 23 588
23 16 588
16 27 580
27 16 580
16 31 214
31 16 214
16 39 227
39 16 227
16 26 577
26 16 577
16 23 180
23 16 180
16 34 984
34 16 984
16 50 541
50 16 541
16 54 684
54 16 684
16 21 744
21 16 744
16 32 659
32 16 659
16 56 608
56 16 608
16 46 805
46 16 805
17 18 206
18 17 206
17 36 979
36 17 979
17 25 784
25 17 784
17 45 465
45 17 465
17 33 714
33 17 714
17 23 676
23 17 676
17 46 459
46 17 459
17 23 936
23 17 936
17 37 627
37 17 627
17 46 10
46 17 10
17 45 941
45 17 941
17 49 758
49 17 758
18 24 60
24 18 60
18 39 705
39 18 705
18 56 611
56 18 611
18 49 782
49 18 782
18 56 923
56 18 923
18 28 425
28 18 425
18 46 500
46 18 500
18 33 474
33 18 474
18 25 964
25 18 964
18 52 633
52 18 633
19 20 993
20 19 993
19 33 172
33 19 172
19 42 159
42 19 159
19 43 284
43 19 284
19 29 124
29 19 124
19 36 821
36 19 821
19 54 351
54 19 351
19 47 66
47 19 66
19 48 599
48 19 599
19 21 963
21 19 963
19 23 24
23 19 24
19 49 41
49 19 41
19 56 717
56 19 717
19 28 141
28 19 141
20 46 338
46 20 338
20 49 469
49 20 469
20 35 565
35 20 565
20 22 285
22 20 285
20 29 899
29 20 899
20 42 869
42 20 869
20 32 829
32 20 829
20 46 282
46 20 282
20 54 702
54 20 702
20 22 428
22 20 428
20 21 205
21 20 205
20 25 908
25 20 908
20 43 705
43 20 705
21 25 742
25 21 742
21 26 774
26 21 774
21 40 804
40 21 804
21 48 204
48 21 204
21 38 878
38 21 878
21 47 895
47 21 895
21 27 685
27 21 685
21 27 942
27 21 942
21 27 396
27 21 396
21 55 386
55 21 386
21 55 582
55 21 582
21 41 201
41 21 201
21 52 133
52 21 133
22 52 744
52 22 744
22 51 405
51 22 405
22 40 607
40 22 607
22 48 625
48 22 625
22 29 918
29 22 918
22 34 857
34 22 857
22 30 819
30 22 819
22 40 678
40 22 678
22 28 436
28 22 436
23 26 254
26 23 254
23 50 395
50 23 395
23 39 571
39 23 571
23 48 482
48 23 482
23 36 766
36 23 766
23 31 464
31 23 464
23 45 19
45 23 19
23 40 731
40 23 731
23 55 457
55 23 457
23 51 853
51 23 853
24 35 390
35 24 390
24 41 131
41 24 131
24 35 64
35 24 64
24 40 183
40 24 183
24 56 440
56 24 440
24 29 154
29 24 154
24 40 87
40 24 87
24 44 905
44 24 905
24 33 611
33 24 611
24 34 286
34 24 286
25 56 109
56 25 109
25 42 113
42 25 113
25 51 183
51 25 183
25 28 410
28 25 410
25 52 142
52 25 142
25 41 473
41 25 473
25 28 910
28 25 910
25 30 482
30 25 482
25 28 905
28 25 905
26 43 20
43 26 20
26 27 638
27 26 638
26 31 468
31 26 468
26 42 6
42 26 6
26 42 438
42 26 438
26 50 118
50 26 118
26 30 706
30 26 706
26 28 364
28 26 364
26 35 628
35 26 628
26 46 779
46 26 779
26 26 645
26 26 645
26 39 169
39 26 169
27 37 786
37 27 786
27 31 949
31 27 949
27 47 912
47 27 912
27 52 381
52 27 381
27 31 787
31 27 787
27 27 659
27 27 659
27 56 120
56 27 120
27 41 331
41 27 331
27 34 984
34 27 984
27 49 745
49 27 745
27 36 779
36 27 779
27 28 275
28 27 275
28 31 951
31 28 951
28 46 522
46 28 522
28 37 595
37 28 595
28 52 471
52 28 471
28 43 842
43 28 842
28 30 152
30 28 152
28 36 734
36 28 734
28 45 2
45 28 2
28 46 470
46 28 470
28 38 80
38 28 80
28 42 322
42 28 322
28 33 944
33 28 944
28 32 411
32 28 411
28 37 837
37 28 837
28 34 371
34 28 371
29 34 313
34 29 313
29 50 253
50 29 253
29 36 51
36 29 51
29 34 592
34 29 592
29 53 655
53 29 655
29 53 758
53 29 758
29 46 510
46 29 510
29 39 823
39 29 823
29 44 243
44 29 243
29 43 156
43 29 156
30 47 100
47 30 100
30 54 832
54 30 832
30 52 644
52 30 644
30 37 367
37 30 367
30 49 722
49 30 722
30 45 657
45 30 657
30 42 297
42 30 297
30 50 910
50 30 910
30 39 901
39 30 901
30 41 131
41 30 131
30 47 124
47 30 124
30 53 883
53 30 883
30 46 590
46 30 590
30 34 966
34 30 966
31 45 678
45 31 678
31 43 682
43 31 682
31 37 527
37 31 527
31 37 633
37 31 633
31 40 771
40 31 771
31 44 302
44 31 302
31 31 671
31 31 671
31 56 720
56 31 720
31 31 834
31 31 834
31 49 159
49 31 159
32 56 908
56 32 908
32 50 460
50 32 460
32 45 384
45 32 384
32 41 621
41 32 621
32 35 267
35 32 267
32 42 223
42 32 223
32 44 540
44 32 540
32 34 448
34 32 448
32 48 185
48 32 185
33 41 223
41 33 223
33 40 423
40 33 423
33 54 773
54 33 773
33 45 162
45 33 162
33 41 34
41 33 34
33 40 650
40 33 650
33 49 16
49 33 16
33 52 594
52 33 594
34 48 116
48 34 116
34 40 896
40 34 896
34 40 249
40 34 249
35 45 392
45 35 392
35 45 680
45 35 680
35 37 318
37 35 318
35 53 997
53 35 997
35 53 851
53 35 851
35 45 852
45 35 852
35 53 937
53 35 937
35 41 904
41 35 904
35 46 729
46 35 729
36 48 172
48 36 172
36 54 996
54 36 996
36 52 384
52 36 384
36 47 297
47 36 297
36 48 614
48 36 614
36 56 985
56 36 985
36 42 724
42 36 724
36 53 73
53 36 73
36 50 558
50 36 558
37 38 308
38 37 308
37 41 661
41 37 661
37 49 455
49 37 455
37 49 987
49 37 987
37 40 246
40 37 246
37 48 842
48 37 842
37 50 540
50 37 540
37 39 115
39 37 115
38 54 219
54 38 219
38 42 527
42 38 527
38 40 463
40 38 463
38 44 605
44 38 605
38 40 713
40 38 713
38 50 437
50 38 437
39 49 67
49 39 67
39 45 587
45 39 587
40 44 575
44 40 575
40 53 881
53 40 881
40 52 527
52 40 527
40 52 591
52 40 591
41 52 383
52 41 383
41 49 99
49 41 99
41 48 806
48 41 806
41 47 721
47 41 721
41 45 431
45 41 431
41 51 653
51 41 653
41 54 763
54 41 763
41 48 556
48 41 556
41 42 727
42 41 727
42 47 409
47 42 409
42 47 898
47 42 898
42 46 730
46 42 730
43 50 449
50 43 449
43 46 798
46 43 798
43 50 48
50 43 48
43 45 538
45 43 538
43 45 19
45 43 19
43 56 109
56 43 109
43 49 746
49 43 746
43 56 52
56 43 52
44 49 124
49 44 124
44 51 958
51 44 958
44 49 389
49 44 389
44 53 591
53 44 591
46 55 385
55 46 385
46 55 323
55 46 323
46 56 445
56 46 445
46 48 904
48 46 904
46 56 956
56 46 956
46 49 373
49 46 373
46 52 299
52 46 299
47 47 866
47 47 866
48 56 902
56 48 902
48 51 572
51 48 572
48 50 219
50 48 219
49 52 329
52 49 329
49 53 150
53 49 150
50 53 137
53 50 137
51 53 835
53 51 835
51 51 699
51 51 699
51 55 789
55 51 789
51 55 637
55 51 637
52 55 385
55 52 385
53 56 193
56 53 193
54 55 934
55 54 934
54 55 252
55 54 252
