57

0 1 70
1 0 70
0 2 937
2 0 937
0 4 244
4 0 244
0 26 177
26 0 177
0 51 431
51 0 431
0 15 976
15 0 976
0 10 270
10 0 270
0 18 848
18 0 848
1 3 797
3 1 797
1 20 396
20 1 396
1 41 803
41 1 803
1 49 368
49 1 368
1 8 699
8 1 699
1 39 675
39 1 675
2 12 187
12 2 187
2 19 601
19 2 601
2 27 298
27 2 298
2 29 259
29 2 259
2 36 391
36 2 391
2 28 333
28 2 333
3 5 559
5 3 559
3 45 619
45 3 619
3 27 697
27 3 697
3 12 103
12 3 103
4 6 720
6 4 720
4 18 758
18 4 758
4 20 216
20 4 216
4 35 908
35 4 908
5 10 407
10 5 407
5 14 884
14 5 884
5 44 229
44 5 229
5 28 10
28 5 10
5 53 914
53 5 914
5 7 526
7 5 526
5 49 115
49 5 115
5 17 26
17 5 26
5 41 100
41 5 100
6 7 144
7 6 144
6 8 764
8 6 764
6 23 476
23 6 476
6 50 341
50 6 341
7 29 890
29 7 890
7 50 916
50 7 916
7 54 839
54 7 839
7 45 593
45 7 593
7 49 861
49 7 861
7 49 965
49 7 965
7 27 207
27 7 207
8 9 769
9 8 769
8 24 395
24 8 395
8 55 4
55 8 4
8 27 810
27 8 810
8 37 656
37 8 656
8 47 779
47 8 779
8 41 236
41 8 236
8 26 824
26 8 824
9 16 798
16 9 798
9 45 495
45 9 495
9 16 829
16 9 829
10 11 700
11 10 700
10 23 121
23 10 121
10 55 109
55 10 109
10 16 91
16 10 91
10 12 937
12 10 937
11 17 560
17 11 560
11 51 802
51 11 802
11 45 951
45 11 951
11 21 51
21 11 51
11 56 85
56 11 85
11 12 850
12 11 850
11 43 115
43 11 115
12 13 657
13 12 657
12 15 815
15 12 815
12 21 983
21 12 983
12 31 851
31 12 851
12 32 551
32 12 551
12 19 645
19 12 645
12 42 974
42 12 974
12 18 513
18 12 513
12 46 570
46 12 570
12 15 300
15 12 300
12 12 957
12 12 957
12 16 308
16 12 308
12 23 442
23 12 442
12 39 335
39 12 335
12 17 390
17 12 390
12 47 803
47 12 803
13 18 383
18 13 383
13 25 567
25 13 567
13 48 781
48 13 781
13 40 472
40 13 472
13 40 56
40 13 56
14 33 788
33 14 788
14 36 102
36 14 102
14 46 842
46 14 842
14 53 381
53 14 381
14 25 157
25 14 157
14 27 741
27 14 741
14 49 145
49 14 145
14 43 422
43 14 422
15 34 246
34 15 246
15 52 546
52 15 546
15 28 942
28 15 942
15 23 245
23 15 245
15 35 773
35 15 773
15 27 986
27 15 986
16 43 572
43 16 572
16 48 282
48 16 282
16 17 513
17 16 513
16 26 500
26 16 500
16 39 750
39 16 750
16 51 832
51 16 832
16 46 96
46 16 96
17 22 458
22 17 458
17 40 859
40 17 859
17 55 629
55 17 629
17 55 951
55 17 951
17 27 536
27 17 536
17 33 704
33 17 704
17 24 210
24 17 210
18 39 358
39 18 358
18 31 336
31 18 336
18 50 19
50 18 19
19 49 846
49 19 846
19 41 396
41 19 396
19 30 134
30 19 134
19 55 555
55 19 555
19 19 16
19 19 16
19 26 129
26 19 129
20 25 568
25 20 568
20 23 227
23 20 227
20 39 686
39 20 686
20 53 282
53 20 282
21 37 556
37 21 556
21 34 159
34 21 159
21 48 542
48 21 542
21 55 868
55 21 868
22 38 439
38 22 439
22 50 749
50 22 749
22 38 782
38 22 782
22 52 189
52 22 189
23 44 586
44 23 586
23 32 242
32 23 242
24 53 777
53 24 777
24 46 93
46 24 93
24 39 689
39 24 689
25 42 984
42 25 984
26 28 166
28 26 166
26 56 179
56 26 179
26 51 944
51 26 944
26 43 444
43 26 444
26 30 476
30 26 476
27 30 556
30 27 556
27 55 710
55 27 710
27 54 794
54 27 794
27 54 170
54 27 170
27 37 623
37 27 623
28 41 426
41 28 426
28 29 800
29 28 800
28 44 793
44 28 793
29 50 158
50 29 158
29 54 843
54 29 843
29 43 177
43 29 177
29 55 401
55 29 401
29 35 90
35 29 90
30 30 690
30 30 690
31 52 178
52 31 178
32 47 434
47 32 434
32 46 285
46 32 285
32 55 72
55 32 72
32 34 695
34 32 695
32 38 452
38 32 452
32 44 638
44 32 638
32 47 131
47 32 131
33 44 583
44 33 583
34 35 468
35 34 468
34 50 280
50 34 280
34 49 491
49 34 491
35 49 506
49 35 506
35 47 904
47 35 904
36 47 128
47 36 128
36 44 99
44 36 99
36 43 352
43 36 352
36 48 568
48 36 568
38 42 552
42 38 552
38 39 246
39 38 246
39 41 75
41 39 75
39 40 4
40 39 4
40 54 17
54 40 17
41 42 47
42 41 47
41 52 608
52 41 608
41 44 213
44 41 213
42 44 696
44 42 696
42 43 732
43 42 732
45 52 927
52 45 927
48 50 537
50 48 537
51 51 192
51 51 192
52 56 15
56 52 15
53 56 416
56 53 416
54 54 770
54 54 770
