76

0 1 140
1 0 140
0 3 266
3 0 266
0 14 377
14 0 377
0 34 265
34 0 265
0 68 985
68 0 985
0 31 390
31 0 390
0 54 800
54 0 800
0 19 600
19 0 600
0 24 420
24 0 420
0 69 57
69 0 57
0 41 830
41 0 830
0 26 443
26 0 443
0 22 181
22 0 181
0 47 540
47 0 540
0 9 253
9 0 253
0 36 861
36 0 861
0 45 552
45 0 552
0 13 275
13 0 275
0 7 347
7 0 347
0 25 103
25 0 103
0 22 816
22 0 816
0 48 965
48 0 965
0 2 171
2 0 171
1 2 415
2 1 415
1 4 304
4 1 304
1 7 957
7 1 957
1 8 113
8 1 113
1 11 495
11 1 495
1 31 611
31 1 611
1 21 253
21 1 253
1 6 372
6 1 372
1 63 644
63 1 644
1 6 302
6 1 302
1 34 463
34 1 463
1 62 35
62 1 35
1 73 553
73 1 553
1 25 653
25 1 653
1 25 751
25 1 751
1 75 291
75 1 291
1 28 67
28 1 67
1 74 296
74 1 296
1 48 781
48 1 781
1 8 405
8 1 405
1 1 852
1 1 852
1 33 269
33 1 269
1 71 869
71 1 869
1 66 280
66 1 280
1 68 40
68 1 40
1 13 304
13 1 304
1 53 5
53 1 5
2 18 376
18 2 376
2 23 771
23 2 771
2 47 120
47 2 120
2 7 691
7 2 691
2 5 55
5 2 55
2 43 163
43 2 163
2 16 907
16 2 907
2 48 327
48 2 327
2 59 561
59 2 561
2 20 348
20 2 348
2 39 907
39 2 907
2 74 470
74 2 470
2 28 68
28 2 68
2 58 750
58 2 750
2 41 618
41 2 618
2 67 136
67 2 136
2 19 306
19 2 306
2 21 119
21 2 119
2 19 640
19 2 640
2 7 90
7 2 90
2 63 536
63 2 536
2 46 511
46 2 511
3 5 108
5 3 108
3 24 636
24 3 636
3 44 694
44 3 694
3 47 143
47 3 143
3 20 168
20 3 168
3 71 594
71 3 594
3 20 61
20 3 61
3 46 24
46 3 24
3 53 384
53 3 384
3 21 22
21 3 22
3 27 327
27 3 327
3 72 246
72 3 246
3 17 931
17 3 931
3 20 369
20 3 369
3 47 510
47 3 510
3 71 237
71 3 237
3 42 88
42 3 88
3 74 671
74 3 671
3 67 511
67 3 511
3 6 78
6 3 78
3 35 771
35 3 771
3 54 608
54 3 608
3 66 185
66 3 185
3 36 611
36 3 611
3 21 132
21 3 132
3 30 500
30 3 500
3 19 517
19 3 517
4 9 582
9 4 582
4 19 555
19 4 555
4 55 961
55 4 961
4 65 135
65 4 135
4 16 936
16 4 936
4 74 571
74 4 571
4 20 868
20 4 868
4 4 768
4 4 768
4 46 331
46 4 331
4 23 25
23 4 25
4 73 227
73 4 227
4 17 294
17 4 294
4 15 721
15 4 721
4 47 803
47 4 803
4 73 961
73 4 961
4 59 31
59 4 31
4 11 110
11 4 110
4 68 130
68 4 130
4 14 562
14 4 562
4 7 55
7 4 55
4 41 375
41 4 375
4 9 73
9 4 73
4 68 745
68 4 745
4 48 491
48 4 491
4 41 319
41 4 319
4 12 308
12 4 308
4 66 387
66 4 387
5 6 737
6 5 737
5 32 957
32 5 957
5 58 773
58 5 773
5 13 476
13 5 476
5 55 401
55 5 401
5 7 567
7 5 567
5 11 27
11 5 27
5 8 225
8 5 225
5 26 806
26 5 806
5 24 134
24 5 134
5 25 802
25 5 802
5 11 446
11 5 446
5 31 255
31 5 255
5 68 553
68 5 553
5 61 269
61 5 269
5 13 50
13 5 50
6 12 777
12 6 777
6 13 797
13 6 797
6 22 621
22 6 621
6 47 464
47 6 464
6 72 812
72 6 812
6 16 778
16 6 778
6 20 924
20 6 924
6 27 973
27 6 973
6 35 391
35 6 391
6 73 397
73 6 397
6 9 139
9 6 139
6 66 291
66 6 291
6 7 865
7 6 865
6 68 861
68 6 861
6 71 24
71 6 24
6 11 33
11 6 33
6 43 843
43 6 843
6 65 607
65 6 607
6 74 372
74 6 372
6 52 352
52 6 352
7 10 647
10 7 647
7 43 267
43 7 267
7 48 131
48 7 131
7 22 339
22 7 339
7 34 713
34 7 713
7 61 194
61 7 194
7 64 836
64 7 836
7 22 622
22 7 622
7 52 211
52 7 211
7 21 628
21 7 628
7 47 709
47 7 709
8 10 363
10 8 363
8 15 345
15 8 345
8 20 425
20 8 425
8 21 990
21 8 990
8 28 66
28 8 66
8 13 418
13 8 418
8 75 345
75 8 345
8 17 79
17 8 79
8 60 954
60 8 954
8 63 43
63 8 43
8 53 657
53 8 657
8 20 473
20 8 473
8 72 57
72 8 57
8 73 34
73 8 34
8 45 130
45 8 130
8 60 333
60 8 333
8 50 879
50 8 879
8 14 891
14 8 891
8 45 36
45 8 36
8 42 965
42 8 965
8 74 123
74 8 123
8 62 163
62 8 163
8 53 524
53 8 524
8 69 626
69 8 626
8 66 186
66 8 186
9 69 79
69 9 79
9 24 168
24 9 168
9 25 490
25 9 490
9 36 293
36 9 293
9 35 862
35 9 862
9 61 964
61 9 964
10 27 886
27 10 886
10 28 121
28 10 121
10 40 84
40 10 84
10 54 96
54 10 96
10 49 223
49 10 223
10 39 382
39 10 382
10 23 682
23 10 682
10 59 66
59 10 66
10 11 438
11 10 438
10 32 463
32 10 463
10 22 38
22 10 38
10 19 719
19 10 719
10 60 542
60 10 542
10 42 936
42 10 936
10 31 404
31 10 404
10 31 929
31 10 929
10 19 279
19 10 279
11 56 28
56 11 28
11 42 435
42 11 435
11 71 766
71 11 766
11 14 99
14 11 99
11 70 890
70 11 890
11 13 345
13 11 345
11 50 112
50 11 112
11 65 229
65 11 229
11 71 289
71 11 289
11 25 999
25 11 999
11 25 568
25 11 568
11 71 725
71 11 725
11 38 432
38 11 432
11 67 420
67 11 420
11 30 599
30 11 599
12 16 430
16 12 430
12 41 480
41 12 480
12 18 66
18 12 66
12 62 589
62 12 589
12 17 489
17 12 489
12 65 816
65 12 816
12 49 396
49 12 396
12 59 746
59 12 746
12 64 583
64 12 583
12 62 431
62 12 431
12 45 164
45 12 164
12 54 141
54 12 141
12 17 911
17 12 911
12 14 242
14 12 242
12 12 996
12 12 996
12 48 937
48 12 937
12 37 466
37 12 466
12 57 245
57 12 245
13 31 880
31 13 880
13 31 891
31 13 891
13 19 76
19 13 76
13 36 547
36 13 547
13 50 624
50 13 624
13 69 827
69 13 827
13 15 853
15 13 853
13 45 762
45 13 762
13 66 528
66 13 528
13 15 605
15 13 605
13 35 176
35 13 176
14 33 918
33 14 918
14 39 503
39 14 503
14 54 971
54 14 971
14 70 334
70 14 334
14 36 982
36 14 982
14 16 97
16 14 97
14 51 729
51 14 729
14 21 449
21 14 449
14 35 622
35 14 622
14 30 937
30 14 937
14 36 992
36 14 992
14 43 705
43 14 705
14 18 101
18 14 101
14 26 358
26 14 358
14 68 420
68 14 420
14 17 238
17 14 238
14 65 78
65 14 78
14 28 566
28 14 566
14 21 499
21 14 499
14 40 802
40 14 802
15 30 823
30 15 823
15 47 410
47 15 410
15 26 470
26 15 470
15 26 757
26 15 757
15 55 698
55 15 698
15 65 248
65 15 248
15 56 480
56 15 480
15 71 378
71 15 378
15 60 571
60 15 571
15 52 296
52 15 296
15 34 443
34 15 443
15 52 547
52 15 547
16 17 866
17 16 866
16 48 31
48 16 31
16 18 269
18 16 269
16 63 936
63 16 936
16 48 929
48 16 929
16 37 638
37 16 638
16 52 939
52 16 939
16 16 928
16 16 928
16 30 963
30 16 963
16 38 604
38 16 604
16 58 574
58 16 574
16 42 330
42 16 330
16 19 655
19 16 655
16 21 602
21 16 602
16 64 372
64 16 372
16 29 494
29 16 494
16 41 155
41 16 155
16 44 15
44 16 15
16 71 478
71 16 478
16 27 362
27 16 362
17 64 691
64 17 691
17 67 427
67 17 427
17 72 791
72 17 791
17 51 502
51 17 502
17 20 134
20 17 134
17 47 925
47 17 925
17 46 780
46 17 780
17 41 434
41 17 434
17 47 248
47 17 248
17 31 846
31 17 846
17 67 195
67 17 195
17 72 558
72 17 558
17 65 524
65 17 524
17 18 309
18 17 309
17 20 467
20 17 467
17 70 320
70 17 320
17 74 682
74 17 682
17 72 617
72 17 617
18 24 654
24 18 654
18 56 972
56 18 972
18 73 459
73 18 459
18 41 605
41 18 605
18 46 690
46 18 690
18 32 401
32 18 401
18 60 10
60 18 10
19 25 419
25 19 419
19 38 102
38 19 102
19 27 547
27 19 547
19 70 654
70 19 654
19 40 328
40 19 328
19 41 160
41 19 160
19 63 991
63 19 991
19 64 723
64 19 723
19 68 558
68 19 558
19 39 948
39 19 948
20 32 428
32 20 428
20 53 491
53 20 491
20 69 171
69 20 171
20 39 117
39 20 117
20 36 557
36 20 557
20 28 64
28 20 64
20 47 531
47 20 531
20 67 676
67 20 676
20 56 507
56 20 507
20 44 978
44 20 978
20 44 257
44 20 257
20 33 358
33 20 358
20 73 297
73 20 297
21 61 598
61 21 598
21 47 500
47 21 500
21 51 469
51 21 469
21 30 616
30 21 616
21 65 838
65 21 838
21 56 428
56 21 428
21 47 954
47 21 954
21 24 108
24 21 108
21 29 32
29 21 32
21 38 529
38 21 529
21 46 677
46 21 677
21 24 851
24 21 851
21 53 570
53 21 570
21 40 701
40 21 701
21 28 717
28 21 717
22 31 785
31 22 785
22 43 791
43 22 791
22 71 924
71 22 924
22 48 153
48 22 153
22 53 371
53 22 371
22 73 620
73 22 620
22 72 189
72 22 189
22 58 859
58 22 859
22 68 757
68 22 757
22 41 970
41 22 970
22 30 16
30 22 16
23 51 929
51 23 929
23 41 476
41 23 476
23 50 339
50 23 339
23 74 764
74 23 764
23 54 75
54 23 75
23 44 931
44 23 931
23 41 830
41 23 830
23 27 985
27 23 985
23 46 378
46 23 378
23 57 42
57 23 42
23 26 918
26 23 918
23 54 581
54 23 581
23 53 324
53 23 324
24 26 869
26 24 869
24 29 777
29 24 777
24 61 544
61 24 544
24 37 695
37 24 695
24 29 268
29 24 268
24 45 444
45 24 444
24 60 737
60 24 737
24 54 548
54 24 548
24 60 336
60 24 336
24 74 4
74 24 4
24 30 214
30 24 214
24 63 712
63 24 712
24 75 658
75 24 658
24 46 410
46 24 410
24 70 799
70 24 799
24 44 520
44 24 520
25 37 327
37 25 327
25 34 100
34 25 100
25 55 157
55 25 157
25 29 732
29 25 732
25 60 509
60 25 509
25 37 539
37 25 539
25 25 816
25 25 816
25 51 43
51 25 43
25 26 338
26 25 338
26 45 936
45 26 936
26 49 257
49 26 257
26 66 925
66 26 925
26 72 740
72 26 740
26 28 354
28 26 354
26 58 283
58 26 283
26 35 67
35 26 67
26 51 942
51 26 942
26 53 997
53 26 997
26 60 525
60 26 525
26 59 951
59 26 951
26 39 475
39 26 475
26 38 182
38 26 182
26 61 346
61 26 346
26 71 938
71 26 938
26 60 659
60 26 659
26 47 670
47 26 670
26 56 192
56 26 192
27 29 416
29 27 416
27 50 424
50 27 424
27 28 391
28 27 391
27 48 688
48 27 688
27 62 375
62 27 375
27 35 281
35 27 281
27 48 479
48 27 479
27 49 806
49 27 806
27 32 85
32 27 85
27 53 940
53 27 940
27 55 121
55 27 121
27 48 365
48 27 365
27 54 376
54 27 376
27 41 507
41 27 507
28 63 525
63 28 525
28 29 939
29 28 939
28 48 987
48 28 987
28 59 330
59 28 330
28 71 180
71 28 180
28 31 955
31 28 955
28 56 249
56 28 249
28 45 444
45 28 444
28 62 409
62 28 409
28 72 417
72 28 417
28 63 203
63 28 203
29 35 127
35 29 127
29 56 550
56 29 550
29 59 857
59 29 857
29 59 138
59 29 138
29 36 730
36 29 730
29 68 292
68 29 292
29 31 596
31 29 596
29 75 255
75 29 255
29 70 842
70 29 842
29 35 625
35 29 625
29 71 224
71 29 224
29 75 375
75 29 375
29 30 812
30 29 812
29 46 366
46 29 366
30 43 689
43 30 689
30 37 744
37 30 744
30 38 322
38 30 322
30 74 411
74 30 411
30 68 834
68 30 834
30 43 729
43 30 729
30 36 882
36 30 882
30 61 663
61 30 663
31 41 993
41 31 993
31 43 228
43 31 228
31 36 755
36 31 755
31 49 404
49 31 404
31 36 623
36 31 623
31 42 762
42 31 762
31 72 245
72 31 245
31 43 834
43 31 834
31 74 440
74 31 440
31 56 529
56 31 529
32 42 981
42 32 981
32 60 642
60 32 642
32 67 564
67 32 564
32 53 220
53 32 220
32 75 778
75 32 778
32 60 110
60 32 110
32 43 733
43 32 733
32 40 913
40 32 913
32 42 420
42 32 420
32 62 728
62 32 728
32 55 883
55 32 883
32 33 237
33 32 237
32 59 996
59 32 996
32 35 537
35 32 537
32 38 263
38 32 263
32 65 758
65 32 758
32 69 29
69 32 29
33 59 589
59 33 589
33 60 472
60 33 472
33 67 197
67 33 197
33 62 138
62 33 138
33 72 462
72 33 462
33 73 131
73 33 131
33 67 504
67 33 504
33 34 203
34 33 203
33 53 757
53 33 757
33 56 788
56 33 788
33 45 306
45 33 306
33 47 353
47 33 353
33 49 952
49 33 952
33 72 378
72 33 378
33 68 260
68 33 260
34 36 394
36 34 394
34 46 799
46 34 799
34 53 692
53 34 692
34 39 849
39 34 849
34 36 264
36 34 264
34 59 234
59 34 234
34 45 413
45 34 413
35 73 171
73 35 171
35 43 403
43 35 403
35 56 252
56 35 252
35 75 831
75 35 831
35 75 236
75 35 236
35 45 966
45 35 966
35 71 299
71 35 299
36 66 34
66 36 34
36 38 563
38 36 563
36 45 467
45 36 467
36 39 768
39 36 768
36 65 278
65 36 278
36 38 925
38 36 925
36 67 735
67 36 735
37 57 832
57 37 832
37 50 972
50 37 972
37 69 116
69 37 116
37 67 840
67 37 840
37 64 458
64 37 458
37 73 781
73 37 781
37 52 606
52 37 606
37 71 955
71 37 955
38 65 563
65 38 563
38 44 797
44 38 797
38 55 776
55 38 776
38 69 298
69 38 298
39 47 4
47 39 4
39 57 956
57 39 956
39 72 693
72 39 693
39 52 879
52 39 879
39 69 157
69 39 157
39 66 257
66 39 257
39 45 405
45 39 405
39 55 315
55 39 315
39 50 964
50 39 964
39 43 710
43 39 710
39 52 853
52 39 853
39 42 579
42 39 579
40 73 467
73 40 467
40 68 942
68 40 942
40 65 344
65 40 344
40 63 868
63 40 868
40 69 495
69 40 495
40 75 14
75 40 14
40 61 696
61 40 696
41 63 352
63 41 352
41 50 737
50 41 737
41 61 922
61 41 922
41 49 441
49 41 441
41 55 32
55 41 32
41 45 754
45 41 754
41 63 926
63 41 926
41 74 688
74 41 688
41 46 716
46 41 716
41 65 211
65 41 211
42 49 817
49 42 817
42 57 711
57 42 711
42 54 370
54 42 370
42 66 65
66 42 65
42 62 84
62 42 84
43 53 570
53 43 570
43 74 271
74 43 271
43 61 460
61 43 460
43 52 347
52 43 347
43 53 718
53 43 718
43 73 870
73 43 870
43 54 393
54 43 393
43 56 82
56 43 82
43 52 579
52 43 579
44 62 982
62 44 982
44 57 353
57 44 353
44 47 161
47 44 161
44 54 816
54 44 816
44 55 81
55 44 81
44 63 567
63 44 567
44 68 756
68 44 756
45 55 923
55 45 923
45 59 592
59 45 592
45 46 936
46 45 936
45 65 775
65 45 775
45 73 845
73 45 845
45 50 937
50 45 937
46 60 223
60 46 223
46 62 629
62 46 629
46 49 48
49 46 48
46 69 624
69 46 624
46 47 375
47 46 375
46 61 238
61 46 238
47 52 776
52 47 776
47 67 194
67 47 194
47 68 465
68 47 465
48 69 253
69 48 253
48 54 809
54 48 809
48 63 840
63 48 840
48 63 541
63 48 541
48 51 751
51 48 751
48 66 765
66 48 765
48 66 427
66 48 427
48 75 616
75 48 616
48 71 987
71 48 987
48 51 593
51 48 593
49 52 28
52 49 28
49 55 357
55 49 357
49 58 993
58 49 993
49 74 19
74 49 19
49 71 968
71 49 968
49 63 379
63 49 379
49 65 668
65 49 668
49 70 603
70 49 603
49 74 201
74 49 201
49 74 955
74 49 955
50 64 745
64 50 745
50 73 17
73 50 17
50 59 399
59 50 399
50 50 572
50 50 572
51 75 429
75 51 429
51 66 883
66 51 883
51 66 906
66 51 906
51 53 400
53 51 400
51 75 491
75 51 491
52 62 765
62 52 765
52 74 606
74 52 606
52 71 114
71 52 114
52 73 777
73 52 777
52 65 251
65 52 251
52 73 889
73 52 889
52 64 789
64 52 789
52 63 369
63 52 369
52 69 689
69 52 689
53 60 184
60 53 184
53 58 513
58 53 513
53 70 402
70 53 402
53 59 360
59 53 360
54 55 912
55 54 912
54 59 412
59 54 412
54 62 535
62 54 535
54 65 784
65 54 784
54 70 514
70 54 514
54 67 53
67 54 53
54 75 251
75 54 251
54 56 763
56 54 763
55 71 851
71 55 851
55 72 103
72 55 103
55 70 570
70 55 570
55 74 397
74 55 397
55 66 117
66 55 117
55 68 593
68 55 593
55 56 763
56 55 763
55 71 451
71 55 451
55 60 835
60 55 835
55 57 413
57 55 413
56 58 110
58 56 110
56 62 752
62 56 752
56 73 508
73 56 508
56 71 674
71 56 674
56 67 187
67 56 187
56 59 996
59 56 996
56 67 372
67 56 372
57 63 425
63 57 425
58 69 720
69 58 720
58 65 238
65 58 238
58 72 739
72 58 739
59 66 356
66 59 356
59 59 889
59 59 889
59 70 857
70 59 857
59 60 22
60 59 22
60 68 718
68 60 718
60 72 580
72 60 580
60 66 812
66 60 812
60 62 691
62 60 691
60 62 613
62 60 613
61 65 460
65 61 460
61 67 607
67 61 607
61 66 728
66 61 728
61 66 393
66 61 393
61 64 430
64 61 430
62 67 612
67 62 612
62 64 677
64 62 677
63 67 47
67 63 47
63 73 717
73 63 717
64 64 291
64 64 291
66 75 66
75 66 66
66 71 566
71 66 566
68 72 605
72 68 605
68 71 267
71 68 267
70 72 592
72 70 592
71 71 998
71 71 998
72 74 401
74 72 401
74 75 595
75 74 595
