57

0 1 659
1 0 659
0 2 148
2 0 148
0 5 886
5 0 886
0 33 485
33 0 485
0 45 36
45 0 36
0 20 712
20 0 712
0 38 258
38 0 258
0 26 662
26 0 662
0 21 446
21 0 446
0 31 12
31 0 12
0 4 27
4 0 27
0 42 666
42 0 666
0 36 36
36 0 36
0 39 215
39 0 215
0 39 665
39 0 665
0 7 504
7 0 504
0 36 605
36 0 605
0 56 429
56 0 429
0 44 370
44 0 370
0 3 238
3 0 238
0 50 35
50 0 35
0 27 332
27 0 332
0 20 700
20 0 700
0 53 272
53 0 272
0 25 816
25 0 816
1 3 979
3 1 979
1 7 727
7 1 727
1 13 823
13 1 823
1 22 372
22 1 372
1 21 51
21 1 51
1 29 615
29 1 615
1 45 759
45 1 759
1 43 309
43 1 309
1 30 392
30 1 392
1 26 331
26 1 331
1 12 612
12 1 612
2 4 400
4 2 400
2 6 641
6 2 641
2 21 348
21 2 348
2 24 961
24 2 961
2 39 642
39 2 642
2 50 624
50 2 624
2 34 947
34 2 947
2 10 863
10 2 863
2 20 450
20 2 450
2 35 55
35 2 55
2 53 724
53 2 724
2 49 265
49 2 265
2 9 986
9 2 986
3 16 187
16 3 187
3 17 10
17 3 10
3 45 609
45 3 609
3 8 198
8 3 198
3 12 806
12 3 806
3 45 933
45 3 933
3 56 229
56 3 229
3 14 454
14 3 454
3 31 463
31 3 463
3 39 251
39 3 251
3 55 461
55 3 461
4 9 137
9 4 137
4 23 497
23 4 497
4 26 241
26 4 241
4 51 383
51 4 383
4 51 935
51 4 935
4 53 815
53 4 815
4 45 650
45 4 650
4 14 115
14 4 115
4 21 671
21 4 671
4 47 83
47 4 83
4 29 365
29 4 365
4 13 451
13 4 451
4 53 332
53 4 332
4 53 550
53 4 550
4 43 766
43 4 766
4 24 82
24 4 82
5 12 910
12 5 910
5 31 575
31 5 575
5 16 801
16 5 801
5 31 308
31 5 308
5 47 617
47 5 617
5 39 297
39 5 297
5 52 631
52 5 631
5 6 374
6 5 374
5 27 421
27 5 421
6 8 316
8 6 316
6 10 337
10 6 337
6 44 714
44 6 714
6 49 7
49 6 7
6 55 705
55 6 705
6 7 261
7 6 261
6 33 712
33 6 712
6 42 471
42 6 471
6 51 658
51 6 658
6 32 163
32 6 163
6 50 982
50 6 982
6 41 882
41 6 882
6 26 349
26 6 349
6 43 131
43 6 131
6 18 197
18 6 197
6 26 76
26 6 76
6 54 374
54 6 374
6 34 888
34 6 888
6 18 492
18 6 492
6 17 32
17 6 32
6 39 468
39 6 468
7 12 978
12 7 978
7 12 11
12 7 11
7 56 249
56 7 249
7 50 775
50 7 775
7 47 561
47 7 561
7 48 306
48 7 306
7 45 88
45 7 88
7 54 29
54 7 29
7 31 115
31 7 115
7 17 658
17 7 658
7 27 696
27 7 696
7 53 634
53 7 634
7 17 656
17 7 656
7 29 678
29 7 678
7 12 485
12 7 485
7 47 248
47 7 248
7 45 635
45 7 635
7 17 273
17 7 273
7 35 883
35 7 883
7 40 200
40 7 200
8 14 741
14 8 741
8 33 618
33 8 618
8 31 630
31 8 630
8 39 736
39 8 736
8 40 930
40 8 930
8 45 418
45 8 418
8 33 543
33 8 543
8 10 308
10 8 308
8 40 43
40 8 43
8 43 318
43 8 318
8 8 555
8 8 555
8 14 825
14 8 825
8 52 679
52 8 679
8 12 150
12 8 150
9 44 698
44 9 698
9 35 37
35 9 37
9 17 409
17 9 409
9 30 901
30 9 901
9 55 963
55 9 963
9 22 795
22 9 795
9 22 650
22 9 650
9 51 454
51 9 454
9 12 931
12 9 931
10 11 551
11 10 551
10 19 410
19 10 410
10 20 500
20 10 500
10 29 975
29 10 975
10 19 79
19 10 79
10 38 564
38 10 564
10 11 580
11 10 580
10 25 290
25 10 290
10 16 648
16 10 648
10 21 954
21 10 954
10 26 949
26 10 949
10 51 146
51 10 146
10 23 439
23 10 439
10 31 958
31 10 958
10 55 310
55 10 310
10 25 161
25 10 161
11 17 686
17 11 686
11 18 804
18 11 804
11 55 699
55 11 699
11 27 898
27 11 898
11 21 178
21 11 178
11 31 24
31 11 24
11 46 29
46 11 29
11 49 770
49 11 770
11 50 227
50 11 227
12 25 696
25 12 696
12 47 264
47 12 264
12 28 742
28 12 742
12 37 313
37 12 313
12 48 248
48 12 248
12 16 985
16 12 985
12 26 926
26 12 926
12 51 472
51 12 472
13 15 84
15 13 84
13 25 163
25 13 163
13 53 961
53 13 961
13 16 11
16 13 11
13 32 583
32 13 583
13 37 44
37 13 44
13 20 274
20 13 274
13 39 52
39 13 52
13 34 532
34 13 532
14 38 14
38 14 14
14 53 295
53 14 295
14 18 994
18 14 994
14 37 611
37 14 611
14 20 58
20 14 58
14 24 969
24 14 969
14 24 296
24 14 296
14 16 984
16 14 984
14 41 940
41 14 940
15 32 424
32 15 424
15 27 811
27 15 811
15 37 256
37 15 256
15 27 582
27 15 582
15 36 833
36 15 833
15 40 680
40 15 680
15 16 347
16 15 347
15 29 247
29 15 247
15 54 669
54 15 669
16 43 341
43 16 341
16 29 781
29 16 781
16 19 834
19 16 834
16 40 313
40 16 313
16 22 587
22 16 587
16 34 931
34 16 931
16 43 238
43 16 238
16 51 946
51 16 946
17 48 175
48 17 175
17 22 845
22 17 845
17 48 35
48 17 35
17 50 573
50 17 573
17 29 71
29 17 71
17 34 17
34 17 17
17 49 173
49 17 173
18 28 682
28 18 682
18 40 474
40 18 474
18 47 52
47 18 52
18 21 848
21 18 848
18 54 499
54 18 499
18 50 287
50 18 287
18 47 404
47 18 404
18 27 774
27 18 774
18 48 318
48 18 318
18 19 49
19 18 49
18 28 38
28 18 38
19 34 551
34 19 551
19 28 66
28 19 66
19 37 452
37 19 452
19 51 528
51 19 528
19 37 745
37 19 745
19 51 860
51 19 860
19 52 704
52 19 704
19 54 407
54 19 407
20 42 926
42 20 926
20 41 597
41 20 597
20 55 268
55 20 268
20 27 511
27 20 511
20 36 189
36 20 189
20 50 64
50 20 64
20 48 633
48 20 633
20 56 386
56 20 386
20 24 283
24 20 283
20 29 917
29 20 917
20 47 547
47 20 547
20 51 882
51 20 882
20 45 516
45 20 516
20 23 670
23 20 670
20 33 964
33 20 964
20 27 881
27 20 881
21 30 32
30 21 32
21 50 239
50 21 239
21 33 602
33 21 602
21 54 411
54 21 411
21 45 956
45 21 956
21 26 790
26 21 790
21 26 623
26 21 623
21 29 789
29 21 789
21 54 324
54 21 324
21 44 501
44 21 501
21 22 623
22 21 623
21 50 26
50 21 26
22 42 969
42 22 969
22 31 918
31 22 918
22 48 870
48 22 870
22 27 61
27 22 61
22 41 16
41 22 16
22 38 169
38 22 169
22 38 695
38 22 695
23 24 878
24 23 878
23 39 23
39 23 23
23 34 383
34 23 383
23 29 861
29 23 861
24 53 234
53 24 234
24 52 329
52 24 329
24 37 655
37 24 655
24 40 633
40 24 633
24 49 25
49 24 25
24 30 191
30 24 191
24 52 966
52 24 966
25 29 979
29 25 979
25 25 597
25 25 597
25 38 218
38 25 218
25 30 799
30 25 799
25 38 915
38 25 915
25 48 929
48 25 929
26 27 913
27 26 913
26 29 585
29 26 585
26 55 20
55 26 20
26 52 863
52 26 863
26 38 430
38 26 430
26 33 45
33 26 45
26 38 192
38 26 192
26 56 931
56 26 931
26 26 223
26 26 223
27 52 7
52 27 7
27 51 34
51 27 34
27 52 511
52 27 511
27 49 234
49 27 234
28 35 671
35 28 671
28 36 886
36 28 886
28 47 702
47 28 702
28 47 987
47 28 987
28 53 368
53 28 368
28 47 128
47 28 128
28 33 801
33 28 801
28 49 988
49 28 988
28 50 274
50 28 274
28 48 835
48 28 835
29 39 23
39 29 23
29 41 907
41 29 907
29 33 297
33 29 297
29 47 42
47 29 42
29 43 753
43 29 753
29 36 229
36 29 229
30 55 872
55 30 872
30 32 446
32 30 446
30 30 921
30 30 921
30 35 432
35 30 432
30 54 663
54 30 663
30 45 174
45 30 174
30 51 421
51 30 421
30 39 106
39 30 106
31 49 822
49 31 822
31 35 145
35 31 145
31 56 127
56 31 127
31 41 11
41 31 11
31 53 882
53 31 882
31 36 299
36 31 299
32 36 364
36 32 364
32 37 820
37 32 820
32 35 992
35 32 992
32 51 834
51 32 834
32 44 919
44 32 919
32 39 864
39 32 864
32 47 729
47 32 729
33 47 652
47 33 652
33 47 509
47 33 509
33 56 175
56 33 175
33 35 875
35 33 875
34 39 647
39 34 647
34 55 569
55 34 569
35 50 172
50 35 172
35 35 458
35 35 458
36 39 727
39 36 727
36 46 828
46 36 828
36 56 102
56 36 102
36 43 393
43 36 393
36 40 155
40 36 155
36 48 660
48 36 660
36 42 348
42 36 348
36 37 917
37 36 917
37 46 795
46 37 795
37 48 42
48 37 42
37 44 795
44 37 795
37 37 97
37 37 97
37 51 74
51 37 74
37 43 239
43 37 239
38 40 820
40 38 820
38 49 654
49 38 654
38 44 605
44 38 605
38 42 727
42 38 727
39 49 201
49 39 201
39 45 249
45 39 249
39 49 316
49 39 316
39 46 635
46 39 635
39 46 998
46 39 998
39 41 171
41 39 171
40 42 627
42 40 627
40 53 294
53 40 294
40 50 972
50 40 972
41 54 366
54 41 366
42 51 711
51 42 711
42 50 5
50 42 5
42 55 309
55 42 309
42 48 194
48 42 194
43 44 176
44 43 176
43 51 723
51 43 723
43 51 741
51 43 741
43 54 147
54 43 147
43 55 673
55 43 673
45 46 613
46 45 613
45 54 479
54 45 479
46 54 853
54 46 853
46 46 675
46 46 675
46 55 356
55 46 356
47 50 413
50 47 413
47 55 318
55 47 318
47 49 918
49 47 918
48 56 507
56 48 507
48 53 121
53 48 121
49 51 860
51 49 860
49 51 756
51 49 756
49 56 321
56 49 321
50 56 511
56 50 511
50 56 642
56 50 642
51 52 896
52 51 896
51 56 977
56 51 977
51 54 276
54 51 276
52 56 661
56 52 661
52 54 907
54 52 907
54 55 765
55 54 765
54 54 799
54 54 799
54 54 636
54 54 636
54 55 754
55 54 754
