77

0 1 899
1 0 899
0 47 567
47 0 567
0 29 611
29 0 611
0 76 767
76 0 767
0 24 320
24 0 320
0 65 594
65 0 594
0 1 693
1 0 693
0 43 513
43 0 513
0 72 824
72 0 824
0 27 49
27 0 49
0 1 462
1 0 462
0 34 943
34 0 943
0 65 50
65 0 50
0 67 431
67 0 431
0 52 43
52 0 43
1 2 418
2 1 418
1 52 409
52 1 409
1 65 731
65 1 731
1 36 61
36 1 61
1 69 721
69 1 721
1 32 919
32 1 919
1 15 187
15 1 187
1 14 71
14 1 71
1 33 714
33 1 714
1 43 232
43 1 232
1 43 183
43 1 183
1 76 373
76 1 373
2 3 942
3 2 942
2 5 869
5 2 869
2 6 261
6 2 261
2 9 809
9 2 809
2 14 782
14 2 782
2 21 659
21 2 659
2 45 528
45 2 528
2 51 486
51 2 486
2 10 154
10 2 154
2 68 879
68 2 879
2 29 455
29 2 455
2 21 131
21 2 131
2 24 660
24 2 660
2 21 271
21 2 271
2 62 133
62 2 133
2 73 964
73 2 964
2 34 844
34 2 844
2 41 227
41 2 227
2 30 252
30 2 252
2 38 158
38 2 158
2 57 488
57 2 488
2 5 936
5 2 936
2 48 702
48 2 702
2 58 385
58 2 385
2 28 215
28 2 215
2 20 33
20 2 33
2 55 750
55 2 750
3 4 955
4 3 955
3 12 653
12 3 653
3 13 345
13 3 345
3 18 544
18 3 544
3 20 575
20 3 575
3 27 374
27 3 374
3 63 22
63 3 22
3 66 908
66 3 908
3 69 802
69 3 802
3 67 665
67 3 665
3 31 277
31 3 277
3 64 524
64 3 524
3 46 201
46 3 201
3 25 693
25 3 693
3 21 382
21 3 382
3 45 19
45 3 19
3 52 935
52 3 935
3 69 149
69 3 149
3 59 762
59 3 762
4 7 578
7 4 578
4 31 9
31 4 9
4 52 650
52 4 650
4 8 347
8 4 347
4 34 273
34 4 273
4 72 139
72 4 139
4 42 805
42 4 805
4 18 229
18 4 229
4 70 646
70 4 646
4 59 402
59 4 402
4 7 572
7 4 572
5 43 957
43 5 957
5 25 328
25 5 328
5 60 839
60 5 839
5 19 886
19 5 886
5 41 810
41 5 810
5 18 572
18 5 572
5 8 491
8 5 491
5 45 947
45 5 947
5 65 843
65 5 843
5 48 475
48 5 475
5 23 925
23 5 925
5 42 33
42 5 33
5 25 598
25 5 598
5 59 598
59 5 598
6 10 775
10 6 775
6 19 955
19 6 955
6 39 818
39 6 818
6 69 342
69 6 342
6 66 953
66 6 953
6 25 629
25 6 629
6 25 414
25 6 414
6 39 3
39 6 3
6 74 36
74 6 36
6 55 544
55 6 544
6 20 912
20 6 912
6 7 97
7 6 97
6 37 53
37 6 53
7 8 564
8 7 564
7 11 659
11 7 659
7 35 236
35 7 236
7 63 477
63 7 477
7 63 39
63 7 39
7 20 311
20 7 311
7 54 851
54 7 851
7 68 545
68 7 545
7 35 463
35 7 463
7 17 13
17 7 13
7 10 258
10 7 258
7 14 379
14 7 379
7 53 468
53 7 468
7 73 665
73 7 665
7 36 486
36 7 486
7 48 825
48 7 825
7 68 748
68 7 748
7 59 622
59 7 622
8 37 18
37 8 18
8 43 955
43 8 955
8 10 406
10 8 406
8 61 57
61 8 57
8 17 534
17 8 534
8 45 617
45 8 617
8 43 218
43 8 218
8 56 750
56 8 750
8 11 141
11 8 141
8 31 625
31 8 625
9 15 257
15 9 257
9 72 23
72 9 23
9 29 836
29 9 836
9 30 393
30 9 393
9 72 147
72 9 147
9 47 887
47 9 887
9 11 132
11 9 132
9 35 561
35 9 561
9 33 272
33 9 272
9 66 590
66 9 590
9 14 969
14 9 969
9 40 453
40 9 453
9 13 174
13 9 174
9 30 768
30 9 768
9 67 659
67 9 659
9 10 367
10 9 367
9 18 363
18 9 363
9 55 339
55 9 339
10 17 993
17 10 993
10 33 417
33 10 417
10 32 721
32 10 721
10 32 546
32 10 546
10 57 122
57 10 122
10 62 651
62 10 651
10 29 724
29 10 724
10 39 7
39 10 7
10 12 908
12 10 908
10 47 772
47 10 772
10 25 455
25 10 455
10 38 784
38 10 784
10 26 249
26 10 249
10 66 686
66 10 686
10 13 676
13 10 676
10 10 952
10 10 952
11 22 148
22 11 148
11 30 770
30 11 770
11 37 256
37 11 256
11 23 12
23 11 12
11 68 923
68 11 923
11 61 582
61 11 582
11 58 6
58 11 6
11 50 290
50 11 290
11 25 745
25 11 745
11 52 20
52 11 20
11 23 989
23 11 989
11 49 283
49 11 283
11 29 4
29 11 4
11 75 190
75 11 190
11 48 191
48 11 191
11 44 579
44 11 579
11 75 711
75 11 711
11 37 721
37 11 721
11 68 488
68 11 488
11 11 423
11 11 423
11 33 401
33 11 401
12 32 688
32 12 688
12 42 267
42 12 267
12 43 33
43 12 33
12 62 176
62 12 176
12 75 817
75 12 817
12 30 400
30 12 400
12 39 560
39 12 560
12 49 430
49 12 430
12 56 646
56 12 646
12 28 781
28 12 781
12 49 491
49 12 491
12 61 113
61 12 113
12 36 262
36 12 262
12 54 398
54 12 398
12 59 976
59 12 976
12 67 684
67 12 684
12 14 758
14 12 758
12 71 715
71 12 715
12 40 915
40 12 915
12 49 616
49 12 616
13 58 322
58 13 322
13 68 416
68 13 416
13 58 924
58 13 924
13 44 903
44 13 903
13 40 820
40 13 820
13 39 222
39 13 222
13 15 522
15 13 522
13 43 948
43 13 948
13 62 12
62 13 12
13 69 466
69 13 466
13 47 817
47 13 817
13 15 22
15 13 22
13 18 812
18 13 812
13 40 965
40 13 965
14 34 627
34 14 627
14 66 125
66 14 125
14 64 159
64 14 159
14 17 159
17 14 159
14 68 14
68 14 14
14 71 538
71 14 538
14 61 544
61 14 544
14 68 782
68 14 782
14 52 348
52 14 348
14 51 526
51 14 526
14 76 132
76 14 132
14 41 270
41 14 270
14 66 978
66 14 978
14 48 500
48 14 500
14 73 9
73 14 9
15 16 457
16 15 457
15 28 278
28 15 278
15 37 660
37 15 660
15 53 410
53 15 410
15 57 797
57 15 797
15 53 810
53 15 810
15 18 517
18 15 517
15 56 59
56 15 59
15 22 783
22 15 783
15 44 279
44 15 279
15 27 752
27 15 752
15 63 769
63 15 769
15 54 865
54 15 865
15 56 439
56 15 439
16 24 790
24 16 790
16 25 492
25 16 492
16 40 516
40 16 516
16 41 795
41 16 795
16 72 962
72 16 962
16 73 810
73 16 810
16 76 496
76 16 496
16 23 638
23 16 638
16 54 779
54 16 779
16 23 791
23 16 791
16 20 980
20 16 980
16 24 748
24 16 748
16 44 475
44 16 475
16 62 680
62 16 680
16 33 376
33 16 376
16 52 573
52 16 573
17 26 237
26 17 237
17 70 403
70 17 403
17 30 635
30 17 635
17 64 613
64 17 613
17 72 101
72 17 101
17 31 439
31 17 439
17 62 364
62 17 364
17 67 184
67 17 184
17 54 162
54 17 162
17 19 154
19 17 154
18 64 478
64 18 478
18 65 298
65 18 298
18 56 565
56 18 565
18 55 368
55 18 368
18 70 698
70 18 698
18 35 378
35 18 378
18 52 404
52 18 404
19 54 466
54 19 466
19 24 505
24 19 505
19 26 172
26 19 172
19 73 554
73 19 554
19 39 576
39 19 576
19 37 460
37 19 460
19 69 908
69 19 908
19 66 272
66 19 272
19 46 207
46 19 207
19 68 868
68 19 868
19 64 197
64 19 197
19 63 683
63 19 683
20 57 474
57 20 474
20 59 265
59 20 265
20 37 496
37 20 496
20 64 367
64 20 367
20 28 294
28 20 294
20 59 896
59 20 896
20 37 213
37 20 213
20 41 696
41 20 696
20 60 136
60 20 136
20 53 536
53 20 536
20 21 147
21 20 147
20 42 932
42 20 932
20 59 262
59 20 262
21 75 186
75 21 186
21 58 802
58 21 802
21 46 890
46 21 890
21 53 719
53 21 719
21 63 363
63 21 363
21 65 364
65 21 364
21 36 591
36 21 591
21 62 743
62 21 743
21 40 908
40 21 908
21 48 812
48 21 812
21 39 810
39 21 810
21 25 618
25 21 618
22 23 1000
23 22 1000
22 29 165
29 22 165
22 56 886
56 22 886
22 32 644
32 22 644
22 26 174
26 22 174
22 32 991
32 22 991
23 44 936
44 23 936
23 28 659
28 23 659
23 37 520
37 23 520
23 60 82
60 23 82
23 48 289
48 23 289
23 28 750
28 23 750
23 42 649
42 23 649
24 38 164
38 24 164
24 46 747
46 24 747
24 48 267
48 24 267
24 68 439
68 24 439
24 43 162
43 24 162
24 33 808
33 24 808
24 37 982
37 24 982
24 27 494
27 24 494
24 36 588
36 24 588
24 65 378
65 24 378
24 27 804
27 24 804
24 28 43
28 24 43
24 26 353
26 24 353
24 33 610
33 24 610
25 41 446
41 25 446
25 64 796
64 25 796
25 29 529
29 25 529
25 29 154
29 25 154
25 51 303
51 25 303
25 36 186
36 25 186
25 42 105
42 25 105
25 74 827
74 25 827
25 49 67
49 25 67
25 32 824
32 25 824
25 75 368
75 25 368
26 61 824
61 26 824
26 67 934
67 26 934
26 74 265
74 26 265
26 71 540
71 26 540
26 34 138
34 26 138
26 46 444
46 26 444
26 68 317
68 26 317
27 41 196
41 27 196
27 46 973
46 27 973
27 40 544
40 27 544
27 63 394
63 27 394
27 72 871
72 27 871
27 60 473
60 27 473
27 39 229
39 27 229
27 34 832
34 27 832
27 58 54
58 27 54
28 50 160
50 28 160
28 59 829
59 28 829
28 69 467
69 28 467
28 70 759
70 28 759
28 75 619
75 28 619
28 49 481
49 28 481
28 43 15
43 28 15
28 30 967
30 28 967
28 65 975
65 28 975
28 30 301
30 28 301
28 67 133
67 28 133
29 71 276
71 29 276
29 65 234
65 29 234
29 55 86
55 29 86
29 74 715
74 29 715
29 58 783
58 29 783
29 37 539
37 29 539
29 36 748
36 29 748
29 67 596
67 29 596
29 59 75
59 29 75
29 54 894
54 29 894
29 50 478
50 29 478
29 41 708
41 29 708
30 38 220
38 30 220
30 71 789
71 30 789
30 59 724
59 30 724
30 47 480
47 30 480
30 61 526
61 30 526
30 66 14
66 30 14
30 52 952
52 30 952
30 49 474
49 30 474
30 63 533
63 30 533
30 57 382
57 30 382
30 72 975
72 30 975
30 74 774
74 30 774
30 36 670
36 30 670
31 33 373
33 31 373
31 36 359
36 31 359
31 72 193
72 31 193
31 52 294
52 31 294
31 43 23
43 31 23
31 44 551
44 31 551
31 50 69
50 31 69
31 69 136
69 31 136
31 50 988
50 31 988
31 36 663
36 31 663
31 45 287
45 31 287
31 43 260
43 31 260
31 57 185
57 31 185
31 73 975
73 31 975
31 35 527
35 31 527
31 43 124
43 31 124
31 60 103
60 31 103
31 43 985
43 31 985
32 53 929
53 32 929
32 51 15
51 32 15
32 39 195
39 32 195
32 40 579
40 32 579
32 74 7
74 32 7
32 44 176
44 32 176
33 62 242
62 33 242
33 50 598
50 33 598
33 63 851
63 33 851
33 38 539
38 33 539
34 64 221
64 34 221
34 64 184
64 34 184
34 69 439
69 34 439
34 40 463
40 34 463
34 70 296
70 34 296
34 51 481
51 34 481
34 60 812
60 34 812
34 75 545
75 34 545
34 64 519
64 34 519
34 61 617
61 34 617
35 60 576
60 35 576
35 53 441
53 35 441
35 43 787
43 35 787
35 41 238
41 35 238
36 56 762
56 36 762
36 66 587
66 36 587
36 72 329
72 36 329
36 69 741
69 36 741
36 65 449
65 36 449
36 63 550
63 36 550
37 54 167
54 37 167
37 47 623
47 37 623
37 64 902
64 37 902
37 50 323
50 37 323
37 75 35
75 37 35
37 63 830
63 37 830
37 63 192
63 37 192
37 47 393
47 37 393
37 66 107
66 37 107
38 39 532
39 38 532
38 45 643
45 38 643
38 72 53
72 38 53
38 70 921
70 38 921
38 50 548
50 38 548
38 54 874
54 38 874
38 45 64
45 38 64
38 63 784
63 38 784
39 71 244
71 39 244
39 66 334
66 39 334
39 43 108
43 39 108
39 51 301
51 39 301
39 51 998
51 39 998
39 68 679
68 39 679
39 51 710
51 39 710
39 69 903
69 39 903
39 48 30
48 39 30
39 55 531
55 39 531
39 55 581
55 39 581
39 57 991
57 39 991
39 59 566
59 39 566
40 41 187
41 40 187
40 60 745
60 40 745
40 68 172
68 40 172
40 50 403
50 40 403
40 76 121
76 40 121
40 53 113
53 40 113
40 66 375
66 40 375
41 45 74
45 41 74
41 63 181
63 41 181
41 65 822
65 41 822
41 75 553
75 41 553
41 62 334
62 41 334
41 54 591
54 41 591
41 54 608
54 41 608
41 65 305
65 41 305
41 56 842
56 41 842
41 70 522
70 41 522
41 53 549
53 41 549
41 50 978
50 41 978
42 59 109
59 42 109
42 53 738
53 42 738
42 47 424
47 42 424
42 71 551
71 42 551
42 62 480
62 42 480
42 47 403
47 42 403
43 58 847
58 43 847
43 70 144
70 43 144
43 69 749
69 43 749
43 54 453
54 43 453
43 69 155
69 43 155
43 63 256
63 43 256
43 57 671
57 43 671
43 76 340
76 43 340
44 49 816
49 44 816
44 68 312
68 44 312
44 46 792
46 44 792
44 70 621
70 44 621
44 44 786
44 44 786
45 74 99
74 45 99
45 59 317
59 45 317
46 55 962
55 46 962
46 60 194
60 46 194
46 49 603
49 46 603
46 69 816
69 46 816
46 75 52
75 46 52
46 59 289
59 46 289
47 76 265
76 47 265
47 54 402
54 47 402
47 67 181
67 47 181
47 52 688
52 47 688
47 71 892
71 47 892
47 71 734
71 47 734
47 59 534
59 47 534
47 70 745
70 47 745
47 60 341
60 47 341
48 65 425
65 48 425
48 71 564
71 48 564
48 66 842
66 48 842
48 55 576
55 48 576
48 52 52
52 48 52
48 59 300
59 48 300
48 67 364
67 48 364
48 63 173
63 48 173
48 66 602
66 48 602
49 73 247
73 49 247
49 70 481
70 49 481
50 59 188
59 50 188
51 69 104
69 51 104
51 65 341
65 51 341
51 67 54
67 51 54
51 63 212
63 51 212
51 65 243
65 51 243
51 54 421
54 51 421
51 65 762
65 51 762
51 62 136
62 51 136
52 68 60
68 52 60
52 59 597
59 52 597
52 67 215
67 52 215
52 65 949
65 52 949
52 70 40
70 52 40
52 71 655
71 52 655
53 66 856
66 53 856
53 62 312
62 53 312
53 63 829
63 53 829
54 57 896
57 54 896
54 58 512
58 54 512
54 76 373
76 54 373
55 57 534
57 55 534
55 61 67
61 55 67
55 64 844
64 55 844
56 64 509
64 56 509
56 58 332
58 56 332
56 70 827
70 56 827
56 69 32
69 56 32
57 71 527
71 57 527
57 65 676
65 57 676
57 64 739
64 57 739
58 76 845
76 58 845
58 61 567
61 58 567
58 65 10
65 58 10
58 66 17
66 58 17
59 61 76
61 59 76
59 67 526
67 59 526
59 75 1
75 59 1
59 73 945
73 59 945
59 68 4
68 59 4
59 76 365
76 59 365
59 60 418
60 59 418
61 71 3
71 61 3
63 73 135
73 63 135
63 75 517
75 63 517
63 69 640
69 63 640
63 66 768
66 63 768
64 74 712
74 64 712
65 67 773
67 65 773
66 69 937
69 66 937
67 73 598
73 67 598
68 72 99
72 68 99
68 72 330
72 68 330
69 72 865
72 69 865
70 73 488
73 70 488
70 74 246
74 70 246
71 75 739
75 71 739
72 74 85
74 72 85
73 74 502
74 73 502
75 75 705
75 75 705
