65

0 1 565
1 0 565
0 2 929
2 0 929
0 3 24
3 0 24
0 15 338
15 0 338
0 33 969
33 0 969
0 45 814
45 0 814
0 51 504
51 0 504
0 25 414
25 0 414
0 40 557
40 0 557
0 36 865
36 0 865
0 56 205
56 0 205
0 26 571
26 0 571
0 28 797
28 0 797
0 33 961
33 0 961
0 40 370
40 0 370
0 53 720
53 0 720
0 33 138
33 0 138
0 58 3
58 0 3
0 29 768
29 0 768
0 10 669
10 0 669
0 16 46
16 0 46
0 2 40
2 0 40
0 30 268
30 0 268
0 26 792
26 0 792
0 56 445
56 0 445
0 59 592
59 0 592
1 11 348
11 1 348
1 32 279
32 1 279
1 34 513
34 1 513
1 43 962
43 1 962
1 25 961
25 1 961
1 41 716
41 1 716
1 26 72
26 1 72
1 12 839
12 1 839
1 8 181
8 1 181
1 48 231
48 1 231
1 6 859
6 1 859
1 44 219
44 1 219
1 16 871
16 1 871
1 29 947
29 1 947
1 22 212
22 1 212
1 7 895
7 1 895
1 45 679
45 1 679
1 49 529
49 1 529
1 26 739
26 1 739
1 30 643
30 1 643
2 4 335
4 2 335
2 6 485
6 2 485
2 25 907
25 2 907
2 41 597
41 2 597
2 27 373
27 2 373
2 22 310
22 2 310
2 22 766
22 2 766
2 19 495
19 2 495
2 58 514
58 2 514
2 46 772
46 2 772
2 43 998
43 2 998
2 34 394
34 2 394
2 32 952
32 2 952
2 61 580
61 2 580
2 3 776
3 2 776
2 41 115
41 2 115
2 10 292
10 2 292
2 19 916
19 2 916
2 21 203
21 2 203
3 5 659
5 3 659
3 63 49
63 3 49
3 37 163
37 3 163
3 40 264
40 3 264
3 63 63
63 3 63
3 51 496
51 3 496
3 38 685
38 3 685
3 37 192
37 3 192
3 59 574
59 3 574
3 59 458
59 3 458
3 47 978
47 3 978
3 21 331
21 3 331
3 17 747
17 3 747
3 27 87
27 3 87
3 8 604
8 3 604
3 11 683
11 3 683
3 52 210
52 3 210
3 14 954
14 3 954
3 18 272
18 3 272
3 49 245
49 3 245
3 19 949
19 3 949
3 39 260
39 3 260
3 47 284
47 3 284
3 11 70
11 3 70
4 7 153
7 4 153
4 20 166
20 4 166
4 52 65
52 4 65
4 30 261
30 4 261
4 31 220
31 4 220
4 47 2
47 4 2
4 16 52
16 4 52
4 56 260
56 4 260
4 61 98
61 4 98
4 43 353
43 4 353
4 59 567
59 4 567
4 43 695
43 4 695
4 51 666
51 4 666
4 44 785
44 4 785
4 26 375
26 4 375
5 36 90
36 5 90
5 7 290
7 5 290
5 53 773
53 5 773
5 61 717
61 5 717
5 54 871
54 5 871
5 55 760
55 5 760
5 23 787
23 5 787
5 34 799
34 5 799
5 50 937
50 5 937
5 39 630
39 5 630
5 18 685
18 5 685
5 42 108
42 5 108
5 35 683
35 5 683
5 14 599
14 5 599
5 8 293
8 5 293
5 53 15
53 5 15
6 21 982
21 6 982
6 64 18
64 6 18
6 32 543
32 6 543
6 63 130
63 6 130
6 40 220
40 6 220
6 33 856
33 6 856
6 40 710
40 6 710
6 23 266
23 6 266
6 52 514
52 6 514
6 45 109
45 6 109
6 64 71
64 6 71
6 59 46
59 6 46
7 8 349
8 7 349
7 19 668
19 7 668
7 24 574
24 7 574
7 27 428
27 7 428
7 37 404
37 7 404
7 18 828
18 7 828
7 22 864
22 7 864
7 16 992
16 7 992
7 25 768
25 7 768
7 47 895
47 7 895
7 31 335
31 7 335
7 47 693
47 7 693
7 26 664
26 7 664
7 14 904
14 7 904
7 24 282
24 7 282
7 55 1
55 7 1
7 49 627
49 7 627
7 32 77
32 7 77
7 40 780
40 7 780
7 35 680
35 7 680
7 34 44
34 7 44
7 21 418
21 7 418
7 22 685
22 7 685
7 60 949
60 7 949
7 62 461
62 7 461
7 39 397
39 7 397
7 30 716
30 7 716
7 35 33
35 7 33
8 9 753
9 8 753
8 10 127
10 8 127
8 17 742
17 8 742
8 18 691
18 8 691
8 22 82
22 8 82
8 61 340
61 8 340
8 18 769
18 8 769
8 30 720
30 8 720
8 25 946
25 8 946
8 29 444
29 8 444
8 29 294
29 8 294
8 32 862
32 8 862
8 26 744
26 8 744
8 52 734
52 8 734
8 53 413
53 8 413
9 16 391
16 9 391
9 24 415
24 9 415
9 18 537
18 9 537
9 9 332
9 9 332
9 16 107
16 9 107
9 11 224
11 9 224
9 28 476
28 9 476
9 58 681
58 9 681
9 53 252
53 9 252
9 46 323
46 9 323
9 56 63
56 9 63
9 55 441
55 9 441
9 32 358
32 9 358
9 12 961
12 9 961
9 10 789
10 9 789
10 12 681
12 10 681
10 13 901
13 10 901
10 11 482
11 10 482
10 18 330
18 10 330
10 47 719
47 10 719
10 22 609
22 10 609
10 17 978
17 10 978
10 53 44
53 10 44
10 53 709
53 10 709
10 43 246
43 10 246
10 62 375
62 10 375
10 10 940
10 10 940
11 21 519
21 11 519
11 45 242
45 11 242
11 29 719
29 11 719
11 31 650
31 11 650
11 45 518
45 11 518
11 52 997
52 11 997
11 30 108
30 11 108
11 34 596
34 11 596
11 22 148
22 11 148
11 37 606
37 11 606
11 62 388
62 11 388
11 54 417
54 11 417
11 54 622
54 11 622
12 52 758
52 12 758
12 34 451
34 12 451
12 55 795
55 12 795
12 40 717
40 12 717
12 33 96
33 12 96
12 64 695
64 12 695
12 24 5
24 12 5
12 44 657
44 12 657
12 28 174
28 12 174
12 39 306
39 12 306
12 39 118
39 12 118
12 33 512
33 12 512
12 19 533
19 12 533
12 22 355
22 12 355
12 23 506
23 12 506
12 36 404
36 12 404
12 48 287
48 12 287
13 14 350
14 13 350
13 43 293
43 13 293
13 64 231
64 13 231
13 59 5
59 13 5
13 25 358
25 13 358
13 16 162
16 13 162
13 50 52
50 13 52
13 50 341
50 13 341
13 32 871
32 13 871
13 29 939
29 13 939
13 15 475
15 13 475
13 52 513
52 13 513
13 55 655
55 13 655
13 59 916
59 13 916
13 41 428
41 13 428
13 55 84
55 13 84
13 34 512
34 13 512
14 26 713
26 14 713
14 57 889
57 14 889
14 37 156
37 14 156
14 15 653
15 14 653
14 47 458
47 14 458
14 18 930
18 14 930
14 27 161
27 14 161
14 27 374
27 14 374
14 46 614
46 14 614
14 17 615
17 14 615
14 37 492
37 14 492
15 28 756
28 15 756
15 29 21
29 15 21
15 46 657
46 15 657
15 21 633
21 15 633
15 18 792
18 15 792
15 53 770
53 15 770
15 44 53
44 15 53
15 56 69
56 15 69
15 61 491
61 15 491
15 36 292
36 15 292
15 46 873
46 15 873
15 17 499
17 15 499
15 56 583
56 15 583
15 45 588
45 15 588
15 53 234
53 15 234
15 46 712
46 15 712
15 57 942
57 15 942
15 63 587
63 15 587
15 23 51
23 15 51
15 60 182
60 15 182
16 39 514
39 16 514
16 43 759
43 16 759
16 42 595
42 16 595
16 39 458
39 16 458
16 21 248
21 16 248
16 59 630
59 16 630
16 22 828
22 16 828
17 35 369
35 17 369
17 49 956
49 17 956
17 38 501
38 17 501
17 27 18
27 17 18
17 53 502
53 17 502
17 36 611
36 17 611
17 19 325
19 17 325
17 41 130
41 17 130
17 21 699
21 17 699
17 47 579
47 17 579
17 36 762
36 17 762
18 54 485
54 18 485
18 20 608
20 18 608
18 35 200
35 18 200
18 22 226
22 18 226
18 29 130
29 18 130
18 40 528
40 18 528
18 31 891
31 18 891
18 47 794
47 18 794
18 26 120
26 18 120
18 50 63
50 18 63
18 38 755
38 18 755
19 40 179
40 19 179
19 48 14
48 19 14
19 47 944
47 19 944
19 32 387
32 19 387
19 43 426
43 19 426
19 48 55
48 19 55
19 21 952
21 19 952
19 62 761
62 19 761
19 20 231
20 19 231
19 37 210
37 19 210
19 39 528
39 19 528
19 24 410
24 19 410
19 51 7
51 19 7
20 60 729
60 20 729
20 45 423
45 20 423
20 45 219
45 20 219
20 28 889
28 20 889
20 52 292
52 20 292
20 29 534
29 20 534
20 53 834
53 20 834
20 24 827
24 20 827
20 20 986
20 20 986
21 33 584
33 21 584
21 51 782
51 21 782
21 53 777
53 21 777
21 52 911
52 21 911
21 33 554
33 21 554
21 29 649
29 21 649
21 50 554
50 21 554
21 50 572
50 21 572
22 23 253
23 22 253
22 33 240
33 22 240
22 43 653
43 22 653
22 49 350
49 22 350
22 31 672
31 22 672
22 46 270
46 22 270
22 50 325
50 22 325
22 58 955
58 22 955
22 64 9
64 22 9
22 62 161
62 22 161
23 30 841
30 23 841
23 62 386
62 23 386
23 28 734
28 23 734
23 48 958
48 23 958
23 30 137
30 23 137
23 32 387
32 23 387
23 53 776
53 23 776
23 64 931
64 23 931
23 52 651
52 23 651
23 52 380
52 23 380
23 51 15
51 23 15
23 45 547
45 23 547
23 33 759
33 23 759
24 49 194
49 24 194
24 38 990
38 24 990
24 35 557
35 24 557
24 57 205
57 24 205
24 41 103
41 24 103
24 40 953
40 24 953
24 53 650
53 24 650
24 46 62
46 24 62
24 29 638
29 24 638
24 43 357
43 24 357
25 55 395
55 25 395
25 44 717
44 25 717
25 29 590
29 25 590
25 61 573
61 25 573
25 42 30
42 25 30
25 28 147
28 25 147
26 51 841
51 26 841
26 32 361
32 26 361
27 51 491
51 27 491
27 62 897
62 27 897
27 32 91
32 27 91
27 27 366
27 27 366
27 33 832
33 27 832
28 47 237
47 28 237
28 62 392
62 28 392
28 35 463
35 28 463
28 53 654
53 28 654
28 38 115
38 28 115
28 30 879
30 28 879
28 35 536
35 28 536
28 42 406
42 28 406
28 47 224
47 28 224
28 56 100
56 28 100
28 40 964
40 28 964
28 29 834
29 28 834
28 39 760
39 28 760
28 33 890
33 28 890
28 38 270
38 28 270
28 32 661
32 28 661
29 53 390
53 29 390
29 63 714
63 29 714
29 44 927
44 29 927
29 44 884
44 29 884
30 31 20
31 30 20
30 50 114
50 30 114
30 59 942
59 30 942
30 47 761
47 30 761
30 62 807
62 30 807
30 36 899
36 30 899
30 33 880
33 30 880
30 58 300
58 30 300
30 57 96
57 30 96
30 47 356
47 30 356
30 52 18
52 30 18
30 36 720
36 30 720
31 39 368
39 31 368
31 54 669
54 31 669
31 38 242
38 31 242
31 60 31
60 31 31
31 55 448
55 31 448
31 32 51
32 31 51
31 45 834
45 31 834
31 53 731
53 31 731
31 52 923
52 31 923
31 60 909
60 31 909
31 32 799
32 31 799
31 57 852
57 31 852
32 42 701
42 32 701
32 59 561
59 32 561
32 34 773
34 32 773
32 42 917
42 32 917
32 58 678
58 32 678
32 59 595
59 32 595
32 59 527
59 32 527
32 63 193
63 32 193
32 60 11
60 32 11
32 64 265
64 32 265
32 61 1000
61 32 1000
32 64 826
64 32 826
33 36 388
36 33 388
33 51 344
51 33 344
33 54 159
54 33 159
33 51 157
51 33 157
33 53 932
53 33 932
33 48 849
48 33 849
33 34 161
34 33 161
33 36 571
36 33 571
34 57 591
57 34 591
34 64 790
64 34 790
34 59 476
59 34 476
34 45 767
45 34 767
34 44 498
44 34 498
34 64 937
64 34 937
34 60 319
60 34 319
34 37 164
37 34 164
34 53 685
53 34 685
34 59 782
59 34 782
35 56 430
56 35 430
35 53 571
53 35 571
35 64 805
64 35 805
35 37 869
37 35 869
35 62 105
62 35 105
36 38 138
38 36 138
36 57 494
57 36 494
36 46 356
46 36 356
36 48 839
48 36 839
36 61 456
61 36 456
36 44 564
44 36 564
36 55 333
55 36 333
36 45 702
45 36 702
36 49 940
49 36 940
36 61 400
61 36 400
36 45 97
45 36 97
37 51 157
51 37 157
37 41 969
41 37 969
37 56 857
56 37 857
37 53 154
53 37 154
37 60 750
60 37 750
37 62 174
62 37 174
37 61 379
61 37 379
37 42 595
42 37 595
38 48 266
48 38 266
38 51 668
51 38 668
38 45 603
45 38 603
38 64 173
64 38 173
38 41 165
41 38 165
38 57 515
57 38 515
38 64 998
64 38 998
38 54 723
54 38 723
38 40 11
40 38 11
38 60 437
60 38 437
39 46 339
46 39 339
39 46 791
46 39 791
39 43 721
43 39 721
39 61 966
61 39 966
39 57 171
57 39 171
39 40 45
40 39 45
39 42 848
42 39 848
39 59 190
59 39 190
39 61 821
61 39 821
40 60 392
60 40 392
40 52 763
52 40 763
40 62 668
62 40 668
40 41 11
41 40 11
40 42 448
42 40 448
40 60 206
60 40 206
40 61 936
61 40 936
41 55 554
55 41 554
41 64 81
64 41 81
41 62 208
62 41 208
41 47 648
47 41 648
42 44 336
44 42 336
42 54 682
54 42 682
42 61 238
61 42 238
42 49 196
49 42 196
42 59 153
59 42 153
43 49 560
49 43 560
43 50 63
50 43 63
43 45 671
45 43 671
43 50 845
50 43 845
43 51 877
51 43 877
44 49 22
49 44 22
44 56 720
56 44 720
44 56 798
56 44 798
44 58 787
58 44 787
45 48 383
48 45 383
45 56 724
56 45 724
45 49 275
49 45 275
45 46 572
46 45 572
45 58 832
58 45 832
45 46 696
46 45 696
45 52 310
52 45 310
46 53 795
53 46 795
46 60 291
60 46 291
46 64 966
64 46 966
46 54 488
54 46 488
46 52 454
52 46 454
46 62 311
62 46 311
47 58 682
58 47 682
47 48 383
48 47 383
47 51 28
51 47 28
47 53 410
53 47 410
47 48 623
48 47 623
47 63 60
63 47 60
48 61 180
61 48 180
48 48 965
48 48 965
49 57 737
57 49 737
49 51 694
51 49 694
49 51 459
51 49 459
49 51 593
51 49 593
49 63 439
63 49 439
49 62 526
62 49 526
50 62 238
62 50 238
51 62 515
62 51 515
51 62 365
62 51 365
52 56 347
56 52 347
52 57 860
57 52 860
52 56 915
56 52 915
52 59 656
59 52 656
53 57 116
57 53 116
53 64 357
64 53 357
53 59 109
59 53 109
54 56 939
56 54 939
54 55 878
55 54 878
54 63 918
63 54 918
54 54 557
54 54 557
55 64 211
64 55 211
55 63 298
63 55 298
55 55 72
55 55 72
56 64 86
64 56 86
56 62 982
62 56 982
57 57 642
57 57 642
58 61 399
61 58 399
59 61 970
61 59 970
59 62 923
62 59 923
61 63 964
63 61 964
62 62 798
62 62 798
64 64 915
64 64 915
