100

0 1 300
1 0 300
0 2 613
2 0 613
0 3 57
3 0 57
0 17 227
17 0 227
0 36 640
36 0 640
0 55 44
55 0 44
0 90 40
90 0 40
0 45 931
45 0 931
0 88 800
88 0 800
1 16 678
16 1 678
1 80 219
80 1 219
1 85 813
85 1 813
1 5 801
5 1 801
1 87 192
87 1 192
1 53 711
53 1 711
1 82 489
82 1 489
1 42 562
42 1 562
2 4 917
4 2 917
2 5 805
5 2 805
2 18 595
18 2 595
2 82 2
82 2 2
2 32 357
32 2 357
2 42 195
42 2 195
2 89 868
89 2 868
2 45 51
45 2 51
2 28 365
28 2 365
2 13 837
13 2 837
3 6 754
6 3 754
3 12 875
12 3 875
3 14 307
14 3 307
3 37 770
37 3 770
3 46 681
46 3 681
3 99 336
99 3 336
3 36 806
36 3 806
4 83 721
83 4 721
4 20 3
20 4 3
4 94 614
94 4 614
4 93 787
93 4 787
4 40 51
40 4 51
5 13 191
13 5 191
5 56 651
56 5 651
5 22 595
22 5 595
5 68 133
68 5 133
6 7 284
7 6 284
6 8 669
8 6 669
6 10 290
10 6 290
6 41 934
41 6 934
6 59 329
59 6 329
6 71 754
71 6 754
6 39 894
39 6 894
6 84 840
84 6 840
6 95 427
95 6 427
6 11 802
11 6 802
6 59 272
59 6 272
6 72 818
72 6 818
6 55 966
55 6 966
6 52 861
52 6 861
6 32 303
32 6 303
6 92 930
92 6 930
7 9 36
9 7 36
7 20 897
20 7 897
7 26 555
26 7 555
7 37 758
37 7 758
7 73 967
73 7 967
7 29 702
29 7 702
7 81 409
81 7 409
7 50 531
50 7 531
8 14 148
14 8 148
8 23 24
23 8 24
8 87 786
87 8 786
8 63 759
63 8 759
8 13 522
13 8 522
8 65 170
65 8 170
9 22 867
22 9 867
9 87 749
87 9 749
9 78 957
78 9 957
10 11 421
11 10 421
10 60 845
60 10 845
10 93 545
93 10 545
10 79 764
79 10 764
11 72 554
72 11 554
11 25 871
25 11 871
12 40 505
40 12 505
12 59 951
59 12 951
12 96 593
96 12 593
12 61 416
61 12 416
12 59 454
59 12 454
12 97 636
97 12 636
12 13 237
13 12 237
13 15 905
15 13 905
13 19 212
19 13 212
13 21 302
21 13 302
13 24 32
24 13 32
13 28 634
28 13 634
13 40 846
40 13 846
13 64 958
64 13 958
13 93 810
93 13 810
13 27 800
27 13 800
13 54 745
54 13 745
13 16 352
16 13 352
14 88 119
88 14 119
14 29 286
29 14 286
14 82 304
82 14 304
14 42 691
42 14 691
14 44 132
44 14 132
14 98 119
98 14 119
14 58 679
58 14 679
15 22 33
22 15 33
15 52 119
52 15 119
15 91 999
91 15 999
15 43 459
43 15 459
15 96 5
96 15 5
15 20 313
20 15 313
15 40 917
40 15 917
15 87 443
87 15 443
15 54 400
54 15 400
15 15 176
15 15 176
16 38 921
38 16 921
16 72 506
72 16 506
16 90 889
90 16 889
16 98 993
98 16 993
17 77 237
77 17 237
17 53 28
53 17 28
17 89 63
89 17 63
18 62 289
62 18 289
19 29 611
29 19 611
19 93 954
93 19 954
19 41 566
41 19 566
19 78 871
78 19 871
19 91 540
91 19 540
19 44 967
44 19 967
20 94 325
94 20 325
20 97 663
97 20 663
20 81 822
81 20 822
21 25 175
25 21 175
21 34 720
34 21 720
21 57 277
57 21 277
21 61 748
61 21 748
21 68 135
68 21 135
21 90 152
90 21 152
21 99 67
99 21 67
21 92 891
92 21 891
21 57 435
57 21 435
21 33 585
33 21 585
21 26 17
26 21 17
21 73 398
73 21 398
22 39 191
39 22 191
22 50 391
50 22 391
22 60 245
60 22 245
22 46 624
46 22 624
22 68 865
68 22 865
23 75 220
75 23 220
23 68 731
68 23 731
23 51 16
51 23 16
23 29 160
29 23 160
24 70 565
70 24 565
24 95 442
95 24 442
24 70 306
70 24 306
25 32 978
32 25 978
25 33 975
33 25 975
25 72 728
72 25 728
25 60 443
60 25 443
25 30 256
30 25 256
26 27 917
27 26 917
26 51 985
51 26 985
26 57 59
57 26 59
27 30 205
30 27 205
27 88 668
88 27 668
27 98 701
98 27 701
27 67 64
67 27 64
28 36 665
36 28 665
28 80 189
80 28 189
29 35 493
35 29 493
29 46 813
46 29 813
29 87 128
87 29 128
29 65 94
65 29 94
29 38 782
38 29 782
29 67 966
67 29 966
29 59 223
59 29 223
30 31 922
31 30 922
30 63 439
63 30 439
30 48 793
48 30 793
30 98 266
98 30 266
31 45 462
45 31 462
31 94 567
94 31 567
31 88 800
88 31 800
31 58 641
58 31 641
31 91 371
91 31 371
32 48 403
48 32 403
32 51 217
51 32 217
32 66 861
66 32 861
32 37 638
37 32 638
32 79 946
79 32 946
32 52 19
52 32 19
32 76 877
76 32 877
32 40 703
40 32 703
32 95 216
95 32 216
33 70 775
70 33 775
33 88 91
88 33 91
33 54 931
54 33 931
33 66 492
66 33 492
34 43 39
43 34 39
35 42 212
42 35 212
35 54 528
54 35 528
35 71 562
71 35 562
35 67 293
67 35 293
35 76 549
76 35 549
35 93 917
93 35 917
36 44 652
44 36 652
36 47 267
47 36 267
36 96 912
96 36 912
36 67 612
67 36 612
36 37 607
37 36 607
36 85 660
85 36 660
36 74 851
74 36 851
37 47 434
47 37 434
37 53 773
53 37 773
37 82 612
82 37 612
37 64 509
64 37 509
37 49 524
49 37 524
37 45 483
45 37 483
38 84 462
84 38 462
38 45 310
45 38 310
38 76 514
76 38 514
38 72 681
72 38 681
39 89 213
89 39 213
40 44 351
44 40 351
40 56 909
56 40 909
41 60 74
60 41 74
41 95 713
95 41 713
41 99 321
99 41 321
41 44 381
44 41 381
42 80 210
80 42 210
42 55 891
55 42 891
42 85 431
85 42 431
43 55 755
55 43 755
43 66 698
66 43 698
43 84 969
84 43 969
44 71 490
71 44 490
44 87 472
87 44 472
44 84 795
84 44 795
44 85 98
85 44 98
45 98 282
98 45 282
45 83 656
83 45 656
45 60 878
60 45 878
45 68 811
68 45 811
46 58 846
58 46 846
46 93 338
93 46 338
46 59 823
59 46 823
46 73 342
73 46 342
46 55 327
55 46 327
46 93 70
93 46 70
47 49 785
49 47 785
47 67 874
67 47 874
47 78 846
78 47 846
47 82 324
82 47 324
47 73 191
73 47 191
48 53 210
53 48 210
48 94 287
94 48 287
48 59 626
59 48 626
48 70 443
70 48 443
48 63 124
63 48 124
48 97 117
97 48 117
50 73 120
73 50 120
50 76 635
76 50 635
50 62 223
62 50 223
50 99 449
99 50 449
50 66 759
66 50 759
51 74 760
74 51 760
51 86 699
86 51 699
51 89 245
89 51 245
51 55 975
55 51 975
51 73 302
73 51 302
52 96 52
96 52 52
52 67 735
67 52 735
52 75 661
75 52 661
52 80 862
80 52 862
52 99 93
99 52 93
53 75 981
75 53 981
54 71 989
71 54 989
54 72 781
72 54 781
54 72 609
72 54 609
55 65 516
65 55 516
55 63 911
63 55 911
55 82 935
82 55 935
56 89 449
89 56 449
56 63 867
63 56 867
56 94 456
94 56 456
57 92 901
92 57 901
57 70 289
70 57 289
57 99 15
99 57 15
57 93 211
93 57 211
58 64 532
64 58 532
59 74 957
74 59 957
59 65 305
65 59 305
60 91 649
91 60 649
60 83 96
83 60 96
61 68 502
68 61 502
62 81 793
81 62 793
62 66 345
66 62 345
62 95 842
95 62 842
62 82 200
82 62 200
63 69 858
69 63 858
63 83 11
83 63 11
63 78 383
78 63 383
63 69 574
69 63 574
64 79 28
79 64 28
64 88 820
88 64 820
64 99 955
99 64 955
65 67 9
67 65 9
65 99 332
99 65 332
66 70 412
70 66 412
66 86 139
86 66 139
66 79 548
79 66 548
67 84 454
84 67 454
67 91 680
91 67 680
67 77 183
77 67 183
67 81 980
81 67 980
67 98 496
98 67 496
68 83 778
83 68 778
69 94 780
94 69 780
69 88 628
88 69 628
69 97 991
97 69 991
69 70 727
70 69 727
70 91 833
91 70 833
70 76 447
76 70 447
70 90 861
90 70 861
70 84 249
84 70 249
71 89 755
89 71 755
71 90 442
90 71 442
72 99 652
99 72 652
73 97 467
97 73 467
75 80 923
80 75 923
75 93 745
93 75 745
75 90 538
90 75 538
75 87 622
87 75 622
76 91 161
91 76 161
76 93 426
93 76 426
77 99 105
99 77 105
78 84 436
84 78 436
78 98 765
98 78 765
79 99 262
99 79 262
79 80 4
80 79 4
80 93 788
93 80 788
80 85 815
85 80 815
82 94 35
94 82 35
82 93 227
93 82 227
82 98 256
98 82 256
84 98 658
98 84 658
85 91 271
91 85 271
86 98 191
98 86 191
86 87 463
87 86 463
86 89 335
89 86 335
88 89 879
89 88 879
88 92 852
92 88 852
89 96 792
96 89 792
89 97 774
97 89 774
90 92 714
92 90 714
90 91 50
91 90 50
90 93 169
93 90 169
90 93 996
93 90 996
92 98 799
98 92 799
94 97 705
97 94 705
