27

0 1 284
1 0 284
0 6 765
6 0 765
0 7 715
7 0 715
0 10 660
10 0 660
0 23 552
23 0 552
0 24 306
24 0 306
0 22 509
22 0 509
0 17 495
17 0 495
0 14 494
14 0 494
0 6 425
6 0 425
0 8 665
8 0 665
1 2 526
2 1 526
1 3 770
3 1 770
1 5 348
5 1 348
1 13 450
13 1 450
1 14 783
14 1 783
1 6 532
6 1 532
1 4 986
4 1 986
1 15 485
15 1 485
1 6 612
6 1 612
1 14 591
14 1 591
1 24 709
24 1 709
1 7 851
7 1 851
1 22 870
22 1 870
1 9 901
9 1 901
1 21 104
21 1 104
2 12 570
12 2 570
2 3 228
3 2 228
2 14 17
14 2 17
2 3 555
3 2 555
2 24 378
24 2 378
2 25 537
25 2 537
2 22 810
22 2 810
3 4 187
4 3 187
3 12 839
12 3 839
3 19 855
19 3 855
3 6 596
6 3 596
3 7 264
7 3 264
3 26 204
26 3 204
3 9 230
9 3 230
4 16 257
16 4 257
4 25 574
25 4 574
4 6 586
6 4 586
4 4 805
4 4 805
4 22 567
22 4 567
4 12 713
12 4 713
4 13 498
13 4 498
4 9 760
9 4 760
4 22 257
22 4 257
4 19 394
19 4 394
4 8 266
8 4 266
4 24 637
24 4 637
4 6 542
6 4 542
5 15 379
15 5 379
5 15 194
15 5 194
5 17 371
17 5 371
5 18 833
18 5 833
5 6 48
6 5 48
5 21 933
21 5 933
6 20 463
20 6 463
6 11 332
11 6 332
6 7 22
7 6 22
6 6 341
6 6 341
6 19 870
19 6 870
6 25 61
25 6 61
6 26 763
26 6 763
6 10 932
10 6 932
6 9 759
9 6 759
6 7 555
7 6 555
6 6 848
6 6 848
6 8 169
8 6 169
7 8 281
8 7 281
7 9 456
9 7 456
7 11 579
11 7 579
7 17 488
17 7 488
7 18 308
18 7 308
7 17 436
17 7 436
7 13 315
13 7 315
7 16 1000
16 7 1000
8 21 634
21 8 634
8 20 536
20 8 536
8 12 566
12 8 566
8 16 284
16 8 284
8 10 534
10 8 534
8 21 750
21 8 750
8 14 928
14 8 928
8 9 686
9 8 686
8 11 741
11 8 741
8 22 975
22 8 975
8 11 657
11 8 657
9 16 15
16 9 15
9 10 800
10 9 800
9 22 208
22 9 208
9 23 226
23 9 226
9 12 592
12 9 592
9 23 879
23 9 879
10 18 185
18 10 185
10 21 390
21 10 390
10 24 59
24 10 59
10 25 328
25 10 328
10 17 642
17 10 642
10 20 552
20 10 552
10 22 952
22 10 952
10 23 284
23 10 284
11 25 254
25 11 254
11 16 694
16 11 694
11 18 491
18 11 491
11 24 358
24 11 358
11 21 742
21 11 742
11 11 894
11 11 894
11 21 234
21 11 234
12 15 799
15 12 799
12 22 683
22 12 683
12 17 66
17 12 66
12 15 664
15 12 664
12 16 781
16 12 781
12 22 188
22 12 188
12 26 427
26 12 427
12 22 366
22 12 366
12 17 424
17 12 424
12 20 606
20 12 606
13 20 311
20 13 311
13 19 347
19 13 347
13 16 868
16 13 868
13 23 948
23 13 948
13 24 319
24 13 319
14 26 133
26 14 133
14 19 685
19 14 685
14 21 68
21 14 68
14 26 210
26 14 210
14 22 692
22 14 692
15 22 82
22 15 82
15 16 752
16 15 752
15 24 517
24 15 517
15 23 94
23 15 94
15 16 823
16 15 823
15 24 976
24 15 976
16 23 483
23 16 483
16 24 720
24 16 720
16 17 938
17 16 938
16 22 104
22 16 104
17 22 585
22 17 585
17 19 635
19 17 635
17 17 719
17 17 719
17 25 530
25 17 530
18 23 249
23 18 249
18 25 672
25 18 672
19 19 843
19 19 843
19 26 601
26 19 601
19 20 389
20 19 389
22 22 918
22 22 918
22 23 572
23 22 572
24 25 897
25 24 897
26 26 599
26 26 599
