85

0 1 710
1 0 710
0 2 706
2 0 706
0 3 854
3 0 854
0 5 229
5 0 229
0 21 34
21 0 34
0 31 137
31 0 137
0 38 945
38 0 945
0 56 559
56 0 559
0 64 289
64 0 289
0 31 559
31 0 559
0 39 354
39 0 354
0 69 633
69 0 633
0 67 565
67 0 565
0 72 243
72 0 243
0 53 328
53 0 328
1 8 236
8 1 236
1 13 477
13 1 477
1 23 913
23 1 913
1 43 338
43 1 338
1 55 598
55 1 598
1 32 563
32 1 563
1 52 633
52 1 633
1 27 313
27 1 313
1 82 656
82 1 656
1 16 711
16 1 711
1 77 737
77 1 737
1 28 123
28 1 123
1 47 748
47 1 748
1 83 193
83 1 193
1 51 504
51 1 504
1 21 682
21 1 682
2 4 394
4 2 394
2 11 928
11 2 928
2 40 442
40 2 442
2 18 170
18 2 170
2 40 291
40 2 291
2 13 792
13 2 792
2 38 121
38 2 121
2 84 26
84 2 26
2 73 470
73 2 470
2 84 948
84 2 948
2 53 670
53 2 670
2 67 114
67 2 114
2 8 98
8 2 98
2 32 61
32 2 61
2 25 149
25 2 149
2 70 582
70 2 582
3 10 219
10 3 219
3 81 484
81 3 484
3 34 675
34 3 675
3 58 597
58 3 597
3 53 907
53 3 907
3 77 165
77 3 165
4 9 829
9 4 829
4 63 946
63 4 946
4 27 255
27 4 255
4 11 890
11 4 890
4 20 287
20 4 287
4 43 763
43 4 763
5 6 959
6 5 959
5 7 589
7 5 589
5 45 635
45 5 635
5 80 264
80 5 264
5 67 435
67 5 435
5 52 30
52 5 30
5 59 748
59 5 748
5 64 957
64 5 957
5 16 940
16 5 940
5 34 557
34 5 557
6 18 70
18 6 70
6 19 777
19 6 777
6 63 699
63 6 699
6 23 435
23 6 435
6 55 70
55 6 70
6 45 998
45 6 998
6 9 103
9 6 103
6 39 445
39 6 445
6 75 479
75 6 479
6 35 44
35 6 44
7 8 58
8 7 58
7 32 672
32 7 672
7 24 944
24 7 944
7 19 109
19 7 109
8 15 54
15 8 54
8 17 864
17 8 864
8 34 491
34 8 491
8 41 709
41 8 709
8 62 881
62 8 881
8 21 912
21 8 912
8 58 772
58 8 772
8 35 614
35 8 614
8 23 855
23 8 855
8 52 814
52 8 814
9 12 533
12 9 533
9 14 108
14 9 108
9 76 599
76 9 599
9 59 754
59 9 754
9 70 546
70 9 546
9 54 613
54 9 613
9 57 817
57 9 817
9 23 902
23 9 902
9 30 680
30 9 680
9 23 574
23 9 574
9 54 357
54 9 357
10 16 113
16 10 113
10 20 825
20 10 825
10 46 749
46 10 749
10 66 157
66 10 157
10 33 560
33 10 560
10 69 413
69 10 413
10 36 328
36 10 328
10 35 585
35 10 585
10 59 22
59 10 22
10 50 890
50 10 890
11 34 556
34 11 556
11 33 407
33 11 407
11 15 267
15 11 267
11 43 563
43 11 563
11 24 551
24 11 551
11 29 7
29 11 7
11 44 176
44 11 176
11 42 128
42 11 128
11 34 633
34 11 633
11 47 527
47 11 527
12 77 639
77 12 639
12 16 313
16 12 313
12 53 95
53 12 95
12 55 235
55 12 235
12 36 589
36 12 589
12 32 254
32 12 254
13 36 852
36 13 852
13 78 569
78 13 569
13 55 447
55 13 447
14 24 574
24 14 574
14 82 987
82 14 987
14 22 309
22 14 309
14 48 488
48 14 488
14 14 118
14 14 118
14 22 67
22 14 67
15 25 550
25 15 550
15 54 698
54 15 698
15 38 301
38 15 301
15 49 748
49 15 748
15 68 652
68 15 652
16 30 876
30 16 876
16 76 909
76 16 909
16 52 181
52 16 181
16 45 957
45 16 957
16 49 40
49 16 40
16 33 246
33 16 246
16 46 977
46 16 977
16 69 673
69 16 673
17 22 718
22 17 718
17 69 245
69 17 245
17 66 308
66 17 308
17 64 141
64 17 141
17 57 556
57 17 556
17 67 932
67 17 932
18 37 62
37 18 62
18 42 471
42 18 471
18 73 390
73 18 390
18 48 7
48 18 7
18 58 544
58 18 544
18 72 394
72 18 394
18 22 970
22 18 970
18 29 849
29 18 849
19 28 269
28 19 269
19 48 741
48 19 741
19 33 627
33 19 627
19 47 770
47 19 770
19 72 162
72 19 162
19 65 508
65 19 508
19 47 283
47 19 283
19 28 11
28 19 11
19 56 819
56 19 819
20 39 895
39 20 895
20 83 34
83 20 34
20 74 867
74 20 867
20 80 533
80 20 533
20 52 304
52 20 304
20 47 776
47 20 776
20 73 419
73 20 419
20 50 547
50 20 547
20 57 487
57 20 487
20 39 663
39 20 663
21 71 715
71 21 715
21 42 936
42 21 936
21 80 287
80 21 287
21 50 223
50 21 223
21 58 810
58 21 810
22 29 923
29 22 923
22 33 263
33 22 263
22 75 546
75 22 546
22 54 133
54 22 133
22 45 36
45 22 36
22 68 584
68 22 584
23 74 552
74 23 552
23 78 452
78 23 452
23 81 533
81 23 533
23 72 657
72 23 657
23 63 643
63 23 643
23 52 120
52 23 120
23 28 408
28 23 408
23 24 856
24 23 856
23 47 805
47 23 805
24 26 348
26 24 348
24 27 872
27 24 872
24 65 509
65 24 509
24 29 528
29 24 528
24 74 802
74 24 802
24 27 610
27 24 610
24 40 777
40 24 777
24 60 798
60 24 798
24 81 451
81 24 451
24 28 655
28 24 655
25 72 337
72 25 337
25 43 887
43 25 887
25 71 983
71 25 983
26 70 117
70 26 117
26 50 283
50 26 283
26 53 556
53 26 556
27 62 223
62 27 223
27 72 926
72 27 926
27 32 553
32 27 553
27 81 413
81 27 413
27 73 797
73 27 797
27 36 751
36 27 751
27 56 70
56 27 70
27 36 906
36 27 906
27 64 811
64 27 811
28 32 613
32 28 613
28 76 476
76 28 476
28 32 181
32 28 181
28 28 290
28 28 290
28 65 936
65 28 936
28 31 245
31 28 245
29 35 726
35 29 726
29 70 869
70 29 869
29 32 61
32 29 61
29 70 230
70 29 230
29 69 730
69 29 730
29 83 861
83 29 861
29 35 470
35 29 470
29 62 613
62 29 613
30 60 258
60 30 258
30 60 236
60 30 236
30 75 621
75 30 621
31 56 532
56 31 532
31 41 351
41 31 351
31 47 669
47 31 669
31 58 780
58 31 780
31 73 660
73 31 660
31 64 899
64 31 899
31 53 41
53 31 41
31 60 133
60 31 133
32 50 683
50 32 683
32 56 967
56 32 967
32 77 258
77 32 258
32 53 945
53 32 945
32 67 237
67 32 237
33 42 540
42 33 540
33 68 713
68 33 713
33 46 614
46 33 614
34 71 354
71 34 354
34 60 244
60 34 244
34 84 104
84 34 104
35 68 315
68 35 315
35 60 601
60 35 601
35 83 468
83 35 468
36 44 647
44 36 647
36 52 880
52 36 880
36 82 608
82 36 608
36 45 748
45 36 748
36 51 122
51 36 122
37 47 735
47 37 735
37 74 856
74 37 856
37 73 766
73 37 766
37 77 169
77 37 169
37 63 532
63 37 532
37 39 523
39 37 523
37 44 818
44 37 818
37 54 603
54 37 603
37 61 288
61 37 288
38 51 897
51 38 897
38 64 43
64 38 43
38 80 368
80 38 368
38 43 259
43 38 259
38 60 556
60 38 556
38 40 284
40 38 284
38 52 980
52 38 980
39 58 89
58 39 89
39 79 384
79 39 384
39 80 445
80 39 445
39 79 138
79 39 138
39 70 104
70 39 104
39 47 531
47 39 531
40 64 233
64 40 233
40 70 507
70 40 507
40 49 773
49 40 773
40 61 435
61 40 435
40 80 418
80 40 418
41 57 975
57 41 975
41 44 918
44 41 918
41 63 788
63 41 788
41 61 128
61 41 128
41 56 797
56 41 797
42 60 17
60 42 17
42 79 556
79 42 556
42 74 31
74 42 31
43 49 852
49 43 852
43 63 320
63 43 320
43 58 110
58 43 110
43 62 899
62 43 899
44 63 198
63 44 198
44 72 473
72 44 473
44 74 205
74 44 205
44 79 616
79 44 616
44 83 42
83 44 42
45 61 319
61 45 319
45 62 671
62 45 671
45 49 955
49 45 955
45 65 614
65 45 614
45 59 610
59 45 610
46 58 526
58 46 526
46 81 607
81 46 607
46 78 690
78 46 690
46 84 505
84 46 505
46 76 452
76 46 452
46 65 496
65 46 496
46 62 356
62 46 356
47 51 891
51 47 891
47 68 791
68 47 791
47 58 792
58 47 792
48 53 541
53 48 541
48 54 254
54 48 254
48 72 574
72 48 574
48 71 793
71 48 793
49 52 834
52 49 834
49 73 183
73 49 183
50 61 889
61 50 889
50 57 276
57 50 276
50 65 907
65 50 907
50 68 447
68 50 447
50 73 690
73 50 690
51 68 560
68 51 560
51 82 960
82 51 960
51 63 326
63 51 326
51 51 278
51 51 278
51 70 309
70 51 309
52 78 117
78 52 117
52 52 770
52 52 770
52 79 59
79 52 59
53 62 714
62 53 714
53 67 820
67 53 820
53 56 443
56 53 443
54 67 774
67 54 774
54 69 595
69 54 595
55 68 123
68 55 123
55 56 890
56 55 890
56 59 484
59 56 484
56 84 984
84 56 984
57 78 675
78 57 675
57 80 301
80 57 301
57 78 65
78 57 65
57 77 791
77 57 791
58 76 580
76 58 580
58 66 774
66 58 774
58 69 984
69 58 984
58 70 990
70 58 990
59 62 545
62 59 545
59 69 832
69 59 832
59 76 817
76 59 817
59 71 468
71 59 468
59 78 717
78 59 717
60 62 463
62 60 463
60 69 802
69 60 802
61 62 137
62 61 137
63 78 706
78 63 706
63 71 751
71 63 751
64 72 678
72 64 678
64 81 975
81 64 975
66 75 801
75 66 801
67 68 499
68 67 499
67 75 389
75 67 389
67 72 236
72 67 236
68 83 294
83 68 294
69 76 895
76 69 895
69 80 577
80 69 577
73 81 773
81 73 773
74 78 765
78 74 765
75 76 742
76 75 742
76 80 90
80 76 90
77 84 854
84 77 854
78 82 333
82 78 333
83 84 790
84 83 790
