16

0 1 313
1 0 313
0 12 357
12 0 357
0 11 877
11 0 877
0 0 703
0 0 703
1 2 948
2 1 948
1 5 688
5 1 688
1 11 21
11 1 21
1 12 239
12 1 239
1 8 173
8 1 173
1 7 568
7 1 568
1 13 965
13 1 965
2 3 372
3 2 372
2 8 686
8 2 686
2 7 49
7 2 49
2 6 21
6 2 21
2 7 540
7 2 540
2 5 39
5 2 39
3 4 130
4 3 130
3 9 912
9 3 912
3 12 919
12 3 919
3 13 374
13 3 374
3 14 365
14 3 365
3 7 461
7 3 461
3 11 56
11 3 56
3 14 465
14 3 465
3 4 342
4 3 342
3 10 707
10 3 707
4 6 374
6 4 374
4 15 374
15 4 374
4 10 806
10 4 806
4 11 743
11 4 743
4 6 692
6 4 692
4 12 183
12 4 183
4 15 958
15 4 958
5 11 445
11 5 445
5 11 563
11 5 563
5 9 98
9 5 98
5 6 117
6 5 117
6 7 233
7 6 233
6 10 797
10 6 797
6 13 718
13 6 718
6 11 170
11 6 170
7 12 436
12 7 436
7 12 770
12 7 770
7 10 172
10 7 172
7 13 5
13 7 5
7 15 458
15 7 458
7 9 389
9 7 389
8 14 971
14 8 971
8 12 708
12 8 708
8 15 632
15 8 632
10 12 669
12 10 669
11 12 800
12 11 800
13 15 227
15 13 227
