98

0 1 228
1 0 228
0 2 356
2 0 356
0 3 525
3 0 525
0 4 337
4 0 337
0 24 47
24 0 47
0 35 383
35 0 383
0 51 794
51 0 794
0 86 667
86 0 667
0 87 35
87 0 35
0 36 968
36 0 968
0 25 252
25 0 252
0 7 883
7 0 883
0 30 767
30 0 767
0 64 75
64 0 75
1 60 611
60 1 611
1 51 724
51 1 724
1 61 556
61 1 556
1 76 980
76 1 980
1 73 133
73 1 133
1 36 602
36 1 602
2 5 989
5 2 989
2 6 113
6 2 113
2 11 897
11 2 897
2 12 825
12 2 825
2 49 716
49 2 716
2 77 845
77 2 845
2 60 485
60 2 485
2 88 254
88 2 254
2 70 778
70 2 778
2 39 503
39 2 503
2 47 874
47 2 874
2 73 85
73 2 85
2 96 597
96 2 597
3 14 243
14 3 243
3 16 873
16 3 873
3 45 259
45 3 259
3 65 59
65 3 59
3 74 597
74 3 597
3 65 936
65 3 936
3 82 191
82 3 191
3 41 272
41 3 272
3 16 905
16 3 905
4 10 401
10 4 401
4 5 723
5 4 723
4 20 78
20 4 78
4 44 82
44 4 82
4 16 685
16 4 685
4 83 20
83 4 20
5 7 565
7 5 565
5 17 896
17 5 896
5 87 771
87 5 771
5 90 756
90 5 756
5 16 982
16 5 982
5 53 634
53 5 634
5 71 730
71 5 730
5 90 331
90 5 331
5 90 707
90 5 707
5 15 609
15 5 609
6 8 774
8 6 774
6 9 351
9 6 351
6 25 364
25 6 364
6 45 351
45 6 351
6 75 337
75 6 337
6 76 799
76 6 799
6 69 815
69 6 815
6 12 341
12 6 341
6 18 510
18 6 510
6 72 173
72 6 173
6 54 353
54 6 353
6 34 779
34 6 779
6 17 408
17 6 408
6 40 188
40 6 188
7 21 238
21 7 238
7 32 438
32 7 438
7 38 635
38 7 635
7 48 921
48 7 921
7 9 83
9 7 83
7 42 78
42 7 78
7 47 505
47 7 505
7 42 53
42 7 53
7 94 820
94 7 820
7 11 689
11 7 689
7 92 862
92 7 862
7 76 244
76 7 244
7 29 891
29 7 891
7 88 845
88 7 845
8 87 779
87 8 779
8 85 236
85 8 236
8 23 345
23 8 345
8 70 354
70 8 354
8 69 263
69 8 263
8 8 904
8 8 904
9 13 689
13 9 689
9 62 194
62 9 194
9 73 142
73 9 142
9 45 784
45 9 784
9 69 907
69 9 907
9 55 799
55 9 799
9 38 617
38 9 617
9 42 387
42 9 387
9 33 821
33 9 821
10 70 445
70 10 445
10 12 173
12 10 173
10 88 843
88 10 843
10 97 166
97 10 166
10 25 853
25 10 853
10 24 280
24 10 280
10 74 786
74 10 786
10 53 470
53 10 470
11 26 136
26 11 136
11 58 912
58 11 912
11 32 586
32 11 586
11 32 438
32 11 438
11 55 700
55 11 700
11 18 227
18 11 227
11 44 462
44 11 462
12 15 329
15 12 329
12 19 514
19 12 514
12 96 211
96 12 211
12 17 97
17 12 97
12 29 665
29 12 665
12 63 205
63 12 205
12 44 846
44 12 846
13 47 691
47 13 691
13 66 708
66 13 708
13 22 27
22 13 27
13 41 358
41 13 358
13 84 569
84 13 569
13 62 882
62 13 882
13 67 538
67 13 538
13 88 77
88 13 77
13 93 2
93 13 2
13 59 832
59 13 832
13 36 819
36 13 819
14 18 488
18 14 488
14 20 230
20 14 230
14 68 204
68 14 204
14 48 711
48 14 711
14 75 945
75 14 945
14 47 454
47 14 454
14 82 539
82 14 539
14 59 979
59 14 979
14 72 966
72 14 966
14 43 602
43 14 602
14 48 567
48 14 567
15 34 351
34 15 351
15 63 791
63 15 791
15 45 791
45 15 791
15 28 981
28 15 981
16 44 991
44 16 991
16 35 766
35 16 766
16 41 193
41 16 193
16 65 855
65 16 855
16 43 799
43 16 799
16 16 752
16 16 752
17 91 415
91 17 415
17 44 567
44 17 567
17 33 135
33 17 135
18 65 692
65 18 692
18 90 235
90 18 235
18 25 370
25 18 370
18 62 445
62 18 445
18 74 139
74 18 139
18 46 94
46 18 94
18 39 374
39 18 374
19 23 551
23 19 551
19 40 779
40 19 779
19 42 952
42 19 952
19 23 237
23 19 237
19 31 367
31 19 367
19 46 954
46 19 954
19 70 179
70 19 179
19 30 618
30 19 618
19 37 889
37 19 889
19 67 19
67 19 19
19 89 88
89 19 88
20 22 705
22 20 705
20 28 862
28 20 862
20 31 180
31 20 180
20 58 349
58 20 349
20 73 726
73 20 726
20 36 501
36 20 501
20 92 489
92 20 489
20 73 847
73 20 847
21 37 295
37 21 295
21 54 237
54 21 237
21 92 47
92 21 47
21 87 306
87 21 306
21 84 2
84 21 2
21 66 190
66 21 190
21 32 177
32 21 177
21 65 62
65 21 62
21 88 518
88 21 518
22 35 553
35 22 553
22 24 689
24 22 689
22 78 787
78 22 787
22 59 20
59 22 20
23 59 538
59 23 538
23 39 824
39 23 824
23 93 633
93 23 633
23 46 637
46 23 637
23 95 9
95 23 9
24 27 304
27 24 304
24 29 314
29 24 314
24 93 784
93 24 784
24 83 866
83 24 866
24 50 633
50 24 633
24 62 391
62 24 391
25 62 845
62 25 845
25 35 401
35 25 401
25 25 770
25 25 770
25 40 482
40 25 482
25 39 179
39 25 179
25 91 490
91 25 490
25 85 256
85 25 256
26 70 386
70 26 386
26 55 954
55 26 954
26 43 641
43 26 641
26 81 926
81 26 926
26 87 275
87 26 275
26 88 362
88 26 362
27 29 65
29 27 65
27 73 135
73 27 135
28 29 153
29 28 153
28 30 623
30 28 623
28 40 571
40 28 571
28 71 696
71 28 696
29 30 688
30 29 688
29 36 755
36 29 755
29 97 46
97 29 46
29 74 147
74 29 147
29 34 136
34 29 136
29 90 168
90 29 168
29 73 875
73 29 875
30 33 462
33 30 462
30 61 138
61 30 138
30 81 203
81 30 203
30 64 601
64 30 601
30 91 392
91 30 392
31 92 650
92 31 650
31 47 365
47 31 365
31 69 166
69 31 166
31 34 641
34 31 641
31 96 290
96 31 290
32 58 810
58 32 810
32 67 781
67 32 781
32 82 292
82 32 292
32 91 289
91 32 289
32 79 116
79 32 116
32 47 650
47 32 650
32 60 249
60 32 249
33 64 968
64 33 968
33 85 456
85 33 456
33 91 587
91 33 587
33 86 133
86 33 133
33 65 451
65 33 451
33 62 406
62 33 406
34 63 676
63 34 676
34 71 382
71 34 382
34 97 278
97 34 278
34 38 615
38 34 615
34 76 240
76 34 240
34 40 917
40 34 917
34 73 540
73 34 540
34 34 598
34 34 598
34 87 112
87 34 112
35 41 75
41 35 75
35 43 346
43 35 346
35 46 138
46 35 138
35 79 823
79 35 823
35 40 312
40 35 312
35 60 102
60 35 102
35 38 491
38 35 491
35 75 94
75 35 94
35 70 181
70 35 181
36 72 239
72 36 239
36 93 635
93 36 635
36 38 278
38 36 278
37 39 501
39 37 501
37 52 512
52 37 512
37 61 274
61 37 274
37 61 22
61 37 22
37 91 960
91 37 960
37 46 752
46 37 752
37 79 444
79 37 444
37 85 198
85 37 198
38 94 789
94 38 789
38 64 650
64 38 650
38 82 461
82 38 461
38 77 548
77 38 548
39 89 761
89 39 761
39 73 763
73 39 763
39 71 129
71 39 129
39 61 938
61 39 938
40 58 631
58 40 631
40 84 418
84 40 418
40 57 573
57 40 573
40 81 362
81 40 362
41 94 655
94 41 655
41 48 428
48 41 428
41 78 819
78 41 819
41 44 806
44 41 806
41 78 783
78 41 783
42 55 890
55 42 890
42 79 615
79 42 615
42 97 789
97 42 789
42 72 904
72 42 904
42 93 468
93 42 468
43 52 987
52 43 987
43 77 871
77 43 871
43 71 861
71 43 861
43 79 553
79 43 553
43 60 263
60 43 263
44 47 688
47 44 688
44 78 871
78 44 871
44 54 880
54 44 880
45 93 725
93 45 725
45 66 197
66 45 197
45 49 85
49 45 85
46 50 166
50 46 166
46 87 31
87 46 31
46 65 20
65 46 20
46 51 214
51 46 214
47 81 394
81 47 394
47 61 231
61 47 231
47 89 365
89 47 365
47 94 947
94 47 947
48 56 727
56 48 727
48 51 827
51 48 827
48 74 254
74 48 254
49 90 922
90 49 922
49 50 210
50 49 210
49 94 306
94 49 306
49 78 920
78 49 920
50 53 766
53 50 766
50 55 444
55 50 444
51 57 747
57 51 747
51 64 403
64 51 403
51 84 521
84 51 521
51 94 213
94 51 213
51 58 183
58 51 183
51 53 807
53 51 807
51 93 553
93 51 553
52 82 355
82 52 355
52 55 515
55 52 515
52 93 601
93 52 601
52 70 195
70 52 195
53 56 780
56 53 780
53 69 384
69 53 384
53 88 375
88 53 375
53 56 100
56 53 100
54 66 775
66 54 775
55 96 650
96 55 650
55 60 302
60 55 302
55 69 402
69 55 402
55 59 569
59 55 569
56 63 437
63 56 437
56 56 460
56 56 460
57 94 632
94 57 632
57 62 817
62 57 817
57 69 124
69 57 124
57 93 710
93 57 710
57 66 170
66 57 170
58 67 409
67 58 409
58 73 61
73 58 61
58 97 707
97 58 707
58 78 559
78 58 559
58 67 916
67 58 916
59 63 996
63 59 996
59 66 441
66 59 441
60 76 448
76 60 448
60 74 304
74 60 304
60 89 896
89 60 896
61 85 508
85 61 508
61 81 119
81 61 119
62 84 182
84 62 182
62 97 328
97 62 328
62 76 480
76 62 480
63 81 960
81 63 960
63 88 608
88 63 608
64 89 88
89 64 88
64 88 230
88 64 230
64 86 335
86 64 335
65 80 757
80 65 757
65 96 360
96 65 360
65 74 19
74 65 19
65 71 632
71 65 632
66 78 308
78 66 308
66 73 683
73 66 683
66 87 318
87 66 318
66 95 500
95 66 500
67 88 403
88 67 403
67 70 631
70 67 631
67 97 780
97 67 780
67 87 902
87 67 902
69 91 767
91 69 767
70 74 200
74 70 200
70 88 146
88 70 146
70 79 574
79 70 574
70 93 152
93 70 152
72 73 862
73 72 862
72 94 268
94 72 268
73 95 4
95 73 4
73 76 113
76 73 113
73 80 97
80 73 97
74 83 830
83 74 830
74 74 793
74 74 793
75 94 761
94 75 761
76 87 56
87 76 56
76 96 733
96 76 733
76 80 352
80 76 352
76 80 470
80 76 470
76 96 961
96 76 961
77 80 188
80 77 188
77 90 904
90 77 904
79 82 105
82 79 105
79 90 458
90 79 458
80 94 502
94 80 502
80 84 488
84 80 488
81 96 317
96 81 317
81 83 379
83 81 379
82 90 223
90 82 223
84 91 553
91 84 553
88 95 164
95 88 164
88 96 803
96 88 803
91 92 998
92 91 998
