87

0 1 867
1 0 867
0 2 810
2 0 810
0 3 778
3 0 778
0 38 902
38 0 902
0 43 241
43 0 241
0 52 825
52 0 825
0 34 72
34 0 72
0 71 14
71 0 14
0 8 372
8 0 372
0 26 566
26 0 566
0 64 205
64 0 205
0 27 534
27 0 534
0 40 499
40 0 499
0 72 306
72 0 306
0 49 249
49 0 249
0 64 591
64 0 591
0 24 75
24 0 75
1 8 53
8 1 53
1 13 481
13 1 481
1 21 542
21 1 542
1 22 676
22 1 676
1 25 291
25 1 291
1 35 570
35 1 570
1 73 574
73 1 574
1 4 840
4 1 840
1 44 362
44 1 362
1 79 395
79 1 395
1 66 734
66 1 734
1 81 38
81 1 38
1 27 626
27 1 626
1 58 586
58 1 586
1 26 523
26 1 523
1 23 645
23 1 645
2 10 43
10 2 43
2 12 677
12 2 677
2 56 176
56 2 176
2 34 451
34 2 451
2 27 64
27 2 64
2 27 521
27 2 521
2 76 399
76 2 399
2 29 990
29 2 990
2 64 58
64 2 58
2 70 693
70 2 693
2 58 556
58 2 556
2 59 880
59 2 880
3 4 632
4 3 632
3 5 177
5 3 177
3 19 766
19 3 766
3 57 692
57 3 692
3 26 574
26 3 574
3 52 466
52 3 466
3 15 781
15 3 781
3 61 838
61 3 838
3 70 631
70 3 631
3 58 131
58 3 131
3 69 596
69 3 596
4 6 486
6 4 486
4 7 590
7 4 590
4 9 210
9 4 210
4 11 976
11 4 976
4 16 543
16 4 543
4 41 146
41 4 146
4 43 87
43 4 87
4 42 962
42 4 962
4 14 50
14 4 50
4 37 98
37 4 98
4 82 305
82 4 305
4 49 159
49 4 159
4 47 989
47 4 989
4 11 920
11 4 920
4 72 207
72 4 207
5 53 455
53 5 455
5 75 300
75 5 300
5 31 271
31 5 271
5 51 655
51 5 655
5 60 9
60 5 9
5 45 256
45 5 256
5 26 355
26 5 355
5 63 854
63 5 854
5 75 273
75 5 273
5 73 971
73 5 971
5 31 779
31 5 779
6 24 210
24 6 210
6 48 792
48 6 792
6 37 809
37 6 809
6 18 715
18 6 715
6 74 237
74 6 237
6 34 864
34 6 864
6 31 743
31 6 743
6 51 106
51 6 106
6 31 576
31 6 576
6 60 871
60 6 871
7 17 159
17 7 159
7 26 62
26 7 62
7 42 63
42 7 63
7 39 593
39 7 593
7 69 36
69 7 36
7 43 838
43 7 838
7 71 642
71 7 642
7 14 874
14 7 874
7 23 700
23 7 700
7 45 555
45 7 555
7 57 248
57 7 248
8 37 552
37 8 552
8 47 750
47 8 750
8 77 848
77 8 848
8 25 527
25 8 527
8 20 354
20 8 354
8 51 746
51 8 746
8 13 278
13 8 278
8 69 999
69 8 999
8 70 966
70 8 966
8 9 722
9 8 722
8 81 667
81 8 667
8 34 155
34 8 155
8 27 651
27 8 651
9 20 270
20 9 270
9 23 784
23 9 784
9 30 641
30 9 641
9 36 135
36 9 135
9 63 988
63 9 988
9 75 286
75 9 286
9 32 466
32 9 466
9 34 859
34 9 859
9 64 385
64 9 385
9 36 318
36 9 318
10 15 865
15 10 865
10 81 455
81 10 455
10 47 58
47 10 58
10 47 946
47 10 946
10 71 619
71 10 619
10 49 886
49 10 886
10 13 7
13 10 7
10 64 238
64 10 238
10 61 924
61 10 924
10 27 957
27 10 957
10 19 168
19 10 168
10 12 229
12 10 229
11 61 270
61 11 270
11 33 908
33 11 908
11 21 740
21 11 740
11 74 279
74 11 279
11 16 652
16 11 652
11 68 766
68 11 766
11 47 614
47 11 614
11 22 982
22 11 982
11 84 334
84 11 334
12 15 233
15 12 233
12 18 19
18 12 19
12 58 824
58 12 824
12 64 305
64 12 305
12 67 576
67 12 576
12 34 560
34 12 560
12 22 948
22 12 948
12 70 106
70 12 106
12 34 214
34 12 214
13 14 247
14 13 247
13 36 64
36 13 64
13 37 476
37 13 476
13 83 486
83 13 486
13 63 212
63 13 212
13 66 631
66 13 631
13 64 90
64 13 90
13 35 262
35 13 262
13 53 546
53 13 546
14 32 621
32 14 621
14 55 976
55 14 976
14 49 943
49 14 943
14 54 357
54 14 357
14 30 556
30 14 556
14 55 465
55 14 465
14 75 578
75 14 578
14 67 151
67 14 151
14 82 165
82 14 165
14 23 954
23 14 954
14 35 414
35 14 414
15 33 97
33 15 97
15 40 912
40 15 912
15 61 76
61 15 76
15 27 118
27 15 118
15 71 275
71 15 275
15 20 238
20 15 238
15 23 865
23 15 865
15 51 442
51 15 442
15 27 959
27 15 959
15 60 527
60 15 527
15 59 298
59 15 298
15 64 728
64 15 728
15 38 938
38 15 938
15 66 33
66 15 33
15 65 795
65 15 795
16 27 164
27 16 164
16 39 418
39 16 418
16 67 669
67 16 669
16 83 144
83 16 144
16 61 773
61 16 773
16 49 95
49 16 95
17 82 828
82 17 828
17 21 471
21 17 471
17 78 678
78 17 678
17 49 454
49 17 454
17 55 864
55 17 864
17 67 969
67 17 969
17 59 966
59 17 966
17 73 236
73 17 236
17 27 983
27 17 983
17 19 166
19 17 166
17 83 294
83 17 294
17 23 158
23 17 158
17 85 445
85 17 445
17 20 948
20 17 948
17 44 784
44 17 784
17 58 266
58 17 266
17 50 62
50 17 62
18 29 152
29 18 152
18 44 243
44 18 243
18 49 472
49 18 472
18 56 729
56 18 729
18 72 174
72 18 174
18 78 177
78 18 177
18 32 703
32 18 703
18 21 702
21 18 702
18 86 447
86 18 447
18 84 124
84 18 124
18 75 883
75 18 883
18 32 540
32 18 540
18 20 590
20 18 590
18 62 559
62 18 559
19 31 737
31 19 737
19 64 361
64 19 361
19 82 612
82 19 612
19 36 244
36 19 244
19 23 887
23 19 887
19 35 863
35 19 863
19 27 121
27 19 121
20 75 426
75 20 426
20 76 473
76 20 473
20 86 848
86 20 848
20 67 368
67 20 368
20 62 927
62 20 927
20 86 458
86 20 458
20 51 24
51 20 24
20 32 248
32 20 248
20 85 522
85 20 522
20 60 134
60 20 134
20 23 879
23 20 879
20 64 201
64 20 201
20 48 557
48 20 557
20 46 847
46 20 847
21 53 283
53 21 283
21 71 158
71 21 158
21 41 98
41 21 98
21 60 625
60 21 625
21 44 237
44 21 237
21 82 58
82 21 58
21 44 785
44 21 785
21 47 215
47 21 215
21 78 92
78 21 92
21 65 35
65 21 35
22 80 625
80 22 625
22 52 106
52 22 106
22 25 949
25 22 949
22 27 981
27 22 981
22 68 10
68 22 10
23 52 409
52 23 409
23 58 894
58 23 894
23 46 997
46 23 997
23 44 764
44 23 764
23 82 146
82 23 146
23 32 373
32 23 373
23 24 333
24 23 333
24 28 70
28 24 70
24 53 825
53 24 825
24 61 36
61 24 36
24 74 728
74 24 728
24 61 804
61 24 804
24 34 796
34 24 796
24 48 848
48 24 848
24 42 562
42 24 562
25 34 420
34 25 420
25 66 414
66 25 414
25 81 79
81 25 79
25 85 863
85 25 863
25 84 340
84 25 340
25 42 862
42 25 862
25 59 954
59 25 954
25 75 91
75 25 91
25 45 504
45 25 504
25 55 584
55 25 584
25 66 108
66 25 108
25 46 322
46 25 322
26 45 500
45 26 500
26 74 231
74 26 231
26 77 103
77 26 103
26 51 173
51 26 173
27 83 171
83 27 171
27 50 878
50 27 878
27 34 922
34 27 922
27 46 909
46 27 909
27 84 670
84 27 670
27 63 245
63 27 245
27 74 544
74 27 544
27 56 458
56 27 458
27 71 934
71 27 934
28 63 487
63 28 487
28 32 218
32 28 218
28 64 101
64 28 101
28 44 291
44 28 291
28 56 768
56 28 768
29 68 467
68 29 467
29 66 122
66 29 122
29 83 235
83 29 235
29 79 212
79 29 212
29 75 832
75 29 832
29 58 920
58 29 920
29 34 708
34 29 708
29 72 700
72 29 700
29 76 104
76 29 104
30 51 314
51 30 314
30 74 377
74 30 377
30 68 193
68 30 193
30 72 34
72 30 34
30 77 539
77 30 539
31 46 165
46 31 165
31 39 510
39 31 510
31 68 257
68 31 257
31 57 929
57 31 929
31 65 514
65 31 514
31 58 331
58 31 331
31 73 190
73 31 190
31 66 608
66 31 608
31 71 806
71 31 806
31 67 67
67 31 67
31 56 259
56 31 259
31 59 422
59 31 422
32 73 276
73 32 276
32 79 493
79 32 493
32 59 269
59 32 269
33 61 126
61 33 126
33 52 542
52 33 542
33 46 306
46 33 306
33 71 48
71 33 48
33 48 903
48 33 903
33 39 82
39 33 82
33 52 902
52 33 902
33 39 159
39 33 159
34 54 816
54 34 816
34 86 974
86 34 974
34 55 898
55 34 898
34 57 131
57 34 131
34 47 142
47 34 142
34 83 116
83 34 116
34 55 776
55 34 776
34 46 913
46 34 913
34 47 799
47 34 799
35 73 186
73 35 186
35 80 988
80 35 988
35 63 761
63 35 761
35 83 670
83 35 670
35 84 519
84 35 519
35 83 23
83 35 23
36 68 712
68 36 712
36 85 218
85 36 218
36 68 866
68 36 866
36 61 545
61 36 545
36 71 491
71 36 491
36 64 213
64 36 213
37 45 150
45 37 150
37 52 579
52 37 579
37 38 770
38 37 770
38 50 389
50 38 389
38 74 236
74 38 236
38 63 144
63 38 144
38 76 302
76 38 302
38 43 371
43 38 371
38 56 924
56 38 924
38 57 52
57 38 52
39 59 305
59 39 305
39 77 202
77 39 202
39 63 544
63 39 544
39 67 340
67 39 340
39 41 258
41 39 258
39 64 1
64 39 1
39 78 61
78 39 61
39 48 712
48 39 712
40 58 893
58 40 893
40 58 607
58 40 607
40 72 819
72 40 819
40 78 22
78 40 22
40 43 866
43 40 866
40 67 86
67 40 86
40 67 120
67 40 120
41 52 872
52 41 872
41 84 95
84 41 95
41 68 326
68 41 326
41 58 103
58 41 103
41 57 689
57 41 689
41 74 727
74 41 727
41 56 626
56 41 626
41 51 119
51 41 119
42 60 813
60 42 813
42 59 729
59 42 729
42 77 236
77 42 236
42 83 583
83 42 583
42 72 684
72 42 684
43 70 998
70 43 998
43 74 537
74 43 537
43 50 419
50 43 419
43 78 942
78 43 942
43 83 383
83 43 383
43 60 258
60 43 258
43 47 349
47 43 349
44 69 603
69 44 603
44 81 625
81 44 625
44 71 915
71 44 915
44 57 747
57 44 747
45 60 133
60 45 133
45 68 738
68 45 738
45 60 202
60 45 202
45 71 96
71 45 96
46 62 618
62 46 618
46 69 496
69 46 496
46 82 714
82 46 714
46 53 29
53 46 29
46 84 475
84 46 475
46 85 877
85 46 877
47 58 34
58 47 34
47 59 483
59 47 483
47 48 484
48 47 484
47 70 47
70 47 47
47 82 362
82 47 362
47 55 825
55 47 825
47 66 374
66 47 374
48 65 57
65 48 57
48 66 179
66 48 179
48 58 599
58 48 599
48 50 63
50 48 63
48 56 425
56 48 425
48 71 247
71 48 247
49 69 288
69 49 288
49 84 622
84 49 622
49 77 760
77 49 760
49 86 296
86 49 296
50 67 635
67 50 635
50 84 413
84 50 413
50 86 435
86 50 435
50 63 943
63 50 943
50 76 101
76 50 101
50 63 677
63 50 677
50 61 731
61 50 731
50 52 31
52 50 31
50 52 318
52 50 318
50 60 237
60 50 237
50 62 141
62 50 141
51 82 438
82 51 438
51 62 715
62 51 715
51 72 474
72 51 474
51 52 786
52 51 786
51 72 156
72 51 156
51 56 140
56 51 140
51 76 775
76 51 775
51 55 391
55 51 391
51 61 111
61 51 111
52 61 160
61 52 160
52 70 606
70 52 606
52 60 409
60 52 409
53 65 576
65 53 576
53 81 180
81 53 180
53 64 513
64 53 513
53 77 11
77 53 11
54 82 794
82 54 794
55 79 852
79 55 852
55 73 636
73 55 636
55 75 836
75 55 836
55 64 577
64 55 577
55 55 44
55 55 44
55 82 835
82 55 835
56 77 889
77 56 889
56 83 15
83 56 15
57 85 745
85 57 745
57 83 176
83 57 176
57 81 690
81 57 690
58 70 542
70 58 542
58 86 379
86 58 379
58 76 192
76 58 192
58 65 194
65 58 194
58 82 316
82 58 316
58 76 867
76 58 867
59 61 652
61 59 652
59 63 22
63 59 22
59 82 10
82 59 10
59 59 444
59 59 444
60 71 255
71 60 255
60 70 521
70 60 521
60 69 203
69 60 203
60 82 563
82 60 563
60 60 233
60 60 233
60 63 141
63 60 141
61 78 90
78 61 90
61 61 249
61 61 249
61 63 958
63 61 958
62 82 791
82 62 791
62 85 223
85 62 223
62 81 870
81 62 870
62 74 771
74 62 771
63 83 751
83 63 751
63 83 451
83 63 451
63 79 569
79 63 569
63 67 271
67 63 271
63 69 474
69 63 474
64 80 174
80 64 174
64 77 87
77 64 87
64 72 517
72 64 517
64 86 331
86 64 331
65 81 549
81 65 549
65 71 556
71 65 556
66 80 853
80 66 853
67 83 602
83 67 602
68 78 232
78 68 232
69 72 218
72 69 218
69 84 950
84 69 950
69 80 653
80 69 653
70 70 397
70 70 397
70 86 743
86 70 743
70 82 644
82 70 644
70 75 762
75 70 762
70 79 248
79 70 248
70 74 613
74 70 613
70 76 944
76 70 944
71 77 373
77 71 373
72 84 45
84 72 45
72 78 804
78 72 804
73 86 779
86 73 779
74 82 164
82 74 164
75 77 943
77 75 943
76 77 155
77 76 155
76 81 82
81 76 82
78 86 155
86 78 155
79 81 978
81 79 978
79 81 908
81 79 908
80 81 356
81 80 356
80 80 868
80 80 868
85 86 349
86 85 349
