73

0 1 909
1 0 909
0 2 647
2 0 647
0 9 589
9 0 589
0 13 524
13 0 524
0 26 234
26 0 234
0 29 244
29 0 244
0 18 49
18 0 49
0 12 869
12 0 869
0 40 625
40 0 625
0 56 576
56 0 576
0 10 396
10 0 396
0 14 281
14 0 281
0 9 345
9 0 345
0 3 974
3 0 974
0 2 768
2 0 768
0 19 464
19 0 464
0 25 781
25 0 781
0 44 510
44 0 510
0 2 216
2 0 216
0 27 537
27 0 537
0 25 541
25 0 541
0 23 155
23 0 155
0 12 362
12 0 362
1 6 804
6 1 804
1 36 356
36 1 356
1 15 763
15 1 763
1 36 856
36 1 856
1 52 704
52 1 704
1 66 953
66 1 953
1 63 657
63 1 657
1 55 447
55 1 447
1 9 266
9 1 266
2 3 257
3 2 257
2 4 508
4 2 508
2 7 161
7 2 161
2 19 839
19 2 839
2 37 789
37 2 789
2 66 306
66 2 306
2 10 201
10 2 201
2 29 714
29 2 714
2 3 348
3 2 348
2 15 489
15 2 489
2 4 180
4 2 180
2 49 483
49 2 483
2 63 616
63 2 616
2 71 633
71 2 633
2 56 305
56 2 305
2 26 829
26 2 829
2 51 789
51 2 789
2 16 136
16 2 136
2 54 424
54 2 424
2 34 963
34 2 963
3 5 576
5 3 576
3 21 709
21 3 709
3 22 304
22 3 304
3 32 169
32 3 169
3 50 864
50 3 864
3 37 180
37 3 180
3 59 632
59 3 632
3 45 68
45 3 68
3 55 215
55 3 215
3 69 905
69 3 905
3 41 271
41 3 271
3 12 233
12 3 233
3 47 485
47 3 485
3 67 327
67 3 327
3 4 621
4 3 621
3 6 395
6 3 395
3 40 106
40 3 106
4 10 907
10 4 907
4 57 209
57 4 209
4 44 541
44 4 541
4 30 186
30 4 186
4 10 866
10 4 866
4 30 252
30 4 252
4 22 190
22 4 190
4 16 377
16 4 377
4 20 532
20 4 532
4 71 50
71 4 50
4 12 394
12 4 394
4 64 429
64 4 429
4 22 218
22 4 218
4 72 291
72 4 291
4 41 20
41 4 20
4 37 469
37 4 469
5 12 275
12 5 275
5 43 587
43 5 587
5 19 465
19 5 465
5 52 729
52 5 729
5 25 228
25 5 228
5 40 625
40 5 625
5 9 683
9 5 683
5 51 26
51 5 26
5 64 255
64 5 255
5 62 414
62 5 414
5 67 296
67 5 296
5 33 937
33 5 937
5 35 998
35 5 998
5 69 421
69 5 421
5 25 626
25 5 626
5 60 792
60 5 792
5 36 931
36 5 931
6 23 61
23 6 61
6 28 64
28 6 64
6 29 785
29 6 785
6 53 429
53 6 429
6 66 517
66 6 517
6 17 521
17 6 521
6 48 455
48 6 455
6 72 212
72 6 212
6 8 5
8 6 5
6 63 181
63 6 181
6 36 799
36 6 799
6 38 40
38 6 40
6 55 4
55 6 4
6 69 927
69 6 927
6 24 671
24 6 671
6 24 976
24 6 976
6 20 488
20 6 488
6 17 766
17 6 766
7 8 297
8 7 297
7 34 927
34 7 927
7 68 752
68 7 752
7 67 926
67 7 926
7 25 483
25 7 483
7 71 463
71 7 463
7 50 443
50 7 443
7 23 902
23 7 902
7 37 42
37 7 42
7 43 772
43 7 772
7 9 831
9 7 831
7 18 903
18 7 903
8 11 90
11 8 90
8 14 711
14 8 711
8 18 357
18 8 357
8 54 489
54 8 489
8 45 707
45 8 707
8 51 914
51 8 914
8 8 229
8 8 229
8 67 615
67 8 615
8 48 539
48 8 539
8 49 185
49 8 185
8 60 22
60 8 22
8 35 389
35 8 389
8 59 160
59 8 160
8 54 182
54 8 182
8 68 962
68 8 962
8 57 156
57 8 156
9 30 629
30 9 629
9 33 187
33 9 187
9 37 208
37 9 208
9 50 903
50 9 903
9 44 415
44 9 415
9 31 171
31 9 171
9 34 867
34 9 867
9 50 581
50 9 581
9 29 157
29 9 157
9 38 916
38 9 916
9 10 732
10 9 732
9 9 281
9 9 281
9 41 303
41 9 303
9 13 57
13 9 57
10 16 923
16 10 923
10 28 170
28 10 170
10 57 416
57 10 416
10 70 831
70 10 831
10 33 114
33 10 114
10 39 210
39 10 210
10 19 142
19 10 142
10 20 859
20 10 859
11 15 185
15 11 185
11 27 548
27 11 548
11 53 351
53 11 351
11 66 655
66 11 655
11 69 648
69 11 648
11 49 690
49 11 690
11 29 841
29 11 841
11 51 644
51 11 644
11 36 633
36 11 633
11 25 244
25 11 244
11 64 762
64 11 762
11 20 542
20 11 542
11 61 335
61 11 335
11 57 940
57 11 940
11 27 595
27 11 595
11 12 645
12 11 645
11 47 248
47 11 248
11 57 742
57 11 742
12 20 779
20 12 779
12 67 763
67 12 763
12 63 506
63 12 506
12 68 483
68 12 483
12 60 219
60 12 219
12 24 592
24 12 592
12 31 988
31 12 988
12 72 146
72 12 146
12 42 876
42 12 876
12 68 490
68 12 490
12 14 866
14 12 866
12 57 769
57 12 769
13 24 574
24 13 574
13 55 197
55 13 197
13 64 653
64 13 653
13 36 824
36 13 824
13 30 672
30 13 672
13 44 772
44 13 772
13 59 841
59 13 841
13 44 6
44 13 6
13 22 293
22 13 293
13 32 271
32 13 271
14 18 701
18 14 701
14 51 368
51 14 368
14 44 845
44 14 845
14 23 569
23 14 569
14 69 384
69 14 384
14 68 414
68 14 414
14 65 185
65 14 185
14 63 955
63 14 955
14 53 544
53 14 544
14 51 1
51 14 1
15 17 870
17 15 870
15 15 244
15 15 244
15 21 955
21 15 955
15 65 752
65 15 752
15 27 279
27 15 279
15 58 333
58 15 333
15 60 716
60 15 716
15 55 405
55 15 405
15 37 930
37 15 930
15 32 450
32 15 450
16 38 246
38 16 246
16 44 89
44 16 89
16 68 968
68 16 968
16 27 293
27 16 293
16 41 806
41 16 806
16 36 926
36 16 926
16 71 437
71 16 437
16 43 894
43 16 894
16 49 359
49 16 359
16 21 775
21 16 775
16 35 79
35 16 79
16 51 389
51 16 389
17 69 855
69 17 855
17 31 882
31 17 882
17 35 962
35 17 962
17 55 660
55 17 660
17 19 925
19 17 925
17 23 36
23 17 36
17 49 661
49 17 661
17 42 412
42 17 412
17 72 861
72 17 861
17 26 756
26 17 756
17 20 842
20 17 842
17 64 814
64 17 814
17 61 417
61 17 417
18 40 844
40 18 844
18 24 308
24 18 308
18 66 70
66 18 70
18 26 481
26 18 481
18 33 396
33 18 396
18 58 784
58 18 784
18 39 42
39 18 42
18 67 44
67 18 44
18 66 483
66 18 483
18 40 882
40 18 882
18 38 315
38 18 315
18 69 622
69 18 622
18 22 198
22 18 198
18 44 705
44 18 705
18 24 659
24 18 659
19 29 286
29 19 286
19 47 580
47 19 580
19 44 598
44 19 598
19 68 422
68 19 422
19 56 218
56 19 218
19 72 748
72 19 748
19 41 861
41 19 861
20 63 972
63 20 972
20 41 262
41 20 262
20 53 431
53 20 431
20 69 531
69 20 531
20 65 386
65 20 386
20 59 583
59 20 583
20 72 144
72 20 144
20 53 251
53 20 251
20 71 821
71 20 821
20 22 687
22 20 687
20 27 213
27 20 213
20 45 64
45 20 64
20 30 113
30 20 113
20 26 681
26 20 681
20 70 388
70 20 388
20 61 724
61 20 724
20 43 260
43 20 260
20 70 933
70 20 933
21 35 809
35 21 809
21 42 731
42 21 731
21 48 780
48 21 780
21 50 821
50 21 821
21 57 515
57 21 515
21 52 637
52 21 637
21 48 158
48 21 158
21 36 361
36 21 361
21 65 843
65 21 843
21 53 611
53 21 611
21 48 200
48 21 200
21 54 270
54 21 270
21 55 634
55 21 634
21 41 562
41 21 562
22 47 343
47 22 343
22 69 592
69 22 592
22 26 23
26 22 23
22 56 657
56 22 657
22 68 523
68 22 523
22 72 283
72 22 283
22 46 884
46 22 884
22 41 864
41 22 864
23 58 340
58 23 340
23 62 760
62 23 760
23 58 970
58 23 970
23 37 891
37 23 891
23 59 732
59 23 732
23 41 715
41 23 715
23 27 617
27 23 617
23 40 777
40 23 777
23 30 74
30 23 74
23 47 259
47 23 259
24 25 586
25 24 586
24 67 209
67 24 209
24 32 590
32 24 590
24 32 319
32 24 319
24 44 915
44 24 915
24 49 436
49 24 436
24 40 839
40 24 839
24 55 888
55 24 888
25 59 989
59 25 989
25 63 754
63 25 754
25 70 163
70 25 163
25 37 949
37 25 949
25 49 548
49 25 548
25 58 797
58 25 797
25 37 555
37 25 555
25 46 864
46 25 864
25 58 844
58 25 844
25 55 130
55 25 130
25 37 311
37 25 311
25 67 340
67 25 340
26 31 470
31 26 470
26 39 34
39 26 34
26 59 548
59 26 548
26 32 342
32 26 342
26 53 722
53 26 722
26 50 692
50 26 692
26 36 668
36 26 668
27 61 466
61 27 466
27 63 803
63 27 803
27 70 880
70 27 880
27 55 863
55 27 863
27 57 855
57 27 855
27 63 293
63 27 293
27 30 528
30 27 528
27 46 150
46 27 150
27 37 680
37 27 680
28 36 61
36 28 61
28 61 505
61 28 505
28 62 673
62 28 673
28 64 401
64 28 401
28 38 497
38 28 497
28 59 738
59 28 738
28 48 657
48 28 657
28 72 488
72 28 488
28 51 978
51 28 978
29 69 628
69 29 628
29 47 756
47 29 756
29 58 649
58 29 649
29 50 814
50 29 814
29 47 405
47 29 405
29 57 925
57 29 925
29 33 147
33 29 147
29 61 403
61 29 403
30 46 423
46 30 423
30 47 562
47 30 562
30 53 156
53 30 156
30 44 610
44 30 610
30 58 914
58 30 914
30 45 52
45 30 52
30 53 989
53 30 989
30 42 328
42 30 328
30 33 819
33 30 819
30 56 65
56 30 65
30 45 729
45 30 729
30 44 408
44 30 408
30 46 45
46 30 45
30 69 659
69 30 659
31 53 663
53 31 663
31 61 61
61 31 61
31 34 339
34 31 339
31 40 381
40 31 381
31 35 83
35 31 83
31 32 831
32 31 831
31 40 387
40 31 387
31 38 725
38 31 725
31 69 581
69 31 581
31 66 657
66 31 657
31 60 54
60 31 54
31 32 332
32 31 332
31 49 996
49 31 996
32 47 366
47 32 366
32 59 454
59 32 454
32 53 870
53 32 870
32 63 957
63 32 957
33 34 423
34 33 423
33 35 279
35 33 279
33 51 979
51 33 979
33 34 543
34 33 543
33 43 397
43 33 397
33 72 94
72 33 94
33 65 800
65 33 800
33 41 181
41 33 181
33 58 532
58 33 532
33 45 68
45 33 68
33 69 230
69 33 230
33 52 380
52 33 380
33 34 103
34 33 103
34 55 489
55 34 489
34 53 66
53 34 66
34 62 877
62 34 877
34 35 187
35 34 187
34 37 17
37 34 17
34 52 8
52 34 8
34 38 184
38 34 184
34 71 980
71 34 980
34 69 293
69 34 293
34 59 926
59 34 926
34 51 252
51 34 252
34 65 397
65 34 397
35 40 250
40 35 250
35 70 716
70 35 716
35 62 992
62 35 992
35 64 348
64 35 348
35 70 544
70 35 544
35 54 756
54 35 756
35 42 136
42 35 136
35 68 605
68 35 605
35 38 296
38 35 296
36 61 56
61 36 56
36 72 278
72 36 278
37 51 100
51 37 100
37 71 969
71 37 969
37 63 551
63 37 551
37 44 74
44 37 74
37 69 648
69 37 648
37 37 317
37 37 317
37 42 1
42 37 1
37 57 158
57 37 158
37 38 358
38 37 358
37 38 390
38 37 390
37 39 812
39 37 812
38 57 144
57 38 144
38 52 85
52 38 85
38 39 255
39 38 255
38 45 463
45 38 463
38 60 163
60 38 163
39 45 541
45 39 541
39 66 973
66 39 973
39 60 308
60 39 308
39 67 469
67 39 469
39 70 152
70 39 152
39 62 698
62 39 698
40 41 551
41 40 551
40 48 174
48 40 174
40 49 887
49 40 887
40 48 618
48 40 618
40 49 332
49 40 332
40 70 701
70 40 701
40 51 427
51 40 427
40 66 90
66 40 90
40 62 800
62 40 800
41 72 320
72 41 320
41 49 249
49 41 249
41 59 794
59 41 794
41 71 499
71 41 499
41 51 990
51 41 990
41 66 81
66 41 81
41 59 676
59 41 676
42 49 928
49 42 928
42 43 715
43 42 715
42 46 983
46 42 983
42 61 914
61 42 914
43 60 990
60 43 990
43 45 644
45 43 644
43 59 844
59 43 844
43 48 202
48 43 202
43 65 886
65 43 886
43 54 782
54 43 782
44 67 530
67 44 530
44 53 181
53 44 181
44 58 56
58 44 56
44 57 161
57 44 161
44 60 290
60 44 290
45 46 15
46 45 15
45 55 350
55 45 350
45 51 887
51 45 887
45 55 986
55 45 986
45 54 664
54 45 664
45 52 764
52 45 764
45 64 163
64 45 163
45 53 763
53 45 763
46 55 674
55 46 674
46 65 580
65 46 580
46 70 300
70 46 300
46 69 741
69 46 741
46 62 329
62 46 329
46 50 832
50 46 832
47 57 767
57 47 767
47 65 359
65 47 359
47 64 238
64 47 238
47 49 665
49 47 665
48 48 27
48 48 27
48 59 525
59 48 525
48 56 934
56 48 934
48 71 540
71 48 540
49 52 572
52 49 572
49 69 165
69 49 165
49 51 961
51 49 961
49 50 669
50 49 669
49 61 524
61 49 524
49 72 250
72 49 250
50 56 955
56 50 955
50 64 581
64 50 581
50 72 687
72 50 687
50 54 276
54 50 276
50 62 829
62 50 829
50 65 492
65 50 492
51 68 643
68 51 643
51 66 381
66 51 381
51 67 698
67 51 698
51 58 628
58 51 628
52 65 965
65 52 965
52 65 264
65 52 264
52 63 208
63 52 208
52 65 483
65 52 483
53 66 123
66 53 123
53 54 37
54 53 37
53 57 37
57 53 37
53 71 713
71 53 713
53 61 691
61 53 691
53 55 466
55 53 466
53 70 845
70 53 845
53 61 173
61 53 173
53 54 450
54 53 450
54 61 352
61 54 352
55 69 937
69 55 937
55 57 289
57 55 289
56 57 868
57 56 868
56 58 232
58 56 232
57 62 439
62 57 439
57 66 639
66 57 639
57 71 889
71 57 889
57 63 76
63 57 76
57 71 264
71 57 264
57 64 762
64 57 762
57 62 873
62 57 873
57 62 301
62 57 301
58 59 634
59 58 634
58 71 50
71 58 50
59 66 358
66 59 358
59 65 414
65 59 414
61 62 90
62 61 90
61 65 334
65 61 334
61 66 546
66 61 546
61 71 617
71 61 617
62 64 249
64 62 249
63 66 676
66 63 676
65 67 187
67 65 187
66 70 567
70 66 567
66 71 464
71 66 464
66 66 288
66 66 288
66 70 334
70 66 334
66 72 289
72 66 289
68 68 284
68 68 284
68 72 696
72 68 696
70 71 697
71 70 697
