71

0 1 304
1 0 304
0 3 311
3 0 311
0 6 669
6 0 669
0 7 83
7 0 83
0 8 841
8 0 841
0 16 185
16 0 185
0 34 906
34 0 906
0 59 420
59 0 420
0 29 556
29 0 556
0 19 267
19 0 267
0 65 828
65 0 828
0 54 962
54 0 962
0 7 719
7 0 719
0 10 94
10 0 94
0 42 87
42 0 87
0 62 514
62 0 514
0 62 830
62 0 830
0 68 317
68 0 317
0 11 656
11 0 656
0 70 252
70 0 252
0 8 99
8 0 99
0 36 877
36 0 877
0 21 758
21 0 758
0 27 128
27 0 128
0 8 695
8 0 695
0 16 36
16 0 36
0 19 870
19 0 870
0 68 201
68 0 201
0 54 959
54 0 959
0 31 480
31 0 480
0 41 326
41 0 326
0 4 206
4 0 206
0 57 887
57 0 887
0 35 17
35 0 17
0 54 960
54 0 960
1 2 914
2 1 914
1 52 593
52 1 593
1 23 47
23 1 47
1 36 555
36 1 555
1 44 34
44 1 34
1 7 508
7 1 508
1 59 142
59 1 142
1 52 330
52 1 330
1 65 474
65 1 474
1 62 206
62 1 206
1 7 752
7 1 752
1 62 995
62 1 995
1 19 109
19 1 109
1 10 222
10 1 222
2 5 917
5 2 917
2 18 679
18 2 679
2 20 689
20 2 689
2 34 804
34 2 804
2 70 490
70 2 490
2 38 982
38 2 982
2 27 806
27 2 806
2 69 97
69 2 97
2 51 748
51 2 748
2 3 194
3 2 194
2 20 277
20 2 277
2 59 869
59 2 869
2 53 173
53 2 173
2 17 730
17 2 730
2 17 9
17 2 9
2 56 236
56 2 236
2 15 540
15 2 540
2 69 391
69 2 391
2 7 221
7 2 221
2 45 801
45 2 801
2 8 430
8 2 430
2 12 176
12 2 176
2 13 949
13 2 949
2 54 849
54 2 849
2 51 939
51 2 939
3 4 51
4 3 51
3 10 546
10 3 546
3 14 610
14 3 610
3 16 754
16 3 754
3 50 968
50 3 968
3 58 505
58 3 505
3 18 681
18 3 681
3 65 251
65 3 251
3 68 181
68 3 181
3 11 811
11 3 811
3 32 704
32 3 704
3 23 152
23 3 152
3 42 714
42 3 714
3 9 323
9 3 323
3 55 290
55 3 290
3 61 46
61 3 46
3 4 161
4 3 161
3 67 393
67 3 393
3 60 934
60 3 934
3 27 648
27 3 648
3 69 996
69 3 996
3 9 384
9 3 384
3 57 577
57 3 577
3 4 269
4 3 269
3 47 706
47 3 706
4 9 72
9 4 72
4 12 165
12 4 165
4 55 594
55 4 594
4 56 208
56 4 208
4 50 183
50 4 183
4 12 145
12 4 145
4 67 107
67 4 107
4 21 638
21 4 638
4 41 226
41 4 226
4 61 393
61 4 393
4 50 443
50 4 443
4 35 238
35 4 238
4 13 352
13 4 352
4 16 478
16 4 478
4 59 742
59 4 742
4 44 941
44 4 941
4 12 164
12 4 164
4 26 740
26 4 740
4 65 576
65 4 576
4 62 769
62 4 769
4 16 2
16 4 2
4 5 484
5 4 484
4 18 966
18 4 966
5 17 755
17 5 755
5 63 988
63 5 988
5 65 310
65 5 310
5 64 791
64 5 791
5 12 328
12 5 328
5 22 768
22 5 768
5 62 485
62 5 485
5 15 335
15 5 335
5 68 375
68 5 375
5 61 408
61 5 408
5 25 761
25 5 761
5 11 369
11 5 369
5 14 764
14 5 764
5 44 482
44 5 482
5 37 728
37 5 728
5 9 403
9 5 403
5 44 575
44 5 575
5 33 722
33 5 722
5 17 279
17 5 279
5 39 629
39 5 629
5 70 692
70 5 692
5 69 117
69 5 117
6 32 90
32 6 90
6 67 874
67 6 874
6 48 291
48 6 291
6 48 841
48 6 841
6 45 50
45 6 50
6 66 236
66 6 236
6 60 400
60 6 400
6 6 263
6 6 263
6 68 432
68 6 432
6 58 510
58 6 510
6 65 592
65 6 592
6 26 207
26 6 207
6 54 521
54 6 521
6 51 464
51 6 464
6 62 166
62 6 166
7 26 835
26 7 835
7 68 198
68 7 198
7 23 890
23 7 890
7 28 381
28 7 381
7 28 969
28 7 969
7 39 253
39 7 253
7 16 825
16 7 825
7 13 448
13 7 448
7 41 250
41 7 250
7 27 671
27 7 671
7 49 512
49 7 512
7 64 137
64 7 137
7 10 174
10 7 174
7 11 464
11 7 464
7 37 489
37 7 489
7 20 371
20 7 371
7 25 874
25 7 874
7 41 180
41 7 180
7 39 767
39 7 767
7 41 318
41 7 318
7 43 872
43 7 872
7 17 54
17 7 54
7 22 611
22 7 611
7 28 251
28 7 251
7 35 294
35 7 294
7 62 319
62 7 319
8 56 157
56 8 157
8 22 662
22 8 662
8 28 943
28 8 943
8 48 376
48 8 376
8 58 89
58 8 89
8 36 886
36 8 886
8 10 23
10 8 23
8 12 665
12 8 665
8 55 673
55 8 673
8 47 353
47 8 353
8 67 6
67 8 6
8 61 403
61 8 403
8 35 991
35 8 991
9 23 553
23 9 553
9 67 143
67 9 143
9 67 415
67 9 415
9 34 571
34 9 571
9 70 693
70 9 693
9 33 564
33 9 564
9 24 34
24 9 34
9 61 309
61 9 309
9 26 507
26 9 507
9 36 13
36 9 13
9 60 828
60 9 828
9 18 890
18 9 890
9 46 324
46 9 324
9 53 343
53 9 343
9 60 922
60 9 922
9 52 213
52 9 213
9 69 469
69 9 469
9 45 419
45 9 419
10 11 870
11 10 870
10 62 546
62 10 546
10 70 434
70 10 434
10 39 238
39 10 238
10 32 970
32 10 970
10 44 592
44 10 592
10 25 484
25 10 484
10 54 924
54 10 924
10 44 297
44 10 297
10 63 416
63 10 416
10 49 832
49 10 832
10 12 141
12 10 141
10 64 810
64 10 810
11 13 705
13 11 705
11 15 173
15 11 173
11 40 638
40 11 638
11 13 197
13 11 197
11 50 340
50 11 340
11 67 767
67 11 767
11 35 430
35 11 430
11 35 295
35 11 295
11 17 661
17 11 661
11 60 306
60 11 306
11 23 866
23 11 866
11 15 114
15 11 114
12 22 189
22 12 189
12 69 992
69 12 992
12 13 404
13 12 404
12 70 336
70 12 336
12 51 941
51 12 941
12 14 612
14 12 612
12 16 891
16 12 891
12 47 288
47 12 288
12 35 172
35 12 172
12 20 881
20 12 881
12 24 686
24 12 686
12 23 183
23 12 183
12 62 151
62 12 151
12 47 462
47 12 462
12 63 9
63 12 9
12 25 630
25 12 630
12 27 368
27 12 368
13 38 285
38 13 285
13 66 852
66 13 852
13 60 495
60 13 495
13 66 249
66 13 249
13 17 792
17 13 792
13 45 112
45 13 112
13 25 726
25 13 726
13 25 732
25 13 732
13 42 890
42 13 890
13 27 592
27 13 592
13 31 383
31 13 383
13 14 208
14 13 208
13 38 767
38 13 767
14 19 570
19 14 570
14 28 923
28 14 923
14 68 482
68 14 482
14 37 883
37 14 883
14 29 18
29 14 18
14 36 684
36 14 684
14 18 35
18 14 35
15 23 162
23 15 162
15 63 411
63 15 411
15 58 657
58 15 657
15 31 862
31 15 862
15 16 316
16 15 316
15 62 9
62 15 9
15 23 508
23 15 508
15 31 164
31 15 164
15 27 687
27 15 687
15 49 246
49 15 246
15 26 556
26 15 556
15 48 322
48 15 322
15 50 355
50 15 355
15 47 64
47 15 64
15 61 956
61 15 956
15 53 670
53 15 670
15 18 838
18 15 838
15 57 666
57 15 666
16 43 820
43 16 820
16 28 1
28 16 1
16 23 670
23 16 670
16 33 974
33 16 974
16 47 911
47 16 911
16 36 873
36 16 873
16 67 715
67 16 715
16 53 737
53 16 737
16 64 16
64 16 16
16 41 749
41 16 749
16 25 933
25 16 933
16 44 909
44 16 909
16 55 597
55 16 597
16 52 655
52 16 655
16 30 143
30 16 143
16 38 630
38 16 630
16 25 297
25 16 297
16 39 357
39 16 357
16 41 801
41 16 801
17 41 71
41 17 71
17 26 606
26 17 606
17 25 909
25 17 909
17 37 935
37 17 935
17 64 420
64 17 420
17 63 198
63 17 198
17 70 942
70 17 942
17 58 826
58 17 826
17 70 95
70 17 95
17 27 93
27 17 93
17 47 421
47 17 421
17 21 17
21 17 17
17 48 201
48 17 201
17 64 287
64 17 287
17 21 698
21 17 698
18 21 352
21 18 352
18 30 172
30 18 172
18 31 140
31 18 140
18 61 561
61 18 561
18 42 936
42 18 936
18 38 82
38 18 82
18 41 441
41 18 441
18 19 572
19 18 572
18 20 834
20 18 834
18 33 354
33 18 354
18 42 985
42 18 985
18 62 812
62 18 812
18 35 192
35 18 192
18 52 283
52 18 283
18 45 811
45 18 811
18 27 97
27 18 97
18 68 364
68 18 364
18 33 659
33 18 659
19 51 380
51 19 380
19 51 97
51 19 97
19 46 406
46 19 406
19 62 550
62 19 550
19 34 631
34 19 631
19 25 36
25 19 36
19 38 882
38 19 882
19 54 622
54 19 622
19 32 355
32 19 355
19 59 198
59 19 198
19 26 75
26 19 75
19 35 373
35 19 373
19 55 224
55 19 224
19 26 920
26 19 920
19 60 183
60 19 183
19 57 879
57 19 879
20 27 765
27 20 765
20 53 943
53 20 943
20 58 572
58 20 572
20 65 871
65 20 871
20 36 339
36 20 339
20 32 451
32 20 451
20 29 817
29 20 817
20 61 193
61 20 193
20 64 46
64 20 46
20 32 596
32 20 596
20 59 745
59 20 745
20 23 164
23 20 164
20 62 908
62 20 908
20 31 806
31 20 806
20 47 788
47 20 788
20 60 505
60 20 505
20 70 267
70 20 267
20 37 361
37 20 361
21 33 522
33 21 522
21 37 37
37 21 37
21 42 611
42 21 611
21 70 131
70 21 131
21 64 311
64 21 311
21 48 490
48 21 490
21 62 387
62 21 387
21 63 151
63 21 151
21 67 332
67 21 332
21 41 821
41 21 821
21 24 605
24 21 605
21 67 876
67 21 876
22 52 464
52 22 464
22 52 617
52 22 617
22 28 964
28 22 964
22 35 916
35 22 916
22 27 924
27 22 924
22 69 963
69 22 963
22 55 562
55 22 562
22 67 786
67 22 786
22 60 689
60 22 689
22 63 607
63 22 607
22 49 487
49 22 487
22 55 491
55 22 491
22 37 298
37 22 298
22 33 321
33 22 321
22 51 791
51 22 791
22 64 660
64 22 660
22 47 493
47 22 493
23 24 981
24 23 981
23 37 641
37 23 641
23 43 542
43 23 542
23 38 189
38 23 189
23 41 268
41 23 268
23 43 148
43 23 148
24 25 547
25 24 547
24 29 446
29 24 446
24 57 192
57 24 192
24 51 38
51 24 38
24 46 632
46 24 632
24 58 149
58 24 149
24 38 674
38 24 674
24 51 300
51 24 300
24 67 157
67 24 157
24 55 883
55 24 883
24 58 971
58 24 971
24 38 275
38 24 275
24 43 969
43 24 969
24 66 310
66 24 310
24 58 137
58 24 137
24 36 147
36 24 147
24 25 696
25 24 696
24 30 403
30 24 403
24 57 660
57 24 660
24 42 496
42 24 496
24 56 957
56 24 957
24 68 799
68 24 799
24 29 155
29 24 155
24 40 305
40 24 305
25 39 135
39 25 135
25 46 342
46 25 342
25 50 589
50 25 589
25 46 356
46 25 356
25 47 184
47 25 184
25 60 523
60 25 523
25 43 697
43 25 697
25 37 910
37 25 910
25 37 221
37 25 221
25 64 249
64 25 249
25 46 700
46 25 700
25 50 833
50 25 833
25 56 625
56 25 625
25 62 759
62 25 759
25 38 742
38 25 742
25 41 246
41 25 246
25 69 514
69 25 514
25 53 822
53 25 822
25 48 908
48 25 908
26 36 292
36 26 292
26 60 110
60 26 110
26 59 606
59 26 606
26 62 9
62 26 9
26 44 266
44 26 266
26 37 35
37 26 35
27 34 462
34 27 462
27 27 22
27 27 22
27 46 775
46 27 775
27 41 386
41 27 386
27 31 787
31 27 787
27 61 766
61 27 766
27 70 184
70 27 184
27 61 485
61 27 485
27 48 634
48 27 634
27 69 778
69 27 778
27 31 651
31 27 651
27 39 393
39 27 393
27 38 395
38 27 395
28 56 675
56 28 675
28 66 637
66 28 637
28 61 182
61 28 182
28 30 718
30 28 718
28 34 984
34 28 984
28 54 715
54 28 715
28 60 886
60 28 886
28 41 235
41 28 235
28 35 762
35 28 762
28 57 559
57 28 559
28 68 660
68 28 660
29 60 537
60 29 537
29 56 141
56 29 141
29 62 208
62 29 208
29 55 907
55 29 907
29 65 403
65 29 403
29 46 791
46 29 791
29 61 114
61 29 114
29 55 29
55 29 29
29 67 372
67 29 372
29 36 105
36 29 105
29 42 732
42 29 732
30 42 668
42 30 668
30 40 277
40 30 277
30 50 914
50 30 914
30 67 644
67 30 644
30 64 170
64 30 170
30 66 27
66 30 27
30 36 563
36 30 563
30 64 647
64 30 647
30 69 558
69 30 558
30 35 129
35 30 129
30 57 461
57 30 461
30 57 380
57 30 380
30 47 221
47 30 221
30 33 748
33 30 748
31 48 506
48 31 506
31 37 901
37 31 901
31 67 829
67 31 829
31 54 301
54 31 301
31 42 935
42 31 935
31 41 893
41 31 893
31 52 462
52 31 462
31 67 459
67 31 459
31 58 774
58 31 774
31 33 26
33 31 26
31 68 847
68 31 847
31 33 579
33 31 579
31 47 45
47 31 45
31 65 54
65 31 54
32 49 615
49 32 615
32 36 537
36 32 537
32 33 844
33 32 844
32 63 183
63 32 183
32 70 39
70 32 39
32 49 862
49 32 862
32 44 295
44 32 295
32 39 975
39 32 975
32 45 233
45 32 233
33 39 625
39 33 625
33 42 272
42 33 272
33 47 235
47 33 235
33 40 70
40 33 70
33 60 187
60 33 187
33 51 569
51 33 569
33 57 888
57 33 888
33 65 982
65 33 982
33 58 260
58 33 260
33 68 994
68 33 994
33 56 452
56 33 452
34 35 841
35 34 841
34 50 451
50 34 451
34 51 383
51 34 383
34 38 457
38 34 457
34 35 125
35 34 125
34 64 282
64 34 282
34 54 606
54 34 606
34 67 808
67 34 808
34 52 373
52 34 373
34 65 925
65 34 925
34 60 527
60 34 527
34 68 962
68 34 962
34 48 551
48 34 551
34 46 716
46 34 716
34 47 126
47 34 126
34 42 446
42 34 446
35 41 786
41 35 786
35 44 793
44 35 793
35 51 973
51 35 973
35 50 586
50 35 586
35 43 6
43 35 6
35 57 554
57 35 554
35 66 9
66 35 9
35 39 882
39 35 882
35 64 16
64 35 16
35 58 830
58 35 830
35 46 81
46 35 81
35 61 858
61 35 858
35 41 639
41 35 639
36 65 118
65 36 118
36 55 965
55 36 965
36 62 314
62 36 314
36 43 681
43 36 681
36 65 155
65 36 155
36 56 124
56 36 124
36 43 405
43 36 405
36 55 294
55 36 294
36 58 358
58 36 358
36 50 883
50 36 883
37 43 54
43 37 54
37 46 903
46 37 903
37 62 743
62 37 743
37 60 86
60 37 86
37 37 296
37 37 296
37 37 632
37 37 632
37 47 188
47 37 188
37 44 622
44 37 622
37 65 341
65 37 341
37 57 530
57 37 530
37 63 761
63 37 761
38 47 872
47 38 872
38 54 963
54 38 963
38 55 95
55 38 95
38 62 47
62 38 47
38 70 460
70 38 460
38 60 418
60 38 418
38 46 192
46 38 192
38 44 573
44 38 573
39 45 371
45 39 371
39 39 223
39 39 223
40 70 180
70 40 180
40 52 689
52 40 689
40 68 140
68 40 140
40 44 977
44 40 977
40 40 874
40 40 874
40 45 340
45 40 340
40 58 469
58 40 469
40 52 221
52 40 221
40 49 989
49 40 989
40 54 803
54 40 803
41 48 653
48 41 653
41 57 724
57 41 724
41 66 295
66 41 295
41 55 559
55 41 559
41 63 149
63 41 149
41 63 30
63 41 30
41 65 897
65 41 897
41 68 234
68 41 234
41 56 509
56 41 509
41 50 194
50 41 194
41 69 396
69 41 396
42 66 170
66 42 170
42 55 596
55 42 596
42 45 730
45 42 730
42 67 784
67 42 784
42 46 4
46 42 4
42 64 716
64 42 716
42 64 9
64 42 9
43 47 945
47 43 945
43 48 957
48 43 957
43 70 407
70 43 407
43 50 704
50 43 704
43 48 792
48 43 792
44 45 589
45 44 589
44 50 189
50 44 189
44 56 850
56 44 850
44 58 968
58 44 968
44 55 326
55 44 326
44 60 122
60 44 122
44 65 128
65 44 128
44 50 476
50 44 476
44 45 717
45 44 717
44 67 494
67 44 494
44 55 14
55 44 14
44 63 132
63 44 132
44 47 18
47 44 18
45 67 583
67 45 583
45 46 105
46 45 105
45 63 891
63 45 891
45 48 917
48 45 917
45 66 178
66 45 178
45 46 792
46 45 792
45 56 157
56 45 157
46 66 678
66 46 678
46 70 615
70 46 615
46 54 231
54 46 231
46 47 357
47 46 357
46 57 506
57 46 506
46 57 3
57 46 3
46 48 943
48 46 943
47 49 445
49 47 445
47 65 793
65 47 793
47 69 604
69 47 604
47 49 565
49 47 565
47 57 851
57 47 851
47 62 169
62 47 169
48 59 936
59 48 936
48 62 396
62 48 396
48 57 839
57 48 839
48 48 408
48 48 408
48 57 528
57 48 528
48 64 340
64 48 340
49 64 510
64 49 510
49 70 741
70 49 741
49 61 906
61 49 906
49 60 193
60 49 193
49 68 580
68 49 580
49 63 479
63 49 479
49 52 15
52 49 15
49 59 888
59 49 888
49 67 925
67 49 925
49 69 481
69 49 481
50 51 901
51 50 901
50 70 357
70 50 357
50 70 63
70 50 63
50 66 544
66 50 544
50 54 948
54 50 948
51 53 433
53 51 433
51 51 916
51 51 916
51 66 956
66 51 956
51 52 78
52 51 78
51 66 707
66 51 707
51 52 657
52 51 657
52 60 566
60 52 566
52 53 301
53 52 301
52 62 409
62 52 409
52 55 119
55 52 119
52 61 769
61 52 769
52 67 561
67 52 561
53 69 180
69 53 180
53 56 486
56 53 486
53 60 672
60 53 672
53 66 928
66 53 928
54 59 323
59 54 323
54 67 267
67 54 267
54 67 675
67 54 675
54 60 704
60 54 704
54 66 960
66 54 960
55 70 595
70 55 595
55 64 827
64 55 827
55 57 697
57 55 697
56 59 1000
59 56 1000
56 70 833
70 56 833
56 64 203
64 56 203
57 61 256
61 57 256
57 58 859
58 57 859
57 58 913
58 57 913
58 64 541
64 58 541
58 64 166
64 58 166
58 59 543
59 58 543
59 70 652
70 59 652
59 62 245
62 59 245
59 66 971
66 59 971
59 63 886
63 59 886
59 67 29
67 59 29
60 69 886
69 60 886
60 69 873
69 60 873
60 68 829
68 60 829
60 64 22
64 60 22
60 70 130
70 60 130
60 61 956
61 60 956
60 68 182
68 60 182
61 63 209
63 61 209
61 66 261
66 61 261
61 65 455
65 61 455
62 65 325
65 62 325
63 66 469
66 63 469
63 69 231
69 63 231
65 65 826
65 65 826
66 69 928
69 66 928
68 70 367
70 68 367
68 69 996
69 68 996
