49

0 1 474
1 0 474
0 2 855
2 0 855
0 11 533
11 0 533
0 12 457
12 0 457
0 13 569
13 0 569
1 5 102
5 1 102
1 10 122
10 1 122
1 38 801
38 1 801
1 16 75
16 1 75
2 3 612
3 2 612
2 6 123
6 2 123
2 44 431
44 2 431
3 4 104
4 3 104
3 7 520
7 3 520
3 34 611
34 3 611
3 6 545
6 3 545
4 17 732
17 4 732
5 29 238
29 5 238
6 8 705
8 6 705
6 9 700
9 6 700
6 23 559
23 6 559
6 25 581
25 6 581
6 46 9
46 6 9
6 10 668
10 6 668
7 16 550
16 7 550
7 18 270
18 7 270
7 26 944
26 7 944
8 20 33
20 8 33
8 39 425
39 8 425
10 27 137
27 10 137
10 37 729
37 10 729
10 18 615
18 10 615
11 37 680
37 11 680
12 14 566
14 12 566
12 41 417
41 12 417
12 47 725
47 12 725
13 15 714
15 13 714
13 21 793
21 13 793
13 25 708
25 13 708
15 33 585
33 15 585
16 19 439
19 16 439
16 28 450
28 16 450
17 32 593
32 17 593
18 22 175
22 18 175
19 24 317
24 19 317
19 35 553
35 19 553
21 40 305
40 21 305
23 43 127
43 23 127
24 30 718
30 24 718
24 45 399
45 24 399
24 38 374
38 24 374
24 39 680
39 24 680
25 31 80
31 25 80
26 42 601
42 26 601
28 36 377
36 28 377
34 38 946
38 34 946
37 46 488
46 37 488
44 48 767
48 44 767
