22

0 1 549
1 0 549
0 3 998
3 0 998
0 12 718
12 0 718
0 8 773
8 0 773
0 21 629
21 0 629
0 16 895
16 0 895
0 12 943
12 0 943
0 12 444
12 0 444
0 8 94
8 0 94
0 18 402
18 0 402
0 17 750
17 0 750
0 7 141
7 0 141
0 15 286
15 0 286
0 2 563
2 0 563
0 12 830
12 0 830
0 19 42
19 0 42
0 21 537
21 0 537
0 9 220
9 0 220
0 2 982
2 0 982
1 2 62
2 1 62
1 16 376
16 1 376
1 17 357
17 1 357
1 12 607
12 1 607
1 15 811
15 1 811
1 7 221
7 1 221
1 4 693
4 1 693
1 21 877
21 1 877
1 3 586
3 1 586
1 5 828
5 1 828
1 4 618
4 1 618
1 4 793
4 1 793
1 16 725
16 1 725
1 3 856
3 1 856
1 18 797
18 1 797
2 5 763
5 2 763
2 8 502
8 2 502
2 17 384
17 2 384
2 21 332
21 2 332
2 10 383
10 2 383
2 11 270
11 2 270
2 12 763
12 2 763
2 12 417
12 2 417
2 15 167
15 2 167
2 10 754
10 2 754
2 5 875
5 2 875
2 18 463
18 2 463
2 12 429
12 2 429
2 6 805
6 2 805
2 10 541
10 2 541
2 18 22
18 2 22
2 6 891
6 2 891
2 8 371
8 2 371
2 3 237
3 2 237
2 9 56
9 2 56
3 4 49
4 3 49
3 9 775
9 3 775
3 17 570
17 3 570
3 18 334
18 3 334
3 16 351
16 3 351
3 11 906
11 3 906
3 11 572
11 3 572
3 13 723
13 3 723
3 16 658
16 3 658
3 6 336
6 3 336
3 5 525
5 3 525
3 14 600
14 3 600
3 10 847
10 3 847
3 18 42
18 3 42
3 18 106
18 3 106
3 21 23
21 3 23
3 19 181
19 3 181
3 6 20
6 3 20
3 16 115
16 3 115
3 16 692
16 3 692
3 15 405
15 3 405
4 6 353
6 4 353
4 12 211
12 4 211
4 9 641
9 4 641
4 16 769
16 4 769
4 17 777
17 4 777
4 11 444
11 4 444
4 5 977
5 4 977
4 21 376
21 4 376
4 18 313
18 4 313
4 16 983
16 4 983
4 10 756
10 4 756
4 17 479
17 4 479
4 6 817
6 4 817
4 15 411
15 4 411
4 21 739
21 4 739
4 12 305
12 4 305
5 7 888
7 5 888
5 15 69
15 5 69
5 13 703
13 5 703
5 20 324
20 5 324
5 9 901
9 5 901
5 20 239
20 5 239
5 20 796
20 5 796
5 7 557
7 5 557
5 18 809
18 5 809
5 17 388
17 5 388
5 9 401
9 5 401
5 21 494
21 5 494
5 11 232
11 5 232
5 12 811
12 5 811
6 15 561
15 6 561
6 21 104
21 6 104
6 21 348
21 6 348
6 11 28
11 6 28
6 9 239
9 6 239
6 14 363
14 6 363
6 21 210
21 6 210
6 19 168
19 6 168
6 17 190
17 6 190
6 20 142
20 6 142
7 14 158
14 7 158
7 11 361
11 7 361
7 19 236
19 7 236
7 16 153
16 7 153
7 19 345
19 7 345
7 15 554
15 7 554
7 15 840
15 7 840
7 18 161
18 7 161
7 19 716
19 7 716
7 9 267
9 7 267
7 10 546
10 7 546
7 21 185
21 7 185
7 18 826
18 7 826
7 18 45
18 7 45
8 11 635
11 8 635
8 10 609
10 8 609
8 10 88
10 8 88
8 21 79
21 8 79
8 8 288
8 8 288
8 13 332
13 8 332
8 15 980
15 8 980
8 19 343
19 8 343
8 19 792
19 8 792
8 8 724
8 8 724
8 19 595
19 8 595
8 10 329
10 8 329
8 10 552
10 8 552
9 10 46
10 9 46
9 13 291
13 9 291
9 12 32
12 9 32
9 15 160
15 9 160
9 19 265
19 9 265
9 13 837
13 9 837
9 20 268
20 9 268
9 10 402
10 9 402
9 20 867
20 9 867
9 17 900
17 9 900
9 10 170
10 9 170
9 14 490
14 9 490
9 16 349
16 9 349
9 10 725
10 9 725
9 16 732
16 9 732
10 21 593
21 10 593
10 19 668
19 10 668
10 21 298
21 10 298
10 13 34
13 10 34
10 19 485
19 10 485
10 16 297
16 10 297
10 11 882
11 10 882
10 11 713
11 10 713
10 18 923
18 10 923
11 19 996
19 11 996
11 13 568
13 11 568
11 13 492
13 11 492
11 19 88
19 11 88
11 12 624
12 11 624
11 20 295
20 11 295
11 16 273
16 11 273
11 19 692
19 11 692
11 16 474
16 11 474
11 13 213
13 11 213
12 18 274
18 12 274
12 21 201
21 12 201
12 17 498
17 12 498
12 14 855
14 12 855
12 12 920
12 12 920
12 16 293
16 12 293
12 19 880
19 12 880
12 21 677
21 12 677
12 19 225
19 12 225
12 21 831
21 12 831
12 14 792
14 12 792
12 20 739
20 12 739
12 20 325
20 12 325
12 14 218
14 12 218
12 20 146
20 12 146
13 16 173
16 13 173
13 13 358
13 13 358
13 18 638
18 13 638
13 19 916
19 13 916
13 13 77
13 13 77
13 19 611
19 13 611
14 19 200
19 14 200
14 18 284
18 14 284
14 18 984
18 14 984
15 16 3
16 15 3
15 20 640
20 15 640
15 18 395
18 15 395
15 16 114
16 15 114
15 16 60
16 15 60
15 19 991
19 15 991
15 16 969
16 15 969
15 21 903
21 15 903
16 19 660
19 16 660
16 17 311
17 16 311
16 19 871
19 16 871
16 21 852
21 16 852
16 21 930
21 16 930
17 20 205
20 17 205
17 19 91
19 17 91
17 20 17
20 17 17
17 18 808
18 17 808
17 20 45
20 17 45
17 17 362
17 17 362
17 18 495
18 17 495
18 20 689
20 18 689
18 21 122
21 18 122
18 21 818
21 18 818
20 21 164
21 20 164
20 21 989
21 20 989
