54

0 1 30
1 0 30
0 2 383
2 0 383
0 4 769
4 0 769
0 6 58
6 0 58
0 22 935
22 0 935
0 39 709
39 0 709
0 47 760
47 0 760
0 24 549
24 0 549
0 42 148
42 0 148
0 53 943
53 0 943
0 1 34
1 0 34
0 21 507
21 0 507
0 31 835
31 0 835
0 12 164
12 0 164
0 2 15
2 0 15
0 43 682
43 0 682
0 47 1
47 0 1
0 14 146
14 0 146
0 48 697
48 0 697
0 52 630
52 0 630
0 43 859
43 0 859
0 22 914
22 0 914
0 9 321
9 0 321
0 12 843
12 0 843
0 47 455
47 0 455
0 36 869
36 0 869
0 47 399
47 0 399
0 31 142
31 0 142
0 10 387
10 0 387
0 9 288
9 0 288
0 16 53
16 0 53
0 11 557
11 0 557
0 38 766
38 0 766
0 35 242
35 0 242
0 7 977
7 0 977
1 6 910
6 1 910
1 4 496
4 1 496
1 37 206
37 1 206
1 26 109
26 1 109
1 14 294
14 1 294
1 23 726
23 1 726
1 47 494
47 1 494
1 53 997
53 1 997
1 36 515
36 1 515
1 53 956
53 1 956
1 26 472
26 1 472
1 41 948
41 1 948
1 39 427
39 1 427
1 34 850
34 1 850
1 23 53
23 1 53
1 23 110
23 1 110
1 15 730
15 1 730
1 43 550
43 1 550
1 23 823
23 1 823
1 38 157
38 1 157
1 17 864
17 1 864
1 11 592
11 1 592
1 36 896
36 1 896
1 19 950
19 1 950
1 4 185
4 1 185
2 3 926
3 2 926
2 8 484
8 2 484
2 11 763
11 2 763
2 27 981
27 2 981
2 14 934
14 2 934
2 42 631
42 2 631
2 33 526
33 2 526
2 4 435
4 2 435
2 48 849
48 2 849
2 19 158
19 2 158
2 18 741
18 2 741
2 24 604
24 2 604
2 22 127
22 2 127
2 47 432
47 2 432
2 26 483
26 2 483
2 25 606
25 2 606
2 33 673
33 2 673
2 10 671
10 2 671
2 41 571
41 2 571
2 35 780
35 2 780
2 42 468
42 2 468
2 15 292
15 2 292
2 50 926
50 2 926
2 32 197
32 2 197
2 46 249
46 2 249
2 27 522
27 2 522
2 26 556
26 2 556
2 41 700
41 2 700
3 10 801
10 3 801
3 19 903
19 3 903
3 3 881
3 3 881
3 14 751
14 3 751
3 36 727
36 3 727
3 44 535
44 3 535
3 52 948
52 3 948
3 48 930
48 3 930
3 40 342
40 3 342
3 28 356
28 3 356
3 7 562
7 3 562
3 50 279
50 3 279
3 45 846
45 3 846
3 15 992
15 3 992
3 28 234
28 3 234
3 44 867
44 3 867
3 49 421
49 3 421
3 27 174
27 3 174
3 20 196
20 3 196
3 41 693
41 3 693
3 39 305
39 3 305
3 52 526
52 3 526
3 21 971
21 3 971
3 27 95
27 3 95
3 51 293
51 3 293
3 6 837
6 3 837
3 4 166
4 3 166
3 7 419
7 3 419
3 25 3
25 3 3
3 22 658
22 3 658
4 5 526
5 4 526
4 15 791
15 4 791
4 20 760
20 4 760
4 29 396
29 4 396
4 48 341
48 4 341
4 45 220
45 4 220
4 5 913
5 4 913
4 39 864
39 4 864
4 30 41
30 4 41
4 32 929
32 4 929
4 53 581
53 4 581
4 38 395
38 4 395
4 40 659
40 4 659
4 13 896
13 4 896
4 50 983
50 4 983
4 42 4
42 4 4
4 53 703
53 4 703
4 53 487
53 4 487
4 42 160
42 4 160
4 27 823
27 4 823
4 29 311
29 4 311
4 30 76
30 4 76
4 27 589
27 4 589
4 7 427
7 4 427
4 7 115
7 4 115
4 48 296
48 4 296
4 5 334
5 4 334
4 30 566
30 4 566
4 10 958
10 4 958
4 38 80
38 4 80
5 9 603
9 5 603
5 25 504
25 5 504
5 37 950
37 5 950
5 13 543
13 5 543
5 16 310
16 5 310
5 18 617
18 5 617
5 17 571
17 5 571
5 33 673
33 5 673
5 43 403
43 5 403
5 7 843
7 5 843
5 17 220
17 5 220
5 51 918
51 5 918
5 37 783
37 5 783
5 5 513
5 5 513
5 5 305
5 5 305
5 20 337
20 5 337
5 25 219
25 5 219
5 37 430
37 5 430
5 46 340
46 5 340
5 5 275
5 5 275
5 25 246
25 5 246
5 53 90
53 5 90
5 29 154
29 5 154
5 51 296
51 5 296
5 34 440
34 5 440
5 5 797
5 5 797
5 30 477
30 5 477
6 7 598
7 6 598
6 21 252
21 6 252
6 12 914
12 6 914
6 30 555
30 6 555
6 39 265
39 6 265
6 46 196
46 6 196
6 23 673
23 6 673
6 36 691
36 6 691
6 24 341
24 6 341
6 25 520
25 6 520
6 36 680
36 6 680
6 8 33
8 6 33
6 40 413
40 6 413
6 9 285
9 6 285
6 42 871
42 6 871
6 27 991
27 6 991
6 19 234
19 6 234
6 13 153
13 6 153
6 38 564
38 6 564
6 20 191
20 6 191
7 13 913
13 7 913
7 14 428
14 7 428
7 17 481
17 7 481
7 30 839
30 7 839
7 10 534
10 7 534
7 34 88
34 7 88
7 15 350
15 7 350
7 44 132
44 7 132
7 10 682
10 7 682
7 34 301
34 7 301
7 50 507
50 7 507
7 39 643
39 7 643
7 32 946
32 7 946
7 44 809
44 7 809
7 51 496
51 7 496
7 41 68
41 7 68
7 43 288
43 7 288
7 18 958
18 7 958
7 49 643
49 7 643
7 33 893
33 7 893
7 34 467
34 7 467
7 16 822
16 7 822
8 12 805
12 8 805
8 42 908
42 8 908
8 26 190
26 8 190
8 44 341
44 8 341
8 52 382
52 8 382
8 32 911
32 8 911
8 46 225
46 8 225
8 19 697
19 8 697
8 52 961
52 8 961
8 53 434
53 8 434
8 47 377
47 8 377
8 40 565
40 8 565
8 52 992
52 8 992
8 18 849
18 8 849
8 19 10
19 8 10
8 11 182
11 8 182
8 21 519
21 8 519
8 42 571
42 8 571
8 51 645
51 8 645
8 15 525
15 8 525
8 44 649
44 8 649
8 12 585
12 8 585
8 40 41
40 8 41
8 48 101
48 8 101
8 42 282
42 8 282
8 28 825
28 8 825
9 16 435
16 9 435
9 18 682
18 9 682
9 27 682
27 9 682
9 25 538
25 9 538
9 13 576
13 9 576
9 38 840
38 9 840
9 46 857
46 9 857
9 46 526
46 9 526
9 33 467
33 9 467
9 47 808
47 9 808
9 17 338
17 9 338
9 32 538
32 9 538
9 42 132
42 9 132
9 45 572
45 9 572
9 46 272
46 9 272
9 19 985
19 9 985
9 14 241
14 9 241
9 30 26
30 9 26
9 39 984
39 9 984
9 14 161
14 9 161
9 45 729
45 9 729
9 17 274
17 9 274
9 49 458
49 9 458
10 45 124
45 10 124
10 41 922
41 10 922
10 39 569
39 10 569
10 39 590
39 10 590
10 39 168
39 10 168
10 25 642
25 10 642
10 12 590
12 10 590
10 40 709
40 10 709
10 34 739
34 10 739
10 16 386
16 10 386
10 23 377
23 10 377
10 38 462
38 10 462
10 17 569
17 10 569
10 38 523
38 10 523
10 25 358
25 10 358
10 17 632
17 10 632
10 53 423
53 10 423
10 20 513
20 10 513
10 45 783
45 10 783
10 12 147
12 10 147
10 44 354
44 10 354
10 42 23
42 10 23
10 20 922
20 10 922
10 44 216
44 10 216
10 36 505
36 10 505
11 19 810
19 11 810
11 48 103
48 11 103
11 19 148
19 11 148
11 38 502
38 11 502
11 43 587
43 11 587
11 27 519
27 11 519
11 34 687
34 11 687
11 15 206
15 11 206
11 27 797
27 11 797
11 46 681
46 11 681
11 18 691
18 11 691
11 28 978
28 11 978
11 44 287
44 11 287
11 19 53
19 11 53
11 18 692
18 11 692
11 30 340
30 11 340
11 43 166
43 11 166
11 51 941
51 11 941
11 35 48
35 11 48
11 47 657
47 11 657
11 14 958
14 11 958
11 46 627
46 11 627
11 20 960
20 11 960
11 39 777
39 11 777
11 31 358
31 11 358
11 29 742
29 11 742
11 43 310
43 11 310
11 32 289
32 11 289
12 49 34
49 12 34
12 25 234
25 12 234
12 53 424
53 12 424
12 38 59
38 12 59
12 32 792
32 12 792
12 31 841
31 12 841
12 28 997
28 12 997
12 43 443
43 12 443
12 19 789
19 12 789
12 26 339
26 12 339
12 33 554
33 12 554
12 24 180
24 12 180
12 16 539
16 12 539
12 28 715
28 12 715
12 25 972
25 12 972
12 12 334
12 12 334
12 27 247
27 12 247
12 27 346
27 12 346
12 27 36
27 12 36
12 15 35
15 12 35
12 51 403
51 12 403
12 25 644
25 12 644
12 16 13
16 12 13
13 15 376
15 13 376
13 34 992
34 13 992
13 24 997
24 13 997
13 20 615
20 13 615
13 39 884
39 13 884
13 44 850
44 13 850
13 39 405
39 13 405
13 50 142
50 13 142
13 25 989
25 13 989
13 33 937
33 13 937
13 25 983
25 13 983
13 23 737
23 13 737
13 26 532
26 13 532
13 46 573
46 13 573
13 15 412
15 13 412
14 51 240
51 14 240
14 53 822
53 14 822
14 38 62
38 14 62
14 43 373
43 14 373
14 38 308
38 14 308
14 21 272
21 14 272
14 26 844
26 14 844
14 20 104
20 14 104
14 34 611
34 14 611
14 52 290
52 14 290
14 35 251
35 14 251
14 40 79
40 14 79
14 35 323
35 14 323
14 31 976
31 14 976
14 28 8
28 14 8
14 20 170
20 14 170
14 20 421
20 14 421
14 43 481
43 14 481
15 28 758
28 15 758
15 37 941
37 15 941
15 17 571
17 15 571
15 34 265
34 15 265
15 34 101
34 15 101
15 34 468
34 15 468
15 47 457
47 15 457
15 29 91
29 15 91
15 25 289
25 15 289
15 34 607
34 15 607
15 23 751
23 15 751
15 46 791
46 15 791
15 52 790
52 15 790
16 43 877
43 16 877
16 36 134
36 16 134
16 34 794
34 16 794
16 22 338
22 16 338
16 32 394
32 16 394
16 20 675
20 16 675
16 34 921
34 16 921
16 53 324
53 16 324
16 33 761
33 16 761
16 32 929
32 16 929
16 32 633
32 16 633
16 53 850
53 16 850
16 41 647
41 16 647
16 33 509
33 16 509
16 30 428
30 16 428
16 44 601
44 16 601
16 19 284
19 16 284
16 40 683
40 16 683
16 38 299
38 16 299
16 46 614
46 16 614
16 24 968
24 16 968
16 35 336
35 16 336
16 32 210
32 16 210
16 28 24
28 16 24
16 24 181
24 16 181
17 23 14
23 17 14
17 32 798
32 17 798
17 51 216
51 17 216
17 19 710
19 17 710
17 53 238
53 17 238
17 17 275
17 17 275
17 24 762
24 17 762
17 36 238
36 17 238
17 27 311
27 17 311
17 30 339
30 17 339
17 47 459
47 17 459
17 43 196
43 17 196
17 48 807
48 17 807
17 31 903
31 17 903
17 28 145
28 17 145
17 49 999
49 17 999
18 30 707
30 18 707
18 31 486
31 18 486
18 34 384
34 18 384
18 40 193
40 18 193
18 30 131
30 18 131
18 50 789
50 18 789
18 47 323
47 18 323
18 33 371
33 18 371
18 20 515
20 18 515
18 31 746
31 18 746
18 43 527
43 18 527
18 45 688
45 18 688
18 24 681
24 18 681
18 34 371
34 18 371
18 27 688
27 18 688
18 31 604
31 18 604
18 37 273
37 18 273
18 23 574
23 18 574
18 53 490
53 18 490
18 33 716
33 18 716
18 46 77
46 18 77
18 21 595
21 18 595
18 21 553
21 18 553
18 31 927
31 18 927
19 47 429
47 19 429
19 42 744
42 19 744
19 42 798
42 19 798
19 46 767
46 19 767
19 44 406
44 19 406
19 20 617
20 19 617
19 32 812
32 19 812
19 47 978
47 19 978
19 29 463
29 19 463
19 35 644
35 19 644
19 41 795
41 19 795
19 38 887
38 19 887
19 30 912
30 19 912
19 38 789
38 19 789
19 43 208
43 19 208
19 21 500
21 19 500
19 47 416
47 19 416
19 30 479
30 19 479
19 27 164
27 19 164
19 43 788
43 19 788
19 24 249
24 19 249
19 53 131
53 19 131
19 24 303
24 19 303
19 32 14
32 19 14
20 26 550
26 20 550
20 52 499
52 20 499
20 22 749
22 20 749
20 47 128
47 20 128
20 35 757
35 20 757
20 26 320
26 20 320
20 27 511
27 20 511
20 38 741
38 20 741
20 47 273
47 20 273
20 23 825
23 20 825
20 37 382
37 20 382
20 43 604
43 20 604
20 29 38
29 20 38
20 24 559
24 20 559
20 52 356
52 20 356
20 49 768
49 20 768
20 43 931
43 20 931
20 35 240
35 20 240
21 38 769
38 21 769
21 35 385
35 21 385
21 23 989
23 21 989
21 27 702
27 21 702
21 24 159
24 21 159
21 40 506
40 21 506
21 24 787
24 21 787
21 24 787
24 21 787
21 33 651
33 21 651
21 42 829
42 21 829
21 45 630
45 21 630
21 36 903
36 21 903
21 42 456
42 21 456
21 52 267
52 21 267
21 47 972
47 21 972
21 31 648
31 21 648
21 53 976
53 21 976
22 36 257
36 22 257
22 41 35
41 22 35
22 23 61
23 22 61
22 33 408
33 22 408
22 25 733
25 22 733
22 40 941
40 22 941
22 26 981
26 22 981
22 47 37
47 22 37
22 35 963
35 22 963
22 33 39
33 22 39
22 50 897
50 22 897
22 26 840
26 22 840
22 31 901
31 22 901
23 24 37
24 23 37
23 45 902
45 23 902
23 44 552
44 23 552
23 24 985
24 23 985
23 53 339
53 23 339
23 24 72
24 23 72
23 42 198
42 23 198
23 24 32
24 23 32
23 25 449
25 23 449
23 49 182
49 23 182
23 50 530
50 23 530
23 52 93
52 23 93
23 43 323
43 23 323
23 51 661
51 23 661
23 52 93
52 23 93
23 33 473
33 23 473
23 27 345
27 23 345
23 46 359
46 23 359
24 29 293
29 24 293
24 47 219
47 24 219
24 50 307
50 24 307
24 36 272
36 24 272
24 29 679
29 24 679
24 27 13
27 24 13
24 46 718
46 24 718
24 42 80
42 24 80
24 30 958
30 24 958
24 48 314
48 24 314
24 53 207
53 24 207
24 25 550
25 24 550
24 35 917
35 24 917
24 38 892
38 24 892
25 28 597
28 25 597
25 42 60
42 25 60
25 36 117
36 25 117
25 26 792
26 25 792
25 31 408
31 25 408
25 53 515
53 25 515
25 33 916
33 25 916
25 34 780
34 25 780
25 51 720
51 25 720
25 41 529
41 25 529
25 50 429
50 25 429
25 51 299
51 25 299
25 53 207
53 25 207
25 33 484
33 25 484
25 49 902
49 25 902
25 37 553
37 25 553
26 28 761
28 26 761
26 35 556
35 26 556
26 42 939
42 26 939
26 29 44
29 26 44
26 47 758
47 26 758
26 47 112
47 26 112
26 51 76
51 26 76
26 52 799
52 26 799
26 32 674
32 26 674
26 47 450
47 26 450
26 45 813
45 26 813
26 37 19
37 26 19
26 37 149
37 26 149
27 33 881
33 27 881
27 28 453
28 27 453
27 41 744
41 27 744
27 43 925
43 27 925
27 30 543
30 27 543
27 38 874
38 27 874
27 50 734
50 27 734
27 49 793
49 27 793
27 46 580
46 27 580
27 35 440
35 27 440
28 35 707
35 28 707
28 44 196
44 28 196
28 42 74
42 28 74
28 38 872
38 28 872
28 35 118
35 28 118
28 51 212
51 28 212
28 43 2
43 28 2
28 53 407
53 28 407
28 33 473
33 28 473
28 30 594
30 28 594
28 44 975
44 28 975
28 41 873
41 28 873
28 37 648
37 28 648
28 49 845
49 28 845
28 38 888
38 28 888
28 50 910
50 28 910
28 44 732
44 28 732
28 43 115
43 28 115
28 29 274
29 28 274
29 31 902
31 29 902
29 35 11
35 29 11
29 41 247
41 29 247
29 41 365
41 29 365
29 51 710
51 29 710
29 31 710
31 29 710
29 32 762
32 29 762
29 44 853
44 29 853
29 50 233
50 29 233
29 42 144
42 29 144
29 37 911
37 29 911
29 45 799
45 29 799
30 49 193
49 30 193
30 33 258
33 30 258
30 41 459
41 30 459
30 37 212
37 30 212
30 40 349
40 30 349
30 45 979
45 30 979
30 46 912
46 30 912
30 38 357
38 30 357
30 52 349
52 30 349
30 40 296
40 30 296
31 32 817
32 31 817
31 46 81
46 31 81
31 44 839
44 31 839
31 46 12
46 31 12
31 34 986
34 31 986
31 46 792
46 31 792
31 52 598
52 31 598
31 47 680
47 31 680
31 43 196
43 31 196
31 44 471
44 31 471
31 40 722
40 31 722
32 43 780
43 32 780
32 40 23
40 32 23
32 38 470
38 32 470
32 47 562
47 32 562
32 35 999
35 32 999
32 35 751
35 32 751
32 45 629
45 32 629
33 34 992
34 33 992
33 39 103
39 33 103
33 44 268
44 33 268
33 42 376
42 33 376
33 36 653
36 33 653
33 38 635
38 33 635
33 52 128
52 33 128
33 35 605
35 33 605
33 36 9
36 33 9
33 45 397
45 33 397
33 42 13
42 33 13
33 48 393
48 33 393
33 40 496
40 33 496
33 40 300
40 33 300
33 42 405
42 33 405
33 41 85
41 33 85
34 40 881
40 34 881
34 43 740
43 34 740
34 47 451
47 34 451
34 37 864
37 34 864
34 46 224
46 34 224
34 53 772
53 34 772
34 47 160
47 34 160
34 42 673
42 34 673
34 42 59
42 34 59
35 46 386
46 35 386
35 36 786
36 35 786
35 48 36
48 35 36
35 52 717
52 35 717
35 37 933
37 35 933
35 44 234
44 35 234
35 39 192
39 35 192
35 42 774
42 35 774
35 51 248
51 35 248
35 53 835
53 35 835
35 43 315
43 35 315
35 40 312
40 35 312
35 49 214
49 35 214
35 52 504
52 35 504
36 53 113
53 36 113
36 52 872
52 36 872
36 53 439
53 36 439
36 46 89
46 36 89
36 41 907
41 36 907
36 49 986
49 36 986
36 53 111
53 36 111
36 50 156
50 36 156
36 38 938
38 36 938
37 45 724
45 37 724
37 46 38
46 37 38
37 40 740
40 37 740
37 40 185
40 37 185
38 49 845
49 38 845
38 40 781
40 38 781
38 46 279
46 38 279
38 51 280
51 38 280
38 40 832
40 38 832
38 40 587
40 38 587
38 41 271
41 38 271
38 43 616
43 38 616
38 45 659
45 38 659
39 42 869
42 39 869
39 51 338
51 39 338
39 52 799
52 39 799
39 46 455
46 39 455
39 43 389
43 39 389
39 46 585
46 39 585
39 46 349
46 39 349
39 40 316
40 39 316
39 53 807
53 39 807
39 50 760
50 39 760
40 41 41
41 40 41
40 44 605
44 40 605
40 45 817
45 40 817
40 50 216
50 40 216
40 49 149
49 40 149
40 46 86
46 40 86
41 47 847
47 41 847
41 53 808
53 41 808
41 49 196
49 41 196
41 53 1000
53 41 1000
41 43 613
43 41 613
42 45 561
45 42 561
42 48 685
48 42 685
42 48 511
48 42 511
42 50 956
50 42 956
42 43 871
43 42 871
43 50 653
50 43 653
43 47 595
47 43 595
44 47 407
47 44 407
44 52 193
52 44 193
44 46 276
46 44 276
44 50 162
50 44 162
45 49 372
49 45 372
45 48 296
48 45 296
45 53 631
53 45 631
45 53 297
53 45 297
46 47 603
47 46 603
46 51 545
51 46 545
46 50 576
50 46 576
46 46 59
46 46 59
46 47 770
47 46 770
47 52 865
52 47 865
48 48 609
48 48 609
48 49 32
49 48 32
50 53 625
53 50 625
50 53 728
53 50 728
51 53 729
53 51 729
52 52 524
52 52 524
52 53 847
53 52 847
