51

0 1 168
1 0 168
0 2 635
2 0 635
0 4 372
4 0 372
0 5 24
5 0 24
0 11 71
11 0 71
0 18 413
18 0 413
0 19 511
19 0 511
0 3 496
3 0 496
0 49 156
49 0 156
0 33 420
33 0 420
0 14 590
14 0 590
0 14 259
14 0 259
0 30 914
30 0 914
0 11 402
11 0 402
0 1 914
1 0 914
0 16 402
16 0 402
0 19 384
19 0 384
0 19 256
19 0 256
0 21 890
21 0 890
0 35 719
35 0 719
0 39 959
39 0 959
0 11 578
11 0 578
0 1 902
1 0 902
0 28 308
28 0 308
0 38 364
38 0 364
0 38 135
38 0 135
1 3 923
3 1 923
1 7 168
7 1 168
1 14 542
14 1 542
1 44 344
44 1 344
1 46 529
46 1 529
1 4 901
4 1 901
1 3 191
3 1 191
1 3 882
3 1 882
1 24 842
24 1 842
1 15 829
15 1 829
1 40 586
40 1 586
1 7 704
7 1 704
1 5 433
5 1 433
1 50 982
50 1 982
1 7 311
7 1 311
1 13 848
13 1 848
1 18 505
18 1 505
1 49 395
49 1 395
1 33 235
33 1 235
1 39 139
39 1 139
1 23 542
23 1 542
1 41 719
41 1 719
1 41 121
41 1 121
1 40 561
40 1 561
1 24 981
24 1 981
1 24 677
24 1 677
1 43 924
43 1 924
2 8 851
8 2 851
2 33 452
33 2 452
2 21 727
21 2 727
2 18 150
18 2 150
2 39 752
39 2 752
2 3 1
3 2 1
2 50 391
50 2 391
2 14 238
14 2 238
2 22 236
22 2 236
2 32 397
32 2 397
2 38 98
38 2 98
2 7 812
7 2 812
2 42 887
42 2 887
2 18 699
18 2 699
2 25 369
25 2 369
2 23 92
23 2 92
2 21 158
21 2 158
2 12 317
12 2 317
2 13 580
13 2 580
2 24 331
24 2 331
2 48 805
48 2 805
2 18 493
18 2 493
2 12 147
12 2 147
2 30 422
30 2 422
2 50 869
50 2 869
2 9 346
9 2 346
2 15 333
15 2 333
2 34 218
34 2 218
2 12 919
12 2 919
2 17 186
17 2 186
2 29 711
29 2 711
2 46 286
46 2 286
3 40 173
40 3 173
3 5 998
5 3 998
3 41 344
41 3 344
3 7 583
7 3 583
3 19 720
19 3 720
3 22 682
22 3 682
3 22 878
22 3 878
3 41 220
41 3 220
3 18 422
18 3 422
3 37 354
37 3 354
3 5 477
5 3 477
3 4 233
4 3 233
3 17 470
17 3 470
3 25 188
25 3 188
3 33 749
33 3 749
3 32 110
32 3 110
3 35 411
35 3 411
3 5 673
5 3 673
3 33 230
33 3 230
3 43 60
43 3 60
3 39 829
39 3 829
3 22 908
22 3 908
3 16 73
16 3 73
3 43 570
43 3 570
4 6 681
6 4 681
4 10 30
10 4 30
4 28 23
28 4 23
4 27 406
27 4 406
4 5 340
5 4 340
4 10 376
10 4 376
4 28 982
28 4 982
4 13 433
13 4 433
4 13 309
13 4 309
4 23 185
23 4 185
4 31 847
31 4 847
4 25 520
25 4 520
4 50 282
50 4 282
4 26 425
26 4 425
4 11 275
11 4 275
4 26 561
26 4 561
4 19 49
19 4 49
4 13 854
13 4 854
4 38 545
38 4 545
4 34 627
34 4 627
4 21 679
21 4 679
4 40 158
40 4 158
4 8 538
8 4 538
4 15 258
15 4 258
4 34 228
34 4 228
4 10 326
10 4 326
4 15 527
15 4 527
4 17 662
17 4 662
5 30 360
30 5 360
5 27 530
27 5 530
5 45 804
45 5 804
5 38 579
38 5 579
5 19 703
19 5 703
5 31 642
31 5 642
5 31 623
31 5 623
5 41 422
41 5 422
5 21 611
21 5 611
5 18 500
18 5 500
5 13 325
13 5 325
5 43 53
43 5 53
5 12 28
12 5 28
5 41 725
41 5 725
5 39 829
39 5 829
5 39 432
39 5 432
5 21 962
21 5 962
5 38 448
38 5 448
5 37 710
37 5 710
5 48 940
48 5 940
5 29 438
29 5 438
5 21 770
21 5 770
6 21 39
21 6 39
6 50 584
50 6 584
6 23 669
23 6 669
6 11 117
11 6 117
6 35 634
35 6 634
6 20 263
20 6 263
6 41 888
41 6 888
6 25 476
25 6 476
6 19 424
19 6 424
6 12 257
12 6 257
6 40 839
40 6 839
6 19 970
19 6 970
6 35 120
35 6 120
6 21 754
21 6 754
6 42 774
42 6 774
6 11 149
11 6 149
6 50 140
50 6 140
6 17 833
17 6 833
6 18 544
18 6 544
6 14 203
14 6 203
6 25 972
25 6 972
6 18 406
18 6 406
6 35 977
35 6 977
6 45 293
45 6 293
6 36 232
36 6 232
6 31 680
31 6 680
6 47 168
47 6 168
7 9 174
9 7 174
7 12 776
12 7 776
7 8 693
8 7 693
7 49 87
49 7 87
7 48 100
48 7 100
7 21 926
21 7 926
7 25 926
25 7 926
7 11 819
11 7 819
7 19 24
19 7 24
7 40 19
40 7 19
7 38 354
38 7 354
7 20 276
20 7 276
7 12 618
12 7 618
7 22 307
22 7 307
7 23 312
23 7 312
7 50 645
50 7 645
7 17 196
17 7 196
7 11 48
11 7 48
7 37 498
37 7 498
7 37 783
37 7 783
7 28 818
28 7 818
7 11 610
11 7 610
7 21 650
21 7 650
7 14 554
14 7 554
8 33 16
33 8 16
8 31 943
31 8 943
8 16 410
16 8 410
8 42 505
42 8 505
8 48 269
48 8 269
8 36 278
36 8 278
8 10 479
10 8 479
8 16 579
16 8 579
8 21 75
21 8 75
8 10 233
10 8 233
8 28 553
28 8 553
8 41 886
41 8 886
8 49 627
49 8 627
8 16 16
16 8 16
8 44 713
44 8 713
8 20 57
20 8 57
8 42 382
42 8 382
9 12 934
12 9 934
9 13 805
13 9 805
9 16 265
16 9 265
9 17 362
17 9 362
9 22 11
22 9 11
9 38 119
38 9 119
9 14 203
14 9 203
9 29 38
29 9 38
9 27 51
27 9 51
9 38 496
38 9 496
9 20 32
20 9 32
9 30 633
30 9 633
9 42 268
42 9 268
9 47 321
47 9 321
9 26 562
26 9 562
9 45 25
45 9 25
9 43 685
43 9 685
9 20 26
20 9 26
9 14 515
14 9 515
9 35 722
35 9 722
9 38 239
38 9 239
9 13 270
13 9 270
9 41 954
41 9 954
9 11 464
11 9 464
9 32 569
32 9 569
9 12 698
12 9 698
9 44 399
44 9 399
9 44 540
44 9 540
9 29 115
29 9 115
9 40 898
40 9 898
9 26 640
26 9 640
9 26 15
26 9 15
9 41 790
41 9 790
9 10 197
10 9 197
9 23 743
23 9 743
9 49 366
49 9 366
9 30 415
30 9 415
9 26 774
26 9 774
9 45 835
45 9 835
10 44 337
44 10 337
10 42 454
42 10 454
10 22 509
22 10 509
10 40 416
40 10 416
10 25 651
25 10 651
10 50 103
50 10 103
10 48 724
48 10 724
10 41 261
41 10 261
10 29 442
29 10 442
10 26 989
26 10 989
10 46 65
46 10 65
10 24 535
24 10 535
10 45 651
45 10 651
10 42 364
42 10 364
10 25 686
25 10 686
10 34 772
34 10 772
10 23 671
23 10 671
10 47 399
47 10 399
10 22 530
22 10 530
11 17 39
17 11 39
11 19 369
19 11 369
11 15 338
15 11 338
11 50 318
50 11 318
11 18 610
18 11 610
11 20 26
20 11 26
11 27 441
27 11 441
11 14 544
14 11 544
11 23 769
23 11 769
11 18 292
18 11 292
11 43 477
43 11 477
11 44 733
44 11 733
11 23 668
23 11 668
11 22 433
22 11 433
11 48 828
48 11 828
11 47 698
47 11 698
11 20 301
20 11 301
11 42 370
42 11 370
11 50 848
50 11 848
11 33 486
33 11 486
12 15 205
15 12 205
12 20 337
20 12 337
12 23 634
23 12 634
12 50 283
50 12 283
12 35 674
35 12 674
12 17 868
17 12 868
12 40 314
40 12 314
12 28 857
28 12 857
12 47 944
47 12 944
12 26 675
26 12 675
12 50 572
50 12 572
12 35 567
35 12 567
12 43 404
43 12 404
12 29 593
29 12 593
12 30 159
30 12 159
12 38 280
38 12 280
12 49 584
49 12 584
12 23 235
23 12 235
12 35 882
35 12 882
12 15 827
15 12 827
12 25 16
25 12 16
12 14 835
14 12 835
12 37 495
37 12 495
12 17 367
17 12 367
12 36 883
36 12 883
12 39 500
39 12 500
12 48 764
48 12 764
12 39 905
39 12 905
12 43 569
43 12 569
13 48 89
48 13 89
13 40 801
40 13 801
13 41 54
41 13 54
13 27 166
27 13 166
13 41 915
41 13 915
13 40 730
40 13 730
13 26 824
26 13 824
13 40 841
40 13 841
13 17 289
17 13 289
13 13 129
13 13 129
13 27 792
27 13 792
14 22 944
22 14 944
14 19 364
19 14 364
14 49 418
49 14 418
14 42 263
42 14 263
14 26 76
26 14 76
14 36 481
36 14 481
14 45 421
45 14 421
14 17 112
17 14 112
14 29 417
29 14 417
14 42 164
42 14 164
14 39 886
39 14 886
14 24 599
24 14 599
14 32 20
32 14 20
14 25 628
25 14 628
14 42 559
42 14 559
14 26 152
26 14 152
14 38 420
38 14 420
14 28 350
28 14 350
14 46 538
46 14 538
14 42 705
42 14 705
14 43 666
43 14 666
15 47 335
47 15 335
15 37 788
37 15 788
15 50 43
50 15 43
15 24 536
24 15 536
15 18 105
18 15 105
15 17 790
17 15 790
15 34 720
34 15 720
15 30 850
30 15 850
15 21 419
21 15 419
15 43 581
43 15 581
15 34 60
34 15 60
15 35 18
35 15 18
15 24 376
24 15 376
15 44 303
44 15 303
15 30 408
30 15 408
15 21 594
21 15 594
15 34 993
34 15 993
15 50 24
50 15 24
15 27 247
27 15 247
15 47 240
47 15 240
15 35 267
35 15 267
15 47 276
47 15 276
15 30 680
30 15 680
15 40 732
40 15 732
15 30 829
30 15 829
16 41 960
41 16 960
16 42 533
42 16 533
16 43 469
43 16 469
16 43 341
43 16 341
16 37 674
37 16 674
16 23 793
23 16 793
16 23 552
23 16 552
16 43 68
43 16 68
16 24 918
24 16 918
16 36 57
36 16 57
16 21 819
21 16 819
16 44 340
44 16 340
16 34 954
34 16 954
16 30 593
30 16 593
17 20 495
20 17 495
17 40 578
40 17 578
17 34 169
34 17 169
17 22 212
22 17 212
17 46 193
46 17 193
17 23 42
23 17 42
17 46 805
46 17 805
17 47 50
47 17 50
17 19 224
19 17 224
17 45 589
45 17 589
17 34 879
34 17 879
17 47 544
47 17 544
17 19 214
19 17 214
17 23 22
23 17 22
17 40 498
40 17 498
18 27 536
27 18 536
18 48 453
48 18 453
18 19 796
19 18 796
18 32 803
32 18 803
18 50 408
50 18 408
18 19 326
19 18 326
18 23 212
23 18 212
18 37 953
37 18 953
18 35 998
35 18 998
18 28 143
28 18 143
18 37 703
37 18 703
18 32 740
32 18 740
18 32 117
32 18 117
18 32 56
32 18 56
18 23 946
23 18 946
18 47 570
47 18 570
18 49 62
49 18 62
18 46 689
46 18 689
18 44 864
44 18 864
19 48 41
48 19 41
19 32 440
32 19 440
19 38 676
38 19 676
19 28 315
28 19 315
19 39 989
39 19 989
19 23 80
23 19 80
19 45 161
45 19 161
19 49 894
49 19 894
19 44 303
44 19 303
19 38 226
38 19 226
19 38 507
38 19 507
19 48 50
48 19 50
19 39 971
39 19 971
19 22 775
22 19 775
19 38 443
38 19 443
19 31 730
31 19 730
20 49 834
49 20 834
20 34 587
34 20 587
20 33 515
33 20 515
20 49 390
49 20 390
20 21 931
21 20 931
20 25 920
25 20 920
20 21 175
21 20 175
20 34 119
34 20 119
20 40 290
40 20 290
20 35 50
35 20 50
20 24 250
24 20 250
20 44 823
44 20 823
20 31 783
31 20 783
20 38 598
38 20 598
20 25 426
25 20 426
20 42 356
42 20 356
20 34 827
34 20 827
20 26 468
26 20 468
21 43 161
43 21 161
21 38 467
38 21 467
21 38 927
38 21 927
21 43 587
43 21 587
21 36 419
36 21 419
21 50 893
50 21 893
21 39 562
39 21 562
21 27 177
27 21 177
21 46 40
46 21 40
21 42 102
42 21 102
21 43 201
43 21 201
21 35 326
35 21 326
21 27 896
27 21 896
21 41 991
41 21 991
21 33 465
33 21 465
21 24 281
24 21 281
21 31 149
31 21 149
21 30 936
30 21 936
21 43 819
43 21 819
21 42 250
42 21 250
22 24 410
24 22 410
22 25 879
25 22 879
22 31 301
31 22 301
22 45 481
45 22 481
22 49 756
49 22 756
22 31 119
31 22 119
22 39 852
39 22 852
22 36 507
36 22 507
22 24 34
24 22 34
22 23 35
23 22 35
22 34 567
34 22 567
22 32 498
32 22 498
22 23 139
23 22 139
22 36 529
36 22 529
22 46 50
46 22 50
22 22 332
22 22 332
22 39 982
39 22 982
22 49 429
49 22 429
22 37 211
37 22 211
22 50 868
50 22 868
23 32 946
32 23 946
23 39 328
39 23 328
23 41 142
41 23 142
23 40 470
40 23 470
23 41 678
41 23 678
23 23 561
23 23 561
23 48 844
48 23 844
23 24 497
24 23 497
23 43 974
43 23 974
23 49 543
49 23 543
23 36 198
36 23 198
23 39 959
39 23 959
23 25 309
25 23 309
23 27 179
27 23 179
23 49 936
49 23 936
24 29 610
29 24 610
24 37 517
37 24 517
24 39 328
39 24 328
24 26 843
26 24 843
24 40 253
40 24 253
24 44 365
44 24 365
24 47 74
47 24 74
24 31 876
31 24 876
24 48 399
48 24 399
24 42 365
42 24 365
24 24 768
24 24 768
25 26 764
26 25 764
25 37 344
37 25 344
25 48 490
48 25 490
25 26 240
26 25 240
25 34 425
34 25 425
25 32 102
32 25 102
25 46 473
46 25 473
25 45 243
45 25 243
25 35 81
35 25 81
25 48 14
48 25 14
25 40 182
40 25 182
25 29 412
29 25 412
25 31 717
31 25 717
25 27 483
27 25 483
25 32 135
32 25 135
25 42 595
42 25 595
25 43 50
43 25 50
25 31 775
31 25 775
26 35 23
35 26 23
26 36 518
36 26 518
26 34 51
34 26 51
26 35 625
35 26 625
26 26 583
26 26 583
26 47 775
47 26 775
26 32 163
32 26 163
26 44 879
44 26 879
26 30 722
30 26 722
26 27 485
27 26 485
26 35 605
35 26 605
26 43 781
43 26 781
26 38 712
38 26 712
26 33 723
33 26 723
26 30 757
30 26 757
26 50 50
50 26 50
26 47 475
47 26 475
26 35 875
35 26 875
26 49 799
49 26 799
26 45 374
45 26 374
26 47 734
47 26 734
26 44 987
44 26 987
27 36 167
36 27 167
27 28 961
28 27 961
27 30 118
30 27 118
27 50 52
50 27 52
27 38 820
38 27 820
27 35 757
35 27 757
27 45 241
45 27 241
27 44 815
44 27 815
27 45 403
45 27 403
28 34 816
34 28 816
28 41 780
41 28 780
28 41 570
41 28 570
28 39 260
39 28 260
28 30 929
30 28 929
28 42 156
42 28 156
28 30 87
30 28 87
28 35 855
35 28 855
28 34 883
34 28 883
28 43 105
43 28 105
28 50 848
50 28 848
28 33 412
33 28 412
28 47 620
47 28 620
28 33 633
33 28 633
29 37 4
37 29 4
29 49 198
49 29 198
29 50 853
50 29 853
29 46 461
46 29 461
29 42 483
42 29 483
29 39 457
39 29 457
29 33 686
33 29 686
30 44 785
44 30 785
30 39 437
39 30 437
30 50 257
50 30 257
30 39 586
39 30 586
30 46 214
46 30 214
30 47 964
47 30 964
30 45 32
45 30 32
30 33 162
33 30 162
30 30 273
30 30 273
30 44 253
44 30 253
30 43 655
43 30 655
30 38 556
38 30 556
30 31 160
31 30 160
31 39 382
39 31 382
31 31 570
31 31 570
31 37 300
37 31 300
31 40 153
40 31 153
31 45 283
45 31 283
31 39 300
39 31 300
31 39 293
39 31 293
31 39 795
39 31 795
31 35 21
35 31 21
31 43 895
43 31 895
32 41 1000
41 32 1000
32 37 971
37 32 971
32 49 386
49 32 386
32 36 947
36 32 947
32 38 530
38 32 530
32 41 999
41 32 999
32 47 163
47 32 163
32 39 418
39 32 418
33 40 981
40 33 981
33 44 278
44 33 278
33 50 321
50 33 321
33 48 620
48 33 620
33 50 141
50 33 141
33 35 255
35 33 255
33 50 35
50 33 35
34 35 408
35 34 408
34 50 80
50 34 80
34 42 879
42 34 879
34 45 236
45 34 236
34 41 539
41 34 539
34 46 137
46 34 137
34 35 24
35 34 24
34 44 489
44 34 489
34 47 115
47 34 115
35 46 121
46 35 121
35 43 761
43 35 761
35 44 682
44 35 682
35 43 8
43 35 8
35 47 173
47 35 173
35 46 548
46 35 548
35 36 731
36 35 731
35 36 842
36 35 842
35 38 782
38 35 782
35 46 113
46 35 113
35 38 361
38 35 361
35 37 109
37 35 109
35 36 937
36 35 937
35 44 300
44 35 300
35 46 575
46 35 575
36 50 69
50 36 69
36 37 456
37 36 456
36 43 569
43 36 569
37 48 286
48 37 286
37 45 308
45 37 308
37 39 98
39 37 98
37 39 674
39 37 674
37 41 736
41 37 736
37 48 920
48 37 920
37 46 487
46 37 487
37 45 744
45 37 744
37 44 321
44 37 321
37 41 241
41 37 241
37 39 378
39 37 378
37 48 69
48 37 69
38 48 987
48 38 987
38 41 859
41 38 859
38 44 242
44 38 242
38 40 78
40 38 78
39 43 734
43 39 734
39 43 224
43 39 224
39 45 969
45 39 969
39 46 928
46 39 928
39 43 374
43 39 374
39 44 114
44 39 114
39 43 9
43 39 9
39 47 549
47 39 549
40 46 197
46 40 197
41 49 570
49 41 570
41 47 683
47 41 683
41 43 162
43 41 162
41 47 900
47 41 900
42 50 198
50 42 198
42 48 73
48 42 73
42 46 24
46 42 24
42 48 446
48 42 446
42 42 317
42 42 317
42 47 734
47 42 734
42 46 301
46 42 301
42 47 876
47 42 876
43 48 319
48 43 319
43 46 529
46 43 529
43 47 231
47 43 231
43 49 824
49 43 824
43 44 664
44 43 664
44 46 644
46 44 644
44 47 680
47 44 680
44 50 870
50 44 870
45 48 906
48 45 906
45 46 2
46 45 2
46 49 496
49 46 496
46 50 573
50 46 573
47 48 698
48 47 698
48 49 158
49 48 158
48 49 145
49 48 145
49 50 371
50 49 371
