28

0 1 76
1 0 76
0 5 7
5 0 7
0 9 408
9 0 408
0 14 731
14 0 731
0 21 674
21 0 674
0 18 449
18 0 449
1 2 831
2 1 831
1 8 771
8 1 771
1 20 22
20 1 22
2 3 692
3 2 692
2 4 646
4 2 646
2 25 148
25 2 148
2 12 977
12 2 977
3 6 352
6 3 352
3 13 177
13 3 177
3 18 489
18 3 489
3 19 48
19 3 48
4 7 639
7 4 639
4 10 332
10 4 332
4 21 334
21 4 334
5 12 205
12 5 205
5 15 775
15 5 775
5 22 120
22 5 120
5 8 125
8 5 125
6 10 960
10 6 960
8 26 892
26 8 892
10 11 926
11 10 926
11 17 946
17 11 946
11 27 901
27 11 901
12 24 137
24 12 137
12 25 282
25 12 282
13 23 624
23 13 624
13 27 734
27 13 734
14 23 255
23 14 255
15 16 560
16 15 560
16 25 846
25 16 846
16 19 818
19 16 818
17 19 388
19 17 388
18 24 983
24 18 983
20 22 323
22 20 323
23 27 592
27 23 592
