21

0 1 665
1 0 665
0 2 300
2 0 300
0 3 675
3 0 675
0 4 870
4 0 870
0 19 189
19 0 189
0 14 865
14 0 865
0 7 510
7 0 510
0 14 454
14 0 454
0 4 269
4 0 269
0 6 327
6 0 327
0 1 357
1 0 357
0 13 496
13 0 496
1 5 19
5 1 19
1 8 369
8 1 369
1 11 764
11 1 764
1 18 850
18 1 850
1 3 705
3 1 705
1 17 551
17 1 551
1 12 176
12 1 176
1 3 851
3 1 851
1 17 865
17 1 865
1 17 924
17 1 924
1 14 422
14 1 422
1 19 11
19 1 11
1 5 296
5 1 296
1 16 168
16 1 168
2 9 297
9 2 297
2 10 721
10 2 721
2 15 789
15 2 789
2 18 363
18 2 363
2 7 91
7 2 91
2 12 26
12 2 26
2 9 242
9 2 242
2 11 489
11 2 489
2 8 361
8 2 361
2 4 252
4 2 252
2 12 872
12 2 872
2 13 265
13 2 265
2 16 519
16 2 519
2 19 379
19 2 379
3 6 808
6 3 808
3 6 969
6 3 969
3 4 299
4 3 299
3 16 391
16 3 391
3 10 180
10 3 180
3 16 941
16 3 941
3 10 407
10 3 407
3 4 942
4 3 942
3 7 358
7 3 358
3 17 27
17 3 27
3 10 186
10 3 186
3 6 780
6 3 780
3 8 269
8 3 269
4 6 957
6 4 957
4 18 993
18 4 993
4 20 331
20 4 331
4 12 89
12 4 89
4 9 690
9 4 690
4 17 416
17 4 416
4 6 465
6 4 465
4 9 749
9 4 749
4 10 482
10 4 482
4 9 764
9 4 764
4 6 467
6 4 467
4 11 423
11 4 423
4 14 310
14 4 310
4 14 29
14 4 29
4 13 606
13 4 606
4 16 397
16 4 397
4 19 724
19 4 724
4 10 121
10 4 121
5 12 906
12 5 906
5 14 188
14 5 188
5 17 940
17 5 940
5 14 211
14 5 211
5 6 827
6 5 827
5 5 837
5 5 837
5 8 164
8 5 164
5 18 192
18 5 192
5 12 318
12 5 318
5 9 354
9 5 354
6 7 882
7 6 882
6 13 905
13 6 905
6 20 197
20 6 197
6 7 185
7 6 185
6 13 532
13 6 532
6 15 197
15 6 197
6 13 254
13 6 254
6 17 270
17 6 270
6 15 740
15 6 740
7 14 82
14 7 82
7 17 769
17 7 769
7 20 317
20 7 317
7 17 61
17 7 61
7 17 926
17 7 926
7 15 774
15 7 774
7 14 603
14 7 603
7 14 255
14 7 255
7 7 127
7 7 127
7 13 15
13 7 15
7 13 87
13 7 87
7 16 148
16 7 148
7 19 804
19 7 804
8 8 378
8 8 378
8 16 27
16 8 27
8 19 466
19 8 466
8 15 74
15 8 74
8 18 523
18 8 523
8 18 538
18 8 538
8 16 934
16 8 934
8 13 699
13 8 699
8 20 943
20 8 943
9 10 272
10 9 272
9 12 468
12 9 468
9 14 363
14 9 363
9 12 961
12 9 961
9 19 560
19 9 560
9 10 44
10 9 44
9 16 198
16 9 198
9 11 619
11 9 619
9 13 104
13 9 104
10 12 788
12 10 788
10 18 679
18 10 679
10 10 695
10 10 695
10 19 750
19 10 750
10 18 104
18 10 104
10 17 242
17 10 242
10 14 960
14 10 960
10 18 77
18 10 77
10 19 971
19 10 971
11 18 841
18 11 841
11 15 610
15 11 610
11 20 626
20 11 626
11 20 7
20 11 7
11 18 740
18 11 740
11 13 536
13 11 536
12 15 724
15 12 724
12 17 838
17 12 838
12 19 127
19 12 127
12 12 886
12 12 886
12 17 746
17 12 746
12 14 542
14 12 542
12 19 813
19 12 813
12 14 759
14 12 759
12 16 447
16 12 447
13 16 525
16 13 525
13 18 414
18 13 414
13 20 46
20 13 46
13 13 30
13 13 30
14 19 684
19 14 684
14 20 511
20 14 511
14 18 386
18 14 386
14 17 527
17 14 527
14 18 302
18 14 302
14 15 457
15 14 457
14 20 400
20 14 400
15 18 412
18 15 412
15 18 370
18 15 370
15 20 776
20 15 776
15 17 451
17 15 451
15 15 814
15 15 814
16 17 439
17 16 439
16 18 335
18 16 335
16 18 115
18 16 115
16 16 604
16 16 604
17 18 466
18 17 466
17 19 233
19 17 233
17 18 634
18 17 634
18 20 698
20 18 698
18 20 226
20 18 226
