14

0 1 689
1 0 689
0 12 611
12 0 611
0 2 307
2 0 307
0 9 29
9 0 29
0 7 614
7 0 614
0 7 102
7 0 102
0 3 684
3 0 684
0 12 940
12 0 940
0 13 583
13 0 583
1 2 817
2 1 817
1 6 153
6 1 153
1 2 685
2 1 685
1 5 795
5 1 795
1 10 928
10 1 928
2 3 570
3 2 570
2 4 644
4 2 644
2 2 885
2 2 885
2 2 121
2 2 121
2 3 949
3 2 949
2 6 805
6 2 805
3 5 140
5 3 140
3 8 733
8 3 733
3 6 808
6 3 808
3 10 860
10 3 860
4 9 248
9 4 248
4 11 997
11 4 997
4 11 438
11 4 438
4 11 529
11 4 529
4 9 345
9 4 345
4 8 240
8 4 240
4 4 932
4 4 932
5 6 340
6 5 340
5 6 441
6 5 441
5 7 879
7 5 879
5 10 287
10 5 287
5 6 716
6 5 716
6 7 207
7 6 207
6 6 832
6 6 832
6 12 523
12 6 523
6 8 980
8 6 980
7 10 277
10 7 277
7 13 761
13 7 761
7 12 359
12 7 359
7 13 769
13 7 769
7 8 536
8 7 536
7 9 453
9 7 453
8 12 161
12 8 161
8 11 148
11 8 148
9 11 822
11 9 822
9 12 601
12 9 601
9 13 673
13 9 673
10 11 286
11 10 286
11 13 902
13 11 902
12 13 302
13 12 302
