95

0 1 360
1 0 360
0 2 307
2 0 307
0 13 853
13 0 853
0 33 890
33 0 890
0 55 258
55 0 258
0 58 132
58 0 132
0 84 507
84 0 507
0 76 692
76 0 692
0 63 559
63 0 559
0 1 665
1 0 665
0 94 38
94 0 38
0 67 939
67 0 939
1 8 165
8 1 165
1 9 430
9 1 430
1 59 66
59 1 66
1 64 849
64 1 849
1 15 985
15 1 985
2 3 157
3 2 157
2 12 262
12 2 262
2 8 499
8 2 499
2 20 720
20 2 720
2 6 461
6 2 461
3 4 18
4 3 18
3 5 99
5 3 99
3 20 460
20 3 460
3 68 244
68 3 244
3 89 441
89 3 441
3 65 669
65 3 669
3 6 97
6 3 97
3 94 230
94 3 230
4 42 620
42 4 620
4 28 538
28 4 538
4 24 595
24 4 595
4 19 702
19 4 702
4 47 227
47 4 227
5 6 359
6 5 359
5 7 691
7 5 691
5 32 724
32 5 724
5 6 581
6 5 581
5 16 529
16 5 529
6 11 442
11 6 442
6 43 856
43 6 856
6 22 546
22 6 546
6 77 292
77 6 292
7 10 59
10 7 59
7 14 563
14 7 563
7 24 728
24 7 728
7 7 623
7 7 623
8 26 263
26 8 263
8 38 594
38 8 594
8 49 454
49 8 454
8 51 481
51 8 481
8 18 250
18 8 250
8 34 938
34 8 938
8 10 88
10 8 88
8 13 504
13 8 504
9 16 408
16 9 408
9 92 79
92 9 79
9 24 587
24 9 587
9 51 239
51 9 239
9 33 787
33 9 787
10 18 957
18 10 957
10 23 990
23 10 990
11 27 544
27 11 544
11 54 878
54 11 878
11 84 938
84 11 938
11 31 915
31 11 915
12 15 9
15 12 9
12 25 881
25 12 881
12 57 255
57 12 255
12 66 968
66 12 968
12 64 270
64 12 270
13 19 686
19 13 686
13 31 870
31 13 870
13 37 607
37 13 607
13 54 314
54 13 314
13 90 543
90 13 543
13 48 212
48 13 212
14 35 200
35 14 200
14 82 380
82 14 380
14 75 151
75 14 151
14 28 121
28 14 121
15 50 510
50 15 510
15 65 642
65 15 642
15 32 425
32 15 425
15 79 112
79 15 112
15 18 414
18 15 414
15 84 647
84 15 647
15 91 495
91 15 495
16 17 242
17 16 242
16 45 684
45 16 684
16 45 506
45 16 506
16 44 662
44 16 662
16 42 885
42 16 885
16 66 89
66 16 89
17 29 804
29 17 804
17 36 638
36 17 638
17 41 864
41 17 864
17 77 263
77 17 263
17 73 319
73 17 319
18 21 236
21 18 236
18 39 601
39 18 601
18 60 487
60 18 487
18 87 74
87 18 74
19 50 194
50 19 194
19 61 854
61 19 854
19 66 890
66 19 890
19 88 356
88 19 356
19 40 780
40 19 780
19 43 827
43 19 827
20 22 185
22 20 185
20 28 890
28 20 890
20 30 919
30 20 919
20 40 533
40 20 533
20 53 1
53 20 1
20 20 721
20 20 721
21 83 185
83 21 185
21 88 488
88 21 488
21 77 752
77 21 752
23 63 184
63 23 184
23 72 891
72 23 891
25 93 70
93 25 70
25 71 924
71 25 924
25 64 842
64 25 842
25 91 735
91 25 735
25 75 66
75 25 66
26 30 968
30 26 968
26 52 770
52 26 770
26 68 185
68 26 185
26 91 752
91 26 752
26 40 330
40 26 330
26 37 755
37 26 755
26 77 210
77 26 210
27 70 997
70 27 997
27 94 850
94 27 850
27 39 988
39 27 988
27 87 140
87 27 140
28 34 831
34 28 831
28 75 939
75 28 939
28 70 789
70 28 789
28 89 284
89 28 284
28 71 431
71 28 431
29 46 724
46 29 724
29 64 607
64 29 607
29 88 184
88 29 184
29 89 409
89 29 409
29 67 532
67 29 532
30 62 131
62 30 131
30 39 684
39 30 684
30 56 593
56 30 593
30 44 523
44 30 523
31 42 918
42 31 918
31 44 286
44 31 286
31 56 829
56 31 829
32 49 235
49 32 235
32 34 524
34 32 524
33 84 334
84 33 334
33 75 693
75 33 693
33 89 444
89 33 444
34 40 476
40 34 476
35 48 192
48 35 192
35 80 394
80 35 394
35 61 929
61 35 929
35 59 940
59 35 940
35 60 533
60 35 533
35 40 413
40 35 413
36 79 348
79 36 348
36 57 343
57 36 343
36 51 670
51 36 670
37 80 579
80 37 579
37 63 747
63 37 747
38 81 805
81 38 805
38 89 121
89 38 121
38 57 934
57 38 934
38 69 49
69 38 49
38 66 923
66 38 923
38 86 81
86 38 81
39 57 17
57 39 17
39 41 979
41 39 979
39 92 979
92 39 979
40 47 540
47 40 540
40 83 868
83 40 868
41 66 921
66 41 921
41 61 110
61 41 110
42 53 802
53 42 802
42 70 824
70 42 824
42 78 544
78 42 544
42 59 891
59 42 891
43 68 674
68 43 674
43 83 284
83 43 284
45 69 193
69 45 193
45 91 874
91 45 874
45 66 950
66 45 950
46 71 466
71 46 466
46 57 916
57 46 916
46 53 424
53 46 424
47 67 62
67 47 62
48 50 286
50 48 286
48 73 440
73 48 440
51 57 652
57 51 652
51 71 670
71 51 670
51 82 728
82 51 728
51 68 11
68 51 11
53 94 99
94 53 99
54 56 12
56 54 12
54 90 931
90 54 931
54 88 918
88 54 918
55 65 973
65 55 973
56 79 644
79 56 644
57 67 110
67 57 110
57 73 699
73 57 699
58 61 392
61 58 392
58 88 529
88 58 529
58 77 406
77 58 406
59 89 630
89 59 630
59 81 836
81 59 836
60 78 696
78 60 696
61 76 188
76 61 188
61 68 257
68 61 257
62 74 646
74 62 646
62 91 42
91 62 42
62 63 774
63 62 774
64 66 158
66 64 158
64 85 890
85 64 890
65 68 106
68 65 106
65 76 311
76 65 311
66 75 395
75 66 395
67 77 151
77 67 151
67 76 438
76 67 438
67 79 685
79 67 685
68 73 782
73 68 782
69 94 581
94 69 581
69 90 498
90 69 498
71 89 975
89 71 975
71 73 873
73 71 873
73 84 828
84 73 828
73 92 212
92 73 212
75 81 62
81 75 62
76 86 676
86 76 676
77 93 531
93 77 531
77 77 137
77 77 137
77 79 425
79 77 425
78 82 733
82 78 733
79 92 211
92 79 211
82 86 48
86 82 48
83 89 694
89 83 694
83 89 87
89 83 87
83 91 868
91 83 868
84 87 882
87 84 882
84 86 533
86 84 533
85 88 208
88 85 208
92 93 437
93 92 437
