86

0 1 187
1 0 187
0 2 688
2 0 688
0 5 911
5 0 911
0 10 203
10 0 203
0 22 914
22 0 914
0 28 795
28 0 795
0 69 724
69 0 724
0 15 308
15 0 308
0 20 36
20 0 36
0 83 519
83 0 519
0 46 400
46 0 400
0 39 898
39 0 898
0 24 941
24 0 941
0 57 749
57 0 749
0 34 674
34 0 674
0 11 953
11 0 953
0 76 164
76 0 164
0 60 884
60 0 884
0 36 957
36 0 957
0 12 345
12 0 345
0 28 113
28 0 113
0 67 248
67 0 248
0 23 856
23 0 856
0 55 995
55 0 995
1 6 488
6 1 488
1 7 649
7 1 649
1 18 8
18 1 8
1 40 689
40 1 689
1 71 326
71 1 326
1 8 627
8 1 627
1 71 766
71 1 766
1 3 440
3 1 440
1 38 373
38 1 373
1 45 84
45 1 84
1 73 413
73 1 413
1 60 114
60 1 114
1 40 790
40 1 790
1 75 629
75 1 629
1 85 67
85 1 67
1 47 831
47 1 831
1 20 837
20 1 837
1 78 661
78 1 661
1 34 674
34 1 674
2 3 14
3 2 14
2 39 473
39 2 473
2 38 467
38 2 467
2 59 723
59 2 723
2 53 852
53 2 852
2 62 870
62 2 870
2 57 714
57 2 714
2 4 800
4 2 800
2 51 249
51 2 249
2 2 189
2 2 189
2 72 315
72 2 315
2 3 387
3 2 387
2 59 613
59 2 613
2 49 878
49 2 878
2 46 790
46 2 790
2 20 596
20 2 596
2 35 15
35 2 15
2 48 452
48 2 452
2 81 982
81 2 982
2 15 547
15 2 547
2 41 756
41 2 756
2 78 132
78 2 132
2 17 299
17 2 299
2 69 795
69 2 795
3 4 757
4 3 757
3 11 662
11 3 662
3 64 497
64 3 497
3 39 147
39 3 147
3 28 282
28 3 282
3 81 440
81 3 440
3 47 270
47 3 270
3 56 796
56 3 796
3 29 991
29 3 991
3 68 843
68 3 843
3 9 324
9 3 324
3 8 407
8 3 407
3 15 225
15 3 225
3 37 913
37 3 913
3 63 861
63 3 861
3 45 58
45 3 58
3 81 304
81 3 304
3 4 913
4 3 913
3 17 780
17 3 780
3 36 94
36 3 94
3 65 278
65 3 278
3 81 774
81 3 774
3 7 804
7 3 804
4 8 898
8 4 898
4 27 494
27 4 494
4 59 349
59 4 349
4 63 318
63 4 318
4 48 247
48 4 247
4 64 867
64 4 867
4 40 287
40 4 287
4 36 703
36 4 703
5 9 100
9 5 100
5 19 688
19 5 688
5 57 211
57 5 211
5 34 911
34 5 911
5 19 558
19 5 558
5 34 269
34 5 269
5 61 219
61 5 219
5 7 212
7 5 212
5 24 224
24 5 224
5 30 914
30 5 914
5 29 247
29 5 247
5 21 979
21 5 979
5 42 422
42 5 422
5 39 498
39 5 498
5 71 892
71 5 892
5 32 669
32 5 669
5 19 151
19 5 151
5 58 606
58 5 606
5 21 748
21 5 748
6 12 536
12 6 536
6 85 826
85 6 826
6 68 727
68 6 727
6 53 743
53 6 743
6 37 762
37 6 762
6 41 280
41 6 280
6 19 713
19 6 713
6 51 308
51 6 308
6 69 505
69 6 505
6 18 874
18 6 874
6 72 866
72 6 866
6 49 180
49 6 180
6 68 63
68 6 63
6 34 686
34 6 686
6 24 904
24 6 904
6 60 20
60 6 20
6 40 399
40 6 399
6 78 79
78 6 79
7 17 326
17 7 326
7 77 865
77 7 865
7 76 472
76 7 472
7 81 502
81 7 502
7 64 138
64 7 138
7 84 204
84 7 204
7 80 835
80 7 835
7 61 26
61 7 26
7 53 156
53 7 156
7 46 811
46 7 811
7 34 336
34 7 336
7 13 204
13 7 204
7 52 948
52 7 948
7 56 433
56 7 433
7 41 528
41 7 528
7 36 873
36 7 873
7 58 64
58 7 64
8 14 574
14 8 574
8 74 946
74 8 946
8 44 620
44 8 620
8 25 110
25 8 110
8 30 923
30 8 923
8 37 335
37 8 335
8 57 3
57 8 3
8 14 595
14 8 595
8 49 828
49 8 828
8 78 930
78 8 930
8 71 515
71 8 515
9 13 332
13 9 332
9 20 987
20 9 987
9 49 302
49 9 302
9 50 307
50 9 307
9 83 931
83 9 931
9 50 187
50 9 187
9 61 601
61 9 601
9 13 344
13 9 344
9 73 549
73 9 549
9 77 352
77 9 352
9 32 608
32 9 608
9 36 195
36 9 195
9 65 318
65 9 318
9 44 868
44 9 868
9 85 218
85 9 218
9 31 575
31 9 575
9 27 676
27 9 676
10 30 274
30 10 274
10 48 219
48 10 219
10 18 190
18 10 190
10 12 562
12 10 562
10 11 907
11 10 907
10 31 950
31 10 950
10 84 424
84 10 424
10 69 169
69 10 169
10 72 849
72 10 849
10 77 235
77 10 235
10 18 338
18 10 338
10 24 489
24 10 489
10 13 187
13 10 187
10 55 879
55 10 879
10 61 524
61 10 524
10 29 780
29 10 780
10 77 450
77 10 450
10 13 369
13 10 369
10 40 564
40 10 564
10 47 475
47 10 475
11 35 659
35 11 659
11 56 498
56 11 498
11 28 659
28 11 659
11 23 898
23 11 898
11 64 653
64 11 653
11 76 547
76 11 547
11 78 892
78 11 892
11 66 165
66 11 165
11 17 602
17 11 602
11 42 222
42 11 222
11 50 97
50 11 97
11 68 85
68 11 85
11 59 338
59 11 338
11 46 28
46 11 28
11 66 331
66 11 331
11 37 865
37 11 865
11 54 228
54 11 228
11 56 760
56 11 760
11 31 36
31 11 36
12 42 178
42 12 178
12 76 357
76 12 357
12 39 680
39 12 680
12 53 692
53 12 692
12 81 338
81 12 338
12 78 714
78 12 714
12 51 68
51 12 68
12 60 668
60 12 668
12 43 363
43 12 363
12 39 809
39 12 809
12 67 321
67 12 321
13 55 36
55 13 36
13 45 385
45 13 385
13 66 531
66 13 531
13 59 928
59 13 928
13 60 987
60 13 987
13 18 238
18 13 238
13 40 925
40 13 925
13 59 835
59 13 835
13 42 431
42 13 431
13 65 535
65 13 535
13 41 12
41 13 12
14 15 783
15 14 783
14 16 405
16 14 405
14 23 831
23 14 831
14 24 106
24 14 106
14 25 738
25 14 738
14 81 151
81 14 151
14 80 130
80 14 130
14 48 17
48 14 17
14 66 315
66 14 315
14 30 565
30 14 565
14 76 118
76 14 118
14 71 101
71 14 101
14 78 434
78 14 434
14 36 561
36 14 561
14 47 198
47 14 198
14 16 271
16 14 271
14 60 92
60 14 92
14 46 212
46 14 212
14 38 471
38 14 471
14 80 836
80 14 836
14 81 137
81 14 137
14 70 725
70 14 725
14 85 867
85 14 867
14 65 833
65 14 833
14 42 890
42 14 890
15 21 700
21 15 700
15 23 263
23 15 263
15 67 107
67 15 107
15 19 833
19 15 833
15 37 108
37 15 108
15 42 663
42 15 663
15 29 340
29 15 340
15 35 12
35 15 12
15 62 248
62 15 248
15 51 447
51 15 447
15 35 676
35 15 676
15 18 485
18 15 485
15 25 840
25 15 840
15 58 361
58 15 361
15 24 675
24 15 675
16 83 52
83 16 52
16 43 791
43 16 791
16 81 159
81 16 159
16 18 445
18 16 445
16 54 930
54 16 930
16 77 762
77 16 762
16 20 292
20 16 292
16 68 116
68 16 116
16 80 429
80 16 429
16 63 871
63 16 871
16 39 511
39 16 511
16 82 921
82 16 921
16 61 973
61 16 973
16 20 49
20 16 49
17 26 66
26 17 66
17 63 387
63 17 387
17 49 143
49 17 143
17 47 349
47 17 349
17 67 219
67 17 219
17 30 157
30 17 157
17 35 898
35 17 898
17 49 912
49 17 912
17 39 883
39 17 883
17 85 859
85 17 859
17 46 343
46 17 343
17 43 373
43 17 373
17 20 465
20 17 465
17 52 387
52 17 387
17 39 545
39 17 545
17 67 640
67 17 640
18 29 497
29 18 497
18 51 350
51 18 350
18 20 140
20 18 140
18 84 396
84 18 396
18 42 846
42 18 846
18 32 224
32 18 224
18 55 690
55 18 690
18 71 503
71 18 503
18 62 676
62 18 676
18 84 70
84 18 70
18 26 216
26 18 216
18 81 442
81 18 442
18 27 300
27 18 300
18 25 994
25 18 994
19 73 470
73 19 470
19 82 73
82 19 73
19 72 22
72 19 22
19 65 411
65 19 411
19 56 667
56 19 667
19 35 823
35 19 823
19 30 798
30 19 798
19 61 694
61 19 694
19 77 341
77 19 341
19 37 36
37 19 36
19 41 161
41 19 161
19 26 23
26 19 23
19 52 717
52 19 717
20 66 418
66 20 418
20 65 332
65 20 332
20 71 578
71 20 578
20 80 67
80 20 67
20 75 537
75 20 537
20 28 698
28 20 698
20 36 613
36 20 613
20 65 608
65 20 608
20 38 839
38 20 839
20 25 307
25 20 307
20 55 341
55 20 341
21 69 456
69 21 456
21 83 708
83 21 708
21 33 388
33 21 388
21 25 221
25 21 221
21 25 778
25 21 778
21 78 803
78 21 803
21 53 803
53 21 803
21 62 914
62 21 914
21 81 91
81 21 91
21 48 810
48 21 810
21 44 95
44 21 95
21 26 302
26 21 302
21 63 588
63 21 588
21 85 141
85 21 141
21 84 408
84 21 408
21 38 468
38 21 468
21 27 614
27 21 614
22 38 458
38 22 458
22 43 952
43 22 952
22 36 157
36 22 157
22 76 508
76 22 508
22 62 340
62 22 340
22 82 162
82 22 162
22 41 624
41 22 624
22 54 886
54 22 886
22 66 868
66 22 868
22 79 384
79 22 384
22 52 339
52 22 339
22 34 280
34 22 280
22 63 157
63 22 157
23 34 383
34 23 383
23 57 675
57 23 675
23 68 119
68 23 119
23 29 617
29 23 617
23 64 765
64 23 765
23 46 931
46 23 931
23 25 603
25 23 603
23 36 43
36 23 43
23 23 661
23 23 661
23 75 565
75 23 565
23 58 825
58 23 825
23 52 724
52 23 724
23 76 135
76 23 135
23 62 709
62 23 709
23 56 524
56 23 524
23 38 912
38 23 912
23 67 327
67 23 327
24 66 593
66 24 593
24 66 409
66 24 409
24 77 119
77 24 119
24 41 870
41 24 870
24 81 854
81 24 854
24 57 971
57 24 971
24 82 735
82 24 735
24 85 71
85 24 71
24 75 195
75 24 195
24 66 41
66 24 41
24 33 336
33 24 336
24 65 40
65 24 40
25 53 750
53 25 750
25 58 187
58 25 187
25 35 531
35 25 531
25 50 957
50 25 957
25 73 624
73 25 624
25 56 803
56 25 803
25 43 331
43 25 331
25 42 653
42 25 653
25 36 686
36 25 686
25 36 193
36 25 193
25 57 816
57 25 816
25 47 981
47 25 981
25 39 261
39 25 261
25 41 692
41 25 692
25 30 800
30 25 800
25 82 543
82 25 543
25 48 411
48 25 411
25 76 467
76 25 467
25 26 702
26 25 702
26 27 363
27 26 363
26 41 803
41 26 803
26 82 349
82 26 349
26 78 997
78 26 997
26 70 824
70 26 824
26 52 258
52 26 258
26 52 35
52 26 35
26 49 218
49 26 218
26 82 898
82 26 898
26 71 99
71 26 99
26 44 504
44 26 504
26 79 906
79 26 906
26 73 79
73 26 79
26 45 465
45 26 465
26 41 40
41 26 40
27 48 693
48 27 693
27 62 776
62 27 776
27 63 202
63 27 202
27 65 111
65 27 111
27 82 335
82 27 335
27 50 690
50 27 690
27 64 964
64 27 964
27 70 450
70 27 450
27 66 839
66 27 839
28 58 166
58 28 166
28 29 121
29 28 121
28 74 827
74 28 827
28 65 658
65 28 658
28 67 770
67 28 770
28 28 723
28 28 723
28 50 969
50 28 969
28 32 650
32 28 650
28 51 91
51 28 91
28 37 189
37 28 189
28 59 282
59 28 282
28 78 261
78 28 261
28 43 925
43 28 925
28 70 124
70 28 124
28 79 385
79 28 385
29 31 767
31 29 767
29 33 567
33 29 567
29 67 903
67 29 903
29 63 67
63 29 67
29 58 77
58 29 77
29 47 336
47 29 336
29 77 300
77 29 300
29 49 342
49 29 342
29 52 36
52 29 36
29 38 193
38 29 193
29 55 838
55 29 838
29 51 935
51 29 935
29 68 368
68 29 368
29 79 196
79 29 196
29 68 341
68 29 341
30 32 843
32 30 843
30 62 105
62 30 105
30 56 202
56 30 202
30 33 226
33 30 226
30 74 632
74 30 632
30 81 904
81 30 904
30 55 196
55 30 196
30 49 377
49 30 377
30 72 222
72 30 222
30 72 148
72 30 148
30 66 636
66 30 636
30 60 937
60 30 937
30 50 860
50 30 860
30 58 696
58 30 696
30 41 801
41 30 801
31 44 650
44 31 650
31 65 465
65 31 465
31 42 756
42 31 756
31 76 474
76 31 474
31 65 192
65 31 192
31 40 825
40 31 825
31 74 437
74 31 437
31 50 231
50 31 231
31 45 144
45 31 144
31 44 872
44 31 872
31 49 871
49 31 871
31 57 561
57 31 561
31 62 691
62 31 691
31 56 413
56 31 413
32 37 815
37 32 815
32 80 864
80 32 864
32 71 725
71 32 725
32 41 424
41 32 424
32 84 215
84 32 215
32 37 535
37 32 535
32 54 940
54 32 940
32 56 735
56 32 735
32 35 340
35 32 340
32 62 24
62 32 24
32 81 264
81 32 264
32 41 643
41 32 643
32 40 547
40 32 547
32 42 417
42 32 417
33 47 302
47 33 302
33 75 270
75 33 270
33 84 310
84 33 310
33 52 80
52 33 80
33 70 712
70 33 712
33 84 693
84 33 693
33 78 89
78 33 89
33 78 666
78 33 666
33 64 912
64 33 912
33 69 715
69 33 715
33 37 92
37 33 92
34 50 162
50 34 162
34 78 928
78 34 928
34 58 295
58 34 295
34 37 397
37 34 397
34 36 334
36 34 334
34 77 106
77 34 106
34 43 949
43 34 949
34 77 483
77 34 483
34 43 17
43 34 17
34 51 324
51 34 324
34 76 968
76 34 968
34 46 496
46 34 496
35 36 21
36 35 21
35 46 554
46 35 554
35 69 776
69 35 776
35 76 374
76 35 374
35 68 30
68 35 30
35 72 135
72 35 135
35 48 791
48 35 791
35 46 109
46 35 109
35 42 452
42 35 452
35 74 752
74 35 752
35 79 196
79 35 196
35 64 821
64 35 821
35 78 571
78 35 571
36 67 705
67 36 705
36 43 677
43 36 677
36 53 886
53 36 886
36 56 465
56 36 465
36 80 996
80 36 996
36 41 806
41 36 806
36 45 642
45 36 642
37 79 983
79 37 983
37 65 109
65 37 109
37 75 773
75 37 773
37 62 505
62 37 505
37 60 804
60 37 804
37 73 566
73 37 566
37 75 660
75 37 660
37 79 270
79 37 270
37 73 144
73 37 144
37 41 185
41 37 185
37 85 882
85 37 882
38 71 166
71 38 166
38 45 6
45 38 6
38 82 52
82 38 52
38 71 391
71 38 391
38 42 393
42 38 393
38 58 899
58 38 899
38 53 281
53 38 281
38 84 758
84 38 758
38 79 695
79 38 695
38 52 664
52 38 664
38 82 199
82 38 199
39 41 148
41 39 148
39 45 924
45 39 924
39 49 13
49 39 13
39 56 344
56 39 344
39 79 933
79 39 933
39 70 180
70 39 180
39 70 563
70 39 563
39 66 141
66 39 141
39 71 11
71 39 11
39 61 337
61 39 337
39 53 987
53 39 987
39 61 649
61 39 649
39 67 552
67 39 552
40 71 702
71 40 702
40 78 159
78 40 159
40 46 272
46 40 272
40 76 196
76 40 196
40 79 191
79 40 191
40 73 803
73 40 803
40 64 361
64 40 361
40 80 802
80 40 802
40 62 149
62 40 149
41 59 625
59 41 625
41 61 731
61 41 731
41 71 503
71 41 503
41 74 223
74 41 223
41 81 30
81 41 30
41 43 983
43 41 983
41 47 463
47 41 463
41 70 264
70 41 264
41 76 831
76 41 831
42 85 134
85 42 134
42 84 929
84 42 929
42 59 702
59 42 702
42 60 974
60 42 974
42 66 164
66 42 164
43 58 404
58 43 404
43 75 581
75 43 581
43 81 706
81 43 706
43 63 665
63 43 665
43 52 402
52 43 402
43 55 703
55 43 703
43 51 533
51 43 533
43 69 113
69 43 113
43 79 563
79 43 563
43 83 757
83 43 757
43 84 384
84 43 384
43 55 221
55 43 221
43 81 260
81 43 260
44 59 400
59 44 400
44 59 213
59 44 213
44 52 335
52 44 335
44 62 192
62 44 192
44 44 854
44 44 854
44 68 787
68 44 787
44 54 911
54 44 911
44 55 186
55 44 186
44 50 930
50 44 930
44 79 390
79 44 390
45 84 692
84 45 692
45 61 994
61 45 994
45 78 286
78 45 286
45 46 789
46 45 789
45 73 59
73 45 59
45 54 984
54 45 984
45 50 617
50 45 617
45 83 653
83 45 653
46 52 920
52 46 920
46 74 759
74 46 759
46 61 441
61 46 441
46 50 488
50 46 488
46 78 530
78 46 530
46 60 653
60 46 653
46 53 593
53 46 593
46 68 279
68 46 279
46 80 380
80 46 380
47 56 142
56 47 142
47 47 814
47 47 814
47 69 532
69 47 532
47 72 787
72 47 787
47 65 941
65 47 941
47 77 118
77 47 118
47 71 729
71 47 729
47 85 615
85 47 615
47 80 4
80 47 4
48 53 165
53 48 165
48 54 344
54 48 344
48 85 787
85 48 787
49 52 662
52 49 662
49 71 264
71 49 264
49 84 398
84 49 398
49 58 622
58 49 622
49 82 325
82 49 325
49 74 936
74 49 936
49 79 797
79 49 797
49 54 126
54 49 126
50 51 352
51 50 352
50 60 128
60 50 128
50 78 80
78 50 80
50 52 142
52 50 142
50 60 820
60 50 820
50 71 552
71 50 552
51 58 197
58 51 197
51 74 431
74 51 431
51 78 508
78 51 508
51 54 400
54 51 400
51 71 150
71 51 150
51 63 508
63 51 508
51 63 752
63 51 752
51 59 974
59 51 974
51 82 733
82 51 733
51 63 523
63 51 523
51 69 33
69 51 33
51 59 702
59 51 702
52 63 666
63 52 666
52 53 782
53 52 782
52 81 742
81 52 742
52 66 377
66 52 377
52 69 103
69 52 103
52 61 890
61 52 890
53 79 626
79 53 626
53 63 642
63 53 642
53 76 511
76 53 511
53 70 592
70 53 592
53 68 980
68 53 980
53 78 609
78 53 609
54 70 653
70 54 653
54 60 82
60 54 82
54 70 352
70 54 352
54 68 331
68 54 331
54 61 978
61 54 978
54 71 681
71 54 681
54 55 148
55 54 148
54 76 69
76 54 69
54 55 939
55 54 939
55 74 321
74 55 321
55 67 69
67 55 69
55 67 15
67 55 15
55 68 788
68 55 788
55 71 324
71 55 324
56 60 716
60 56 716
56 67 677
67 56 677
56 84 957
84 56 957
56 83 783
83 56 783
56 83 195
83 56 195
56 83 420
83 56 420
56 62 322
62 56 322
57 74 440
74 57 440
57 73 793
73 57 793
57 62 178
62 57 178
58 66 60
66 58 60
58 63 114
63 58 114
59 74 226
74 59 226
59 84 907
84 59 907
59 71 7
71 59 7
59 69 808
69 59 808
59 75 247
75 59 247
59 68 280
68 59 280
59 79 646
79 59 646
60 77 266
77 60 266
60 81 594
81 60 594
61 72 425
72 61 425
61 72 192
72 61 192
61 77 692
77 61 692
61 80 577
80 61 577
61 84 977
84 61 977
61 83 122
83 61 122
61 73 673
73 61 673
62 63 447
63 62 447
62 74 831
74 62 831
62 73 651
73 62 651
62 85 471
85 62 471
63 68 51
68 63 51
63 84 541
84 63 541
63 70 567
70 63 567
63 67 719
67 63 719
63 70 52
70 63 52
63 73 549
73 63 549
63 83 89
83 63 89
63 81 562
81 63 562
63 81 750
81 63 750
63 72 667
72 63 667
64 80 691
80 64 691
64 85 967
85 64 967
65 65 111
65 65 111
65 77 870
77 65 870
65 67 771
67 65 771
65 85 852
85 65 852
66 85 525
85 66 525
66 75 924
75 66 924
66 84 276
84 66 276
67 83 341
83 67 341
67 75 899
75 67 899
67 81 20
81 67 20
67 74 10
74 67 10
68 84 134
84 68 134
68 75 220
75 68 220
68 82 194
82 68 194
69 72 429
72 69 429
69 80 261
80 69 261
70 75 732
75 70 732
70 78 701
78 70 701
70 76 516
76 70 516
71 77 291
77 71 291
71 84 673
84 71 673
71 74 8
74 71 8
71 79 372
79 71 372
72 81 169
81 72 169
72 83 532
83 72 532
72 78 759
78 72 759
73 83 156
83 73 156
74 78 312
78 74 312
74 74 745
74 74 745
74 75 984
75 74 984
74 83 492
83 74 492
78 82 111
82 78 111
78 80 127
80 78 127
78 83 232
83 78 232
79 85 399
85 79 399
79 79 183
79 79 183
79 80 743
80 79 743
80 85 809
85 80 809
81 83 206
83 81 206
