15

0 1 410
1 0 410
0 2 679
2 0 679
0 9 45
9 0 45
0 5 56
5 0 56
0 14 74
14 0 74
0 7 548
7 0 548
0 3 302
3 0 302
0 13 821
13 0 821
1 3 245
3 1 245
1 11 496
11 1 496
1 11 282
11 1 282
1 14 828
14 1 828
1 7 11
7 1 11
1 2 819
2 1 819
1 11 899
11 1 899
1 2 270
2 1 270
2 5 965
5 2 965
2 6 3
6 2 3
2 6 269
6 2 269
2 6 178
6 2 178
2 11 431
11 2 431
3 4 506
4 3 506
3 6 36
6 3 36
3 13 726
13 3 726
3 10 236
10 3 236
4 10 750
10 4 750
4 12 39
12 4 39
4 13 910
13 4 910
5 7 898
7 5 898
5 8 223
8 5 223
5 14 513
14 5 513
5 10 163
10 5 163
5 5 154
5 5 154
6 8 878
8 6 878
6 8 760
8 6 760
6 7 241
7 6 241
6 12 256
12 6 256
7 10 332
10 7 332
7 14 35
14 7 35
7 12 303
12 7 303
8 14 407
14 8 407
8 9 796
9 8 796
9 12 667
12 9 667
9 13 766
13 9 766
9 11 374
11 9 374
10 11 717
11 10 717
10 13 659
13 10 659
10 14 506
14 10 506
10 13 140
13 10 140
