87

0 1 592
1 0 592
0 2 790
2 0 790
0 30 65
30 0 65
0 19 621
19 0 621
0 41 107
41 0 107
0 56 283
56 0 283
0 34 578
34 0 578
0 51 55
51 0 55
0 16 444
16 0 444
0 80 225
80 0 225
0 50 978
50 0 978
0 29 522
29 0 522
0 32 510
32 0 510
1 3 692
3 1 692
1 19 284
19 1 284
1 30 911
30 1 911
1 27 590
27 1 590
1 13 222
13 1 222
1 7 597
7 1 597
1 20 742
20 1 742
1 10 375
10 1 375
1 49 556
49 1 556
1 33 233
33 1 233
2 5 310
5 2 310
2 6 966
6 2 966
2 8 658
8 2 658
2 15 506
15 2 506
2 20 872
20 2 872
2 43 429
43 2 429
2 54 83
54 2 83
2 67 733
67 2 733
2 79 785
79 2 785
2 45 438
45 2 438
2 53 514
53 2 514
2 48 942
48 2 942
2 37 683
37 2 683
2 26 552
26 2 552
2 13 467
13 2 467
2 80 413
80 2 413
3 4 546
4 3 546
3 14 532
14 3 532
3 17 437
17 3 437
3 51 164
51 3 164
3 52 816
52 3 816
3 16 349
16 3 349
3 25 343
25 3 343
3 8 38
8 3 38
3 56 47
56 3 47
3 38 392
38 3 392
4 7 682
7 4 682
4 9 713
9 4 713
4 13 680
13 4 680
4 32 718
32 4 718
4 34 80
34 4 80
4 39 406
39 4 406
4 44 367
44 4 367
4 7 813
7 4 813
4 24 275
24 4 275
4 52 134
52 4 134
4 6 424
6 4 424
4 49 306
49 4 306
4 54 135
54 4 135
4 86 245
86 4 245
4 85 58
85 4 58
5 41 303
41 5 303
5 66 451
66 5 451
5 54 219
54 5 219
6 16 137
16 6 137
6 80 766
80 6 766
6 62 239
62 6 239
6 79 648
79 6 648
6 43 750
43 6 750
6 18 50
18 6 50
6 60 447
60 6 447
6 78 660
78 6 660
7 10 26
10 7 26
7 28 466
28 7 466
7 56 164
56 7 164
7 68 190
68 7 190
7 67 490
67 7 490
7 24 778
24 7 778
7 59 536
59 7 536
7 47 100
47 7 100
7 50 408
50 7 408
7 58 998
58 7 998
7 60 257
60 7 257
7 17 329
17 7 329
8 12 127
12 8 127
8 31 833
31 8 833
8 62 417
62 8 417
8 11 104
11 8 104
8 62 866
62 8 866
8 49 525
49 8 525
8 31 717
31 8 717
8 10 142
10 8 142
8 84 184
84 8 184
8 19 680
19 8 680
9 11 317
11 9 317
9 75 445
75 9 445
9 82 144
82 9 144
9 56 478
56 9 478
9 31 880
31 9 880
9 18 632
18 9 632
9 26 607
26 9 607
9 20 90
20 9 90
9 68 938
68 9 938
9 12 209
12 9 209
9 68 770
68 9 770
10 21 755
21 10 755
10 58 62
58 10 62
10 63 833
63 10 833
10 25 729
25 10 729
10 73 648
73 10 648
10 53 37
53 10 37
10 11 485
11 10 485
10 57 998
57 10 998
10 67 159
67 10 159
10 10 847
10 10 847
10 82 335
82 10 335
11 38 530
38 11 530
11 33 983
33 11 983
11 11 269
11 11 269
11 41 304
41 11 304
11 35 639
35 11 639
11 65 613
65 11 613
11 54 279
54 11 279
12 18 696
18 12 696
12 84 107
84 12 107
12 21 812
21 12 812
12 48 200
48 12 200
12 65 578
65 12 578
12 85 302
85 12 302
12 36 49
36 12 49
12 54 553
54 12 553
13 25 819
25 13 819
13 29 679
29 13 679
13 35 252
35 13 252
13 25 7
25 13 7
13 28 545
28 13 545
13 52 661
52 13 661
13 83 48
83 13 48
13 43 892
43 13 892
13 19 71
19 13 71
14 25 644
25 14 644
14 16 838
16 14 838
14 65 188
65 14 188
14 72 754
72 14 754
14 17 519
17 14 519
14 78 513
78 14 513
14 64 210
64 14 210
14 57 239
57 14 239
14 65 474
65 14 474
14 65 513
65 14 513
14 41 747
41 14 747
14 47 255
47 14 255
15 22 555
22 15 555
15 26 970
26 15 970
15 56 312
56 15 312
15 37 492
37 15 492
15 49 987
49 15 987
15 86 564
86 15 564
16 76 182
76 16 182
16 46 894
46 16 894
16 16 616
16 16 616
16 68 820
68 16 820
16 17 400
17 16 400
16 72 42
72 16 42
17 27 868
27 17 868
17 48 558
48 17 558
17 45 983
45 17 983
17 80 776
80 17 776
17 46 312
46 17 312
17 31 692
31 17 692
17 82 346
82 17 346
18 23 210
23 18 210
18 66 254
66 18 254
18 65 982
65 18 982
18 78 785
78 18 785
18 66 37
66 18 37
18 65 4
65 18 4
18 50 472
50 18 472
18 50 810
50 18 810
18 61 312
61 18 312
19 27 590
27 19 590
19 63 421
63 19 421
19 52 788
52 19 788
19 48 798
48 19 798
19 42 248
42 19 248
19 23 242
23 19 242
19 66 62
66 19 62
19 73 50
73 19 50
19 46 451
46 19 451
19 54 290
54 19 290
19 26 111
26 19 111
19 82 479
82 19 479
19 21 747
21 19 747
19 54 188
54 19 188
20 23 673
23 20 673
20 20 521
20 20 521
20 42 931
42 20 931
20 71 755
71 20 755
20 63 705
63 20 705
21 47 259
47 21 259
21 25 918
25 21 918
21 84 232
84 21 232
21 83 240
83 21 240
21 83 293
83 21 293
21 84 89
84 21 89
21 78 98
78 21 98
22 52 81
52 22 81
22 72 76
72 22 76
22 32 396
32 22 396
22 65 682
65 22 682
22 47 669
47 22 669
22 38 340
38 22 340
22 35 33
35 22 33
22 86 367
86 22 367
23 24 543
24 23 543
23 30 89
30 23 89
23 49 762
49 23 762
23 68 135
68 23 135
23 24 272
24 23 272
23 80 71
80 23 71
23 55 408
55 23 408
23 72 229
72 23 229
23 45 275
45 23 275
23 43 658
43 23 658
23 83 269
83 23 269
24 33 946
33 24 946
24 51 509
51 24 509
24 27 731
27 24 731
24 73 340
73 24 340
24 53 657
53 24 657
24 77 284
77 24 284
24 51 974
51 24 974
24 24 730
24 24 730
24 72 128
72 24 128
24 39 860
39 24 860
24 54 735
54 24 735
24 74 596
74 24 596
24 63 701
63 24 701
24 55 518
55 24 518
25 71 198
71 25 198
25 81 157
81 25 157
25 76 779
76 25 779
25 48 566
48 25 566
25 65 59
65 25 59
25 57 461
57 25 461
25 63 565
63 25 565
25 34 172
34 25 172
25 71 202
71 25 202
25 75 904
75 25 904
25 65 784
65 25 784
25 85 517
85 25 517
25 44 695
44 25 695
25 50 598
50 25 598
26 37 694
37 26 694
26 52 216
52 26 216
26 37 100
37 26 100
26 56 380
56 26 380
26 33 181
33 26 181
26 39 656
39 26 656
27 60 511
60 27 511
27 48 401
48 27 401
27 48 507
48 27 507
27 65 214
65 27 214
27 69 505
69 27 505
27 38 61
38 27 61
27 78 758
78 27 758
27 82 281
82 27 281
28 45 203
45 28 203
28 57 249
57 28 249
28 30 949
30 28 949
28 43 564
43 28 564
28 35 193
35 28 193
28 72 856
72 28 856
28 76 823
76 28 823
29 83 901
83 29 901
29 55 530
55 29 530
29 65 709
65 29 709
29 38 708
38 29 708
30 40 715
40 30 715
30 74 441
74 30 441
30 57 244
57 30 244
30 49 106
49 30 106
30 72 796
72 30 796
30 86 328
86 30 328
30 74 368
74 30 368
31 36 16
36 31 16
31 74 867
74 31 867
31 59 788
59 31 788
31 84 119
84 31 119
31 56 711
56 31 711
31 58 522
58 31 522
32 46 458
46 32 458
32 49 593
49 32 593
32 57 126
57 32 126
32 37 281
37 32 281
33 42 416
42 33 416
33 43 781
43 33 781
33 40 32
40 33 32
33 75 576
75 33 576
33 41 101
41 33 101
33 70 201
70 33 201
34 77 98
77 34 98
34 43 785
43 34 785
34 47 686
47 34 686
34 73 76
73 34 76
35 59 408
59 35 408
35 86 506
86 35 506
35 57 381
57 35 381
35 49 132
49 35 132
35 58 686
58 35 686
35 46 989
46 35 989
35 58 607
58 35 607
35 60 424
60 35 424
36 66 884
66 36 884
36 52 695
52 36 695
36 52 527
52 36 527
36 65 95
65 36 95
36 52 229
52 36 229
36 46 360
46 36 360
37 41 63
41 37 63
37 42 247
42 37 247
37 63 932
63 37 932
37 52 198
52 37 198
37 46 444
46 37 444
37 64 23
64 37 23
37 55 81
55 37 81
37 82 261
82 37 261
37 52 259
52 37 259
38 65 104
65 38 104
38 73 519
73 38 519
38 83 791
83 38 791
38 72 976
72 38 976
38 72 31
72 38 31
38 67 418
67 38 418
39 69 268
69 39 268
39 43 824
43 39 824
39 49 455
49 39 455
39 81 776
81 39 776
39 75 382
75 39 382
39 43 809
43 39 809
40 79 899
79 40 899
40 86 997
86 40 997
40 46 954
46 40 954
40 62 525
62 40 525
40 50 679
50 40 679
40 69 722
69 40 722
41 46 947
46 41 947
41 44 594
44 41 594
41 78 737
78 41 737
41 70 275
70 41 275
41 58 459
58 41 459
41 54 139
54 41 139
41 73 487
73 41 487
41 55 479
55 41 479
42 68 67
68 42 67
42 78 336
78 42 336
42 63 239
63 42 239
42 62 798
62 42 798
42 73 363
73 42 363
42 67 53
67 42 53
42 64 677
64 42 677
42 49 785
49 42 785
42 46 252
46 42 252
42 48 17
48 42 17
42 63 748
63 42 748
43 86 375
86 43 375
43 75 460
75 43 460
43 45 265
45 43 265
43 53 80
53 43 80
43 78 888
78 43 888
43 83 640
83 43 640
43 79 110
79 43 110
43 77 134
77 43 134
43 86 227
86 43 227
44 57 824
57 44 824
44 56 746
56 44 746
44 75 678
75 44 678
44 68 182
68 44 182
45 48 832
48 45 832
45 50 761
50 45 761
45 55 740
55 45 740
45 61 177
61 45 177
45 79 46
79 45 46
45 58 22
58 45 22
45 86 502
86 45 502
45 72 359
72 45 359
46 57 830
57 46 830
46 51 395
51 46 395
46 60 812
60 46 812
46 56 662
56 46 662
46 78 22
78 46 22
46 85 673
85 46 673
46 84 484
84 46 484
46 59 80
59 46 80
46 51 320
51 46 320
47 55 274
55 47 274
47 60 530
60 47 530
47 57 181
57 47 181
48 84 510
84 48 510
49 77 964
77 49 964
49 86 112
86 49 112
49 54 508
54 49 508
49 64 503
64 49 503
49 56 177
56 49 177
49 54 27
54 49 27
50 80 313
80 50 313
50 63 799
63 50 799
51 53 782
53 51 782
51 70 309
70 51 309
51 69 244
69 51 244
51 75 484
75 51 484
51 64 70
64 51 70
51 84 781
84 51 781
52 63 758
63 52 758
52 85 568
85 52 568
52 65 442
65 52 442
53 55 887
55 53 887
53 61 370
61 53 370
53 80 573
80 53 573
54 57 554
57 54 554
54 65 680
65 54 680
55 73 841
73 55 841
55 74 842
74 55 842
55 78 35
78 55 35
55 56 130
56 55 130
56 64 429
64 56 429
56 79 148
79 56 148
56 61 882
61 56 882
57 82 167
82 57 167
57 69 789
69 57 789
57 67 729
67 57 729
57 63 712
63 57 712
57 65 160
65 57 160
58 70 704
70 58 704
58 80 763
80 58 763
58 67 681
67 58 681
58 63 485
63 58 485
58 76 243
76 58 243
59 68 166
68 59 166
59 60 298
60 59 298
61 81 338
81 61 338
61 62 762
62 61 762
61 83 973
83 61 973
61 62 402
62 61 402
61 83 830
83 61 830
62 84 425
84 62 425
62 75 523
75 62 523
62 79 481
79 62 481
63 78 20
78 63 20
64 72 48
72 64 48
64 86 218
86 64 218
64 65 488
65 64 488
64 82 738
82 64 738
64 76 393
76 64 393
64 78 72
78 64 72
64 75 419
75 64 419
64 70 311
70 64 311
65 80 71
80 65 71
65 83 400
83 65 400
65 81 211
81 65 211
65 66 737
66 65 737
66 70 91
70 66 91
66 77 274
77 66 274
67 71 757
71 67 757
67 80 144
80 67 144
67 77 727
77 67 727
68 77 468
77 68 468
68 80 239
80 68 239
69 73 918
73 69 918
69 83 354
83 69 354
69 75 664
75 69 664
69 75 250
75 69 250
70 72 252
72 70 252
70 84 493
84 70 493
71 72 757
72 71 757
73 85 621
85 73 621
73 82 931
82 73 931
73 75 265
75 73 265
74 83 104
83 74 104
75 75 50
75 75 50
75 79 719
79 75 719
75 85 301
85 75 301
76 85 571
85 76 571
76 86 83
86 76 83
78 83 242
83 78 242
79 85 833
85 79 833
79 81 986
81 79 986
80 86 506
86 80 506
81 86 623
86 81 623
81 86 900
86 81 900
