13

0 1 167
1 0 167
0 4 958
4 0 958
0 6 464
6 0 464
0 12 264
12 0 264
0 12 191
12 0 191
0 5 776
5 0 776
0 9 305
9 0 305
0 0 14
0 0 14
0 9 798
9 0 798
0 0 475
0 0 475
1 2 470
2 1 470
1 3 746
3 1 746
1 9 130
9 1 130
1 4 467
4 1 467
1 12 889
12 1 889
1 10 486
10 1 486
1 8 939
8 1 939
1 9 189
9 1 189
1 7 53
7 1 53
2 8 421
8 2 421
2 11 892
11 2 892
2 9 405
9 2 405
2 9 91
9 2 91
2 11 499
11 2 499
2 11 553
11 2 553
2 7 984
7 2 984
2 3 760
3 2 760
2 11 867
11 2 867
2 8 327
8 2 327
2 6 301
6 2 301
2 4 676
4 2 676
2 7 172
7 2 172
2 7 599
7 2 599
2 9 566
9 2 566
2 5 838
5 2 838
3 5 771
5 3 771
3 12 851
12 3 851
3 6 925
6 3 925
3 12 49
12 3 49
3 11 423
11 3 423
3 4 192
4 3 192
3 6 673
6 3 673
4 12 676
12 4 676
4 12 691
12 4 691
4 9 950
9 4 950
4 12 664
12 4 664
4 11 281
11 4 281
4 12 925
12 4 925
4 6 672
6 4 672
4 8 558
8 4 558
4 11 179
11 4 179
5 7 162
7 5 162
5 8 919
8 5 919
5 5 39
5 5 39
5 11 729
11 5 729
5 12 23
12 5 23
5 12 424
12 5 424
6 11 424
11 6 424
6 9 421
9 6 421
6 12 717
12 6 717
7 9 445
9 7 445
7 8 786
8 7 786
7 9 663
9 7 663
7 8 236
8 7 236
8 10 186
10 8 186
8 10 858
10 8 858
8 12 492
12 8 492
9 12 898
12 9 898
10 12 29
12 10 29
10 12 283
12 10 283
10 11 275
11 10 275
10 12 924
12 10 924
11 12 912
12 11 912
