62

0 1 417
1 0 417
0 5 506
5 0 506
0 9 867
9 0 867
0 13 541
13 0 541
0 15 835
15 0 835
0 16 679
16 0 679
0 3 655
3 0 655
0 46 917
46 0 917
0 38 406
38 0 406
0 58 665
58 0 665
0 49 133
49 0 133
0 4 282
4 0 282
0 30 116
30 0 116
0 5 477
5 0 477
0 30 488
30 0 488
0 13 285
13 0 285
0 11 157
11 0 157
0 55 146
55 0 146
0 14 635
14 0 635
0 11 285
11 0 285
0 50 905
50 0 905
0 28 424
28 0 424
0 26 244
26 0 244
0 56 750
56 0 750
0 55 292
55 0 292
0 43 910
43 0 910
0 19 309
19 0 309
0 47 208
47 0 208
0 56 8
56 0 8
0 16 655
16 0 655
0 10 542
10 0 542
0 4 644
4 0 644
0 42 966
42 0 966
1 2 793
2 1 793
1 14 645
14 1 645
1 18 724
18 1 724
1 11 635
11 1 635
1 14 840
14 1 840
1 12 272
12 1 272
1 44 552
44 1 552
1 58 778
58 1 778
1 19 620
19 1 620
1 50 736
50 1 736
1 46 511
46 1 511
1 35 607
35 1 607
1 56 150
56 1 150
1 19 742
19 1 742
1 9 20
9 1 20
1 56 685
56 1 685
1 2 789
2 1 789
1 40 358
40 1 358
1 39 15
39 1 15
1 6 681
6 1 681
1 13 923
13 1 923
1 59 90
59 1 90
1 39 763
39 1 763
2 3 710
3 2 710
2 25 96
25 2 96
2 41 263
41 2 263
2 51 708
51 2 708
2 56 8
56 2 8
2 23 204
23 2 204
2 12 269
12 2 269
2 60 548
60 2 548
2 47 124
47 2 124
2 21 559
21 2 559
2 53 736
53 2 736
2 51 222
51 2 222
2 39 267
39 2 267
2 7 429
7 2 429
2 32 179
32 2 179
2 38 24
38 2 24
2 6 876
6 2 876
2 16 472
16 2 472
2 8 213
8 2 213
2 52 944
52 2 944
2 13 517
13 2 517
2 43 578
43 2 578
2 44 461
44 2 461
2 10 102
10 2 102
2 29 91
29 2 91
3 4 747
4 3 747
3 19 499
19 3 499
3 28 626
28 3 626
3 36 698
36 3 698
3 45 544
45 3 544
3 8 481
8 3 481
3 11 882
11 3 882
3 46 840
46 3 840
3 14 97
14 3 97
3 43 146
43 3 146
3 16 208
16 3 208
3 40 571
40 3 571
3 31 987
31 3 987
3 7 962
7 3 962
3 10 720
10 3 720
3 45 759
45 3 759
3 20 847
20 3 847
3 20 492
20 3 492
3 61 211
61 3 211
3 17 933
17 3 933
3 4 632
4 3 632
3 35 747
35 3 747
3 5 663
5 3 663
3 37 833
37 3 833
3 23 12
23 3 12
3 51 855
51 3 855
3 55 334
55 3 334
4 6 260
6 4 260
4 12 608
12 4 608
4 53 530
53 4 530
4 15 67
15 4 67
4 25 348
25 4 348
4 21 691
21 4 691
4 32 829
32 4 829
4 10 328
10 4 328
4 54 951
54 4 951
4 26 862
26 4 862
4 21 593
21 4 593
4 27 3
27 4 3
4 34 555
34 4 555
4 47 120
47 4 120
4 32 153
32 4 153
4 32 361
32 4 361
4 49 391
49 4 391
4 12 991
12 4 991
4 14 556
14 4 556
4 19 397
19 4 397
4 48 954
48 4 954
4 5 41
5 4 41
4 31 659
31 4 659
4 31 681
31 4 681
5 39 817
39 5 817
5 55 850
55 5 850
5 49 823
49 5 823
5 11 130
11 5 130
5 23 263
23 5 263
5 25 8
25 5 8
5 59 991
59 5 991
5 35 357
35 5 357
5 23 632
23 5 632
5 35 43
35 5 43
5 39 17
39 5 17
5 26 928
26 5 928
5 25 879
25 5 879
5 50 610
50 5 610
5 60 924
60 5 924
5 7 84
7 5 84
5 49 291
49 5 291
5 45 893
45 5 893
5 19 761
19 5 761
5 37 999
37 5 999
5 39 425
39 5 425
5 42 345
42 5 345
5 35 483
35 5 483
5 41 523
41 5 523
5 57 171
57 5 171
5 14 581
14 5 581
5 30 504
30 5 504
5 8 375
8 5 375
6 7 106
7 6 106
6 8 944
8 6 944
6 30 129
30 6 129
6 42 635
42 6 635
6 59 972
59 6 972
6 39 589
39 6 589
6 44 769
44 6 769
6 52 942
52 6 942
6 18 671
18 6 671
6 16 37
16 6 37
6 29 54
29 6 54
6 49 581
49 6 581
6 45 271
45 6 271
6 51 41
51 6 41
6 38 254
38 6 254
6 25 979
25 6 979
6 8 482
8 6 482
6 8 43
8 6 43
6 18 247
18 6 247
6 15 773
15 6 773
6 33 477
33 6 477
6 17 429
17 6 429
6 52 31
52 6 31
6 26 192
26 6 192
6 54 591
54 6 591
6 27 620
27 6 620
6 33 570
33 6 570
6 50 945
50 6 945
6 19 893
19 6 893
6 13 722
13 6 722
7 10 17
10 7 17
7 22 509
22 7 509
7 24 990
24 7 990
7 32 867
32 7 867
7 8 789
8 7 789
7 20 397
20 7 397
7 53 842
53 7 842
7 42 140
42 7 140
7 56 628
56 7 628
7 40 445
40 7 445
7 39 628
39 7 628
7 51 651
51 7 651
7 60 545
60 7 545
7 26 328
26 7 328
7 44 983
44 7 983
7 15 306
15 7 306
7 34 415
34 7 415
7 10 40
10 7 40
7 55 810
55 7 810
7 27 528
27 7 528
7 50 11
50 7 11
7 19 362
19 7 362
7 15 178
15 7 178
7 48 156
48 7 156
7 8 564
8 7 564
7 59 799
59 7 799
7 20 599
20 7 599
7 42 973
42 7 973
7 28 600
28 7 600
7 12 692
12 7 692
8 26 205
26 8 205
8 29 560
29 8 560
8 57 580
57 8 580
8 16 635
16 8 635
8 58 685
58 8 685
8 9 615
9 8 615
8 15 939
15 8 939
8 42 140
42 8 140
8 10 308
10 8 308
8 23 404
23 8 404
8 59 710
59 8 710
8 25 186
25 8 186
8 55 407
55 8 407
8 26 729
26 8 729
8 23 864
23 8 864
8 54 245
54 8 245
8 15 863
15 8 863
8 54 656
54 8 656
8 44 634
44 8 634
8 48 574
48 8 574
8 33 192
33 8 192
8 21 583
21 8 583
8 46 25
46 8 25
8 28 48
28 8 48
8 43 853
43 8 853
8 45 223
45 8 223
8 26 637
26 8 637
8 17 450
17 8 450
8 21 252
21 8 252
8 35 513
35 8 513
8 61 990
61 8 990
8 45 127
45 8 127
8 44 444
44 8 444
8 26 218
26 8 218
9 11 413
11 9 413
9 61 703
61 9 703
9 31 955
31 9 955
9 51 963
51 9 963
9 39 781
39 9 781
9 30 936
30 9 936
9 29 869
29 9 869
9 52 317
52 9 317
9 13 329
13 9 329
9 59 513
59 9 513
9 26 655
26 9 655
9 20 868
20 9 868
9 56 948
56 9 948
9 46 227
46 9 227
9 39 70
39 9 70
9 48 100
48 9 100
9 39 99
39 9 99
9 22 991
22 9 991
9 30 849
30 9 849
9 59 958
59 9 958
9 47 523
47 9 523
9 23 933
23 9 933
9 17 862
17 9 862
9 18 963
18 9 963
9 61 157
61 9 157
9 15 735
15 9 735
9 17 561
17 9 561
9 36 192
36 9 192
9 34 736
34 9 736
9 37 228
37 9 228
9 45 666
45 9 666
10 20 884
20 10 884
10 44 188
44 10 188
10 14 62
14 10 62
10 44 829
44 10 829
10 42 346
42 10 346
10 53 870
53 10 870
10 20 46
20 10 46
10 25 81
25 10 81
10 47 157
47 10 157
10 54 515
54 10 515
10 47 291
47 10 291
10 26 919
26 10 919
10 24 416
24 10 416
10 36 489
36 10 489
10 13 779
13 10 779
10 58 952
58 10 952
10 42 870
42 10 870
10 33 141
33 10 141
10 51 790
51 10 790
10 30 635
30 10 635
10 17 112
17 10 112
10 18 976
18 10 976
10 58 386
58 10 386
10 35 370
35 10 370
10 48 623
48 10 623
10 43 934
43 10 934
10 15 452
15 10 452
11 30 216
30 11 216
11 31 277
31 11 277
11 49 364
49 11 364
11 54 608
54 11 608
11 17 1
17 11 1
11 16 32
16 11 32
11 18 435
18 11 435
11 12 647
12 11 647
11 58 625
58 11 625
11 52 178
52 11 178
11 50 607
50 11 607
11 42 942
42 11 942
11 30 162
30 11 162
11 53 500
53 11 500
11 30 597
30 11 597
11 27 83
27 11 83
11 58 279
58 11 279
11 58 971
58 11 971
11 59 424
59 11 424
11 19 84
19 11 84
11 55 333
55 11 333
11 24 516
24 11 516
11 47 11
47 11 11
11 16 319
16 11 319
11 23 577
23 11 577
11 35 898
35 11 898
11 30 104
30 11 104
12 35 808
35 12 808
12 38 496
38 12 496
12 21 229
21 12 229
12 26 45
26 12 45
12 18 902
18 12 902
12 40 913
40 12 913
12 38 262
38 12 262
12 31 454
31 12 454
12 15 155
15 12 155
12 31 437
31 12 437
12 23 820
23 12 820
12 53 475
53 12 475
12 53 874
53 12 874
12 47 347
47 12 347
12 26 851
26 12 851
12 38 915
38 12 915
12 60 343
60 12 343
12 38 972
38 12 972
12 28 169
28 12 169
13 17 134
17 13 134
13 52 119
52 13 119
13 60 661
60 13 661
13 27 152
27 13 152
13 46 682
46 13 682
13 14 243
14 13 243
13 40 544
40 13 544
13 27 401
27 13 401
13 57 840
57 13 840
13 25 913
25 13 913
13 49 276
49 13 276
13 20 836
20 13 836
13 45 147
45 13 147
13 48 300
48 13 300
13 35 731
35 13 731
13 20 12
20 13 12
13 14 93
14 13 93
14 21 656
21 14 656
14 36 898
36 14 898
14 35 229
35 14 229
14 39 954
39 14 954
14 44 864
44 14 864
14 44 110
44 14 110
14 21 911
21 14 911
14 14 923
14 14 923
14 36 901
36 14 901
14 31 19
31 14 19
14 36 558
36 14 558
14 40 980
40 14 980
14 23 281
23 14 281
14 27 986
27 14 986
14 45 531
45 14 531
14 16 870
16 14 870
14 28 259
28 14 259
14 15 550
15 14 550
14 51 334
51 14 334
14 49 307
49 14 307
14 35 455
35 14 455
14 47 480
47 14 480
14 37 364
37 14 364
14 29 303
29 14 303
14 16 752
16 14 752
14 15 386
15 14 386
14 60 467
60 14 467
14 58 49
58 14 49
14 43 672
43 14 672
14 14 294
14 14 294
15 58 816
58 15 816
15 44 985
44 15 985
15 59 275
59 15 275
15 36 399
36 15 399
15 52 553
52 15 553
15 38 480
38 15 480
15 21 530
21 15 530
15 40 723
40 15 723
15 32 761
32 15 761
15 59 607
59 15 607
15 40 191
40 15 191
15 61 592
61 15 592
15 61 374
61 15 374
15 38 222
38 15 222
15 21 642
21 15 642
15 26 997
26 15 997
15 42 727
42 15 727
15 33 937
33 15 937
15 57 546
57 15 546
15 17 422
17 15 422
15 59 992
59 15 992
15 42 810
42 15 810
15 28 4
28 15 4
15 34 960
34 15 960
15 16 233
16 15 233
15 20 99
20 15 99
15 34 748
34 15 748
15 35 828
35 15 828
15 29 633
29 15 633
15 56 843
56 15 843
15 31 296
31 15 296
16 23 695
23 16 695
16 34 657
34 16 657
16 20 342
20 16 342
16 35 990
35 16 990
16 27 287
27 16 287
16 26 391
26 16 391
16 44 834
44 16 834
16 55 191
55 16 191
16 45 716
45 16 716
16 56 71
56 16 71
16 61 813
61 16 813
16 18 76
18 16 76
16 21 921
21 16 921
16 47 137
47 16 137
16 60 306
60 16 306
16 49 588
49 16 588
16 60 901
60 16 901
16 39 839
39 16 839
16 54 943
54 16 943
16 47 761
47 16 761
17 49 127
49 17 127
17 33 784
33 17 784
17 27 164
27 17 164
17 38 714
38 17 714
17 34 284
34 17 284
17 30 386
30 17 386
17 31 512
31 17 512
17 58 518
58 17 518
17 24 708
24 17 708
17 52 7
52 17 7
17 50 856
50 17 856
17 54 790
54 17 790
17 21 960
21 17 960
17 31 368
31 17 368
17 28 816
28 17 816
17 55 168
55 17 168
17 26 674
26 17 674
17 32 302
32 17 302
17 51 852
51 17 852
17 49 866
49 17 866
17 56 481
56 17 481
17 49 681
49 17 681
17 34 262
34 17 262
17 32 210
32 17 210
18 25 741
25 18 741
18 25 191
25 18 191
18 57 524
57 18 524
18 43 177
43 18 177
18 45 993
45 18 993
18 61 574
61 18 574
18 27 741
27 18 741
18 30 562
30 18 562
18 38 334
38 18 334
18 34 917
34 18 917
18 43 719
43 18 719
18 58 503
58 18 503
18 42 531
42 18 531
18 59 896
59 18 896
18 33 540
33 18 540
18 61 490
61 18 490
18 41 193
41 18 193
18 37 442
37 18 442
18 24 529
24 18 529
19 59 580
59 19 580
19 48 706
48 19 706
19 27 976
27 19 976
19 51 355
51 19 355
19 44 825
44 19 825
19 44 225
44 19 225
19 21 194
21 19 194
19 39 225
39 19 225
19 51 259
51 19 259
19 61 867
61 19 867
19 47 575
47 19 575
19 58 157
58 19 157
19 41 740
41 19 740
19 48 175
48 19 175
19 40 203
40 19 203
19 33 209
33 19 209
19 54 65
54 19 65
19 36 205
36 19 205
19 52 246
52 19 246
20 50 684
50 20 684
20 28 681
28 20 681
20 53 466
53 20 466
20 36 208
36 20 208
20 46 178
46 20 178
20 38 638
38 20 638
20 35 507
35 20 507
20 24 803
24 20 803
20 29 416
29 20 416
20 58 897
58 20 897
20 28 539
28 20 539
20 60 120
60 20 120
20 59 494
59 20 494
20 37 848
37 20 848
20 41 205
41 20 205
20 54 33
54 20 33
20 25 808
25 20 808
21 46 520
46 21 520
21 21 953
21 21 953
21 23 487
23 21 487
21 54 548
54 21 548
21 43 360
43 21 360
21 30 513
30 21 513
21 39 452
39 21 452
21 23 905
23 21 905
21 57 863
57 21 863
21 52 530
52 21 530
21 48 133
48 21 133
21 42 508
42 21 508
21 26 957
26 21 957
21 24 164
24 21 164
21 34 349
34 21 349
21 59 819
59 21 819
21 41 461
41 21 461
21 22 673
22 21 673
21 21 809
21 21 809
22 27 483
27 22 483
22 33 561
33 22 561
22 40 177
40 22 177
22 42 586
42 22 586
22 30 780
30 22 780
22 33 17
33 22 17
22 36 201
36 22 201
22 45 942
45 22 942
22 57 464
57 22 464
22 29 715
29 22 715
22 41 233
41 22 233
22 31 641
31 22 641
22 47 759
47 22 759
22 31 93
31 22 93
22 26 250
26 22 250
22 24 924
24 22 924
22 31 437
31 22 437
22 38 290
38 22 290
22 32 176
32 22 176
22 56 754
56 22 754
22 24 857
24 22 857
22 52 473
52 22 473
22 44 252
44 22 252
23 51 271
51 23 271
23 37 213
37 23 213
23 31 480
31 23 480
23 48 529
48 23 529
23 53 508
53 23 508
23 29 189
29 23 189
23 24 889
24 23 889
23 35 345
35 23 345
23 29 329
29 23 329
23 52 970
52 23 970
23 61 399
61 23 399
23 55 237
55 23 237
23 38 670
38 23 670
23 57 522
57 23 522
23 55 387
55 23 387
23 27 73
27 23 73
23 34 969
34 23 969
23 53 681
53 23 681
23 28 857
28 23 857
23 59 457
59 23 457
23 55 368
55 23 368
23 43 979
43 23 979
23 39 318
39 23 318
23 41 267
41 23 267
23 37 63
37 23 63
23 24 14
24 23 14
23 37 813
37 23 813
23 29 402
29 23 402
24 30 575
30 24 575
24 26 345
26 24 345
24 26 962
26 24 962
24 46 72
46 24 72
24 34 933
34 24 933
24 55 685
55 24 685
24 49 683
49 24 683
24 58 956
58 24 956
24 39 372
39 24 372
24 56 267
56 24 267
24 42 4
42 24 4
24 57 147
57 24 147
24 45 298
45 24 298
24 45 270
45 24 270
25 37 655
37 25 655
25 37 965
37 25 965
25 57 666
57 25 666
25 36 458
36 25 458
25 39 702
39 25 702
25 36 7
36 25 7
25 48 851
48 25 851
25 60 256
60 25 256
25 34 453
34 25 453
25 52 350
52 25 350
25 45 737
45 25 737
25 58 250
58 25 250
25 52 461
52 25 461
25 42 303
42 25 303
25 25 318
25 25 318
26 48 203
48 26 203
26 43 62
43 26 62
26 27 400
27 26 400
26 30 375
30 26 375
26 57 471
57 26 471
26 54 289
54 26 289
26 53 191
53 26 191
26 52 895
52 26 895
26 30 314
30 26 314
26 61 143
61 26 143
26 39 263
39 26 263
27 34 387
34 27 387
27 57 323
57 27 323
27 53 979
53 27 979
27 41 121
41 27 121
27 43 401
43 27 401
27 36 509
36 27 509
27 56 635
56 27 635
27 39 461
39 27 461
27 42 949
42 27 949
27 59 51
59 27 51
27 46 125
46 27 125
27 58 73
58 27 73
27 39 420
39 27 420
27 42 671
42 27 671
27 33 123
33 27 123
27 40 725
40 27 725
27 30 481
30 27 481
28 58 807
58 28 807
28 56 967
56 28 967
28 42 592
42 28 592
28 34 625
34 28 625
28 30 173
30 28 173
28 38 633
38 28 633
28 47 722
47 28 722
28 48 363
48 28 363
28 36 619
36 28 619
28 37 184
37 28 184
28 30 424
30 28 424
28 38 525
38 28 525
28 31 45
31 28 45
28 55 184
55 28 184
28 40 119
40 28 119
28 34 711
34 28 711
29 43 783
43 29 783
29 47 293
47 29 293
29 43 21
43 29 21
29 56 278
56 29 278
29 48 344
48 29 344
29 53 86
53 29 86
29 58 674
58 29 674
29 50 659
50 29 659
29 45 447
45 29 447
29 52 189
52 29 189
29 56 173
56 29 173
29 50 11
50 29 11
29 57 716
57 29 716
29 32 841
32 29 841
29 45 137
45 29 137
29 40 612
40 29 612
29 42 766
42 29 766
29 41 456
41 29 456
29 40 279
40 29 279
30 32 441
32 30 441
30 53 738
53 30 738
30 51 592
51 30 592
30 33 86
33 30 86
30 31 880
31 30 880
30 58 821
58 30 821
30 55 286
55 30 286
30 46 221
46 30 221
30 44 805
44 30 805
30 39 976
39 30 976
30 52 666
52 30 666
30 42 895
42 30 895
30 43 895
43 30 895
30 57 431
57 30 431
30 52 227
52 30 227
30 36 753
36 30 753
31 52 164
52 31 164
31 53 610
53 31 610
31 43 904
43 31 904
31 37 53
37 31 53
31 61 909
61 31 909
31 50 61
50 31 61
31 59 611
59 31 611
31 45 238
45 31 238
31 60 258
60 31 258
31 42 803
42 31 803
31 40 715
40 31 715
31 43 97
43 31 97
31 51 548
51 31 548
31 58 682
58 31 682
32 33 979
33 32 979
32 40 408
40 32 408
32 57 387
57 32 387
32 40 832
40 32 832
32 42 730
42 32 730
32 47 910
47 32 910
32 33 908
33 32 908
32 48 599
48 32 599
32 35 918
35 32 918
33 53 604
53 33 604
33 46 618
46 33 618
33 38 101
38 33 101
33 39 822
39 33 822
33 49 552
49 33 552
33 34 767
34 33 767
33 53 69
53 33 69
33 40 625
40 33 625
33 36 801
36 33 801
33 49 65
49 33 65
33 57 932
57 33 932
33 50 854
50 33 854
34 46 203
46 34 203
34 57 777
57 34 777
34 44 986
44 34 986
34 60 1000
60 34 1000
34 61 49
61 34 49
34 44 267
44 34 267
34 39 884
39 34 884
34 60 216
60 34 216
34 45 668
45 34 668
34 34 164
34 34 164
34 50 856
50 34 856
34 43 212
43 34 212
34 52 752
52 34 752
34 34 167
34 34 167
34 59 249
59 34 249
35 60 601
60 35 601
35 36 909
36 35 909
35 56 112
56 35 112
35 38 215
38 35 215
35 36 446
36 35 446
35 46 413
46 35 413
35 44 244
44 35 244
35 42 458
42 35 458
35 37 672
37 35 672
35 45 950
45 35 950
35 37 955
37 35 955
35 43 928
43 35 928
35 52 590
52 35 590
35 38 739
38 35 739
35 35 554
35 35 554
36 38 316
38 36 316
36 57 844
57 36 844
36 60 917
60 36 917
36 54 71
54 36 71
36 39 493
39 36 493
36 45 507
45 36 507
36 42 317
42 36 317
36 39 422
39 36 422
36 45 385
45 36 385
36 41 654
41 36 654
36 38 790
38 36 790
36 46 728
46 36 728
36 55 832
55 36 832
37 38 839
38 37 839
37 41 280
41 37 280
37 43 846
43 37 846
37 50 80
50 37 80
37 51 985
51 37 985
37 42 275
42 37 275
37 44 385
44 37 385
37 45 971
45 37 971
38 46 482
46 38 482
38 57 264
57 38 264
38 50 160
50 38 160
38 53 890
53 38 890
38 40 602
40 38 602
38 42 826
42 38 826
38 43 29
43 38 29
38 59 910
59 38 910
38 46 28
46 38 28
39 47 266
47 39 266
39 60 346
60 39 346
39 52 501
52 39 501
39 54 76
54 39 76
39 50 733
50 39 733
40 61 860
61 40 860
40 59 220
59 40 220
40 45 470
45 40 470
40 55 179
55 40 179
40 61 615
61 40 615
40 41 875
41 40 875
40 49 707
49 40 707
40 44 992
44 40 992
40 49 167
49 40 167
40 49 451
49 40 451
40 56 164
56 40 164
40 55 325
55 40 325
41 52 941
52 41 941
41 59 934
59 41 934
41 54 574
54 41 574
41 49 430
49 41 430
41 58 414
58 41 414
41 43 527
43 41 527
41 45 354
45 41 354
41 49 551
49 41 551
41 58 427
58 41 427
42 51 741
51 42 741
42 46 870
46 42 870
42 55 912
55 42 912
42 56 98
56 42 98
42 53 891
53 42 891
42 43 290
43 42 290
43 48 808
48 43 808
43 57 999
57 43 999
43 51 959
51 43 959
43 61 622
61 43 622
43 55 866
55 43 866
43 44 626
44 43 626
43 59 340
59 43 340
43 54 57
54 43 57
43 49 49
49 43 49
44 56 88
56 44 88
44 51 668
51 44 668
44 57 941
57 44 941
44 53 6
53 44 6
44 58 981
58 44 981
44 56 234
56 44 234
44 51 285
51 44 285
44 57 378
57 44 378
44 44 891
44 44 891
44 55 417
55 44 417
45 52 69
52 45 69
45 50 603
50 45 603
45 61 571
61 45 571
45 52 552
52 45 552
45 57 556
57 45 556
45 61 115
61 45 115
45 48 321
48 45 321
45 59 338
59 45 338
45 58 278
58 45 278
46 57 536
57 46 536
46 60 400
60 46 400
46 53 77
53 46 77
46 61 76
61 46 76
46 50 495
50 46 495
46 60 737
60 46 737
46 50 404
50 46 404
47 59 204
59 47 204
47 59 687
59 47 687
47 59 995
59 47 995
47 57 448
57 47 448
47 47 563
47 47 563
47 61 851
61 47 851
47 57 64
57 47 64
48 60 746
60 48 746
48 56 168
56 48 168
48 60 558
60 48 558
48 60 603
60 48 603
48 51 828
51 48 828
48 56 269
56 48 269
48 53 203
53 48 203
48 55 1000
55 48 1000
49 51 807
51 49 807
49 57 268
57 49 268
49 53 413
53 49 413
49 58 687
58 49 687
49 49 65
49 49 65
50 60 916
60 50 916
50 53 506
53 50 506
51 59 180
59 51 180
51 53 563
53 51 563
51 59 176
59 51 176
52 55 132
55 52 132
52 56 401
56 52 401
52 56 347
56 52 347
52 58 324
58 52 324
52 52 623
52 52 623
52 60 624
60 52 624
52 56 400
56 52 400
53 59 317
59 53 317
54 57 810
57 54 810
54 56 570
56 54 570
54 56 687
56 54 687
54 55 123
55 54 123
54 56 37
56 54 37
54 59 755
59 54 755
55 57 93
57 55 93
56 60 642
60 56 642
56 58 915
58 56 915
56 59 311
59 56 311
58 61 480
61 58 480
59 60 678
60 59 678
59 59 562
59 59 562
