31

0 1 694
1 0 694
0 3 982
3 0 982
0 6 980
6 0 980
0 12 851
12 0 851
0 8 8
8 0 8
0 24 254
24 0 254
0 11 616
11 0 616
0 12 163
12 0 163
0 3 372
3 0 372
0 26 991
26 0 991
0 13 96
13 0 96
0 22 76
22 0 76
0 7 435
7 0 435
1 2 377
2 1 377
1 22 977
22 1 977
1 7 662
7 1 662
1 29 182
29 1 182
1 23 536
23 1 536
1 7 568
7 1 568
1 23 465
23 1 465
2 4 768
4 2 768
2 5 444
5 2 444
2 7 149
7 2 149
2 8 343
8 2 343
2 13 45
13 2 45
2 14 271
14 2 271
2 29 629
29 2 629
2 12 499
12 2 499
2 23 291
23 2 291
2 18 262
18 2 262
2 22 893
22 2 893
2 8 767
8 2 767
3 30 967
30 3 967
3 21 953
21 3 953
3 23 579
23 3 579
3 14 837
14 3 837
3 27 782
27 3 782
3 28 764
28 3 764
3 29 60
29 3 60
3 29 84
29 3 84
3 24 793
24 3 793
3 13 856
13 3 856
3 22 760
22 3 760
4 9 347
9 4 347
4 26 198
26 4 198
4 7 997
7 4 997
4 23 325
23 4 325
4 27 300
27 4 300
4 13 148
13 4 148
4 17 914
17 4 914
4 22 425
22 4 425
4 29 584
29 4 584
4 21 46
21 4 46
4 25 718
25 4 718
5 10 266
10 5 266
5 11 823
11 5 823
5 15 355
15 5 355
5 25 118
25 5 118
5 11 893
11 5 893
5 15 781
15 5 781
5 26 942
26 5 942
5 17 789
17 5 789
5 30 149
30 5 149
5 22 615
22 5 615
5 30 126
30 5 126
5 8 13
8 5 13
5 6 316
6 5 316
6 14 796
14 6 796
6 28 615
28 6 615
6 16 175
16 6 175
6 22 868
22 6 868
6 29 230
29 6 230
7 23 543
23 7 543
7 21 585
21 7 585
7 22 458
22 7 458
7 18 856
18 7 856
7 27 175
27 7 175
8 17 515
17 8 515
8 26 371
26 8 371
8 12 847
12 8 847
8 17 135
17 8 135
8 25 893
25 8 893
8 11 76
11 8 76
8 24 793
24 8 793
8 28 761
28 8 761
8 8 203
8 8 203
8 28 819
28 8 819
9 16 291
16 9 291
9 18 530
18 9 530
9 23 449
23 9 449
9 10 823
10 9 823
9 16 685
16 9 685
9 14 341
14 9 341
9 21 217
21 9 217
9 19 261
19 9 261
9 18 309
18 9 309
10 20 61
20 10 61
10 30 902
30 10 902
11 20 439
20 11 439
11 21 217
21 11 217
11 11 687
11 11 687
11 15 630
15 11 630
11 26 157
26 11 157
11 25 784
25 11 784
11 28 463
28 11 463
12 19 130
19 12 130
12 22 994
22 12 994
12 14 859
14 12 859
12 14 704
14 12 704
12 18 477
18 12 477
13 27 404
27 13 404
13 23 795
23 13 795
13 15 646
15 13 646
13 18 437
18 13 437
13 27 898
27 13 898
13 18 438
18 13 438
14 29 947
29 14 947
14 18 190
18 14 190
14 15 478
15 14 478
14 18 177
18 14 177
14 30 634
30 14 634
15 22 877
22 15 877
15 24 177
24 15 177
15 25 516
25 15 516
15 28 405
28 15 405
15 22 160
22 15 160
15 18 596
18 15 596
15 21 964
21 15 964
15 18 622
18 15 622
15 24 81
24 15 81
15 28 532
28 15 532
16 19 332
19 16 332
16 23 652
23 16 652
17 18 991
18 17 991
17 23 784
23 17 784
17 30 888
30 17 888
18 28 771
28 18 771
18 22 260
22 18 260
18 27 121
27 18 121
18 25 211
25 18 211
18 26 835
26 18 835
18 18 13
18 18 13
19 25 956
25 19 956
19 26 522
26 19 522
19 25 679
25 19 679
19 29 259
29 19 259
19 30 781
30 19 781
19 26 778
26 19 778
20 21 459
21 20 459
21 25 615
25 21 615
21 26 92
26 21 92
21 28 911
28 21 911
21 26 305
26 21 305
22 30 713
30 22 713
22 28 851
28 22 851
22 27 340
27 22 340
22 24 208
24 22 208
23 30 885
30 23 885
23 29 803
29 23 803
24 27 221
27 24 221
24 24 70
24 24 70
24 30 440
30 24 440
25 25 378
25 25 378
25 27 703
27 25 703
27 29 960
29 27 960
27 27 235
27 27 235
29 30 205
30 29 205
