54

0 1 196
1 0 196
0 12 484
12 0 484
0 19 731
19 0 731
0 21 97
21 0 97
0 31 462
31 0 462
0 19 648
19 0 648
0 26 500
26 0 500
0 8 874
8 0 874
0 35 157
35 0 157
0 12 642
12 0 642
0 29 886
29 0 886
0 26 219
26 0 219
0 0 114
0 0 114
0 14 984
14 0 984
0 37 607
37 0 607
0 29 849
29 0 849
0 36 272
36 0 272
0 46 585
46 0 585
0 18 632
18 0 632
0 1 623
1 0 623
0 49 722
49 0 722
1 2 75
2 1 75
1 7 632
7 1 632
1 9 976
9 1 976
1 20 138
20 1 138
1 28 936
28 1 936
1 41 911
41 1 911
1 46 221
46 1 221
1 1 895
1 1 895
1 48 23
48 1 23
1 50 201
50 1 201
1 5 828
5 1 828
1 44 209
44 1 209
1 31 120
31 1 120
1 34 578
34 1 578
1 34 956
34 1 956
1 50 69
50 1 69
1 45 107
45 1 107
1 20 18
20 1 18
1 1 200
1 1 200
1 35 176
35 1 176
1 33 372
33 1 372
1 17 372
17 1 372
1 33 857
33 1 857
1 34 186
34 1 186
1 23 53
23 1 53
1 1 358
1 1 358
2 3 29
3 2 29
2 4 638
4 2 638
2 5 724
5 2 724
2 6 982
6 2 982
2 13 896
13 2 896
2 22 995
22 2 995
2 36 422
36 2 422
2 10 181
10 2 181
2 17 646
17 2 646
2 28 372
28 2 372
2 42 909
42 2 909
2 30 381
30 2 381
2 38 895
38 2 895
2 46 463
46 2 463
2 50 681
50 2 681
2 26 847
26 2 847
2 19 686
19 2 686
2 27 557
27 2 557
2 12 100
12 2 100
2 51 866
51 2 866
2 51 683
51 2 683
2 6 988
6 2 988
2 3 298
3 2 298
2 26 204
26 2 204
2 21 706
21 2 706
2 44 297
44 2 297
2 17 450
17 2 450
2 53 980
53 2 980
2 51 320
51 2 320
2 46 60
46 2 60
2 32 840
32 2 840
2 15 698
15 2 698
3 31 319
31 3 319
3 53 837
53 3 837
3 5 27
5 3 27
3 29 932
29 3 932
3 48 478
48 3 478
3 23 431
23 3 431
3 48 819
48 3 819
3 14 108
14 3 108
3 4 964
4 3 964
3 11 688
11 3 688
3 34 621
34 3 621
3 24 945
24 3 945
3 27 579
27 3 579
3 30 655
30 3 655
3 6 513
6 3 513
3 33 501
33 3 501
3 53 839
53 3 839
3 53 951
53 3 951
3 13 141
13 3 141
3 20 502
20 3 502
3 15 834
15 3 834
3 52 474
52 3 474
3 50 16
50 3 16
3 26 391
26 3 391
3 32 881
32 3 881
3 6 954
6 3 954
3 21 726
21 3 726
3 11 74
11 3 74
3 19 93
19 3 93
4 10 863
10 4 863
4 17 702
17 4 702
4 47 571
47 4 571
4 28 199
28 4 199
4 10 437
10 4 437
4 13 705
13 4 705
4 46 874
46 4 874
4 8 566
8 4 566
4 49 672
49 4 672
4 27 52
27 4 52
4 20 682
20 4 682
4 17 852
17 4 852
4 49 903
49 4 903
4 41 781
41 4 781
4 16 923
16 4 923
4 20 151
20 4 151
4 5 593
5 4 593
4 51 657
51 4 657
4 49 156
49 4 156
4 4 261
4 4 261
4 12 978
12 4 978
4 6 887
6 4 887
4 10 20
10 4 20
4 10 702
10 4 702
4 22 60
22 4 60
4 29 278
29 4 278
4 16 348
16 4 348
5 38 407
38 5 407
5 7 232
7 5 232
5 44 537
44 5 537
5 29 763
29 5 763
5 18 541
18 5 541
5 45 71
45 5 71
5 42 18
42 5 18
5 16 505
16 5 505
5 46 656
46 5 656
5 23 886
23 5 886
5 23 465
23 5 465
5 27 791
27 5 791
5 32 322
32 5 322
5 53 321
53 5 321
5 39 330
39 5 330
5 27 248
27 5 248
5 49 544
49 5 544
5 10 15
10 5 15
5 22 694
22 5 694
5 13 905
13 5 905
5 53 105
53 5 105
5 23 14
23 5 14
5 29 721
29 5 721
6 8 41
8 6 41
6 11 38
11 6 38
6 14 150
14 6 150
6 16 272
16 6 272
6 14 796
14 6 796
6 14 473
14 6 473
6 36 702
36 6 702
6 34 96
34 6 96
6 25 412
25 6 412
6 53 419
53 6 419
6 22 761
22 6 761
6 45 299
45 6 299
6 40 302
40 6 302
6 48 747
48 6 747
6 47 596
47 6 596
6 27 356
27 6 356
6 33 961
33 6 961
6 44 8
44 6 8
6 8 978
8 6 978
6 24 904
24 6 904
7 45 692
45 7 692
7 13 663
13 7 663
7 35 955
35 7 955
7 33 548
33 7 548
7 44 149
44 7 149
7 18 428
18 7 428
7 49 141
49 7 141
7 44 572
44 7 572
7 31 736
31 7 736
7 44 374
44 7 374
7 36 873
36 7 873
7 44 616
44 7 616
7 33 689
33 7 689
7 34 29
34 7 29
7 14 765
14 7 765
7 31 53
31 7 53
7 38 665
38 7 665
7 49 227
49 7 227
7 41 676
41 7 676
7 49 606
49 7 606
7 35 696
35 7 696
7 53 206
53 7 206
7 20 744
20 7 744
7 10 135
10 7 135
7 34 964
34 7 964
8 48 367
48 8 367
8 45 229
45 8 229
8 41 551
41 8 551
8 15 250
15 8 250
8 35 843
35 8 843
8 16 933
16 8 933
8 13 354
13 8 354
8 35 926
35 8 926
8 40 358
40 8 358
8 43 523
43 8 523
8 12 678
12 8 678
8 33 87
33 8 87
8 10 90
10 8 90
8 9 169
9 8 169
8 49 549
49 8 549
8 11 858
11 8 858
8 45 648
45 8 648
9 22 395
22 9 395
9 50 731
50 9 731
9 12 877
12 9 877
9 50 543
50 9 543
9 36 696
36 9 696
9 11 617
11 9 617
9 40 807
40 9 807
9 22 670
22 9 670
9 28 473
28 9 473
9 25 27
25 9 27
9 46 588
46 9 588
9 36 832
36 9 832
9 29 147
29 9 147
9 46 611
46 9 611
9 41 259
41 9 259
9 15 337
15 9 337
9 21 94
21 9 94
9 21 964
21 9 964
9 45 574
45 9 574
9 36 134
36 9 134
10 24 563
24 10 563
10 42 327
42 10 327
10 13 478
13 10 478
10 30 802
30 10 802
10 30 20
30 10 20
10 50 927
50 10 927
10 33 346
33 10 346
10 31 667
31 10 667
10 11 445
11 10 445
10 43 586
43 10 586
10 44 676
44 10 676
10 44 780
44 10 780
10 45 4
45 10 4
10 44 949
44 10 949
10 15 988
15 10 988
10 52 835
52 10 835
10 12 688
12 10 688
10 51 938
51 10 938
10 32 549
32 10 549
10 26 487
26 10 487
10 31 508
31 10 508
10 41 617
41 10 617
10 50 570
50 10 570
10 45 271
45 10 271
11 21 233
21 11 233
11 27 827
27 11 827
11 20 938
20 11 938
11 29 969
29 11 969
11 30 290
30 11 290
11 43 813
43 11 813
11 37 939
37 11 939
11 43 129
43 11 129
11 31 761
31 11 761
11 53 6
53 11 6
11 48 155
48 11 155
11 49 6
49 11 6
11 35 662
35 11 662
11 22 94
22 11 94
11 52 98
52 11 98
11 44 542
44 11 542
11 16 638
16 11 638
11 43 308
43 11 308
11 51 759
51 11 759
11 52 685
52 11 685
11 52 738
52 11 738
12 32 322
32 12 322
12 33 740
33 12 740
12 20 191
20 12 191
12 52 138
52 12 138
12 39 856
39 12 856
12 13 518
13 12 518
12 33 2
33 12 2
12 19 158
19 12 158
12 42 267
42 12 267
12 16 516
16 12 516
12 36 777
36 12 777
12 24 95
24 12 95
12 49 522
49 12 522
12 33 1
33 12 1
12 32 313
32 12 313
12 20 697
20 12 697
12 27 780
27 12 780
12 29 957
29 12 957
12 41 519
41 12 519
12 25 789
25 12 789
12 44 405
44 12 405
13 29 883
29 13 883
13 27 605
27 13 605
13 31 442
31 13 442
13 39 998
39 13 998
13 40 815
40 13 815
13 42 606
42 13 606
13 52 122
52 13 122
13 40 58
40 13 58
13 27 520
27 13 520
13 47 828
47 13 828
13 28 407
28 13 407
13 41 391
41 13 391
13 23 477
23 13 477
13 38 879
38 13 879
13 26 591
26 13 591
13 15 964
15 13 964
13 23 685
23 13 685
13 43 597
43 13 597
13 32 172
32 13 172
13 53 864
53 13 864
13 26 518
26 13 518
14 15 205
15 14 205
14 25 439
25 14 439
14 53 775
53 14 775
14 52 758
52 14 758
14 37 708
37 14 708
14 16 58
16 14 58
14 17 941
17 14 941
14 18 511
18 14 511
14 47 197
47 14 197
14 37 279
37 14 279
14 19 499
19 14 499
14 34 167
34 14 167
14 47 807
47 14 807
14 29 122
29 14 122
14 44 766
44 14 766
14 29 171
29 14 171
14 47 246
47 14 246
14 20 638
20 14 638
14 40 914
40 14 914
14 46 463
46 14 463
14 22 245
22 14 245
15 18 406
18 15 406
15 51 45
51 15 45
15 52 932
52 15 932
15 15 716
15 15 716
15 28 200
28 15 200
15 22 587
22 15 587
15 45 212
45 15 212
15 16 706
16 15 706
15 27 592
27 15 592
15 49 630
49 15 630
15 40 414
40 15 414
15 23 90
23 15 90
15 17 526
17 15 526
15 24 909
24 15 909
15 28 655
28 15 655
15 31 692
31 15 692
15 29 82
29 15 82
15 16 76
16 15 76
15 40 631
40 15 631
15 45 962
45 15 962
16 23 982
23 16 982
16 42 738
42 16 738
16 51 508
51 16 508
16 33 756
33 16 756
16 31 873
31 16 873
16 18 145
18 16 145
16 28 18
28 16 18
16 41 297
41 16 297
16 27 93
27 16 93
16 37 61
37 16 61
16 18 617
18 16 617
16 52 878
52 16 878
16 49 183
49 16 183
16 18 877
18 16 877
16 47 110
47 16 110
16 27 478
27 16 478
16 36 431
36 16 431
16 21 619
21 16 619
17 26 907
26 17 907
17 34 275
34 17 275
17 37 108
37 17 108
17 25 258
25 17 258
17 28 560
28 17 560
17 23 80
23 17 80
17 28 693
28 17 693
17 49 793
49 17 793
17 25 671
25 17 671
17 24 491
24 17 491
17 47 628
47 17 628
17 36 188
36 17 188
17 51 892
51 17 892
17 26 226
26 17 226
17 22 480
22 17 480
17 47 58
47 17 58
17 52 9
52 17 9
17 36 169
36 17 169
17 42 443
42 17 443
17 25 173
25 17 173
17 52 57
52 17 57
18 41 896
41 18 896
18 42 491
42 18 491
18 53 770
53 18 770
18 38 316
38 18 316
18 47 76
47 18 76
18 22 195
22 18 195
18 37 172
37 18 172
18 51 560
51 18 560
18 37 753
37 18 753
18 24 930
24 18 930
18 37 112
37 18 112
18 41 17
41 18 17
18 35 497
35 18 497
18 25 981
25 18 981
18 35 86
35 18 86
18 49 17
49 18 17
18 21 972
21 18 972
18 49 811
49 18 811
19 37 433
37 19 433
19 37 841
37 19 841
19 53 279
53 19 279
19 38 900
38 19 900
19 32 882
32 19 882
19 28 441
28 19 441
19 51 750
51 19 750
19 43 309
43 19 309
19 38 566
38 19 566
19 42 721
42 19 721
19 27 951
27 19 951
19 24 342
24 19 342
19 37 491
37 19 491
19 20 323
20 19 323
19 20 948
20 19 948
19 23 859
23 19 859
19 35 540
35 19 540
20 29 521
29 20 521
20 22 79
22 20 79
20 41 425
41 20 425
20 49 952
49 20 952
20 46 102
46 20 102
20 27 675
27 20 675
20 46 127
46 20 127
20 34 789
34 20 789
20 25 146
25 20 146
20 20 618
20 20 618
20 29 108
29 20 108
20 53 759
53 20 759
20 21 42
21 20 42
20 29 475
29 20 475
20 52 292
52 20 292
20 50 146
50 20 146
20 35 360
35 20 360
21 25 624
25 21 624
21 46 92
46 21 92
21 34 448
34 21 448
21 53 456
53 21 456
21 23 476
23 21 476
21 28 235
28 21 235
21 51 590
51 21 590
21 37 568
37 21 568
21 53 100
53 21 100
21 29 696
29 21 696
21 27 284
27 21 284
21 33 201
33 21 201
21 33 721
33 21 721
21 28 95
28 21 95
21 46 152
46 21 152
21 47 852
47 21 852
21 28 729
28 21 729
21 44 290
44 21 290
21 41 716
41 21 716
21 51 567
51 21 567
21 40 42
40 21 42
21 23 14
23 21 14
22 40 570
40 22 570
22 24 880
24 22 880
22 42 7
42 22 7
22 28 430
28 22 430
22 42 746
42 22 746
22 45 128
45 22 128
22 29 947
29 22 947
22 35 229
35 22 229
22 48 798
48 22 798
22 31 217
31 22 217
22 48 694
48 22 694
22 31 15
31 22 15
22 38 20
38 22 20
23 36 800
36 23 800
23 46 19
46 23 19
23 48 627
48 23 627
23 45 38
45 23 38
23 31 778
31 23 778
23 53 235
53 23 235
23 34 760
34 23 760
23 33 736
33 23 736
23 47 792
47 23 792
23 24 776
24 23 776
23 41 317
41 23 317
23 33 978
33 23 978
23 49 437
49 23 437
23 36 880
36 23 880
23 28 35
28 23 35
23 42 615
42 23 615
23 46 992
46 23 992
23 43 295
43 23 295
23 26 52
26 23 52
23 45 52
45 23 52
24 29 79
29 24 79
24 47 560
47 24 560
24 51 933
51 24 933
24 53 508
53 24 508
24 47 544
47 24 544
24 25 506
25 24 506
24 29 832
29 24 832
24 51 701
51 24 701
24 45 346
45 24 346
24 35 545
35 24 545
24 39 537
39 24 537
24 39 988
39 24 988
24 43 600
43 24 600
24 51 714
51 24 714
24 43 700
43 24 700
24 32 739
32 24 739
24 45 851
45 24 851
24 47 357
47 24 357
24 25 733
25 24 733
24 45 48
45 24 48
24 43 555
43 24 555
24 25 775
25 24 775
24 35 351
35 24 351
24 29 637
29 24 637
24 33 683
33 24 683
24 32 261
32 24 261
24 39 830
39 24 830
24 49 989
49 24 989
25 43 749
43 25 749
25 47 350
47 25 350
25 36 284
36 25 284
25 51 11
51 25 11
25 41 351
41 25 351
25 38 694
38 25 694
25 36 971
36 25 971
25 45 844
45 25 844
25 52 576
52 25 576
25 30 24
30 25 24
25 39 388
39 25 388
25 51 343
51 25 343
25 25 24
25 25 24
25 53 174
53 25 174
25 27 161
27 25 161
25 25 194
25 25 194
26 30 714
30 26 714
26 29 516
29 26 516
26 36 135
36 26 135
26 46 205
46 26 205
26 35 4
35 26 4
26 38 538
38 26 538
26 51 690
51 26 690
26 32 874
32 26 874
26 39 423
39 26 423
26 29 520
29 26 520
26 48 858
48 26 858
26 31 384
31 26 384
26 30 443
30 26 443
26 42 281
42 26 281
26 45 20
45 26 20
27 49 820
49 27 820
27 51 290
51 27 290
27 30 59
30 27 59
27 39 539
39 27 539
27 47 116
47 27 116
27 50 714
50 27 714
27 43 457
43 27 457
27 36 911
36 27 911
27 32 706
32 27 706
27 33 306
33 27 306
27 36 65
36 27 65
27 43 556
43 27 556
27 43 841
43 27 841
27 31 833
31 27 833
27 53 526
53 27 526
27 39 873
39 27 873
28 35 897
35 28 897
28 31 21
31 28 21
28 52 270
52 28 270
28 48 929
48 28 929
28 38 568
38 28 568
28 32 253
32 28 253
28 36 329
36 28 329
28 48 184
48 28 184
28 46 385
46 28 385
28 48 903
48 28 903
28 51 536
51 28 536
28 29 967
29 28 967
28 39 948
39 28 948
28 46 380
46 28 380
28 47 807
47 28 807
28 31 107
31 28 107
29 53 871
53 29 871
29 31 718
31 29 718
29 42 467
42 29 467
29 43 851
43 29 851
29 40 608
40 29 608
29 38 268
38 29 268
29 41 180
41 29 180
29 30 822
30 29 822
29 51 322
51 29 322
29 46 18
46 29 18
29 53 154
53 29 154
29 50 735
50 29 735
30 36 308
36 30 308
30 44 982
44 30 982
30 30 621
30 30 621
30 46 668
46 30 668
30 42 484
42 30 484
30 39 765
39 30 765
30 51 272
51 30 272
30 39 745
39 30 745
31 53 745
53 31 745
31 46 903
46 31 903
31 40 321
40 31 321
31 46 491
46 31 491
31 37 843
37 31 843
31 39 44
39 31 44
31 35 128
35 31 128
31 40 200
40 31 200
31 45 136
45 31 136
31 33 353
33 31 353
31 45 573
45 31 573
31 46 818
46 31 818
31 38 501
38 31 501
31 34 49
34 31 49
32 33 73
33 32 73
32 50 356
50 32 356
32 52 927
52 32 927
32 33 436
33 32 436
32 53 49
53 32 49
32 36 20
36 32 20
32 40 105
40 32 105
32 42 710
42 32 710
32 52 351
52 32 351
33 49 876
49 33 876
33 40 344
40 33 344
33 47 478
47 33 478
33 45 595
45 33 595
33 48 612
48 33 612
33 41 667
41 33 667
33 36 197
36 33 197
33 39 95
39 33 95
33 43 899
43 33 899
33 38 793
38 33 793
33 41 943
41 33 943
33 38 901
38 33 901
33 52 552
52 33 552
33 53 39
53 33 39
34 42 732
42 34 732
34 50 822
50 34 822
34 49 758
49 34 758
34 52 557
52 34 557
34 41 702
41 34 702
34 43 825
43 34 825
34 51 54
51 34 54
34 39 48
39 34 48
34 47 330
47 34 330
34 43 123
43 34 123
34 50 885
50 34 885
35 39 498
39 35 498
35 44 123
44 35 123
35 48 40
48 35 40
35 45 456
45 35 456
35 35 492
35 35 492
36 53 452
53 36 452
36 45 278
45 36 278
36 40 631
40 36 631
36 46 868
46 36 868
36 50 958
50 36 958
36 36 577
36 36 577
36 40 684
40 36 684
36 51 207
51 36 207
37 49 537
49 37 537
37 48 450
48 37 450
37 46 795
46 37 795
37 45 950
45 37 950
37 44 563
44 37 563
37 49 169
49 37 169
37 45 271
45 37 271
37 44 414
44 37 414
37 41 673
41 37 673
37 51 268
51 37 268
37 47 884
47 37 884
37 53 811
53 37 811
37 44 216
44 37 216
38 39 730
39 38 730
38 48 809
48 38 809
38 39 595
39 38 595
38 47 733
47 38 733
38 44 444
44 38 444
38 48 497
48 38 497
38 47 92
47 38 92
39 41 736
41 39 736
39 43 174
43 39 174
39 40 949
40 39 949
39 44 757
44 39 757
39 50 80
50 39 80
39 47 573
47 39 573
40 52 602
52 40 602
40 48 36
48 40 36
40 45 366
45 40 366
40 52 81
52 40 81
40 43 999
43 40 999
40 40 27
40 40 27
40 49 633
49 40 633
40 52 828
52 40 828
41 45 915
45 41 915
41 48 134
48 41 134
41 52 440
52 41 440
41 45 917
45 41 917
41 46 80
46 41 80
41 48 117
48 41 117
42 44 760
44 42 760
42 53 367
53 42 367
42 47 643
47 42 643
42 43 675
43 42 675
42 44 790
44 42 790
42 44 190
44 42 190
42 44 369
44 42 369
43 50 998
50 43 998
43 51 489
51 43 489
43 48 621
48 43 621
43 52 716
52 43 716
43 45 440
45 43 440
43 47 250
47 43 250
44 51 298
51 44 298
44 45 188
45 44 188
44 46 191
46 44 191
45 49 573
49 45 573
45 50 820
50 45 820
45 49 266
49 45 266
46 49 579
49 46 579
47 50 32
50 47 32
47 50 73
50 47 73
47 52 605
52 47 605
47 50 493
50 47 493
47 49 166
49 47 166
49 51 96
51 49 96
49 52 920
52 49 920
50 50 956
50 50 956
51 52 958
52 51 958
