56

0 1 620
1 0 620
0 3 432
3 0 432
0 8 17
8 0 17
0 12 444
12 0 444
0 34 242
34 0 242
0 49 778
49 0 778
0 21 136
21 0 136
0 5 287
5 0 287
0 12 307
12 0 307
0 28 494
28 0 494
0 13 874
13 0 874
0 35 293
35 0 293
0 41 853
41 0 853
1 2 149
2 1 149
1 5 85
5 1 85
1 6 420
6 1 420
1 7 38
7 1 38
1 9 641
9 1 641
1 37 147
37 1 147
1 41 236
41 1 236
1 11 324
11 1 324
1 31 319
31 1 319
1 43 782
43 1 782
1 35 283
35 1 283
1 32 344
32 1 344
2 4 229
4 2 229
2 14 328
14 2 328
2 27 37
27 2 37
2 40 104
40 2 104
3 13 93
13 3 93
3 17 554
17 3 554
3 28 993
28 3 993
3 17 225
17 3 225
3 30 518
30 3 518
3 21 83
21 3 83
3 28 230
28 3 230
3 31 692
31 3 692
3 10 486
10 3 486
3 48 210
48 3 210
3 31 678
31 3 678
4 10 608
10 4 608
4 19 542
19 4 542
4 5 138
5 4 138
4 52 546
52 4 546
4 50 692
50 4 692
4 28 550
28 4 550
4 17 565
17 4 565
4 34 489
34 4 489
5 18 297
18 5 297
5 35 731
35 5 731
5 31 744
31 5 744
5 23 544
23 5 544
5 23 582
23 5 582
5 23 746
23 5 746
5 52 88
52 5 88
5 16 375
16 5 375
6 11 830
11 6 830
6 16 535
16 6 535
6 22 265
22 6 265
6 15 509
15 6 509
6 8 6
8 6 6
7 29 143
29 7 143
7 52 683
52 7 683
7 44 534
44 7 534
7 41 188
41 7 188
7 24 20
24 7 20
7 17 180
17 7 180
7 19 400
19 7 400
7 48 931
48 7 931
7 21 457
21 7 457
7 39 245
39 7 245
7 18 505
18 7 505
8 21 732
21 8 732
8 32 573
32 8 573
8 12 703
12 8 703
8 20 149
20 8 149
8 30 333
30 8 333
8 55 569
55 8 569
8 23 839
23 8 839
9 25 785
25 9 785
9 26 48
26 9 48
9 10 825
10 9 825
9 38 757
38 9 757
10 31 608
31 10 608
10 25 725
25 10 725
10 14 317
14 10 317
10 34 418
34 10 418
11 42 933
42 11 933
11 48 224
48 11 224
11 38 945
38 11 945
11 51 82
51 11 82
11 44 194
44 11 194
11 29 561
29 11 561
11 17 114
17 11 114
11 22 873
22 11 873
11 26 742
26 11 742
11 46 197
46 11 197
12 15 451
15 12 451
12 54 55
54 12 55
12 47 390
47 12 390
13 30 244
30 13 244
13 36 84
36 13 84
13 52 91
52 13 91
13 25 402
25 13 402
13 34 401
34 13 401
13 44 362
44 13 362
14 47 456
47 14 456
14 53 849
53 14 849
14 46 929
46 14 929
14 21 610
21 14 610
14 54 44
54 14 44
14 30 521
30 14 521
14 28 920
28 14 920
14 23 20
23 14 20
15 27 257
27 15 257
15 41 914
41 15 914
15 18 724
18 15 724
15 54 682
54 15 682
15 19 240
19 15 240
15 40 469
40 15 469
15 26 909
26 15 909
15 33 960
33 15 960
15 25 572
25 15 572
16 51 474
51 16 474
16 32 775
32 16 775
17 24 851
24 17 851
17 52 427
52 17 427
17 43 977
43 17 977
17 23 847
23 17 847
17 42 632
42 17 632
17 33 613
33 17 613
17 39 579
39 17 579
18 23 630
23 18 630
18 39 231
39 18 231
18 39 342
39 18 342
18 50 547
50 18 547
19 20 799
20 19 799
19 31 414
31 19 414
19 26 232
26 19 232
19 28 401
28 19 401
20 46 37
46 20 37
20 23 853
23 20 853
20 37 229
37 20 229
20 39 284
39 20 284
20 36 247
36 20 247
20 22 264
22 20 264
21 55 769
55 21 769
21 52 607
52 21 607
21 55 425
55 21 425
21 28 751
28 21 751
21 33 873
33 21 873
21 31 486
31 21 486
22 33 917
33 22 917
22 44 884
44 22 884
22 50 646
50 22 646
22 29 905
29 22 905
22 53 72
53 22 72
22 28 5
28 22 5
22 44 283
44 22 283
23 38 355
38 23 355
23 42 823
42 23 823
24 35 407
35 24 407
24 48 633
48 24 633
24 47 671
47 24 671
24 53 433
53 24 433
24 49 270
49 24 270
24 46 88
46 24 88
24 48 720
48 24 720
24 28 473
28 24 473
24 30 777
30 24 777
25 44 956
44 25 956
25 27 617
27 25 617
25 54 255
54 25 255
25 26 758
26 25 758
25 31 406
31 25 406
25 38 212
38 25 212
26 31 714
31 26 714
26 55 386
55 26 386
26 27 213
27 26 213
26 31 164
31 26 164
26 43 913
43 26 913
26 53 692
53 26 692
26 34 808
34 26 808
26 53 828
53 26 828
27 36 750
36 27 750
28 39 279
39 28 279
28 28 723
28 28 723
28 45 112
45 28 112
29 36 744
36 29 744
29 30 660
30 29 660
29 31 601
31 29 601
30 40 618
40 30 618
30 54 37
54 30 37
30 41 162
41 30 162
30 44 73
44 30 73
30 45 521
45 30 521
30 31 723
31 30 723
30 35 710
35 30 710
30 51 832
51 30 832
30 39 445
39 30 445
31 54 258
54 31 258
31 48 783
48 31 783
31 47 69
47 31 69
31 46 634
46 31 634
32 49 620
49 32 620
32 51 560
51 32 560
32 42 643
42 32 643
33 39 794
39 33 794
33 49 309
49 33 309
34 43 747
43 34 747
34 40 818
40 34 818
35 47 580
47 35 580
35 46 943
46 35 943
36 37 409
37 36 409
36 50 184
50 36 184
39 50 146
50 39 146
39 45 668
45 39 668
40 42 671
42 40 671
40 48 12
48 40 12
43 45 736
45 43 736
43 43 71
43 43 71
45 51 367
51 45 367
46 50 247
50 46 247
46 53 756
53 46 756
46 51 380
51 46 380
46 47 687
47 46 687
46 49 68
49 46 68
47 47 794
47 47 794
