53

0 1 358
1 0 358
0 3 65
3 0 65
0 5 703
5 0 703
0 7 534
7 0 534
0 29 795
29 0 795
0 26 22
26 0 22
0 45 638
45 0 638
0 32 876
32 0 876
0 17 905
17 0 905
0 41 808
41 0 808
0 31 6
31 0 6
0 9 79
9 0 79
0 19 717
19 0 717
0 11 617
11 0 617
0 50 379
50 0 379
0 34 760
34 0 760
0 45 28
45 0 28
0 25 69
25 0 69
0 37 165
37 0 165
0 37 180
37 0 180
0 7 206
7 0 206
0 21 715
21 0 715
0 25 451
25 0 451
0 51 761
51 0 761
0 9 811
9 0 811
0 24 995
24 0 995
1 2 872
2 1 872
1 4 217
4 1 217
1 12 30
12 1 30
1 13 529
13 1 529
1 5 717
5 1 717
1 6 699
6 1 699
1 46 630
46 1 630
1 4 184
4 1 184
1 17 350
17 1 350
1 45 138
45 1 138
1 11 487
11 1 487
1 47 305
47 1 305
1 34 454
34 1 454
1 17 119
17 1 119
1 10 996
10 1 996
1 4 151
4 1 151
1 50 31
50 1 31
1 52 54
52 1 54
1 38 561
38 1 561
1 1 154
1 1 154
1 52 195
52 1 195
1 39 922
39 1 922
1 16 520
16 1 520
1 52 403
52 1 403
1 35 614
35 1 614
1 8 951
8 1 951
1 24 663
24 1 663
1 36 297
36 1 297
1 15 598
15 1 598
1 3 395
3 1 395
1 46 827
46 1 827
1 35 886
35 1 886
1 52 750
52 1 750
1 33 763
33 1 763
1 42 791
42 1 791
1 3 148
3 1 148
1 49 440
49 1 440
1 19 655
19 1 655
1 3 826
3 1 826
1 37 310
37 1 310
1 41 148
41 1 148
1 10 346
10 1 346
2 11 553
11 2 553
2 14 51
14 2 51
2 45 915
45 2 915
2 40 251
40 2 251
2 45 922
45 2 922
2 31 636
31 2 636
2 9 745
9 2 745
2 13 941
13 2 941
2 29 154
29 2 154
2 34 739
34 2 739
2 33 826
33 2 826
2 31 540
31 2 540
2 34 694
34 2 694
2 7 791
7 2 791
2 51 225
51 2 225
2 25 715
25 2 715
2 19 543
19 2 543
2 13 743
13 2 743
2 29 747
29 2 747
2 38 92
38 2 92
2 16 808
16 2 808
2 2 600
2 2 600
2 9 379
9 2 379
2 34 393
34 2 393
2 51 533
51 2 533
2 17 365
17 2 365
2 48 485
48 2 485
2 21 320
21 2 320
2 5 596
5 2 596
2 29 980
29 2 980
2 7 777
7 2 777
3 33 578
33 3 578
3 5 124
5 3 124
3 16 709
16 3 709
3 13 157
13 3 157
3 24 464
24 3 464
3 32 665
32 3 665
3 32 13
32 3 13
3 12 308
12 3 308
3 35 822
35 3 822
3 41 790
41 3 790
3 43 828
43 3 828
3 43 699
43 3 699
3 32 167
32 3 167
3 12 178
12 3 178
3 16 424
16 3 424
3 29 39
29 3 39
3 16 559
16 3 559
3 46 650
46 3 650
3 46 480
46 3 480
3 28 311
28 3 311
3 39 362
39 3 362
3 5 112
5 3 112
3 48 900
48 3 900
3 34 850
34 3 850
3 10 741
10 3 741
3 14 224
14 3 224
3 41 280
41 3 280
3 51 920
51 3 920
3 7 698
7 3 698
3 24 624
24 3 624
3 36 265
36 3 265
4 6 183
6 4 183
4 10 507
10 4 507
4 29 343
29 4 343
4 8 731
8 4 731
4 27 626
27 4 626
4 35 704
35 4 704
4 13 730
13 4 730
4 12 371
12 4 371
4 6 34
6 4 34
4 51 827
51 4 827
4 52 338
52 4 338
4 20 341
20 4 341
4 5 838
5 4 838
4 43 485
43 4 485
4 35 98
35 4 98
4 48 798
48 4 798
4 19 442
19 4 442
4 12 968
12 4 968
4 48 87
48 4 87
4 43 483
43 4 483
4 6 215
6 4 215
4 45 908
45 4 908
4 5 70
5 4 70
4 7 441
7 4 441
4 26 463
26 4 463
4 23 747
23 4 747
4 30 733
30 4 733
4 21 147
21 4 147
4 36 545
36 4 545
4 8 51
8 4 51
4 49 716
49 4 716
4 30 938
30 4 938
4 21 524
21 4 524
4 14 248
14 4 248
4 48 115
48 4 115
4 10 28
10 4 28
4 30 251
30 4 251
4 9 61
9 4 61
4 41 135
41 4 135
4 4 234
4 4 234
4 52 765
52 4 765
4 15 173
15 4 173
4 19 773
19 4 773
4 20 509
20 4 509
4 12 909
12 4 909
5 15 233
15 5 233
5 41 922
41 5 922
5 30 39
30 5 39
5 50 667
50 5 667
5 16 421
16 5 421
5 20 503
20 5 503
5 46 899
46 5 899
5 24 945
24 5 945
5 17 210
17 5 210
5 22 822
22 5 822
5 31 670
31 5 670
5 14 274
14 5 274
5 8 921
8 5 921
5 37 900
37 5 900
5 15 195
15 5 195
5 33 454
33 5 454
5 12 736
12 5 736
5 28 303
28 5 303
5 48 335
48 5 335
5 45 900
45 5 900
5 46 349
46 5 349
5 10 333
10 5 333
5 24 193
24 5 193
5 24 374
24 5 374
5 42 960
42 5 960
5 51 881
51 5 881
5 38 580
38 5 580
5 38 10
38 5 10
5 50 616
50 5 616
6 16 284
16 6 284
6 19 1
19 6 1
6 16 849
16 6 849
6 31 739
31 6 739
6 33 774
33 6 774
6 45 502
45 6 502
6 14 449
14 6 449
6 50 212
50 6 212
6 22 752
22 6 752
6 33 464
33 6 464
6 17 57
17 6 57
6 13 677
13 6 677
6 27 546
27 6 546
6 35 287
35 6 287
6 21 465
21 6 465
6 20 71
20 6 71
6 45 637
45 6 637
6 45 26
45 6 26
6 19 763
19 6 763
6 37 773
37 6 773
6 46 138
46 6 138
6 52 558
52 6 558
6 47 50
47 6 50
6 32 599
32 6 599
6 17 914
17 6 914
7 8 243
8 7 243
7 36 885
36 7 885
7 20 163
20 7 163
7 48 153
48 7 153
7 43 100
43 7 100
7 12 163
12 7 163
7 41 306
41 7 306
7 30 973
30 7 973
7 24 347
24 7 347
7 43 512
43 7 512
7 19 452
19 7 452
7 15 739
15 7 739
7 29 539
29 7 539
7 25 15
25 7 15
7 33 17
33 7 17
7 27 401
27 7 401
7 19 912
19 7 912
7 50 24
50 7 24
7 11 332
11 7 332
8 9 392
9 8 392
8 20 660
20 8 660
8 39 671
39 8 671
8 12 338
12 8 338
8 45 924
45 8 924
8 29 226
29 8 226
8 15 483
15 8 483
8 47 37
47 8 37
8 20 922
20 8 922
8 8 393
8 8 393
8 46 238
46 8 238
8 24 49
24 8 49
8 50 818
50 8 818
8 50 35
50 8 35
8 12 30
12 8 30
8 47 782
47 8 782
8 42 251
42 8 251
8 31 724
31 8 724
8 20 690
20 8 690
8 9 11
9 8 11
8 47 96
47 8 96
8 23 402
23 8 402
8 12 784
12 8 784
8 42 513
42 8 513
8 42 82
42 8 82
8 35 538
35 8 538
8 16 845
16 8 845
8 46 90
46 8 90
8 16 751
16 8 751
9 43 410
43 9 410
9 17 783
17 9 783
9 46 819
46 9 819
9 29 561
29 9 561
9 13 684
13 9 684
9 33 598
33 9 598
9 33 771
33 9 771
9 52 589
52 9 589
9 36 156
36 9 156
9 13 130
13 9 130
9 25 378
25 9 378
9 22 231
22 9 231
9 13 902
13 9 902
9 43 890
43 9 890
9 52 811
52 9 811
9 51 301
51 9 301
9 37 804
37 9 804
9 36 215
36 9 215
9 52 392
52 9 392
9 13 820
13 9 820
9 25 274
25 9 274
10 38 193
38 10 193
10 45 890
45 10 890
10 13 211
13 10 211
10 33 556
33 10 556
10 19 616
19 10 616
10 39 970
39 10 970
10 44 677
44 10 677
10 18 674
18 10 674
10 47 937
47 10 937
10 38 129
38 10 129
10 47 773
47 10 773
10 33 164
33 10 164
10 42 115
42 10 115
10 39 723
39 10 723
10 46 130
46 10 130
10 48 700
48 10 700
10 37 753
37 10 753
10 34 997
34 10 997
10 11 460
11 10 460
10 16 58
16 10 58
10 18 545
18 10 545
10 17 221
17 10 221
10 41 14
41 10 14
10 47 459
47 10 459
10 12 367
12 10 367
11 22 967
22 11 967
11 19 951
19 11 951
11 34 694
34 11 694
11 46 405
46 11 405
11 29 12
29 11 12
11 19 608
19 11 608
11 41 120
41 11 120
11 26 460
26 11 460
11 14 197
14 11 197
11 32 820
32 11 820
11 39 240
39 11 240
11 14 119
14 11 119
11 43 332
43 11 332
11 20 966
20 11 966
11 48 859
48 11 859
11 24 657
24 11 657
11 52 369
52 11 369
11 43 452
43 11 452
11 44 184
44 11 184
11 40 421
40 11 421
11 48 786
48 11 786
11 52 782
52 11 782
11 38 608
38 11 608
11 41 330
41 11 330
11 42 958
42 11 958
11 15 550
15 11 550
11 19 798
19 11 798
11 52 504
52 11 504
11 26 777
26 11 777
12 17 556
17 12 556
12 24 526
24 12 526
12 22 652
22 12 652
12 32 883
32 12 883
12 23 130
23 12 130
12 36 126
36 12 126
12 39 436
39 12 436
12 44 652
44 12 652
12 28 838
28 12 838
12 37 338
37 12 338
12 41 939
41 12 939
12 41 239
41 12 239
12 21 766
21 12 766
12 45 875
45 12 875
12 43 478
43 12 478
12 24 906
24 12 906
12 22 692
22 12 692
12 52 792
52 12 792
12 17 662
17 12 662
12 29 286
29 12 286
12 48 74
48 12 74
12 21 969
21 12 969
12 28 987
28 12 987
12 31 871
31 12 871
12 18 268
18 12 268
12 24 808
24 12 808
12 33 753
33 12 753
12 21 870
21 12 870
12 28 903
28 12 903
13 19 981
19 13 981
13 35 145
35 13 145
13 50 780
50 13 780
13 40 915
40 13 915
13 44 252
44 13 252
13 45 774
45 13 774
13 43 35
43 13 35
13 37 592
37 13 592
13 26 62
26 13 62
13 21 856
21 13 856
13 46 694
46 13 694
13 51 553
51 13 553
13 48 71
48 13 71
13 47 226
47 13 226
13 25 936
25 13 936
13 15 216
15 13 216
13 46 892
46 13 892
13 33 616
33 13 616
13 15 679
15 13 679
13 32 986
32 13 986
13 45 945
45 13 945
13 36 337
36 13 337
14 18 121
18 14 121
14 23 528
23 14 528
14 28 166
28 14 166
14 47 754
47 14 754
14 44 252
44 14 252
14 22 344
22 14 344
14 17 795
17 14 795
14 28 35
28 14 35
14 43 76
43 14 76
14 51 618
51 14 618
14 47 552
47 14 552
14 20 108
20 14 108
14 52 775
52 14 775
14 47 726
47 14 726
14 15 242
15 14 242
14 26 56
26 14 56
14 21 478
21 14 478
14 14 689
14 14 689
14 44 728
44 14 728
14 48 478
48 14 478
14 20 546
20 14 546
14 17 520
17 14 520
14 26 750
26 14 750
14 34 990
34 14 990
14 27 938
27 14 938
14 51 410
51 14 410
15 29 725
29 15 725
15 27 762
27 15 762
15 47 631
47 15 631
15 44 433
44 15 433
15 29 15
29 15 15
15 33 492
33 15 492
15 36 484
36 15 484
15 39 364
39 15 364
15 19 654
19 15 654
15 23 757
23 15 757
15 34 585
34 15 585
15 38 496
38 15 496
15 39 194
39 15 194
15 34 90
34 15 90
15 30 332
30 15 332
15 15 372
15 15 372
15 28 153
28 15 153
15 35 345
35 15 345
15 48 305
48 15 305
15 51 433
51 15 433
15 25 265
25 15 265
15 46 195
46 15 195
15 20 178
20 15 178
15 22 24
22 15 24
15 44 927
44 15 927
15 37 605
37 15 605
15 24 348
24 15 348
16 46 938
46 16 938
16 45 869
45 16 869
16 41 315
41 16 315
16 27 780
27 16 780
16 18 878
18 16 878
16 21 165
21 16 165
16 42 295
42 16 295
16 29 325
29 16 325
16 52 646
52 16 646
16 36 282
36 16 282
16 18 833
18 16 833
16 41 184
41 16 184
16 42 565
42 16 565
16 30 172
30 16 172
16 49 429
49 16 429
16 49 806
49 16 806
16 41 39
41 16 39
16 41 32
41 16 32
16 38 925
38 16 925
16 36 123
36 16 123
16 48 366
48 16 366
16 29 847
29 16 847
16 42 94
42 16 94
16 52 884
52 16 884
16 27 921
27 16 921
16 27 417
27 16 417
16 25 780
25 16 780
17 31 85
31 17 85
17 37 428
37 17 428
17 47 242
47 17 242
17 36 624
36 17 624
17 39 313
39 17 313
17 32 402
32 17 402
17 40 333
40 17 333
17 18 181
18 17 181
17 21 667
21 17 667
17 27 61
27 17 61
17 46 255
46 17 255
17 32 119
32 17 119
17 41 796
41 17 796
17 19 143
19 17 143
17 46 848
46 17 848
17 23 845
23 17 845
17 41 156
41 17 156
17 37 78
37 17 78
17 45 268
45 17 268
17 19 405
19 17 405
17 18 601
18 17 601
17 49 102
49 17 102
17 32 10
32 17 10
17 37 383
37 17 383
17 42 642
42 17 642
17 26 220
26 17 220
17 34 584
34 17 584
17 38 10
38 17 10
17 39 438
39 17 438
17 20 135
20 17 135
17 22 95
22 17 95
18 26 464
26 18 464
18 30 635
30 18 635
18 50 163
50 18 163
18 46 477
46 18 477
18 41 531
41 18 531
18 46 169
46 18 169
18 30 697
30 18 697
18 50 23
50 18 23
18 20 276
20 18 276
18 40 214
40 18 214
18 31 134
31 18 134
18 31 507
31 18 507
18 50 788
50 18 788
18 43 55
43 18 55
18 44 978
44 18 978
18 37 848
37 18 848
18 33 817
33 18 817
18 49 704
49 18 704
18 24 852
24 18 852
18 30 48
30 18 48
18 43 456
43 18 456
18 32 292
32 18 292
18 20 993
20 18 993
18 52 903
52 18 903
19 52 922
52 19 922
19 38 19
38 19 19
19 21 274
21 19 274
19 22 295
22 19 295
19 36 967
36 19 967
19 50 896
50 19 896
19 48 973
48 19 973
19 19 290
19 19 290
19 24 558
24 19 558
19 33 250
33 19 250
19 35 607
35 19 607
19 29 228
29 19 228
19 29 971
29 19 971
19 23 52
23 19 52
19 20 943
20 19 943
19 42 531
42 19 531
19 42 908
42 19 908
19 31 577
31 19 577
19 21 636
21 19 636
19 35 934
35 19 934
19 42 606
42 19 606
19 40 981
40 19 981
19 35 638
35 19 638
19 32 976
32 19 976
19 26 140
26 19 140
19 33 622
33 19 622
19 31 529
31 19 529
19 38 996
38 19 996
19 35 718
35 19 718
19 23 539
23 19 539
19 26 277
26 19 277
19 52 261
52 19 261
19 31 541
31 19 541
19 43 652
43 19 652
20 21 244
21 20 244
20 43 417
43 20 417
20 47 409
47 20 409
20 38 328
38 20 328
20 45 888
45 20 888
20 51 919
51 20 919
20 27 497
27 20 497
20 38 731
38 20 731
20 27 143
27 20 143
20 37 68
37 20 68
20 22 8
22 20 8
20 50 79
50 20 79
20 35 463
35 20 463
20 44 693
44 20 693
20 44 951
44 20 951
20 32 466
32 20 466
20 38 813
38 20 813
20 23 851
23 20 851
20 20 64
20 20 64
21 44 698
44 21 698
21 44 392
44 21 392
21 28 435
28 21 435
21 27 271
27 21 271
21 45 456
45 21 456
21 26 51
26 21 51
21 35 962
35 21 962
21 41 803
41 21 803
21 36 932
36 21 932
21 44 746
44 21 746
21 42 190
42 21 190
21 50 462
50 21 462
21 32 687
32 21 687
21 31 659
31 21 659
21 33 723
33 21 723
21 26 223
26 21 223
21 35 139
35 21 139
22 25 980
25 22 980
22 50 313
50 22 313
22 34 726
34 22 726
22 23 589
23 22 589
22 35 336
35 22 336
22 27 177
27 22 177
22 44 541
44 22 541
22 29 245
29 22 245
22 39 110
39 22 110
22 26 942
26 22 942
22 23 936
23 22 936
22 44 825
44 22 825
22 48 962
48 22 962
22 27 891
27 22 891
22 33 741
33 22 741
22 26 408
26 22 408
22 27 920
27 22 920
22 45 710
45 22 710
22 25 582
25 22 582
22 37 345
37 22 345
22 26 98
26 22 98
22 28 923
28 22 923
22 46 452
46 22 452
22 22 808
22 22 808
22 41 929
41 22 929
23 27 14
27 23 14
23 26 718
26 23 718
23 41 296
41 23 296
23 48 233
48 23 233
23 27 832
27 23 832
23 33 905
33 23 905
23 34 856
34 23 856
23 27 595
27 23 595
23 48 508
48 23 508
23 51 277
51 23 277
23 37 771
37 23 771
23 49 973
49 23 973
23 51 582
51 23 582
23 52 506
52 23 506
23 52 317
52 23 317
23 50 21
50 23 21
23 41 252
41 23 252
24 41 580
41 24 580
24 33 828
33 24 828
24 45 465
45 24 465
24 38 438
38 24 438
24 28 804
28 24 804
24 28 468
28 24 468
24 29 486
29 24 486
24 28 888
28 24 888
24 46 302
46 24 302
24 47 295
47 24 295
24 44 180
44 24 180
24 45 838
45 24 838
24 25 165
25 24 165
24 29 833
29 24 833
25 40 350
40 25 350
25 40 276
40 25 276
25 38 389
38 25 389
25 37 448
37 25 448
25 36 34
36 25 34
25 31 184
31 25 184
25 50 664
50 25 664
25 52 605
52 25 605
25 36 791
36 25 791
25 43 202
43 25 202
25 47 307
47 25 307
25 33 72
33 25 72
25 38 994
38 25 994
25 32 52
32 25 52
25 37 991
37 25 991
25 31 667
31 25 667
25 49 998
49 25 998
25 31 911
31 25 911
26 32 663
32 26 663
26 33 160
33 26 160
26 50 36
50 26 36
26 42 26
42 26 26
26 27 281
27 26 281
26 43 546
43 26 546
26 31 127
31 26 127
26 48 51
48 26 51
26 51 129
51 26 129
26 52 772
52 26 772
26 46 334
46 26 334
26 38 959
38 26 959
26 47 715
47 26 715
26 49 872
49 26 872
26 47 664
47 26 664
26 50 541
50 26 541
26 36 262
36 26 262
26 41 767
41 26 767
26 52 85
52 26 85
26 45 333
45 26 333
26 31 829
31 26 829
26 51 62
51 26 62
26 33 337
33 26 337
26 28 953
28 26 953
27 51 141
51 27 141
27 48 375
48 27 375
27 46 690
46 27 690
27 51 388
51 27 388
27 37 802
37 27 802
27 45 998
45 27 998
27 43 728
43 27 728
27 50 636
50 27 636
27 31 106
31 27 106
27 39 780
39 27 780
27 35 485
35 27 485
27 45 489
45 27 489
27 45 553
45 27 553
27 44 435
44 27 435
27 42 425
42 27 425
27 41 795
41 27 795
27 37 451
37 27 451
27 37 782
37 27 782
27 27 93
27 27 93
27 52 86
52 27 86
27 35 624
35 27 624
28 42 302
42 28 302
28 33 92
33 28 92
28 43 586
43 28 586
28 45 108
45 28 108
28 30 816
30 28 816
28 51 633
51 28 633
28 45 537
45 28 537
28 38 926
38 28 926
28 50 643
50 28 643
28 46 899
46 28 899
28 34 378
34 28 378
28 34 243
34 28 243
28 33 526
33 28 526
28 52 686
52 28 686
28 32 493
32 28 493
28 36 937
36 28 937
28 36 514
36 28 514
28 41 9
41 28 9
29 41 985
41 29 985
29 47 210
47 29 210
29 31 297
31 29 297
29 42 888
42 29 888
29 50 949
50 29 949
29 34 894
34 29 894
29 52 90
52 29 90
29 48 378
48 29 378
29 38 530
38 29 530
29 32 666
32 29 666
29 37 128
37 29 128
29 35 177
35 29 177
29 50 877
50 29 877
29 35 467
35 29 467
29 44 496
44 29 496
29 35 886
35 29 886
29 46 745
46 29 745
29 51 79
51 29 79
29 48 3
48 29 3
29 37 284
37 29 284
30 34 162
34 30 162
30 48 992
48 30 992
30 35 207
35 30 207
30 48 40
48 30 40
30 50 576
50 30 576
30 43 649
43 30 649
30 36 644
36 30 644
30 40 84
40 30 84
30 35 281
35 30 281
30 32 107
32 30 107
30 34 272
34 30 272
30 32 558
32 30 558
30 34 183
34 30 183
30 40 517
40 30 517
31 31 718
31 31 718
31 42 896
42 31 896
31 40 262
40 31 262
31 34 333
34 31 333
31 46 832
46 31 832
31 40 467
40 31 467
31 37 106
37 31 106
31 39 233
39 31 233
31 48 267
48 31 267
31 32 261
32 31 261
32 49 546
49 32 546
32 50 988
50 32 988
32 50 696
50 32 696
32 52 181
52 32 181
32 43 343
43 32 343
32 43 421
43 32 421
32 48 169
48 32 169
32 39 228
39 32 228
32 38 143
38 32 143
32 50 982
50 32 982
32 33 2
33 32 2
32 39 708
39 32 708
32 42 884
42 32 884
32 50 370
50 32 370
33 44 650
44 33 650
33 41 981
41 33 981
33 33 92
33 33 92
33 48 366
48 33 366
33 51 142
51 33 142
33 49 969
49 33 969
33 52 513
52 33 513
33 34 303
34 33 303
33 35 216
35 33 216
33 37 900
37 33 900
33 45 830
45 33 830
33 48 136
48 33 136
34 43 540
43 34 540
34 36 455
36 34 455
34 49 609
49 34 609
34 38 107
38 34 107
34 37 735
37 34 735
34 49 77
49 34 77
34 38 972
38 34 972
34 50 716
50 34 716
34 45 279
45 34 279
34 49 171
49 34 171
34 35 326
35 34 326
34 51 341
51 34 341
34 39 448
39 34 448
34 50 7
50 34 7
34 43 912
43 34 912
34 47 163
47 34 163
35 38 699
38 35 699
35 50 632
50 35 632
35 35 703
35 35 703
35 38 623
38 35 623
35 38 531
38 35 531
35 50 427
50 35 427
35 45 592
45 35 592
35 38 722
38 35 722
35 40 113
40 35 113
35 49 333
49 35 333
35 40 460
40 35 460
35 51 414
51 35 414
36 46 651
46 36 651
36 39 97
39 36 97
36 42 931
42 36 931
36 41 75
41 36 75
36 51 149
51 36 149
36 41 9
41 36 9
36 43 261
43 36 261
36 47 716
47 36 716
37 41 390
41 37 390
37 47 612
47 37 612
37 41 276
41 37 276
37 51 618
51 37 618
37 39 411
39 37 411
37 46 359
46 37 359
37 49 776
49 37 776
38 39 811
39 38 811
38 46 150
46 38 150
38 42 58
42 38 58
38 45 699
45 38 699
38 50 30
50 38 30
38 46 92
46 38 92
38 47 345
47 38 345
38 51 421
51 38 421
38 46 232
46 38 232
38 46 359
46 38 359
38 51 458
51 38 458
39 48 768
48 39 768
39 47 34
47 39 34
39 46 277
46 39 277
39 40 591
40 39 591
39 47 93
47 39 93
40 45 348
45 40 348
40 42 251
42 40 251
40 44 40
44 40 40
40 50 260
50 40 260
40 42 381
42 40 381
40 41 657
41 40 657
40 44 849
44 40 849
40 46 316
46 40 316
40 42 353
42 40 353
41 42 279
42 41 279
41 47 830
47 41 830
41 47 819
47 41 819
41 47 55
47 41 55
41 50 890
50 41 890
41 41 410
41 41 410
41 47 205
47 41 205
41 52 993
52 41 993
41 41 3
41 41 3
42 46 735
46 42 735
42 45 311
45 42 311
42 51 301
51 42 301
42 52 734
52 42 734
42 43 986
43 42 986
42 52 853
52 42 853
42 49 12
49 42 12
42 44 919
44 42 919
43 46 653
46 43 653
43 50 859
50 43 859
43 52 366
52 43 366
43 45 956
45 43 956
43 46 133
46 43 133
44 49 967
49 44 967
44 49 514
49 44 514
44 46 879
46 44 879
44 48 154
48 44 154
45 47 423
47 45 423
45 51 591
51 45 591
45 47 715
47 45 715
45 50 890
50 45 890
46 47 591
47 46 591
46 47 869
47 46 869
46 52 211
52 46 211
46 47 476
47 46 476
46 49 144
49 46 144
47 49 33
49 47 33
47 51 664
51 47 664
47 52 863
52 47 863
47 49 603
49 47 603
47 51 821
51 47 821
47 49 589
49 47 589
48 50 214
50 48 214
48 52 714
52 48 714
48 49 660
49 48 660
48 51 723
51 48 723
49 52 226
52 49 226
49 50 997
50 49 997
51 51 550
51 51 550
