87

0 1 148
1 0 148
0 3 433
3 0 433
0 8 926
8 0 926
0 16 327
16 0 327
0 29 186
29 0 186
0 58 22
58 0 22
0 20 227
20 0 227
0 73 601
73 0 601
0 36 85
36 0 85
1 2 467
2 1 467
1 4 312
4 1 312
1 7 627
7 1 627
1 19 462
19 1 462
1 36 33
36 1 33
2 15 359
15 2 359
2 71 313
71 2 313
3 6 254
6 3 254
3 14 892
14 3 892
3 41 814
41 3 814
3 21 751
21 3 751
3 33 629
33 3 629
4 5 889
5 4 889
4 9 416
9 4 416
4 21 829
21 4 829
4 24 582
24 4 582
4 42 802
42 4 802
4 31 998
31 4 998
4 52 258
52 4 258
4 16 699
16 4 699
5 18 437
18 5 437
5 70 223
70 5 223
5 81 7
81 5 7
5 71 391
71 5 391
6 50 729
50 6 729
6 59 309
59 6 309
6 12 297
12 6 297
6 16 32
16 6 32
7 10 130
10 7 130
7 12 871
12 7 871
7 31 873
31 7 873
7 83 186
83 7 186
7 11 99
11 7 99
7 7 296
7 7 296
7 64 881
64 7 881
8 11 527
11 8 527
8 62 549
62 8 549
8 75 590
75 8 590
8 22 809
22 8 809
9 82 262
82 9 262
9 42 737
42 9 737
9 20 623
20 9 623
10 13 959
13 10 959
10 22 785
22 10 785
10 23 650
23 10 650
10 61 792
61 10 792
10 15 957
15 10 957
10 23 741
23 10 741
10 38 160
38 10 160
10 59 782
59 10 782
11 30 692
30 11 692
11 32 537
32 11 537
11 39 787
39 11 787
11 63 245
63 11 245
11 23 49
23 11 49
12 66 606
66 12 606
12 30 603
30 12 603
12 25 167
25 12 167
12 32 245
32 12 245
12 57 469
57 12 469
13 28 318
28 13 318
13 33 678
33 13 678
13 65 372
65 13 372
14 17 773
17 14 773
14 20 561
20 14 561
14 25 612
25 14 612
14 31 912
31 14 912
15 44 32
44 15 32
15 18 994
18 15 994
16 75 183
75 16 183
16 83 772
83 16 772
17 81 91
81 17 91
17 66 554
66 17 554
18 55 390
55 18 390
18 63 751
63 18 751
18 74 608
74 18 608
18 42 395
42 18 395
18 19 44
19 18 44
19 33 442
33 19 442
20 42 173
42 20 173
20 31 436
31 20 436
21 34 370
34 21 370
21 72 965
72 21 965
21 23 605
23 21 605
22 26 247
26 22 247
22 35 686
35 22 686
22 42 204
42 22 204
23 43 454
43 23 454
23 49 338
49 23 338
23 68 52
68 23 52
23 31 335
31 23 335
24 27 419
27 24 419
24 68 970
68 24 970
24 77 429
77 24 429
24 82 380
82 24 380
24 46 212
46 24 212
25 54 218
54 25 218
25 83 848
83 25 848
26 38 325
38 26 325
26 72 790
72 26 790
26 40 988
40 26 988
27 38 184
38 27 184
27 76 497
76 27 497
27 40 99
40 27 99
28 41 717
41 28 717
28 71 377
71 28 377
29 33 109
33 29 109
29 45 125
45 29 125
29 59 719
59 29 719
29 67 176
67 29 176
30 71 859
71 30 859
30 37 929
37 30 929
30 47 711
47 30 711
30 80 85
80 30 85
30 71 336
71 30 336
30 30 264
30 30 264
31 40 723
40 31 723
31 52 339
52 31 339
31 72 439
72 31 439
31 84 399
84 31 399
31 60 64
60 31 64
32 60 963
60 32 963
32 50 673
50 32 673
33 37 682
37 33 682
33 86 286
86 33 286
33 48 774
48 33 774
34 66 671
66 34 671
34 82 362
82 34 362
34 56 432
56 34 432
35 51 72
51 35 72
35 84 504
84 35 504
36 46 26
46 36 26
36 53 172
53 36 172
36 52 310
52 36 310
36 63 136
63 36 136
37 57 669
57 37 669
37 60 629
60 37 629
37 80 450
80 37 450
37 48 51
48 37 51
37 73 471
73 37 471
37 74 548
74 37 548
38 41 38
41 38 38
38 40 395
40 38 395
39 40 826
40 39 826
39 72 283
72 39 283
39 69 401
69 39 401
39 54 784
54 39 784
40 73 412
73 40 412
41 48 550
48 41 550
41 67 961
67 41 961
42 64 469
64 42 469
42 84 237
84 42 237
43 52 624
52 43 624
44 47 614
47 44 614
45 49 666
49 45 666
45 70 482
70 45 482
45 86 57
86 45 57
45 57 722
57 45 722
46 62 706
62 46 706
46 47 796
47 46 796
48 69 128
69 48 128
50 72 687
72 50 687
51 56 289
56 51 289
51 65 250
65 51 250
51 76 659
76 51 659
51 78 19
78 51 19
57 74 481
74 57 481
57 68 126
68 57 126
58 60 568
60 58 568
59 70 486
70 59 486
60 86 505
86 60 505
61 73 350
73 61 350
63 78 840
78 63 840
65 67 128
67 65 128
65 75 222
75 65 222
65 75 59
75 65 59
66 79 292
79 66 292
66 81 891
81 66 891
67 78 580
78 67 580
67 70 955
70 67 955
69 77 946
77 69 946
71 78 682
78 71 682
71 82 597
82 71 597
71 74 928
74 71 928
73 81 473
81 73 473
75 77 928
77 75 928
76 86 389
86 76 389
81 83 408
83 81 408
82 85 112
85 82 112
