92

0 1 920
1 0 920
0 5 174
5 0 174
0 9 688
9 0 688
0 43 530
43 0 530
0 2 377
2 0 377
0 4 500
4 0 500
0 2 73
2 0 73
1 2 467
2 1 467
1 4 526
4 1 526
1 28 975
28 1 975
1 31 988
31 1 988
1 39 390
39 1 390
1 55 521
55 1 521
2 3 584
3 2 584
2 10 690
10 2 690
3 26 167
26 3 167
3 33 157
33 3 157
4 6 337
6 4 337
5 76 334
76 5 334
6 7 256
7 6 256
6 8 662
8 6 662
6 73 140
73 6 140
6 22 1000
22 6 1000
6 84 176
84 6 176
7 37 936
37 7 936
7 41 990
41 7 990
8 12 106
12 8 106
8 13 851
13 8 851
8 14 137
14 8 137
8 16 603
16 8 603
8 36 690
36 8 690
8 51 192
51 8 192
9 11 905
11 9 905
9 22 297
22 9 297
9 34 104
34 9 104
9 66 401
66 9 401
9 23 859
23 9 859
9 28 329
28 9 329
9 59 69
59 9 69
10 19 355
19 10 355
10 29 945
29 10 945
10 39 111
39 10 111
10 40 833
40 10 833
11 15 453
15 11 453
11 24 568
24 11 568
11 47 621
47 11 621
11 72 578
72 11 578
11 16 87
16 11 87
13 71 422
71 13 422
13 55 630
55 13 630
13 72 995
72 13 995
13 53 827
53 13 827
13 81 193
81 13 193
14 27 804
27 14 804
15 20 890
20 15 890
15 30 415
30 15 415
15 48 648
48 15 648
15 16 794
16 15 794
16 17 406
17 16 406
16 18 441
18 16 441
16 69 714
69 16 714
16 68 775
68 16 775
17 43 275
43 17 275
17 50 766
50 17 766
17 50 671
50 17 671
18 78 442
78 18 442
19 35 337
35 19 337
19 54 652
54 19 652
19 84 716
84 19 716
19 58 242
58 19 242
20 21 941
21 20 941
22 23 702
23 22 702
22 42 804
42 22 804
22 70 107
70 22 107
22 76 230
76 22 230
23 25 650
25 23 650
23 89 454
89 23 454
24 32 255
32 24 255
24 46 103
46 24 103
24 29 666
29 24 666
26 47 53
47 26 53
26 49 912
49 26 912
27 68 450
68 27 450
28 59 408
59 28 408
28 70 222
70 28 222
29 53 687
53 29 687
29 63 875
63 29 875
30 44 428
44 30 428
30 70 285
70 30 285
31 57 100
57 31 100
31 87 514
87 31 514
32 83 518
83 32 518
32 74 47
74 32 47
33 38 610
38 33 610
33 82 743
82 33 743
33 89 263
89 33 263
34 45 988
45 34 988
34 91 126
91 34 126
34 67 248
67 34 248
35 74 824
74 35 824
37 40 251
40 37 251
38 40 688
40 38 688
38 60 503
60 38 503
40 49 348
49 40 348
40 77 674
77 40 674
41 77 989
77 41 989
42 52 915
52 42 915
42 62 995
62 42 995
43 71 454
71 43 454
44 56 349
56 44 349
44 83 368
83 44 368
44 45 102
45 44 102
46 67 650
67 46 650
47 59 152
59 47 152
47 64 113
64 47 113
47 78 580
78 47 580
47 74 72
74 47 72
48 58 354
58 48 354
48 87 482
87 48 482
49 66 318
66 49 318
49 85 432
85 49 432
49 86 787
86 49 787
49 78 978
78 49 978
52 87 230
87 52 230
52 65 975
65 52 975
54 79 186
79 54 186
55 61 476
61 55 476
55 75 926
75 55 926
56 79 620
79 56 620
57 65 209
65 57 209
59 84 388
84 59 388
59 88 774
88 59 774
62 64 752
64 62 752
63 74 46
74 63 46
71 81 603
81 71 603
75 80 902
80 75 902
79 90 138
90 79 138
79 90 905
90 79 905
83 88 613
88 83 613
84 90 828
90 84 828
