63

0 1 61
1 0 61
0 2 779
2 0 779
0 3 163
3 0 163
0 4 229
4 0 229
0 9 119
9 0 119
0 36 349
36 0 349
0 33 109
33 0 109
0 39 583
39 0 583
0 15 239
15 0 239
0 2 812
2 0 812
0 61 874
61 0 874
0 3 993
3 0 993
0 27 597
27 0 597
0 31 923
31 0 923
0 41 761
41 0 761
0 25 770
25 0 770
0 27 944
27 0 944
0 22 128
22 0 128
0 8 572
8 0 572
0 20 635
20 0 635
0 7 329
7 0 329
0 4 147
4 0 147
0 20 472
20 0 472
0 25 581
25 0 581
0 13 389
13 0 389
0 17 50
17 0 50
0 2 396
2 0 396
0 37 345
37 0 345
0 7 208
7 0 208
1 39 683
39 1 683
1 31 828
31 1 828
1 12 191
12 1 191
1 24 740
24 1 740
1 29 184
29 1 184
1 59 995
59 1 995
1 4 236
4 1 236
1 35 183
35 1 183
1 21 618
21 1 618
1 61 603
61 1 603
1 16 962
16 1 962
1 25 861
25 1 861
1 28 18
28 1 18
1 29 396
29 1 396
1 51 158
51 1 158
1 34 446
34 1 446
1 8 213
8 1 213
1 54 721
54 1 721
1 2 785
2 1 785
1 43 395
43 1 395
1 52 90
52 1 90
1 54 234
54 1 234
1 29 3
29 1 3
1 50 524
50 1 524
1 35 725
35 1 725
1 4 257
4 1 257
1 46 397
46 1 397
1 46 816
46 1 816
1 29 609
29 1 609
1 62 64
62 1 64
2 8 916
8 2 916
2 16 500
16 2 500
2 57 384
57 2 384
2 27 175
27 2 175
2 11 686
11 2 686
2 18 226
18 2 226
2 49 510
49 2 510
2 30 611
30 2 611
2 44 446
44 2 446
2 58 996
58 2 996
2 16 419
16 2 419
2 17 658
17 2 658
2 8 883
8 2 883
2 24 857
24 2 857
2 52 555
52 2 555
2 29 768
29 2 768
2 26 99
26 2 99
2 36 91
36 2 91
2 20 896
20 2 896
2 41 437
41 2 437
2 38 452
38 2 452
2 52 867
52 2 867
2 9 694
9 2 694
2 59 875
59 2 875
2 40 646
40 2 646
2 28 762
28 2 762
3 5 439
5 3 439
3 6 888
6 3 888
3 48 42
48 3 42
3 42 279
42 3 279
3 20 660
20 3 660
3 39 573
39 3 573
3 51 712
51 3 712
3 41 519
41 3 519
3 7 166
7 3 166
3 11 633
11 3 633
3 14 912
14 3 912
3 41 721
41 3 721
3 25 272
25 3 272
3 23 35
23 3 35
3 43 309
43 3 309
3 52 718
52 3 718
3 9 681
9 3 681
3 58 583
58 3 583
3 10 440
10 3 440
3 50 613
50 3 613
3 13 451
13 3 451
3 4 528
4 3 528
3 29 204
29 3 204
3 54 296
54 3 296
3 33 661
33 3 661
3 38 397
38 3 397
4 32 170
32 4 170
4 53 873
53 4 873
4 21 230
21 4 230
4 38 591
38 4 591
4 24 639
24 4 639
4 7 563
7 4 563
4 37 956
37 4 956
4 19 193
19 4 193
4 23 732
23 4 732
4 40 122
40 4 122
4 25 821
25 4 821
4 28 554
28 4 554
4 27 334
27 4 334
4 32 597
32 4 597
4 21 648
21 4 648
4 47 453
47 4 453
4 53 882
53 4 882
4 46 148
46 4 148
4 60 395
60 4 395
4 60 163
60 4 163
4 55 367
55 4 367
4 59 915
59 4 915
4 48 785
48 4 785
5 7 787
7 5 787
5 10 649
10 5 649
5 11 767
11 5 767
5 18 774
18 5 774
5 30 502
30 5 502
5 31 55
31 5 55
5 54 555
54 5 555
5 20 524
20 5 524
5 49 854
49 5 854
5 57 980
57 5 980
5 5 647
5 5 647
5 6 315
6 5 315
5 33 899
33 5 899
5 43 69
43 5 69
5 59 556
59 5 556
5 46 762
46 5 762
5 53 510
53 5 510
5 46 936
46 5 936
5 22 928
22 5 928
5 60 682
60 5 682
5 27 596
27 5 596
5 37 911
37 5 911
5 35 210
35 5 210
5 23 719
23 5 719
5 9 629
9 5 629
5 62 176
62 5 176
6 12 908
12 6 908
6 13 406
13 6 406
6 22 764
22 6 764
6 56 812
56 6 812
6 53 929
53 6 929
6 57 611
57 6 611
6 49 615
49 6 615
6 29 342
29 6 342
6 10 507
10 6 507
6 47 984
47 6 984
6 32 143
32 6 143
6 17 999
17 6 999
6 41 188
41 6 188
6 33 196
33 6 196
6 13 100
13 6 100
6 59 682
59 6 682
6 58 732
58 6 732
6 37 764
37 6 764
6 61 580
61 6 580
6 21 165
21 6 165
6 57 604
57 6 604
6 56 325
56 6 325
6 46 294
46 6 294
6 29 673
29 6 673
7 20 841
20 7 841
7 18 818
18 7 818
7 33 384
33 7 384
7 53 172
53 7 172
7 35 266
35 7 266
7 42 676
42 7 676
7 52 996
52 7 996
7 45 977
45 7 977
7 33 358
33 7 358
7 47 493
47 7 493
7 10 882
10 7 882
7 59 443
59 7 443
7 8 535
8 7 535
7 14 356
14 7 356
7 21 992
21 7 992
7 8 963
8 7 963
7 20 40
20 7 40
7 57 874
57 7 874
7 15 15
15 7 15
7 58 835
58 7 835
7 43 311
43 7 311
7 43 973
43 7 973
7 24 274
24 7 274
8 15 444
15 8 444
8 24 837
24 8 837
8 57 555
57 8 555
8 61 225
61 8 225
8 45 649
45 8 649
8 39 554
39 8 554
8 13 337
13 8 337
8 24 763
24 8 763
8 53 821
53 8 821
8 60 273
60 8 273
8 22 537
22 8 537
8 28 304
28 8 304
8 25 448
25 8 448
8 37 82
37 8 82
8 17 615
17 8 615
9 14 687
14 9 687
9 34 145
34 9 145
9 44 27
44 9 27
9 51 123
51 9 123
9 20 763
20 9 763
9 34 134
34 9 134
9 17 409
17 9 409
9 47 229
47 9 229
9 59 116
59 9 116
9 46 444
46 9 444
9 35 514
35 9 514
9 33 308
33 9 308
9 15 459
15 9 459
9 49 338
49 9 338
9 34 866
34 9 866
9 54 256
54 9 256
9 43 576
43 9 576
9 19 411
19 9 411
9 12 219
12 9 219
10 27 706
27 10 706
10 24 295
24 10 295
10 50 116
50 10 116
10 37 823
37 10 823
10 57 336
57 10 336
10 27 836
27 10 836
10 34 620
34 10 620
10 61 670
61 10 670
10 24 424
24 10 424
10 50 550
50 10 550
10 11 27
11 10 27
10 56 180
56 10 180
10 48 752
48 10 752
10 29 202
29 10 202
10 59 698
59 10 698
10 19 219
19 10 219
10 49 815
49 10 815
10 11 498
11 10 498
10 26 315
26 10 315
10 30 180
30 10 180
10 20 116
20 10 116
10 34 972
34 10 972
10 45 762
45 10 762
10 53 58
53 10 58
10 31 290
31 10 290
11 35 441
35 11 441
11 37 153
37 11 153
11 46 295
46 11 295
11 36 985
36 11 985
11 61 997
61 11 997
11 27 128
27 11 128
11 45 766
45 11 766
11 12 711
12 11 711
11 23 303
23 11 303
11 60 365
60 11 365
11 46 628
46 11 628
11 49 645
49 11 645
11 34 178
34 11 178
11 22 884
22 11 884
11 34 518
34 11 518
11 17 14
17 11 14
11 24 217
24 11 217
11 12 362
12 11 362
12 34 838
34 12 838
12 42 588
42 12 588
12 21 617
21 12 617
12 40 719
40 12 719
12 61 523
61 12 523
12 24 268
24 12 268
12 62 818
62 12 818
12 34 811
34 12 811
12 38 722
38 12 722
12 42 334
42 12 334
12 24 394
24 12 394
12 46 831
46 12 831
12 40 369
40 12 369
12 18 630
18 12 630
12 36 431
36 12 431
12 54 394
54 12 394
12 45 241
45 12 241
12 49 693
49 12 693
12 43 419
43 12 419
12 55 13
55 12 13
12 48 348
48 12 348
12 32 411
32 12 411
12 53 344
53 12 344
13 19 182
19 13 182
13 23 421
23 13 421
13 32 527
32 13 527
13 31 470
31 13 470
13 15 886
15 13 886
13 29 23
29 13 23
13 61 281
61 13 281
13 23 15
23 13 15
13 62 61
62 13 61
13 19 747
19 13 747
13 15 341
15 13 341
13 23 14
23 13 14
13 55 944
55 13 944
13 17 459
17 13 459
13 29 421
29 13 421
13 60 911
60 13 911
13 56 32
56 13 32
13 62 908
62 13 908
13 45 76
45 13 76
13 54 443
54 13 443
13 17 719
17 13 719
14 36 497
36 14 497
14 61 107
61 14 107
14 38 799
38 14 799
14 46 285
46 14 285
14 53 665
53 14 665
14 33 980
33 14 980
14 36 858
36 14 858
14 42 2
42 14 2
14 38 541
38 14 541
14 37 267
37 14 267
14 59 307
59 14 307
14 18 671
18 14 671
14 38 840
38 14 840
14 58 410
58 14 410
14 25 740
25 14 740
14 44 122
44 14 122
15 17 699
17 15 699
15 43 557
43 15 557
15 33 288
33 15 288
15 18 918
18 15 918
15 32 88
32 15 88
15 57 735
57 15 735
15 59 689
59 15 689
15 25 843
25 15 843
15 48 318
48 15 318
15 23 416
23 15 416
15 23 256
23 15 256
15 44 895
44 15 895
15 15 308
15 15 308
15 61 456
61 15 456
15 37 688
37 15 688
15 44 899
44 15 899
15 49 302
49 15 302
15 54 725
54 15 725
15 59 121
59 15 121
15 59 651
59 15 651
15 34 504
34 15 504
15 31 595
31 15 595
15 22 85
22 15 85
15 37 344
37 15 344
16 33 918
33 16 918
16 54 723
54 16 723
16 56 981
56 16 981
16 50 37
50 16 37
16 18 968
18 16 968
16 20 238
20 16 238
16 22 461
22 16 461
16 35 562
35 16 562
16 34 613
34 16 613
16 33 970
33 16 970
16 19 955
19 16 955
16 37 275
37 16 275
16 21 394
21 16 394
16 31 627
31 16 627
16 37 200
37 16 200
16 55 649
55 16 649
16 53 466
53 16 466
16 29 152
29 16 152
16 17 760
17 16 760
16 39 724
39 16 724
16 55 396
55 16 396
17 60 954
60 17 954
17 51 529
51 17 529
17 18 65
18 17 65
17 23 665
23 17 665
17 56 138
56 17 138
17 22 132
22 17 132
17 17 583
17 17 583
17 41 940
41 17 940
17 47 994
47 17 994
17 36 348
36 17 348
17 19 876
19 17 876
17 60 812
60 17 812
17 58 883
58 17 883
17 36 943
36 17 943
17 18 128
18 17 128
17 25 841
25 17 841
17 43 201
43 17 201
17 32 546
32 17 546
18 47 81
47 18 81
18 45 690
45 18 690
18 47 538
47 18 538
18 26 48
26 18 48
18 31 993
31 18 993
18 54 432
54 18 432
18 51 853
51 18 853
18 27 556
27 18 556
18 36 50
36 18 50
18 52 953
52 18 953
18 60 193
60 18 193
18 22 267
22 18 267
18 25 446
25 18 446
18 32 456
32 18 456
18 53 473
53 18 473
19 25 126
25 19 126
19 41 160
41 19 160
19 41 240
41 19 240
19 60 945
60 19 945
19 61 509
61 19 509
19 54 489
54 19 489
19 55 317
55 19 317
19 40 889
40 19 889
19 36 620
36 19 620
19 22 237
22 19 237
19 33 988
33 19 988
19 53 777
53 19 777
19 35 732
35 19 732
20 21 759
21 20 759
20 26 579
26 20 579
20 61 184
61 20 184
20 55 136
55 20 136
20 35 825
35 20 825
20 28 938
28 20 938
20 33 451
33 20 451
20 24 780
24 20 780
20 28 590
28 20 590
20 59 766
59 20 766
20 34 570
34 20 570
20 56 402
56 20 402
20 48 805
48 20 805
20 50 259
50 20 259
20 49 24
49 20 24
20 29 860
29 20 860
20 48 522
48 20 522
20 54 574
54 20 574
20 35 427
35 20 427
20 24 17
24 20 17
21 28 537
28 21 537
21 24 613
24 21 613
21 27 126
27 21 126
21 39 781
39 21 781
21 42 984
42 21 984
21 45 427
45 21 427
21 33 707
33 21 707
21 58 14
58 21 14
21 24 588
24 21 588
21 57 995
57 21 995
21 38 211
38 21 211
21 56 350
56 21 350
21 22 773
22 21 773
21 39 708
39 21 708
21 41 372
41 21 372
21 62 430
62 21 430
21 46 646
46 21 646
21 37 656
37 21 656
21 62 415
62 21 415
21 57 402
57 21 402
21 30 580
30 21 580
22 49 743
49 22 743
22 52 96
52 22 96
22 59 705
59 22 705
22 50 377
50 22 377
22 26 594
26 22 594
22 60 329
60 22 329
22 50 274
50 22 274
22 54 153
54 22 153
22 45 77
45 22 77
22 36 37
36 22 37
22 33 850
33 22 850
22 57 966
57 22 966
22 44 571
44 22 571
22 52 808
52 22 808
22 31 730
31 22 730
22 62 817
62 22 817
22 22 683
22 22 683
22 62 997
62 22 997
23 51 426
51 23 426
23 26 533
26 23 533
23 54 157
54 23 157
23 50 148
50 23 148
23 43 960
43 23 960
23 24 200
24 23 200
23 26 849
26 23 849
23 41 485
41 23 485
23 49 200
49 23 200
23 36 886
36 23 886
23 34 626
34 23 626
23 30 842
30 23 842
23 41 585
41 23 585
23 37 905
37 23 905
23 53 699
53 23 699
23 47 420
47 23 420
23 44 713
44 23 713
23 55 32
55 23 32
23 45 422
45 23 422
24 45 779
45 24 779
24 33 444
33 24 444
24 42 271
42 24 271
24 56 199
56 24 199
24 37 362
37 24 362
24 44 266
44 24 266
24 52 926
52 24 926
24 55 857
55 24 857
24 28 448
28 24 448
24 53 458
53 24 458
24 43 72
43 24 72
24 55 736
55 24 736
24 44 746
44 24 746
25 29 731
29 25 731
25 42 499
42 25 499
25 47 533
47 25 533
25 32 180
32 25 180
25 51 589
51 25 589
25 40 289
40 25 289
26 56 9
56 26 9
26 56 13
56 26 13
26 44 381
44 26 381
26 36 514
36 26 514
26 40 942
40 26 942
26 54 721
54 26 721
26 38 548
38 26 548
26 37 744
37 26 744
26 60 685
60 26 685
26 33 267
33 26 267
26 53 695
53 26 695
26 61 331
61 26 331
26 62 270
62 26 270
26 55 982
55 26 982
27 41 998
41 27 998
27 46 875
46 27 875
27 28 344
28 27 344
27 44 267
44 27 267
27 62 996
62 27 996
27 56 619
56 27 619
27 40 942
40 27 942
27 54 966
54 27 966
27 47 498
47 27 498
27 28 317
28 27 317
27 59 560
59 27 560
27 29 902
29 27 902
27 42 392
42 27 392
27 57 760
57 27 760
27 54 929
54 27 929
27 45 488
45 27 488
27 60 912
60 27 912
27 56 131
56 27 131
27 55 44
55 27 44
27 27 409
27 27 409
27 34 624
34 27 624
28 31 294
31 28 294
28 31 490
31 28 490
28 33 597
33 28 597
28 56 276
56 28 276
28 47 459
47 28 459
28 50 88
50 28 88
28 36 247
36 28 247
28 61 25
61 28 25
28 37 648
37 28 648
28 42 312
42 28 312
28 41 106
41 28 106
28 56 24
56 28 24
28 47 983
47 28 983
28 57 508
57 28 508
28 47 330
47 28 330
28 45 964
45 28 964
28 28 344
28 28 344
28 33 258
33 28 258
28 29 427
29 28 427
29 34 751
34 29 751
29 62 110
62 29 110
29 61 311
61 29 311
29 50 428
50 29 428
29 45 104
45 29 104
29 52 62
52 29 62
29 35 716
35 29 716
29 50 504
50 29 504
29 43 719
43 29 719
29 42 815
42 29 815
29 30 113
30 29 113
29 47 124
47 29 124
29 49 20
49 29 20
29 41 38
41 29 38
30 40 27
40 30 27
30 48 105
48 30 105
30 51 703
51 30 703
30 36 942
36 30 942
30 51 980
51 30 980
30 58 351
58 30 351
30 42 416
42 30 416
30 48 864
48 30 864
30 36 937
36 30 937
30 54 608
54 30 608
30 46 7
46 30 7
30 33 513
33 30 513
30 56 206
56 30 206
30 43 735
43 30 735
30 37 83
37 30 83
30 57 454
57 30 454
30 37 232
37 30 232
30 48 815
48 30 815
31 44 369
44 31 369
31 50 125
50 31 125
31 35 794
35 31 794
31 57 21
57 31 21
31 38 182
38 31 182
31 45 964
45 31 964
31 39 564
39 31 564
31 49 438
49 31 438
31 48 781
48 31 781
31 35 122
35 31 122
31 51 299
51 31 299
31 54 121
54 31 121
31 62 112
62 31 112
31 43 657
43 31 657
32 56 569
56 32 569
32 43 689
43 32 689
32 58 528
58 32 528
32 35 953
35 32 953
32 48 324
48 32 324
32 42 283
42 32 283
32 41 330
41 32 330
32 32 199
32 32 199
32 45 693
45 32 693
32 33 874
33 32 874
32 44 983
44 32 983
32 46 82
46 32 82
32 42 484
42 32 484
32 39 54
39 32 54
32 53 784
53 32 784
32 44 561
44 32 561
32 57 14
57 32 14
33 54 688
54 33 688
33 56 963
56 33 963
33 54 998
54 33 998
33 45 715
45 33 715
33 54 314
54 33 314
33 50 636
50 33 636
33 47 252
47 33 252
33 45 968
45 33 968
33 40 618
40 33 618
33 40 515
40 33 515
33 56 706
56 33 706
33 55 797
55 33 797
33 39 65
39 33 65
34 52 613
52 34 613
34 44 276
44 34 276
34 54 415
54 34 415
34 44 294
44 34 294
34 53 731
53 34 731
34 44 783
44 34 783
34 57 519
57 34 519
34 55 920
55 34 920
34 47 165
47 34 165
34 53 243
53 34 243
34 54 206
54 34 206
35 48 494
48 35 494
35 52 739
52 35 739
35 50 23
50 35 23
35 49 1000
49 35 1000
35 59 964
59 35 964
35 55 822
55 35 822
35 58 613
58 35 613
35 59 586
59 35 586
35 51 875
51 35 875
35 45 758
45 35 758
35 49 186
49 35 186
35 50 99
50 35 99
35 53 266
53 35 266
35 61 598
61 35 598
36 38 242
38 36 242
36 55 904
55 36 904
36 53 18
53 36 18
36 44 357
44 36 357
36 38 722
38 36 722
36 41 675
41 36 675
36 59 155
59 36 155
36 62 781
62 36 781
36 55 850
55 36 850
37 55 882
55 37 882
37 50 298
50 37 298
37 56 179
56 37 179
37 60 733
60 37 733
37 60 454
60 37 454
37 52 958
52 37 958
37 59 554
59 37 554
37 59 328
59 37 328
37 48 494
48 37 494
37 48 757
48 37 757
38 43 20
43 38 20
38 60 615
60 38 615
38 62 686
62 38 686
38 59 302
59 38 302
38 53 691
53 38 691
38 41 744
41 38 744
38 54 280
54 38 280
38 59 145
59 38 145
38 52 309
52 38 309
38 54 544
54 38 544
38 50 349
50 38 349
38 49 450
49 38 450
39 59 239
59 39 239
39 44 866
44 39 866
39 61 235
61 39 235
40 47 826
47 40 826
40 41 29
41 40 29
40 58 680
58 40 680
40 49 501
49 40 501
40 44 645
44 40 645
40 52 240
52 40 240
40 50 11
50 40 11
40 47 165
47 40 165
40 54 258
54 40 258
40 48 112
48 40 112
40 61 264
61 40 264
41 62 734
62 41 734
41 52 188
52 41 188
41 45 456
45 41 456
41 52 978
52 41 978
41 43 690
43 41 690
41 56 460
56 41 460
41 61 739
61 41 739
41 45 295
45 41 295
41 41 157
41 41 157
41 43 657
43 41 657
42 46 285
46 42 285
42 60 329
60 42 329
42 60 62
60 42 62
42 56 308
56 42 308
42 53 507
53 42 507
42 44 857
44 42 857
43 55 362
55 43 362
43 62 719
62 43 719
43 50 789
50 43 789
43 55 716
55 43 716
43 56 895
56 43 895
43 44 625
44 43 625
43 55 650
55 43 650
43 55 942
55 43 942
43 47 532
47 43 532
43 44 41
44 43 41
43 57 965
57 43 965
43 44 47
44 43 47
44 54 101
54 44 101
44 57 734
57 44 734
44 59 304
59 44 304
44 47 920
47 44 920
44 62 701
62 44 701
44 47 915
47 44 915
44 54 634
54 44 634
45 45 961
45 45 961
45 56 709
56 45 709
45 48 917
48 45 917
45 53 792
53 45 792
45 50 30
50 45 30
45 49 963
49 45 963
45 48 806
48 45 806
45 45 999
45 45 999
46 55 99
55 46 99
46 47 136
47 46 136
46 53 117
53 46 117
46 62 38
62 46 38
46 49 743
49 46 743
46 51 732
51 46 732
46 57 476
57 46 476
46 54 799
54 46 799
46 52 701
52 46 701
46 50 84
50 46 84
46 50 224
50 46 224
46 47 392
47 46 392
46 55 551
55 46 551
46 60 368
60 46 368
47 51 272
51 47 272
47 61 737
61 47 737
47 55 80
55 47 80
47 51 677
51 47 677
48 58 881
58 48 881
48 52 750
52 48 750
48 48 687
48 48 687
48 62 345
62 48 345
48 61 75
61 48 75
48 55 672
55 48 672
48 51 809
51 48 809
48 57 363
57 48 363
48 57 377
57 48 377
48 58 625
58 48 625
48 55 283
55 48 283
48 50 621
50 48 621
48 61 222
61 48 222
48 62 359
62 48 359
48 57 639
57 48 639
49 56 858
56 49 858
49 51 475
51 49 475
49 49 346
49 49 346
50 53 782
53 50 782
51 62 301
62 51 301
51 58 910
58 51 910
51 58 430
58 51 430
51 57 39
57 51 39
51 54 77
54 51 77
51 57 517
57 51 517
52 59 979
59 52 979
52 53 962
53 52 962
53 60 331
60 53 331
53 62 414
62 53 414
53 53 949
53 53 949
53 53 180
53 53 180
54 59 958
59 54 958
54 61 38
61 54 38
54 57 741
57 54 741
54 62 372
62 54 372
54 56 274
56 54 274
55 56 774
56 55 774
55 58 778
58 55 778
56 57 494
57 56 494
56 56 824
56 56 824
56 56 668
56 56 668
56 60 952
60 56 952
57 60 219
60 57 219
57 60 317
60 57 317
58 62 932
62 58 932
58 58 608
58 58 608
59 60 943
60 59 943
