30

0 1 451
1 0 451
0 2 303
2 0 303
0 3 316
3 0 316
0 7 487
7 0 487
0 9 501
9 0 501
0 11 808
11 0 808
0 22 214
22 0 214
0 29 446
29 0 446
0 22 659
22 0 659
0 7 566
7 0 566
0 18 365
18 0 365
0 16 138
16 0 138
0 24 765
24 0 765
0 10 863
10 0 863
0 4 201
4 0 201
0 29 412
29 0 412
0 8 951
8 0 951
0 27 495
27 0 495
0 6 974
6 0 974
0 16 540
16 0 540
0 10 693
10 0 693
0 7 479
7 0 479
0 1 370
1 0 370
0 27 873
27 0 873
0 13 131
13 0 131
0 22 581
22 0 581
0 8 826
8 0 826
0 13 39
13 0 39
0 16 627
16 0 627
0 18 590
18 0 590
0 19 289
19 0 289
1 6 787
6 1 787
1 8 990
8 1 990
1 23 540
23 1 540
1 26 379
26 1 379
1 25 487
25 1 487
1 23 470
23 1 470
1 16 451
16 1 451
1 25 765
25 1 765
1 9 901
9 1 901
1 17 742
17 1 742
1 17 939
17 1 939
1 13 231
13 1 231
1 22 566
22 1 566
1 12 663
12 1 663
1 15 724
15 1 724
1 2 875
2 1 875
1 29 708
29 1 708
1 29 87
29 1 87
1 2 15
2 1 15
1 16 798
16 1 798
2 5 133
5 2 133
2 14 900
14 2 900
2 26 351
26 2 351
2 13 632
13 2 632
2 12 326
12 2 326
2 27 427
27 2 427
2 18 668
18 2 668
2 19 278
19 2 278
2 22 960
22 2 960
2 6 382
6 2 382
2 7 324
7 2 324
2 8 701
8 2 701
2 19 686
19 2 686
2 16 432
16 2 432
2 3 242
3 2 242
2 12 670
12 2 670
2 8 241
8 2 241
2 17 668
17 2 668
2 22 238
22 2 238
2 21 644
21 2 644
2 18 984
18 2 984
2 23 281
23 2 281
3 4 980
4 3 980
3 10 280
10 3 280
3 15 687
15 3 687
3 18 785
18 3 785
3 27 903
27 3 903
3 12 182
12 3 182
3 9 770
9 3 770
3 17 962
17 3 962
3 5 302
5 3 302
3 11 940
11 3 940
3 25 612
25 3 612
3 6 752
6 3 752
3 12 969
12 3 969
3 5 935
5 3 935
3 19 560
19 3 560
3 6 566
6 3 566
3 15 845
15 3 845
3 11 358
11 3 358
4 13 224
13 4 224
4 20 122
20 4 122
4 29 903
29 4 903
4 17 460
17 4 460
4 20 434
20 4 434
4 19 300
19 4 300
4 26 313
26 4 313
4 18 92
18 4 92
4 14 2
14 4 2
4 23 418
23 4 418
4 22 376
22 4 376
4 11 107
11 4 107
4 23 986
23 4 986
4 22 629
22 4 629
4 27 203
27 4 203
4 17 403
17 4 403
4 17 321
17 4 321
4 18 9
18 4 9
4 28 201
28 4 201
4 14 637
14 4 637
4 9 552
9 4 552
4 21 477
21 4 477
5 10 486
10 5 486
5 28 955
28 5 955
5 10 162
10 5 162
5 10 764
10 5 764
5 7 849
7 5 849
5 8 322
8 5 322
5 14 498
14 5 498
5 6 975
6 5 975
5 8 803
8 5 803
5 27 292
27 5 292
5 27 895
27 5 895
5 7 732
7 5 732
5 11 422
11 5 422
5 7 720
7 5 720
5 25 127
25 5 127
5 8 752
8 5 752
5 14 387
14 5 387
5 25 423
25 5 423
6 7 573
7 6 573
6 11 455
11 6 455
6 28 110
28 6 110
6 11 324
11 6 324
6 6 216
6 6 216
6 25 15
25 6 15
6 28 188
28 6 188
6 23 524
23 6 524
6 24 640
24 6 640
6 20 706
20 6 706
6 20 107
20 6 107
6 8 923
8 6 923
6 22 16
22 6 16
6 29 590
29 6 590
7 21 715
21 7 715
7 14 941
14 7 941
7 24 24
24 7 24
7 10 706
10 7 706
7 19 348
19 7 348
7 14 657
14 7 657
7 12 137
12 7 137
7 13 746
13 7 746
7 19 354
19 7 354
7 25 893
25 7 893
7 9 228
9 7 228
7 16 39
16 7 39
7 19 685
19 7 685
7 28 151
28 7 151
7 10 523
10 7 523
7 26 124
26 7 124
8 9 747
9 8 747
8 12 595
12 8 595
8 11 698
11 8 698
8 15 512
15 8 512
8 11 158
11 8 158
8 23 57
23 8 57
8 14 673
14 8 673
8 23 987
23 8 987
8 22 433
22 8 433
8 23 610
23 8 610
8 25 767
25 8 767
8 13 531
13 8 531
8 23 454
23 8 454
8 25 702
25 8 702
9 17 55
17 9 55
9 9 438
9 9 438
9 26 33
26 9 33
9 26 500
26 9 500
9 28 806
28 9 806
9 9 609
9 9 609
9 14 669
14 9 669
9 18 197
18 9 197
9 23 665
23 9 665
9 10 93
10 9 93
9 29 857
29 9 857
9 9 363
9 9 363
9 17 54
17 9 54
9 27 379
27 9 379
9 19 378
19 9 378
9 19 217
19 9 217
10 13 333
13 10 333
10 24 74
24 10 74
10 28 708
28 10 708
10 15 107
15 10 107
10 22 57
22 10 57
10 13 79
13 10 79
10 18 961
18 10 961
10 26 951
26 10 951
10 17 63
17 10 63
10 20 43
20 10 43
11 12 536
12 11 536
11 23 651
23 11 651
11 21 42
21 11 42
11 27 57
27 11 57
11 18 628
18 11 628
11 18 832
18 11 832
11 16 5
16 11 5
11 25 549
25 11 549
11 25 991
25 11 991
11 12 566
12 11 566
11 15 201
15 11 201
11 24 414
24 11 414
11 12 48
12 11 48
11 24 824
24 11 824
11 18 69
18 11 69
11 28 924
28 11 924
11 28 643
28 11 643
12 16 956
16 12 956
12 12 682
12 12 682
12 22 225
22 12 225
12 26 266
26 12 266
12 27 904
27 12 904
12 14 354
14 12 354
12 29 229
29 12 229
12 23 68
23 12 68
12 15 735
15 12 735
12 25 393
25 12 393
12 19 892
19 12 892
12 29 178
29 12 178
13 27 304
27 13 304
13 25 94
25 13 94
13 17 122
17 13 122
13 28 179
28 13 179
13 24 640
24 13 640
13 25 196
25 13 196
13 17 403
17 13 403
14 17 977
17 14 977
14 25 207
25 14 207
14 23 122
23 14 122
14 19 486
19 14 486
14 29 589
29 14 589
14 20 409
20 14 409
14 18 345
18 14 345
14 17 157
17 14 157
14 22 476
22 14 476
14 19 667
19 14 667
15 26 931
26 15 931
15 28 928
28 15 928
15 28 235
28 15 235
15 17 534
17 15 534
15 28 384
28 15 384
15 27 15
27 15 15
15 25 816
25 15 816
15 18 296
18 15 296
15 22 415
22 15 415
15 28 718
28 15 718
15 28 919
28 15 919
16 21 977
21 16 977
16 19 554
19 16 554
16 23 803
23 16 803
16 26 584
26 16 584
16 20 277
20 16 277
16 18 438
18 16 438
16 18 484
18 16 484
16 23 36
23 16 36
16 21 152
21 16 152
17 19 334
19 17 334
17 27 1
27 17 1
17 22 918
22 17 918
17 19 416
19 17 416
17 20 109
20 17 109
17 27 776
27 17 776
17 27 270
27 17 270
17 26 407
26 17 407
17 29 921
29 17 921
18 20 806
20 18 806
18 24 444
24 18 444
18 27 807
27 18 807
18 22 432
22 18 432
18 22 656
22 18 656
18 19 260
19 18 260
18 20 154
20 18 154
18 29 52
29 18 52
18 27 117
27 18 117
18 29 669
29 18 669
18 27 45
27 18 45
18 18 189
18 18 189
19 24 827
24 19 827
19 28 34
28 19 34
20 28 236
28 20 236
20 23 606
23 20 606
20 28 883
28 20 883
20 24 71
24 20 71
20 23 15
23 20 15
20 25 640
25 20 640
20 27 930
27 20 930
21 23 477
23 21 477
21 24 76
24 21 76
21 25 378
25 21 378
21 26 441
26 21 441
21 25 944
25 21 944
21 23 886
23 21 886
22 26 447
26 22 447
22 28 887
28 22 887
22 23 413
23 22 413
22 24 660
24 22 660
22 27 688
27 22 688
22 24 465
24 22 465
22 28 583
28 22 583
22 26 12
26 22 12
23 28 706
28 23 706
23 27 941
27 23 941
23 25 437
25 23 437
23 24 348
24 23 348
23 29 369
29 23 369
24 27 929
27 24 929
24 26 545
26 24 545
24 26 116
26 24 116
24 28 281
28 24 281
24 27 410
27 24 410
24 25 448
25 24 448
24 25 229
25 24 229
24 26 375
26 24 375
25 26 372
26 25 372
26 28 540
28 26 540
26 27 359
27 26 359
26 29 347
29 26 347
26 26 26
26 26 26
26 28 362
28 26 362
26 29 354
29 26 354
27 29 469
29 27 469
28 29 75
29 28 75
29 29 198
29 29 198
