16

0 1 93
1 0 93
0 2 414
2 0 414
0 5 242
5 0 242
0 6 635
6 0 635
0 5 535
5 0 535
0 12 543
12 0 543
0 8 877
8 0 877
0 9 174
9 0 174
0 14 644
14 0 644
0 4 594
4 0 594
1 3 337
3 1 337
1 7 122
7 1 122
1 12 127
12 1 127
1 14 44
14 1 44
1 3 174
3 1 174
1 8 436
8 1 436
1 14 619
14 1 619
1 3 588
3 1 588
1 14 312
14 1 312
1 5 236
5 1 236
1 12 782
12 1 782
1 5 499
5 1 499
1 12 172
12 1 172
1 5 284
5 1 284
1 15 340
15 1 340
2 4 419
4 2 419
2 8 636
8 2 636
2 15 515
15 2 515
2 5 759
5 2 759
2 11 370
11 2 370
2 4 531
4 2 531
2 9 982
9 2 982
2 14 473
14 2 473
2 7 487
7 2 487
2 8 643
8 2 643
2 8 491
8 2 491
2 2 863
2 2 863
2 13 906
13 2 906
3 10 358
10 3 358
3 9 269
9 3 269
3 4 761
4 3 761
3 7 927
7 3 927
3 9 780
9 3 780
3 5 654
5 3 654
3 6 808
6 3 808
3 15 104
15 3 104
3 13 147
13 3 147
3 4 776
4 3 776
3 11 162
11 3 162
3 11 728
11 3 728
4 9 723
9 4 723
4 9 667
9 4 667
4 7 738
7 4 738
4 14 296
14 4 296
4 10 373
10 4 373
4 13 436
13 4 436
5 11 949
11 5 949
5 9 738
9 5 738
5 7 588
7 5 588
5 9 73
9 5 73
5 14 899
14 5 899
5 6 793
6 5 793
5 14 391
14 5 391
6 8 331
8 6 331
6 14 853
14 6 853
6 13 609
13 6 609
6 11 397
11 6 397
6 8 247
8 6 247
7 14 142
14 7 142
7 11 431
11 7 431
7 7 615
7 7 615
7 10 971
10 7 971
7 13 760
13 7 760
7 13 770
13 7 770
7 8 830
8 7 830
8 10 144
10 8 144
8 14 895
14 8 895
8 13 35
13 8 35
8 15 609
15 8 609
8 15 57
15 8 57
8 9 713
9 8 713
8 13 465
13 8 465
8 10 118
10 8 118
8 11 716
11 8 716
9 14 554
14 9 554
9 14 989
14 9 989
9 13 332
13 9 332
9 13 679
13 9 679
10 12 72
12 10 72
10 13 950
13 10 950
10 11 899
11 10 899
10 14 754
14 10 754
10 14 374
14 10 374
11 13 846
13 11 846
11 12 384
12 11 384
11 15 684
15 11 684
12 14 979
14 12 979
12 12 126
12 12 126
12 14 825
14 12 825
12 14 484
14 12 484
13 13 777
13 13 777
13 15 977
15 13 977
15 15 685
15 15 685
