82

0 1 24
1 0 24
0 3 89
3 0 89
0 4 930
4 0 930
0 11 192
11 0 192
0 16 316
16 0 316
0 28 143
28 0 143
0 73 790
73 0 790
0 52 806
52 0 806
0 29 515
29 0 515
0 4 446
4 0 446
0 28 181
28 0 181
0 1 44
1 0 44
0 12 676
12 0 676
0 24 310
24 0 310
0 25 408
25 0 408
0 5 355
5 0 355
0 25 166
25 0 166
0 17 80
17 0 80
0 60 840
60 0 840
0 7 803
7 0 803
0 54 802
54 0 802
1 2 6
2 1 6
1 6 320
6 1 320
1 8 365
8 1 365
1 30 82
30 1 82
1 67 490
67 1 490
1 69 644
69 1 644
1 50 197
50 1 197
1 30 323
30 1 323
1 24 363
24 1 363
1 3 357
3 1 357
1 42 321
42 1 321
1 14 945
14 1 945
1 47 470
47 1 470
1 61 369
61 1 369
1 36 115
36 1 115
1 34 735
34 1 735
1 34 726
34 1 726
1 2 223
2 1 223
1 15 921
15 1 921
1 75 234
75 1 234
1 24 925
24 1 925
1 7 690
7 1 690
1 53 773
53 1 773
1 70 687
70 1 687
1 68 968
68 1 968
2 9 539
9 2 539
2 17 754
17 2 754
2 33 41
33 2 41
2 57 891
57 2 891
2 79 620
79 2 620
2 17 151
17 2 151
2 81 985
81 2 985
2 40 75
40 2 75
2 71 292
71 2 292
2 30 454
30 2 454
2 8 259
8 2 259
2 41 558
41 2 558
2 70 73
70 2 73
2 24 275
24 2 275
2 63 831
63 2 831
2 10 730
10 2 730
2 48 148
48 2 148
2 13 147
13 2 147
2 74 222
74 2 222
3 5 267
5 3 267
3 7 993
7 3 993
3 13 436
13 3 436
3 15 966
15 3 966
3 40 695
40 3 695
3 70 614
70 3 614
3 5 738
5 3 738
3 44 274
44 3 274
3 68 520
68 3 520
3 7 614
7 3 614
3 8 758
8 3 758
3 27 389
27 3 389
3 54 550
54 3 550
3 66 165
66 3 165
3 11 856
11 3 856
3 24 709
24 3 709
3 41 827
41 3 827
3 10 712
10 3 712
3 15 265
15 3 265
3 31 899
31 3 899
3 20 367
20 3 367
3 68 682
68 3 682
3 64 538
64 3 538
3 45 467
45 3 467
4 12 125
12 4 125
4 19 44
19 4 44
4 26 513
26 4 513
4 45 801
45 4 801
4 23 804
23 4 804
4 45 84
45 4 84
4 16 34
16 4 34
4 47 154
47 4 154
4 45 339
45 4 339
4 66 462
66 4 462
4 13 753
13 4 753
4 7 431
7 4 431
4 29 845
29 4 845
4 61 917
61 4 917
4 19 64
19 4 64
4 11 511
11 4 511
4 8 171
8 4 171
4 15 968
15 4 968
4 37 178
37 4 178
4 44 844
44 4 844
4 34 766
34 4 766
4 29 700
29 4 700
4 45 861
45 4 861
4 61 226
61 4 226
4 53 613
53 4 613
4 18 261
18 4 261
4 72 63
72 4 63
5 25 715
25 5 715
5 52 337
52 5 337
5 48 968
48 5 968
5 55 47
55 5 47
5 78 501
78 5 501
5 40 916
40 5 916
5 11 964
11 5 964
5 24 188
24 5 188
5 6 124
6 5 124
5 81 972
81 5 972
5 57 744
57 5 744
5 29 768
29 5 768
5 14 597
14 5 597
5 37 581
37 5 581
5 25 546
25 5 546
5 15 883
15 5 883
5 33 800
33 5 800
5 27 84
27 5 84
5 71 811
71 5 811
5 71 831
71 5 831
5 36 729
36 5 729
5 19 938
19 5 938
6 10 360
10 6 360
6 71 631
71 6 631
6 47 958
47 6 958
6 39 620
39 6 620
6 46 634
46 6 634
6 30 633
30 6 633
6 44 530
44 6 530
6 51 749
51 6 749
6 56 287
56 6 287
6 42 493
42 6 493
6 50 585
50 6 585
6 44 977
44 6 977
6 24 950
24 6 950
6 75 273
75 6 273
6 44 353
44 6 353
6 71 119
71 6 119
6 31 877
31 6 877
7 47 326
47 7 326
7 8 493
8 7 493
7 73 607
73 7 607
7 41 810
41 7 810
7 49 341
49 7 341
7 14 110
14 7 110
7 40 3
40 7 3
7 57 183
57 7 183
7 80 276
80 7 276
7 72 729
72 7 729
7 61 842
61 7 842
7 74 212
74 7 212
7 71 847
71 7 847
7 64 597
64 7 597
7 29 635
29 7 635
7 33 445
33 7 445
7 18 624
18 7 624
8 35 398
35 8 398
8 19 700
19 8 700
8 46 105
46 8 105
8 44 168
44 8 168
8 40 756
40 8 756
8 39 532
39 8 532
8 18 699
18 8 699
8 58 271
58 8 271
8 69 833
69 8 833
8 17 86
17 8 86
8 64 524
64 8 524
8 29 498
29 8 498
8 51 618
51 8 618
8 54 449
54 8 449
8 75 700
75 8 700
8 75 718
75 8 718
8 76 791
76 8 791
8 47 333
47 8 333
8 49 995
49 8 995
8 36 899
36 8 899
9 36 302
36 9 302
9 51 291
51 9 291
9 22 969
22 9 969
9 19 2
19 9 2
9 16 17
16 9 17
9 41 560
41 9 560
9 70 923
70 9 923
9 65 597
65 9 597
9 75 33
75 9 33
9 41 875
41 9 875
9 46 126
46 9 126
9 67 969
67 9 969
9 15 524
15 9 524
9 19 598
19 9 598
9 33 200
33 9 200
9 55 228
55 9 228
9 45 944
45 9 944
9 68 673
68 9 673
9 51 636
51 9 636
9 56 97
56 9 97
9 57 37
57 9 37
10 14 560
14 10 560
10 18 393
18 10 393
10 23 151
23 10 151
10 32 706
32 10 706
10 33 416
33 10 416
10 37 253
37 10 253
10 61 768
61 10 768
10 55 525
55 10 525
10 57 819
57 10 819
10 76 758
76 10 758
10 43 595
43 10 595
10 15 538
15 10 538
10 34 561
34 10 561
10 31 406
31 10 406
10 48 384
48 10 384
10 18 930
18 10 930
10 51 138
51 10 138
10 79 178
79 10 178
11 39 914
39 11 914
11 78 13
78 11 13
11 65 963
65 11 963
11 35 114
35 11 114
11 61 245
61 11 245
11 59 604
59 11 604
11 12 629
12 11 629
11 68 968
68 11 968
11 65 930
65 11 930
11 23 28
23 11 28
11 16 569
16 11 569
11 57 214
57 11 214
11 12 533
12 11 533
11 52 338
52 11 338
11 51 978
51 11 978
11 67 310
67 11 310
11 40 668
40 11 668
11 39 200
39 11 200
11 12 587
12 11 587
11 36 413
36 11 413
12 34 383
34 12 383
12 19 9
19 12 9
12 16 893
16 12 893
12 31 749
31 12 749
12 61 428
61 12 428
12 71 982
71 12 982
12 12 221
12 12 221
12 22 829
22 12 829
12 59 327
59 12 327
12 25 376
25 12 376
12 41 775
41 12 775
12 29 154
29 12 154
12 53 449
53 12 449
12 73 396
73 12 396
12 26 60
26 12 60
12 22 971
22 12 971
12 50 937
50 12 937
12 41 940
41 12 940
12 72 582
72 12 582
12 54 104
54 12 104
12 16 517
16 12 517
12 81 110
81 12 110
13 20 174
20 13 174
13 63 643
63 13 643
13 16 816
16 13 816
13 74 476
74 13 476
13 62 875
62 13 875
13 18 516
18 13 516
13 54 133
54 13 133
13 19 882
19 13 882
13 14 794
14 13 794
13 40 277
40 13 277
13 35 31
35 13 31
13 72 402
72 13 402
13 32 282
32 13 282
13 31 938
31 13 938
13 81 745
81 13 745
13 59 981
59 13 981
13 46 818
46 13 818
14 24 982
24 14 982
14 64 350
64 14 350
14 81 216
81 14 216
14 32 804
32 14 804
14 55 243
55 14 243
14 81 824
81 14 824
14 66 789
66 14 789
14 68 66
68 14 66
14 61 785
61 14 785
14 45 603
45 14 603
14 14 700
14 14 700
14 75 120
75 14 120
14 79 491
79 14 491
14 15 578
15 14 578
14 54 779
54 14 779
14 77 544
77 14 544
14 70 894
70 14 894
14 78 437
78 14 437
14 37 326
37 14 326
14 36 481
36 14 481
15 21 458
21 15 458
15 71 753
71 15 753
15 52 158
52 15 158
15 30 943
30 15 943
15 54 585
54 15 585
15 20 822
20 15 822
15 69 650
69 15 650
15 56 705
56 15 705
15 35 434
35 15 434
15 81 811
81 15 811
15 69 268
69 15 268
15 39 792
39 15 792
15 76 661
76 15 661
15 52 421
52 15 421
16 31 886
31 16 886
16 52 398
52 16 398
16 29 862
29 16 862
16 24 133
24 16 133
16 64 582
64 16 582
16 21 994
21 16 994
16 55 876
55 16 876
16 38 826
38 16 826
16 41 888
41 16 888
16 55 889
55 16 889
16 79 392
79 16 392
16 29 253
29 16 253
17 22 501
22 17 501
17 76 206
76 17 206
17 81 801
81 17 801
17 48 620
48 17 620
17 70 136
70 17 136
17 31 974
31 17 974
17 46 797
46 17 797
17 72 647
72 17 647
17 37 631
37 17 631
17 33 419
33 17 419
17 47 724
47 17 724
17 44 360
44 17 360
18 38 446
38 18 446
18 63 250
63 18 250
18 41 691
41 18 691
18 19 534
19 18 534
18 40 795
40 18 795
18 23 66
23 18 66
18 26 154
26 18 154
18 46 505
46 18 505
18 30 60
30 18 60
18 75 746
75 18 746
18 69 60
69 18 60
18 38 578
38 18 578
18 48 22
48 18 22
18 18 764
18 18 764
18 47 156
47 18 156
18 26 768
26 18 768
18 34 406
34 18 406
18 34 108
34 18 108
19 81 484
81 19 484
19 42 538
42 19 538
19 43 175
43 19 175
19 74 224
74 19 224
19 69 209
69 19 209
19 74 248
74 19 248
19 68 385
68 19 385
19 62 27
62 19 27
19 60 380
60 19 380
19 67 136
67 19 136
19 65 236
65 19 236
19 42 181
42 19 181
19 72 429
72 19 429
19 61 775
61 19 775
19 70 608
70 19 608
19 52 118
52 19 118
19 53 170
53 19 170
20 27 2
27 20 2
20 62 404
62 20 404
20 25 235
25 20 235
20 49 698
49 20 698
20 32 346
32 20 346
20 55 364
55 20 364
20 77 397
77 20 397
20 76 907
76 20 907
20 65 198
65 20 198
20 65 940
65 20 940
20 60 943
60 20 943
20 67 526
67 20 526
20 21 438
21 20 438
21 29 198
29 21 198
21 43 689
43 21 689
21 38 368
38 21 368
21 65 213
65 21 213
21 24 778
24 21 778
21 25 177
25 21 177
21 44 136
44 21 136
21 79 538
79 21 538
21 53 101
53 21 101
21 41 443
41 21 443
21 26 288
26 21 288
21 26 276
26 21 276
21 65 39
65 21 39
21 75 689
75 21 689
21 27 581
27 21 581
21 78 594
78 21 594
21 36 457
36 21 457
21 58 897
58 21 897
21 67 144
67 21 144
21 44 568
44 21 568
22 51 609
51 22 609
22 46 196
46 22 196
22 39 449
39 22 449
22 56 253
56 22 253
22 79 633
79 22 633
22 80 331
80 22 331
22 38 522
38 22 522
22 32 500
32 22 500
22 40 692
40 22 692
22 28 811
28 22 811
22 69 553
69 22 553
22 70 736
70 22 736
22 63 208
63 22 208
22 76 287
76 22 287
22 37 897
37 22 897
22 78 61
78 22 61
22 28 397
28 22 397
22 42 315
42 22 315
23 55 948
55 23 948
23 81 448
81 23 448
23 62 919
62 23 919
23 72 568
72 23 568
23 66 668
66 23 668
23 28 504
28 23 504
23 55 919
55 23 919
23 34 828
34 23 828
23 59 827
59 23 827
23 77 463
77 23 463
23 33 189
33 23 189
23 35 313
35 23 313
24 44 324
44 24 324
24 48 760
48 24 760
24 51 48
51 24 48
24 58 589
58 24 589
24 27 972
27 24 972
24 27 903
27 24 903
24 41 776
41 24 776
24 33 327
33 24 327
24 27 629
27 24 629
24 28 6
28 24 6
24 37 62
37 24 62
24 35 176
35 24 176
24 52 239
52 24 239
24 53 274
53 24 274
24 77 505
77 24 505
24 65 419
65 24 419
24 42 644
42 24 644
24 80 692
80 24 692
25 45 947
45 25 947
25 68 126
68 25 126
25 64 162
64 25 162
25 53 459
53 25 459
25 47 346
47 25 346
25 56 491
56 25 491
25 71 585
71 25 585
25 61 310
61 25 310
25 58 551
58 25 551
25 48 106
48 25 106
25 33 545
33 25 545
25 27 606
27 25 606
25 55 460
55 25 460
25 32 868
32 25 868
26 70 798
70 26 798
26 45 828
45 26 828
26 43 67
43 26 67
26 78 171
78 26 171
26 28 156
28 26 156
26 31 827
31 26 827
26 38 590
38 26 590
26 76 673
76 26 673
26 48 285
48 26 285
26 73 92
73 26 92
26 46 476
46 26 476
27 49 726
49 27 726
27 37 780
37 27 780
27 74 10
74 27 10
27 73 621
73 27 621
27 48 155
48 27 155
27 31 325
31 27 325
27 39 52
39 27 52
27 45 459
45 27 459
27 56 918
56 27 918
27 41 447
41 27 447
27 63 588
63 27 588
27 40 265
40 27 265
27 78 684
78 27 684
28 42 705
42 28 705
28 79 565
79 28 565
28 41 209
41 28 209
28 47 505
47 28 505
28 53 266
53 28 266
28 71 27
71 28 27
28 30 908
30 28 908
28 48 561
48 28 561
28 31 91
31 28 91
28 47 847
47 28 847
28 40 735
40 28 735
28 49 995
49 28 995
28 38 931
38 28 931
29 53 3
53 29 3
29 50 692
50 29 692
29 64 876
64 29 876
29 67 276
67 29 276
29 56 191
56 29 191
29 38 371
38 29 371
29 67 351
67 29 351
29 63 197
63 29 197
29 49 867
49 29 867
29 58 156
58 29 156
29 67 448
67 29 448
29 47 84
47 29 84
29 70 665
70 29 665
30 62 780
62 30 780
30 37 788
37 30 788
30 47 102
47 30 102
30 54 282
54 30 282
30 58 901
58 30 901
30 59 384
59 30 384
30 67 730
67 30 730
30 39 224
39 30 224
30 38 953
38 30 953
30 81 733
81 30 733
30 76 467
76 30 467
31 47 347
47 31 347
31 50 31
50 31 31
31 68 734
68 31 734
31 36 379
36 31 379
31 48 510
48 31 510
31 62 300
62 31 300
31 73 412
73 31 412
31 49 226
49 31 226
31 64 998
64 31 998
31 46 429
46 31 429
31 80 107
80 31 107
31 49 983
49 31 983
31 49 467
49 31 467
31 52 602
52 31 602
31 75 295
75 31 295
32 41 798
41 32 798
32 60 541
60 32 541
32 57 292
57 32 292
32 72 52
72 32 52
32 61 487
61 32 487
32 66 27
66 32 27
32 63 390
63 32 390
32 35 609
35 32 609
32 61 117
61 32 117
32 36 956
36 32 956
33 41 347
41 33 347
33 61 772
61 33 772
33 74 856
74 33 856
33 51 294
51 33 294
33 74 723
74 33 723
33 69 206
69 33 206
33 79 629
79 33 629
33 71 992
71 33 992
33 67 390
67 33 390
33 78 498
78 33 498
34 70 381
70 34 381
34 34 508
34 34 508
34 56 776
56 34 776
34 73 52
73 34 52
34 56 1000
56 34 1000
34 58 48
58 34 48
34 47 213
47 34 213
35 52 467
52 35 467
35 60 838
60 35 838
35 73 265
73 35 265
35 53 60
53 35 60
35 39 537
39 35 537
35 59 539
59 35 539
35 47 193
47 35 193
35 60 191
60 35 191
35 77 435
77 35 435
35 70 581
70 35 581
35 75 521
75 35 521
36 53 586
53 36 586
36 65 303
65 36 303
36 77 914
77 36 914
36 46 637
46 36 637
36 39 294
39 36 294
36 63 877
63 36 877
36 53 726
53 36 726
36 48 831
48 36 831
36 80 634
80 36 634
36 41 579
41 36 579
36 55 364
55 36 364
36 36 742
36 36 742
36 55 56
55 36 56
36 61 640
61 36 640
36 75 375
75 36 375
37 81 73
81 37 73
37 74 532
74 37 532
37 59 601
59 37 601
37 77 459
77 37 459
37 37 176
37 37 176
37 48 161
48 37 161
37 66 477
66 37 477
37 74 200
74 37 200
38 54 838
54 38 838
38 65 97
65 38 97
38 62 762
62 38 762
38 45 216
45 38 216
38 70 294
70 38 294
38 63 495
63 38 495
38 61 310
61 38 310
39 46 472
46 39 472
39 60 209
60 39 209
39 71 531
71 39 531
39 68 853
68 39 853
39 53 164
53 39 164
39 56 395
56 39 395
39 75 776
75 39 776
39 66 604
66 39 604
39 78 123
78 39 123
40 41 290
41 40 290
40 65 770
65 40 770
40 58 711
58 40 711
40 79 105
79 40 105
40 81 2
81 40 2
40 51 998
51 40 998
40 51 377
51 40 377
40 75 655
75 40 655
40 47 516
47 40 516
40 57 15
57 40 15
41 43 619
43 41 619
41 79 681
79 41 681
41 65 583
65 41 583
41 70 932
70 41 932
41 70 500
70 41 500
41 48 443
48 41 443
41 51 690
51 41 690
41 45 405
45 41 405
42 51 844
51 42 844
42 45 896
45 42 896
42 70 956
70 42 956
42 50 943
50 42 943
42 63 833
63 42 833
42 66 721
66 42 721
42 67 411
67 42 411
42 59 428
59 42 428
42 60 247
60 42 247
42 46 142
46 42 142
42 42 381
42 42 381
43 54 465
54 43 465
43 48 251
48 43 251
43 53 517
53 43 517
43 62 634
62 43 634
43 72 368
72 43 368
44 57 777
57 44 777
44 59 844
59 44 844
44 65 473
65 44 473
44 65 775
65 44 775
44 80 997
80 44 997
44 44 434
44 44 434
44 51 731
51 44 731
44 59 305
59 44 305
44 50 718
50 44 718
45 57 888
57 45 888
45 47 157
47 45 157
45 70 791
70 45 791
45 70 408
70 45 408
45 46 703
46 45 703
45 61 60
61 45 60
46 47 171
47 46 171
46 69 298
69 46 298
46 77 547
77 46 547
46 59 669
59 46 669
46 75 455
75 46 455
46 47 444
47 46 444
46 70 997
70 46 997
46 71 646
71 46 646
46 76 722
76 46 722
46 65 110
65 46 110
47 62 470
62 47 470
47 60 987
60 47 987
47 57 31
57 47 31
47 48 493
48 47 493
47 79 50
79 47 50
47 60 218
60 47 218
48 53 116
53 48 116
48 53 820
53 48 820
48 48 861
48 48 861
48 57 215
57 48 215
48 48 286
48 48 286
48 77 695
77 48 695
48 52 460
52 48 460
49 77 817
77 49 817
49 72 856
72 49 856
49 70 489
70 49 489
49 74 590
74 49 590
49 81 624
81 49 624
50 61 356
61 50 356
50 77 3
77 50 3
50 73 519
73 50 519
50 51 871
51 50 871
50 78 61
78 50 61
50 68 298
68 50 298
50 55 427
55 50 427
50 62 933
62 50 933
51 57 362
57 51 362
51 69 691
69 51 691
51 70 735
70 51 735
51 57 130
57 51 130
51 66 611
66 51 611
51 59 555
59 51 555
51 76 377
76 51 377
51 75 116
75 51 116
52 56 464
56 52 464
52 66 188
66 52 188
52 76 706
76 52 706
52 57 281
57 52 281
52 67 408
67 52 408
52 67 909
67 52 909
52 53 233
53 52 233
52 65 72
65 52 72
52 74 206
74 52 206
52 58 447
58 52 447
52 58 742
58 52 742
53 65 616
65 53 616
53 74 374
74 53 374
53 56 458
56 53 458
53 73 669
73 53 669
53 55 951
55 53 951
53 66 815
66 53 815
53 72 247
72 53 247
53 63 789
63 53 789
54 60 721
60 54 721
54 72 533
72 54 533
54 57 507
57 54 507
54 73 724
73 54 724
55 59 643
59 55 643
55 70 81
70 55 81
55 61 381
61 55 381
55 67 300
67 55 300
55 64 340
64 55 340
56 66 368
66 56 368
56 67 553
67 56 553
56 71 601
71 56 601
56 79 737
79 56 737
56 69 984
69 56 984
56 67 515
67 56 515
57 70 874
70 57 874
57 77 465
77 57 465
57 66 17
66 57 17
57 58 829
58 57 829
57 63 787
63 57 787
58 81 728
81 58 728
58 79 767
79 58 767
59 78 576
78 59 576
59 79 533
79 59 533
59 75 364
75 59 364
59 80 626
80 59 626
59 81 72
81 59 72
59 63 725
63 59 725
59 68 278
68 59 278
59 70 997
70 59 997
59 60 419
60 59 419
60 63 382
63 60 382
60 70 232
70 60 232
60 63 120
63 60 120
60 70 740
70 60 740
60 80 179
80 60 179
60 67 546
67 60 546
60 70 976
70 60 976
60 77 411
77 60 411
61 80 941
80 61 941
61 74 7
74 61 7
61 72 755
72 61 755
61 67 429
67 61 429
61 79 858
79 61 858
62 79 854
79 62 854
62 63 255
63 62 255
62 70 625
70 62 625
62 73 94
73 62 94
62 74 916
74 62 916
63 74 252
74 63 252
63 74 697
74 63 697
63 68 568
68 63 568
63 78 889
78 63 889
63 78 832
78 63 832
64 81 358
81 64 358
64 72 284
72 64 284
64 81 172
81 64 172
64 77 766
77 64 766
64 76 299
76 64 299
65 72 588
72 65 588
65 69 286
69 65 286
65 71 900
71 65 900
66 72 949
72 66 949
66 77 422
77 66 422
66 79 380
79 66 380
66 78 261
78 66 261
66 71 254
71 66 254
66 66 71
66 66 71
67 75 720
75 67 720
67 67 507
67 67 507
67 67 994
67 67 994
67 73 441
73 67 441
68 80 281
80 68 281
69 72 55
72 69 55
69 76 368
76 69 368
70 79 342
79 70 342
71 74 644
74 71 644
71 78 192
78 71 192
71 72 703
72 71 703
72 79 681
79 72 681
73 76 209
76 73 209
74 78 669
78 74 669
74 80 290
80 74 290
75 81 445
81 75 445
77 81 821
81 77 821
78 80 367
80 78 367
79 81 813
81 79 813
