80

0 1 840
1 0 840
0 12 523
12 0 523
0 14 432
14 0 432
0 28 518
28 0 518
0 35 938
35 0 938
0 36 682
36 0 682
0 74 487
74 0 487
1 2 331
2 1 331
1 16 97
16 1 97
1 48 605
48 1 605
1 73 411
73 1 411
1 24 901
24 1 901
2 3 339
3 2 339
2 4 505
4 2 505
2 5 785
5 2 785
2 18 924
18 2 924
2 43 993
43 2 993
2 70 535
70 2 535
2 3 993
3 2 993
3 6 456
6 3 456
3 13 230
13 3 230
3 15 485
15 3 485
3 20 551
20 3 551
3 27 178
27 3 178
4 7 643
7 4 643
4 51 356
51 4 356
5 10 252
10 5 252
5 25 984
25 5 984
5 54 780
54 5 780
5 61 117
61 5 117
5 28 157
28 5 157
6 8 250
8 6 250
6 19 224
19 6 224
6 29 173
29 6 173
6 45 795
45 6 795
6 10 816
10 6 816
7 31 973
31 7 973
7 70 846
70 7 846
7 59 821
59 7 821
8 9 124
9 8 124
8 11 592
11 8 592
8 22 459
22 8 459
8 44 766
44 8 766
8 13 813
13 8 813
8 60 853
60 8 853
8 9 792
9 8 792
9 33 618
33 9 618
9 38 920
38 9 920
10 50 565
50 10 565
10 40 260
40 10 260
11 21 787
21 11 787
11 55 543
55 11 543
11 79 875
79 11 875
11 30 464
30 11 464
11 64 648
64 11 648
12 53 649
53 12 649
12 20 404
20 12 404
13 59 256
59 13 256
13 46 559
46 13 559
14 17 934
17 14 934
15 39 857
39 15 857
15 52 953
52 15 953
15 70 110
70 15 110
15 22 857
22 15 857
16 31 469
31 16 469
16 30 474
30 16 474
17 23 314
23 17 314
17 32 124
32 17 124
17 63 872
63 17 872
17 51 494
51 17 494
18 24 983
24 18 983
18 60 603
60 18 603
18 65 654
65 18 654
19 69 244
69 19 244
19 32 625
32 19 625
19 30 682
30 19 682
20 26 424
26 20 424
20 21 870
21 20 870
20 64 312
64 20 312
21 30 248
30 21 248
21 56 41
56 21 41
21 27 317
27 21 317
21 41 539
41 21 539
22 47 568
47 22 568
22 76 22
76 22 22
23 27 667
27 23 667
23 42 836
42 23 836
24 25 160
25 24 160
24 67 451
67 24 451
24 35 478
35 24 478
25 46 173
46 25 173
27 31 885
31 27 885
28 69 754
69 28 754
29 40 13
40 29 13
30 72 20
72 30 20
31 76 71
76 31 71
32 34 324
34 32 324
32 77 306
77 32 306
32 70 965
70 32 965
33 57 36
57 33 36
34 79 123
79 34 123
35 63 595
63 35 595
36 37 507
37 36 507
36 72 8
72 36 8
37 41 401
41 37 401
37 79 844
79 37 844
38 55 8
55 38 8
40 67 697
67 40 697
42 49 843
49 42 843
42 78 615
78 42 615
43 79 49
79 43 49
45 65 129
65 45 129
45 62 871
62 45 871
46 58 326
58 46 326
46 66 559
66 46 559
46 57 35
57 46 35
47 68 186
68 47 186
48 71 291
71 48 291
48 76 865
76 48 865
49 63 80
63 49 80
49 53 758
53 49 758
51 65 265
65 51 265
51 58 847
58 51 847
53 65 322
65 53 322
53 65 512
65 53 512
54 62 954
62 54 954
54 73 306
73 54 306
55 71 991
71 55 991
56 63 493
63 56 493
59 66 494
66 59 494
62 64 145
64 62 145
63 78 917
78 63 917
64 69 220
69 64 220
67 75 868
75 67 868
67 78 123
78 67 123
69 76 343
76 69 343
70 74 243
74 70 243
73 79 131
79 73 131
