15

0 1 215
1 0 215
0 8 484
8 0 484
0 13 852
13 0 852
0 0 225
0 0 225
0 1 104
1 0 104
0 5 637
5 0 637
0 2 773
2 0 773
0 8 312
8 0 312
0 10 202
10 0 202
0 6 666
6 0 666
0 6 352
6 0 352
0 2 590
2 0 590
0 7 741
7 0 741
0 13 775
13 0 775
0 10 240
10 0 240
0 2 716
2 0 716
1 2 687
2 1 687
1 5 708
5 1 708
1 6 641
6 1 641
1 8 242
8 1 242
1 13 942
13 1 942
1 8 845
8 1 845
1 12 154
12 1 154
1 8 829
8 1 829
1 1 605
1 1 605
1 4 461
4 1 461
1 13 22
13 1 22
1 4 353
4 1 353
1 4 997
4 1 997
1 11 358
11 1 358
1 6 475
6 1 475
2 3 182
3 2 182
2 4 283
4 2 283
2 10 404
10 2 404
2 13 664
13 2 664
2 4 314
4 2 314
2 6 71
6 2 71
2 3 887
3 2 887
2 11 811
11 2 811
2 9 960
9 2 960
2 5 588
5 2 588
2 7 657
7 2 657
3 14 460
14 3 460
3 12 739
12 3 739
3 9 702
9 3 702
3 8 265
8 3 265
3 13 911
13 3 911
4 7 739
7 4 739
4 5 698
5 4 698
4 5 248
5 4 248
4 10 512
10 4 512
4 12 625
12 4 625
4 6 93
6 4 93
4 9 519
9 4 519
4 10 240
10 4 240
4 9 976
9 4 976
4 8 455
8 4 455
4 14 859
14 4 859
4 6 678
6 4 678
5 10 747
10 5 747
5 9 357
9 5 357
5 8 187
8 5 187
5 11 364
11 5 364
5 8 947
8 5 947
5 9 377
9 5 377
5 13 99
13 5 99
5 9 233
9 5 233
5 10 783
10 5 783
6 9 210
9 6 210
6 12 571
12 6 571
6 9 780
9 6 780
6 8 475
8 6 475
7 11 42
11 7 42
7 13 523
13 7 523
7 14 948
14 7 948
7 14 251
14 7 251
7 8 731
8 7 731
7 9 742
9 7 742
7 11 637
11 7 637
8 10 228
10 8 228
8 9 181
9 8 181
8 11 792
11 8 792
8 9 971
9 8 971
9 13 230
13 9 230
9 13 991
13 9 991
9 12 59
12 9 59
10 14 402
14 10 402
10 11 876
11 10 876
10 10 209
10 10 209
11 12 322
12 11 322
11 13 722
13 11 722
12 12 942
12 12 942
13 14 840
14 13 840
