97

0 1 26
1 0 26
0 6 785
6 0 785
0 8 531
8 0 531
0 15 616
15 0 616
0 25 244
25 0 244
0 41 479
41 0 479
0 27 857
27 0 857
0 90 302
90 0 302
0 46 746
46 0 746
0 58 186
58 0 186
0 16 557
16 0 557
0 95 738
95 0 738
0 59 962
59 0 962
0 52 401
52 0 401
0 5 70
5 0 70
0 19 938
19 0 938
0 66 434
66 0 434
0 49 254
49 0 254
0 53 825
53 0 825
0 65 912
65 0 912
0 44 746
44 0 746
0 17 726
17 0 726
0 36 504
36 0 504
1 2 12
2 1 12
1 7 437
7 1 437
1 26 237
26 1 237
1 71 179
71 1 179
1 21 793
21 1 793
1 94 498
94 1 498
1 89 851
89 1 851
1 9 192
9 1 192
1 57 374
57 1 374
1 43 722
43 1 722
1 92 962
92 1 962
1 53 686
53 1 686
1 72 858
72 1 858
1 2 543
2 1 543
1 25 95
25 1 95
1 31 531
31 1 531
1 72 433
72 1 433
1 23 780
23 1 780
1 40 576
40 1 576
1 73 568
73 1 568
1 39 982
39 1 982
1 15 162
15 1 162
1 44 510
44 1 510
2 3 247
3 2 247
2 4 104
4 2 104
2 5 881
5 2 881
2 21 424
21 2 424
2 38 135
38 2 135
2 68 893
68 2 893
2 88 843
88 2 843
2 42 287
42 2 287
2 85 296
85 2 296
2 16 282
16 2 282
2 44 390
44 2 390
2 54 316
54 2 316
2 80 2
80 2 2
2 7 666
7 2 666
2 41 639
41 2 639
2 69 598
69 2 598
2 88 160
88 2 160
2 77 272
77 2 272
2 88 526
88 2 526
2 3 991
3 2 991
2 42 356
42 2 356
2 52 681
52 2 681
3 10 64
10 3 64
3 27 6
27 3 6
3 55 842
55 3 842
3 74 190
74 3 190
3 19 449
19 3 449
3 4 873
4 3 873
3 16 539
16 3 539
3 93 520
93 3 520
3 50 492
50 3 492
3 95 635
95 3 635
3 66 858
66 3 858
3 52 571
52 3 571
3 69 264
69 3 264
3 51 247
51 3 247
3 77 851
77 3 851
3 9 515
9 3 515
3 92 984
92 3 984
3 70 634
70 3 634
3 63 817
63 3 817
3 59 650
59 3 650
3 73 123
73 3 123
4 39 640
39 4 640
4 91 954
91 4 954
4 46 146
46 4 146
4 62 663
62 4 663
4 17 662
17 4 662
4 92 399
92 4 399
4 77 376
77 4 376
4 90 502
90 4 502
4 60 402
60 4 402
4 76 286
76 4 286
4 29 799
29 4 799
4 49 898
49 4 898
4 54 778
54 4 778
4 17 773
17 4 773
4 62 987
62 4 987
4 10 68
10 4 68
4 93 13
93 4 13
4 13 711
13 4 711
4 8 448
8 4 448
4 55 420
55 4 420
5 17 311
17 5 311
5 43 560
43 5 560
5 10 234
10 5 234
5 53 236
53 5 236
5 7 600
7 5 600
5 26 892
26 5 892
5 43 437
43 5 437
5 86 647
86 5 647
5 47 702
47 5 702
5 87 590
87 5 590
5 69 80
69 5 80
5 50 310
50 5 310
5 18 308
18 5 308
5 6 769
6 5 769
5 17 324
17 5 324
5 88 882
88 5 882
5 49 296
49 5 296
5 90 657
90 5 657
5 77 1
77 5 1
5 42 191
42 5 191
5 70 274
70 5 274
5 85 462
85 5 462
5 75 912
75 5 912
5 11 892
11 5 892
5 83 835
83 5 835
5 12 1000
12 5 1000
6 52 81
52 6 81
6 30 47
30 6 47
6 8 747
8 6 747
6 53 451
53 6 451
6 29 141
29 6 141
6 49 6
49 6 6
6 95 182
95 6 182
6 25 92
25 6 92
6 92 529
92 6 529
6 27 200
27 6 200
6 40 218
40 6 218
6 73 463
73 6 463
6 16 982
16 6 982
6 40 960
40 6 960
6 32 394
32 6 394
6 80 416
80 6 416
6 7 417
7 6 417
7 22 678
22 7 678
7 41 891
41 7 891
7 76 926
76 7 926
7 65 600
65 7 600
7 87 875
87 7 875
7 27 852
27 7 852
7 30 827
30 7 827
7 26 68
26 7 68
7 64 624
64 7 624
7 12 537
12 7 537
7 56 321
56 7 321
7 36 16
36 7 16
7 64 95
64 7 95
7 73 266
73 7 266
7 29 150
29 7 150
7 37 701
37 7 701
7 70 292
70 7 292
7 60 629
60 7 629
7 36 332
36 7 332
7 65 37
65 7 37
7 17 114
17 7 114
7 86 2
86 7 2
7 52 98
52 7 98
7 83 422
83 7 422
7 18 323
18 7 323
7 79 877
79 7 877
7 76 29
76 7 29
7 86 343
86 7 343
8 9 48
9 8 48
8 13 376
13 8 376
8 46 872
46 8 872
8 95 875
95 8 875
8 69 77
69 8 77
8 90 107
90 8 107
8 79 298
79 8 298
8 53 449
53 8 449
8 76 630
76 8 630
8 50 941
50 8 941
8 66 962
66 8 962
8 60 576
60 8 576
8 87 268
87 8 268
8 78 554
78 8 554
8 44 895
44 8 895
8 55 599
55 8 599
8 28 416
28 8 416
8 72 804
72 8 804
8 48 885
48 8 885
9 18 536
18 9 536
9 25 98
25 9 98
9 51 825
51 9 825
9 66 98
66 9 98
9 84 197
84 9 197
9 64 955
64 9 955
9 55 978
55 9 978
9 74 79
74 9 79
9 56 138
56 9 138
9 15 290
15 9 290
9 59 936
59 9 936
9 74 525
74 9 525
9 17 650
17 9 650
9 18 75
18 9 75
10 11 802
11 10 802
10 12 774
12 10 774
10 31 793
31 10 793
10 13 866
13 10 866
10 87 629
87 10 629
10 89 287
89 10 287
10 80 278
80 10 278
10 38 110
38 10 110
10 16 293
16 10 293
10 80 317
80 10 317
10 13 948
13 10 948
10 66 596
66 10 596
10 18 275
18 10 275
10 39 225
39 10 225
10 14 551
14 10 551
11 14 998
14 11 998
11 77 389
77 11 389
11 96 144
96 11 144
11 69 251
69 11 251
11 30 838
30 11 838
11 27 971
27 11 971
11 25 328
25 11 328
11 53 109
53 11 109
11 59 430
59 11 430
11 49 514
49 11 514
11 86 777
86 11 777
11 60 913
60 11 913
11 77 328
77 11 328
11 44 326
44 11 326
11 48 944
48 11 944
11 58 450
58 11 450
11 29 190
29 11 190
11 79 445
79 11 445
12 40 933
40 12 933
12 49 597
49 12 597
12 66 343
66 12 343
12 82 979
82 12 979
12 42 662
42 12 662
12 75 36
75 12 36
12 81 969
81 12 969
12 56 605
56 12 605
12 37 110
37 12 110
12 22 540
22 12 540
12 92 387
92 12 387
13 29 6
29 13 6
13 42 498
42 13 498
13 69 600
69 13 600
13 81 298
81 13 298
13 72 138
72 13 138
13 42 244
42 13 244
13 74 798
74 13 798
13 27 582
27 13 582
13 85 608
85 13 608
13 89 281
89 13 281
13 56 682
56 13 682
13 83 14
83 13 14
13 89 690
89 13 690
13 43 687
43 13 687
13 67 738
67 13 738
13 76 476
76 13 476
13 68 133
68 13 133
14 16 332
16 14 332
14 67 691
67 14 691
14 72 300
72 14 300
14 20 994
20 14 994
14 76 738
76 14 738
14 56 218
56 14 218
14 92 278
92 14 278
14 28 929
28 14 929
14 59 601
59 14 601
14 55 531
55 14 531
14 26 651
26 14 651
14 41 379
41 14 379
14 37 903
37 14 903
14 18 621
18 14 621
14 90 726
90 14 726
14 93 725
93 14 725
14 81 364
81 14 364
14 19 488
19 14 488
14 92 677
92 14 677
14 24 682
24 14 682
14 20 200
20 14 200
15 19 95
19 15 95
15 20 772
20 15 772
15 30 303
30 15 303
15 41 921
41 15 921
15 73 93
73 15 93
15 56 971
56 15 971
15 41 240
41 15 240
15 86 885
86 15 885
15 27 355
27 15 355
15 45 57
45 15 57
15 65 747
65 15 747
15 60 644
60 15 644
15 56 992
56 15 992
15 84 878
84 15 878
15 54 387
54 15 387
15 69 94
69 15 94
16 32 23
32 16 23
16 39 224
39 16 224
16 37 115
37 16 115
16 94 436
94 16 436
16 78 801
78 16 801
16 43 342
43 16 342
16 48 561
48 16 561
16 38 993
38 16 993
16 35 9
35 16 9
16 25 762
25 16 762
16 52 465
52 16 465
16 41 460
41 16 460
16 19 312
19 16 312
16 87 34
87 16 34
16 95 993
95 16 993
16 28 600
28 16 600
17 28 894
28 17 894
17 47 207
47 17 207
17 31 681
31 17 681
17 63 638
63 17 638
17 32 30
32 17 30
17 20 758
20 17 758
17 38 729
38 17 729
17 51 339
51 17 339
17 85 689
85 17 689
17 81 622
81 17 622
17 70 827
70 17 827
17 22 690
22 17 690
17 86 16
86 17 16
17 50 35
50 17 35
17 28 413
28 17 413
17 35 712
35 17 712
17 71 164
71 17 164
18 33 296
33 18 296
18 55 503
55 18 503
18 58 250
58 18 250
18 67 875
67 18 875
18 85 665
85 18 665
18 51 156
51 18 156
18 23 336
23 18 336
18 87 845
87 18 845
18 34 713
34 18 713
18 34 868
34 18 868
18 24 515
24 18 515
18 69 853
69 18 853
19 61 736
61 19 736
19 96 321
96 19 321
19 80 9
80 19 9
19 21 552
21 19 552
19 20 487
20 19 487
19 56 651
56 19 651
19 34 504
34 19 504
19 79 534
79 19 534
19 41 680
41 19 680
19 82 395
82 19 395
19 89 835
89 19 835
19 58 354
58 19 354
19 33 992
33 19 992
19 87 307
87 19 307
19 78 64
78 19 64
19 92 861
92 19 861
20 23 19
23 20 19
20 24 494
24 20 494
20 34 943
34 20 943
20 78 5
78 20 5
20 81 743
81 20 743
20 49 184
49 20 184
20 31 13
31 20 13
20 85 22
85 20 22
20 43 535
43 20 535
20 38 442
38 20 442
20 63 831
63 20 831
20 81 776
81 20 776
20 80 931
80 20 931
20 23 739
23 20 739
20 34 506
34 20 506
20 48 497
48 20 497
21 36 38
36 21 38
21 57 439
57 21 439
21 65 151
65 21 151
21 81 273
81 21 273
21 82 524
82 21 524
21 86 946
86 21 946
21 41 243
41 21 243
21 32 755
32 21 755
21 83 131
83 21 131
21 60 977
60 21 977
21 69 26
69 21 26
21 55 882
55 21 882
21 67 790
67 21 790
21 63 296
63 21 296
21 74 385
74 21 385
21 66 311
66 21 311
21 67 444
67 21 444
22 93 99
93 22 99
22 44 694
44 22 694
22 96 111
96 22 111
22 74 63
74 22 63
22 76 221
76 22 221
22 50 759
50 22 759
22 87 670
87 22 670
22 28 443
28 22 443
22 39 286
39 22 286
22 47 807
47 22 807
22 51 979
51 22 979
23 35 758
35 23 758
23 54 234
54 23 234
23 67 483
67 23 483
23 25 583
25 23 583
23 36 139
36 23 139
23 75 448
75 23 448
23 63 426
63 23 426
23 27 464
27 23 464
23 92 980
92 23 980
23 34 870
34 23 870
23 91 77
91 23 77
23 28 529
28 23 529
23 28 455
28 23 455
23 62 730
62 23 730
23 50 885
50 23 885
23 85 158
85 23 158
23 30 410
30 23 410
23 77 509
77 23 509
23 74 818
74 23 818
23 67 281
67 23 281
23 62 794
62 23 794
24 37 863
37 24 863
24 44 925
44 24 925
24 48 607
48 24 607
24 43 6
43 24 6
24 77 848
77 24 848
24 84 446
84 24 446
24 91 933
91 24 933
24 52 999
52 24 999
24 68 816
68 24 816
24 41 233
41 24 233
24 37 825
37 24 825
24 27 592
27 24 592
24 68 916
68 24 916
24 85 994
85 24 994
24 50 54
50 24 54
24 57 951
57 24 951
24 76 605
76 24 605
24 42 631
42 24 631
24 91 711
91 24 711
25 93 804
93 25 804
25 88 885
88 25 885
25 94 358
94 25 358
25 89 898
89 25 898
25 57 141
57 25 141
25 30 892
30 25 892
25 67 799
67 25 799
25 34 617
34 25 617
25 68 322
68 25 322
25 68 659
68 25 659
25 62 229
62 25 229
25 66 98
66 25 98
25 39 220
39 25 220
25 47 806
47 25 806
25 44 74
44 25 74
25 32 383
32 25 383
25 92 261
92 25 261
25 57 334
57 25 334
25 78 519
78 25 519
25 78 658
78 25 658
26 73 678
73 26 678
26 83 959
83 26 959
26 96 37
96 26 37
26 75 713
75 26 713
26 44 415
44 26 415
26 52 581
52 26 581
26 57 500
57 26 500
26 35 600
35 26 600
26 43 548
43 26 548
26 63 971
63 26 971
26 79 461
79 26 461
26 38 857
38 26 857
26 42 572
42 26 572
26 75 305
75 26 305
26 90 630
90 26 630
26 31 985
31 26 985
26 78 124
78 26 124
26 78 163
78 26 163
26 53 970
53 26 970
27 59 533
59 27 533
27 90 542
90 27 542
27 78 141
78 27 141
27 60 580
60 27 580
27 93 552
93 27 552
27 87 888
87 27 888
27 90 524
90 27 524
27 65 610
65 27 610
27 63 5
63 27 5
27 92 609
92 27 609
27 37 915
37 27 915
27 69 204
69 27 204
27 32 511
32 27 511
27 37 791
37 27 791
27 36 189
36 27 189
27 64 551
64 27 551
28 62 580
62 28 580
28 57 824
57 28 824
28 82 924
82 28 924
28 61 613
61 28 613
28 89 118
89 28 118
28 94 93
94 28 93
28 74 1000
74 28 1000
28 89 156
89 28 156
28 67 273
67 28 273
28 62 670
62 28 670
29 51 360
51 29 360
29 82 618
82 29 618
29 88 636
88 29 636
29 72 42
72 29 42
29 36 98
36 29 98
29 44 859
44 29 859
29 78 578
78 29 578
30 72 89
72 30 89
30 46 501
46 30 501
30 50 702
50 30 702
30 84 147
84 30 147
30 68 126
68 30 126
30 88 463
88 30 463
30 77 749
77 30 749
30 35 524
35 30 524
30 60 418
60 30 418
30 86 811
86 30 811
31 45 92
45 31 92
31 48 405
48 31 405
31 95 195
95 31 195
31 88 543
88 31 543
31 75 156
75 31 156
31 49 207
49 31 207
31 48 957
48 31 957
31 31 424
31 31 424
31 40 507
40 31 507
31 51 880
51 31 880
31 32 107
32 31 107
31 84 504
84 31 504
31 74 966
74 31 966
31 63 529
63 31 529
32 92 257
92 32 257
32 83 578
83 32 578
32 43 128
43 32 128
32 74 602
74 32 602
32 75 950
75 32 950
32 53 669
53 32 669
32 42 589
42 32 589
32 39 452
39 32 452
32 76 703
76 32 703
32 68 715
68 32 715
33 41 115
41 33 115
33 37 383
37 33 383
33 85 70
85 33 70
33 68 187
68 33 187
33 73 933
73 33 933
33 59 585
59 33 585
33 83 292
83 33 292
33 90 283
90 33 283
33 71 814
71 33 814
33 88 285
88 33 285
33 91 295
91 33 295
33 74 389
74 33 389
33 86 945
86 33 945
34 58 758
58 34 758
34 64 825
64 34 825
34 58 506
58 34 506
34 82 733
82 34 733
34 68 240
68 34 240
34 78 741
78 34 741
34 64 914
64 34 914
34 79 485
79 34 485
34 95 66
95 34 66
34 68 472
68 34 472
34 84 471
84 34 471
34 39 447
39 34 447
35 78 126
78 35 126
35 80 439
80 35 439
35 48 414
48 35 414
35 41 644
41 35 644
35 84 656
84 35 656
35 93 931
93 35 931
35 63 238
63 35 238
35 93 706
93 35 706
35 45 649
45 35 649
35 68 423
68 35 423
36 50 952
50 36 952
36 39 621
39 36 621
36 59 646
59 36 646
36 41 444
41 36 444
36 84 829
84 36 829
36 52 63
52 36 63
36 60 608
60 36 608
36 90 466
90 36 466
36 74 210
74 36 210
36 67 767
67 36 767
36 87 247
87 36 247
36 47 661
47 36 661
36 46 197
46 36 197
37 86 723
86 37 723
37 87 682
87 37 682
37 79 22
79 37 22
37 96 956
96 37 956
37 64 82
64 37 82
37 96 585
96 37 585
37 60 976
60 37 976
37 84 986
84 37 986
37 76 86
76 37 86
37 68 903
68 37 903
38 80 507
80 38 507
38 63 283
63 38 283
38 64 734
64 38 734
38 61 275
61 38 275
38 40 735
40 38 735
38 94 540
94 38 540
38 50 85
50 38 85
38 90 135
90 38 135
38 41 480
41 38 480
38 42 779
42 38 779
38 54 767
54 38 767
38 90 695
90 38 695
38 73 698
73 38 698
39 90 976
90 39 976
39 56 37
56 39 37
39 58 605
58 39 605
39 42 276
42 39 276
39 42 144
42 39 144
39 62 333
62 39 333
39 70 655
70 39 655
39 85 428
85 39 428
39 75 220
75 39 220
39 87 100
87 39 100
39 65 486
65 39 486
39 64 965
64 39 965
39 86 897
86 39 897
39 67 51
67 39 51
40 50 465
50 40 465
40 72 995
72 40 995
40 72 823
72 40 823
40 43 576
43 40 576
40 92 941
92 40 941
40 55 258
55 40 258
40 74 880
74 40 880
40 66 734
66 40 734
40 56 441
56 40 441
40 88 491
88 40 491
40 93 256
93 40 256
40 59 507
59 40 507
41 64 309
64 41 309
41 66 281
66 41 281
41 64 96
64 41 96
41 55 75
55 41 75
41 64 591
64 41 591
41 76 289
76 41 289
41 43 419
43 41 419
41 91 5
91 41 5
41 87 287
87 41 287
41 46 438
46 41 438
41 54 216
54 41 216
41 85 991
85 41 991
41 65 388
65 41 388
41 42 274
42 41 274
41 94 630
94 41 630
41 67 755
67 41 755
42 63 129
63 42 129
42 71 356
71 42 356
42 46 476
46 42 476
42 91 224
91 42 224
42 67 751
67 42 751
42 96 902
96 42 902
42 96 742
96 42 742
42 72 27
72 42 27
42 74 239
74 42 239
42 83 910
83 42 910
43 56 8
56 43 8
43 90 935
90 43 935
43 51 75
51 43 75
43 63 289
63 43 289
43 46 183
46 43 183
43 54 655
54 43 655
43 85 671
85 43 671
43 70 27
70 43 27
43 84 307
84 43 307
43 81 976
81 43 976
43 72 103
72 43 103
43 79 411
79 43 411
44 53 857
53 44 857
44 46 663
46 44 663
44 86 199
86 44 199
44 76 979
76 44 979
44 68 882
68 44 882
44 80 413
80 44 413
44 45 130
45 44 130
44 81 743
81 44 743
45 88 648
88 45 648
45 59 578
59 45 578
45 91 959
91 45 959
45 60 64
60 45 64
45 93 180
93 45 180
45 90 139
90 45 139
45 89 823
89 45 823
45 88 79
88 45 79
45 69 528
69 45 528
45 57 284
57 45 284
46 65 478
65 46 478
46 57 551
57 46 551
46 72 533
72 46 533
46 52 176
52 46 176
46 54 8
54 46 8
46 76 553
76 46 553
46 76 849
76 46 849
47 60 906
60 47 906
47 86 762
86 47 762
47 66 460
66 47 460
47 60 899
60 47 899
47 89 897
89 47 897
47 63 939
63 47 939
47 81 699
81 47 699
47 53 849
53 47 849
48 69 785
69 48 785
48 64 856
64 48 856
48 85 164
85 48 164
48 70 613
70 48 613
48 80 54
80 48 54
48 78 186
78 48 186
48 51 386
51 48 386
48 86 706
86 48 706
48 72 71
72 48 71
48 92 588
92 48 588
48 51 479
51 48 479
48 94 703
94 48 703
48 73 175
73 48 175
48 57 897
57 48 897
48 77 980
77 48 980
48 55 1000
55 48 1000
49 82 128
82 49 128
49 92 644
92 49 644
49 73 580
73 49 580
49 81 781
81 49 781
50 94 322
94 50 322
50 79 14
79 50 14
50 82 147
82 50 147
50 60 222
60 50 222
50 69 880
69 50 880
50 74 362
74 50 362
50 60 406
60 50 406
50 74 790
74 50 790
50 71 737
71 50 737
50 85 370
85 50 370
50 86 143
86 50 143
51 73 704
73 51 704
51 71 497
71 51 497
51 66 994
66 51 994
51 79 211
79 51 211
51 81 890
81 51 890
51 72 808
72 51 808
51 72 396
72 51 396
51 89 980
89 51 980
52 92 631
92 52 631
52 87 621
87 52 621
52 85 761
85 52 761
52 59 902
59 52 902
52 93 707
93 52 707
52 73 937
73 52 937
52 54 44
54 52 44
52 87 967
87 52 967
52 86 961
86 52 961
52 58 140
58 52 140
52 78 302
78 52 302
52 91 225
91 52 225
52 66 896
66 52 896
53 93 433
93 53 433
53 62 928
62 53 928
53 87 187
87 53 187
53 87 33
87 53 33
53 75 195
75 53 195
53 89 784
89 53 784
53 84 739
84 53 739
53 69 646
69 53 646
53 69 3
69 53 3
53 78 296
78 53 296
53 68 412
68 53 412
54 86 350
86 54 350
54 70 461
70 54 461
54 66 895
66 54 895
54 69 812
69 54 812
54 93 132
93 54 132
54 81 538
81 54 538
54 61 270
61 54 270
54 87 753
87 54 753
55 87 114
87 55 114
55 94 85
94 55 85
55 84 445
84 55 445
55 69 57
69 55 57
55 80 70
80 55 70
55 76 360
76 55 360
55 68 479
68 55 479
55 64 316
64 55 316
55 75 564
75 55 564
56 70 956
70 56 956
56 65 268
65 56 268
56 72 517
72 56 517
56 91 782
91 56 782
56 86 513
86 56 513
56 73 988
73 56 988
56 88 707
88 56 707
57 60 929
60 57 929
57 69 294
69 57 294
57 87 209
87 57 209
57 80 4
80 57 4
57 90 642
90 57 642
57 84 945
84 57 945
57 71 857
71 57 857
58 63 182
63 58 182
58 60 484
60 58 484
58 63 590
63 58 590
58 79 429
79 58 429
58 78 868
78 58 868
59 75 65
75 59 65
59 84 299
84 59 299
59 70 165
70 59 165
59 94 409
94 59 409
59 89 663
89 59 663
59 68 124
68 59 124
59 71 38
71 59 38
60 90 644
90 60 644
60 85 206
85 60 206
60 62 450
62 60 450
60 75 181
75 60 181
60 88 416
88 60 416
60 90 147
90 60 147
60 77 361
77 60 361
60 73 709
73 60 709
61 70 539
70 61 539
61 79 492
79 61 492
61 68 372
68 61 372
61 92 755
92 61 755
62 70 642
70 62 642
62 73 45
73 62 45
62 66 503
66 62 503
62 85 375
85 62 375
62 83 354
83 62 354
62 63 95
63 62 95
62 68 989
68 62 989
62 69 77
69 62 77
62 86 247
86 62 247
63 82 551
82 63 551
63 68 628
68 63 628
63 66 808
66 63 808
64 76 142
76 64 142
64 78 671
78 64 671
64 71 414
71 64 414
64 90 79
90 64 79
64 69 472
69 64 472
65 79 835
79 65 835
65 78 976
78 65 976
65 76 497
76 65 497
65 72 609
72 65 609
65 74 985
74 65 985
65 77 367
77 65 367
65 79 134
79 65 134
65 69 73
69 65 73
65 78 815
78 65 815
66 88 130
88 66 130
66 96 964
96 66 964
66 79 101
79 66 101
66 66 304
66 66 304
66 90 875
90 66 875
66 95 385
95 66 385
67 80 242
80 67 242
67 83 242
83 67 242
67 87 821
87 67 821
67 73 949
73 67 949
67 76 505
76 67 505
68 88 63
88 68 63
68 73 210
73 68 210
68 76 717
76 68 717
68 93 618
93 68 618
69 76 582
76 69 582
69 72 379
72 69 379
69 79 432
79 69 432
69 72 242
72 69 242
69 94 482
94 69 482
70 83 513
83 70 513
70 74 947
74 70 947
70 93 688
93 70 688
70 81 931
81 70 931
71 74 234
74 71 234
71 73 959
73 71 959
71 78 563
78 71 563
72 86 271
86 72 271
72 80 512
80 72 512
72 80 728
80 72 728
72 94 612
94 72 612
72 96 201
96 72 201
73 82 53
82 73 53
73 85 680
85 73 680
73 86 989
86 73 989
73 85 231
85 73 231
74 79 628
79 74 628
74 83 329
83 74 329
74 95 457
95 74 457
74 94 486
94 74 486
74 96 576
96 74 576
75 85 392
85 75 392
75 86 854
86 75 854
75 83 956
83 75 956
75 77 595
77 75 595
75 81 593
81 75 593
75 90 839
90 75 839
76 88 854
88 76 854
76 78 792
78 76 792
76 87 715
87 76 715
76 94 985
94 76 985
76 78 678
78 76 678
76 77 320
77 76 320
76 87 559
87 76 559
76 82 807
82 76 807
77 96 529
96 77 529
77 78 604
78 77 604
77 82 163
82 77 163
78 85 644
85 78 644
78 89 477
89 78 477
79 83 89
83 79 89
79 85 715
85 79 715
79 91 630
91 79 630
79 95 838
95 79 838
80 89 385
89 80 385
80 88 29
88 80 29
80 86 978
86 80 978
81 81 10
81 81 10
81 86 382
86 81 382
81 94 516
94 81 516
81 88 633
88 81 633
81 96 969
96 81 969
82 96 322
96 82 322
82 95 671
95 82 671
82 87 848
87 82 848
82 84 23
84 82 23
83 89 247
89 83 247
83 88 247
88 83 247
84 88 427
88 84 427
85 88 614
88 85 614
85 93 886
93 85 886
85 87 331
87 85 331
86 91 302
91 86 302
87 90 874
90 87 874
88 89 477
89 88 477
88 91 907
91 88 907
88 92 577
92 88 577
89 96 26
96 89 26
89 96 279
96 89 279
89 94 801
94 89 801
89 89 696
89 89 696
89 96 271
96 89 271
95 95 574
95 95 574
