49

0 1 870
1 0 870
0 2 85
2 0 85
0 3 367
3 0 367
0 7 207
7 0 207
0 13 643
13 0 643
0 17 79
17 0 79
0 14 210
14 0 210
0 45 668
45 0 668
0 45 293
45 0 293
0 23 772
23 0 772
0 16 687
16 0 687
0 2 295
2 0 295
0 34 866
34 0 866
0 22 83
22 0 83
0 30 976
30 0 976
0 18 151
18 0 151
0 48 17
48 0 17
0 46 40
46 0 40
0 27 17
27 0 17
0 8 336
8 0 336
0 32 251
32 0 251
0 13 45
13 0 45
0 6 948
6 0 948
0 1 856
1 0 856
0 22 787
22 0 787
0 48 192
48 0 192
0 12 490
12 0 490
0 38 770
38 0 770
0 4 640
4 0 640
1 4 421
4 1 421
1 19 854
19 1 854
1 38 866
38 1 866
1 35 846
35 1 846
1 18 602
18 1 602
1 1 14
1 1 14
1 24 235
24 1 235
1 47 973
47 1 973
1 38 970
38 1 970
1 21 743
21 1 743
1 4 857
4 1 857
1 25 463
25 1 463
1 12 839
12 1 839
1 21 601
21 1 601
1 48 850
48 1 850
1 38 115
38 1 115
1 13 674
13 1 674
1 37 568
37 1 568
1 12 733
12 1 733
1 9 386
9 1 386
1 19 81
19 1 81
1 6 574
6 1 574
2 9 528
9 2 528
2 20 215
20 2 215
2 5 435
5 2 435
2 12 811
12 2 811
2 38 903
38 2 903
2 17 917
17 2 917
2 14 86
14 2 86
2 25 333
25 2 333
2 17 289
17 2 289
2 47 524
47 2 524
2 9 403
9 2 403
2 10 906
10 2 906
3 35 473
35 3 473
3 39 757
39 3 757
3 48 315
48 3 315
3 44 673
44 3 673
3 20 259
20 3 259
3 34 707
34 3 707
3 45 139
45 3 139
3 26 498
26 3 498
3 4 962
4 3 962
3 26 950
26 3 950
3 9 818
9 3 818
3 44 601
44 3 601
3 6 133
6 3 133
3 14 987
14 3 987
3 6 944
6 3 944
3 40 193
40 3 193
3 38 340
38 3 340
3 7 338
7 3 338
3 25 796
25 3 796
3 35 350
35 3 350
4 5 587
5 4 587
4 6 335
6 4 335
4 42 314
42 4 314
4 19 349
19 4 349
4 18 175
18 4 175
4 44 408
44 4 408
4 46 831
46 4 831
4 33 983
33 4 983
4 7 41
7 4 41
4 38 266
38 4 266
4 41 224
41 4 224
4 42 769
42 4 769
4 26 670
26 4 670
4 36 931
36 4 931
4 11 422
11 4 422
4 44 316
44 4 316
4 27 859
27 4 859
4 17 407
17 4 407
4 23 883
23 4 883
4 35 290
35 4 290
4 9 225
9 4 225
4 32 922
32 4 922
4 25 573
25 4 573
4 30 46
30 4 46
4 22 210
22 4 210
4 25 698
25 4 698
4 27 44
27 4 44
4 17 386
17 4 386
4 19 659
19 4 659
5 11 204
11 5 204
5 16 472
16 5 472
5 17 397
17 5 397
5 7 482
7 5 482
5 22 553
22 5 553
5 12 358
12 5 358
5 32 283
32 5 283
5 46 812
46 5 812
5 37 183
37 5 183
5 27 465
27 5 465
5 47 470
47 5 470
5 18 827
18 5 827
5 16 988
16 5 988
5 42 882
42 5 882
5 9 393
9 5 393
5 20 607
20 5 607
5 45 846
45 5 846
5 18 330
18 5 330
5 37 596
37 5 596
5 37 480
37 5 480
5 22 451
22 5 451
6 45 231
45 6 231
6 20 349
20 6 349
6 18 723
18 6 723
6 44 888
44 6 888
6 28 575
28 6 575
6 39 386
39 6 386
6 46 849
46 6 849
6 46 817
46 6 817
6 32 271
32 6 271
6 12 808
12 6 808
6 12 98
12 6 98
6 12 513
12 6 513
6 25 480
25 6 480
6 46 824
46 6 824
6 38 357
38 6 357
7 8 731
8 7 731
7 10 988
10 7 988
7 39 174
39 7 174
7 36 823
36 7 823
7 37 642
37 7 642
7 17 993
17 7 993
7 11 891
11 7 891
7 43 471
43 7 471
7 46 191
46 7 191
7 10 787
10 7 787
7 44 724
44 7 724
7 9 994
9 7 994
7 17 530
17 7 530
7 41 41
41 7 41
7 41 324
41 7 324
7 30 609
30 7 609
7 8 366
8 7 366
7 19 834
19 7 834
8 12 206
12 8 206
8 14 878
14 8 878
8 24 269
24 8 269
8 32 393
32 8 393
8 36 531
36 8 531
8 38 688
38 8 688
8 24 925
24 8 925
8 46 533
46 8 533
8 10 700
10 8 700
8 22 771
22 8 771
8 21 849
21 8 849
8 36 131
36 8 131
8 32 709
32 8 709
8 37 623
37 8 623
8 10 557
10 8 557
8 29 878
29 8 878
8 13 876
13 8 876
8 41 841
41 8 841
8 39 272
39 8 272
8 31 580
31 8 580
8 43 200
43 8 200
8 36 695
36 8 695
8 41 807
41 8 807
8 44 82
44 8 82
8 43 588
43 8 588
8 41 640
41 8 640
9 10 841
10 9 841
9 15 22
15 9 22
9 13 959
13 9 959
9 21 452
21 9 452
9 10 242
10 9 242
9 46 366
46 9 366
9 19 976
19 9 976
9 20 45
20 9 45
9 19 759
19 9 759
9 11 463
11 9 463
9 31 776
31 9 776
9 12 293
12 9 293
9 15 612
15 9 612
9 20 822
20 9 822
9 36 675
36 9 675
9 41 176
41 9 176
9 47 304
47 9 304
9 35 438
35 9 438
9 11 357
11 9 357
9 44 512
44 9 512
9 12 698
12 9 698
9 38 698
38 9 698
9 15 134
15 9 134
10 43 64
43 10 64
10 47 424
47 10 424
10 24 575
24 10 575
10 26 60
26 10 60
10 30 457
30 10 457
10 45 989
45 10 989
10 19 739
19 10 739
10 19 454
19 10 454
10 36 32
36 10 32
10 25 255
25 10 255
10 15 5
15 10 5
10 11 489
11 10 489
10 14 705
14 10 705
10 43 32
43 10 32
10 39 287
39 10 287
10 43 392
43 10 392
10 47 783
47 10 783
10 11 485
11 10 485
10 20 120
20 10 120
10 15 482
15 10 482
10 18 66
18 10 66
10 35 186
35 10 186
10 28 848
28 10 848
11 21 629
21 11 629
11 43 325
43 11 325
11 21 758
21 11 758
11 13 647
13 11 647
11 14 487
14 11 487
11 33 453
33 11 453
11 17 879
17 11 879
11 48 949
48 11 949
11 32 935
32 11 935
11 22 229
22 11 229
11 38 332
38 11 332
11 47 136
47 11 136
11 40 974
40 11 974
11 40 173
40 11 173
11 21 155
21 11 155
11 32 592
32 11 592
12 23 618
23 12 618
12 25 376
25 12 376
12 40 674
40 12 674
12 17 331
17 12 331
12 33 568
33 12 568
12 13 636
13 12 636
12 20 170
20 12 170
12 45 287
45 12 287
12 29 319
29 12 319
12 37 732
37 12 732
12 29 200
29 12 200
12 33 986
33 12 986
12 13 20
13 12 20
12 14 752
14 12 752
12 25 410
25 12 410
12 20 16
20 12 16
12 38 573
38 12 573
12 17 146
17 12 146
12 13 432
13 12 432
12 29 611
29 12 611
12 29 872
29 12 872
12 38 82
38 12 82
12 46 381
46 12 381
12 29 573
29 12 573
13 18 611
18 13 611
13 34 784
34 13 784
13 41 9
41 13 9
13 28 317
28 13 317
13 26 975
26 13 975
13 14 775
14 13 775
13 45 736
45 13 736
13 25 21
25 13 21
13 36 724
36 13 724
13 22 24
22 13 24
13 41 587
41 13 587
13 46 744
46 13 744
13 30 324
30 13 324
13 31 462
31 13 462
14 22 603
22 14 603
14 34 143
34 14 143
14 37 502
37 14 502
14 19 472
19 14 472
14 21 36
21 14 36
14 41 842
41 14 842
14 45 298
45 14 298
14 23 843
23 14 843
14 40 104
40 14 104
14 27 507
27 14 507
14 25 618
25 14 618
14 40 232
40 14 232
14 44 138
44 14 138
14 48 752
48 14 752
14 33 595
33 14 595
14 21 817
21 14 817
14 41 52
41 14 52
14 37 201
37 14 201
14 16 21
16 14 21
14 19 90
19 14 90
14 29 862
29 14 862
14 21 771
21 14 771
14 45 436
45 14 436
14 19 678
19 14 678
14 45 450
45 14 450
15 21 142
21 15 142
15 26 114
26 15 114
15 43 227
43 15 227
15 24 230
24 15 230
15 39 176
39 15 176
15 16 635
16 15 635
15 16 139
16 15 139
15 48 268
48 15 268
15 41 417
41 15 417
15 38 482
38 15 482
15 40 621
40 15 621
15 32 104
32 15 104
15 17 95
17 15 95
15 31 954
31 15 954
15 28 46
28 15 46
15 48 970
48 15 970
15 38 819
38 15 819
15 40 972
40 15 972
15 45 735
45 15 735
15 33 467
33 15 467
15 30 729
30 15 729
15 42 828
42 15 828
16 21 147
21 16 147
16 29 420
29 16 420
16 32 397
32 16 397
16 32 184
32 16 184
16 27 772
27 16 772
16 42 27
42 16 27
16 45 412
45 16 412
16 44 525
44 16 525
16 20 221
20 16 221
16 40 932
40 16 932
16 31 192
31 16 192
16 36 321
36 16 321
16 32 843
32 16 843
16 22 371
22 16 371
16 37 808
37 16 808
16 29 778
29 16 778
16 45 877
45 16 877
16 26 935
26 16 935
17 47 139
47 17 139
17 39 273
39 17 273
17 21 708
21 17 708
17 24 551
24 17 551
17 35 828
35 17 828
17 47 510
47 17 510
17 38 792
38 17 792
17 22 476
22 17 476
17 33 612
33 17 612
17 34 246
34 17 246
17 25 17
25 17 17
17 24 228
24 17 228
18 29 209
29 18 209
18 37 571
37 18 571
18 34 699
34 18 699
18 18 667
18 18 667
18 46 190
46 18 190
18 34 41
34 18 41
18 23 542
23 18 542
18 22 806
22 18 806
18 31 283
31 18 283
18 43 259
43 18 259
18 35 653
35 18 653
18 26 871
26 18 871
18 38 259
38 18 259
18 48 616
48 18 616
18 18 432
18 18 432
18 44 817
44 18 817
18 21 82
21 18 82
19 30 787
30 19 787
19 44 247
44 19 247
19 45 543
45 19 543
19 38 574
38 19 574
19 37 129
37 19 129
19 48 412
48 19 412
19 27 697
27 19 697
19 36 535
36 19 535
19 27 765
27 19 765
19 39 54
39 19 54
19 24 503
24 19 503
19 20 400
20 19 400
20 27 399
27 20 399
20 46 635
46 20 635
20 26 230
26 20 230
20 27 759
27 20 759
20 46 575
46 20 575
20 30 893
30 20 893
20 24 107
24 20 107
20 48 282
48 20 282
20 22 514
22 20 514
20 44 273
44 20 273
20 22 845
22 20 845
20 43 400
43 20 400
20 34 828
34 20 828
20 20 335
20 20 335
20 46 273
46 20 273
20 45 791
45 20 791
21 32 863
32 21 863
21 28 550
28 21 550
21 45 71
45 21 71
21 24 506
24 21 506
21 46 414
46 21 414
21 44 980
44 21 980
21 45 435
45 21 435
21 41 654
41 21 654
21 48 707
48 21 707
21 33 19
33 21 19
21 37 702
37 21 702
21 36 271
36 21 271
21 44 229
44 21 229
22 29 265
29 22 265
22 43 721
43 22 721
22 45 905
45 22 905
22 34 843
34 22 843
22 43 378
43 22 378
22 30 788
30 22 788
22 38 213
38 22 213
22 24 699
24 22 699
22 29 386
29 22 386
22 23 624
23 22 624
23 33 586
33 23 586
23 36 646
36 23 646
23 24 63
24 23 63
23 48 718
48 23 718
23 36 309
36 23 309
23 37 935
37 23 935
23 23 904
23 23 904
23 23 397
23 23 397
23 48 831
48 23 831
23 31 379
31 23 379
23 26 974
26 23 974
23 36 791
36 23 791
23 26 178
26 23 178
23 25 835
25 23 835
24 28 754
28 24 754
24 37 983
37 24 983
24 38 479
38 24 479
24 38 78
38 24 78
24 45 652
45 24 652
24 45 69
45 24 69
24 25 848
25 24 848
24 24 426
24 24 426
24 36 171
36 24 171
24 39 398
39 24 398
24 36 111
36 24 111
24 40 476
40 24 476
24 47 743
47 24 743
24 32 915
32 24 915
24 32 785
32 24 785
24 48 978
48 24 978
24 27 655
27 24 655
25 26 29
26 25 29
25 34 675
34 25 675
25 31 373
31 25 373
25 35 98
35 25 98
25 32 16
32 25 16
25 28 261
28 25 261
25 29 30
29 25 30
25 29 586
29 25 586
25 45 951
45 25 951
25 34 260
34 25 260
26 27 811
27 26 811
26 32 51
32 26 51
26 41 914
41 26 914
26 42 647
42 26 647
26 31 932
31 26 932
26 34 338
34 26 338
26 31 799
31 26 799
26 30 842
30 26 842
26 43 39
43 26 39
26 27 995
27 26 995
26 33 209
33 26 209
26 39 269
39 26 269
26 42 41
42 26 41
26 42 507
42 26 507
26 40 60
40 26 60
27 37 700
37 27 700
27 32 930
32 27 930
27 47 797
47 27 797
27 35 520
35 27 520
27 29 883
29 27 883
27 36 677
36 27 677
27 31 756
31 27 756
28 39 264
39 28 264
28 36 184
36 28 184
28 44 957
44 28 957
28 44 862
44 28 862
28 39 412
39 28 412
28 40 615
40 28 615
28 29 866
29 28 866
28 39 349
39 28 349
28 30 381
30 28 381
28 45 849
45 28 849
29 46 568
46 29 568
29 31 223
31 29 223
29 43 329
43 29 329
29 41 77
41 29 77
29 48 781
48 29 781
29 33 368
33 29 368
29 45 739
45 29 739
30 31 198
31 30 198
30 34 166
34 30 166
30 46 161
46 30 161
30 40 108
40 30 108
30 31 116
31 30 116
30 33 635
33 30 635
30 32 782
32 30 782
30 44 415
44 30 415
30 32 489
32 30 489
30 44 803
44 30 803
30 39 292
39 30 292
30 44 946
44 30 946
30 48 867
48 30 867
31 41 818
41 31 818
31 42 98
42 31 98
31 36 1000
36 31 1000
31 34 295
34 31 295
31 43 410
43 31 410
31 46 659
46 31 659
31 42 699
42 31 699
31 33 529
33 31 529
31 40 692
40 31 692
31 39 927
39 31 927
31 33 808
33 31 808
32 43 976
43 32 976
32 37 627
37 32 627
32 37 118
37 32 118
32 48 962
48 32 962
32 42 372
42 32 372
32 34 450
34 32 450
32 36 829
36 32 829
33 36 762
36 33 762
33 39 354
39 33 354
33 43 687
43 33 687
33 33 62
33 33 62
33 37 364
37 33 364
33 46 829
46 33 829
33 44 163
44 33 163
33 37 665
37 33 665
34 37 855
37 34 855
34 38 686
38 34 686
34 46 84
46 34 84
34 40 343
40 34 343
34 46 114
46 34 114
34 43 10
43 34 10
34 40 482
40 34 482
35 44 10
44 35 10
35 46 554
46 35 554
35 38 53
38 35 53
35 47 680
47 35 680
35 37 409
37 35 409
35 47 13
47 35 13
35 38 32
38 35 32
36 38 365
38 36 365
36 43 40
43 36 40
36 45 390
45 36 390
36 45 286
45 36 286
36 38 757
38 36 757
36 37 100
37 36 100
36 41 476
41 36 476
36 39 721
39 36 721
37 41 424
41 37 424
37 42 786
42 37 786
37 40 304
40 37 304
37 40 539
40 37 539
37 48 358
48 37 358
38 40 276
40 38 276
38 44 900
44 38 900
38 40 155
40 38 155
38 42 101
42 38 101
38 48 581
48 38 581
38 46 155
46 38 155
38 44 293
44 38 293
38 47 981
47 38 981
38 39 960
39 38 960
38 40 871
40 38 871
39 43 502
43 39 502
39 42 822
42 39 822
39 45 300
45 39 300
39 41 975
41 39 975
40 45 747
45 40 747
40 48 932
48 40 932
40 48 626
48 40 626
40 47 611
47 40 611
41 46 435
46 41 435
41 44 165
44 41 165
41 42 329
42 41 329
41 46 193
46 41 193
41 44 395
44 41 395
41 48 658
48 41 658
42 48 858
48 42 858
42 45 354
45 42 354
43 46 955
46 43 955
43 48 846
48 43 846
44 45 821
45 44 821
45 47 556
47 45 556
47 47 487
47 47 487
