39

0 1 679
1 0 679
0 2 750
2 0 750
0 5 209
5 0 209
0 6 282
6 0 282
0 10 873
10 0 873
0 13 529
13 0 529
0 32 903
32 0 903
0 11 837
11 0 837
0 22 411
22 0 411
0 30 100
30 0 100
0 30 39
30 0 39
0 21 573
21 0 573
0 30 48
30 0 48
0 32 233
32 0 233
0 37 863
37 0 863
0 24 567
24 0 567
0 7 260
7 0 260
0 16 253
16 0 253
0 28 615
28 0 615
0 6 729
6 0 729
0 13 510
13 0 510
0 31 811
31 0 811
1 3 344
3 1 344
1 8 379
8 1 379
1 16 161
16 1 161
1 35 916
35 1 916
1 38 598
38 1 598
1 36 475
36 1 475
1 22 935
22 1 935
1 12 613
12 1 613
1 34 999
34 1 999
1 28 787
28 1 787
1 2 611
2 1 611
1 6 499
6 1 499
1 26 691
26 1 691
1 29 366
29 1 366
2 4 35
4 2 35
2 12 633
12 2 633
2 23 239
23 2 239
2 24 277
24 2 277
2 20 194
20 2 194
2 29 742
29 2 742
2 5 176
5 2 176
2 23 576
23 2 576
2 21 520
21 2 520
2 30 944
30 2 944
2 38 152
38 2 152
2 19 990
19 2 990
2 28 622
28 2 622
2 21 309
21 2 309
2 15 239
15 2 239
2 20 619
20 2 619
2 12 474
12 2 474
2 11 255
11 2 255
2 16 825
16 2 825
2 14 883
14 2 883
2 36 866
36 2 866
2 17 932
17 2 932
2 30 787
30 2 787
2 11 207
11 2 207
2 36 667
36 2 667
2 22 826
22 2 826
2 11 776
11 2 776
2 3 468
3 2 468
2 28 713
28 2 713
3 6 108
6 3 108
3 4 792
4 3 792
3 37 673
37 3 673
3 34 875
34 3 875
3 20 554
20 3 554
3 10 500
10 3 500
3 36 105
36 3 105
3 30 791
30 3 791
3 25 27
25 3 27
3 11 53
11 3 53
3 18 728
18 3 728
3 13 965
13 3 965
3 25 389
25 3 389
3 34 816
34 3 816
3 38 553
38 3 553
3 12 703
12 3 703
4 7 922
7 4 922
4 35 696
35 4 696
4 10 196
10 4 196
4 27 820
27 4 820
4 34 427
34 4 427
4 18 26
18 4 26
4 28 77
28 4 77
4 36 928
36 4 928
4 29 313
29 4 313
4 16 727
16 4 727
4 12 730
12 4 730
4 32 260
32 4 260
4 11 68
11 4 68
4 31 48
31 4 48
4 24 684
24 4 684
4 14 721
14 4 721
4 35 142
35 4 142
5 11 825
11 5 825
5 21 965
21 5 965
5 15 641
15 5 641
5 7 602
7 5 602
5 28 68
28 5 68
5 26 978
26 5 978
5 23 750
23 5 750
5 35 619
35 5 619
5 26 581
26 5 581
5 34 630
34 5 630
5 9 879
9 5 879
5 14 862
14 5 862
5 36 103
36 5 103
5 37 110
37 5 110
5 35 491
35 5 491
5 10 536
10 5 536
5 18 406
18 5 406
5 31 38
31 5 38
5 33 164
33 5 164
5 7 233
7 5 233
5 9 419
9 5 419
5 12 988
12 5 988
5 21 78
21 5 78
5 31 712
31 5 712
6 20 313
20 6 313
6 36 407
36 6 407
6 22 974
22 6 974
6 6 83
6 6 83
6 8 661
8 6 661
6 8 622
8 6 622
6 31 346
31 6 346
6 21 849
21 6 849
6 38 258
38 6 258
6 24 496
24 6 496
6 34 731
34 6 731
6 25 947
25 6 947
6 18 161
18 6 161
6 28 377
28 6 377
6 23 180
23 6 180
7 9 660
9 7 660
7 36 175
36 7 175
7 30 558
30 7 558
7 11 156
11 7 156
7 20 628
20 7 628
7 19 484
19 7 484
7 24 216
24 7 216
7 36 370
36 7 370
7 25 834
25 7 834
7 10 218
10 7 218
7 27 954
27 7 954
7 35 734
35 7 734
7 36 368
36 7 368
7 10 855
10 7 855
7 25 993
25 7 993
7 22 708
22 7 708
7 13 412
13 7 412
7 13 59
13 7 59
8 14 280
14 8 280
8 18 511
18 8 511
8 19 481
19 8 481
8 23 513
23 8 513
8 16 79
16 8 79
8 25 64
25 8 64
8 13 594
13 8 594
8 24 597
24 8 597
8 18 586
18 8 586
8 25 638
25 8 638
8 14 100
14 8 100
8 30 423
30 8 423
8 25 907
25 8 907
8 30 163
30 8 163
8 32 94
32 8 94
9 19 186
19 9 186
9 34 407
34 9 407
9 35 751
35 9 751
9 23 334
23 9 334
9 17 533
17 9 533
9 23 519
23 9 519
9 10 19
10 9 19
9 33 595
33 9 595
9 35 794
35 9 794
9 30 290
30 9 290
9 25 411
25 9 411
9 23 139
23 9 139
9 33 260
33 9 260
9 22 952
22 9 952
9 33 792
33 9 792
9 27 508
27 9 508
9 12 671
12 9 671
9 27 756
27 9 756
9 21 447
21 9 447
10 24 297
24 10 297
10 25 491
25 10 491
10 33 265
33 10 265
10 38 380
38 10 380
10 13 152
13 10 152
10 13 235
13 10 235
10 18 212
18 10 212
10 21 311
21 10 311
10 24 368
24 10 368
10 15 600
15 10 600
10 26 676
26 10 676
10 14 442
14 10 442
10 31 640
31 10 640
10 12 578
12 10 578
10 34 531
34 10 531
10 23 330
23 10 330
10 31 839
31 10 839
10 19 453
19 10 453
11 15 392
15 11 392
11 37 156
37 11 156
11 22 756
22 11 756
11 26 829
26 11 829
11 32 720
32 11 720
11 35 51
35 11 51
11 21 606
21 11 606
11 28 484
28 11 484
11 27 346
27 11 346
12 33 112
33 12 112
12 20 25
20 12 25
12 17 202
17 12 202
12 27 183
27 12 183
12 18 660
18 12 660
12 32 812
32 12 812
12 36 462
36 12 462
12 20 807
20 12 807
12 38 399
38 12 399
12 14 772
14 12 772
12 35 606
35 12 606
12 19 531
19 12 531
12 29 299
29 12 299
12 25 876
25 12 876
12 27 610
27 12 610
12 16 829
16 12 829
12 31 850
31 12 850
12 34 744
34 12 744
12 15 52
15 12 52
12 32 328
32 12 328
13 17 91
17 13 91
13 26 581
26 13 581
13 25 861
25 13 861
13 35 658
35 13 658
13 32 1000
32 13 1000
13 27 615
27 13 615
13 17 231
17 13 231
13 27 550
27 13 550
13 21 933
21 13 933
13 28 280
28 13 280
13 16 187
16 13 187
13 18 382
18 13 382
13 18 520
18 13 520
14 22 652
22 14 652
14 15 906
15 14 906
14 19 395
19 14 395
14 17 744
17 14 744
14 32 441
32 14 441
14 21 877
21 14 877
14 34 435
34 14 435
14 14 151
14 14 151
14 36 779
36 14 779
14 29 555
29 14 555
14 14 517
14 14 517
14 29 490
29 14 490
14 31 637
31 14 637
14 17 940
17 14 940
14 36 323
36 14 323
14 32 233
32 14 233
15 35 473
35 15 473
15 19 845
19 15 845
15 20 224
20 15 224
15 34 898
34 15 898
15 19 566
19 15 566
15 18 251
18 15 251
15 23 474
23 15 474
15 20 147
20 15 147
15 26 381
26 15 381
15 28 324
28 15 324
15 29 990
29 15 990
15 38 875
38 15 875
16 37 895
37 16 895
16 32 958
32 16 958
16 30 314
30 16 314
16 20 522
20 16 522
16 38 354
38 16 354
16 34 201
34 16 201
16 27 608
27 16 608
16 38 264
38 16 264
16 35 462
35 16 462
16 36 327
36 16 327
16 23 968
23 16 968
16 22 147
22 16 147
16 33 339
33 16 339
16 18 911
18 16 911
16 37 775
37 16 775
16 38 485
38 16 485
17 30 700
30 17 700
17 35 891
35 17 891
17 26 53
26 17 53
17 36 768
36 17 768
17 28 392
28 17 392
17 25 363
25 17 363
17 21 448
21 17 448
17 34 812
34 17 812
17 32 840
32 17 840
17 28 384
28 17 384
17 29 720
29 17 720
17 24 787
24 17 787
18 29 540
29 18 540
18 35 851
35 18 851
18 34 268
34 18 268
18 19 173
19 18 173
18 21 102
21 18 102
18 22 568
22 18 568
18 24 811
24 18 811
18 25 194
25 18 194
18 28 643
28 18 643
18 19 323
19 18 323
18 36 845
36 18 845
18 28 771
28 18 771
18 20 809
20 18 809
18 37 266
37 18 266
18 29 125
29 18 125
19 27 805
27 19 805
19 33 162
33 19 162
19 27 151
27 19 151
19 19 859
19 19 859
19 32 534
32 19 534
19 37 362
37 19 362
19 30 223
30 19 223
19 22 280
22 19 280
19 29 965
29 19 965
19 36 284
36 19 284
19 28 289
28 19 289
19 36 277
36 19 277
20 25 392
25 20 392
20 22 476
22 20 476
20 34 533
34 20 533
20 23 680
23 20 680
20 33 982
33 20 982
20 38 314
38 20 314
20 28 574
28 20 574
20 29 615
29 20 615
20 22 287
22 20 287
21 28 484
28 21 484
21 29 254
29 21 254
21 37 666
37 21 666
21 33 783
33 21 783
21 28 142
28 21 142
21 32 432
32 21 432
22 29 385
29 22 385
22 36 997
36 22 997
22 28 684
28 22 684
22 34 63
34 22 63
22 29 30
29 22 30
22 25 69
25 22 69
23 28 404
28 23 404
23 34 914
34 23 914
23 25 124
25 23 124
23 33 328
33 23 328
23 25 753
25 23 753
23 28 390
28 23 390
23 33 478
33 23 478
23 27 290
27 23 290
24 33 996
33 24 996
24 25 397
25 24 397
24 38 927
38 24 927
24 30 869
30 24 869
25 36 84
36 25 84
25 36 868
36 25 868
25 29 149
29 25 149
25 31 373
31 25 373
25 27 43
27 25 43
25 38 990
38 25 990
25 38 894
38 25 894
25 31 749
31 25 749
26 36 495
36 26 495
26 37 884
37 26 884
26 34 228
34 26 228
26 30 844
30 26 844
26 31 351
31 26 351
26 32 459
32 26 459
26 34 784
34 26 784
27 31 509
31 27 509
27 33 423
33 27 423
27 36 797
36 27 797
27 35 684
35 27 684
27 30 71
30 27 71
27 33 573
33 27 573
27 34 265
34 27 265
27 29 791
29 27 791
27 29 856
29 27 856
28 38 627
38 28 627
28 29 446
29 28 446
28 38 135
38 28 135
28 30 772
30 28 772
28 32 183
32 28 183
29 35 81
35 29 81
29 34 635
34 29 635
29 32 798
32 29 798
29 36 469
36 29 469
30 38 90
38 30 90
30 33 345
33 30 345
30 31 513
31 30 513
30 35 485
35 30 485
30 37 487
37 30 487
30 38 119
38 30 119
30 30 998
30 30 998
31 36 538
36 31 538
31 36 298
36 31 298
31 38 568
38 31 568
31 32 136
32 31 136
31 38 293
38 31 293
32 32 432
32 32 432
32 36 279
36 32 279
32 34 714
34 32 714
32 36 111
36 32 111
32 35 964
35 32 964
32 34 893
34 32 893
33 38 713
38 33 713
34 38 925
38 34 925
34 38 123
38 34 123
34 35 746
35 34 746
34 38 216
38 34 216
34 37 148
37 34 148
34 36 132
36 34 132
36 38 579
38 36 579
36 37 393
37 36 393
36 36 161
36 36 161
37 38 209
38 37 209
37 38 570
38 37 570
