67

0 1 92
1 0 92
0 5 756
5 0 756
0 23 894
23 0 894
0 60 126
60 0 126
0 58 192
58 0 192
0 38 330
38 0 330
0 25 385
25 0 385
0 30 227
30 0 227
0 52 773
52 0 773
0 40 704
40 0 704
0 5 566
5 0 566
0 47 730
47 0 730
0 65 770
65 0 770
0 34 963
34 0 963
0 42 690
42 0 690
0 27 882
27 0 882
0 44 25
44 0 25
0 32 17
32 0 17
0 52 690
52 0 690
0 62 106
62 0 106
0 11 731
11 0 731
0 9 462
9 0 462
0 38 33
38 0 33
1 2 812
2 1 812
1 4 83
4 1 83
1 51 535
51 1 535
1 60 386
60 1 386
1 59 367
59 1 367
1 7 559
7 1 559
1 33 674
33 1 674
1 26 839
26 1 839
1 3 20
3 1 20
1 56 232
56 1 232
1 64 15
64 1 15
1 39 428
39 1 428
1 54 745
54 1 745
1 6 941
6 1 941
1 21 343
21 1 343
1 62 495
62 1 495
1 8 640
8 1 640
1 18 166
18 1 166
1 1 922
1 1 922
1 59 961
59 1 961
1 57 74
57 1 74
1 55 331
55 1 331
1 30 773
30 1 773
1 8 222
8 1 222
1 52 497
52 1 497
1 56 124
56 1 124
1 65 877
65 1 877
2 3 558
3 2 558
2 6 131
6 2 131
2 7 140
7 2 140
2 18 789
18 2 789
2 58 692
58 2 692
2 9 589
9 2 589
2 30 100
30 2 100
2 22 528
22 2 528
2 56 125
56 2 125
2 7 483
7 2 483
2 32 725
32 2 725
2 46 658
46 2 658
2 20 391
20 2 391
2 63 663
63 2 663
2 4 678
4 2 678
2 48 725
48 2 725
2 47 711
47 2 711
2 59 724
59 2 724
2 3 520
3 2 520
2 26 356
26 2 356
2 14 541
14 2 541
2 18 264
18 2 264
2 31 487
31 2 487
2 3 593
3 2 593
2 32 398
32 2 398
2 63 483
63 2 483
2 49 384
49 2 384
2 37 889
37 2 889
2 23 81
23 2 81
2 7 303
7 2 303
2 22 745
22 2 745
2 47 869
47 2 869
2 32 465
32 2 465
2 8 384
8 2 384
2 6 883
6 2 883
2 20 119
20 2 119
2 25 393
25 2 393
3 48 213
48 3 213
3 42 572
42 3 572
3 19 155
19 3 155
3 7 671
7 3 671
3 27 207
27 3 207
3 36 213
36 3 213
3 14 529
14 3 529
3 36 589
36 3 589
3 31 507
31 3 507
3 24 48
24 3 48
3 9 319
9 3 319
3 29 795
29 3 795
3 14 925
14 3 925
3 41 742
41 3 742
3 7 703
7 3 703
3 6 987
6 3 987
3 12 470
12 3 470
3 4 5
4 3 5
3 51 573
51 3 573
3 33 644
33 3 644
3 60 839
60 3 839
4 52 420
52 4 420
4 66 554
66 4 554
4 47 676
47 4 676
4 12 345
12 4 345
4 60 9
60 4 9
4 59 304
59 4 304
4 52 927
52 4 927
4 66 632
66 4 632
4 38 796
38 4 796
4 49 108
49 4 108
4 63 198
63 4 198
4 51 66
51 4 66
4 38 487
38 4 487
4 43 237
43 4 237
4 5 92
5 4 92
4 39 214
39 4 214
4 28 381
28 4 381
4 33 705
33 4 705
4 16 305
16 4 305
4 16 752
16 4 752
4 48 460
48 4 460
4 58 729
58 4 729
4 51 661
51 4 661
4 41 286
41 4 286
4 27 878
27 4 878
4 22 938
22 4 938
4 32 974
32 4 974
4 57 255
57 4 255
4 30 721
30 4 721
4 55 205
55 4 205
4 29 654
29 4 654
4 64 156
64 4 156
5 12 282
12 5 282
5 14 592
14 5 592
5 65 365
65 5 365
5 10 557
10 5 557
5 8 230
8 5 230
5 7 609
7 5 609
5 43 315
43 5 315
5 20 377
20 5 377
5 7 885
7 5 885
5 33 834
33 5 834
5 45 454
45 5 454
5 59 803
59 5 803
5 61 704
61 5 704
5 21 975
21 5 975
5 7 947
7 5 947
5 19 927
19 5 927
5 26 740
26 5 740
5 57 446
57 5 446
5 35 652
35 5 652
5 14 646
14 5 646
5 18 447
18 5 447
5 51 786
51 5 786
5 31 885
31 5 885
6 8 1
8 6 1
6 9 325
9 6 325
6 10 14
10 6 14
6 43 915
43 6 915
6 30 13
30 6 13
6 59 127
59 6 127
6 31 651
31 6 651
6 63 746
63 6 746
6 52 466
52 6 466
6 10 47
10 6 47
6 36 910
36 6 910
6 61 495
61 6 495
6 54 348
54 6 348
6 17 211
17 6 211
6 62 174
62 6 174
6 57 463
57 6 463
6 34 730
34 6 730
6 32 119
32 6 119
6 43 600
43 6 600
6 15 112
15 6 112
6 59 278
59 6 278
6 39 681
39 6 681
6 65 798
65 6 798
6 23 352
23 6 352
6 42 726
42 6 726
6 33 487
33 6 487
6 34 633
34 6 633
6 33 169
33 6 169
6 56 980
56 6 980
6 34 948
34 6 948
6 49 140
49 6 140
7 13 973
13 7 973
7 32 466
32 7 466
7 24 886
24 7 886
7 10 430
10 7 430
7 36 211
36 7 211
7 47 510
47 7 510
7 47 948
47 7 948
7 20 400
20 7 400
7 24 8
24 7 8
7 33 532
33 7 532
7 66 688
66 7 688
7 32 201
32 7 201
7 13 163
13 7 163
7 50 179
50 7 179
7 29 820
29 7 820
7 37 242
37 7 242
7 26 893
26 7 893
7 32 641
32 7 641
7 30 35
30 7 35
7 28 127
28 7 127
7 56 530
56 7 530
7 39 832
39 7 832
8 11 525
11 8 525
8 14 367
14 8 367
8 21 843
21 8 843
8 29 324
29 8 324
8 37 625
37 8 625
8 39 473
39 8 473
8 53 188
53 8 188
8 55 918
55 8 918
8 32 720
32 8 720
8 37 572
37 8 572
8 23 176
23 8 176
8 33 370
33 8 370
8 66 530
66 8 530
8 45 873
45 8 873
8 45 830
45 8 830
8 48 817
48 8 817
8 31 449
31 8 449
8 27 110
27 8 110
8 28 612
28 8 612
8 36 896
36 8 896
8 30 46
30 8 46
8 52 991
52 8 991
8 52 255
52 8 255
9 24 404
24 9 404
9 13 987
13 9 987
9 37 893
37 9 893
9 49 856
49 9 856
9 28 984
28 9 984
9 15 977
15 9 977
9 17 954
17 9 954
9 65 307
65 9 307
9 14 462
14 9 462
9 14 796
14 9 796
9 59 647
59 9 647
9 49 930
49 9 930
9 17 424
17 9 424
9 30 33
30 9 33
9 59 424
59 9 424
9 40 343
40 9 343
9 19 89
19 9 89
10 15 480
15 10 480
10 17 417
17 10 417
10 47 692
47 10 692
10 33 818
33 10 818
10 45 794
45 10 794
10 58 244
58 10 244
10 50 13
50 10 13
10 17 989
17 10 989
10 50 906
50 10 906
10 11 965
11 10 965
10 62 796
62 10 796
10 40 524
40 10 524
10 20 279
20 10 279
10 54 537
54 10 537
10 47 234
47 10 234
10 50 263
50 10 263
10 43 552
43 10 552
10 57 115
57 10 115
10 53 890
53 10 890
10 19 367
19 10 367
10 48 548
48 10 548
10 51 370
51 10 370
10 63 159
63 10 159
10 14 351
14 10 351
10 14 802
14 10 802
11 25 561
25 11 561
11 30 810
30 11 810
11 45 311
45 11 311
11 29 349
29 11 349
11 53 585
53 11 585
11 28 838
28 11 838
11 37 873
37 11 873
11 57 43
57 11 43
11 42 899
42 11 899
11 65 938
65 11 938
11 32 25
32 11 25
11 29 709
29 11 709
11 34 186
34 11 186
11 38 796
38 11 796
11 26 435
26 11 435
11 54 825
54 11 825
11 59 503
59 11 503
11 34 298
34 11 298
11 66 149
66 11 149
11 20 818
20 11 818
12 20 962
20 12 962
12 30 786
30 12 786
12 57 630
57 12 630
12 45 82
45 12 82
12 28 63
28 12 63
12 63 587
63 12 587
12 60 978
60 12 978
12 17 618
17 12 618
12 35 297
35 12 297
12 26 550
26 12 550
12 60 240
60 12 240
12 58 349
58 12 349
12 55 165
55 12 165
12 37 24
37 12 24
12 19 893
19 12 893
12 41 931
41 12 931
12 64 350
64 12 350
12 36 667
36 12 667
12 50 133
50 12 133
12 44 756
44 12 756
12 57 819
57 12 819
12 52 440
52 12 440
12 13 773
13 12 773
12 16 538
16 12 538
13 62 483
62 13 483
13 18 326
18 13 326
13 38 621
38 13 621
13 36 404
36 13 404
13 41 459
41 13 459
13 51 165
51 13 165
13 41 802
41 13 802
13 66 615
66 13 615
13 64 668
64 13 668
13 49 479
49 13 479
13 58 361
58 13 361
13 19 449
19 13 449
13 33 530
33 13 530
13 42 194
42 13 194
13 30 459
30 13 459
13 46 352
46 13 352
13 63 441
63 13 441
13 40 999
40 13 999
13 64 29
64 13 29
13 32 655
32 13 655
13 37 501
37 13 501
13 22 572
22 13 572
13 21 326
21 13 326
13 43 25
43 13 25
14 56 436
56 14 436
14 28 617
28 14 617
14 50 775
50 14 775
14 26 976
26 14 976
14 58 988
58 14 988
14 24 186
24 14 186
14 62 658
62 14 658
14 30 371
30 14 371
14 18 73
18 14 73
14 57 510
57 14 510
14 38 193
38 14 193
14 42 898
42 14 898
14 36 331
36 14 331
14 35 85
35 14 85
14 37 782
37 14 782
14 26 397
26 14 397
14 56 184
56 14 184
14 32 664
32 14 664
14 33 351
33 14 351
14 46 676
46 14 676
14 38 274
38 14 274
15 16 133
16 15 133
15 27 615
27 15 615
15 16 304
16 15 304
15 60 283
60 15 283
15 21 136
21 15 136
15 34 430
34 15 430
15 65 55
65 15 55
15 39 554
39 15 554
15 58 801
58 15 801
15 43 808
43 15 808
15 66 390
66 15 390
15 36 509
36 15 509
15 25 544
25 15 544
15 64 588
64 15 588
15 56 566
56 15 566
15 26 372
26 15 372
15 43 935
43 15 935
15 52 684
52 15 684
15 61 878
61 15 878
15 34 77
34 15 77
15 46 330
46 15 330
15 65 809
65 15 809
15 42 530
42 15 530
15 40 322
40 15 322
15 66 48
66 15 48
15 15 649
15 15 649
15 48 406
48 15 406
15 41 305
41 15 305
15 48 346
48 15 346
15 58 243
58 15 243
15 23 881
23 15 881
15 62 819
62 15 819
16 50 655
50 16 655
16 66 452
66 16 452
16 28 357
28 16 357
16 49 97
49 16 97
16 44 749
44 16 749
16 28 715
28 16 715
16 55 981
55 16 981
16 56 523
56 16 523
16 24 800
24 16 800
16 41 170
41 16 170
16 61 454
61 16 454
16 59 994
59 16 994
16 32 827
32 16 827
16 44 628
44 16 628
16 42 189
42 16 189
16 17 868
17 16 868
16 57 617
57 16 617
16 41 813
41 16 813
16 65 138
65 16 138
16 19 124
19 16 124
16 64 956
64 16 956
16 19 555
19 16 555
16 64 234
64 16 234
16 57 262
57 16 262
16 30 101
30 16 101
16 24 725
24 16 725
16 64 50
64 16 50
16 42 192
42 16 192
16 30 234
30 16 234
17 35 49
35 17 49
17 63 122
63 17 122
17 66 793
66 17 793
17 34 576
34 17 576
17 21 487
21 17 487
17 29 252
29 17 252
17 27 23
27 17 23
17 29 432
29 17 432
17 40 753
40 17 753
17 45 941
45 17 941
17 57 564
57 17 564
17 37 143
37 17 143
17 25 73
25 17 73
17 60 192
60 17 192
17 31 183
31 17 183
17 26 548
26 17 548
18 19 120
19 18 120
18 28 542
28 18 542
18 33 447
33 18 447
18 51 418
51 18 418
18 27 671
27 18 671
18 55 134
55 18 134
18 29 810
29 18 810
18 37 458
37 18 458
18 27 540
27 18 540
18 52 26
52 18 26
18 38 357
38 18 357
18 62 5
62 18 5
18 42 62
42 18 62
18 59 613
59 18 613
18 34 46
34 18 46
18 48 669
48 18 669
18 20 219
20 18 219
18 26 697
26 18 697
18 39 29
39 18 29
18 52 292
52 18 292
18 22 157
22 18 157
18 53 351
53 18 351
18 49 539
49 18 539
18 46 506
46 18 506
18 29 892
29 18 892
19 22 185
22 19 185
19 34 764
34 19 764
19 53 338
53 19 338
19 29 772
29 19 772
19 47 665
47 19 665
19 28 271
28 19 271
19 51 229
51 19 229
19 26 415
26 19 415
19 22 120
22 19 120
19 61 524
61 19 524
19 60 87
60 19 87
19 45 394
45 19 394
19 65 530
65 19 530
19 41 386
41 19 386
19 20 150
20 19 150
19 20 406
20 19 406
19 61 498
61 19 498
19 38 864
38 19 864
20 59 749
59 20 749
20 58 985
58 20 985
20 57 685
57 20 685
20 60 866
60 20 866
20 29 303
29 20 303
20 20 101
20 20 101
20 50 437
50 20 437
20 48 128
48 20 128
20 65 376
65 20 376
20 60 468
60 20 468
20 61 108
61 20 108
20 66 372
66 20 372
20 49 907
49 20 907
20 60 710
60 20 710
20 31 971
31 20 971
21 54 995
54 21 995
21 57 777
57 21 777
21 23 866
23 21 866
21 53 725
53 21 725
21 35 442
35 21 442
21 26 550
26 21 550
21 55 873
55 21 873
21 64 161
64 21 161
21 25 341
25 21 341
21 32 521
32 21 521
21 48 436
48 21 436
21 51 133
51 21 133
21 34 758
34 21 758
21 22 379
22 21 379
21 59 670
59 21 670
21 55 88
55 21 88
21 35 913
35 21 913
22 51 329
51 22 329
22 64 230
64 22 230
22 66 62
66 22 62
22 56 606
56 22 606
22 27 468
27 22 468
22 46 208
46 22 208
22 45 125
45 22 125
22 35 136
35 22 136
22 30 326
30 22 326
22 57 337
57 22 337
22 46 211
46 22 211
22 29 104
29 22 104
22 35 475
35 22 475
22 23 879
23 22 879
22 43 867
43 22 867
22 38 314
38 22 314
23 26 861
26 23 861
23 45 375
45 23 375
23 55 928
55 23 928
23 56 698
56 23 698
23 40 755
40 23 755
23 39 584
39 23 584
23 44 591
44 23 591
23 37 128
37 23 128
23 46 179
46 23 179
23 41 163
41 23 163
23 35 857
35 23 857
24 57 245
57 24 245
24 53 872
53 24 872
24 58 795
58 24 795
24 29 183
29 24 183
24 47 773
47 24 773
24 56 149
56 24 149
24 48 197
48 24 197
24 63 797
63 24 797
24 38 628
38 24 628
24 33 68
33 24 68
24 50 572
50 24 572
24 36 885
36 24 885
24 38 428
38 24 428
24 33 352
33 24 352
24 26 16
26 24 16
25 65 314
65 25 314
25 60 731
60 25 731
25 31 970
31 25 970
25 47 757
47 25 757
25 45 849
45 25 849
25 45 742
45 25 742
25 37 888
37 25 888
25 26 358
26 25 358
25 51 642
51 25 642
25 57 519
57 25 519
25 63 740
63 25 740
25 50 26
50 25 26
25 48 361
48 25 361
26 38 735
38 26 735
26 44 431
44 26 431
26 32 617
32 26 617
26 34 346
34 26 346
26 47 198
47 26 198
26 62 571
62 26 571
26 32 147
32 26 147
26 34 296
34 26 296
26 28 765
28 26 765
26 38 245
38 26 245
26 46 352
46 26 352
26 64 919
64 26 919
26 51 180
51 26 180
26 48 335
48 26 335
26 61 730
61 26 730
26 59 137
59 26 137
26 44 382
44 26 382
26 49 68
49 26 68
26 58 970
58 26 970
27 47 691
47 27 691
27 28 266
28 27 266
27 30 45
30 27 45
27 49 871
49 27 871
27 57 500
57 27 500
27 58 851
58 27 851
27 62 410
62 27 410
27 37 158
37 27 158
27 48 549
48 27 549
27 37 624
37 27 624
27 50 8
50 27 8
27 53 229
53 27 229
27 32 503
32 27 503
27 42 502
42 27 502
27 41 883
41 27 883
27 45 467
45 27 467
27 31 421
31 27 421
28 31 989
31 28 989
28 34 700
34 28 700
28 49 904
49 28 904
28 30 849
30 28 849
28 34 306
34 28 306
28 52 414
52 28 414
28 29 341
29 28 341
29 32 160
32 29 160
29 41 851
41 29 851
29 44 422
44 29 422
29 31 820
31 29 820
29 66 824
66 29 824
29 62 302
62 29 302
29 41 3
41 29 3
29 39 202
39 29 202
29 52 429
52 29 429
29 37 497
37 29 497
29 57 604
57 29 604
29 49 418
49 29 418
29 58 384
58 29 384
29 30 427
30 29 427
29 64 653
64 29 653
29 43 398
43 29 398
30 57 539
57 30 539
30 43 619
43 30 619
30 34 21
34 30 21
30 39 63
39 30 63
30 40 141
40 30 141
30 49 212
49 30 212
30 52 310
52 30 310
30 47 691
47 30 691
30 43 645
43 30 645
30 61 685
61 30 685
30 65 13
65 30 13
30 49 174
49 30 174
31 56 803
56 31 803
31 65 113
65 31 113
31 62 328
62 31 328
31 49 513
49 31 513
31 37 754
37 31 754
31 56 265
56 31 265
31 42 383
42 31 383
31 40 528
40 31 528
31 66 66
66 31 66
31 50 99
50 31 99
31 36 935
36 31 935
31 57 974
57 31 974
31 54 363
54 31 363
32 33 42
33 32 42
32 36 277
36 32 277
32 66 736
66 32 736
32 62 860
62 32 860
32 62 140
62 32 140
32 61 750
61 32 750
32 38 640
38 32 640
32 59 935
59 32 935
32 40 114
40 32 114
32 63 985
63 32 985
32 33 419
33 32 419
32 40 918
40 32 918
32 63 542
63 32 542
32 33 115
33 32 115
32 42 836
42 32 836
32 36 39
36 32 39
32 55 73
55 32 73
32 34 84
34 32 84
32 54 18
54 32 18
32 43 667
43 32 667
32 36 165
36 32 165
33 52 785
52 33 785
33 48 333
48 33 333
33 50 110
50 33 110
33 63 280
63 33 280
33 40 77
40 33 77
33 63 132
63 33 132
33 46 141
46 33 141
33 59 75
59 33 75
33 43 116
43 33 116
33 60 661
60 33 661
33 46 895
46 33 895
33 43 777
43 33 777
33 56 606
56 33 606
33 57 867
57 33 867
34 52 38
52 34 38
34 65 135
65 34 135
34 46 383
46 34 383
34 43 762
43 34 762
34 50 816
50 34 816
34 62 218
62 34 218
34 53 432
53 34 432
34 63 720
63 34 720
34 48 883
48 34 883
34 63 61
63 34 61
34 57 705
57 34 705
34 39 191
39 34 191
35 40 374
40 35 374
35 52 642
52 35 642
35 52 232
52 35 232
35 60 807
60 35 807
35 63 157
63 35 157
35 44 218
44 35 218
35 36 643
36 35 643
35 42 897
42 35 897
35 55 896
55 35 896
35 53 47
53 35 47
35 48 407
48 35 407
35 61 907
61 35 907
35 57 400
57 35 400
35 46 678
46 35 678
36 58 803
58 36 803
36 48 942
48 36 942
36 43 97
43 36 97
36 44 424
44 36 424
36 36 837
36 36 837
36 42 668
42 36 668
36 40 582
40 36 582
36 40 154
40 36 154
36 54 521
54 36 521
36 37 346
37 36 346
36 50 304
50 36 304
36 62 377
62 36 377
36 47 758
47 36 758
36 36 788
36 36 788
36 37 931
37 36 931
36 47 802
47 36 802
36 61 445
61 36 445
36 37 181
37 36 181
36 43 460
43 36 460
36 38 736
38 36 736
36 61 555
61 36 555
37 39 697
39 37 697
37 62 525
62 37 525
37 55 820
55 37 820
37 58 902
58 37 902
37 38 907
38 37 907
37 63 423
63 37 423
37 50 802
50 37 802
37 64 235
64 37 235
37 54 860
54 37 860
37 58 652
58 37 652
37 60 691
60 37 691
37 51 416
51 37 416
38 49 500
49 38 500
38 44 94
44 38 94
38 44 93
44 38 93
38 51 582
51 38 582
38 56 150
56 38 150
38 58 807
58 38 807
38 44 470
44 38 470
38 54 989
54 38 989
39 46 778
46 39 778
39 53 698
53 39 698
39 48 902
48 39 902
39 52 631
52 39 631
39 60 366
60 39 366
39 60 502
60 39 502
39 53 257
53 39 257
39 47 329
47 39 329
39 59 802
59 39 802
39 43 375
43 39 375
39 50 688
50 39 688
39 60 701
60 39 701
40 60 197
60 40 197
40 66 112
66 40 112
40 54 552
54 40 552
40 48 696
48 40 696
41 42 181
42 41 181
41 64 551
64 41 551
41 66 994
66 41 994
41 47 636
47 41 636
41 58 202
58 41 202
42 57 182
57 42 182
42 60 782
60 42 782
42 54 263
54 42 263
42 64 77
64 42 77
42 50 539
50 42 539
42 56 126
56 42 126
42 52 86
52 42 86
42 58 441
58 42 441
42 46 285
46 42 285
42 55 411
55 42 411
42 46 320
46 42 320
42 65 46
65 42 46
43 45 187
45 43 187
43 48 461
48 43 461
43 53 507
53 43 507
43 66 989
66 43 989
43 56 953
56 43 953
43 60 237
60 43 237
43 48 948
48 43 948
43 48 669
48 43 669
43 58 204
58 43 204
43 50 341
50 43 341
43 60 60
60 43 60
44 44 650
44 44 650
44 66 796
66 44 796
44 45 737
45 44 737
44 49 546
49 44 546
44 48 685
48 44 685
44 56 47
56 44 47
44 60 775
60 44 775
44 54 444
54 44 444
44 61 530
61 44 530
44 46 434
46 44 434
44 62 546
62 44 546
45 63 525
63 45 525
45 55 352
55 45 352
45 52 808
52 45 808
45 65 284
65 45 284
45 59 592
59 45 592
45 64 973
64 45 973
45 46 100
46 45 100
45 47 819
47 45 819
46 53 929
53 46 929
46 56 731
56 46 731
46 52 737
52 46 737
46 65 947
65 46 947
47 55 719
55 47 719
47 50 886
50 47 886
47 66 152
66 47 152
47 49 528
49 47 528
47 54 980
54 47 980
47 55 91
55 47 91
47 49 290
49 47 290
48 64 791
64 48 791
48 55 350
55 48 350
48 57 805
57 48 805
48 55 377
55 48 377
48 51 179
51 48 179
49 52 114
52 49 114
49 58 324
58 49 324
49 62 932
62 49 932
49 56 219
56 49 219
49 53 681
53 49 681
50 55 430
55 50 430
50 61 512
61 50 512
50 59 588
59 50 588
50 66 595
66 50 595
50 64 493
64 50 493
51 60 741
60 51 741
51 53 344
53 51 344
51 53 692
53 51 692
51 61 651
61 51 651
51 61 115
61 51 115
52 53 468
53 52 468
52 55 121
55 52 121
52 55 212
55 52 212
52 54 793
54 52 793
52 58 713
58 52 713
52 60 614
60 52 614
53 61 642
61 53 642
53 56 652
56 53 652
53 55 201
55 53 201
53 54 65
54 53 65
53 62 992
62 53 992
53 54 593
54 53 593
53 59 303
59 53 303
54 56 772
56 54 772
54 66 855
66 54 855
54 59 735
59 54 735
55 61 163
61 55 163
55 57 897
57 55 897
56 60 294
60 56 294
56 60 355
60 56 355
56 66 640
66 56 640
56 62 492
62 56 492
56 56 621
56 56 621
57 62 513
62 57 513
57 62 215
62 57 215
57 62 68
62 57 68
57 59 787
59 57 787
57 62 826
62 57 826
57 61 511
61 57 511
58 64 75
64 58 75
58 63 333
63 58 333
58 58 673
58 58 673
59 62 341
62 59 341
60 65 911
65 60 911
61 66 792
66 61 792
61 66 748
66 61 748
61 63 912
63 61 912
62 66 691
66 62 691
62 64 451
64 62 451
62 66 79
66 62 79
65 66 806
66 65 806
66 66 16
66 66 16
