77

0 1 525
1 0 525
0 2 687
2 0 687
0 3 204
3 0 204
0 7 975
7 0 975
0 9 287
9 0 287
0 22 705
22 0 705
0 37 188
37 0 188
0 67 643
67 0 643
0 21 146
21 0 146
0 61 912
61 0 912
0 50 591
50 0 591
0 68 67
68 0 67
0 67 10
67 0 10
0 46 248
46 0 248
0 31 325
31 0 325
0 38 439
38 0 439
0 59 75
59 0 75
0 28 490
28 0 490
0 17 214
17 0 214
0 19 548
19 0 548
0 9 637
9 0 637
0 22 179
22 0 179
0 51 808
51 0 808
0 65 588
65 0 588
0 45 439
45 0 439
0 68 521
68 0 521
0 52 433
52 0 433
0 20 782
20 0 782
0 45 148
45 0 148
0 52 710
52 0 710
0 32 540
32 0 540
0 75 788
75 0 788
1 6 716
6 1 716
1 56 51
56 1 51
1 59 273
59 1 273
1 75 835
75 1 835
1 73 519
73 1 519
1 27 60
27 1 60
1 38 303
38 1 303
1 8 952
8 1 952
1 5 693
5 1 693
1 49 893
49 1 893
1 37 825
37 1 825
1 64 980
64 1 980
1 6 500
6 1 500
1 9 27
9 1 27
1 60 863
60 1 863
1 64 761
64 1 761
1 9 532
9 1 532
1 41 182
41 1 182
1 23 191
23 1 191
1 8 463
8 1 463
1 55 600
55 1 600
1 16 50
16 1 50
1 53 963
53 1 963
1 52 608
52 1 608
1 1 452
1 1 452
1 6 488
6 1 488
1 2 10
2 1 10
1 61 122
61 1 122
2 5 859
5 2 859
2 18 292
18 2 292
2 24 294
24 2 294
2 40 429
40 2 429
2 14 267
14 2 267
2 7 565
7 2 565
2 5 548
5 2 548
2 60 317
60 2 317
2 26 586
26 2 586
2 12 590
12 2 590
2 38 371
38 2 371
2 76 347
76 2 347
2 49 922
49 2 922
2 55 139
55 2 139
2 24 410
24 2 410
2 59 615
59 2 615
2 55 845
55 2 845
2 46 666
46 2 666
2 20 832
20 2 832
2 51 185
51 2 185
2 33 956
33 2 956
2 70 949
70 2 949
2 19 1
19 2 1
2 22 372
22 2 372
2 56 2
56 2 2
2 29 447
29 2 447
2 15 789
15 2 789
2 52 493
52 2 493
2 9 383
9 2 383
2 34 660
34 2 660
2 24 671
24 2 671
3 4 148
4 3 148
3 8 448
8 3 448
3 61 740
61 3 740
3 48 208
48 3 208
3 29 371
29 3 371
3 52 693
52 3 693
3 50 707
50 3 707
3 55 322
55 3 322
3 67 934
67 3 934
3 33 619
33 3 619
3 54 726
54 3 726
3 52 493
52 3 493
3 71 780
71 3 780
3 51 121
51 3 121
3 29 784
29 3 784
3 57 202
57 3 202
3 50 929
50 3 929
3 49 968
49 3 968
4 10 763
10 4 763
4 53 507
53 4 507
4 75 436
75 4 436
4 61 604
61 4 604
4 14 905
14 4 905
4 65 817
65 4 817
4 43 429
43 4 429
4 33 708
33 4 708
4 27 941
27 4 941
4 31 982
31 4 982
4 73 728
73 4 728
4 4 908
4 4 908
4 14 545
14 4 545
4 30 112
30 4 112
4 66 679
66 4 679
4 7 565
7 4 565
4 32 684
32 4 684
4 9 881
9 4 881
4 15 462
15 4 462
4 72 442
72 4 442
4 16 995
16 4 995
4 58 673
58 4 673
4 35 548
35 4 548
4 35 549
35 4 549
4 10 534
10 4 534
5 11 478
11 5 478
5 13 452
13 5 452
5 16 232
16 5 232
5 60 412
60 5 412
5 38 590
38 5 590
5 56 696
56 5 696
5 15 922
15 5 922
5 39 1000
39 5 1000
5 69 660
69 5 660
5 66 639
66 5 639
5 54 684
54 5 684
5 69 461
69 5 461
5 20 190
20 5 190
5 8 888
8 5 888
5 50 655
50 5 655
5 25 625
25 5 625
5 45 23
45 5 23
5 17 650
17 5 650
6 12 233
12 6 233
6 67 652
67 6 652
6 9 234
9 6 234
6 32 935
32 6 935
6 21 99
21 6 99
6 57 102
57 6 102
6 34 339
34 6 339
6 7 774
7 6 774
6 70 335
70 6 335
6 60 37
60 6 37
6 38 587
38 6 587
6 47 379
47 6 379
6 13 946
13 6 946
6 47 934
47 6 934
6 40 407
40 6 407
6 60 229
60 6 229
6 19 547
19 6 547
6 31 140
31 6 140
6 71 160
71 6 160
6 37 587
37 6 587
6 8 799
8 6 799
6 20 494
20 6 494
6 37 335
37 6 335
6 46 27
46 6 27
6 60 888
60 6 888
6 55 313
55 6 313
6 25 570
25 6 570
6 13 992
13 6 992
7 14 192
14 7 192
7 23 856
23 7 856
7 64 805
64 7 805
7 8 334
8 7 334
7 41 841
41 7 841
7 23 766
23 7 766
7 50 56
50 7 56
7 70 88
70 7 88
7 38 585
38 7 585
7 14 18
14 7 18
7 52 902
52 7 902
7 45 747
45 7 747
7 35 553
35 7 553
7 36 938
36 7 938
7 33 382
33 7 382
7 13 811
13 7 811
7 28 89
28 7 89
7 12 575
12 7 575
7 68 299
68 7 299
7 51 8
51 7 8
7 65 830
65 7 830
7 46 135
46 7 135
7 26 540
26 7 540
7 37 50
37 7 50
7 76 679
76 7 679
7 52 505
52 7 505
7 10 278
10 7 278
8 15 38
15 8 38
8 17 343
17 8 343
8 47 841
47 8 841
8 65 651
65 8 651
8 50 260
50 8 260
8 18 893
18 8 893
8 38 502
38 8 502
8 24 197
24 8 197
8 67 951
67 8 951
8 27 740
27 8 740
8 32 728
32 8 728
8 75 952
75 8 952
8 50 179
50 8 179
8 24 895
24 8 895
8 66 435
66 8 435
8 60 560
60 8 560
8 63 607
63 8 607
8 37 32
37 8 32
8 15 849
15 8 849
8 18 726
18 8 726
8 18 768
18 8 768
8 35 814
35 8 814
8 70 81
70 8 81
8 47 641
47 8 641
8 13 793
13 8 793
8 30 344
30 8 344
9 21 718
21 9 718
9 35 526
35 9 526
9 68 416
68 9 416
9 13 874
13 9 874
9 63 496
63 9 496
9 17 430
17 9 430
9 29 517
29 9 517
9 41 274
41 9 274
9 65 253
65 9 253
9 60 719
60 9 719
9 44 529
44 9 529
9 48 148
48 9 148
9 12 844
12 9 844
9 13 606
13 9 606
9 57 15
57 9 15
9 50 736
50 9 736
9 32 599
32 9 599
9 36 803
36 9 803
9 52 754
52 9 754
9 67 685
67 9 685
9 24 245
24 9 245
9 29 846
29 9 846
9 62 322
62 9 322
9 53 12
53 9 12
9 65 771
65 9 771
9 60 364
60 9 364
10 37 946
37 10 946
10 12 736
12 10 736
10 32 782
32 10 782
10 19 18
19 10 18
10 75 218
75 10 218
10 39 219
39 10 219
10 17 741
17 10 741
10 61 804
61 10 804
10 25 308
25 10 308
10 23 485
23 10 485
10 29 148
29 10 148
10 52 164
52 10 164
10 74 440
74 10 440
10 59 798
59 10 798
10 25 242
25 10 242
10 26 731
26 10 731
10 58 8
58 10 8
10 30 488
30 10 488
10 10 686
10 10 686
10 67 696
67 10 696
10 52 593
52 10 593
10 60 619
60 10 619
10 58 780
58 10 780
10 44 250
44 10 250
11 19 977
19 11 977
11 73 903
73 11 903
11 18 371
18 11 371
11 65 163
65 11 163
11 70 948
70 11 948
11 32 291
32 11 291
11 14 894
14 11 894
11 22 328
22 11 328
11 30 10
30 11 10
11 11 143
11 11 143
11 12 854
12 11 854
11 75 433
75 11 433
11 71 971
71 11 971
11 74 182
74 11 182
11 48 330
48 11 330
11 69 965
69 11 965
11 51 902
51 11 902
11 51 135
51 11 135
11 27 959
27 11 959
11 50 470
50 11 470
12 71 433
71 12 433
12 73 778
73 12 778
12 30 10
30 12 10
12 47 618
47 12 618
12 64 8
64 12 8
12 75 343
75 12 343
12 28 926
28 12 926
12 71 600
71 12 600
12 33 494
33 12 494
12 73 618
73 12 618
12 28 329
28 12 329
12 20 150
20 12 150
12 71 923
71 12 923
12 72 418
72 12 418
12 64 938
64 12 938
12 46 295
46 12 295
12 32 636
32 12 636
12 34 16
34 12 16
13 54 179
54 13 179
13 69 613
69 13 613
13 46 175
46 13 175
13 34 483
34 13 483
13 21 554
21 13 554
13 49 237
49 13 237
13 50 376
50 13 376
13 34 151
34 13 151
13 59 91
59 13 91
13 14 135
14 13 135
13 33 687
33 13 687
13 21 791
21 13 791
13 71 283
71 13 283
13 55 551
55 13 551
13 56 39
56 13 39
13 16 66
16 13 66
13 42 452
42 13 452
13 76 744
76 13 744
13 23 422
23 13 422
13 50 228
50 13 228
13 23 73
23 13 73
13 13 106
13 13 106
13 58 90
58 13 90
13 37 541
37 13 541
14 26 354
26 14 354
14 31 330
31 14 330
14 48 261
48 14 261
14 60 874
60 14 874
14 27 623
27 14 623
14 24 782
24 14 782
14 27 942
27 14 942
14 43 269
43 14 269
14 30 999
30 14 999
14 64 806
64 14 806
14 61 735
61 14 735
14 57 452
57 14 452
14 52 795
52 14 795
14 45 516
45 14 516
14 41 839
41 14 839
14 67 144
67 14 144
14 37 934
37 14 934
14 67 298
67 14 298
14 42 520
42 14 520
14 18 569
18 14 569
14 51 629
51 14 629
14 18 614
18 14 614
14 22 286
22 14 286
14 67 98
67 14 98
14 55 212
55 14 212
14 24 51
24 14 51
14 28 707
28 14 707
14 24 944
24 14 944
15 32 864
32 15 864
15 38 516
38 15 516
15 56 865
56 15 865
15 31 884
31 15 884
15 29 517
29 15 517
15 43 238
43 15 238
15 26 628
26 15 628
15 67 605
67 15 605
15 67 439
67 15 439
15 59 783
59 15 783
15 46 727
46 15 727
15 65 834
65 15 834
15 29 91
29 15 91
15 25 616
25 15 616
15 48 100
48 15 100
15 25 689
25 15 689
16 34 736
34 16 736
16 16 978
16 16 978
16 59 443
59 16 443
16 60 156
60 16 156
16 34 400
34 16 400
16 45 341
45 16 341
16 29 18
29 16 18
16 36 305
36 16 305
16 31 99
31 16 99
16 26 17
26 16 17
16 73 639
73 16 639
16 20 750
20 16 750
16 61 43
61 16 43
16 37 786
37 16 786
16 22 336
22 16 336
16 62 632
62 16 632
16 17 253
17 16 253
16 36 406
36 16 406
16 23 375
23 16 375
16 36 295
36 16 295
16 35 212
35 16 212
16 32 603
32 16 603
17 31 223
31 17 223
17 38 557
38 17 557
17 44 393
44 17 393
17 35 19
35 17 19
17 51 938
51 17 938
17 17 364
17 17 364
17 40 681
40 17 681
17 64 126
64 17 126
17 76 468
76 17 468
17 34 677
34 17 677
17 44 601
44 17 601
17 74 442
74 17 442
17 48 510
48 17 510
17 49 708
49 17 708
17 49 918
49 17 918
17 56 955
56 17 955
17 64 918
64 17 918
18 20 689
20 18 689
18 43 591
43 18 591
18 46 511
46 18 511
18 26 238
26 18 238
18 22 92
22 18 92
18 53 132
53 18 132
18 74 46
74 18 46
18 74 768
74 18 768
18 32 585
32 18 585
18 75 908
75 18 908
18 58 936
58 18 936
18 49 271
49 18 271
18 72 753
72 18 753
18 52 596
52 18 596
18 52 974
52 18 974
18 59 156
59 18 156
18 63 324
63 18 324
18 41 87
41 18 87
18 52 959
52 18 959
18 37 124
37 18 124
18 53 119
53 18 119
19 30 170
30 19 170
19 43 49
43 19 49
19 34 129
34 19 129
19 42 630
42 19 630
19 55 437
55 19 437
19 43 170
43 19 170
19 74 751
74 19 751
19 41 413
41 19 413
19 46 267
46 19 267
19 76 909
76 19 909
19 32 218
32 19 218
19 65 398
65 19 398
19 75 809
75 19 809
19 50 397
50 19 397
20 25 902
25 20 902
20 49 487
49 20 487
20 28 968
28 20 968
20 42 767
42 20 767
20 59 979
59 20 979
20 65 759
65 20 759
20 39 980
39 20 980
20 21 653
21 20 653
20 37 205
37 20 205
20 21 951
21 20 951
20 67 852
67 20 852
20 49 172
49 20 172
20 32 942
32 20 942
20 66 683
66 20 683
20 70 872
70 20 872
21 28 621
28 21 621
21 41 831
41 21 831
21 45 456
45 21 456
21 31 642
31 21 642
21 60 414
60 21 414
21 37 279
37 21 279
21 39 138
39 21 138
21 49 327
49 21 327
21 26 440
26 21 440
21 47 739
47 21 739
21 31 526
31 21 526
21 41 550
41 21 550
21 58 605
58 21 605
21 38 192
38 21 192
21 64 399
64 21 399
21 50 966
50 21 966
21 22 992
22 21 992
22 26 620
26 22 620
22 62 846
62 22 846
22 35 473
35 22 473
22 38 215
38 22 215
22 69 599
69 22 599
22 69 621
69 22 621
22 24 244
24 22 244
22 63 343
63 22 343
22 31 38
31 22 38
22 35 586
35 22 586
22 64 599
64 22 599
22 24 57
24 22 57
22 68 979
68 22 979
23 74 689
74 23 689
23 65 549
65 23 549
23 68 72
68 23 72
23 63 59
63 23 59
23 52 446
52 23 446
23 44 679
44 23 679
23 57 14
57 23 14
23 74 198
74 23 198
23 58 987
58 23 987
23 69 364
69 23 364
23 41 137
41 23 137
23 76 672
76 23 672
23 31 86
31 23 86
23 61 268
61 23 268
23 26 770
26 23 770
23 59 917
59 23 917
23 46 150
46 23 150
23 26 342
26 23 342
24 57 490
57 24 490
24 52 348
52 24 348
24 72 599
72 24 599
24 60 69
60 24 69
24 26 563
26 24 563
24 37 767
37 24 767
24 51 310
51 24 310
24 53 15
53 24 15
24 53 485
53 24 485
24 74 542
74 24 542
24 49 106
49 24 106
25 27 387
27 25 387
25 42 656
42 25 656
25 27 472
27 25 472
25 47 416
47 25 416
25 72 82
72 25 82
25 66 380
66 25 380
25 59 809
59 25 809
25 66 9
66 25 9
25 56 289
56 25 289
25 33 270
33 25 270
25 25 974
25 25 974
25 36 526
36 25 526
25 73 150
73 25 150
25 45 53
45 25 53
25 60 698
60 25 698
26 29 742
29 26 742
26 39 268
39 26 268
26 76 813
76 26 813
26 45 360
45 26 360
26 28 134
28 26 134
26 48 121
48 26 121
26 73 634
73 26 634
26 69 481
69 26 481
26 46 337
46 26 337
26 54 351
54 26 351
26 68 984
68 26 984
26 34 700
34 26 700
26 28 783
28 26 783
26 66 652
66 26 652
27 45 324
45 27 324
27 60 48
60 27 48
27 37 711
37 27 711
27 69 317
69 27 317
27 44 825
44 27 825
27 36 632
36 27 632
27 71 845
71 27 845
27 34 149
34 27 149
27 61 778
61 27 778
27 41 760
41 27 760
27 64 310
64 27 310
27 75 897
75 27 897
27 64 844
64 27 844
27 28 431
28 27 431
27 35 252
35 27 252
27 28 622
28 27 622
27 44 7
44 27 7
27 74 426
74 27 426
27 52 885
52 27 885
27 58 443
58 27 443
27 69 123
69 27 123
27 31 402
31 27 402
27 65 663
65 27 663
28 71 230
71 28 230
28 72 229
72 28 229
28 67 310
67 28 310
28 63 639
63 28 639
28 71 484
71 28 484
28 32 369
32 28 369
28 63 72
63 28 72
28 29 167
29 28 167
28 49 848
49 28 848
28 76 897
76 28 897
28 43 986
43 28 986
28 29 22
29 28 22
28 47 669
47 28 669
28 58 892
58 28 892
28 58 311
58 28 311
28 45 235
45 28 235
28 46 990
46 28 990
28 55 89
55 28 89
29 36 923
36 29 923
29 56 159
56 29 159
29 76 105
76 29 105
29 52 160
52 29 160
29 41 864
41 29 864
29 64 403
64 29 403
29 66 727
66 29 727
29 70 836
70 29 836
29 49 11
49 29 11
29 72 678
72 29 678
29 68 659
68 29 659
29 72 259
72 29 259
30 66 846
66 30 846
30 45 889
45 30 889
30 43 811
43 30 811
30 53 724
53 30 724
30 73 651
73 30 651
30 53 423
53 30 423
30 59 393
59 30 393
30 63 192
63 30 192
30 66 1000
66 30 1000
30 59 935
59 30 935
30 44 623
44 30 623
31 33 336
33 31 336
31 36 293
36 31 293
31 44 747
44 31 747
31 55 983
55 31 983
31 54 69
54 31 69
31 38 626
38 31 626
31 42 209
42 31 209
31 33 461
33 31 461
31 65 315
65 31 315
31 62 557
62 31 557
31 49 626
49 31 626
31 55 816
55 31 816
31 35 955
35 31 955
31 66 590
66 31 590
31 74 616
74 31 616
31 53 306
53 31 306
31 40 789
40 31 789
31 64 178
64 31 178
31 49 616
49 31 616
31 47 193
47 31 193
31 75 833
75 31 833
31 59 896
59 31 896
32 71 333
71 32 333
32 46 613
46 32 613
32 74 624
74 32 624
32 42 468
42 32 468
32 40 949
40 32 949
32 69 433
69 32 433
32 46 965
46 32 965
32 69 352
69 32 352
32 47 48
47 32 48
32 37 516
37 32 516
32 45 210
45 32 210
32 75 495
75 32 495
32 35 52
35 32 52
32 63 227
63 32 227
33 49 170
49 33 170
33 58 128
58 33 128
33 51 526
51 33 526
33 61 553
61 33 553
33 75 555
75 33 555
33 36 398
36 33 398
33 73 279
73 33 279
33 39 214
39 33 214
33 37 909
37 33 909
33 62 122
62 33 122
33 67 465
67 33 465
33 61 107
61 33 107
33 69 141
69 33 141
33 73 653
73 33 653
33 64 447
64 33 447
34 53 381
53 34 381
34 73 736
73 34 736
34 42 187
42 34 187
34 73 962
73 34 962
34 53 890
53 34 890
34 70 94
70 34 94
34 76 120
76 34 120
34 67 230
67 34 230
34 52 537
52 34 537
34 36 325
36 34 325
34 65 8
65 34 8
34 64 390
64 34 390
34 55 92
55 34 92
35 70 291
70 35 291
35 59 472
59 35 472
35 62 956
62 35 956
35 65 262
65 35 262
35 48 167
48 35 167
35 53 102
53 35 102
35 36 388
36 35 388
35 39 973
39 35 973
36 70 783
70 36 783
36 64 262
64 36 262
36 42 457
42 36 457
36 62 278
62 36 278
36 49 934
49 36 934
36 55 368
55 36 368
36 48 618
48 36 618
36 49 540
49 36 540
36 52 961
52 36 961
36 66 679
66 36 679
36 57 367
57 36 367
36 58 911
58 36 911
36 76 59
76 36 59
36 44 865
44 36 865
36 58 608
58 36 608
36 75 899
75 36 899
36 57 472
57 36 472
37 39 260
39 37 260
37 45 600
45 37 600
37 53 347
53 37 347
37 43 389
43 37 389
37 58 808
58 37 808
37 46 593
46 37 593
37 56 719
56 37 719
37 70 111
70 37 111
37 51 283
51 37 283
37 70 485
70 37 485
37 62 520
62 37 520
37 40 296
40 37 296
38 50 839
50 38 839
38 58 2
58 38 2
38 56 920
56 38 920
38 51 925
51 38 925
38 48 798
48 38 798
38 70 741
70 38 741
38 73 142
73 38 142
39 53 616
53 39 616
39 69 369
69 39 369
39 45 729
45 39 729
39 54 755
54 39 755
39 66 323
66 39 323
40 71 707
71 40 707
40 47 266
47 40 266
40 47 413
47 40 413
40 58 837
58 40 837
40 71 898
71 40 898
40 75 437
75 40 437
40 54 616
54 40 616
41 52 784
52 41 784
41 54 258
54 41 258
41 74 111
74 41 111
41 71 498
71 41 498
41 69 445
69 41 445
41 49 415
49 41 415
41 73 128
73 41 128
41 64 719
64 41 719
41 47 6
47 41 6
42 68 950
68 42 950
42 68 835
68 42 835
42 62 573
62 42 573
42 45 916
45 42 916
42 59 886
59 42 886
42 59 410
59 42 410
42 67 875
67 42 875
42 43 852
43 42 852
42 74 800
74 42 800
42 63 586
63 42 586
42 74 526
74 42 526
42 47 551
47 42 551
43 51 705
51 43 705
43 56 974
56 43 974
43 49 604
49 43 604
43 50 660
50 43 660
43 73 763
73 43 763
43 48 707
48 43 707
43 72 185
72 43 185
43 60 404
60 43 404
43 50 409
50 43 409
44 69 386
69 44 386
44 60 613
60 44 613
44 76 422
76 44 422
44 49 964
49 44 964
44 66 532
66 44 532
44 54 427
54 44 427
44 50 463
50 44 463
45 59 552
59 45 552
45 61 662
61 45 662
45 56 801
56 45 801
45 68 537
68 45 537
45 60 33
60 45 33
45 70 484
70 45 484
45 46 791
46 45 791
45 71 760
71 45 760
45 51 555
51 45 555
45 64 576
64 45 576
46 70 425
70 46 425
46 64 80
64 46 80
46 74 145
74 46 145
46 63 123
63 46 123
46 63 673
63 46 673
46 48 35
48 46 35
46 58 40
58 46 40
46 64 283
64 46 283
46 67 279
67 46 279
46 75 237
75 46 237
47 50 155
50 47 155
47 70 109
70 47 109
47 68 691
68 47 691
47 48 93
48 47 93
47 65 833
65 47 833
47 69 611
69 47 611
47 51 772
51 47 772
48 58 63
58 48 63
48 70 303
70 48 303
48 74 43
74 48 43
48 50 679
50 48 679
48 67 786
67 48 786
48 56 5
56 48 5
48 74 841
74 48 841
48 53 739
53 48 739
48 61 648
61 48 648
49 69 671
69 49 671
49 69 848
69 49 848
49 55 660
55 49 660
49 59 277
59 49 277
49 57 920
57 49 920
49 62 1
62 49 1
49 53 921
53 49 921
49 61 43
61 49 43
49 68 982
68 49 982
50 70 171
70 50 171
50 60 783
60 50 783
50 72 625
72 50 625
50 73 673
73 50 673
50 52 598
52 50 598
50 56 714
56 50 714
50 75 739
75 50 739
50 69 342
69 50 342
51 62 280
62 51 280
51 72 16
72 51 16
51 64 869
64 51 869
51 64 702
64 51 702
51 57 741
57 51 741
51 68 789
68 51 789
51 76 538
76 51 538
51 54 677
54 51 677
51 68 203
68 51 203
52 76 250
76 52 250
52 64 376
64 52 376
52 58 779
58 52 779
52 61 912
61 52 912
52 71 893
71 52 893
53 66 719
66 53 719
53 67 655
67 53 655
53 69 409
69 53 409
53 72 450
72 53 450
53 74 207
74 53 207
53 64 301
64 53 301
53 62 461
62 53 461
53 55 870
55 53 870
53 73 648
73 53 648
53 57 518
57 53 518
54 63 873
63 54 873
54 65 707
65 54 707
54 71 615
71 54 615
54 76 326
76 54 326
54 74 248
74 54 248
54 62 896
62 54 896
54 56 16
56 54 16
54 60 423
60 54 423
54 71 1000
71 54 1000
55 67 589
67 55 589
55 63 707
63 55 707
55 64 719
64 55 719
55 74 107
74 55 107
55 63 396
63 55 396
55 76 195
76 55 195
55 74 52
74 55 52
56 63 114
63 56 114
56 72 45
72 56 45
56 57 832
57 56 832
56 67 680
67 56 680
56 61 439
61 56 439
56 64 899
64 56 899
56 63 665
63 56 665
56 63 677
63 56 677
56 75 933
75 56 933
57 65 787
65 57 787
57 58 225
58 57 225
57 73 701
73 57 701
57 63 758
63 57 758
57 60 430
60 57 430
57 72 658
72 57 658
57 66 980
66 57 980
57 66 467
66 57 467
57 68 904
68 57 904
58 59 703
59 58 703
58 69 797
69 58 797
58 67 220
67 58 220
59 59 521
59 59 521
59 74 120
74 59 120
59 63 786
63 59 786
59 70 751
70 59 751
59 62 241
62 59 241
59 76 409
76 59 409
60 64 969
64 60 969
60 60 937
60 60 937
60 73 654
73 60 654
60 76 963
76 60 963
60 76 408
76 60 408
61 75 766
75 61 766
61 64 791
64 61 791
61 65 653
65 61 653
61 76 816
76 61 816
61 68 794
68 61 794
62 67 17
67 62 17
62 71 784
71 62 784
62 76 979
76 62 979
63 67 924
67 63 924
63 67 537
67 63 537
63 73 703
73 63 703
63 75 868
75 63 868
63 65 469
65 63 469
63 71 662
71 63 662
63 66 422
66 63 422
63 70 61
70 63 61
63 67 968
67 63 968
63 74 504
74 63 504
63 66 56
66 63 56
63 72 338
72 63 338
63 70 547
70 63 547
63 76 205
76 63 205
64 69 233
69 64 233
64 74 15
74 64 15
65 72 797
72 65 797
65 71 463
71 65 463
66 69 715
69 66 715
66 67 127
67 66 127
67 68 95
68 67 95
67 75 213
75 67 213
67 72 267
72 67 267
68 71 485
71 68 485
68 76 71
76 68 71
68 75 861
75 68 861
68 70 717
70 68 717
69 76 921
76 69 921
70 73 449
73 70 449
70 74 51
74 70 51
70 73 545
73 70 545
71 76 651
76 71 651
72 74 155
74 72 155
73 76 19
76 73 19
73 75 25
75 73 25
73 75 154
75 73 154
73 74 434
74 73 434
74 76 835
76 74 835
74 75 976
75 74 976
75 76 963
76 75 963
75 75 86
75 75 86
