33

0 1 376
1 0 376
0 3 959
3 0 959
0 4 991
4 0 991
0 6 338
6 0 338
0 11 949
11 0 949
0 26 744
26 0 744
0 28 144
28 0 144
0 18 901
18 0 901
0 26 68
26 0 68
0 23 158
23 0 158
0 6 187
6 0 187
1 2 484
2 1 484
1 13 567
13 1 567
1 20 458
20 1 458
1 14 470
14 1 470
1 10 806
10 1 806
1 8 161
8 1 161
1 28 784
28 1 784
1 30 459
30 1 459
2 23 121
23 2 121
2 25 499
25 2 499
2 32 711
32 2 711
3 5 801
5 3 801
3 7 171
7 3 171
3 9 492
9 3 492
3 15 956
15 3 956
3 17 140
17 3 140
3 8 636
8 3 636
4 19 355
19 4 355
4 20 240
20 4 240
5 8 191
8 5 191
6 25 674
25 6 674
6 21 974
21 6 974
7 29 995
29 7 995
7 32 148
32 7 148
8 14 48
14 8 48
8 27 997
27 8 997
8 31 594
31 8 594
8 29 923
29 8 923
8 19 572
19 8 572
8 32 202
32 8 202
8 15 153
15 8 153
8 18 711
18 8 711
8 20 405
20 8 405
8 12 831
12 8 831
9 10 31
10 9 31
11 12 163
12 11 163
11 16 658
16 11 658
12 21 804
21 12 804
12 18 147
18 12 147
13 19 924
19 13 924
13 22 424
22 13 424
13 28 213
28 13 213
13 17 444
17 13 444
14 18 197
18 14 197
14 21 655
21 14 655
15 26 96
26 15 96
16 22 860
22 16 860
16 32 555
32 16 555
19 29 526
29 19 526
20 24 662
24 20 662
21 30 690
30 21 690
22 29 30
29 22 30
23 29 283
29 23 283
26 32 355
32 26 355
26 28 227
28 26 227
29 29 392
29 29 392
