36

0 1 875
1 0 875
0 3 579
3 0 579
0 6 413
6 0 413
0 12 217
12 0 217
1 2 759
2 1 759
1 7 24
7 1 24
1 11 13
11 1 13
1 21 474
21 1 474
1 26 367
26 1 367
1 29 942
29 1 942
1 10 610
10 1 610
2 4 158
4 2 158
2 20 298
20 2 298
2 34 900
34 2 900
3 16 239
16 3 239
3 22 749
22 3 749
3 8 271
8 3 271
4 5 34
5 4 34
4 10 709
10 4 709
4 13 559
13 4 559
4 34 84
34 4 84
5 9 110
9 5 110
5 27 169
27 5 169
6 23 863
23 6 863
7 8 948
8 7 948
7 19 609
19 7 609
8 14 493
14 8 493
9 30 83
30 9 83
9 32 487
32 9 487
10 27 757
27 10 757
10 22 429
22 10 429
11 18 966
18 11 966
12 35 607
35 12 607
12 21 446
21 12 446
12 13 932
13 12 932
13 15 869
15 13 869
13 17 674
17 13 674
15 17 617
17 15 617
17 33 886
33 17 886
18 22 759
22 18 759
20 33 201
33 20 201
21 24 386
24 21 386
21 25 969
25 21 969
21 35 554
35 21 554
21 27 724
27 21 724
23 28 244
28 23 244
26 28 856
28 26 856
26 34 540
34 26 540
27 31 790
31 27 790
31 31 488
31 31 488
31 35 253
35 31 253
