41

0 1 753
1 0 753
0 2 250
2 0 250
0 5 243
5 0 243
0 20 701
20 0 701
0 7 222
7 0 222
0 29 27
29 0 27
0 38 591
38 0 591
0 23 938
23 0 938
0 20 311
20 0 311
0 26 417
26 0 417
0 0 23
0 0 23
0 21 937
21 0 937
0 39 413
39 0 413
0 1 233
1 0 233
0 9 169
9 0 169
0 34 347
34 0 347
0 40 392
40 0 392
0 26 882
26 0 882
0 9 124
9 0 124
0 37 603
37 0 603
0 5 754
5 0 754
0 18 734
18 0 734
0 17 367
17 0 367
0 9 462
9 0 462
0 22 726
22 0 726
1 3 875
3 1 875
1 4 926
4 1 926
1 10 273
10 1 273
1 12 885
12 1 885
1 14 596
14 1 596
1 19 490
19 1 490
1 2 936
2 1 936
1 31 614
31 1 614
1 30 390
30 1 390
1 10 632
10 1 632
1 12 345
12 1 345
1 2 697
2 1 697
2 36 989
36 2 989
2 18 967
18 2 967
2 24 33
24 2 33
2 6 389
6 2 389
2 14 524
14 2 524
2 40 149
40 2 149
2 12 837
12 2 837
2 4 234
4 2 234
2 17 4
17 2 4
2 11 91
11 2 91
2 37 48
37 2 48
2 34 284
34 2 284
2 20 399
20 2 399
2 4 90
4 2 90
2 17 903
17 2 903
3 8 882
8 3 882
3 11 325
11 3 325
3 18 158
18 3 158
3 25 117
25 3 117
3 37 836
37 3 836
3 25 565
25 3 565
3 23 683
23 3 683
3 20 302
20 3 302
3 15 779
15 3 779
4 14 452
14 4 452
4 30 689
30 4 689
4 9 710
9 4 710
4 36 283
36 4 283
4 18 317
18 4 317
4 7 785
7 4 785
4 16 996
16 4 996
4 18 653
18 4 653
4 13 817
13 4 817
4 35 665
35 4 665
4 30 81
30 4 81
4 17 81
17 4 81
4 35 627
35 4 627
4 10 286
10 4 286
4 35 345
35 4 345
4 25 181
25 4 181
4 30 570
30 4 570
4 19 108
19 4 108
4 23 408
23 4 408
4 7 603
7 4 603
4 13 665
13 4 665
5 6 552
6 5 552
5 7 169
7 5 169
5 21 827
21 5 827
5 26 139
26 5 139
5 10 931
10 5 931
5 17 988
17 5 988
5 35 231
35 5 231
5 40 545
40 5 545
5 19 703
19 5 703
5 31 101
31 5 101
5 10 832
10 5 832
5 31 775
31 5 775
5 8 602
8 5 602
5 16 209
16 5 209
5 10 494
10 5 494
5 26 54
26 5 54
5 24 274
24 5 274
5 31 339
31 5 339
5 31 918
31 5 918
6 13 900
13 6 900
6 19 678
19 6 678
6 30 987
30 6 987
6 35 858
35 6 858
6 39 967
39 6 967
6 15 69
15 6 69
6 9 35
9 6 35
6 7 561
7 6 561
6 20 524
20 6 524
6 35 67
35 6 67
6 31 868
31 6 868
6 37 17
37 6 17
7 9 923
9 7 923
7 15 556
15 7 556
7 36 255
36 7 255
7 16 665
16 7 665
7 33 19
33 7 19
7 32 407
32 7 407
7 23 160
23 7 160
7 16 343
16 7 343
7 8 235
8 7 235
7 32 578
32 7 578
7 25 445
25 7 445
7 27 609
27 7 609
7 23 815
23 7 815
7 22 394
22 7 394
7 39 509
39 7 509
7 27 746
27 7 746
7 15 794
15 7 794
7 31 870
31 7 870
8 22 630
22 8 630
8 15 9
15 8 9
8 35 220
35 8 220
8 13 980
13 8 980
8 34 180
34 8 180
8 28 772
28 8 772
8 26 199
26 8 199
8 21 865
21 8 865
8 21 376
21 8 376
8 35 719
35 8 719
8 34 53
34 8 53
8 26 777
26 8 777
8 12 312
12 8 312
8 9 655
9 8 655
8 21 339
21 8 339
9 12 312
12 9 312
9 40 578
40 9 578
9 13 855
13 9 855
9 23 123
23 9 123
9 10 237
10 9 237
9 32 225
32 9 225
9 28 239
28 9 239
9 33 937
33 9 937
9 36 776
36 9 776
9 19 306
19 9 306
9 9 109
9 9 109
10 39 211
39 10 211
10 31 49
31 10 49
10 13 621
13 10 621
10 11 938
11 10 938
10 18 802
18 10 802
10 31 366
31 10 366
10 18 243
18 10 243
10 26 936
26 10 936
10 18 831
18 10 831
11 16 190
16 11 190
11 40 438
40 11 438
11 39 119
39 11 119
11 19 354
19 11 354
11 27 575
27 11 575
11 13 268
13 11 268
11 35 322
35 11 322
11 19 163
19 11 163
11 21 203
21 11 203
11 14 601
14 11 601
12 34 128
34 12 128
12 40 732
40 12 732
12 13 633
13 12 633
12 31 955
31 12 955
12 36 242
36 12 242
12 36 91
36 12 91
12 12 694
12 12 694
12 18 59
18 12 59
12 33 877
33 12 877
12 26 424
26 12 424
12 27 8
27 12 8
12 33 440
33 12 440
13 27 617
27 13 617
13 14 347
14 13 347
13 24 342
24 13 342
13 17 709
17 13 709
13 18 360
18 13 360
13 16 361
16 13 361
13 32 41
32 13 41
13 24 536
24 13 536
13 25 611
25 13 611
13 33 468
33 13 468
13 20 869
20 13 869
13 40 399
40 13 399
13 38 638
38 13 638
13 33 7
33 13 7
13 39 969
39 13 969
13 18 262
18 13 262
13 39 448
39 13 448
13 16 102
16 13 102
14 17 876
17 14 876
14 31 919
31 14 919
14 39 371
39 14 371
14 31 523
31 14 523
14 39 949
39 14 949
14 36 400
36 14 400
14 28 636
28 14 636
14 32 657
32 14 657
15 32 195
32 15 195
15 17 486
17 15 486
15 27 560
27 15 560
15 23 681
23 15 681
15 30 510
30 15 510
15 36 794
36 15 794
15 21 246
21 15 246
15 33 949
33 15 949
16 36 422
36 16 422
16 33 943
33 16 943
16 29 78
29 16 78
16 18 374
18 16 374
16 25 172
25 16 172
16 31 946
31 16 946
17 40 144
40 17 144
17 33 492
33 17 492
17 34 718
34 17 718
17 34 414
34 17 414
17 39 224
39 17 224
17 36 536
36 17 536
17 18 344
18 17 344
17 29 65
29 17 65
17 28 391
28 17 391
17 25 911
25 17 911
18 38 944
38 18 944
18 19 522
19 18 522
18 38 850
38 18 850
18 19 396
19 18 396
18 25 947
25 18 947
18 37 379
37 18 379
18 33 684
33 18 684
18 36 70
36 18 70
19 24 601
24 19 601
19 28 818
28 19 818
19 21 750
21 19 750
19 27 972
27 19 972
19 23 468
23 19 468
19 32 414
32 19 414
19 39 100
39 19 100
19 21 270
21 19 270
19 36 570
36 19 570
20 23 890
23 20 890
20 31 368
31 20 368
20 38 784
38 20 784
20 31 816
31 20 816
20 39 193
39 20 193
20 27 474
27 20 474
20 31 254
31 20 254
20 20 188
20 20 188
20 27 957
27 20 957
21 23 156
23 21 156
21 36 247
36 21 247
21 25 454
25 21 454
21 26 796
26 21 796
21 35 116
35 21 116
22 27 706
27 22 706
22 23 482
23 22 482
22 29 661
29 22 661
22 26 91
26 22 91
22 30 386
30 22 386
22 26 248
26 22 248
23 33 284
33 23 284
23 37 647
37 23 647
23 35 462
35 23 462
23 26 95
26 23 95
24 37 991
37 24 991
24 38 866
38 24 866
24 30 999
30 24 999
24 30 580
30 24 580
24 26 138
26 24 138
25 36 237
36 25 237
25 28 141
28 25 141
25 28 150
28 25 150
25 37 80
37 25 80
26 32 795
32 26 795
26 35 448
35 26 448
26 36 725
36 26 725
26 32 66
32 26 66
26 40 360
40 26 360
26 31 102
31 26 102
27 34 681
34 27 681
27 37 169
37 27 169
27 38 896
38 27 896
28 29 347
29 28 347
28 30 567
30 28 567
28 35 853
35 28 853
28 34 84
34 28 84
28 31 378
31 28 378
28 31 811
31 28 811
28 29 367
29 28 367
28 35 959
35 28 959
29 36 456
36 29 456
29 32 551
32 29 551
29 39 627
39 29 627
29 32 213
32 29 213
30 34 532
34 30 532
30 31 136
31 30 136
30 40 970
40 30 970
30 40 407
40 30 407
31 33 463
33 31 463
31 35 361
35 31 361
32 35 13
35 32 13
32 40 33
40 32 33
32 35 879
35 32 879
32 37 739
37 32 739
32 37 794
37 32 794
32 32 989
32 32 989
32 33 175
33 32 175
32 36 859
36 32 859
33 36 578
36 33 578
33 39 631
39 33 631
34 38 244
38 34 244
34 40 859
40 34 859
34 37 152
37 34 152
35 40 370
40 35 370
35 37 633
37 35 633
36 38 287
38 36 287
36 39 266
39 36 266
37 39 214
39 37 214
37 37 778
37 37 778
