34

0 1 518
1 0 518
0 2 19
2 0 19
0 3 988
3 0 988
0 7 52
7 0 52
0 31 935
31 0 935
0 10 925
10 0 925
0 28 646
28 0 646
0 9 481
9 0 481
0 23 679
23 0 679
0 19 261
19 0 261
0 13 770
13 0 770
1 10 266
10 1 266
1 16 832
16 1 832
1 18 772
18 1 772
1 5 500
5 1 500
1 6 676
6 1 676
2 8 109
8 2 109
2 13 11
13 2 11
2 24 235
24 2 235
2 15 386
15 2 386
2 30 62
30 2 62
2 21 780
21 2 780
2 32 470
32 2 470
2 32 467
32 2 467
3 4 219
4 3 219
3 6 145
6 3 145
3 17 160
17 3 160
3 22 418
22 3 418
3 21 812
21 3 812
3 15 518
15 3 518
3 8 682
8 3 682
3 19 455
19 3 455
3 5 232
5 3 232
3 16 298
16 3 298
4 5 474
5 4 474
4 9 341
9 4 341
4 20 545
20 4 545
4 22 831
22 4 831
4 10 35
10 4 35
5 15 392
15 5 392
5 17 441
17 5 441
5 14 242
14 5 242
5 33 264
33 5 264
6 11 640
11 6 640
6 26 435
26 6 435
6 29 632
29 6 632
6 29 850
29 6 850
7 33 650
33 7 650
7 23 799
23 7 799
7 20 886
20 7 886
8 15 58
15 8 58
8 31 760
31 8 760
8 31 63
31 8 63
8 23 251
23 8 251
9 14 671
14 9 671
9 22 958
22 9 958
9 11 812
11 9 812
9 30 105
30 9 105
9 18 370
18 9 370
9 24 302
24 9 302
9 21 210
21 9 210
10 19 511
19 10 511
10 21 888
21 10 888
10 10 123
10 10 123
10 32 861
32 10 861
11 12 799
12 11 799
11 29 868
29 11 868
11 15 85
15 11 85
11 18 365
18 11 365
11 14 795
14 11 795
12 25 797
25 12 797
12 26 551
26 12 551
13 25 252
25 13 252
13 26 269
26 13 269
15 23 558
23 15 558
16 30 262
30 16 262
16 32 130
32 16 130
16 22 277
22 16 277
18 20 621
20 18 621
20 33 897
33 20 897
20 24 556
24 20 556
21 27 784
27 21 784
22 30 674
30 22 674
22 25 899
25 22 899
23 32 594
32 23 594
25 28 630
28 25 630
25 29 868
29 25 868
26 28 647
28 26 647
27 32 792
32 27 792
28 31 127
31 28 127
28 33 543
33 28 543
