17

0 1 962
1 0 962
0 2 323
2 0 323
0 3 47
3 0 47
0 10 68
10 0 68
0 8 496
8 0 496
0 1 482
1 0 482
0 16 980
16 0 980
0 3 804
3 0 804
0 12 324
12 0 324
0 13 268
13 0 268
0 15 883
15 0 883
0 3 166
3 0 166
0 6 639
6 0 639
0 1 971
1 0 971
0 8 529
8 0 529
1 7 356
7 1 356
1 12 254
12 1 254
1 15 454
15 1 454
1 12 631
12 1 631
1 5 72
5 1 72
1 2 317
2 1 317
1 12 223
12 1 223
1 16 354
16 1 354
1 2 747
2 1 747
1 10 302
10 1 302
1 3 718
3 1 718
1 9 687
9 1 687
1 4 73
4 1 73
1 11 8
11 1 8
1 13 879
13 1 879
1 2 923
2 1 923
1 5 269
5 1 269
1 4 600
4 1 600
1 2 305
2 1 305
1 7 993
7 1 993
1 6 86
6 1 86
1 15 1
15 1 1
2 6 878
6 2 878
2 9 873
9 2 873
2 12 31
12 2 31
2 14 403
14 2 403
2 8 526
8 2 526
2 5 355
5 2 355
2 3 907
3 2 907
2 10 670
10 2 670
2 11 692
11 2 692
2 16 826
16 2 826
2 7 763
7 2 763
2 6 148
6 2 148
2 13 344
13 2 344
2 15 824
15 2 824
3 4 129
4 3 129
3 6 839
6 3 839
3 6 974
6 3 974
3 14 555
14 3 555
3 16 428
16 3 428
3 15 139
15 3 139
3 7 357
7 3 357
3 14 582
14 3 582
3 4 374
4 3 374
3 10 489
10 3 489
3 7 963
7 3 963
3 5 15
5 3 15
4 5 877
5 4 877
4 8 965
8 4 965
4 15 55
15 4 55
4 5 626
5 4 626
4 7 673
7 4 673
4 15 16
15 4 16
4 10 47
10 4 47
4 5 587
5 4 587
4 13 918
13 4 918
4 13 82
13 4 82
4 13 363
13 4 363
4 12 353
12 4 353
4 16 484
16 4 484
4 11 176
11 4 176
4 15 147
15 4 147
5 13 991
13 5 991
5 5 448
5 5 448
5 9 499
9 5 499
5 14 637
14 5 637
5 13 433
13 5 433
5 8 571
8 5 571
5 11 836
11 5 836
5 9 833
9 5 833
5 9 398
9 5 398
5 15 408
15 5 408
5 15 672
15 5 672
6 8 418
8 6 418
6 16 335
16 6 335
6 15 659
15 6 659
6 16 712
16 6 712
6 6 713
6 6 713
6 12 947
12 6 947
6 8 759
8 6 759
7 16 650
16 7 650
7 12 849
12 7 849
7 12 610
12 7 610
7 10 444
10 7 444
7 14 474
14 7 474
7 10 738
10 7 738
7 12 23
12 7 23
7 8 357
8 7 357
7 12 447
12 7 447
8 12 48
12 8 48
8 15 515
15 8 515
8 12 571
12 8 571
8 9 371
9 8 371
8 16 262
16 8 262
8 15 217
15 8 217
9 11 539
11 9 539
9 12 706
12 9 706
9 14 724
14 9 724
10 14 592
14 10 592
10 12 656
12 10 656
10 11 500
11 10 500
10 12 853
12 10 853
10 16 262
16 10 262
10 16 953
16 10 953
10 14 513
14 10 513
10 12 968
12 10 968
10 12 758
12 10 758
11 16 273
16 11 273
11 16 38
16 11 38
12 13 963
13 12 963
12 16 264
16 12 264
13 13 274
13 13 274
13 15 278
15 13 278
13 14 20
14 13 20
13 16 745
16 13 745
14 15 777
15 14 777
15 16 299
16 15 299
15 16 913
16 15 913
