67

0 1 775
1 0 775
0 2 116
2 0 116
0 3 918
3 0 918
0 4 133
4 0 133
0 23 211
23 0 211
0 41 374
41 0 374
0 11 611
11 0 611
0 29 779
29 0 779
0 28 966
28 0 966
0 42 332
42 0 332
0 28 726
28 0 726
0 57 240
57 0 240
0 6 54
6 0 54
0 35 788
35 0 788
0 32 93
32 0 93
1 10 781
10 1 781
1 38 820
38 1 820
1 60 378
60 1 378
1 29 768
29 1 768
1 40 618
40 1 618
1 18 797
18 1 797
1 26 375
26 1 375
1 33 344
33 1 344
1 53 856
53 1 856
1 20 327
20 1 327
1 45 718
45 1 718
1 37 841
37 1 841
1 39 66
39 1 66
1 64 684
64 1 684
1 53 102
53 1 102
2 7 468
7 2 468
2 9 279
9 2 279
2 22 499
22 2 499
2 53 734
53 2 734
2 29 561
29 2 561
2 38 679
38 2 679
2 23 409
23 2 409
2 41 1
41 2 1
2 25 696
25 2 696
2 20 436
20 2 436
2 39 474
39 2 474
2 37 486
37 2 486
2 55 428
55 2 428
2 17 849
17 2 849
2 65 924
65 2 924
3 5 698
5 3 698
3 8 237
8 3 237
3 11 732
11 3 732
3 25 880
25 3 880
3 22 626
22 3 626
3 16 995
16 3 995
3 7 734
7 3 734
3 63 368
63 3 368
3 58 742
58 3 742
3 23 632
23 3 632
3 19 48
19 3 48
3 14 497
14 3 497
3 10 697
10 3 697
3 65 673
65 3 673
4 15 399
15 4 399
4 16 308
16 4 308
4 19 831
19 4 831
4 25 111
25 4 111
4 47 359
47 4 359
4 6 547
6 4 547
4 37 255
37 4 255
4 9 951
9 4 951
4 14 325
14 4 325
4 59 449
59 4 449
4 26 883
26 4 883
4 23 654
23 4 654
4 36 990
36 4 990
4 39 97
39 4 97
5 6 12
6 5 12
5 50 95
50 5 95
5 63 828
63 5 828
5 39 294
39 5 294
5 40 357
40 5 357
5 41 670
41 5 670
5 39 310
39 5 310
5 18 112
18 5 112
5 37 419
37 5 419
5 6 450
6 5 450
5 23 894
23 5 894
5 16 961
16 5 961
5 66 757
66 5 757
5 19 745
19 5 745
6 13 133
13 6 133
6 24 918
24 6 918
6 8 899
8 6 899
6 49 714
49 6 714
6 16 564
16 6 564
6 33 366
33 6 366
6 9 733
9 6 733
6 61 830
61 6 830
6 50 397
50 6 397
6 48 125
48 6 125
6 46 149
46 6 149
7 14 858
14 7 858
7 30 100
30 7 100
7 32 240
32 7 240
7 21 462
21 7 462
7 15 605
15 7 605
7 57 49
57 7 49
7 29 251
29 7 251
7 59 101
59 7 101
7 43 242
43 7 242
7 65 584
65 7 584
8 12 463
12 8 463
8 31 172
31 8 172
8 43 38
43 8 38
8 14 707
14 8 707
8 63 954
63 8 954
8 14 178
14 8 178
8 12 684
12 8 684
8 41 610
41 8 610
8 14 659
14 8 659
8 23 718
23 8 718
8 62 111
62 8 111
8 17 382
17 8 382
8 62 379
62 8 379
9 17 152
17 9 152
9 41 457
41 9 457
9 15 64
15 9 64
9 12 301
12 9 301
9 43 726
43 9 726
9 44 406
44 9 406
10 20 572
20 10 572
10 28 917
28 10 917
10 14 598
14 10 598
10 12 308
12 10 308
10 40 926
40 10 926
10 60 515
60 10 515
10 53 353
53 10 353
10 40 329
40 10 329
10 41 581
41 10 581
10 22 944
22 10 944
10 48 266
48 10 266
10 61 477
61 10 477
10 59 914
59 10 914
10 56 830
56 10 830
11 39 480
39 11 480
11 26 17
26 11 17
11 54 3
54 11 3
11 16 339
16 11 339
11 24 672
24 11 672
11 61 866
61 11 866
11 26 6
26 11 6
11 38 16
38 11 16
11 34 182
34 11 182
12 28 437
28 12 437
12 33 690
33 12 690
12 45 446
45 12 446
12 29 227
29 12 227
12 13 148
13 12 148
12 12 914
12 12 914
12 65 50
65 12 50
12 45 889
45 12 889
12 42 398
42 12 398
12 12 995
12 12 995
12 63 56
63 12 56
13 26 46
26 13 46
13 31 829
31 13 829
13 22 462
22 13 462
13 50 151
50 13 151
13 53 820
53 13 820
13 42 360
42 13 360
13 21 150
21 13 150
13 32 101
32 13 101
14 26 491
26 14 491
14 29 847
29 14 847
14 48 446
48 14 446
14 35 421
35 14 421
14 64 522
64 14 522
14 66 709
66 14 709
14 16 491
16 14 491
14 53 811
53 14 811
14 62 50
62 14 50
14 24 147
24 14 147
14 32 776
32 14 776
14 21 580
21 14 580
15 18 915
18 15 915
15 35 905
35 15 905
15 17 301
17 15 301
15 49 494
49 15 494
15 44 869
44 15 869
15 21 28
21 15 28
15 63 237
63 15 237
16 36 839
36 16 839
16 62 56
62 16 56
16 18 731
18 16 731
16 39 301
39 16 301
16 48 8
48 16 8
16 31 687
31 16 687
16 24 849
24 16 849
16 53 498
53 16 498
17 21 560
21 17 560
17 27 954
27 17 954
17 28 185
28 17 185
17 53 400
53 17 400
17 28 785
28 17 785
17 55 748
55 17 748
17 63 266
63 17 266
17 66 895
66 17 895
17 40 836
40 17 836
17 40 241
40 17 241
17 55 317
55 17 317
18 38 57
38 18 57
18 33 201
33 18 201
18 46 808
46 18 808
18 49 291
49 18 291
18 47 994
47 18 994
18 45 432
45 18 432
18 39 404
39 18 404
18 21 905
21 18 905
18 33 391
33 18 391
18 45 349
45 18 349
18 33 797
33 18 797
19 42 80
42 19 80
19 44 688
44 19 688
19 63 145
63 19 145
19 42 64
42 19 64
19 58 787
58 19 787
19 43 43
43 19 43
20 31 772
31 20 772
20 43 581
43 20 581
20 60 863
60 20 863
20 55 995
55 20 995
20 65 721
65 20 721
20 66 830
66 20 830
20 50 406
50 20 406
21 51 164
51 21 164
21 47 591
47 21 591
21 48 942
48 21 942
21 43 726
43 21 726
21 42 106
42 21 106
21 36 820
36 21 820
22 46 527
46 22 527
22 41 567
41 22 567
22 29 673
29 22 673
22 66 160
66 22 160
22 55 398
55 22 398
22 64 833
64 22 833
22 54 487
54 22 487
23 45 895
45 23 895
23 57 764
57 23 764
23 47 779
47 23 779
23 45 777
45 23 777
23 56 763
56 23 763
23 58 497
58 23 497
24 58 500
58 24 500
24 56 829
56 24 829
24 33 994
33 24 994
24 33 536
33 24 536
24 52 892
52 24 892
25 48 467
48 25 467
25 52 141
52 25 141
25 64 69
64 25 69
25 30 953
30 25 953
25 53 603
53 25 603
25 65 114
65 25 114
25 66 369
66 25 369
25 30 532
30 25 532
25 33 610
33 25 610
26 27 222
27 26 222
26 32 445
32 26 445
26 42 840
42 26 840
27 34 387
34 27 387
27 37 970
37 27 970
27 52 732
52 27 732
27 41 308
41 27 308
27 30 522
30 27 522
28 34 568
34 28 568
28 40 12
40 28 12
28 60 606
60 28 606
28 55 67
55 28 67
28 56 396
56 28 396
29 66 600
66 29 600
29 34 734
34 29 734
29 47 299
47 29 299
29 32 879
32 29 879
29 56 846
56 29 846
29 39 631
39 29 631
30 61 747
61 30 747
30 58 401
58 30 401
30 38 320
38 30 320
31 58 776
58 31 776
31 44 857
44 31 857
31 41 57
41 31 57
31 34 716
34 31 716
32 54 426
54 32 426
32 59 405
59 32 405
32 42 388
42 32 388
32 44 944
44 32 944
32 53 829
53 32 829
32 63 989
63 32 989
33 58 195
58 33 195
33 35 248
35 33 248
33 38 636
38 33 636
34 37 268
37 34 268
34 60 31
60 34 31
34 53 642
53 34 642
34 39 64
39 34 64
34 55 470
55 34 470
34 47 823
47 34 823
34 59 389
59 34 389
34 45 682
45 34 682
34 62 744
62 34 744
34 44 198
44 34 198
35 54 781
54 35 781
35 65 791
65 35 791
36 47 372
47 36 372
36 46 424
46 36 424
36 66 572
66 36 572
36 56 196
56 36 196
36 45 289
45 36 289
37 55 849
55 37 849
37 53 15
53 37 15
37 37 410
37 37 410
37 47 437
47 37 437
37 46 353
46 37 353
37 45 470
45 37 470
37 56 556
56 37 556
37 65 189
65 37 189
38 65 838
65 38 838
38 48 173
48 38 173
39 55 797
55 39 797
39 53 784
53 39 784
39 63 297
63 39 297
39 62 878
62 39 878
40 63 868
63 40 868
41 55 360
55 41 360
41 63 976
63 41 976
42 55 870
55 42 870
42 65 598
65 42 598
42 56 201
56 42 201
42 55 578
55 42 578
42 61 224
61 42 224
43 61 336
61 43 336
43 43 279
43 43 279
43 45 743
45 43 743
43 61 822
61 43 822
43 48 5
48 43 5
44 49 200
49 44 200
44 51 814
51 44 814
44 48 753
48 44 753
44 55 132
55 44 132
44 56 261
56 44 261
44 49 444
49 44 444
44 52 704
52 44 704
45 59 709
59 45 709
45 45 282
45 45 282
46 62 390
62 46 390
46 53 99
53 46 99
46 56 707
56 46 707
47 56 6
56 47 6
47 66 685
66 47 685
47 48 340
48 47 340
47 57 343
57 47 343
48 61 379
61 48 379
48 63 57
63 48 57
49 57 929
57 49 929
49 61 613
61 49 613
49 55 445
55 49 445
50 59 29
59 50 29
50 54 961
54 50 961
50 52 743
52 50 743
50 64 102
64 50 102
50 60 990
60 50 990
51 55 658
55 51 658
52 56 172
56 52 172
52 65 653
65 52 653
52 53 130
53 52 130
52 59 782
59 52 782
53 62 17
62 53 17
53 65 786
65 53 786
53 55 439
55 53 439
54 66 888
66 54 888
54 63 53
63 54 53
54 54 834
54 54 834
57 63 991
63 57 991
58 63 529
63 58 529
59 65 145
65 59 145
61 66 612
66 61 612
63 66 505
66 63 505
