61

0 1 495
1 0 495
0 5 959
5 0 959
0 19 487
19 0 487
0 36 588
36 0 588
0 22 822
22 0 822
0 56 896
56 0 896
0 27 482
27 0 482
0 14 154
14 0 154
0 50 866
50 0 866
0 10 75
10 0 75
0 47 41
47 0 41
0 53 553
53 0 553
0 28 881
28 0 881
0 25 907
25 0 907
0 42 806
42 0 806
0 49 135
49 0 135
1 2 399
2 1 399
1 3 265
3 1 265
1 4 901
4 1 901
1 37 788
37 1 788
1 49 21
49 1 21
1 29 361
29 1 361
1 3 592
3 1 592
1 59 62
59 1 62
1 51 896
51 1 896
1 4 149
4 1 149
1 29 113
29 1 113
1 22 452
22 1 452
2 31 328
31 2 328
2 10 691
10 2 691
2 34 849
34 2 849
2 9 560
9 2 560
2 43 439
43 2 439
2 34 781
34 2 781
2 52 678
52 2 678
2 5 525
5 2 525
2 8 962
8 2 962
2 19 852
19 2 852
3 4 98
4 3 98
3 6 298
6 3 298
3 10 409
10 3 409
3 28 657
28 3 657
3 34 707
34 3 707
3 5 170
5 3 170
3 5 727
5 3 727
3 42 566
42 3 566
3 23 582
23 3 582
3 53 662
53 3 662
3 52 306
52 3 306
3 51 130
51 3 130
3 23 852
23 3 852
3 16 267
16 3 267
3 52 410
52 3 410
3 37 306
37 3 306
3 42 859
42 3 859
4 7 47
7 4 47
4 25 653
25 4 653
4 57 660
57 4 660
4 26 575
26 4 575
4 39 615
39 4 615
4 43 219
43 4 219
4 15 497
15 4 497
4 20 952
20 4 952
4 12 294
12 4 294
4 24 107
24 4 107
4 13 984
13 4 984
4 35 823
35 4 823
4 36 579
36 4 579
5 12 830
12 5 830
5 14 803
14 5 803
5 20 123
20 5 123
5 35 818
35 5 818
5 55 992
55 5 992
5 56 465
56 5 465
5 12 667
12 5 667
5 59 393
59 5 393
5 34 697
34 5 697
5 30 17
30 5 17
5 43 515
43 5 515
5 19 660
19 5 660
5 16 943
16 5 943
5 6 495
6 5 495
5 57 504
57 5 504
5 8 789
8 5 789
5 17 285
17 5 285
5 27 974
27 5 974
5 27 338
27 5 338
5 42 770
42 5 770
5 42 962
42 5 962
6 9 23
9 6 23
6 53 164
53 6 164
6 19 309
19 6 309
6 12 41
12 6 41
6 56 148
56 6 148
6 52 888
52 6 888
6 49 883
49 6 883
6 56 581
56 6 581
6 20 585
20 6 585
6 26 884
26 6 884
7 8 926
8 7 926
7 22 744
22 7 744
7 24 3
24 7 3
7 34 857
34 7 857
7 36 441
36 7 441
7 26 491
26 7 491
7 11 566
11 7 566
7 14 156
14 7 156
7 54 983
54 7 983
7 37 570
37 7 570
7 15 835
15 7 835
7 16 450
16 7 450
8 41 402
41 8 402
8 60 308
60 8 308
8 34 826
34 8 826
8 40 416
40 8 416
8 25 517
25 8 517
8 50 613
50 8 613
8 45 782
45 8 782
8 10 761
10 8 761
9 11 606
11 9 606
9 17 609
17 9 609
9 49 691
49 9 691
9 53 547
53 9 547
9 17 593
17 9 593
9 16 163
16 9 163
9 39 892
39 9 892
9 27 227
27 9 227
9 55 329
55 9 329
9 20 78
20 9 78
9 42 559
42 9 559
9 54 974
54 9 974
9 31 904
31 9 904
9 47 456
47 9 456
10 39 263
39 10 263
10 51 951
51 10 951
10 12 478
12 10 478
10 27 35
27 10 35
10 15 420
15 10 420
10 26 637
26 10 637
10 29 462
29 10 462
10 42 566
42 10 566
10 14 863
14 10 863
11 13 593
13 11 593
11 34 579
34 11 579
11 35 451
35 11 451
11 16 10
16 11 10
11 14 853
14 11 853
11 21 761
21 11 761
11 17 97
17 11 97
11 24 336
24 11 336
11 58 476
58 11 476
11 38 415
38 11 415
11 26 40
26 11 40
11 43 267
43 11 267
12 33 548
33 12 548
12 14 308
14 12 308
12 15 897
15 12 897
12 48 975
48 12 975
12 39 293
39 12 293
13 19 531
19 13 531
13 23 372
23 13 372
13 29 382
29 13 382
13 19 952
19 13 952
13 36 490
36 13 490
13 24 429
24 13 429
14 15 40
15 14 40
14 16 892
16 14 892
14 50 290
50 14 290
14 33 439
33 14 439
14 40 553
40 14 553
14 30 324
30 14 324
14 28 367
28 14 367
14 45 716
45 14 716
14 17 125
17 14 125
14 38 462
38 14 462
15 25 686
25 15 686
15 28 662
28 15 662
15 18 959
18 15 959
15 44 794
44 15 794
15 33 553
33 15 553
15 56 383
56 15 383
16 18 583
18 16 583
16 44 819
44 16 819
16 46 654
46 16 654
16 39 306
39 16 306
16 30 879
30 16 879
16 38 831
38 16 831
16 20 580
20 16 580
16 20 537
20 16 537
16 58 106
58 16 106
16 44 393
44 16 393
16 36 785
36 16 785
16 19 976
19 16 976
17 32 333
32 17 333
17 50 608
50 17 608
17 23 805
23 17 805
17 59 938
59 17 938
17 48 626
48 17 626
17 35 473
35 17 473
17 20 322
20 17 322
17 58 520
58 17 520
17 18 540
18 17 540
17 26 220
26 17 220
17 39 410
39 17 410
17 52 263
52 17 263
17 19 477
19 17 477
17 43 170
43 17 170
17 34 365
34 17 365
18 37 645
37 18 645
18 29 457
29 18 457
18 42 608
42 18 608
18 35 198
35 18 198
18 21 850
21 18 850
18 28 704
28 18 704
19 32 974
32 19 974
19 45 770
45 19 770
19 27 135
27 19 135
19 44 777
44 19 777
19 58 69
58 19 69
19 43 763
43 19 763
19 50 310
50 19 310
20 21 451
21 20 451
20 34 329
34 20 329
20 33 914
33 20 914
20 27 595
27 20 595
20 37 194
37 20 194
20 21 570
21 20 570
20 22 101
22 20 101
20 24 355
24 20 355
20 26 241
26 20 241
20 48 748
48 20 748
20 55 587
55 20 587
20 34 12
34 20 12
20 60 122
60 20 122
20 37 309
37 20 309
21 32 336
32 21 336
21 55 823
55 21 823
21 54 801
54 21 801
21 48 475
48 21 475
22 51 551
51 22 551
22 49 900
49 22 900
22 42 922
42 22 922
22 44 311
44 22 311
22 29 306
29 22 306
22 57 390
57 22 390
22 34 553
34 22 553
22 36 933
36 22 933
22 48 567
48 22 567
22 36 873
36 22 873
22 46 644
46 22 644
22 36 531
36 22 531
23 43 538
43 23 538
23 28 152
28 23 152
23 40 632
40 23 632
23 56 460
56 23 460
23 44 84
44 23 84
23 48 367
48 23 367
23 38 902
38 23 902
24 40 769
40 24 769
24 54 373
54 24 373
24 30 687
30 24 687
24 47 576
47 24 576
24 42 400
42 24 400
25 26 991
26 25 991
25 57 879
57 25 879
25 59 70
59 25 70
25 51 518
51 25 518
25 44 367
44 25 367
25 50 239
50 25 239
25 37 717
37 25 717
25 26 653
26 25 653
25 34 365
34 25 365
26 27 409
27 26 409
26 29 185
29 26 185
26 42 501
42 26 501
26 60 495
60 26 495
26 33 252
33 26 252
26 45 349
45 26 349
27 30 978
30 27 978
27 38 266
38 27 266
27 29 937
29 27 937
27 55 592
55 27 592
27 57 392
57 27 392
28 52 887
52 28 887
28 41 335
41 28 335
28 51 246
51 28 246
28 46 570
46 28 570
29 45 804
45 29 804
29 42 668
42 29 668
29 39 923
39 29 923
29 35 855
35 29 855
29 30 525
30 29 525
29 43 928
43 29 928
29 42 638
42 29 638
29 55 330
55 29 330
29 52 478
52 29 478
29 34 535
34 29 535
30 40 618
40 30 618
30 55 653
55 30 653
30 49 518
49 30 518
31 44 185
44 31 185
31 59 953
59 31 953
31 33 629
33 31 629
31 55 612
55 31 612
32 33 791
33 32 791
32 53 322
53 32 322
32 47 673
47 32 673
32 43 426
43 32 426
32 54 272
54 32 272
32 51 924
51 32 924
32 60 68
60 32 68
32 38 592
38 32 592
32 57 237
57 32 237
33 50 580
50 33 580
33 37 581
37 33 581
33 40 52
40 33 52
34 45 142
45 34 142
34 53 334
53 34 334
34 35 548
35 34 548
34 59 751
59 34 751
34 53 175
53 34 175
35 46 248
46 35 248
35 40 914
40 35 914
35 36 607
36 35 607
35 58 669
58 35 669
36 51 533
51 36 533
36 54 334
54 36 334
36 41 343
41 36 343
36 38 70
38 36 70
36 38 700
38 36 700
36 43 645
43 36 645
37 38 329
38 37 329
37 60 111
60 37 111
37 57 258
57 37 258
37 53 114
53 37 114
38 50 160
50 38 160
38 54 221
54 38 221
38 57 40
57 38 40
38 44 886
44 38 886
38 51 765
51 38 765
38 41 714
41 38 714
39 51 614
51 39 614
39 53 370
53 39 370
39 47 152
47 39 152
39 54 27
54 39 27
40 58 616
58 40 616
41 47 478
47 41 478
41 58 91
58 41 91
41 53 974
53 41 974
41 50 73
50 41 73
42 52 754
52 42 754
42 46 540
46 42 540
42 51 291
51 42 291
43 60 315
60 43 315
43 44 45
44 43 45
43 57 926
57 43 926
43 60 553
60 43 553
44 60 337
60 44 337
44 51 980
51 44 980
44 50 724
50 44 724
46 54 819
54 46 819
46 55 777
55 46 777
46 56 131
56 46 131
46 51 495
51 46 495
47 48 918
48 47 918
47 58 207
58 47 207
47 60 659
60 47 659
48 58 488
58 48 488
48 57 144
57 48 144
48 57 537
57 48 537
48 54 621
54 48 621
48 50 632
50 48 632
48 50 1000
50 48 1000
49 50 834
50 49 834
49 52 431
52 49 431
50 58 454
58 50 454
50 55 628
55 50 628
50 54 69
54 50 69
52 59 526
59 52 526
54 59 726
59 54 726
55 58 255
58 55 255
55 58 846
58 55 846
56 58 572
58 56 572
