96

0 1 947
1 0 947
0 16 380
16 0 380
0 36 662
36 0 662
0 55 167
55 0 167
0 55 573
55 0 573
0 23 437
23 0 437
0 88 154
88 0 154
0 76 768
76 0 768
0 70 206
70 0 206
0 63 795
63 0 795
0 41 427
41 0 427
0 40 990
40 0 990
0 78 542
78 0 542
1 2 726
2 1 726
1 30 956
30 1 956
1 72 463
72 1 463
1 20 995
20 1 995
1 55 976
55 1 976
1 79 43
79 1 43
1 11 110
11 1 110
1 25 556
25 1 556
1 49 466
49 1 466
1 88 339
88 1 339
1 59 602
59 1 602
1 15 325
15 1 325
1 7 393
7 1 393
1 57 687
57 1 687
1 26 24
26 1 24
1 65 164
65 1 164
1 23 826
23 1 826
2 3 33
3 2 33
2 44 148
44 2 148
2 70 695
70 2 695
2 89 896
89 2 896
2 64 419
64 2 419
2 46 927
46 2 927
2 42 294
42 2 294
2 67 95
67 2 95
2 2 643
2 2 643
2 71 177
71 2 177
2 5 671
5 2 671
2 34 560
34 2 560
2 89 879
89 2 879
2 27 643
27 2 643
3 4 387
4 3 387
3 5 895
5 3 895
3 6 219
6 3 219
3 24 826
24 3 826
3 26 600
26 3 600
3 31 345
31 3 345
3 60 341
60 3 341
3 77 601
77 3 601
3 50 380
50 3 380
3 76 478
76 3 478
4 11 402
11 4 402
4 27 841
27 4 841
4 29 955
29 4 955
4 65 770
65 4 770
4 83 8
83 4 8
4 73 103
73 4 103
4 27 748
27 4 748
4 10 466
10 4 466
4 42 973
42 4 973
4 69 559
69 4 559
4 87 529
87 4 529
4 43 358
43 4 358
4 38 744
38 4 744
4 75 89
75 4 89
5 47 502
47 5 502
5 84 55
84 5 55
5 45 644
45 5 644
5 72 525
72 5 525
5 78 102
78 5 102
5 82 881
82 5 881
5 91 792
91 5 792
5 85 20
85 5 20
5 87 900
87 5 900
5 92 454
92 5 454
6 7 204
7 6 204
6 8 809
8 6 809
6 10 622
10 6 622
6 12 752
12 6 752
6 45 16
45 6 16
6 87 784
87 6 784
6 13 299
13 6 299
6 27 800
27 6 800
6 58 693
58 6 693
6 38 690
38 6 690
6 47 777
47 6 777
6 87 114
87 6 114
6 43 652
43 6 652
7 15 770
15 7 770
7 24 849
24 7 849
7 73 819
73 7 819
7 66 627
66 7 627
7 77 381
77 7 381
7 20 17
20 7 17
7 36 424
36 7 424
7 7 372
7 7 372
7 94 924
94 7 924
7 89 977
89 7 977
7 30 101
30 7 101
7 31 288
31 7 288
7 47 346
47 7 346
7 22 909
22 7 909
7 91 734
91 7 734
7 92 557
92 7 557
7 31 339
31 7 339
7 63 145
63 7 145
7 24 199
24 7 199
7 15 181
15 7 181
8 9 769
9 8 769
8 41 769
41 8 769
8 66 945
66 8 945
8 34 400
34 8 400
8 91 693
91 8 693
8 83 13
83 8 13
8 42 382
42 8 382
8 50 119
50 8 119
8 91 765
91 8 765
8 42 967
42 8 967
8 61 125
61 8 125
8 89 437
89 8 437
8 58 121
58 8 121
9 22 480
22 9 480
9 93 54
93 9 54
9 68 681
68 9 681
9 79 501
79 9 501
9 38 241
38 9 241
9 18 875
18 9 875
9 13 597
13 9 597
9 76 545
76 9 545
9 42 528
42 9 528
9 23 909
23 9 909
9 70 730
70 9 730
9 69 997
69 9 997
9 72 435
72 9 435
10 21 28
21 10 28
10 23 173
23 10 173
10 25 514
25 10 514
10 74 604
74 10 604
10 73 744
73 10 744
10 75 943
75 10 943
10 53 991
53 10 991
10 49 958
49 10 958
10 53 857
53 10 857
10 52 562
52 10 562
10 92 758
92 10 758
11 34 702
34 11 702
11 59 557
59 11 557
11 67 631
67 11 631
11 49 308
49 11 308
11 60 974
60 11 974
11 32 591
32 11 591
11 71 509
71 11 509
11 92 896
92 11 896
11 47 532
47 11 532
11 16 99
16 11 99
11 40 617
40 11 617
11 77 100
77 11 100
11 15 868
15 11 868
11 78 285
78 11 285
11 94 38
94 11 38
11 47 489
47 11 489
12 13 41
13 12 41
12 14 318
14 12 318
12 17 164
17 12 164
12 32 354
32 12 354
12 68 1000
68 12 1000
12 60 882
60 12 882
12 70 256
70 12 256
12 33 529
33 12 529
12 40 113
40 12 113
12 25 142
25 12 142
12 75 298
75 12 298
12 82 182
82 12 182
12 64 668
64 12 668
12 95 821
95 12 821
12 28 488
28 12 488
13 20 715
20 13 715
13 40 818
40 13 818
13 42 214
42 13 214
13 44 172
44 13 172
13 75 777
75 13 777
13 14 568
14 13 568
13 67 972
67 13 972
13 56 187
56 13 187
13 94 794
94 13 794
13 31 441
31 13 441
13 24 598
24 13 598
13 45 927
45 13 927
13 23 846
23 13 846
14 19 774
19 14 774
14 38 106
38 14 106
14 36 617
36 14 617
14 91 964
91 14 964
14 78 26
78 14 26
14 54 645
54 14 645
14 31 221
31 14 221
14 33 103
33 14 103
14 33 637
33 14 637
14 92 268
92 14 268
14 52 719
52 14 719
14 38 654
38 14 654
14 51 320
51 14 320
14 89 349
89 14 349
14 93 942
93 14 942
15 27 808
27 15 808
15 79 289
79 15 289
15 53 702
53 15 702
15 79 905
79 15 905
15 31 265
31 15 265
15 15 846
15 15 846
15 28 954
28 15 954
15 48 725
48 15 725
15 49 688
49 15 688
15 26 268
26 15 268
15 90 460
90 15 460
15 16 719
16 15 719
15 25 284
25 15 284
16 43 444
43 16 444
16 46 500
46 16 500
16 40 984
40 16 984
16 81 60
81 16 60
16 58 136
58 16 136
16 69 809
69 16 809
16 68 691
68 16 691
16 39 294
39 16 294
16 17 145
17 16 145
17 18 914
18 17 914
17 73 132
73 17 132
17 55 415
55 17 415
17 21 990
21 17 990
17 31 736
31 17 736
17 49 61
49 17 61
17 68 641
68 17 641
17 74 671
74 17 671
17 90 426
90 17 426
17 26 552
26 17 552
17 56 81
56 17 81
17 39 760
39 17 760
18 90 810
90 18 810
18 34 617
34 18 617
18 49 8
49 18 8
18 84 25
84 18 25
18 28 991
28 18 991
18 88 382
88 18 382
18 44 512
44 18 512
18 64 793
64 18 793
18 39 446
39 18 446
18 38 578
38 18 578
18 22 907
22 18 907
18 61 900
61 18 900
18 27 435
27 18 435
19 56 835
56 19 835
19 79 440
79 19 440
19 41 279
41 19 279
19 92 466
92 19 466
19 53 807
53 19 807
19 46 452
46 19 452
19 73 955
73 19 955
19 31 71
31 19 71
19 32 212
32 19 212
19 21 972
21 19 972
19 21 53
21 19 53
19 87 541
87 19 541
19 83 739
83 19 739
19 76 486
76 19 486
19 24 16
24 19 16
19 83 173
83 19 173
19 76 379
76 19 379
20 35 171
35 20 171
20 56 794
56 20 794
20 47 485
47 20 485
20 59 83
59 20 83
20 88 339
88 20 339
20 53 135
53 20 135
21 86 222
86 21 222
21 47 873
47 21 873
21 51 419
51 21 419
21 89 267
89 21 267
21 79 923
79 21 923
21 64 300
64 21 300
21 77 854
77 21 854
21 80 2
80 21 2
21 67 265
67 21 265
21 61 545
61 21 545
22 33 80
33 22 80
22 69 101
69 22 101
22 82 413
82 22 413
22 54 525
54 22 525
22 49 623
49 22 623
22 32 268
32 22 268
22 40 124
40 22 124
23 28 54
28 23 54
23 52 759
52 23 759
23 55 734
55 23 734
23 57 552
57 23 552
23 54 525
54 23 525
23 75 278
75 23 278
23 89 443
89 23 443
23 87 889
87 23 889
23 39 421
39 23 421
23 31 398
31 23 398
23 68 487
68 23 487
23 80 744
80 23 744
23 24 812
24 23 812
23 55 497
55 23 497
23 39 971
39 23 971
23 61 618
61 23 618
23 92 62
92 23 62
24 47 227
47 24 227
24 36 820
36 24 820
24 47 223
47 24 223
24 67 100
67 24 100
24 31 974
31 24 974
24 54 349
54 24 349
24 54 85
54 24 85
24 34 342
34 24 342
24 57 841
57 24 841
24 53 819
53 24 819
24 57 815
57 24 815
25 50 214
50 25 214
25 50 426
50 25 426
25 51 8
51 25 8
25 53 946
53 25 946
25 92 898
92 25 898
25 25 7
25 25 7
25 43 320
43 25 320
25 82 939
82 25 939
25 33 337
33 25 337
25 47 627
47 25 627
26 57 955
57 26 955
26 73 21
73 26 21
26 35 77
35 26 77
26 78 397
78 26 397
26 36 372
36 26 372
26 58 166
58 26 166
26 32 539
32 26 539
27 54 928
54 27 928
27 95 771
95 27 771
27 46 984
46 27 984
27 83 959
83 27 959
27 47 12
47 27 12
27 77 730
77 27 730
27 62 855
62 27 855
27 79 451
79 27 451
27 84 364
84 27 364
27 58 743
58 27 743
27 72 802
72 27 802
27 53 895
53 27 895
27 47 449
47 27 449
27 52 653
52 27 653
27 81 600
81 27 600
27 74 623
74 27 623
27 59 249
59 27 249
27 48 882
48 27 882
27 53 507
53 27 507
27 77 211
77 27 211
27 34 183
34 27 183
27 27 119
27 27 119
28 47 771
47 28 771
28 32 284
32 28 284
28 40 474
40 28 474
28 79 840
79 28 840
28 30 378
30 28 378
28 60 472
60 28 472
28 72 1000
72 28 1000
28 41 397
41 28 397
28 94 730
94 28 730
28 89 672
89 28 672
28 88 702
88 28 702
29 37 177
37 29 177
29 91 389
91 29 389
29 72 572
72 29 572
29 73 697
73 29 697
29 95 150
95 29 150
29 72 901
72 29 901
29 59 250
59 29 250
29 76 497
76 29 497
30 39 723
39 30 723
30 64 817
64 30 817
30 78 606
78 30 606
30 30 542
30 30 542
30 80 321
80 30 321
30 67 890
67 30 890
30 85 710
85 30 710
30 63 986
63 30 986
30 37 997
37 30 997
30 90 592
90 30 592
30 40 211
40 30 211
30 48 265
48 30 265
30 40 563
40 30 563
30 70 637
70 30 637
30 90 942
90 30 942
31 51 730
51 31 730
31 94 587
94 31 587
31 83 361
83 31 361
31 65 776
65 31 776
31 65 129
65 31 129
31 67 679
67 31 679
31 33 177
33 31 177
31 66 691
66 31 691
31 61 920
61 31 920
32 33 220
33 32 220
32 45 462
45 32 462
32 45 750
45 32 750
32 77 306
77 32 306
32 44 232
44 32 232
32 90 367
90 32 367
32 60 443
60 32 443
32 78 60
78 32 60
32 64 219
64 32 219
32 51 430
51 32 430
32 63 276
63 32 276
32 41 317
41 32 317
32 66 460
66 32 460
32 75 468
75 32 468
32 38 949
38 32 949
32 51 697
51 32 697
32 47 886
47 32 886
32 35 587
35 32 587
33 72 885
72 33 885
33 87 276
87 33 276
33 93 864
93 33 864
33 34 965
34 33 965
33 83 133
83 33 133
33 36 550
36 33 550
33 53 324
53 33 324
33 39 254
39 33 254
33 74 133
74 33 133
33 93 157
93 33 157
34 46 42
46 34 42
34 56 241
56 34 241
34 74 142
74 34 142
34 86 945
86 34 945
34 64 836
64 34 836
34 74 564
74 34 564
34 78 659
78 34 659
34 83 673
83 34 673
34 83 609
83 34 609
35 49 834
49 35 834
35 53 472
53 35 472
35 68 11
68 35 11
35 95 85
95 35 85
35 72 434
72 35 434
35 76 465
76 35 465
35 77 748
77 35 748
36 73 399
73 36 399
36 48 302
48 36 302
36 84 360
84 36 360
36 88 805
88 36 805
36 48 823
48 36 823
36 49 596
49 36 596
36 93 974
93 36 974
36 38 287
38 36 287
37 86 636
86 37 636
37 65 190
65 37 190
37 41 189
41 37 189
37 93 540
93 37 540
37 44 833
44 37 833
37 93 34
93 37 34
37 86 500
86 37 500
37 73 148
73 37 148
37 47 935
47 37 935
37 87 834
87 37 834
37 47 34
47 37 34
38 82 830
82 38 830
38 70 251
70 38 251
38 85 710
85 38 710
38 45 215
45 38 215
38 69 37
69 38 37
38 41 927
41 38 927
38 51 331
51 38 331
39 69 859
69 39 859
39 66 284
66 39 284
39 58 561
58 39 561
39 90 779
90 39 779
39 70 1
70 39 1
39 48 111
48 39 111
39 93 888
93 39 888
39 47 603
47 39 603
40 48 940
48 40 940
40 76 375
76 40 375
40 76 518
76 40 518
40 94 293
94 40 293
40 78 464
78 40 464
40 84 211
84 40 211
40 46 986
46 40 986
40 55 193
55 40 193
40 82 165
82 40 165
40 45 209
45 40 209
40 62 302
62 40 302
40 66 869
66 40 869
40 63 994
63 40 994
41 87 172
87 41 172
41 43 574
43 41 574
41 46 568
46 41 568
41 75 401
75 41 401
41 73 970
73 41 970
41 87 982
87 41 982
41 89 331
89 41 331
41 90 890
90 41 890
41 74 232
74 41 232
41 51 345
51 41 345
41 68 496
68 41 496
42 56 999
56 42 999
42 53 62
53 42 62
42 84 373
84 42 373
42 78 930
78 42 930
42 66 670
66 42 670
42 52 998
52 42 998
42 77 804
77 42 804
42 91 946
91 42 946
43 57 154
57 43 154
43 88 577
88 43 577
43 79 341
79 43 341
43 49 858
49 43 858
44 61 424
61 44 424
45 71 722
71 45 722
45 48 322
48 45 322
45 54 46
54 45 46
45 46 651
46 45 651
45 82 366
82 45 366
45 85 852
85 45 852
45 73 531
73 45 531
45 69 578
69 45 578
46 75 583
75 46 583
46 82 895
82 46 895
46 56 306
56 46 306
46 80 525
80 46 525
46 77 933
77 46 933
46 83 837
83 46 837
46 87 817
87 46 817
46 73 721
73 46 721
46 56 322
56 46 322
47 85 139
85 47 139
47 69 469
69 47 469
47 62 806
62 47 806
47 93 274
93 47 274
47 71 831
71 47 831
47 55 34
55 47 34
47 77 591
77 47 591
47 61 151
61 47 151
48 79 138
79 48 138
48 85 718
85 48 718
48 55 390
55 48 390
48 54 890
54 48 890
48 71 61
71 48 61
48 66 110
66 48 110
48 84 68
84 48 68
48 72 157
72 48 157
48 78 942
78 48 942
48 59 486
59 48 486
49 80 646
80 49 646
49 79 448
79 49 448
49 52 818
52 49 818
49 58 206
58 49 206
49 79 612
79 49 612
49 68 321
68 49 321
49 75 599
75 49 599
49 63 211
63 49 211
50 80 776
80 50 776
50 63 772
63 50 772
50 68 101
68 50 101
50 66 101
66 50 101
50 89 379
89 50 379
50 61 62
61 50 62
50 87 270
87 50 270
51 94 982
94 51 982
51 69 797
69 51 797
51 84 554
84 51 554
51 95 21
95 51 21
51 63 480
63 51 480
51 84 390
84 51 390
52 94 379
94 52 379
52 76 425
76 52 425
52 67 959
67 52 959
52 56 455
56 52 455
52 90 702
90 52 702
52 66 619
66 52 619
53 58 800
58 53 800
53 62 440
62 53 440
53 82 474
82 53 474
53 69 141
69 53 141
53 54 389
54 53 389
53 89 431
89 53 431
53 77 769
77 53 769
53 70 52
70 53 52
53 82 871
82 53 871
54 64 814
64 54 814
54 63 805
63 54 805
54 95 786
95 54 786
54 76 566
76 54 566
55 88 653
88 55 653
55 75 251
75 55 251
55 69 297
69 55 297
55 80 753
80 55 753
55 62 999
62 55 999
55 80 294
80 55 294
56 75 796
75 56 796
56 57 263
57 56 263
56 79 71
79 56 71
56 88 978
88 56 978
56 59 281
59 56 281
56 60 164
60 56 164
57 61 550
61 57 550
57 64 358
64 57 358
57 61 168
61 57 168
57 91 755
91 57 755
57 89 609
89 57 609
57 88 660
88 57 660
57 63 9
63 57 9
57 74 311
74 57 311
58 63 229
63 58 229
58 81 269
81 58 269
58 73 342
73 58 342
58 91 735
91 58 735
58 62 229
62 58 229
58 59 931
59 58 931
59 91 187
91 59 187
59 62 247
62 59 247
59 72 541
72 59 541
59 88 650
88 59 650
59 61 12
61 59 12
59 71 537
71 59 537
59 91 117
91 59 117
60 89 293
89 60 293
60 95 835
95 60 835
60 85 785
85 60 785
60 71 141
71 60 141
60 83 137
83 60 137
60 65 211
65 60 211
61 86 842
86 61 842
61 71 627
71 61 627
61 93 162
93 61 162
62 92 305
92 62 305
62 89 519
89 62 519
62 65 962
65 62 962
62 69 501
69 62 501
62 76 65
76 62 65
62 78 539
78 62 539
63 66 972
66 63 972
63 80 815
80 63 815
63 87 85
87 63 85
63 83 368
83 63 368
63 87 698
87 63 698
64 90 840
90 64 840
64 83 280
83 64 280
64 71 265
71 64 265
64 78 252
78 64 252
64 70 342
70 64 342
64 88 479
88 64 479
65 72 239
72 65 239
65 93 134
93 65 134
65 95 300
95 65 300
65 84 350
84 65 350
65 84 265
84 65 265
65 74 64
74 65 64
66 94 907
94 66 907
66 95 245
95 66 245
66 79 727
79 66 727
66 91 357
91 66 357
67 68 663
68 67 663
67 81 776
81 67 776
67 73 958
73 67 958
67 81 506
81 67 506
68 80 50
80 68 50
68 89 75
89 68 75
68 73 848
73 68 848
68 77 432
77 68 432
68 68 28
68 68 28
69 77 659
77 69 659
69 95 54
95 69 54
69 91 969
91 69 969
69 73 282
73 69 282
69 90 907
90 69 907
71 89 970
89 71 970
71 81 317
81 71 317
71 84 964
84 71 964
72 90 143
90 72 143
73 93 151
93 73 151
73 84 611
84 73 611
73 82 907
82 73 907
74 88 133
88 74 133
74 84 433
84 74 433
74 89 837
89 74 837
75 83 539
83 75 539
75 91 211
91 75 211
76 89 990
89 76 990
76 89 679
89 76 679
76 91 674
91 76 674
77 83 649
83 77 649
77 94 194
94 77 194
77 82 946
82 77 946
77 84 775
84 77 775
78 91 158
91 78 158
78 78 736
78 78 736
78 79 105
79 78 105
78 92 655
92 78 655
78 79 600
79 78 600
79 95 242
95 79 242
79 84 250
84 79 250
79 91 816
91 79 816
79 95 534
95 79 534
79 82 494
82 79 494
79 92 588
92 79 588
80 87 787
87 80 787
80 84 521
84 80 521
80 85 976
85 80 976
80 81 208
81 80 208
81 86 411
86 81 411
82 84 131
84 82 131
82 88 132
88 82 132
82 89 515
89 82 515
83 92 721
92 83 721
83 95 185
95 83 185
84 95 139
95 84 139
84 91 945
91 84 945
85 87 300
87 85 300
85 93 454
93 85 454
86 87 210
87 86 210
86 93 310
93 86 310
86 90 687
90 86 687
87 89 594
89 87 594
89 93 297
93 89 297
89 92 458
92 89 458
89 94 361
94 89 361
89 90 421
90 89 421
90 95 40
95 90 40
92 93 215
93 92 215
92 93 918
93 92 918
95 95 79
95 95 79
