65

0 1 572
1 0 572
0 2 7
2 0 7
0 5 357
5 0 357
0 12 551
12 0 551
0 26 378
26 0 378
0 64 436
64 0 436
0 22 585
22 0 585
0 41 42
41 0 42
0 32 292
32 0 292
0 56 948
56 0 948
0 9 39
9 0 39
0 14 99
14 0 99
0 9 428
9 0 428
0 35 264
35 0 264
0 17 977
17 0 977
0 61 496
61 0 496
0 42 514
42 0 514
1 3 780
3 1 780
1 4 306
4 1 306
1 14 382
14 1 382
1 62 450
62 1 450
1 56 582
56 1 582
1 42 933
42 1 933
1 2 658
2 1 658
1 42 719
42 1 719
2 6 54
6 2 54
2 30 935
30 2 935
2 50 747
50 2 747
2 57 287
57 2 287
2 20 630
20 2 630
2 34 689
34 2 689
2 21 943
21 2 943
2 45 773
45 2 773
2 46 219
46 2 219
2 15 265
15 2 265
2 53 351
53 2 351
3 11 292
11 3 292
3 31 793
31 3 793
3 53 317
53 3 317
3 17 215
17 3 215
3 32 574
32 3 574
3 56 649
56 3 649
3 45 132
45 3 132
4 7 240
7 4 240
4 8 779
8 4 779
4 24 37
24 4 37
4 25 39
25 4 39
4 61 202
61 4 202
4 46 604
46 4 604
4 9 592
9 4 592
4 59 432
59 4 432
5 9 913
9 5 913
5 16 474
16 5 474
5 47 652
47 5 652
5 24 31
24 5 31
5 14 999
14 5 999
5 8 161
8 5 161
5 54 575
54 5 575
5 13 261
13 5 261
6 13 956
13 6 956
6 41 125
41 6 125
6 22 281
22 6 281
6 33 244
33 6 244
6 36 675
36 6 675
6 57 814
57 6 814
6 27 36
27 6 36
6 40 118
40 6 118
7 18 998
18 7 998
7 21 543
21 7 543
7 22 723
22 7 723
7 49 59
49 7 59
7 45 711
45 7 711
7 37 638
37 7 638
7 52 603
52 7 603
7 61 766
61 7 766
7 36 511
36 7 511
8 10 401
10 8 401
8 43 962
43 8 962
8 26 844
26 8 844
8 44 394
44 8 394
8 36 550
36 8 550
8 33 875
33 8 875
8 18 722
18 8 722
8 54 610
54 8 610
8 14 654
14 8 654
8 62 930
62 8 930
9 20 938
20 9 938
9 23 220
23 9 220
9 27 196
27 9 196
9 42 615
42 9 615
9 43 392
43 9 392
9 57 943
57 9 943
9 56 304
56 9 304
10 17 185
17 10 185
10 27 671
27 10 671
10 40 576
40 10 576
10 15 274
15 10 274
10 12 173
12 10 173
11 19 252
19 11 252
11 39 579
39 11 579
11 52 852
52 11 852
11 63 490
63 11 490
11 36 645
36 11 645
11 21 751
21 11 751
11 34 282
34 11 282
11 22 316
22 11 316
11 61 866
61 11 866
11 40 529
40 11 529
11 41 998
41 11 998
12 15 639
15 12 639
12 27 661
27 12 661
12 37 885
37 12 885
12 56 654
56 12 654
12 60 817
60 12 817
12 21 879
21 12 879
12 62 649
62 12 649
12 57 496
57 12 496
12 37 84
37 12 84
13 16 26
16 13 26
13 49 569
49 13 569
13 19 345
19 13 345
13 47 32
47 13 32
13 44 455
44 13 455
13 49 51
49 13 51
14 39 72
39 14 72
14 53 91
53 14 91
14 48 658
48 14 658
14 28 58
28 14 58
15 50 442
50 15 442
15 34 72
34 15 72
15 61 124
61 15 124
15 38 766
38 15 766
16 35 142
35 16 142
16 34 322
34 16 322
16 29 151
29 16 151
16 37 669
37 16 669
17 51 20
51 17 20
17 59 808
59 17 808
17 36 5
36 17 5
17 28 586
28 17 586
17 28 254
28 17 254
17 62 639
62 17 639
17 60 652
60 17 652
18 32 695
32 18 695
18 43 837
43 18 837
18 51 139
51 18 139
18 52 45
52 18 45
18 31 401
31 18 401
18 37 597
37 18 597
18 41 846
41 18 846
18 43 468
43 18 468
18 50 676
50 18 676
19 34 812
34 19 812
19 46 980
46 19 980
19 25 628
25 19 628
19 44 957
44 19 957
19 52 558
52 19 558
19 63 326
63 19 326
19 50 377
50 19 377
19 59 287
59 19 287
19 56 321
56 19 321
20 40 545
40 20 545
20 62 225
62 20 225
20 48 497
48 20 497
20 23 628
23 20 628
20 24 890
24 20 890
20 62 657
62 20 657
20 51 858
51 20 858
20 34 188
34 20 188
21 53 850
53 21 850
21 39 933
39 21 933
21 32 706
32 21 706
22 29 338
29 22 338
22 36 767
36 22 767
22 56 600
56 22 600
22 32 705
32 22 705
22 62 579
62 22 579
22 44 780
44 22 780
22 64 706
64 22 706
22 59 908
59 22 908
23 48 599
48 23 599
23 37 971
37 23 971
23 41 688
41 23 688
23 24 727
24 23 727
24 64 929
64 24 929
24 60 728
60 24 728
24 52 969
52 24 969
24 28 501
28 24 501
24 33 683
33 24 683
25 28 234
28 25 234
25 38 823
38 25 823
25 54 342
54 25 342
26 33 712
33 26 712
26 49 689
49 26 689
26 49 169
49 26 169
27 28 711
28 27 711
27 34 403
34 27 403
27 38 18
38 27 18
28 45 498
45 28 498
28 49 275
49 28 275
28 33 105
33 28 105
29 38 164
38 29 164
29 33 1000
33 29 1000
29 33 816
33 29 816
30 43 261
43 30 261
31 44 902
44 31 902
31 56 899
56 31 899
31 34 963
34 31 963
31 49 776
49 31 776
31 48 429
48 31 429
32 47 645
47 32 645
32 55 350
55 32 350
32 47 926
47 32 926
33 43 122
43 33 122
33 45 328
45 33 328
34 51 21
51 34 21
34 64 650
64 34 650
35 63 41
63 35 41
36 49 29
49 36 29
36 47 886
47 36 886
36 43 499
43 36 499
36 48 546
48 36 546
36 61 858
61 36 858
37 42 954
42 37 954
37 50 45
50 37 45
37 59 480
59 37 480
37 49 786
49 37 786
37 56 823
56 37 823
38 41 724
41 38 724
39 45 729
45 39 729
39 60 158
60 39 158
39 48 628
48 39 628
39 45 61
45 39 61
39 52 958
52 39 958
39 56 39
56 39 39
40 49 551
49 40 551
40 60 672
60 40 672
40 52 876
52 40 876
41 55 706
55 41 706
41 58 756
58 41 756
41 48 869
48 41 869
41 41 262
41 41 262
41 56 845
56 41 845
42 58 23
58 42 23
42 49 823
49 42 823
42 55 278
55 42 278
43 62 968
62 43 968
43 47 88
47 43 88
43 57 383
57 43 383
44 58 402
58 44 402
45 62 289
62 45 289
46 53 436
53 46 436
47 61 486
61 47 486
47 58 374
58 47 374
47 52 642
52 47 642
48 60 941
60 48 941
48 56 587
56 48 587
48 64 39
64 48 39
49 50 28
50 49 28
50 63 400
63 50 400
50 51 479
51 50 479
50 50 241
50 50 241
50 58 920
58 50 920
51 57 957
57 51 957
52 64 130
64 52 130
52 53 304
53 52 304
53 54 569
54 53 569
53 58 404
58 53 404
54 58 588
58 54 588
55 61 573
61 55 573
56 62 594
62 56 594
56 58 491
58 56 491
57 60 386
60 57 386
57 62 352
62 57 352
58 61 340
61 58 340
60 61 248
61 60 248
