70

0 1 432
1 0 432
0 7 754
7 0 754
0 18 779
18 0 779
0 30 635
30 0 635
0 50 834
50 0 834
0 60 876
60 0 876
1 2 444
2 1 444
1 4 109
4 1 109
1 5 922
5 1 922
1 6 567
6 1 567
1 14 580
14 1 580
1 16 241
16 1 241
1 22 792
22 1 792
1 68 490
68 1 490
1 64 16
64 1 16
1 63 765
63 1 765
2 3 471
3 2 471
2 9 509
9 2 509
2 30 928
30 2 928
3 13 455
13 3 455
3 19 118
19 3 118
4 8 80
8 4 80
4 11 177
11 4 177
4 30 941
30 4 941
4 35 474
35 4 474
4 53 189
53 4 189
4 32 536
32 4 536
5 37 384
37 5 384
5 63 894
63 5 894
5 59 585
59 5 585
5 65 719
65 5 719
5 17 750
17 5 750
6 12 658
12 6 658
6 39 190
39 6 190
6 51 109
51 6 109
6 65 350
65 6 350
6 61 4
61 6 4
7 10 500
10 7 500
7 23 140
23 7 140
7 56 947
56 7 947
7 23 416
23 7 416
7 62 654
62 7 654
8 42 197
42 8 197
9 17 794
17 9 794
9 35 778
35 9 778
9 13 475
13 9 475
10 24 234
24 10 234
10 26 656
26 10 656
10 33 781
33 10 781
10 36 558
36 10 558
10 52 379
52 10 379
11 60 539
60 11 539
11 68 801
68 11 801
12 34 850
34 12 850
12 57 464
57 12 464
12 31 239
31 12 239
12 39 260
39 12 260
12 57 871
57 12 871
13 15 259
15 13 259
13 59 300
59 13 300
14 20 295
20 14 295
14 62 571
62 14 571
14 57 621
57 14 621
14 53 269
53 14 269
15 61 727
61 15 727
15 19 939
19 15 939
15 28 441
28 15 441
16 18 669
18 16 669
16 27 117
27 16 117
16 44 533
44 16 533
17 28 988
28 17 988
17 55 465
55 17 465
17 52 52
52 17 52
18 30 86
30 18 86
18 53 482
53 18 482
19 29 935
29 19 935
19 58 143
58 19 143
19 29 761
29 19 761
20 21 465
21 20 465
20 50 966
50 20 966
21 46 68
46 21 68
23 25 81
25 23 81
23 58 531
58 23 531
23 41 848
41 23 848
23 40 125
40 23 125
24 38 995
38 24 995
24 67 658
67 24 658
25 31 822
31 25 822
25 43 183
43 25 183
25 47 315
47 25 315
27 32 142
32 27 142
27 48 806
48 27 806
27 33 6
33 27 6
28 62 880
62 28 880
28 52 108
52 28 108
30 38 435
38 30 435
30 66 519
66 30 519
31 43 523
43 31 523
31 53 6
53 31 6
32 45 951
45 32 951
32 55 922
55 32 922
32 47 914
47 32 914
32 54 698
54 32 698
32 52 544
52 32 544
34 57 370
57 34 370
35 40 502
40 35 502
35 57 432
57 35 432
36 42 148
42 36 148
37 41 480
41 37 480
37 65 89
65 37 89
37 61 340
61 37 340
37 49 691
49 37 691
38 42 887
42 38 887
40 60 118
60 40 118
43 47 15
47 43 15
47 54 114
54 47 114
47 66 725
66 47 725
47 56 525
56 47 525
48 49 237
49 48 237
48 49 15
49 48 15
50 53 705
53 50 705
51 55 30
55 51 30
51 69 790
69 51 790
52 69 324
69 52 324
57 64 437
64 57 437
59 64 672
64 59 672
60 69 504
69 60 504
