40

0 1 427
1 0 427
0 2 80
2 0 80
0 3 954
3 0 954
0 8 144
8 0 144
0 16 800
16 0 800
0 12 852
12 0 852
0 1 391
1 0 391
0 14 878
14 0 878
0 29 183
29 0 183
0 30 282
30 0 282
0 12 218
12 0 218
1 25 894
25 1 894
1 31 903
31 1 903
2 5 672
5 2 672
2 3 977
3 2 977
2 2 479
2 2 479
2 13 448
13 2 448
3 4 712
4 3 712
3 6 50
6 3 50
3 10 837
10 3 837
3 14 364
14 3 364
3 39 905
39 3 905
3 31 503
31 3 503
3 22 530
22 3 530
3 12 745
12 3 745
4 20 31
20 4 31
4 22 525
22 4 525
4 32 253
32 4 253
4 22 991
22 4 991
4 33 31
33 4 31
4 20 544
20 4 544
4 5 275
5 4 275
5 7 121
7 5 121
5 31 79
31 5 79
5 7 788
7 5 788
5 13 294
13 5 294
5 34 719
34 5 719
5 14 66
14 5 66
5 9 799
9 5 799
6 17 247
17 6 247
6 27 945
27 6 945
6 30 476
30 6 476
7 11 307
11 7 307
7 29 311
29 7 311
7 34 121
34 7 121
7 36 233
36 7 233
7 26 881
26 7 881
8 9 686
9 8 686
8 23 906
23 8 906
8 28 731
28 8 731
8 33 689
33 8 689
8 31 698
31 8 698
8 20 399
20 8 399
8 16 781
16 8 781
9 14 414
14 9 414
9 34 550
34 9 550
9 12 670
12 9 670
9 32 633
32 9 633
9 12 735
12 9 735
9 29 261
29 9 261
10 12 542
12 10 542
10 15 599
15 10 599
10 21 58
21 10 58
10 33 796
33 10 796
10 13 799
13 10 799
11 13 26
13 11 26
11 18 29
18 11 29
11 23 19
23 11 19
11 38 773
38 11 773
11 28 142
28 11 142
12 39 635
39 12 635
12 26 590
26 12 590
12 24 429
24 12 429
13 14 994
14 13 994
13 30 460
30 13 460
13 35 520
35 13 520
13 29 276
29 13 276
13 18 338
18 13 338
14 24 175
24 14 175
14 25 598
25 14 598
14 29 77
29 14 77
14 17 494
17 14 494
14 22 629
22 14 629
14 39 938
39 14 938
14 23 713
23 14 713
15 25 469
25 15 469
15 32 734
32 15 734
15 19 270
19 15 270
16 16 287
16 16 287
16 34 670
34 16 670
16 19 505
19 16 505
17 19 584
19 17 584
17 20 330
20 17 330
17 27 841
27 17 841
18 36 163
36 18 163
18 24 247
24 18 247
18 25 216
25 18 216
18 25 358
25 18 358
18 35 709
35 18 709
18 21 971
21 18 971
19 39 302
39 19 302
19 38 168
38 19 168
19 23 560
23 19 560
20 30 877
30 20 877
20 36 871
36 20 871
20 29 317
29 20 317
20 30 331
30 20 331
20 35 131
35 20 131
20 24 875
24 20 875
21 26 321
26 21 321
21 31 891
31 21 891
21 37 117
37 21 117
22 35 939
35 22 939
22 35 79
35 22 79
23 34 196
34 23 196
23 35 714
35 23 714
23 30 642
30 23 642
23 33 164
33 23 164
23 25 757
25 23 757
24 25 195
25 24 195
25 31 161
31 25 161
25 38 927
38 25 927
25 36 59
36 25 59
25 34 258
34 25 258
26 27 955
27 26 955
26 30 710
30 26 710
26 34 935
34 26 935
26 38 671
38 26 671
26 37 259
37 26 259
27 37 316
37 27 316
27 36 60
36 27 60
28 35 474
35 28 474
29 35 749
35 29 749
30 35 983
35 30 983
32 38 89
38 32 89
33 35 348
35 33 348
34 35 578
35 34 578
