86

0 1 249
1 0 249
0 4 333
4 0 333
0 59 764
59 0 764
0 5 690
5 0 690
0 27 56
27 0 56
0 81 411
81 0 411
0 5 928
5 0 928
0 17 603
17 0 603
0 78 803
78 0 803
0 76 20
76 0 20
0 32 305
32 0 305
0 40 457
40 0 457
0 84 126
84 0 126
0 17 763
17 0 763
0 26 222
26 0 222
0 60 477
60 0 477
0 71 804
71 0 804
0 12 509
12 0 509
0 8 716
8 0 716
0 12 73
12 0 73
0 82 206
82 0 206
0 70 987
70 0 987
0 10 636
10 0 636
0 37 302
37 0 302
0 24 572
24 0 572
1 2 142
2 1 142
1 6 573
6 1 573
1 8 729
8 1 729
1 16 5
16 1 5
1 18 924
18 1 924
1 35 713
35 1 713
1 68 361
68 1 361
1 80 199
80 1 199
1 8 131
8 1 131
1 63 86
63 1 86
1 29 146
29 1 146
1 20 361
20 1 361
1 19 460
19 1 460
1 77 914
77 1 914
1 10 897
10 1 897
1 31 527
31 1 527
1 17 935
17 1 935
2 3 883
3 2 883
2 56 441
56 2 441
2 59 752
59 2 752
2 49 338
49 2 338
2 44 729
44 2 729
2 81 388
81 2 388
2 82 252
82 2 252
2 7 993
7 2 993
2 67 653
67 2 653
2 66 853
66 2 853
2 12 140
12 2 140
2 63 131
63 2 131
2 81 59
81 2 59
2 43 795
43 2 795
2 19 646
19 2 646
2 46 502
46 2 502
2 79 861
79 2 861
2 85 693
85 2 693
2 69 107
69 2 107
3 11 547
11 3 547
3 26 408
26 3 408
3 40 380
40 3 380
3 22 942
22 3 942
3 67 184
67 3 184
3 73 884
73 3 884
3 23 220
23 3 220
3 7 934
7 3 934
3 58 601
58 3 601
3 9 838
9 3 838
3 55 691
55 3 691
3 6 155
6 3 155
3 79 945
79 3 945
3 68 38
68 3 38
3 61 945
61 3 945
3 82 103
82 3 103
3 19 73
19 3 73
3 19 775
19 3 775
3 47 349
47 3 349
3 10 492
10 3 492
3 84 962
84 3 962
3 31 848
31 3 848
3 22 160
22 3 160
3 53 656
53 3 656
4 5 185
5 4 185
4 27 838
27 4 838
4 28 720
28 4 720
4 38 860
38 4 860
4 66 919
66 4 919
4 48 447
48 4 447
4 79 64
79 4 64
4 30 783
30 4 783
4 74 36
74 4 36
4 83 343
83 4 343
4 49 235
49 4 235
4 35 538
35 4 538
4 42 656
42 4 656
4 83 713
83 4 713
4 38 643
38 4 643
4 85 919
85 4 919
4 83 37
83 4 37
5 33 977
33 5 977
5 64 251
64 5 251
5 44 50
44 5 50
5 18 16
18 5 16
5 21 143
21 5 143
5 62 736
62 5 736
5 35 842
35 5 842
5 47 685
47 5 685
5 35 65
35 5 65
5 26 835
26 5 835
5 40 584
40 5 584
5 20 754
20 5 754
5 42 682
42 5 682
5 20 261
20 5 261
5 64 944
64 5 944
5 20 545
20 5 545
6 7 400
7 6 400
6 9 436
9 6 436
6 10 592
10 6 592
6 35 854
35 6 854
6 31 150
31 6 150
6 8 912
8 6 912
6 53 12
53 6 12
6 49 362
49 6 362
6 17 327
17 6 327
6 10 690
10 6 690
6 18 762
18 6 762
6 11 882
11 6 882
6 76 41
76 6 41
6 80 853
80 6 853
7 21 182
21 7 182
7 23 243
23 7 243
7 54 120
54 7 120
7 10 482
10 7 482
7 57 526
57 7 526
7 83 885
83 7 885
7 28 725
28 7 725
7 59 347
59 7 347
7 70 639
70 7 639
7 41 297
41 7 297
7 82 224
82 7 224
7 30 798
30 7 798
7 11 89
11 7 89
7 79 408
79 7 408
7 58 632
58 7 632
7 44 510
44 7 510
7 41 587
41 7 587
7 11 666
11 7 666
7 66 253
66 7 253
7 83 118
83 7 118
8 14 936
14 8 936
8 22 661
22 8 661
8 31 323
31 8 323
8 78 690
78 8 690
8 21 847
21 8 847
8 28 810
28 8 810
8 29 129
29 8 129
8 24 205
24 8 205
8 36 460
36 8 460
8 36 757
36 8 757
8 14 643
14 8 643
8 22 367
22 8 367
8 44 704
44 8 704
8 16 677
16 8 677
8 33 720
33 8 720
8 54 626
54 8 626
8 77 287
77 8 287
8 19 977
19 8 977
8 19 936
19 8 936
9 12 921
12 9 921
9 17 268
17 9 268
9 36 655
36 9 655
9 43 196
43 9 196
9 25 88
25 9 88
9 32 580
32 9 580
9 21 607
21 9 607
9 19 134
19 9 134
9 69 671
69 9 671
9 24 527
24 9 527
9 48 339
48 9 339
9 76 965
76 9 965
9 54 341
54 9 341
9 25 450
25 9 450
9 76 48
76 9 48
9 39 28
39 9 28
9 44 353
44 9 353
9 19 713
19 9 713
9 26 652
26 9 652
9 71 281
71 9 281
9 40 290
40 9 290
9 46 877
46 9 877
9 11 271
11 9 271
10 13 868
13 10 868
10 73 610
73 10 610
10 61 744
61 10 744
10 51 528
51 10 528
10 41 809
41 10 809
10 24 262
24 10 262
10 19 635
19 10 635
10 21 751
21 10 751
10 37 445
37 10 445
10 17 597
17 10 597
10 83 69
83 10 69
10 14 361
14 10 361
10 57 459
57 10 459
10 59 108
59 10 108
10 39 565
39 10 565
10 32 640
32 10 640
10 20 775
20 10 775
10 54 696
54 10 696
10 23 690
23 10 690
10 68 302
68 10 302
11 70 250
70 11 250
11 27 524
27 11 524
11 64 67
64 11 67
11 84 527
84 11 527
11 45 52
45 11 52
11 32 175
32 11 175
11 56 251
56 11 251
11 37 562
37 11 562
11 72 660
72 11 660
11 70 836
70 11 836
11 40 228
40 11 228
11 38 766
38 11 766
11 56 932
56 11 932
11 28 482
28 11 482
11 73 456
73 11 456
11 37 737
37 11 737
12 61 139
61 12 139
12 57 868
57 12 868
12 51 1
51 12 1
12 71 893
71 12 893
12 40 176
40 12 176
12 67 562
67 12 562
12 14 824
14 12 824
12 38 78
38 12 78
12 82 165
82 12 165
12 18 137
18 12 137
12 66 624
66 12 624
12 40 923
40 12 923
12 79 578
79 12 578
12 42 255
42 12 255
12 42 564
42 12 564
12 30 855
30 12 855
12 74 752
74 12 752
12 82 479
82 12 479
13 19 899
19 13 899
13 39 187
39 13 187
13 68 730
68 13 730
13 76 244
76 13 244
13 50 417
50 13 417
13 59 772
59 13 772
13 60 159
60 13 159
13 22 260
22 13 260
13 66 721
66 13 721
13 63 411
63 13 411
13 68 350
68 13 350
13 20 273
20 13 273
14 15 500
15 14 500
14 65 216
65 14 216
14 85 194
85 14 194
14 38 780
38 14 780
14 31 571
31 14 571
14 73 632
73 14 632
14 29 536
29 14 536
14 32 679
32 14 679
14 55 731
55 14 731
14 21 115
21 14 115
14 84 678
84 14 678
14 69 79
69 14 79
14 49 143
49 14 143
14 72 187
72 14 187
14 54 208
54 14 208
14 79 627
79 14 627
15 55 568
55 15 568
15 16 700
16 15 700
15 54 851
54 15 851
15 56 569
56 15 569
15 75 365
75 15 365
15 41 318
41 15 318
15 67 605
67 15 605
15 74 773
74 15 773
15 25 29
25 15 29
15 49 888
49 15 888
15 82 936
82 15 936
15 32 90
32 15 90
15 83 489
83 15 489
15 54 902
54 15 902
15 53 220
53 15 220
16 20 741
20 16 741
16 75 166
75 16 166
16 49 27
49 16 27
16 22 905
22 16 905
16 40 593
40 16 593
16 53 278
53 16 278
16 58 829
58 16 829
16 62 558
62 16 558
16 73 616
73 16 616
16 46 868
46 16 868
16 31 172
31 16 172
16 61 937
61 16 937
16 62 375
62 16 375
16 65 118
65 16 118
16 72 235
72 16 235
16 26 556
26 16 556
16 35 587
35 16 587
17 76 999
76 17 999
17 41 919
41 17 919
17 78 87
78 17 87
17 76 746
76 17 746
17 81 18
81 17 18
17 70 106
70 17 106
17 76 57
76 17 57
17 24 443
24 17 443
17 43 367
43 17 367
17 24 245
24 17 245
17 66 361
66 17 361
17 19 549
19 17 549
17 24 753
24 17 753
17 53 733
53 17 733
17 22 146
22 17 146
17 56 878
56 17 878
18 25 984
25 18 984
18 38 884
38 18 884
18 59 51
59 18 51
18 48 218
48 18 218
18 80 792
80 18 792
18 62 804
62 18 804
18 84 579
84 18 579
18 53 919
53 18 919
18 22 394
22 18 394
18 57 101
57 18 101
18 49 268
49 18 268
19 41 602
41 19 602
19 82 262
82 19 262
19 60 328
60 19 328
19 44 262
44 19 262
19 50 242
50 19 242
19 21 718
21 19 718
19 77 315
77 19 315
19 47 509
47 19 509
19 83 447
83 19 447
19 74 781
74 19 781
19 40 703
40 19 703
19 57 971
57 19 971
20 52 476
52 20 476
20 78 514
78 20 514
20 44 199
44 20 199
20 50 543
50 20 543
20 75 255
75 20 255
20 29 548
29 20 548
20 76 70
76 20 70
20 40 958
40 20 958
20 31 673
31 20 673
20 39 373
39 20 373
20 38 408
38 20 408
20 29 523
29 20 523
20 29 569
29 20 569
21 37 949
37 21 949
21 43 631
43 21 631
21 51 855
51 21 855
21 54 742
54 21 742
21 57 962
57 21 962
21 45 771
45 21 771
21 79 887
79 21 887
21 82 443
82 21 443
21 71 173
71 21 173
21 63 732
63 21 732
21 32 502
32 21 502
21 34 101
34 21 101
22 32 66
32 22 66
22 58 796
58 22 796
22 33 458
33 22 458
22 45 623
45 22 623
22 70 431
70 22 431
22 71 268
71 22 268
22 57 751
57 22 751
22 61 974
61 22 974
22 66 7
66 22 7
22 66 960
66 22 960
22 64 27
64 22 27
23 24 743
24 23 743
23 80 731
80 23 731
23 48 476
48 23 476
23 35 771
35 23 771
23 82 154
82 23 154
23 41 650
41 23 650
23 68 962
68 23 962
23 66 913
66 23 913
23 28 425
28 23 425
23 85 411
85 23 411
23 46 678
46 23 678
23 41 423
41 23 423
23 43 359
43 23 359
24 38 746
38 24 746
24 53 99
53 24 99
24 63 655
63 24 655
24 46 637
46 24 637
24 75 863
75 24 863
24 79 587
79 24 587
24 68 310
68 24 310
24 75 83
75 24 83
24 46 399
46 24 399
24 73 70
73 24 70
24 47 826
47 24 826
24 77 34
77 24 34
24 74 527
74 24 527
24 32 862
32 24 862
24 68 636
68 24 636
24 38 686
38 24 686
24 64 159
64 24 159
25 54 852
54 25 852
25 32 271
32 25 271
25 64 396
64 25 396
25 59 985
59 25 985
25 39 267
39 25 267
25 63 940
63 25 940
25 50 274
50 25 274
25 78 631
78 25 631
25 31 662
31 25 662
25 69 623
69 25 623
25 68 502
68 25 502
26 29 923
29 26 923
26 50 90
50 26 90
26 73 111
73 26 111
26 67 508
67 26 508
26 35 595
35 26 595
26 41 922
41 26 922
26 55 317
55 26 317
26 44 541
44 26 541
26 34 220
34 26 220
26 46 386
46 26 386
26 58 880
58 26 880
26 41 272
41 26 272
26 77 936
77 26 936
27 83 8
83 27 8
27 74 423
74 27 423
27 79 387
79 27 387
27 50 944
50 27 944
27 81 769
81 27 769
27 64 45
64 27 45
27 32 50
32 27 50
27 38 909
38 27 909
27 81 297
81 27 297
28 53 378
53 28 378
28 52 403
52 28 403
28 79 373
79 28 373
28 40 411
40 28 411
28 81 536
81 28 536
28 48 362
48 28 362
28 37 302
37 28 302
28 82 906
82 28 906
28 81 580
81 28 580
28 71 747
71 28 747
28 64 252
64 28 252
28 42 611
42 28 611
29 30 815
30 29 815
29 60 634
60 29 634
29 70 120
70 29 120
29 60 183
60 29 183
29 41 675
41 29 675
29 53 368
53 29 368
29 33 678
33 29 678
29 52 783
52 29 783
29 55 600
55 29 600
29 48 237
48 29 237
29 56 987
56 29 987
29 41 292
41 29 292
29 38 198
38 29 198
29 51 889
51 29 889
30 45 570
45 30 570
30 75 393
75 30 393
30 32 967
32 30 967
30 71 581
71 30 581
30 56 897
56 30 897
30 85 553
85 30 553
30 43 573
43 30 573
30 39 83
39 30 83
30 63 208
63 30 208
30 61 120
61 30 120
30 30 447
30 30 447
30 55 228
55 30 228
30 51 612
51 30 612
30 71 868
71 30 868
30 52 653
52 30 653
30 76 628
76 30 628
31 44 716
44 31 716
31 58 348
58 31 348
31 40 137
40 31 137
31 53 961
53 31 961
31 58 383
58 31 383
31 64 192
64 31 192
31 35 559
35 31 559
31 68 135
68 31 135
31 60 234
60 31 234
32 34 948
34 32 948
32 46 79
46 32 79
32 50 480
50 32 480
32 65 642
65 32 642
32 84 894
84 32 894
32 78 611
78 32 611
32 50 369
50 32 369
32 45 156
45 32 156
32 43 597
43 32 597
32 36 56
36 32 56
33 47 828
47 33 828
33 81 768
81 33 768
33 68 512
68 33 512
33 35 948
35 33 948
33 52 910
52 33 910
33 49 541
49 33 541
33 70 559
70 33 559
33 64 463
64 33 463
33 83 477
83 33 477
33 44 606
44 33 606
33 42 189
42 33 189
33 63 123
63 33 123
34 49 491
49 34 491
34 75 390
75 34 390
34 37 435
37 34 435
34 52 633
52 34 633
34 43 610
43 34 610
34 46 35
46 34 35
34 75 399
75 34 399
34 38 880
38 34 880
34 53 754
53 34 754
34 78 4
78 34 4
34 60 106
60 34 106
34 36 460
36 34 460
34 73 437
73 34 437
34 72 556
72 34 556
34 78 74
78 34 74
34 67 909
67 34 909
34 34 82
34 34 82
34 35 211
35 34 211
35 74 245
74 35 245
35 38 406
38 35 406
35 60 794
60 35 794
35 76 353
76 35 353
35 43 526
43 35 526
35 72 113
72 35 113
35 85 638
85 35 638
35 61 224
61 35 224
35 79 877
79 35 877
35 40 268
40 35 268
35 48 844
48 35 844
36 55 613
55 36 613
36 80 981
80 36 981
36 48 442
48 36 442
36 69 261
69 36 261
36 73 874
73 36 874
36 68 304
68 36 304
36 75 988
75 36 988
36 68 113
68 36 113
36 61 174
61 36 174
36 36 731
36 36 731
36 49 781
49 36 781
36 72 906
72 36 906
37 42 42
42 37 42
37 71 851
71 37 851
37 53 886
53 37 886
37 51 953
51 37 953
37 59 215
59 37 215
37 58 81
58 37 81
38 66 583
66 38 583
38 65 534
65 38 534
38 44 368
44 38 368
38 83 2
83 38 2
38 60 934
60 38 934
38 62 305
62 38 305
38 62 214
62 38 214
38 73 499
73 38 499
38 49 938
49 38 938
38 74 741
74 38 741
38 66 199
66 38 199
38 78 638
78 38 638
39 46 787
46 39 787
39 55 935
55 39 935
39 73 54
73 39 54
39 50 721
50 39 721
39 42 279
42 39 279
39 54 448
54 39 448
39 68 428
68 39 428
39 56 170
56 39 170
39 42 792
42 39 792
39 61 752
61 39 752
39 83 733
83 39 733
39 59 266
59 39 266
39 40 94
40 39 94
39 62 590
62 39 590
39 73 23
73 39 23
40 85 388
85 40 388
40 49 643
49 40 643
40 45 139
45 40 139
40 73 673
73 40 673
40 84 377
84 40 377
40 81 102
81 40 102
40 62 337
62 40 337
41 48 328
48 41 328
41 67 732
67 41 732
41 60 545
60 41 545
41 79 331
79 41 331
41 81 289
81 41 289
41 69 512
69 41 512
41 46 345
46 41 345
41 75 224
75 41 224
41 49 858
49 41 858
41 51 747
51 41 747
41 74 682
74 41 682
41 71 444
71 41 444
42 50 359
50 42 359
42 78 888
78 42 888
42 46 346
46 42 346
42 44 214
44 42 214
42 84 181
84 42 181
43 58 805
58 43 805
43 56 104
56 43 104
43 50 485
50 43 485
43 46 609
46 43 609
43 55 363
55 43 363
43 43 79
43 43 79
43 59 352
59 43 352
43 68 410
68 43 410
43 67 344
67 43 344
43 81 814
81 43 814
43 78 235
78 43 235
43 49 220
49 43 220
43 65 20
65 43 20
44 72 638
72 44 638
44 56 298
56 44 298
44 67 174
67 44 174
44 45 52
45 44 52
44 67 30
67 44 30
45 69 47
69 45 47
45 80 576
80 45 576
45 64 726
64 45 726
45 70 771
70 45 771
45 59 130
59 45 130
45 49 531
49 45 531
45 51 368
51 45 368
45 57 2
57 45 2
45 64 889
64 45 889
45 69 861
69 45 861
45 61 203
61 45 203
46 53 732
53 46 732
47 81 246
81 47 246
47 57 481
57 47 481
47 81 310
81 47 310
47 60 516
60 47 516
47 49 883
49 47 883
47 84 149
84 47 149
48 57 527
57 48 527
48 56 19
56 48 19
48 79 607
79 48 607
48 64 714
64 48 714
48 50 163
50 48 163
48 51 888
51 48 888
48 84 585
84 48 585
48 71 65
71 48 65
49 62 671
62 49 671
49 49 65
49 49 65
49 81 901
81 49 901
49 75 432
75 49 432
50 52 98
52 50 98
50 54 314
54 50 314
50 68 420
68 50 420
50 60 919
60 50 919
50 73 24
73 50 24
50 70 635
70 50 635
50 64 621
64 50 621
50 64 816
64 50 816
50 84 961
84 50 961
50 67 841
67 50 841
51 57 829
57 51 829
51 67 666
67 51 666
51 68 228
68 51 228
51 76 6
76 51 6
51 68 917
68 51 917
51 66 354
66 51 354
51 77 434
77 51 434
51 82 93
82 51 93
51 67 130
67 51 130
51 76 373
76 51 373
51 68 131
68 51 131
51 74 390
74 51 390
52 62 442
62 52 442
52 66 656
66 52 656
52 68 836
68 52 836
52 72 74
72 52 74
52 83 850
83 52 850
52 65 61
65 52 61
52 60 728
60 52 728
52 53 92
53 52 92
53 63 639
63 53 639
53 77 661
77 53 661
53 76 214
76 53 214
53 57 353
57 53 353
53 55 11
55 53 11
53 68 972
68 53 972
53 59 48
59 53 48
53 80 65
80 53 65
53 65 155
65 53 155
54 61 251
61 54 251
54 78 754
78 54 754
54 64 834
64 54 834
55 79 120
79 55 120
55 59 490
59 55 490
55 63 282
63 55 282
55 81 151
81 55 151
56 57 201
57 56 201
56 62 365
62 56 365
56 79 822
79 56 822
56 83 984
83 56 984
57 67 294
67 57 294
57 58 87
58 57 87
57 71 459
71 57 459
57 84 756
84 57 756
57 78 529
78 57 529
57 70 813
70 57 813
57 79 588
79 57 588
58 62 632
62 58 632
58 79 178
79 58 178
58 67 962
67 58 962
58 63 648
63 58 648
58 61 327
61 58 327
58 70 474
70 58 474
58 81 299
81 58 299
58 83 573
83 58 573
59 61 484
61 59 484
59 82 746
82 59 746
59 62 303
62 59 303
59 76 671
76 59 671
59 61 153
61 59 153
60 81 194
81 60 194
60 70 455
70 60 455
60 69 20
69 60 20
60 85 410
85 60 410
60 83 441
83 60 441
60 84 78
84 60 78
60 72 776
72 60 776
62 72 355
72 62 355
62 81 673
81 62 673
62 65 315
65 62 315
62 69 765
69 62 765
62 75 309
75 62 309
63 77 615
77 63 615
63 64 104
64 63 104
63 68 269
68 63 269
63 76 708
76 63 708
63 84 851
84 63 851
63 83 683
83 63 683
63 71 245
71 63 245
64 65 296
65 64 296
64 76 293
76 64 293
64 76 18
76 64 18
64 66 992
66 64 992
64 80 222
80 64 222
65 69 99
69 65 99
65 65 223
65 65 223
66 85 237
85 66 237
66 75 280
75 66 280
66 68 799
68 66 799
66 83 460
83 66 460
66 76 419
76 66 419
66 70 317
70 66 317
67 80 808
80 67 808
67 79 78
79 67 78
67 69 3
69 67 3
67 79 943
79 67 943
67 74 769
74 67 769
67 76 238
76 67 238
68 85 391
85 68 391
68 79 904
79 68 904
69 84 240
84 69 240
69 84 471
84 69 471
69 74 379
74 69 379
69 84 866
84 69 866
70 85 263
85 70 263
71 81 184
81 71 184
72 77 507
77 72 507
73 75 855
75 73 855
73 76 854
76 73 854
73 79 725
79 73 725
73 78 420
78 73 420
73 84 906
84 73 906
74 82 9
82 74 9
74 80 21
80 74 21
75 82 645
82 75 645
77 85 405
85 77 405
79 81 901
81 79 901
79 84 469
84 79 469
79 80 536
80 79 536
80 81 526
81 80 526
81 83 121
83 81 121
84 84 121
84 84 121
