46

0 1 120
1 0 120
0 19 470
19 0 470
0 39 348
39 0 348
0 5 612
5 0 612
0 3 80
3 0 80
0 30 202
30 0 202
0 43 401
43 0 401
0 5 88
5 0 88
0 18 565
18 0 565
0 11 284
11 0 284
0 3 353
3 0 353
0 25 874
25 0 874
0 37 451
37 0 451
0 45 431
45 0 431
0 8 678
8 0 678
0 10 41
10 0 41
0 34 792
34 0 792
0 7 861
7 0 861
0 8 138
8 0 138
0 38 13
38 0 13
0 38 452
38 0 452
0 30 523
30 0 523
0 40 623
40 0 623
0 10 210
10 0 210
0 7 470
7 0 470
0 18 382
18 0 382
0 2 891
2 0 891
0 30 606
30 0 606
0 16 173
16 0 173
0 33 498
33 0 498
0 42 827
42 0 827
1 2 529
2 1 529
1 3 364
3 1 364
1 4 741
4 1 741
1 6 454
6 1 454
1 23 875
23 1 875
1 21 740
21 1 740
1 31 383
31 1 383
1 39 468
39 1 468
1 24 571
24 1 571
1 45 177
45 1 177
1 25 710
25 1 710
1 41 180
41 1 180
1 31 957
31 1 957
1 42 46
42 1 46
1 18 578
18 1 578
1 37 459
37 1 459
1 1 419
1 1 419
1 16 743
16 1 743
1 11 344
11 1 344
1 14 818
14 1 818
1 5 926
5 1 926
1 11 535
11 1 535
1 23 274
23 1 274
1 41 25
41 1 25
1 31 373
31 1 373
1 9 615
9 1 615
1 16 863
16 1 863
1 19 128
19 1 128
1 33 786
33 1 786
1 29 40
29 1 40
1 34 461
34 1 461
1 20 859
20 1 859
1 30 859
30 1 859
1 2 299
2 1 299
1 34 391
34 1 391
1 20 558
20 1 558
1 30 816
30 1 816
2 13 254
13 2 254
2 25 561
25 2 561
2 28 671
28 2 671
2 10 539
10 2 539
2 21 797
21 2 797
2 2 841
2 2 841
2 10 534
10 2 534
2 22 867
22 2 867
2 8 532
8 2 532
2 20 371
20 2 371
2 35 398
35 2 398
2 37 796
37 2 796
2 6 759
6 2 759
2 39 262
39 2 262
2 3 147
3 2 147
2 34 215
34 2 215
2 25 185
25 2 185
2 28 736
28 2 736
2 38 359
38 2 359
2 13 910
13 2 910
2 8 629
8 2 629
2 3 422
3 2 422
2 3 592
3 2 592
2 18 31
18 2 31
2 24 441
24 2 441
2 37 634
37 2 634
2 42 431
42 2 431
2 22 783
22 2 783
2 18 143
18 2 143
2 15 826
15 2 826
2 26 732
26 2 732
2 27 595
27 2 595
2 43 169
43 2 169
3 12 873
12 3 873
3 44 227
44 3 227
3 21 947
21 3 947
3 10 571
10 3 571
3 42 747
42 3 747
3 13 58
13 3 58
3 39 954
39 3 954
3 43 606
43 3 606
3 33 410
33 3 410
3 29 529
29 3 529
3 10 526
10 3 526
3 9 149
9 3 149
3 27 698
27 3 698
3 41 824
41 3 824
3 10 703
10 3 703
3 15 238
15 3 238
3 36 243
36 3 243
3 43 186
43 3 186
3 33 788
33 3 788
3 5 449
5 3 449
3 44 886
44 3 886
3 43 91
43 3 91
3 35 928
35 3 928
3 25 148
25 3 148
3 38 911
38 3 911
3 19 746
19 3 746
3 10 147
10 3 147
3 20 822
20 3 822
3 45 59
45 3 59
3 16 958
16 3 958
3 35 110
35 3 110
3 23 73
23 3 73
3 24 448
24 3 448
4 5 288
5 4 288
4 31 50
31 4 50
4 16 677
16 4 677
4 19 708
19 4 708
4 18 493
18 4 493
4 15 22
15 4 22
4 35 68
35 4 68
4 34 158
34 4 158
4 22 680
22 4 680
4 40 96
40 4 96
4 21 1000
21 4 1000
4 14 588
14 4 588
4 26 492
26 4 492
4 11 551
11 4 551
4 15 594
15 4 594
4 21 855
21 4 855
4 16 440
16 4 440
4 20 166
20 4 166
4 32 221
32 4 221
4 31 314
31 4 314
4 35 86
35 4 86
4 30 132
30 4 132
4 24 559
24 4 559
4 8 863
8 4 863
4 5 438
5 4 438
4 43 253
43 4 253
4 20 384
20 4 384
5 7 426
7 5 426
5 8 688
8 5 688
5 14 990
14 5 990
5 16 235
16 5 235
5 16 99
16 5 99
5 33 982
33 5 982
5 33 149
33 5 149
5 44 102
44 5 102
5 16 698
16 5 698
5 18 67
18 5 67
5 41 946
41 5 946
5 36 422
36 5 422
5 43 440
43 5 440
5 40 736
40 5 736
5 26 746
26 5 746
5 7 91
7 5 91
5 24 856
24 5 856
5 38 827
38 5 827
6 43 956
43 6 956
6 28 492
28 6 492
6 32 797
32 6 797
6 15 75
15 6 75
6 22 754
22 6 754
6 21 786
21 6 786
6 44 624
44 6 624
6 27 27
27 6 27
6 44 289
44 6 289
6 29 240
29 6 240
6 28 770
28 6 770
6 6 808
6 6 808
6 12 716
12 6 716
6 43 473
43 6 473
6 39 521
39 6 521
6 12 65
12 6 65
6 11 956
11 6 956
6 32 20
32 6 20
6 7 581
7 6 581
6 34 241
34 6 241
6 38 313
38 6 313
6 40 560
40 6 560
6 31 866
31 6 866
6 44 453
44 6 453
7 9 947
9 7 947
7 24 699
24 7 699
7 31 834
31 7 834
7 13 284
13 7 284
7 11 707
11 7 707
7 36 699
36 7 699
7 44 11
44 7 11
7 16 592
16 7 592
7 13 247
13 7 247
7 43 466
43 7 466
7 37 457
37 7 457
7 23 400
23 7 400
7 32 93
32 7 93
7 7 235
7 7 235
7 30 701
30 7 701
7 32 273
32 7 273
7 32 295
32 7 295
7 12 927
12 7 927
7 14 338
14 7 338
7 45 895
45 7 895
7 39 553
39 7 553
7 17 168
17 7 168
8 10 213
10 8 213
8 30 211
30 8 211
8 29 592
29 8 592
8 22 669
22 8 669
8 29 293
29 8 293
8 28 809
28 8 809
8 38 640
38 8 640
8 23 836
23 8 836
8 15 784
15 8 784
8 23 916
23 8 916
8 26 11
26 8 11
8 19 673
19 8 673
8 32 446
32 8 446
8 19 69
19 8 69
8 14 689
14 8 689
8 38 96
38 8 96
8 38 512
38 8 512
8 38 774
38 8 774
8 28 972
28 8 972
8 35 499
35 8 499
8 32 194
32 8 194
8 11 479
11 8 479
8 34 265
34 8 265
9 17 946
17 9 946
9 23 165
23 9 165
9 35 712
35 9 712
9 24 846
24 9 846
9 33 861
33 9 861
9 33 592
33 9 592
9 26 86
26 9 86
9 9 167
9 9 167
9 19 723
19 9 723
9 43 879
43 9 879
9 43 214
43 9 214
9 16 453
16 9 453
9 14 821
14 9 821
9 15 785
15 9 785
9 17 618
17 9 618
9 44 519
44 9 519
9 21 961
21 9 961
9 37 114
37 9 114
9 36 630
36 9 630
9 25 35
25 9 35
9 33 567
33 9 567
9 36 800
36 9 800
9 30 543
30 9 543
9 32 473
32 9 473
9 9 55
9 9 55
9 16 359
16 9 359
9 40 589
40 9 589
9 14 860
14 9 860
9 19 942
19 9 942
9 13 352
13 9 352
9 32 668
32 9 668
9 41 322
41 9 322
9 16 255
16 9 255
9 26 449
26 9 449
9 26 307
26 9 307
10 11 913
11 10 913
10 30 365
30 10 365
10 45 413
45 10 413
10 15 753
15 10 753
10 24 514
24 10 514
10 21 427
21 10 427
10 34 947
34 10 947
10 11 960
11 10 960
10 12 890
12 10 890
10 35 167
35 10 167
10 28 275
28 10 275
10 35 967
35 10 967
10 26 859
26 10 859
10 30 358
30 10 358
10 39 12
39 10 12
10 23 500
23 10 500
10 35 952
35 10 952
11 29 49
29 11 49
11 34 765
34 11 765
11 29 728
29 11 728
11 36 473
36 11 473
11 38 125
38 11 125
11 37 902
37 11 902
11 24 889
24 11 889
11 39 995
39 11 995
11 13 217
13 11 217
11 41 833
41 11 833
11 11 14
11 11 14
11 13 285
13 11 285
11 37 322
37 11 322
11 22 259
22 11 259
11 12 934
12 11 934
11 18 361
18 11 361
11 45 657
45 11 657
11 19 499
19 11 499
11 44 611
44 11 611
11 35 319
35 11 319
11 40 589
40 11 589
11 29 791
29 11 791
11 42 382
42 11 382
11 26 812
26 11 812
11 27 793
27 11 793
11 41 762
41 11 762
11 33 199
33 11 199
11 28 259
28 11 259
11 29 292
29 11 292
12 26 427
26 12 427
12 41 831
41 12 831
12 18 658
18 12 658
12 39 51
39 12 51
12 38 328
38 12 328
12 26 955
26 12 955
12 35 208
35 12 208
12 28 54
28 12 54
12 19 31
19 12 31
12 38 660
38 12 660
12 42 504
42 12 504
12 23 301
23 12 301
12 13 222
13 12 222
12 16 20
16 12 20
12 43 396
43 12 396
12 42 199
42 12 199
12 37 691
37 12 691
12 41 597
41 12 597
12 21 959
21 12 959
12 25 168
25 12 168
13 15 857
15 13 857
13 27 675
27 13 675
13 45 181
45 13 181
13 27 525
27 13 525
13 13 281
13 13 281
13 21 587
21 13 587
13 21 410
21 13 410
13 38 851
38 13 851
13 33 330
33 13 330
13 16 744
16 13 744
13 42 882
42 13 882
13 45 570
45 13 570
13 29 905
29 13 905
13 13 552
13 13 552
13 33 698
33 13 698
13 21 73
21 13 73
13 23 523
23 13 523
13 15 903
15 13 903
13 41 304
41 13 304
13 23 941
23 13 941
13 17 410
17 13 410
13 36 23
36 13 23
13 27 304
27 13 304
13 29 64
29 13 64
13 37 760
37 13 760
13 25 198
25 13 198
13 20 385
20 13 385
13 32 625
32 13 625
13 41 71
41 13 71
13 35 633
35 13 633
13 22 913
22 13 913
13 24 120
24 13 120
13 19 393
19 13 393
13 27 39
27 13 39
13 38 725
38 13 725
14 18 668
18 14 668
14 43 127
43 14 127
14 42 890
42 14 890
14 18 547
18 14 547
14 24 788
24 14 788
14 39 987
39 14 987
14 35 139
35 14 139
14 28 306
28 14 306
14 20 905
20 14 905
14 32 491
32 14 491
14 32 550
32 14 550
14 17 459
17 14 459
14 20 53
20 14 53
14 20 690
20 14 690
14 38 616
38 14 616
14 20 451
20 14 451
14 28 156
28 14 156
14 17 487
17 14 487
15 30 472
30 15 472
15 19 566
19 15 566
15 19 543
19 15 543
15 36 174
36 15 174
15 44 303
44 15 303
15 35 51
35 15 51
15 28 146
28 15 146
15 30 596
30 15 596
15 29 47
29 15 47
15 30 284
30 15 284
15 37 747
37 15 747
15 16 930
16 15 930
15 24 123
24 15 123
15 17 795
17 15 795
15 39 216
39 15 216
15 24 602
24 15 602
15 30 654
30 15 654
15 15 658
15 15 658
15 41 306
41 15 306
15 45 999
45 15 999
16 31 973
31 16 973
16 32 660
32 16 660
16 40 579
40 16 579
16 20 822
20 16 822
16 19 28
19 16 28
16 45 816
45 16 816
16 27 19
27 16 19
16 23 620
23 16 620
16 43 11
43 16 11
16 41 467
41 16 467
16 33 448
33 16 448
16 45 45
45 16 45
16 37 688
37 16 688
16 16 790
16 16 790
16 45 476
45 16 476
16 26 954
26 16 954
16 37 406
37 16 406
16 26 353
26 16 353
16 26 751
26 16 751
17 41 673
41 17 673
17 44 645
44 17 645
17 30 764
30 17 764
17 32 704
32 17 704
17 23 964
23 17 964
17 32 195
32 17 195
17 28 497
28 17 497
17 18 272
18 17 272
17 31 808
31 17 808
17 37 810
37 17 810
17 36 458
36 17 458
17 32 632
32 17 632
17 35 982
35 17 982
17 35 484
35 17 484
17 19 647
19 17 647
17 42 818
42 17 818
17 23 100
23 17 100
17 17 801
17 17 801
18 20 672
20 18 672
18 21 630
21 18 630
18 22 635
22 18 635
18 28 802
28 18 802
18 24 554
24 18 554
18 39 960
39 18 960
18 38 974
38 18 974
18 44 413
44 18 413
18 44 596
44 18 596
18 20 920
20 18 920
18 24 560
24 18 560
18 19 626
19 18 626
18 44 152
44 18 152
18 37 114
37 18 114
18 26 269
26 18 269
18 41 53
41 18 53
18 39 929
39 18 929
19 28 974
28 19 974
19 35 768
35 19 768
19 22 984
22 19 984
19 44 282
44 19 282
19 33 601
33 19 601
19 27 401
27 19 401
19 35 429
35 19 429
19 29 607
29 19 607
19 42 302
42 19 302
19 27 953
27 19 953
19 31 814
31 19 814
19 38 657
38 19 657
19 38 137
38 19 137
19 39 446
39 19 446
19 39 125
39 19 125
19 38 146
38 19 146
19 29 366
29 19 366
19 32 124
32 19 124
19 39 388
39 19 388
19 42 984
42 19 984
19 23 347
23 19 347
19 22 61
22 19 61
20 39 881
39 20 881
20 27 616
27 20 616
20 37 637
37 20 637
20 21 774
21 20 774
20 41 955
41 20 955
20 22 894
22 20 894
20 28 642
28 20 642
20 45 634
45 20 634
20 40 277
40 20 277
20 27 795
27 20 795
20 24 938
24 20 938
20 34 499
34 20 499
21 42 395
42 21 395
21 26 278
26 21 278
21 34 422
34 21 422
21 44 288
44 21 288
21 44 991
44 21 991
21 43 336
43 21 336
21 28 535
28 21 535
21 39 203
39 21 203
21 44 261
44 21 261
21 27 128
27 21 128
21 36 514
36 21 514
21 24 32
24 21 32
21 34 855
34 21 855
21 24 824
24 21 824
21 27 263
27 21 263
21 42 70
42 21 70
21 29 464
29 21 464
21 36 830
36 21 830
21 31 301
31 21 301
21 44 395
44 21 395
22 39 326
39 22 326
22 33 900
33 22 900
22 23 565
23 22 565
22 27 852
27 22 852
22 27 459
27 22 459
22 30 897
30 22 897
22 31 725
31 22 725
22 23 790
23 22 790
22 35 983
35 22 983
22 27 691
27 22 691
22 38 387
38 22 387
22 37 710
37 22 710
22 37 722
37 22 722
22 26 166
26 22 166
22 25 78
25 22 78
22 37 257
37 22 257
22 39 806
39 22 806
22 30 925
30 22 925
22 26 810
26 22 810
22 26 305
26 22 305
22 42 935
42 22 935
22 41 855
41 22 855
23 33 424
33 23 424
23 28 620
28 23 620
23 29 633
29 23 633
23 40 717
40 23 717
23 31 548
31 23 548
23 44 902
44 23 902
23 24 622
24 23 622
23 30 30
30 23 30
23 41 79
41 23 79
23 29 736
29 23 736
23 26 453
26 23 453
23 27 691
27 23 691
23 35 571
35 23 571
23 34 682
34 23 682
23 40 134
40 23 134
23 39 345
39 23 345
23 23 387
23 23 387
23 26 687
26 23 687
23 44 891
44 23 891
23 43 238
43 23 238
23 45 581
45 23 581
24 35 166
35 24 166
24 32 455
32 24 455
24 30 917
30 24 917
24 31 830
31 24 830
24 29 300
29 24 300
24 28 897
28 24 897
24 24 75
24 24 75
24 29 688
29 24 688
24 38 679
38 24 679
24 36 898
36 24 898
24 42 873
42 24 873
24 38 132
38 24 132
24 41 253
41 24 253
25 27 684
27 25 684
25 45 577
45 25 577
25 43 260
43 25 260
25 39 183
39 25 183
25 42 137
42 25 137
25 36 56
36 25 56
25 41 628
41 25 628
25 28 273
28 25 273
25 34 808
34 25 808
25 36 935
36 25 935
25 40 138
40 25 138
25 28 95
28 25 95
25 31 293
31 25 293
25 42 897
42 25 897
25 43 403
43 25 403
25 41 950
41 25 950
25 40 892
40 25 892
25 28 225
28 25 225
26 42 32
42 26 32
26 30 177
30 26 177
26 36 860
36 26 860
26 31 66
31 26 66
26 30 499
30 26 499
26 29 182
29 26 182
26 34 508
34 26 508
26 41 906
41 26 906
26 41 534
41 26 534
26 30 249
30 26 249
26 30 833
30 26 833
26 41 173
41 26 173
26 30 454
30 26 454
27 33 800
33 27 800
27 40 248
40 27 248
27 36 529
36 27 529
27 40 37
40 27 37
27 39 213
39 27 213
27 41 252
41 27 252
27 34 493
34 27 493
27 44 864
44 27 864
27 44 860
44 27 860
27 31 354
31 27 354
28 35 925
35 28 925
28 36 636
36 28 636
28 43 120
43 28 120
28 36 488
36 28 488
28 39 621
39 28 621
28 30 934
30 28 934
28 31 998
31 28 998
28 35 280
35 28 280
28 45 841
45 28 841
28 38 122
38 28 122
28 32 223
32 28 223
28 36 363
36 28 363
28 43 253
43 28 253
28 32 352
32 28 352
28 36 973
36 28 973
28 29 539
29 28 539
28 28 994
28 28 994
29 35 860
35 29 860
29 39 646
39 29 646
29 36 81
36 29 81
29 45 968
45 29 968
29 45 74
45 29 74
29 42 818
42 29 818
29 32 223
32 29 223
29 42 233
42 29 233
29 30 641
30 29 641
29 36 787
36 29 787
29 36 974
36 29 974
29 35 532
35 29 532
29 31 505
31 29 505
29 38 571
38 29 571
29 40 184
40 29 184
29 35 477
35 29 477
29 31 448
31 29 448
29 41 371
41 29 371
29 36 933
36 29 933
29 43 760
43 29 760
30 43 993
43 30 993
31 38 323
38 31 323
31 41 155
41 31 155
31 40 769
40 31 769
31 43 218
43 31 218
31 34 809
34 31 809
31 35 368
35 31 368
31 43 338
43 31 338
31 36 987
36 31 987
31 39 889
39 31 889
31 33 569
33 31 569
31 36 158
36 31 158
31 42 329
42 31 329
31 43 292
43 31 292
32 37 511
37 32 511
32 36 366
36 32 366
32 35 334
35 32 334
32 44 172
44 32 172
32 35 884
35 32 884
32 36 631
36 32 631
32 40 500
40 32 500
33 37 828
37 33 828
33 39 814
39 33 814
33 42 693
42 33 693
33 44 534
44 33 534
33 41 373
41 33 373
33 35 469
35 33 469
33 44 29
44 33 29
33 36 764
36 33 764
33 42 128
42 33 128
33 35 596
35 33 596
33 45 936
45 33 936
34 38 109
38 34 109
34 35 732
35 34 732
34 44 623
44 34 623
34 35 657
35 34 657
34 35 413
35 34 413
34 41 802
41 34 802
34 39 831
39 34 831
34 43 179
43 34 179
34 35 696
35 34 696
34 45 161
45 34 161
34 42 603
42 34 603
35 45 133
45 35 133
35 44 726
44 35 726
35 41 803
41 35 803
35 45 779
45 35 779
35 45 677
45 35 677
35 43 808
43 35 808
35 39 993
39 35 993
35 37 915
37 35 915
35 41 862
41 35 862
36 41 573
41 36 573
36 42 866
42 36 866
36 39 668
39 36 668
36 41 170
41 36 170
36 40 919
40 36 919
37 44 210
44 37 210
37 43 363
43 37 363
37 42 110
42 37 110
37 41 64
41 37 64
37 43 784
43 37 784
37 40 241
40 37 241
37 44 650
44 37 650
37 45 682
45 37 682
37 39 368
39 37 368
38 42 135
42 38 135
38 40 755
40 38 755
38 39 598
39 38 598
38 40 107
40 38 107
38 42 885
42 38 885
38 42 482
42 38 482
39 41 643
41 39 643
39 42 779
42 39 779
39 40 644
40 39 644
39 44 232
44 39 232
40 41 135
41 40 135
40 42 522
42 40 522
40 41 899
41 40 899
40 42 552
42 40 552
41 44 458
44 41 458
41 44 14
44 41 14
42 44 995
44 42 995
42 44 90
44 42 90
42 45 564
45 42 564
42 42 112
42 42 112
42 42 417
42 42 417
43 45 660
45 43 660
43 43 578
43 43 578
44 45 943
45 44 943
44 45 628
45 44 628
