24

0 1 654
1 0 654
0 8 314
8 0 314
0 11 803
11 0 803
0 22 538
22 0 538
0 20 467
20 0 467
0 1 300
1 0 300
0 15 644
15 0 644
0 13 387
13 0 387
0 20 689
20 0 689
0 14 205
14 0 205
0 5 379
5 0 379
0 17 459
17 0 459
0 10 471
10 0 471
1 2 760
2 1 760
1 3 618
3 1 618
1 4 526
4 1 526
1 1 669
1 1 669
1 10 685
10 1 685
1 20 595
20 1 595
1 3 553
3 1 553
1 2 750
2 1 750
1 7 385
7 1 385
1 11 136
11 1 136
1 22 227
22 1 227
1 11 890
11 1 890
1 23 786
23 1 786
1 12 662
12 1 662
1 9 682
9 1 682
1 19 853
19 1 853
1 4 687
4 1 687
1 8 412
8 1 412
1 7 183
7 1 183
1 4 922
4 1 922
2 6 544
6 2 544
2 19 645
19 2 645
2 23 637
23 2 637
2 7 256
7 2 256
2 14 300
14 2 300
2 2 703
2 2 703
2 7 670
7 2 670
2 16 98
16 2 98
2 19 147
19 2 147
2 15 317
15 2 317
2 14 155
14 2 155
3 23 831
23 3 831
3 17 726
17 3 726
3 15 119
15 3 119
3 20 806
20 3 806
3 18 458
18 3 458
3 19 435
19 3 435
3 10 913
10 3 913
3 14 581
14 3 581
3 9 498
9 3 498
3 4 516
4 3 516
3 10 312
10 3 312
3 9 424
9 3 424
3 16 474
16 3 474
3 22 389
22 3 389
3 6 241
6 3 241
4 5 262
5 4 262
4 13 585
13 4 585
4 13 228
13 4 228
4 7 733
7 4 733
4 21 29
21 4 29
4 4 328
4 4 328
4 15 82
15 4 82
4 15 236
15 4 236
4 8 857
8 4 857
5 9 177
9 5 177
5 14 372
14 5 372
5 18 674
18 5 674
5 20 459
20 5 459
5 6 447
6 5 447
5 14 885
14 5 885
5 16 82
16 5 82
5 9 400
9 5 400
5 21 202
21 5 202
5 8 431
8 5 431
5 16 415
16 5 415
5 21 84
21 5 84
5 8 479
8 5 479
6 7 412
7 6 412
6 11 910
11 6 910
6 15 603
15 6 603
6 20 821
20 6 821
6 22 666
22 6 666
6 17 472
17 6 472
6 23 98
23 6 98
6 21 903
21 6 903
6 20 887
20 6 887
6 18 27
18 6 27
6 20 822
20 6 822
6 11 876
11 6 876
6 13 548
13 6 548
6 23 519
23 6 519
7 22 946
22 7 946
7 22 894
22 7 894
7 16 250
16 7 250
7 20 747
20 7 747
7 17 174
17 7 174
7 9 119
9 7 119
7 22 411
22 7 411
7 12 782
12 7 782
7 8 459
8 7 459
7 11 574
11 7 574
7 9 97
9 7 97
7 10 902
10 7 902
7 23 811
23 7 811
7 13 869
13 7 869
8 21 716
21 8 716
8 10 182
10 8 182
8 9 518
9 8 518
8 17 181
17 8 181
8 22 976
22 8 976
9 10 466
10 9 466
9 17 434
17 9 434
9 18 381
18 9 381
9 22 659
22 9 659
9 11 131
11 9 131
9 10 843
10 9 843
9 22 204
22 9 204
9 18 437
18 9 437
9 12 105
12 9 105
9 10 5
10 9 5
9 13 227
13 9 227
10 12 869
12 10 869
10 12 858
12 10 858
10 12 290
12 10 290
10 12 733
12 10 733
10 23 991
23 10 991
10 11 671
11 10 671
10 23 532
23 10 532
11 12 829
12 11 829
11 13 346
13 11 346
11 14 916
14 11 916
11 18 485
18 11 485
11 15 76
15 11 76
11 15 238
15 11 238
11 16 402
16 11 402
11 23 164
23 11 164
12 17 189
17 12 189
12 19 959
19 12 959
12 22 756
22 12 756
12 15 424
15 12 424
12 16 102
16 12 102
13 16 221
16 13 221
13 17 372
17 13 372
13 19 816
19 13 816
14 15 308
15 14 308
14 15 495
15 14 495
14 16 936
16 14 936
15 21 216
21 15 216
15 22 662
22 15 662
15 16 350
16 15 350
15 21 551
21 15 551
15 20 549
20 15 549
15 20 815
20 15 815
15 17 585
17 15 585
15 23 668
23 15 668
16 23 505
23 16 505
16 17 667
17 16 667
16 19 440
19 16 440
16 22 931
22 16 931
16 22 872
22 16 872
16 19 266
19 16 266
18 23 170
23 18 170
18 22 222
22 18 222
19 20 225
20 19 225
19 23 586
23 19 586
19 20 957
20 19 957
20 21 55
21 20 55
20 21 465
21 20 465
20 21 199
21 20 199
20 23 986
23 20 986
20 21 169
21 20 169
20 22 310
22 20 310
21 21 576
21 21 576
22 23 653
23 22 653
