24

0 1 473
1 0 473
0 2 975
2 0 975
0 9 588
9 0 588
0 11 539
11 0 539
0 9 83
9 0 83
0 9 674
9 0 674
0 13 872
13 0 872
0 16 944
16 0 944
0 18 749
18 0 749
0 9 766
9 0 766
0 19 578
19 0 578
0 21 807
21 0 807
0 17 796
17 0 796
0 13 294
13 0 294
0 1 407
1 0 407
0 23 580
23 0 580
0 8 174
8 0 174
0 22 512
22 0 512
1 3 44
3 1 44
1 6 38
6 1 38
1 8 232
8 1 232
1 10 738
10 1 738
1 14 953
14 1 953
1 14 509
14 1 509
1 16 22
16 1 22
1 10 521
10 1 521
1 7 191
7 1 191
1 17 669
17 1 669
1 17 494
17 1 494
1 1 390
1 1 390
1 8 224
8 1 224
1 18 794
18 1 794
1 4 550
4 1 550
1 18 466
18 1 466
1 19 70
19 1 70
1 10 839
10 1 839
1 18 473
18 1 473
2 4 482
4 2 482
2 5 342
5 2 342
2 15 692
15 2 692
2 16 223
16 2 223
2 17 981
17 2 981
2 18 130
18 2 130
2 9 514
9 2 514
2 14 259
14 2 259
2 18 902
18 2 902
2 3 240
3 2 240
2 10 578
10 2 578
2 16 974
16 2 974
2 7 112
7 2 112
2 20 353
20 2 353
2 9 195
9 2 195
2 9 196
9 2 196
2 13 165
13 2 165
3 7 122
7 3 122
3 8 381
8 3 381
3 22 531
22 3 531
3 9 881
9 3 881
3 16 452
16 3 452
3 9 286
9 3 286
3 9 998
9 3 998
3 20 603
20 3 603
3 10 915
10 3 915
3 15 918
15 3 918
3 9 95
9 3 95
4 6 916
6 4 916
4 4 313
4 4 313
4 15 224
15 4 224
4 17 462
17 4 462
4 19 233
19 4 233
4 8 298
8 4 298
4 21 27
21 4 27
4 19 684
19 4 684
4 6 764
6 4 764
4 17 178
17 4 178
4 15 35
15 4 35
4 23 35
23 4 35
4 22 347
22 4 347
4 17 369
17 4 369
4 10 296
10 4 296
5 17 253
17 5 253
5 22 588
22 5 588
5 6 594
6 5 594
5 18 515
18 5 515
5 14 229
14 5 229
5 11 129
11 5 129
5 7 754
7 5 754
5 19 11
19 5 11
5 7 887
7 5 887
5 11 869
11 5 869
6 21 151
21 6 151
6 22 730
22 6 730
6 16 595
16 6 595
6 8 980
8 6 980
6 18 387
18 6 387
6 10 970
10 6 970
6 6 314
6 6 314
6 19 578
19 6 578
6 12 369
12 6 369
6 21 998
21 6 998
6 11 500
11 6 500
6 11 750
11 6 750
6 18 735
18 6 735
6 20 627
20 6 627
6 12 433
12 6 433
6 19 812
19 6 812
6 15 192
15 6 192
6 10 59
10 6 59
6 22 515
22 6 515
6 19 165
19 6 165
6 8 53
8 6 53
6 21 816
21 6 816
7 21 479
21 7 479
7 11 845
11 7 845
7 10 860
10 7 860
7 21 647
21 7 647
7 13 837
13 7 837
7 9 194
9 7 194
7 23 222
23 7 222
8 17 481
17 8 481
8 17 351
17 8 351
8 22 366
22 8 366
8 18 325
18 8 325
8 20 372
20 8 372
8 13 280
13 8 280
8 14 912
14 8 912
8 13 91
13 8 91
8 11 373
11 8 373
8 16 155
16 8 155
8 22 377
22 8 377
8 13 660
13 8 660
9 12 518
12 9 518
9 13 653
13 9 653
9 18 42
18 9 42
9 10 777
10 9 777
9 22 213
22 9 213
9 18 23
18 9 23
9 21 94
21 9 94
9 13 14
13 9 14
9 19 7
19 9 7
9 12 319
12 9 319
9 14 282
14 9 282
9 18 962
18 9 962
10 12 247
12 10 247
10 13 801
13 10 801
10 18 97
18 10 97
10 12 332
12 10 332
10 22 732
22 10 732
10 23 705
23 10 705
10 20 402
20 10 402
10 19 117
19 10 117
10 22 558
22 10 558
10 22 908
22 10 908
11 17 487
17 11 487
11 20 868
20 11 868
11 14 724
14 11 724
11 23 420
23 11 420
11 17 996
17 11 996
11 23 787
23 11 787
11 15 238
15 11 238
11 12 255
12 11 255
11 13 470
13 11 470
11 13 817
13 11 817
12 19 309
19 12 309
12 20 681
20 12 681
12 18 334
18 12 334
12 20 139
20 12 139
12 21 550
21 12 550
12 13 902
13 12 902
12 18 513
18 12 513
13 17 621
17 13 621
13 19 113
19 13 113
13 16 935
16 13 935
13 21 379
21 13 379
13 20 687
20 13 687
13 18 79
18 13 79
13 15 189
15 13 189
13 17 809
17 13 809
14 23 511
23 14 511
14 17 559
17 14 559
14 20 32
20 14 32
14 16 277
16 14 277
14 17 344
17 14 344
14 18 979
18 14 979
14 22 456
22 14 456
15 18 593
18 15 593
15 17 737
17 15 737
15 21 262
21 15 262
15 21 540
21 15 540
15 16 791
16 15 791
16 16 492
16 16 492
16 18 274
18 16 274
16 18 296
18 16 296
16 23 127
23 16 127
17 20 791
20 17 791
17 19 904
19 17 904
17 21 255
21 17 255
17 22 563
22 17 563
18 21 579
21 18 579
18 23 657
23 18 657
18 21 851
21 18 851
18 21 321
21 18 321
18 20 178
20 18 178
18 21 909
21 18 909
18 22 361
22 18 361
18 23 587
23 18 587
19 23 901
23 19 901
19 22 211
22 19 211
19 21 28
21 19 28
20 20 183
20 20 183
20 21 181
21 20 181
21 23 842
23 21 842
22 22 53
22 22 53
23 23 265
23 23 265
23 23 407
23 23 407
