15

0 1 370
1 0 370
0 3 638
3 0 638
0 4 142
4 0 142
0 5 617
5 0 617
0 9 42
9 0 42
0 3 88
3 0 88
0 7 581
7 0 581
0 9 396
9 0 396
0 6 825
6 0 825
0 5 139
5 0 139
1 2 238
2 1 238
1 7 692
7 1 692
1 6 561
6 1 561
1 14 931
14 1 931
1 10 380
10 1 380
1 14 217
14 1 217
1 7 721
7 1 721
1 7 438
7 1 438
1 8 854
8 1 854
2 6 95
6 2 95
2 8 181
8 2 181
2 7 19
7 2 19
2 8 265
8 2 265
2 4 860
4 2 860
2 10 126
10 2 126
2 8 239
8 2 239
2 5 371
5 2 371
2 6 529
6 2 529
2 7 381
7 2 381
2 5 345
5 2 345
2 14 387
14 2 387
2 13 477
13 2 477
2 9 293
9 2 293
2 3 3
3 2 3
2 13 215
13 2 215
2 9 278
9 2 278
3 7 902
7 3 902
3 13 379
13 3 379
3 7 133
7 3 133
3 7 589
7 3 589
3 13 103
13 3 103
3 14 638
14 3 638
3 9 467
9 3 467
3 10 842
10 3 842
3 6 440
6 3 440
3 11 462
11 3 462
4 13 457
13 4 457
4 9 373
9 4 373
4 14 50
14 4 50
4 8 964
8 4 964
4 10 355
10 4 355
4 12 321
12 4 321
5 12 995
12 5 995
5 12 493
12 5 493
6 11 193
11 6 193
6 14 461
14 6 461
6 8 996
8 6 996
6 13 921
13 6 921
6 14 177
14 6 177
6 11 537
11 6 537
6 8 330
8 6 330
7 10 879
10 7 879
7 13 232
13 7 232
7 13 872
13 7 872
7 9 254
9 7 254
8 9 337
9 8 337
8 10 851
10 8 851
8 14 968
14 8 968
8 11 779
11 8 779
8 12 307
12 8 307
9 13 176
13 9 176
9 12 605
12 9 605
9 9 710
9 9 710
10 14 268
14 10 268
10 13 525
13 10 525
10 14 773
14 10 773
11 12 819
12 11 819
11 13 28
13 11 28
12 13 138
13 12 138
12 12 899
12 12 899
12 12 672
12 12 672
12 13 820
13 12 820
