93

0 1 350
1 0 350
0 2 423
2 0 423
0 3 523
3 0 523
0 4 215
4 0 215
0 5 396
5 0 396
0 7 288
7 0 288
0 11 946
11 0 946
0 15 386
15 0 386
0 43 201
43 0 201
0 83 556
83 0 556
0 27 615
27 0 615
0 85 867
85 0 867
0 14 153
14 0 153
0 7 774
7 0 774
1 17 76
17 1 76
1 22 476
22 1 476
1 92 979
92 1 979
1 76 937
76 1 937
1 12 391
12 1 391
1 33 953
33 1 953
1 70 625
70 1 625
1 12 189
12 1 189
1 64 90
64 1 90
1 91 973
91 1 973
2 12 166
12 2 166
2 62 795
62 2 795
2 87 530
87 2 530
2 91 892
91 2 892
2 23 409
23 2 409
2 56 677
56 2 677
2 50 568
50 2 568
2 27 340
27 2 340
2 31 233
31 2 233
2 6 603
6 2 603
3 8 55
8 3 55
3 23 183
23 3 183
3 49 932
49 3 932
3 71 769
71 3 769
3 75 407
75 3 407
3 29 469
29 3 469
3 18 67
18 3 67
4 39 836
39 4 836
4 61 646
61 4 646
4 86 213
86 4 213
4 59 168
59 4 168
4 70 527
70 4 527
4 92 115
92 4 115
4 6 949
6 4 949
4 18 148
18 4 148
4 32 194
32 4 194
4 44 872
44 4 872
4 76 34
76 4 34
5 6 588
6 5 588
5 24 24
24 5 24
5 76 979
76 5 979
5 44 732
44 5 732
5 86 446
86 5 446
5 10 933
10 5 933
5 67 458
67 5 458
5 28 701
28 5 701
6 92 747
92 6 747
6 18 800
18 6 800
6 25 690
25 6 690
6 25 587
25 6 587
7 14 417
14 7 417
7 41 70
41 7 70
7 55 191
55 7 191
7 53 29
53 7 29
7 21 35
21 7 35
7 41 338
41 7 338
7 77 282
77 7 282
7 65 409
65 7 409
7 47 169
47 7 169
8 9 629
9 8 629
8 10 788
10 8 788
8 16 171
16 8 171
8 37 208
37 8 208
8 28 698
28 8 698
8 8 978
8 8 978
9 13 445
13 9 445
9 51 236
51 9 236
9 14 278
14 9 278
9 29 423
29 9 423
10 13 232
13 10 232
10 28 332
28 10 332
10 63 65
63 10 65
10 37 777
37 10 777
10 92 324
92 10 324
10 45 696
45 10 696
10 90 20
90 10 20
10 65 374
65 10 374
10 64 786
64 10 786
10 68 625
68 10 625
10 83 384
83 10 384
10 58 481
58 10 481
11 34 933
34 11 933
11 76 42
76 11 42
11 55 211
55 11 211
11 43 920
43 11 920
11 90 373
90 11 373
11 34 68
34 11 68
12 18 816
18 12 816
12 19 346
19 12 346
12 27 533
27 12 533
12 28 985
28 12 985
12 22 609
22 12 609
12 92 574
92 12 574
12 24 337
24 12 337
12 29 684
29 12 684
12 57 665
57 12 665
12 29 909
29 12 909
13 21 527
21 13 527
13 70 700
70 13 700
13 74 957
74 13 957
13 29 116
29 13 116
13 29 941
29 13 941
13 20 624
20 13 624
13 38 889
38 13 889
13 72 563
72 13 563
13 25 499
25 13 499
13 27 166
27 13 166
13 86 602
86 13 602
13 51 52
51 13 52
13 22 546
22 13 546
14 20 636
20 14 636
14 26 301
26 14 301
14 29 948
29 14 948
14 68 624
68 14 624
14 65 727
65 14 727
14 47 816
47 14 816
14 34 677
34 14 677
14 28 72
28 14 72
14 23 45
23 14 45
14 43 107
43 14 107
15 46 920
46 15 920
15 91 325
91 15 325
15 76 360
76 15 360
15 91 133
91 15 133
16 36 224
36 16 224
16 70 915
70 16 915
16 24 787
24 16 787
16 79 44
79 16 44
16 28 334
28 16 334
16 59 740
59 16 740
16 33 865
33 16 865
16 39 711
39 16 711
16 39 782
39 16 782
16 20 541
20 16 541
17 24 362
24 17 362
17 54 592
54 17 592
18 34 757
34 18 757
18 70 841
70 18 841
18 38 150
38 18 150
19 42 826
42 19 826
19 72 449
72 19 449
19 69 999
69 19 999
19 41 954
41 19 954
20 58 882
58 20 882
20 77 899
77 20 899
20 77 220
77 20 220
20 23 43
23 20 43
20 71 218
71 20 218
20 29 16
29 20 16
21 61 216
61 21 216
21 66 830
66 21 830
21 36 734
36 21 734
21 75 757
75 21 757
21 76 201
76 21 201
21 27 300
27 21 300
21 45 241
45 21 241
22 31 256
31 22 256
22 56 575
56 22 575
22 43 365
43 22 365
22 84 106
84 22 106
22 68 462
68 22 462
22 25 654
25 22 654
23 35 925
35 23 925
23 51 187
51 23 187
23 88 697
88 23 697
23 67 422
67 23 422
23 81 898
81 23 898
23 89 1
89 23 1
23 90 929
90 23 929
24 25 530
25 24 530
24 80 237
80 24 237
24 39 362
39 24 362
24 30 794
30 24 794
24 47 655
47 24 655
24 46 65
46 24 65
24 46 549
46 24 549
24 46 391
46 24 391
25 30 645
30 25 645
25 33 834
33 25 834
25 42 502
42 25 502
25 41 973
41 25 973
25 47 436
47 25 436
25 35 934
35 25 934
25 52 956
52 25 956
25 34 46
34 25 46
25 59 335
59 25 335
26 73 912
73 26 912
26 37 607
37 26 607
26 34 487
34 26 487
26 63 362
63 26 362
26 81 790
81 26 790
26 82 300
82 26 300
26 62 714
62 26 714
27 38 178
38 27 178
27 70 380
70 27 380
27 32 493
32 27 493
27 51 804
51 27 804
28 32 282
32 28 282
28 72 504
72 28 504
28 29 419
29 28 419
28 36 916
36 28 916
28 80 779
80 28 779
28 69 56
69 28 56
28 53 2
53 28 2
29 78 573
78 29 573
29 42 170
42 29 170
29 89 353
89 29 353
29 85 903
85 29 903
29 46 835
46 29 835
29 32 757
32 29 757
30 40 76
40 30 76
31 50 919
50 31 919
31 84 834
84 31 834
31 56 411
56 31 411
31 75 174
75 31 174
31 60 631
60 31 631
31 61 468
61 31 468
32 89 895
89 32 895
32 37 50
37 32 50
32 90 778
90 32 778
32 76 514
76 32 514
32 59 886
59 32 886
32 74 183
74 32 183
33 84 714
84 33 714
33 65 955
65 33 955
33 44 662
44 33 662
33 70 158
70 33 158
33 83 885
83 33 885
34 40 179
40 34 179
34 49 809
49 34 809
34 34 137
34 34 137
35 88 549
88 35 549
35 82 848
82 35 848
35 86 993
86 35 993
36 43 71
43 36 71
36 59 637
59 36 637
36 81 658
81 36 658
36 39 136
39 36 136
36 69 397
69 36 397
36 88 979
88 36 979
36 49 770
49 36 770
37 41 125
41 37 125
37 44 282
44 37 282
37 48 344
48 37 344
37 65 957
65 37 957
37 78 102
78 37 102
38 57 681
57 38 681
38 88 577
88 38 577
38 54 692
54 38 692
38 61 244
61 38 244
38 43 314
43 38 314
38 59 318
59 38 318
38 90 388
90 38 388
39 64 314
64 39 314
39 65 225
65 39 225
39 82 225
82 39 225
39 75 516
75 39 516
39 86 182
86 39 182
39 57 448
57 39 448
39 70 985
70 39 985
40 53 153
53 40 153
40 73 794
73 40 794
40 57 267
57 40 267
40 41 530
41 40 530
41 52 600
52 41 600
41 46 598
46 41 598
41 84 682
84 41 682
41 85 184
85 41 184
41 50 792
50 41 792
41 47 637
47 41 637
41 75 551
75 41 551
41 51 329
51 41 329
42 47 12
47 42 12
43 52 631
52 43 631
43 77 749
77 43 749
44 45 855
45 44 855
44 53 565
53 44 565
44 63 200
63 44 200
44 68 795
68 44 795
45 54 691
54 45 691
46 46 253
46 46 253
46 68 446
68 46 446
46 60 394
60 46 394
47 69 640
69 47 640
47 91 697
91 47 697
47 80 66
80 47 66
47 61 962
61 47 962
47 85 392
85 47 392
47 68 328
68 47 328
47 92 686
92 47 686
47 62 794
62 47 794
47 73 330
73 47 330
47 48 106
48 47 106
47 70 996
70 47 996
48 55 802
55 48 802
48 60 326
60 48 326
48 54 357
54 48 357
48 66 661
66 48 661
48 69 574
69 48 574
49 66 471
66 49 471
49 75 483
75 49 483
49 74 503
74 49 503
49 70 577
70 49 577
49 75 664
75 49 664
51 52 529
52 51 529
51 68 688
68 51 688
51 57 465
57 51 465
52 67 183
67 52 183
53 81 942
81 53 942
53 86 196
86 53 196
54 83 979
83 54 979
54 87 701
87 54 701
54 71 307
71 54 307
55 78 39
78 55 39
55 85 512
85 55 512
56 62 638
62 56 638
57 85 399
85 57 399
57 62 53
62 57 53
57 87 912
87 57 912
58 66 363
66 58 363
58 69 420
69 58 420
58 83 380
83 58 380
59 72 853
72 59 853
59 63 36
63 59 36
60 78 294
78 60 294
60 64 990
64 60 990
61 74 426
74 61 426
61 80 883
80 61 883
61 85 375
85 61 375
61 70 886
70 61 886
62 90 223
90 62 223
63 92 497
92 63 497
63 69 521
69 63 521
63 92 820
92 63 820
64 90 90
90 64 90
64 66 96
66 64 96
64 76 102
76 64 102
65 72 914
72 65 914
65 82 460
82 65 460
66 87 435
87 66 435
66 90 729
90 66 729
66 92 984
92 66 984
67 71 248
71 67 248
67 84 898
84 67 898
67 82 933
82 67 933
68 87 483
87 68 483
69 77 337
77 69 337
69 86 758
86 69 758
69 85 116
85 69 116
69 91 595
91 69 595
71 79 557
79 71 557
71 88 910
88 71 910
71 90 262
90 71 262
71 74 883
74 71 883
72 88 29
88 72 29
72 80 701
80 72 701
72 92 459
92 72 459
73 91 11
91 73 11
73 82 888
82 73 888
74 79 364
79 74 364
76 79 609
79 76 609
77 90 734
90 77 734
79 81 888
81 79 888
82 86 292
86 82 292
82 89 960
89 82 960
82 91 287
91 82 287
83 84 401
84 83 401
83 85 968
85 83 968
84 91 515
91 84 515
86 90 339
90 86 339
86 87 982
87 86 982
89 91 339
91 89 339
90 90 910
90 90 910
