74

0 1 255
1 0 255
0 36 91
36 0 91
0 63 430
63 0 430
0 44 730
44 0 730
0 21 38
21 0 38
0 42 639
42 0 639
0 37 321
37 0 321
0 67 526
67 0 526
0 45 211
45 0 211
0 0 811
0 0 811
0 56 671
56 0 671
1 2 499
2 1 499
1 3 278
3 1 278
1 4 196
4 1 196
1 6 202
6 1 202
1 7 447
7 1 447
1 11 473
11 1 473
1 18 164
18 1 164
1 73 784
73 1 784
1 73 812
73 1 812
1 71 171
71 1 171
1 16 41
16 1 41
1 72 9
72 1 9
1 73 184
73 1 184
1 5 338
5 1 338
1 52 683
52 1 683
1 7 126
7 1 126
1 42 34
42 1 34
1 9 279
9 1 279
1 16 445
16 1 445
1 73 854
73 1 854
1 12 48
12 1 48
1 50 696
50 1 696
1 28 319
28 1 319
2 33 604
33 2 604
2 23 94
23 2 94
2 69 717
69 2 717
2 19 102
19 2 102
2 15 85
15 2 85
2 70 702
70 2 702
2 45 814
45 2 814
2 38 171
38 2 171
2 37 41
37 2 41
3 5 545
5 3 545
3 21 585
21 3 585
3 42 575
42 3 575
3 36 710
36 3 710
3 62 520
62 3 520
3 65 546
65 3 546
3 36 994
36 3 994
3 66 589
66 3 589
3 22 56
22 3 56
3 65 822
65 3 822
3 22 993
22 3 993
3 36 746
36 3 746
3 53 963
53 3 963
3 31 539
31 3 539
3 56 502
56 3 502
4 8 807
8 4 807
4 9 769
9 4 769
4 10 575
10 4 575
4 13 145
13 4 145
4 14 680
14 4 680
4 31 234
31 4 234
4 34 139
34 4 139
4 44 673
44 4 673
4 44 594
44 4 594
4 15 993
15 4 993
4 5 208
5 4 208
4 21 367
21 4 367
4 55 782
55 4 782
4 34 262
34 4 262
4 70 524
70 4 524
4 10 655
10 4 655
4 49 717
49 4 717
4 14 580
14 4 580
4 62 385
62 4 385
5 19 338
19 5 338
5 24 346
24 5 346
5 41 200
41 5 200
5 28 596
28 5 596
5 29 298
29 5 298
5 54 605
54 5 605
5 68 462
68 5 462
5 43 412
43 5 412
5 46 224
46 5 224
5 24 320
24 5 320
6 12 532
12 6 532
6 21 61
21 6 61
6 37 714
37 6 714
6 35 387
35 6 387
6 72 555
72 6 555
6 67 188
67 6 188
6 11 522
11 6 522
6 16 809
16 6 809
6 70 697
70 6 697
6 11 793
11 6 793
6 11 27
11 6 27
6 23 284
23 6 284
6 21 162
21 6 162
6 63 129
63 6 129
7 17 850
17 7 850
7 23 687
23 7 687
7 48 749
48 7 749
7 63 48
63 7 48
7 70 552
70 7 552
7 58 73
58 7 73
7 71 935
71 7 935
7 32 174
32 7 174
7 58 509
58 7 509
7 34 553
34 7 553
7 20 940
20 7 940
8 12 554
12 8 554
8 56 977
56 8 977
8 14 130
14 8 130
8 16 815
16 8 815
8 71 603
71 8 603
8 31 199
31 8 199
8 17 646
17 8 646
8 30 792
30 8 792
8 33 666
33 8 666
9 35 847
35 9 847
9 52 535
52 9 535
9 27 616
27 9 616
9 17 819
17 9 819
9 24 126
24 9 126
10 27 670
27 10 670
10 62 661
62 10 661
10 25 839
25 10 839
10 25 147
25 10 147
10 23 167
23 10 167
10 15 880
15 10 880
10 49 554
49 10 554
10 27 34
27 10 34
10 69 374
69 10 374
11 22 735
22 11 735
11 72 763
72 11 763
11 19 365
19 11 365
11 27 139
27 11 139
11 67 275
67 11 275
11 22 248
22 11 248
11 35 30
35 11 30
11 13 438
13 11 438
12 15 121
15 12 121
12 30 452
30 12 452
12 57 903
57 12 903
12 53 939
53 12 939
12 15 49
15 12 49
12 62 717
62 12 717
12 18 23
18 12 23
12 13 143
13 12 143
12 69 288
69 12 288
13 16 893
16 13 893
13 53 806
53 13 806
13 69 885
69 13 885
13 19 855
19 13 855
13 44 648
44 13 648
13 25 455
25 13 455
14 25 287
25 14 287
14 56 744
56 14 744
14 63 583
63 14 583
14 72 324
72 14 324
14 29 393
29 14 393
15 20 570
20 15 570
15 29 885
29 15 885
15 42 783
42 15 783
15 42 853
42 15 853
15 21 768
21 15 768
15 31 489
31 15 489
15 66 224
66 15 224
15 20 612
20 15 612
15 48 18
48 15 18
15 44 49
44 15 49
15 25 884
25 15 884
16 38 701
38 16 701
16 28 998
28 16 998
16 60 42
60 16 42
16 66 561
66 16 561
16 39 804
39 16 804
16 32 284
32 16 284
16 19 371
19 16 371
16 34 238
34 16 238
17 28 527
28 17 527
17 55 83
55 17 83
17 66 817
66 17 817
17 58 618
58 17 618
17 67 75
67 17 75
17 71 348
71 17 348
17 65 319
65 17 319
17 66 902
66 17 902
18 52 375
52 18 375
18 71 375
71 18 375
18 64 177
64 18 177
18 70 325
70 18 325
18 27 805
27 18 805
18 22 517
22 18 517
18 67 443
67 18 443
18 37 212
37 18 212
18 54 634
54 18 634
18 66 597
66 18 597
18 59 702
59 18 702
18 60 843
60 18 843
18 73 300
73 18 300
18 27 59
27 18 59
18 27 267
27 18 267
19 45 733
45 19 733
19 68 285
68 19 285
19 64 131
64 19 131
19 34 93
34 19 93
19 38 812
38 19 812
19 44 253
44 19 253
20 26 306
26 20 306
20 44 901
44 20 901
20 33 679
33 20 679
20 62 29
62 20 29
20 46 866
46 20 866
20 73 822
73 20 822
20 49 966
49 20 966
20 50 372
50 20 372
20 30 399
30 20 399
21 37 935
37 21 935
21 55 158
55 21 158
21 56 479
56 21 479
21 70 337
70 21 337
21 60 435
60 21 435
21 30 46
30 21 46
22 53 10
53 22 10
22 22 221
22 22 221
22 40 941
40 22 941
22 57 54
57 22 54
22 47 584
47 22 584
22 71 268
71 22 268
22 34 982
34 22 982
23 37 358
37 23 358
23 32 761
32 23 761
23 54 935
54 23 935
23 60 208
60 23 208
23 47 362
47 23 362
23 52 982
52 23 982
24 33 832
33 24 832
24 53 464
53 24 464
24 61 565
61 24 565
24 26 262
26 24 262
24 61 78
61 24 78
24 40 712
40 24 712
24 48 344
48 24 344
24 49 894
49 24 894
25 32 781
32 25 781
25 39 721
39 25 721
25 66 262
66 25 262
25 59 115
59 25 115
25 36 238
36 25 238
25 54 71
54 25 71
25 66 47
66 25 47
25 71 137
71 25 137
25 33 866
33 25 866
25 38 338
38 25 338
25 28 371
28 25 371
25 43 783
43 25 783
26 40 565
40 26 565
26 61 35
61 26 35
26 65 327
65 26 327
26 45 550
45 26 550
26 30 662
30 26 662
26 30 624
30 26 624
26 34 81
34 26 81
26 50 149
50 26 149
27 47 733
47 27 733
27 38 292
38 27 292
27 63 989
63 27 989
27 38 953
38 27 953
27 43 166
43 27 166
27 44 635
44 27 635
28 49 622
49 28 622
28 59 384
59 28 384
28 56 443
56 28 443
28 62 275
62 28 275
28 70 921
70 28 921
28 34 446
34 28 446
28 68 918
68 28 918
28 52 421
52 28 421
28 34 227
34 28 227
29 38 397
38 29 397
29 59 604
59 29 604
29 51 314
51 29 314
29 62 126
62 29 126
30 43 311
43 30 311
30 64 69
64 30 69
30 34 527
34 30 527
30 51 290
51 30 290
30 60 77
60 30 77
30 52 887
52 30 887
30 62 774
62 30 774
30 38 717
38 30 717
30 34 942
34 30 942
30 54 126
54 30 126
30 51 587
51 30 587
30 37 670
37 30 670
30 49 198
49 30 198
31 33 55
33 31 55
31 50 411
50 31 411
31 56 568
56 31 568
31 65 472
65 31 472
31 45 677
45 31 677
31 65 629
65 31 629
31 70 966
70 31 966
31 69 852
69 31 852
32 60 794
60 32 794
32 72 671
72 32 671
32 34 950
34 32 950
32 35 879
35 32 879
32 65 526
65 32 526
32 67 154
67 32 154
32 57 326
57 32 326
32 48 359
48 32 359
33 56 842
56 33 842
33 58 976
58 33 976
33 49 495
49 33 495
33 60 663
60 33 663
33 56 865
56 33 865
33 55 802
55 33 802
33 59 332
59 33 332
34 67 446
67 34 446
34 35 233
35 34 233
34 53 88
53 34 88
34 62 352
62 34 352
34 50 491
50 34 491
34 71 549
71 34 549
34 43 155
43 34 155
34 68 309
68 34 309
35 63 354
63 35 354
35 41 367
41 35 367
35 47 270
47 35 270
35 36 27
36 35 27
35 36 473
36 35 473
36 47 942
47 36 942
36 70 853
70 36 853
36 56 11
56 36 11
36 57 142
57 36 142
36 50 371
50 36 371
36 68 167
68 36 167
36 42 987
42 36 987
36 37 52
37 36 52
36 71 11
71 36 11
36 64 613
64 36 613
37 52 870
52 37 870
37 57 177
57 37 177
37 71 912
71 37 912
37 45 104
45 37 104
37 58 571
58 37 571
38 44 923
44 38 923
38 39 410
39 38 410
38 50 86
50 38 86
38 72 632
72 38 632
39 56 487
56 39 487
39 64 107
64 39 107
39 49 677
49 39 677
39 56 522
56 39 522
39 49 276
49 39 276
39 47 522
47 39 522
39 62 815
62 39 815
39 45 667
45 39 667
40 55 362
55 40 362
40 53 204
53 40 204
40 70 743
70 40 743
40 45 778
45 40 778
40 55 903
55 40 903
40 60 114
60 40 114
40 40 902
40 40 902
40 50 846
50 40 846
40 70 687
70 40 687
40 52 538
52 40 538
41 47 799
47 41 799
41 70 516
70 41 516
41 73 819
73 41 819
41 65 776
65 41 776
41 51 350
51 41 350
41 47 638
47 41 638
41 62 576
62 41 576
42 57 85
57 42 85
42 61 364
61 42 364
42 68 857
68 42 857
42 48 387
48 42 387
43 62 22
62 43 22
43 53 540
53 43 540
43 48 79
48 43 79
43 47 456
47 43 456
43 67 855
67 43 855
45 46 644
46 45 644
45 58 607
58 45 607
45 52 530
52 45 530
45 59 541
59 45 541
46 49 160
49 46 160
47 65 540
65 47 540
47 65 455
65 47 455
48 51 540
51 48 540
48 50 389
50 48 389
48 49 452
49 48 452
49 49 172
49 49 172
49 70 658
70 49 658
50 54 203
54 50 203
50 55 796
55 50 796
50 67 310
67 50 310
51 56 220
56 51 220
51 55 724
55 51 724
53 53 405
53 53 405
53 65 65
65 53 65
53 62 816
62 53 816
53 67 9
67 53 9
53 56 765
56 53 765
54 56 556
56 54 556
54 64 282
64 54 282
54 61 922
61 54 922
54 61 436
61 54 436
55 69 649
69 55 649
55 72 272
72 55 272
55 61 858
61 55 858
56 58 629
58 56 629
56 61 614
61 56 614
56 70 807
70 56 807
56 58 726
58 56 726
57 60 51
60 57 51
58 65 105
65 58 105
58 69 81
69 58 81
59 67 756
67 59 756
60 67 340
67 60 340
60 69 659
69 60 659
61 62 455
62 61 455
61 72 379
72 61 379
62 66 386
66 62 386
62 68 820
68 62 820
62 66 593
66 62 593
63 72 124
72 63 124
63 70 378
70 63 378
63 65 307
65 63 307
64 66 658
66 64 658
64 67 912
67 64 912
64 67 82
67 64 82
65 66 959
66 65 959
66 67 79
67 66 79
66 72 280
72 66 280
67 71 485
71 67 485
69 70 979
70 69 979
72 73 798
73 72 798
