28

0 1 669
1 0 669
0 2 309
2 0 309
0 5 903
5 0 903
0 8 484
8 0 484
0 15 700
15 0 700
0 16 621
16 0 621
0 27 313
27 0 313
0 17 352
17 0 352
0 25 530
25 0 530
0 1 701
1 0 701
0 2 206
2 0 206
0 23 473
23 0 473
0 20 413
20 0 413
0 21 520
21 0 520
0 17 852
17 0 852
0 25 515
25 0 515
0 18 192
18 0 192
0 1 719
1 0 719
0 27 20
27 0 20
0 1 572
1 0 572
0 27 682
27 0 682
0 11 725
11 0 725
0 27 956
27 0 956
0 16 955
16 0 955
0 12 384
12 0 384
1 6 473
6 1 473
1 9 262
9 1 262
1 14 239
14 1 239
1 27 288
27 1 288
1 14 227
14 1 227
1 5 315
5 1 315
1 3 156
3 1 156
1 12 489
12 1 489
1 6 36
6 1 36
1 20 127
20 1 127
1 17 870
17 1 870
1 19 754
19 1 754
1 9 299
9 1 299
2 3 898
3 2 898
2 19 343
19 2 343
2 25 925
25 2 925
2 15 902
15 2 902
2 25 185
25 2 185
2 27 959
27 2 959
2 20 512
20 2 512
2 26 659
26 2 659
2 7 287
7 2 287
2 24 73
24 2 73
2 9 293
9 2 293
2 14 11
14 2 11
2 24 448
24 2 448
2 19 864
19 2 864
2 17 897
17 2 897
2 19 202
19 2 202
2 21 965
21 2 965
3 4 592
4 3 592
3 18 872
18 3 872
3 23 480
23 3 480
3 12 319
12 3 319
3 16 400
16 3 400
3 15 378
15 3 378
3 13 340
13 3 340
3 11 552
11 3 552
3 10 848
10 3 848
3 6 923
6 3 923
3 5 274
5 3 274
3 12 119
12 3 119
3 16 31
16 3 31
3 27 441
27 3 441
3 26 4
26 3 4
3 14 265
14 3 265
3 25 950
25 3 950
3 10 298
10 3 298
4 23 922
23 4 922
4 27 953
27 4 953
4 20 902
20 4 902
4 17 268
17 4 268
4 5 264
5 4 264
4 19 330
19 4 330
4 22 149
22 4 149
5 7 127
7 5 127
5 17 395
17 5 395
5 17 237
17 5 237
5 12 65
12 5 65
5 26 495
26 5 495
5 18 22
18 5 22
5 22 61
22 5 61
5 16 312
16 5 312
5 22 134
22 5 134
5 25 751
25 5 751
5 14 145
14 5 145
5 20 317
20 5 317
5 7 221
7 5 221
5 16 959
16 5 959
5 22 353
22 5 353
5 7 814
7 5 814
5 15 802
15 5 802
5 10 689
10 5 689
5 22 864
22 5 864
5 19 29
19 5 29
6 10 765
10 6 765
6 14 977
14 6 977
6 22 486
22 6 486
6 10 161
10 6 161
6 18 770
18 6 770
6 6 967
6 6 967
6 26 766
26 6 766
6 9 266
9 6 266
7 22 277
22 7 277
7 23 858
23 7 858
7 12 621
12 7 621
7 10 840
10 7 840
7 11 874
11 7 874
7 7 530
7 7 530
7 17 470
17 7 470
7 18 752
18 7 752
7 9 642
9 7 642
7 14 106
14 7 106
7 11 724
11 7 724
7 26 541
26 7 541
8 12 279
12 8 279
8 25 82
25 8 82
8 20 151
20 8 151
8 25 80
25 8 80
8 12 952
12 8 952
8 27 657
27 8 657
8 25 146
25 8 146
8 9 337
9 8 337
8 12 574
12 8 574
8 18 482
18 8 482
8 15 808
15 8 808
8 25 406
25 8 406
8 22 470
22 8 470
8 23 946
23 8 946
8 20 356
20 8 356
8 19 832
19 8 832
9 24 283
24 9 283
9 15 37
15 9 37
9 11 174
11 9 174
9 13 289
13 9 289
9 10 682
10 9 682
9 15 566
15 9 566
9 22 614
22 9 614
9 18 705
18 9 705
9 27 857
27 9 857
9 10 679
10 9 679
9 14 586
14 9 586
9 27 161
27 9 161
9 17 64
17 9 64
9 10 932
10 9 932
10 11 268
11 10 268
10 13 930
13 10 930
10 11 53
11 10 53
10 12 75
12 10 75
10 24 929
24 10 929
10 17 890
17 10 890
10 22 969
22 10 969
10 20 195
20 10 195
10 19 586
19 10 586
10 10 220
10 10 220
10 11 273
11 10 273
10 17 30
17 10 30
10 14 930
14 10 930
10 15 990
15 10 990
10 19 969
19 10 969
10 16 541
16 10 541
10 14 260
14 10 260
10 14 413
14 10 413
10 18 993
18 10 993
11 22 318
22 11 318
11 25 911
25 11 911
11 12 728
12 11 728
11 17 163
17 11 163
11 18 69
18 11 69
11 18 495
18 11 495
11 25 445
25 11 445
11 18 482
18 11 482
11 26 835
26 11 835
11 12 293
12 11 293
11 20 749
20 11 749
11 25 736
25 11 736
11 20 668
20 11 668
11 14 240
14 11 240
11 18 409
18 11 409
11 12 128
12 11 128
11 27 973
27 11 973
12 27 799
27 12 799
12 26 180
26 12 180
12 26 74
26 12 74
12 25 218
25 12 218
12 20 797
20 12 797
12 20 739
20 12 739
12 18 362
18 12 362
12 13 543
13 12 543
12 16 602
16 12 602
12 22 147
22 12 147
13 19 626
19 13 626
13 14 927
14 13 927
13 24 444
24 13 444
13 16 360
16 13 360
13 19 328
19 13 328
13 22 151
22 13 151
13 24 721
24 13 721
13 24 341
24 13 341
14 20 561
20 14 561
14 19 59
19 14 59
14 16 88
16 14 88
14 22 57
22 14 57
14 24 466
24 14 466
14 18 430
18 14 430
14 15 810
15 14 810
14 14 884
14 14 884
15 21 602
21 15 602
15 18 675
18 15 675
15 27 630
27 15 630
15 19 353
19 15 353
15 24 915
24 15 915
15 23 582
23 15 582
15 24 595
24 15 595
15 26 175
26 15 175
15 17 233
17 15 233
15 24 104
24 15 104
16 26 888
26 16 888
16 22 450
22 16 450
16 19 133
19 16 133
16 24 340
24 16 340
16 21 875
21 16 875
17 26 80
26 17 80
17 24 370
24 17 370
17 18 160
18 17 160
17 18 17
18 17 17
17 27 273
27 17 273
17 27 202
27 17 202
17 21 724
21 17 724
17 26 499
26 17 499
17 26 664
26 17 664
18 22 343
22 18 343
18 24 357
24 18 357
18 22 667
22 18 667
18 23 144
23 18 144
19 21 895
21 19 895
19 26 991
26 19 991
19 21 791
21 19 791
19 24 477
24 19 477
19 19 413
19 19 413
19 24 797
24 19 797
19 27 91
27 19 91
19 27 991
27 19 991
19 22 198
22 19 198
20 25 988
25 20 988
20 26 789
26 20 789
20 25 757
25 20 757
20 27 882
27 20 882
20 22 543
22 20 543
20 26 472
26 20 472
20 26 9
26 20 9
20 26 845
26 20 845
20 27 862
27 20 862
20 24 664
24 20 664
20 27 936
27 20 936
21 26 398
26 21 398
21 23 93
23 21 93
21 22 556
22 21 556
21 22 518
22 21 518
21 26 290
26 21 290
21 25 650
25 21 650
22 26 987
26 22 987
22 26 649
26 22 649
22 26 478
26 22 478
23 26 160
26 23 160
24 24 671
24 24 671
24 27 146
27 24 146
26 27 225
27 26 225
27 27 202
27 27 202
