46

0 1 961
1 0 961
0 3 107
3 0 107
0 14 451
14 0 451
0 15 576
15 0 576
0 26 413
26 0 413
0 28 399
28 0 399
0 7 775
7 0 775
0 6 583
6 0 583
0 25 929
25 0 929
0 23 843
23 0 843
0 10 163
10 0 163
0 41 478
41 0 478
0 21 740
21 0 740
0 14 603
14 0 603
0 40 186
40 0 186
0 10 495
10 0 495
0 19 236
19 0 236
0 17 665
17 0 665
0 35 387
35 0 387
0 2 73
2 0 73
0 31 107
31 0 107
0 23 814
23 0 814
0 11 922
11 0 922
0 42 636
42 0 636
0 6 916
6 0 916
0 14 559
14 0 559
0 32 173
32 0 173
0 37 466
37 0 466
0 1 271
1 0 271
0 17 395
17 0 395
0 8 912
8 0 912
0 11 120
11 0 120
0 24 635
24 0 635
0 27 799
27 0 799
1 2 908
2 1 908
1 4 691
4 1 691
1 8 773
8 1 773
1 29 35
29 1 35
1 29 146
29 1 146
1 5 625
5 1 625
1 32 52
32 1 52
1 18 308
18 1 308
1 37 783
37 1 783
1 28 625
28 1 625
1 24 103
24 1 103
1 2 600
2 1 600
1 8 255
8 1 255
1 28 29
28 1 29
1 18 445
18 1 445
1 6 563
6 1 563
1 42 298
42 1 298
1 2 932
2 1 932
1 26 541
26 1 541
1 2 995
2 1 995
1 27 985
27 1 985
1 36 298
36 1 298
1 11 31
11 1 31
1 13 359
13 1 359
1 9 585
9 1 585
1 31 567
31 1 567
1 43 763
43 1 763
1 6 44
6 1 44
1 39 131
39 1 131
1 24 347
24 1 347
1 8 429
8 1 429
1 32 2
32 1 2
1 39 906
39 1 906
1 16 156
16 1 156
1 36 138
36 1 138
2 20 686
20 2 686
2 39 176
39 2 176
2 21 198
21 2 198
2 38 50
38 2 50
2 42 991
42 2 991
2 29 122
29 2 122
2 5 31
5 2 31
2 29 378
29 2 378
2 37 387
37 2 387
2 32 703
32 2 703
2 13 414
13 2 414
2 15 553
15 2 553
2 16 843
16 2 843
2 16 131
16 2 131
2 29 892
29 2 892
2 21 808
21 2 808
2 18 236
18 2 236
2 38 58
38 2 58
2 35 314
35 2 314
2 6 763
6 2 763
2 4 305
4 2 305
2 43 79
43 2 79
2 4 90
4 2 90
2 3 23
3 2 23
2 11 225
11 2 225
2 13 879
13 2 879
2 39 898
39 2 898
2 39 675
39 2 675
2 21 924
21 2 924
2 38 879
38 2 879
2 8 38
8 2 38
2 2 906
2 2 906
2 5 116
5 2 116
2 12 4
12 2 4
2 4 751
4 2 751
2 12 629
12 2 629
2 19 101
19 2 101
2 17 140
17 2 140
2 41 355
41 2 355
2 3 741
3 2 741
2 34 71
34 2 71
2 28 558
28 2 558
3 5 614
5 3 614
3 6 981
6 3 981
3 10 6
10 3 6
3 39 968
39 3 968
3 4 201
4 3 201
3 4 571
4 3 571
3 20 496
20 3 496
3 43 911
43 3 911
3 15 443
15 3 443
3 29 121
29 3 121
3 38 42
38 3 42
3 19 800
19 3 800
3 22 924
22 3 924
3 38 348
38 3 348
3 38 818
38 3 818
3 36 977
36 3 977
3 35 483
35 3 483
3 22 315
22 3 315
3 6 611
6 3 611
3 35 890
35 3 890
3 28 374
28 3 374
3 30 257
30 3 257
3 4 953
4 3 953
3 9 626
9 3 626
3 33 405
33 3 405
3 37 181
37 3 181
3 30 76
30 3 76
3 37 278
37 3 278
3 34 167
34 3 167
3 11 257
11 3 257
3 32 429
32 3 429
3 11 441
11 3 441
3 29 77
29 3 77
3 7 528
7 3 528
3 9 53
9 3 53
4 7 496
7 4 496
4 18 641
18 4 641
4 32 468
32 4 468
4 35 557
35 4 557
4 13 908
13 4 908
4 41 269
41 4 269
4 44 920
44 4 920
4 18 734
18 4 734
4 45 244
45 4 244
4 19 147
19 4 147
4 15 209
15 4 209
4 44 160
44 4 160
4 42 586
42 4 586
4 29 875
29 4 875
4 39 610
39 4 610
4 21 493
21 4 493
4 44 540
44 4 540
4 28 505
28 4 505
4 42 355
42 4 355
4 45 34
45 4 34
4 40 540
40 4 540
4 34 663
34 4 663
4 34 408
34 4 408
4 21 715
21 4 715
4 26 427
26 4 427
4 23 68
23 4 68
4 33 55
33 4 55
4 7 597
7 4 597
4 41 422
41 4 422
4 34 983
34 4 983
4 32 308
32 4 308
4 17 585
17 4 585
4 19 1
19 4 1
4 10 874
10 4 874
4 43 746
43 4 746
4 6 533
6 4 533
5 17 711
17 5 711
5 43 214
43 5 214
5 33 86
33 5 86
5 37 460
37 5 460
5 7 468
7 5 468
5 27 919
27 5 919
5 37 760
37 5 760
5 23 14
23 5 14
5 28 656
28 5 656
5 6 743
6 5 743
5 44 624
44 5 624
5 17 618
17 5 618
5 42 734
42 5 734
5 14 791
14 5 791
5 13 637
13 5 637
5 37 554
37 5 554
5 9 311
9 5 311
5 7 271
7 5 271
5 33 411
33 5 411
5 24 796
24 5 796
5 42 603
42 5 603
5 25 248
25 5 248
5 25 888
25 5 888
5 42 698
42 5 698
5 20 105
20 5 105
5 8 547
8 5 547
5 12 165
12 5 165
5 30 920
30 5 920
5 32 425
32 5 425
6 40 702
40 6 702
6 45 150
45 6 150
6 15 662
15 6 662
6 14 752
14 6 752
6 23 329
23 6 329
6 25 451
25 6 451
6 11 86
11 6 86
6 31 665
31 6 665
6 9 815
9 6 815
6 17 377
17 6 377
6 7 911
7 6 911
6 28 169
28 6 169
6 24 256
24 6 256
6 11 802
11 6 802
6 19 964
19 6 964
6 13 992
13 6 992
6 22 729
22 6 729
6 24 5
24 6 5
6 20 371
20 6 371
6 37 715
37 6 715
6 41 793
41 6 793
6 7 554
7 6 554
6 9 323
9 6 323
6 43 210
43 6 210
6 14 268
14 6 268
7 31 802
31 7 802
7 35 49
35 7 49
7 26 451
26 7 451
7 13 415
13 7 415
7 24 745
24 7 745
7 12 542
12 7 542
7 15 544
15 7 544
7 39 331
39 7 331
7 38 902
38 7 902
7 26 671
26 7 671
7 22 892
22 7 892
7 26 820
26 7 820
7 14 177
14 7 177
7 26 209
26 7 209
7 27 287
27 7 287
7 17 453
17 7 453
7 14 794
14 7 794
7 14 177
14 7 177
7 7 498
7 7 498
7 16 462
16 7 462
7 22 411
22 7 411
7 21 97
21 7 97
7 34 541
34 7 541
7 10 821
10 7 821
7 27 287
27 7 287
7 12 471
12 7 471
7 29 244
29 7 244
7 27 29
27 7 29
7 39 83
39 7 83
7 15 619
15 7 619
7 29 179
29 7 179
7 20 41
20 7 41
7 23 3
23 7 3
8 9 153
9 8 153
8 11 10
11 8 10
8 11 883
11 8 883
8 27 853
27 8 853
8 27 144
27 8 144
8 36 62
36 8 62
8 44 50
44 8 50
8 36 721
36 8 721
8 32 932
32 8 932
8 36 178
36 8 178
8 17 315
17 8 315
8 33 483
33 8 483
8 39 610
39 8 610
8 40 547
40 8 547
8 33 189
33 8 189
8 26 943
26 8 943
8 32 950
32 8 950
8 36 604
36 8 604
8 8 506
8 8 506
8 9 468
9 8 468
8 43 545
43 8 545
8 34 722
34 8 722
8 14 132
14 8 132
8 25 390
25 8 390
9 12 256
12 9 256
9 27 995
27 9 995
9 35 553
35 9 553
9 10 164
10 9 164
9 18 117
18 9 117
9 42 896
42 9 896
9 16 261
16 9 261
9 41 259
41 9 259
9 20 441
20 9 441
9 9 236
9 9 236
9 22 55
22 9 55
9 26 562
26 9 562
9 26 289
26 9 289
9 33 829
33 9 829
9 35 277
35 9 277
9 40 127
40 9 127
9 27 871
27 9 871
9 21 50
21 9 50
9 28 797
28 9 797
9 18 197
18 9 197
9 22 532
22 9 532
9 14 383
14 9 383
9 27 169
27 9 169
9 16 909
16 9 909
9 27 680
27 9 680
9 10 59
10 9 59
9 39 453
39 9 453
9 23 244
23 9 244
9 13 626
13 9 626
9 16 153
16 9 153
9 45 813
45 9 813
9 35 441
35 9 441
9 37 357
37 9 357
10 13 679
13 10 679
10 24 317
24 10 317
10 22 122
22 10 122
10 20 233
20 10 233
10 40 716
40 10 716
10 36 728
36 10 728
10 31 934
31 10 934
10 42 336
42 10 336
10 35 961
35 10 961
10 36 835
36 10 835
10 20 253
20 10 253
10 33 784
33 10 784
10 36 448
36 10 448
10 20 508
20 10 508
10 22 380
22 10 380
10 40 961
40 10 961
10 30 917
30 10 917
10 30 426
30 10 426
10 24 440
24 10 440
10 11 902
11 10 902
10 10 682
10 10 682
10 31 604
31 10 604
10 39 619
39 10 619
10 30 277
30 10 277
10 17 19
17 10 19
10 34 384
34 10 384
10 36 499
36 10 499
10 27 928
27 10 928
10 37 812
37 10 812
10 33 243
33 10 243
10 22 353
22 10 353
10 40 946
40 10 946
10 16 460
16 10 460
10 24 484
24 10 484
10 12 652
12 10 652
10 41 347
41 10 347
10 41 228
41 10 228
10 31 484
31 10 484
10 11 188
11 10 188
10 18 856
18 10 856
10 37 210
37 10 210
10 19 400
19 10 400
10 22 936
22 10 936
10 30 445
30 10 445
11 44 282
44 11 282
11 42 799
42 11 799
11 29 529
29 11 529
11 12 509
12 11 509
11 43 689
43 11 689
11 28 539
28 11 539
11 31 869
31 11 869
11 34 625
34 11 625
11 18 74
18 11 74
11 44 759
44 11 759
11 26 740
26 11 740
11 19 737
19 11 737
11 17 632
17 11 632
11 20 355
20 11 355
11 36 944
36 11 944
11 31 612
31 11 612
11 26 640
26 11 640
11 37 907
37 11 907
11 37 415
37 11 415
11 16 881
16 11 881
11 28 952
28 11 952
11 22 896
22 11 896
12 33 301
33 12 301
12 26 473
26 12 473
12 44 76
44 12 76
12 15 404
15 12 404
12 38 63
38 12 63
12 19 101
19 12 101
12 42 502
42 12 502
12 42 495
42 12 495
12 35 103
35 12 103
12 21 953
21 12 953
12 32 893
32 12 893
12 40 50
40 12 50
12 16 729
16 12 729
12 42 534
42 12 534
12 14 977
14 12 977
12 29 767
29 12 767
12 21 2
21 12 2
12 33 596
33 12 596
12 12 901
12 12 901
12 16 760
16 12 760
12 14 988
14 12 988
12 33 473
33 12 473
12 45 66
45 12 66
12 24 291
24 12 291
12 40 497
40 12 497
12 25 7
25 12 7
12 27 393
27 12 393
12 36 706
36 12 706
12 31 696
31 12 696
12 27 184
27 12 184
12 20 459
20 12 459
12 22 652
22 12 652
13 19 223
19 13 223
13 40 515
40 13 515
13 21 109
21 13 109
13 36 883
36 13 883
13 31 904
31 13 904
13 39 147
39 13 147
13 26 354
26 13 354
13 15 355
15 13 355
13 29 266
29 13 266
13 19 264
19 13 264
13 37 804
37 13 804
13 28 625
28 13 625
13 38 481
38 13 481
13 44 532
44 13 532
13 15 343
15 13 343
13 45 294
45 13 294
13 37 303
37 13 303
13 20 208
20 13 208
13 19 270
19 13 270
13 23 32
23 13 32
13 35 725
35 13 725
13 37 331
37 13 331
13 39 977
39 13 977
13 40 246
40 13 246
13 25 703
25 13 703
13 24 897
24 13 897
14 16 665
16 14 665
14 21 209
21 14 209
14 28 81
28 14 81
14 27 213
27 14 213
14 32 241
32 14 241
14 44 319
44 14 319
14 28 238
28 14 238
14 17 198
17 14 198
14 41 692
41 14 692
14 27 62
27 14 62
14 43 756
43 14 756
14 21 414
21 14 414
14 19 639
19 14 639
14 30 791
30 14 791
14 38 27
38 14 27
14 22 913
22 14 913
14 17 676
17 14 676
14 35 13
35 14 13
14 19 65
19 14 65
14 37 89
37 14 89
14 19 707
19 14 707
14 26 38
26 14 38
14 28 240
28 14 240
14 20 20
20 14 20
15 41 183
41 15 183
15 32 707
32 15 707
15 27 811
27 15 811
15 18 218
18 15 218
15 39 675
39 15 675
15 27 920
27 15 920
15 24 584
24 15 584
15 38 505
38 15 505
15 41 537
41 15 537
15 23 963
23 15 963
15 42 174
42 15 174
15 34 101
34 15 101
15 18 700
18 15 700
15 27 471
27 15 471
15 45 550
45 15 550
15 26 822
26 15 822
15 44 756
44 15 756
15 45 506
45 15 506
15 41 595
41 15 595
15 20 755
20 15 755
15 40 615
40 15 615
15 31 411
31 15 411
15 38 850
38 15 850
15 44 157
44 15 157
16 26 410
26 16 410
16 35 504
35 16 504
16 40 83
40 16 83
16 40 483
40 16 483
16 29 586
29 16 586
16 33 332
33 16 332
16 26 762
26 16 762
16 38 842
38 16 842
16 40 552
40 16 552
16 38 663
38 16 663
16 32 686
32 16 686
16 42 903
42 16 903
16 24 858
24 16 858
16 41 536
41 16 536
16 34 698
34 16 698
16 18 503
18 16 503
16 28 979
28 16 979
16 35 485
35 16 485
16 20 294
20 16 294
16 44 357
44 16 357
16 42 404
42 16 404
16 36 299
36 16 299
17 30 67
30 17 67
17 40 894
40 17 894
17 21 893
21 17 893
17 34 156
34 17 156
17 25 230
25 17 230
17 17 58
17 17 58
17 32 438
32 17 438
17 43 273
43 17 273
17 27 906
27 17 906
17 25 254
25 17 254
17 19 1
19 17 1
17 29 467
29 17 467
17 18 859
18 17 859
17 33 15
33 17 15
17 25 39
25 17 39
17 30 678
30 17 678
17 23 55
23 17 55
17 42 232
42 17 232
17 41 744
41 17 744
17 33 179
33 17 179
17 22 350
22 17 350
17 26 303
26 17 303
17 31 46
31 17 46
17 30 722
30 17 722
18 22 50
22 18 50
18 27 438
27 18 438
18 32 824
32 18 824
18 19 888
19 18 888
18 44 488
44 18 488
18 29 288
29 18 288
18 21 353
21 18 353
18 22 190
22 18 190
18 36 610
36 18 610
18 38 207
38 18 207
18 26 159
26 18 159
18 41 137
41 18 137
18 33 654
33 18 654
18 44 851
44 18 851
18 22 32
22 18 32
18 41 339
41 18 339
18 42 682
42 18 682
18 19 530
19 18 530
18 42 141
42 18 141
18 22 60
22 18 60
18 41 470
41 18 470
18 37 690
37 18 690
18 30 42
30 18 42
18 24 3
24 18 3
18 28 661
28 18 661
19 23 794
23 19 794
19 30 49
30 19 49
19 42 632
42 19 632
19 43 825
43 19 825
19 41 780
41 19 780
19 43 238
43 19 238
19 21 450
21 19 450
19 43 516
43 19 516
19 28 540
28 19 540
19 20 363
20 19 363
19 24 42
24 19 42
19 21 261
21 19 261
19 38 693
38 19 693
19 26 793
26 19 793
19 27 360
27 19 360
19 34 270
34 19 270
19 24 325
24 19 325
19 37 12
37 19 12
19 30 493
30 19 493
19 37 596
37 19 596
19 38 504
38 19 504
19 33 412
33 19 412
19 37 862
37 19 862
19 32 247
32 19 247
19 27 448
27 19 448
19 25 814
25 19 814
19 25 546
25 19 546
19 33 803
33 19 803
19 25 315
25 19 315
19 25 285
25 19 285
19 23 350
23 19 350
19 22 871
22 19 871
19 19 219
19 19 219
20 37 797
37 20 797
20 44 665
44 20 665
20 29 260
29 20 260
20 25 567
25 20 567
20 38 363
38 20 363
20 45 279
45 20 279
20 36 611
36 20 611
20 39 207
39 20 207
20 35 83
35 20 83
20 23 274
23 20 274
20 32 196
32 20 196
20 42 853
42 20 853
20 43 974
43 20 974
20 42 811
42 20 811
20 44 561
44 20 561
20 44 784
44 20 784
20 23 492
23 20 492
20 44 916
44 20 916
20 26 475
26 20 475
20 28 256
28 20 256
20 43 973
43 20 973
20 27 770
27 20 770
20 28 36
28 20 36
20 33 456
33 20 456
20 21 144
21 20 144
20 36 876
36 20 876
20 43 504
43 20 504
21 24 231
24 21 231
21 38 130
38 21 130
21 35 378
35 21 378
21 40 341
40 21 341
21 40 462
40 21 462
21 34 847
34 21 847
21 40 557
40 21 557
21 37 963
37 21 963
21 43 424
43 21 424
21 26 23
26 21 23
21 41 76
41 21 76
21 28 617
28 21 617
21 28 304
28 21 304
21 36 398
36 21 398
21 28 733
28 21 733
21 22 649
22 21 649
21 23 279
23 21 279
21 30 455
30 21 455
22 31 864
31 22 864
22 42 644
42 22 644
22 39 891
39 22 891
22 41 842
41 22 842
22 34 156
34 22 156
22 31 776
31 22 776
22 33 264
33 22 264
22 41 482
41 22 482
22 25 439
25 22 439
22 30 371
30 22 371
22 32 243
32 22 243
22 33 572
33 22 572
22 29 624
29 22 624
22 31 48
31 22 48
22 35 551
35 22 551
22 36 188
36 22 188
22 40 585
40 22 585
22 24 203
24 22 203
23 42 485
42 23 485
23 41 23
41 23 23
23 35 84
35 23 84
23 32 122
32 23 122
23 32 637
32 23 637
23 28 565
28 23 565
23 43 398
43 23 398
23 28 321
28 23 321
23 33 312
33 23 312
23 40 460
40 23 460
23 28 237
28 23 237
23 32 848
32 23 848
23 30 814
30 23 814
23 30 662
30 23 662
23 24 799
24 23 799
23 35 368
35 23 368
23 32 712
32 23 712
23 28 155
28 23 155
24 25 539
25 24 539
24 27 343
27 24 343
24 36 353
36 24 353
24 31 595
31 24 595
24 38 903
38 24 903
24 40 527
40 24 527
24 41 750
41 24 750
24 30 962
30 24 962
24 35 786
35 24 786
24 32 1
32 24 1
24 31 523
31 24 523
24 36 106
36 24 106
24 27 97
27 24 97
24 45 203
45 24 203
24 27 571
27 24 571
24 43 263
43 24 263
24 43 209
43 24 209
24 44 581
44 24 581
25 36 406
36 25 406
25 44 651
44 25 651
25 44 665
44 25 665
25 35 819
35 25 819
25 44 538
44 25 538
25 36 508
36 25 508
25 26 275
26 25 275
25 36 733
36 25 733
25 31 854
31 25 854
25 42 359
42 25 359
25 30 15
30 25 15
25 26 242
26 25 242
25 32 503
32 25 503
25 44 873
44 25 873
25 43 961
43 25 961
25 31 543
31 25 543
25 28 499
28 25 499
25 32 760
32 25 760
25 37 792
37 25 792
25 37 664
37 25 664
26 32 442
32 26 442
26 28 230
28 26 230
26 35 750
35 26 750
26 37 791
37 26 791
26 29 241
29 26 241
26 39 615
39 26 615
26 31 295
31 26 295
26 32 118
32 26 118
26 35 50
35 26 50
26 43 949
43 26 949
26 44 237
44 26 237
26 32 28
32 26 28
26 32 241
32 26 241
26 40 811
40 26 811
26 37 16
37 26 16
26 28 342
28 26 342
26 37 723
37 26 723
26 40 820
40 26 820
26 40 195
40 26 195
27 32 228
32 27 228
27 34 464
34 27 464
27 35 462
35 27 462
27 32 25
32 27 25
27 34 430
34 27 430
27 43 755
43 27 755
27 37 814
37 27 814
27 35 960
35 27 960
27 43 967
43 27 967
27 38 444
38 27 444
27 43 296
43 27 296
27 33 648
33 27 648
27 31 828
31 27 828
27 34 168
34 27 168
27 34 494
34 27 494
28 34 191
34 28 191
28 29 926
29 28 926
28 32 424
32 28 424
28 32 183
32 28 183
28 35 356
35 28 356
28 39 205
39 28 205
28 45 207
45 28 207
28 29 352
29 28 352
28 33 378
33 28 378
28 32 392
32 28 392
28 37 541
37 28 541
28 44 397
44 28 397
28 29 641
29 28 641
28 30 33
30 28 33
28 38 75
38 28 75
28 32 87
32 28 87
28 35 355
35 28 355
28 45 175
45 28 175
28 44 109
44 28 109
28 45 591
45 28 591
28 45 836
45 28 836
28 35 804
35 28 804
29 31 286
31 29 286
29 44 864
44 29 864
29 33 347
33 29 347
29 33 629
33 29 629
29 38 661
38 29 661
29 40 307
40 29 307
29 36 765
36 29 765
29 36 992
36 29 992
29 30 66
30 29 66
29 44 810
44 29 810
29 45 288
45 29 288
29 35 763
35 29 763
29 36 696
36 29 696
29 38 231
38 29 231
30 34 53
34 30 53
30 36 82
36 30 82
30 33 311
33 30 311
30 32 646
32 30 646
30 44 217
44 30 217
30 42 410
42 30 410
30 37 941
37 30 941
30 45 639
45 30 639
30 45 396
45 30 396
30 32 997
32 30 997
30 39 601
39 30 601
31 43 616
43 31 616
31 45 109
45 31 109
31 37 705
37 31 705
31 41 104
41 31 104
31 33 11
33 31 11
31 38 852
38 31 852
31 33 190
33 31 190
31 37 455
37 31 455
31 39 206
39 31 206
31 36 905
36 31 905
31 42 374
42 31 374
31 33 925
33 31 925
31 40 598
40 31 598
32 35 199
35 32 199
32 39 550
39 32 550
32 45 516
45 32 516
32 43 624
43 32 624
32 32 241
32 32 241
32 44 669
44 32 669
33 35 826
35 33 826
33 36 729
36 33 729
33 40 725
40 33 725
33 42 590
42 33 590
33 33 691
33 33 691
33 36 445
36 33 445
34 43 601
43 34 601
34 35 165
35 34 165
34 44 189
44 34 189
34 37 567
37 34 567
34 43 371
43 34 371
34 38 140
38 34 140
34 35 245
35 34 245
34 43 13
43 34 13
35 44 103
44 35 103
35 36 385
36 35 385
35 39 759
39 35 759
35 42 560
42 35 560
35 36 567
36 35 567
35 40 881
40 35 881
35 38 647
38 35 647
35 38 791
38 35 791
35 43 880
43 35 880
36 38 229
38 36 229
36 45 217
45 36 217
36 38 261
38 36 261
36 44 971
44 36 971
36 41 725
41 36 725
36 40 695
40 36 695
37 43 436
43 37 436
37 41 854
41 37 854
37 44 817
44 37 817
37 37 183
37 37 183
37 45 701
45 37 701
37 45 538
45 37 538
37 40 599
40 37 599
37 42 659
42 37 659
37 38 912
38 37 912
37 40 222
40 37 222
37 44 707
44 37 707
37 40 564
40 37 564
38 42 672
42 38 672
38 44 105
44 38 105
38 45 599
45 38 599
38 45 883
45 38 883
38 43 312
43 38 312
38 42 935
42 38 935
38 39 450
39 38 450
38 44 456
44 38 456
39 41 98
41 39 98
39 45 825
45 39 825
39 45 513
45 39 513
39 43 279
43 39 279
39 43 531
43 39 531
39 42 732
42 39 732
40 40 728
40 40 728
40 45 594
45 40 594
40 40 684
40 40 684
41 43 510
43 41 510
41 44 691
44 41 691
41 42 293
42 41 293
41 44 192
44 41 192
42 44 389
44 42 389
42 43 214
43 42 214
43 45 333
45 43 333
43 44 583
44 43 583
43 45 540
45 43 540
43 44 31
44 43 31
44 44 456
44 44 456
