87

0 1 800
1 0 800
0 2 83
2 0 83
0 4 874
4 0 874
0 13 400
13 0 400
0 16 116
16 0 116
0 55 3
55 0 3
0 39 335
39 0 335
0 34 751
34 0 751
0 48 85
48 0 85
0 11 219
11 0 219
0 50 593
50 0 593
0 9 582
9 0 582
0 86 827
86 0 827
0 21 234
21 0 234
1 5 436
5 1 436
1 62 100
62 1 100
1 76 494
76 1 494
1 82 850
82 1 850
1 19 650
19 1 650
1 75 982
75 1 982
2 3 678
3 2 678
2 6 872
6 2 872
2 12 13
12 2 13
2 49 162
49 2 162
2 33 908
33 2 908
2 66 693
66 2 693
2 75 262
75 2 262
2 64 953
64 2 953
2 83 962
83 2 962
2 40 83
40 2 83
2 61 738
61 2 738
2 60 734
60 2 734
2 84 748
84 2 748
3 7 594
7 3 594
3 8 105
8 3 105
3 14 512
14 3 512
3 29 570
29 3 570
3 59 245
59 3 245
3 33 45
33 3 45
3 11 774
11 3 774
3 83 477
83 3 477
3 31 24
31 3 24
3 67 515
67 3 515
3 26 322
26 3 322
3 62 500
62 3 500
3 53 536
53 3 536
3 46 393
46 3 393
3 54 198
54 3 198
3 71 286
71 3 286
3 70 452
70 3 452
4 21 183
21 4 183
4 33 444
33 4 444
4 36 819
36 4 819
4 68 580
68 4 580
4 37 383
37 4 383
4 39 103
39 4 103
4 67 680
67 4 680
4 63 759
63 4 759
5 10 373
10 5 373
5 15 54
15 5 54
5 63 117
63 5 117
5 43 460
43 5 460
5 29 426
29 5 426
5 12 193
12 5 193
5 38 342
38 5 342
5 80 606
80 5 606
5 73 966
73 5 966
5 7 314
7 5 314
6 22 855
22 6 855
6 34 32
34 6 32
6 35 21
35 6 21
6 47 360
47 6 360
6 64 834
64 6 834
6 19 464
19 6 464
6 53 472
53 6 472
6 60 493
60 6 493
6 35 593
35 6 593
6 83 497
83 6 497
6 28 9
28 6 9
6 39 969
39 6 969
6 35 504
35 6 504
6 62 407
62 6 407
6 72 692
72 6 692
6 36 721
36 6 721
6 74 459
74 6 459
6 50 352
50 6 352
7 26 42
26 7 42
7 86 907
86 7 907
7 9 362
9 7 362
7 22 88
22 7 88
7 80 306
80 7 306
7 73 322
73 7 322
7 74 815
74 7 815
7 40 947
40 7 947
7 34 368
34 7 368
7 18 132
18 7 132
7 45 831
45 7 831
7 46 651
46 7 651
7 35 125
35 7 125
7 18 419
18 7 419
8 9 704
9 8 704
8 24 566
24 8 566
8 40 343
40 8 343
8 54 788
54 8 788
8 74 27
74 8 27
8 28 419
28 8 419
8 45 635
45 8 635
8 82 660
82 8 660
8 79 500
79 8 500
8 53 606
53 8 606
8 82 730
82 8 730
8 77 991
77 8 991
8 14 63
14 8 63
8 38 16
38 8 16
9 38 836
38 9 836
9 44 817
44 9 817
9 56 532
56 9 532
9 41 280
41 9 280
9 79 40
79 9 40
9 18 155
18 9 155
9 16 722
16 9 722
9 85 364
85 9 364
9 35 611
35 9 611
9 33 700
33 9 700
10 11 593
11 10 593
10 20 417
20 10 417
10 21 814
21 10 814
10 28 381
28 10 381
10 25 81
25 10 81
10 77 264
77 10 264
10 39 458
39 10 458
10 27 516
27 10 516
10 28 882
28 10 882
10 63 760
63 10 760
10 85 805
85 10 805
10 18 127
18 10 127
10 34 164
34 10 164
10 13 719
13 10 719
10 46 817
46 10 817
11 17 844
17 11 844
11 45 571
45 11 571
11 45 534
45 11 534
11 14 897
14 11 897
11 84 749
84 11 749
11 51 609
51 11 609
11 42 119
42 11 119
11 85 42
85 11 42
12 48 605
48 12 605
12 46 181
46 12 181
12 40 853
40 12 853
12 29 648
29 12 648
12 38 13
38 12 13
12 22 935
22 12 935
12 50 739
50 12 739
12 16 119
16 12 119
12 32 447
32 12 447
12 53 244
53 12 244
12 39 662
39 12 662
12 74 215
74 12 215
12 35 909
35 12 909
13 19 56
19 13 56
13 25 71
25 13 71
13 71 593
71 13 593
13 85 445
85 13 445
13 80 294
80 13 294
13 64 306
64 13 306
13 83 312
83 13 312
13 77 456
77 13 456
13 47 811
47 13 811
13 79 506
79 13 506
13 75 557
75 13 557
13 30 943
30 13 943
14 63 408
63 14 408
14 18 481
18 14 481
14 57 202
57 14 202
14 50 9
50 14 9
14 62 479
62 14 479
14 51 855
51 14 855
14 46 956
46 14 956
14 85 78
85 14 78
14 24 267
24 14 267
14 76 156
76 14 156
14 17 130
17 14 130
14 74 29
74 14 29
15 28 754
28 15 754
15 56 593
56 15 593
15 31 35
31 15 35
15 16 48
16 15 48
15 42 305
42 15 305
15 51 568
51 15 568
15 17 481
17 15 481
15 84 88
84 15 88
15 40 625
40 15 625
16 18 647
18 16 647
16 31 624
31 16 624
16 32 821
32 16 821
16 37 703
37 16 703
16 57 777
57 16 777
16 67 966
67 16 966
16 77 397
77 16 397
16 42 20
42 16 20
16 23 150
23 16 150
16 20 180
20 16 180
16 46 5
46 16 5
16 38 186
38 16 186
16 27 874
27 16 874
16 67 516
67 16 516
16 26 922
26 16 922
16 18 754
18 16 754
16 21 668
21 16 668
16 56 525
56 16 525
16 37 627
37 16 627
17 27 412
27 17 412
17 73 664
73 17 664
17 51 827
51 17 827
17 40 444
40 17 444
17 85 559
85 17 559
17 29 906
29 17 906
17 58 231
58 17 231
18 69 341
69 18 341
18 19 41
19 18 41
18 22 652
22 18 652
18 81 491
81 18 491
18 27 950
27 18 950
18 41 895
41 18 895
18 39 793
39 18 793
18 37 223
37 18 223
18 78 575
78 18 575
18 66 840
66 18 840
19 73 448
73 19 448
19 61 229
61 19 229
19 78 484
78 19 484
19 47 141
47 19 141
19 21 91
21 19 91
19 64 832
64 19 832
19 34 402
34 19 402
19 55 863
55 19 863
20 40 396
40 20 396
20 56 765
56 20 765
20 81 917
81 20 917
20 73 496
73 20 496
20 34 287
34 20 287
20 85 436
85 20 436
20 33 6
33 20 6
20 63 145
63 20 145
21 23 601
23 21 601
21 50 851
50 21 851
21 53 593
53 21 593
21 84 626
84 21 626
21 42 344
42 21 344
21 75 238
75 21 238
21 62 98
62 21 98
21 58 848
58 21 848
21 74 23
74 21 23
21 46 999
46 21 999
21 31 306
31 21 306
21 29 451
29 21 451
21 80 385
80 21 385
22 23 534
23 22 534
22 47 366
47 22 366
22 58 501
58 22 501
22 43 218
43 22 218
22 36 997
36 22 997
22 55 666
55 22 666
23 41 705
41 23 705
23 41 808
41 23 808
23 71 101
71 23 101
23 36 769
36 23 769
23 64 418
64 23 418
23 60 251
60 23 251
23 48 920
48 23 920
23 64 73
64 23 73
24 64 408
64 24 408
24 24 737
24 24 737
24 57 778
57 24 778
24 57 194
57 24 194
24 25 483
25 24 483
25 30 256
30 25 256
25 42 177
42 25 177
25 69 307
69 25 307
25 38 631
38 25 631
25 47 559
47 25 559
25 53 147
53 25 147
26 78 247
78 26 247
26 82 257
82 26 257
26 56 765
56 26 765
26 86 519
86 26 519
26 31 466
31 26 466
27 36 604
36 27 604
27 72 127
72 27 127
27 50 982
50 27 982
27 47 455
47 27 455
27 38 243
38 27 243
27 36 606
36 27 606
28 41 826
41 28 826
28 66 792
66 28 792
28 35 327
35 28 327
28 85 251
85 28 251
28 86 84
86 28 84
28 59 170
59 28 170
29 46 564
46 29 564
29 35 639
35 29 639
30 70 679
70 30 679
30 59 14
59 30 14
30 66 417
66 30 417
30 73 875
73 30 875
30 48 589
48 30 589
30 55 65
55 30 65
30 69 935
69 30 935
30 38 665
38 30 665
30 67 146
67 30 146
31 44 870
44 31 870
31 52 928
52 31 928
31 55 162
55 31 162
31 64 422
64 31 422
31 61 606
61 31 606
31 57 919
57 31 919
31 65 470
65 31 470
31 42 860
42 31 860
31 78 811
78 31 811
32 84 386
84 32 386
32 48 491
48 32 491
32 86 661
86 32 661
32 33 492
33 32 492
32 76 626
76 32 626
32 34 458
34 32 458
33 41 171
41 33 171
33 58 233
58 33 233
33 49 178
49 33 178
33 73 428
73 33 428
34 72 746
72 34 746
34 59 92
59 34 92
34 57 205
57 34 205
34 45 372
45 34 372
35 63 884
63 35 884
35 47 679
47 35 679
35 58 970
58 35 970
35 51 459
51 35 459
36 46 363
46 36 363
36 85 307
85 36 307
36 70 374
70 36 374
36 74 355
74 36 355
36 80 960
80 36 960
36 57 413
57 36 413
36 48 237
48 36 237
37 39 757
39 37 757
37 68 18
68 37 18
37 67 281
67 37 281
37 69 636
69 37 636
37 54 407
54 37 407
37 52 772
52 37 772
37 44 598
44 37 598
37 42 902
42 37 902
38 43 225
43 38 225
38 67 395
67 38 395
38 48 984
48 38 984
39 65 256
65 39 256
39 83 505
83 39 505
39 86 790
86 39 790
39 52 112
52 39 112
39 62 237
62 39 237
40 43 622
43 40 622
40 84 324
84 40 324
40 48 348
48 40 348
40 74 292
74 40 292
40 50 528
50 40 528
40 56 671
56 40 671
41 60 741
60 41 741
41 49 243
49 41 243
41 83 11
83 41 11
41 46 631
46 41 631
41 55 107
55 41 107
41 67 589
67 41 589
41 50 850
50 41 850
42 57 856
57 42 856
42 75 941
75 42 941
42 46 773
46 42 773
42 57 6
57 42 6
43 51 276
51 43 276
43 65 902
65 43 902
43 85 522
85 43 522
43 63 372
63 43 372
43 74 899
74 43 899
43 81 495
81 43 495
43 85 843
85 43 843
43 45 9
45 43 9
43 71 633
71 43 633
43 45 741
45 43 741
44 84 965
84 44 965
44 78 302
78 44 302
44 60 945
60 44 945
45 85 248
85 45 248
45 58 419
58 45 419
45 54 276
54 45 276
45 63 512
63 45 512
46 62 345
62 46 345
46 55 670
55 46 670
46 61 88
61 46 88
46 53 175
53 46 175
47 73 249
73 47 249
47 83 547
83 47 547
48 80 385
80 48 385
49 70 929
70 49 929
49 50 497
50 49 497
49 73 536
73 49 536
49 52 719
52 49 719
49 84 431
84 49 431
50 79 318
79 50 318
50 57 295
57 50 295
50 72 94
72 50 94
51 77 221
77 51 221
51 58 300
58 51 300
51 80 171
80 51 171
51 63 763
63 51 763
51 64 301
64 51 301
51 81 20
81 51 20
52 56 710
56 52 710
52 60 622
60 52 622
53 61 213
61 53 213
53 64 106
64 53 106
53 79 651
79 53 651
54 81 160
81 54 160
54 81 812
81 54 812
54 58 170
58 54 170
54 61 101
61 54 101
55 58 846
58 55 846
55 80 728
80 55 728
55 67 306
67 55 306
55 57 510
57 55 510
55 77 263
77 55 263
55 84 584
84 55 584
55 56 25
56 55 25
56 65 226
65 56 226
56 84 442
84 56 442
56 59 704
59 56 704
56 80 90
80 56 90
56 76 90
76 56 90
56 76 130
76 56 130
56 65 552
65 56 552
57 66 562
66 57 562
57 71 954
71 57 954
57 59 119
59 57 119
57 82 909
82 57 909
57 57 465
57 57 465
58 79 97
79 58 97
58 81 377
81 58 377
58 68 536
68 58 536
59 61 349
61 59 349
59 80 387
80 59 387
59 69 75
69 59 75
59 81 508
81 59 508
59 79 623
79 59 623
59 74 309
74 59 309
60 69 464
69 60 464
60 85 470
85 60 470
60 72 178
72 60 178
60 81 917
81 60 917
60 83 958
83 60 958
61 82 403
82 61 403
61 68 595
68 61 595
61 86 967
86 61 967
62 78 88
78 62 88
62 86 819
86 62 819
62 69 508
69 62 508
62 64 250
64 62 250
62 72 886
72 62 886
63 71 409
71 63 409
63 69 533
69 63 533
63 78 838
78 63 838
63 74 247
74 63 247
63 85 885
85 63 885
63 72 239
72 63 239
63 73 74
73 63 74
64 84 456
84 64 456
64 71 809
71 64 809
64 77 646
77 64 646
64 74 749
74 64 749
65 78 455
78 65 455
66 84 743
84 66 743
66 75 679
75 66 679
66 74 253
74 66 253
67 74 904
74 67 904
67 82 645
82 67 645
67 78 437
78 67 437
68 77 209
77 68 209
68 70 167
70 68 167
69 75 76
75 69 76
69 83 624
83 69 624
70 86 248
86 70 248
70 79 463
79 70 463
71 83 775
83 71 775
71 82 11
82 71 11
72 85 804
85 72 804
72 79 955
79 72 955
73 84 588
84 73 588
73 79 569
79 73 569
73 85 252
85 73 252
73 80 636
80 73 636
74 84 625
84 74 625
74 76 317
76 74 317
76 86 442
86 76 442
77 84 703
84 77 703
78 82 137
82 78 137
78 80 814
80 78 814
81 82 69
82 81 69
83 85 912
85 83 912
