44

0 1 11
1 0 11
0 2 873
2 0 873
0 4 314
4 0 314
0 7 595
7 0 595
0 11 84
11 0 84
0 12 296
12 0 296
0 20 20
20 0 20
1 18 671
18 1 671
1 37 523
37 1 523
1 4 421
4 1 421
1 15 969
15 1 969
1 25 47
25 1 47
2 3 951
3 2 951
2 9 280
9 2 280
2 32 515
32 2 515
3 10 601
10 3 601
3 25 372
25 3 372
3 26 566
26 3 566
3 31 716
31 3 716
4 5 232
5 4 232
4 27 636
27 4 636
4 9 318
9 4 318
4 31 36
31 4 36
4 40 633
40 4 633
5 6 11
6 5 11
5 26 330
26 5 330
5 38 230
38 5 230
5 27 248
27 5 248
5 20 270
20 5 270
5 9 525
9 5 525
5 22 360
22 5 360
6 15 484
15 6 484
6 19 115
19 6 115
6 40 267
40 6 267
6 42 109
42 6 109
7 8 918
8 7 918
7 39 291
39 7 291
7 13 439
13 7 439
7 8 931
8 7 931
7 8 666
8 7 666
8 21 477
21 8 477
8 39 606
39 8 606
8 43 435
43 8 435
9 23 162
23 9 162
9 22 908
22 9 908
10 21 431
21 10 431
11 14 149
14 11 149
12 13 979
13 12 979
12 16 831
16 12 831
12 26 128
26 12 128
13 17 809
17 13 809
13 20 811
20 13 811
13 43 645
43 13 645
13 13 342
13 13 342
13 18 823
18 13 823
13 16 758
16 13 758
13 34 626
34 13 626
14 17 122
17 14 122
15 38 38
38 15 38
15 20 152
20 15 152
16 17 145
17 16 145
16 16 190
16 16 190
17 32 393
32 17 393
17 28 128
28 17 128
18 24 647
24 18 647
18 28 548
28 18 548
18 38 937
38 18 937
19 22 596
22 19 596
19 30 907
30 19 907
20 37 823
37 20 823
20 39 227
39 20 227
20 39 844
39 20 844
20 41 75
41 20 75
21 33 626
33 21 626
22 35 465
35 22 465
22 24 55
24 22 55
22 34 910
34 22 910
22 27 368
27 22 368
23 31 596
31 23 596
24 27 243
27 24 243
24 34 526
34 24 526
25 25 161
25 25 161
26 29 366
29 26 366
27 42 942
42 27 942
27 37 119
37 27 119
27 30 976
30 27 976
28 36 917
36 28 917
29 33 12
33 29 12
29 34 132
34 29 132
30 41 103
41 30 103
31 41 503
41 31 503
31 35 276
35 31 276
33 39 600
39 33 600
36 39 11
39 36 11
