17

0 1 549
1 0 549
0 2 544
2 0 544
0 6 104
6 0 104
0 16 199
16 0 199
0 15 863
15 0 863
0 15 731
15 0 731
0 13 828
13 0 828
0 7 443
7 0 443
0 15 369
15 0 369
0 8 79
8 0 79
0 4 976
4 0 976
1 3 631
3 1 631
1 8 507
8 1 507
1 9 51
9 1 51
1 3 274
3 1 274
1 5 251
5 1 251
1 9 62
9 1 62
1 14 323
14 1 323
1 16 764
16 1 764
1 5 382
5 1 382
1 6 632
6 1 632
2 4 269
4 2 269
2 5 139
5 2 139
2 7 761
7 2 761
2 15 709
15 2 709
2 11 2
11 2 2
2 7 651
7 2 651
2 10 315
10 2 315
2 8 733
8 2 733
2 7 907
7 2 907
2 14 250
14 2 250
2 2 407
2 2 407
2 12 828
12 2 828
2 11 896
11 2 896
3 12 774
12 3 774
3 14 959
14 3 959
3 5 903
5 3 903
3 8 976
8 3 976
3 7 175
7 3 175
3 16 722
16 3 722
3 10 419
10 3 419
3 4 317
4 3 317
4 10 205
10 4 205
4 16 669
16 4 669
4 9 297
9 4 297
4 7 65
7 4 65
4 8 415
8 4 415
4 7 426
7 4 426
4 16 475
16 4 475
5 9 66
9 5 66
5 11 22
11 5 22
5 14 867
14 5 867
5 14 463
14 5 463
5 9 445
9 5 445
6 11 54
11 6 54
6 12 885
12 6 885
6 14 344
14 6 344
6 14 411
14 6 411
6 13 842
13 6 842
6 13 920
13 6 920
6 12 978
12 6 978
6 12 425
12 6 425
6 15 594
15 6 594
6 12 668
12 6 668
7 11 379
11 7 379
7 13 691
13 7 691
7 15 852
15 7 852
7 14 243
14 7 243
7 13 34
13 7 34
7 10 716
10 7 716
8 8 175
8 8 175
8 15 485
15 8 485
9 15 514
15 9 514
10 12 626
12 10 626
10 15 23
15 10 23
10 14 934
14 10 934
11 11 851
11 11 851
11 13 286
13 11 286
12 13 793
13 12 793
12 16 881
16 12 881
12 16 867
16 12 867
13 15 871
15 13 871
14 16 445
16 14 445
14 16 276
16 14 276
