54

0 1 170
1 0 170
0 2 389
2 0 389
0 5 868
5 0 868
0 6 524
6 0 524
0 11 727
11 0 727
0 12 945
12 0 945
0 29 44
29 0 44
0 19 777
19 0 777
0 37 845
37 0 845
0 19 514
19 0 514
0 8 446
8 0 446
0 33 470
33 0 470
0 37 766
37 0 766
0 34 461
34 0 461
0 16 714
16 0 714
0 46 630
46 0 630
1 3 790
3 1 790
1 8 362
8 1 362
1 9 117
9 1 117
1 50 338
50 1 338
1 7 488
7 1 488
1 10 863
10 1 863
1 23 432
23 1 432
1 27 340
27 1 340
1 52 161
52 1 161
1 27 668
27 1 668
1 17 426
17 1 426
1 30 866
30 1 866
1 1 158
1 1 158
1 40 356
40 1 356
1 3 242
3 1 242
1 25 776
25 1 776
1 44 710
44 1 710
1 31 755
31 1 755
2 4 748
4 2 748
2 25 807
25 2 807
2 27 806
27 2 806
2 6 840
6 2 840
2 35 737
35 2 737
2 22 870
22 2 870
2 26 385
26 2 385
2 19 459
19 2 459
2 6 103
6 2 103
2 44 558
44 2 558
3 7 888
7 3 888
3 11 525
11 3 525
3 51 991
51 3 991
3 22 589
22 3 589
3 9 685
9 3 685
3 38 351
38 3 351
3 34 744
34 3 744
4 23 894
23 4 894
4 49 336
49 4 336
4 38 209
38 4 209
4 19 103
19 4 103
4 53 287
53 4 287
4 53 924
53 4 924
4 53 874
53 4 874
4 43 670
43 4 670
4 44 371
44 4 371
5 37 397
37 5 397
5 28 539
28 5 539
5 21 638
21 5 638
5 14 492
14 5 492
5 30 6
30 5 6
5 44 725
44 5 725
5 40 525
40 5 525
5 26 744
26 5 744
5 41 787
41 5 787
5 12 130
12 5 130
5 13 69
13 5 69
5 22 778
22 5 778
5 12 618
12 5 618
5 13 155
13 5 155
6 53 475
53 6 475
6 28 251
28 6 251
6 32 759
32 6 759
6 37 158
37 6 158
6 30 218
30 6 218
6 53 534
53 6 534
6 16 262
16 6 262
6 41 290
41 6 290
6 40 425
40 6 425
6 11 658
11 6 658
6 41 274
41 6 274
6 23 194
23 6 194
7 13 619
13 7 619
7 10 775
10 7 775
7 28 90
28 7 90
7 32 978
32 7 978
7 27 560
27 7 560
7 23 130
23 7 130
7 26 620
26 7 620
7 8 695
8 7 695
7 8 562
8 7 562
7 10 532
10 7 532
7 9 977
9 7 977
7 7 165
7 7 165
7 8 36
8 7 36
7 35 441
35 7 441
7 45 400
45 7 400
8 41 617
41 8 617
8 11 655
11 8 655
8 42 686
42 8 686
8 15 467
15 8 467
8 9 352
9 8 352
8 53 139
53 8 139
8 9 12
9 8 12
8 45 635
45 8 635
8 49 43
49 8 43
8 43 754
43 8 754
9 10 886
10 9 886
9 17 703
17 9 703
9 35 906
35 9 906
9 43 268
43 9 268
9 22 568
22 9 568
9 27 572
27 9 572
9 9 96
9 9 96
9 20 566
20 9 566
9 32 635
32 9 635
9 46 972
46 9 972
10 18 89
18 10 89
10 24 399
24 10 399
10 52 503
52 10 503
10 30 418
30 10 418
10 25 877
25 10 877
10 20 708
20 10 708
10 32 135
32 10 135
10 16 267
16 10 267
10 49 412
49 10 412
10 50 986
50 10 986
10 51 720
51 10 720
10 50 126
50 10 126
10 25 804
25 10 804
10 53 942
53 10 942
10 14 600
14 10 600
10 25 713
25 10 713
10 39 257
39 10 257
10 31 790
31 10 790
10 14 807
14 10 807
11 15 434
15 11 434
11 19 764
19 11 764
11 44 667
44 11 667
11 13 639
13 11 639
11 18 332
18 11 332
11 42 144
42 11 144
11 47 170
47 11 170
11 49 208
49 11 208
11 52 597
52 11 597
11 32 910
32 11 910
11 13 341
13 11 341
12 16 979
16 12 979
12 16 645
16 12 645
12 35 174
35 12 174
12 38 619
38 12 619
12 26 304
26 12 304
12 29 645
29 12 645
12 22 42
22 12 42
12 25 296
25 12 296
12 36 792
36 12 792
12 40 78
40 12 78
12 41 915
41 12 915
12 15 168
15 12 168
12 27 903
27 12 903
12 27 108
27 12 108
12 17 335
17 12 335
12 37 692
37 12 692
13 14 392
14 13 392
13 36 371
36 13 371
13 39 329
39 13 329
13 23 573
23 13 573
13 26 237
26 13 237
13 24 38
24 13 38
13 43 573
43 13 573
13 14 500
14 13 500
13 36 509
36 13 509
13 19 54
19 13 54
13 16 298
16 13 298
13 41 998
41 13 998
13 30 621
30 13 621
13 16 588
16 13 588
13 49 494
49 13 494
13 16 245
16 13 245
13 27 53
27 13 53
13 17 499
17 13 499
13 18 921
18 13 921
13 16 161
16 13 161
13 47 881
47 13 881
14 26 153
26 14 153
14 33 535
33 14 535
14 34 410
34 14 410
14 27 454
27 14 454
14 49 423
49 14 423
14 28 635
28 14 635
14 16 802
16 14 802
15 20 514
20 15 514
15 45 877
45 15 877
15 16 424
16 15 424
15 45 178
45 15 178
15 51 405
51 15 405
15 32 588
32 15 588
15 50 826
50 15 826
15 48 187
48 15 187
15 45 449
45 15 449
15 46 183
46 15 183
15 47 82
47 15 82
16 27 636
27 16 636
16 40 514
40 16 514
16 34 644
34 16 644
16 36 851
36 16 851
16 47 77
47 16 77
16 47 347
47 16 347
16 49 583
49 16 583
16 46 862
46 16 862
16 24 514
24 16 514
16 18 738
18 16 738
17 21 809
21 17 809
17 40 418
40 17 418
17 40 804
40 17 804
17 42 430
42 17 430
17 25 846
25 17 846
17 17 915
17 17 915
17 27 226
27 17 226
17 45 602
45 17 602
17 48 547
48 17 547
17 22 381
22 17 381
18 35 551
35 18 551
18 23 104
23 18 104
18 26 288
26 18 288
18 40 214
40 18 214
18 43 950
43 18 950
18 34 411
34 18 411
18 53 834
53 18 834
18 52 751
52 18 751
18 34 815
34 18 815
18 50 1000
50 18 1000
19 24 122
24 19 122
19 22 918
22 19 918
19 45 500
45 19 500
19 46 38
46 19 38
19 25 592
25 19 592
19 27 490
27 19 490
19 42 395
42 19 395
19 21 719
21 19 719
19 43 595
43 19 595
19 42 434
42 19 434
19 31 441
31 19 441
19 43 81
43 19 81
20 30 51
30 20 51
20 24 294
24 20 294
20 42 729
42 20 729
20 42 421
42 20 421
20 37 346
37 20 346
20 22 774
22 20 774
20 48 194
48 20 194
20 47 943
47 20 943
21 22 466
22 21 466
21 46 710
46 21 710
21 27 12
27 21 12
21 25 973
25 21 973
21 28 456
28 21 456
21 37 814
37 21 814
21 47 977
47 21 977
22 28 233
28 22 233
22 47 519
47 22 519
22 25 328
25 22 328
22 52 306
52 22 306
22 52 205
52 22 205
22 33 282
33 22 282
22 47 594
47 22 594
22 32 243
32 22 243
22 27 865
27 22 865
22 29 109
29 22 109
22 35 15
35 22 15
22 31 623
31 22 623
23 24 987
24 23 987
23 40 128
40 23 128
23 46 82
46 23 82
23 48 786
48 23 786
23 29 760
29 23 760
23 34 701
34 23 701
24 53 271
53 24 271
24 52 156
52 24 156
24 50 782
50 24 782
24 36 555
36 24 555
24 34 109
34 24 109
24 47 290
47 24 290
24 47 420
47 24 420
24 41 281
41 24 281
24 38 515
38 24 515
25 31 485
31 25 485
25 46 879
46 25 879
25 48 228
48 25 228
25 41 521
41 25 521
25 45 362
45 25 362
25 41 905
41 25 905
25 51 47
51 25 47
25 33 197
33 25 197
25 48 558
48 25 558
25 42 627
42 25 627
25 53 375
53 25 375
25 31 877
31 25 877
25 51 122
51 25 122
25 45 175
45 25 175
25 43 925
43 25 925
26 27 759
27 26 759
26 32 689
32 26 689
26 38 389
38 26 389
26 37 102
37 26 102
26 40 430
40 26 430
26 26 757
26 26 757
26 46 266
46 26 266
26 32 931
32 26 931
26 34 650
34 26 650
26 27 489
27 26 489
27 41 660
41 27 660
27 49 851
49 27 851
27 28 571
28 27 571
27 45 344
45 27 344
28 44 327
44 28 327
28 51 367
51 28 367
28 45 808
45 28 808
28 34 668
34 28 668
28 40 655
40 28 655
28 28 64
28 28 64
28 46 523
46 28 523
28 48 655
48 28 655
29 34 868
34 29 868
29 52 711
52 29 711
29 46 568
46 29 568
29 39 242
39 29 242
29 44 415
44 29 415
29 44 246
44 29 246
29 49 603
49 29 603
29 48 409
48 29 409
29 43 669
43 29 669
29 36 926
36 29 926
30 51 833
51 30 833
30 48 452
48 30 452
30 51 308
51 30 308
30 31 607
31 30 607
30 43 338
43 30 338
30 40 235
40 30 235
30 47 503
47 30 503
30 39 888
39 30 888
30 41 840
41 30 840
30 40 334
40 30 334
30 42 918
42 30 918
31 51 54
51 31 54
31 49 916
49 31 916
31 39 76
39 31 76
31 34 292
34 31 292
31 52 300
52 31 300
31 47 888
47 31 888
31 50 763
50 31 763
31 45 295
45 31 295
32 47 612
47 32 612
32 44 671
44 32 671
32 36 960
36 32 960
32 34 569
34 32 569
33 37 883
37 33 883
33 46 626
46 33 626
33 53 690
53 33 690
33 48 339
48 33 339
33 45 743
45 33 743
33 33 344
33 33 344
33 49 262
49 33 262
33 34 937
34 33 937
33 48 641
48 33 641
34 42 921
42 34 921
34 36 650
36 34 650
34 45 872
45 34 872
34 47 532
47 34 532
34 45 413
45 34 413
34 53 154
53 34 154
34 35 196
35 34 196
35 48 974
48 35 974
35 39 635
39 35 635
35 46 425
46 35 425
35 48 129
48 35 129
35 48 31
48 35 31
35 41 810
41 35 810
36 44 926
44 36 926
36 46 339
46 36 339
36 45 900
45 36 900
36 40 731
40 36 731
37 53 613
53 37 613
38 38 338
38 38 338
38 53 820
53 38 820
38 52 102
52 38 102
39 50 842
50 39 842
39 45 865
45 39 865
39 41 843
41 39 843
39 43 3
43 39 3
40 42 656
42 40 656
40 48 655
48 40 655
40 51 551
51 40 551
40 48 528
48 40 528
40 53 963
53 40 963
41 51 471
51 41 471
41 41 86
41 41 86
41 50 822
50 41 822
41 43 72
43 41 72
42 47 541
47 42 541
42 52 55
52 42 55
42 52 604
52 42 604
42 45 185
45 42 185
43 45 643
45 43 643
43 44 158
44 43 158
43 43 669
43 43 669
43 52 877
52 43 877
44 52 323
52 44 323
45 49 159
49 45 159
45 47 379
47 45 379
45 49 901
49 45 901
45 46 617
46 45 617
45 53 228
53 45 228
46 49 387
49 46 387
46 49 956
49 46 956
46 50 881
50 46 881
48 48 346
48 48 346
49 50 886
50 49 886
49 53 681
53 49 681
49 49 526
49 49 526
50 53 159
53 50 159
50 51 376
51 50 376
50 51 573
51 50 573
51 52 131
52 51 131
51 53 754
53 51 754
