58

0 1 838
1 0 838
0 2 355
2 0 355
0 11 33
11 0 33
0 40 963
40 0 963
0 19 625
19 0 625
1 3 108
3 1 108
1 5 890
5 1 890
1 27 894
27 1 894
1 44 355
44 1 355
2 10 841
10 2 841
2 13 55
13 2 55
2 21 394
21 2 394
2 28 631
28 2 631
2 30 667
30 2 667
2 56 616
56 2 616
3 4 161
4 3 161
3 14 744
14 3 744
3 17 389
17 3 389
3 22 139
22 3 139
3 35 625
35 3 625
3 38 246
38 3 246
4 6 155
6 4 155
4 24 878
24 4 878
4 25 420
25 4 420
4 29 502
29 4 502
5 7 9
7 5 9
5 50 286
50 5 286
5 49 355
49 5 355
5 23 941
23 5 941
6 8 345
8 6 345
6 9 908
9 6 908
7 16 495
16 7 495
7 23 966
23 7 966
7 26 11
26 7 11
7 33 94
33 7 94
7 41 156
41 7 156
8 19 616
19 8 616
9 56 442
56 9 442
9 56 311
56 9 311
9 25 433
25 9 433
9 21 438
21 9 438
10 18 87
18 10 87
10 36 400
36 10 400
10 39 450
39 10 450
11 12 907
12 11 907
11 37 692
37 11 692
12 15 9
15 12 9
14 52 904
52 14 904
14 36 918
36 14 918
14 22 742
22 14 742
19 20 712
20 19 712
19 42 187
42 19 187
20 48 471
48 20 471
21 35 913
35 21 913
22 32 125
32 22 125
22 37 909
37 22 909
24 31 784
31 24 784
24 55 114
55 24 114
26 34 380
34 26 380
26 39 719
39 26 719
26 43 266
43 26 266
27 34 316
34 27 316
28 41 294
41 28 294
29 46 374
46 29 374
29 52 158
52 29 158
30 45 712
45 30 712
30 55 99
55 30 99
30 40 143
40 30 143
33 51 667
51 33 667
34 53 116
53 34 116
35 49 63
49 35 63
37 38 101
38 37 101
39 51 581
51 39 581
41 47 782
47 41 782
41 57 838
57 41 838
43 54 728
54 43 728
44 45 131
45 44 131
45 50 42
50 45 42
45 57 703
57 45 703
46 56 707
56 46 707
