29

0 1 250
1 0 250
0 20 165
20 0 165
0 7 179
7 0 179
0 3 671
3 0 671
0 27 638
27 0 638
0 19 819
19 0 819
0 21 572
21 0 572
0 11 206
11 0 206
1 2 446
2 1 446
1 18 732
18 1 732
1 22 297
22 1 297
1 19 903
19 1 903
1 27 780
27 1 780
1 16 615
16 1 615
1 3 251
3 1 251
1 15 618
15 1 618
1 8 712
8 1 712
1 25 978
25 1 978
1 23 360
23 1 360
1 13 305
13 1 305
1 5 376
5 1 376
2 3 538
3 2 538
2 10 693
10 2 693
2 11 531
11 2 531
2 24 684
24 2 684
2 27 573
27 2 573
2 20 245
20 2 245
2 7 808
7 2 808
2 17 622
17 2 622
2 3 688
3 2 688
2 21 503
21 2 503
2 21 595
21 2 595
2 25 773
25 2 773
3 4 439
4 3 439
3 7 114
7 3 114
3 24 532
24 3 532
3 17 959
17 3 959
3 9 936
9 3 936
3 12 435
12 3 435
3 14 360
14 3 360
3 18 292
18 3 292
3 22 476
22 3 476
4 5 576
5 4 576
4 23 199
23 4 199
4 28 219
28 4 219
4 13 983
13 4 983
4 7 678
7 4 678
4 19 289
19 4 289
4 21 792
21 4 792
4 15 638
15 4 638
4 15 420
15 4 420
5 6 665
6 5 665
5 8 737
8 5 737
5 9 599
9 5 599
5 5 324
5 5 324
5 13 190
13 5 190
5 16 109
16 5 109
5 14 156
14 5 156
5 21 278
21 5 278
5 6 313
6 5 313
6 23 749
23 6 749
6 19 360
19 6 360
6 25 194
25 6 194
6 25 225
25 6 225
6 16 660
16 6 660
6 8 843
8 6 843
6 14 460
14 6 460
6 20 731
20 6 731
7 14 589
14 7 589
7 26 52
26 7 52
7 16 20
16 7 20
7 17 724
17 7 724
7 7 556
7 7 556
7 13 531
13 7 531
7 18 852
18 7 852
8 17 501
17 8 501
8 14 826
14 8 826
8 17 548
17 8 548
8 20 635
20 8 635
9 27 779
27 9 779
9 14 790
14 9 790
9 15 475
15 9 475
9 18 304
18 9 304
9 21 112
21 9 112
9 25 159
25 9 159
9 17 772
17 9 772
10 13 603
13 10 603
10 15 316
15 10 316
10 28 604
28 10 604
10 28 964
28 10 964
10 17 826
17 10 826
10 19 978
19 10 978
10 25 31
25 10 31
10 10 147
10 10 147
10 13 183
13 10 183
11 12 321
12 11 321
11 28 165
28 11 165
11 23 961
23 11 961
11 12 735
12 11 735
12 16 796
16 12 796
12 20 401
20 12 401
12 23 805
23 12 805
12 12 378
12 12 378
12 21 577
21 12 577
13 19 413
19 13 413
13 21 530
21 13 530
13 18 694
18 13 694
13 15 855
15 13 855
13 14 698
14 13 698
13 17 480
17 13 480
13 13 11
13 13 11
13 26 387
26 13 387
14 19 194
19 14 194
14 17 330
17 14 330
14 24 318
24 14 318
15 24 574
24 15 574
15 18 162
18 15 162
16 28 749
28 16 749
16 26 450
26 16 450
16 17 133
17 16 133
16 25 191
25 16 191
17 21 785
21 17 785
17 23 493
23 17 493
17 24 928
24 17 928
18 22 601
22 18 601
19 20 87
20 19 87
19 23 905
23 19 905
19 28 420
28 19 420
19 28 576
28 19 576
19 22 11
22 19 11
19 20 137
20 19 137
21 26 359
26 21 359
22 28 640
28 22 640
23 23 295
23 23 295
23 23 576
23 23 576
24 25 484
25 24 484
24 28 642
28 24 642
24 27 640
27 24 640
24 27 393
27 24 393
24 25 203
25 24 203
25 27 794
27 25 794
26 26 345
26 26 345
