21

0 1 717
1 0 717
0 4 466
4 0 466
0 15 805
15 0 805
0 19 755
19 0 755
0 5 562
5 0 562
0 19 888
19 0 888
0 18 714
18 0 714
0 8 185
8 0 185
0 5 463
5 0 463
0 4 635
4 0 635
0 6 502
6 0 502
0 7 466
7 0 466
0 4 819
4 0 819
0 4 196
4 0 196
0 20 15
20 0 15
1 2 497
2 1 497
1 6 104
6 1 104
1 8 905
8 1 905
1 10 128
10 1 128
1 18 305
18 1 305
1 12 133
12 1 133
1 11 422
11 1 422
1 7 150
7 1 150
1 3 576
3 1 576
1 19 230
19 1 230
1 5 79
5 1 79
1 8 118
8 1 118
1 14 904
14 1 904
1 12 789
12 1 789
1 15 925
15 1 925
1 15 505
15 1 505
1 20 302
20 1 302
1 20 522
20 1 522
1 5 346
5 1 346
1 3 686
3 1 686
1 5 340
5 1 340
2 3 270
3 2 270
2 6 830
6 2 830
2 14 594
14 2 594
2 16 45
16 2 45
2 11 333
11 2 333
2 13 23
13 2 23
2 15 587
15 2 587
2 3 647
3 2 647
3 5 266
5 3 266
3 20 665
20 3 665
3 8 1000
8 3 1000
3 13 78
13 3 78
3 10 723
10 3 723
3 19 42
19 3 42
3 6 716
6 3 716
3 6 850
6 3 850
3 4 584
4 3 584
3 8 43
8 3 43
3 16 764
16 3 764
4 17 967
17 4 967
4 7 369
7 4 369
4 19 225
19 4 225
4 6 933
6 4 933
4 7 990
7 4 990
4 15 174
15 4 174
4 16 675
16 4 675
4 14 418
14 4 418
4 4 857
4 4 857
4 13 355
13 4 355
4 19 640
19 4 640
5 7 899
7 5 899
5 11 115
11 5 115
5 14 941
14 5 941
5 17 552
17 5 552
5 6 35
6 5 35
5 15 175
15 5 175
5 18 924
18 5 924
5 8 846
8 5 846
5 11 864
11 5 864
5 17 213
17 5 213
5 20 249
20 5 249
5 10 240
10 5 240
5 7 183
7 5 183
5 14 110
14 5 110
5 16 344
16 5 344
5 16 249
16 5 249
5 11 321
11 5 321
5 12 818
12 5 818
5 7 649
7 5 649
5 8 126
8 5 126
6 9 440
9 6 440
6 20 505
20 6 505
6 7 824
7 6 824
6 15 769
15 6 769
6 9 431
9 6 431
6 11 538
11 6 538
6 17 76
17 6 76
6 19 659
19 6 659
6 15 745
15 6 745
6 12 661
12 6 661
6 20 954
20 6 954
6 19 172
19 6 172
6 13 948
13 6 948
7 12 460
12 7 460
7 13 506
13 7 506
7 16 217
16 7 217
7 18 644
18 7 644
7 19 326
19 7 326
7 13 262
13 7 262
7 14 563
14 7 563
7 19 913
19 7 913
7 8 165
8 7 165
7 18 774
18 7 774
8 11 222
11 8 222
8 19 169
19 8 169
8 9 181
9 8 181
8 12 561
12 8 561
8 17 305
17 8 305
8 9 400
9 8 400
9 10 569
10 9 569
9 17 982
17 9 982
9 12 691
12 9 691
9 20 176
20 9 176
9 11 639
11 9 639
9 19 656
19 9 656
9 14 621
14 9 621
10 17 146
17 10 146
10 18 553
18 10 553
10 20 970
20 10 970
11 17 182
17 11 182
11 16 157
16 11 157
11 17 78
17 11 78
11 13 812
13 11 812
11 19 686
19 11 686
11 14 437
14 11 437
11 16 331
16 11 331
11 11 670
11 11 670
12 20 800
20 12 800
12 18 627
18 12 627
12 20 413
20 12 413
12 18 770
18 12 770
12 15 11
15 12 11
13 18 331
18 13 331
13 17 78
17 13 78
13 14 630
14 13 630
13 20 265
20 13 265
13 16 818
16 13 818
13 19 991
19 13 991
13 18 978
18 13 978
13 14 170
14 13 170
13 17 953
17 13 953
14 16 797
16 14 797
15 20 648
20 15 648
15 20 621
20 15 621
15 15 813
15 15 813
16 19 211
19 16 211
16 19 657
19 16 657
16 19 868
19 16 868
17 19 783
19 17 783
17 19 37
19 17 37
17 20 830
20 17 830
17 19 728
19 17 728
18 20 239
20 18 239
19 20 137
20 19 137
