42

0 1 391
1 0 391
0 2 149
2 0 149
0 3 999
3 0 999
0 35 417
35 0 417
0 28 749
28 0 749
0 22 157
22 0 157
0 19 604
19 0 604
0 33 256
33 0 256
0 0 815
0 0 815
0 27 438
27 0 438
0 27 566
27 0 566
0 21 35
21 0 35
0 24 121
24 0 121
0 5 126
5 0 126
0 34 124
34 0 124
0 6 457
6 0 457
0 26 696
26 0 696
0 3 660
3 0 660
0 35 227
35 0 227
0 11 168
11 0 168
1 16 610
16 1 610
1 26 373
26 1 373
1 15 418
15 1 418
1 10 846
10 1 846
1 37 719
37 1 719
1 16 11
16 1 11
1 14 369
14 1 369
1 33 719
33 1 719
1 17 362
17 1 362
1 14 343
14 1 343
1 38 523
38 1 523
1 31 713
31 1 713
2 4 207
4 2 207
2 5 482
5 2 482
2 12 34
12 2 34
2 13 934
13 2 934
2 41 466
41 2 466
2 19 845
19 2 845
2 28 555
28 2 555
2 22 801
22 2 801
2 30 829
30 2 829
2 5 438
5 2 438
2 40 28
40 2 28
2 19 274
19 2 274
2 14 827
14 2 827
2 19 953
19 2 953
2 29 49
29 2 49
2 27 425
27 2 425
2 14 950
14 2 950
3 13 615
13 3 615
3 39 494
39 3 494
3 21 580
21 3 580
3 10 741
10 3 741
3 40 973
40 3 973
3 23 644
23 3 644
3 30 931
30 3 931
3 32 806
32 3 806
3 38 844
38 3 844
3 24 132
24 3 132
3 4 158
4 3 158
3 17 916
17 3 916
4 14 310
14 4 310
4 41 126
41 4 126
4 7 688
7 4 688
4 38 572
38 4 572
4 21 988
21 4 988
4 15 97
15 4 97
4 19 993
19 4 993
4 37 508
37 4 508
4 10 972
10 4 972
4 4 950
4 4 950
4 27 192
27 4 192
4 10 809
10 4 809
5 6 530
6 5 530
5 10 956
10 5 956
5 27 787
27 5 787
5 27 305
27 5 305
5 28 326
28 5 326
5 24 195
24 5 195
5 7 625
7 5 625
5 34 44
34 5 44
5 21 339
21 5 339
5 20 474
20 5 474
5 26 787
26 5 787
5 16 242
16 5 242
5 21 61
21 5 61
5 33 608
33 5 608
5 10 625
10 5 625
6 7 857
7 6 857
6 15 40
15 6 40
6 18 75
18 6 75
6 32 526
32 6 526
6 9 353
9 6 353
6 10 829
10 6 829
6 32 189
32 6 189
6 37 892
37 6 892
6 8 484
8 6 484
6 10 725
10 6 725
6 9 468
9 6 468
6 9 984
9 6 984
7 8 930
8 7 930
7 9 85
9 7 85
7 20 540
20 7 540
7 24 898
24 7 898
7 15 215
15 7 215
7 11 965
11 7 965
7 36 581
36 7 581
7 36 559
36 7 559
7 32 394
32 7 394
7 10 410
10 7 410
7 26 868
26 7 868
7 38 483
38 7 483
7 32 158
32 7 158
7 33 555
33 7 555
7 23 810
23 7 810
7 14 818
14 7 818
7 16 724
16 7 724
7 41 464
41 7 464
7 34 750
34 7 750
7 18 762
18 7 762
7 33 977
33 7 977
8 11 550
11 8 550
8 24 608
24 8 608
8 33 795
33 8 795
8 19 391
19 8 391
8 24 687
24 8 687
8 24 474
24 8 474
8 17 129
17 8 129
8 17 331
17 8 331
8 34 352
34 8 352
8 37 968
37 8 968
8 40 46
40 8 46
8 11 1
11 8 1
8 19 597
19 8 597
8 31 146
31 8 146
8 36 17
36 8 17
8 23 496
23 8 496
9 21 905
21 9 905
9 20 527
20 9 527
9 25 277
25 9 277
9 31 124
31 9 124
9 32 95
32 9 95
9 22 622
22 9 622
9 37 389
37 9 389
9 30 139
30 9 139
9 17 22
17 9 22
9 22 897
22 9 897
9 12 357
12 9 357
9 22 866
22 9 866
9 19 648
19 9 648
10 35 827
35 10 827
10 32 738
32 10 738
10 16 85
16 10 85
10 24 457
24 10 457
10 26 987
26 10 987
10 15 805
15 10 805
10 28 244
28 10 244
10 12 874
12 10 874
10 15 462
15 10 462
11 40 491
40 11 491
11 38 979
38 11 979
11 22 84
22 11 84
11 23 134
23 11 134
11 28 595
28 11 595
11 39 200
39 11 200
11 12 50
12 11 50
12 19 700
19 12 700
12 25 257
25 12 257
12 36 87
36 12 87
12 37 991
37 12 991
13 22 463
22 13 463
13 25 513
25 13 513
13 31 44
31 13 44
13 16 87
16 13 87
13 27 252
27 13 252
13 28 305
28 13 305
13 17 94
17 13 94
13 14 383
14 13 383
13 15 479
15 13 479
13 27 717
27 13 717
13 19 516
19 13 516
13 24 881
24 13 881
14 23 743
23 14 743
14 19 519
19 14 519
14 14 558
14 14 558
14 30 748
30 14 748
14 27 905
27 14 905
14 39 236
39 14 236
14 41 238
41 14 238
14 29 433
29 14 433
14 26 76
26 14 76
14 20 817
20 14 817
15 17 690
17 15 690
15 38 604
38 15 604
15 39 785
39 15 785
15 39 524
39 15 524
15 15 322
15 15 322
15 17 873
17 15 873
15 39 50
39 15 50
15 15 699
15 15 699
16 26 534
26 16 534
16 29 153
29 16 153
16 37 967
37 16 967
16 19 809
19 16 809
16 31 542
31 16 542
16 36 348
36 16 348
16 27 201
27 16 201
16 39 788
39 16 788
16 27 458
27 16 458
16 24 534
24 16 534
17 29 182
29 17 182
17 19 505
19 17 505
17 22 421
22 17 421
17 26 680
26 17 680
17 24 666
24 17 666
17 33 444
33 17 444
17 31 124
31 17 124
17 18 497
18 17 497
17 20 499
20 17 499
17 31 69
31 17 69
17 23 639
23 17 639
17 32 214
32 17 214
17 20 441
20 17 441
18 20 945
20 18 945
18 34 783
34 18 783
18 32 632
32 18 632
18 38 650
38 18 650
18 23 89
23 18 89
18 30 502
30 18 502
19 24 317
24 19 317
19 29 554
29 19 554
19 32 891
32 19 891
19 30 199
30 19 199
19 39 255
39 19 255
19 29 782
29 19 782
20 30 380
30 20 380
20 36 731
36 20 731
20 22 446
22 20 446
20 30 716
30 20 716
21 35 340
35 21 340
21 41 150
41 21 150
21 37 960
37 21 960
21 41 302
41 21 302
21 40 529
40 21 529
21 29 908
29 21 908
21 37 752
37 21 752
21 25 759
25 21 759
21 34 14
34 21 14
21 21 595
21 21 595
22 37 304
37 22 304
22 32 365
32 22 365
22 26 161
26 22 161
22 27 125
27 22 125
22 28 90
28 22 90
23 31 678
31 23 678
23 24 150
24 23 150
23 25 970
25 23 970
23 38 88
38 23 88
23 39 949
39 23 949
24 35 487
35 24 487
24 33 26
33 24 26
24 28 846
28 24 846
24 27 755
27 24 755
24 28 989
28 24 989
25 28 534
28 25 534
25 32 747
32 25 747
25 35 869
35 25 869
25 40 284
40 25 284
25 34 9
34 25 9
25 28 232
28 25 232
25 39 875
39 25 875
25 34 365
34 25 365
25 35 33
35 25 33
26 35 912
35 26 912
26 38 808
38 26 808
27 35 281
35 27 281
27 31 752
31 27 752
27 33 820
33 27 820
28 30 850
30 28 850
28 37 591
37 28 591
28 39 536
39 28 536
28 33 906
33 28 906
29 30 683
30 29 683
29 31 178
31 29 178
29 41 772
41 29 772
29 34 411
34 29 411
29 36 201
36 29 201
30 34 33
34 30 33
30 40 1
40 30 1
30 37 563
37 30 563
30 34 352
34 30 352
30 33 261
33 30 261
30 40 392
40 30 392
31 33 184
33 31 184
31 37 715
37 31 715
31 37 99
37 31 99
31 37 235
37 31 235
31 33 214
33 31 214
31 32 608
32 31 608
31 32 758
32 31 758
32 40 191
40 32 191
33 33 475
33 33 475
33 40 57
40 33 57
34 36 950
36 34 950
34 37 787
37 34 787
35 41 840
41 35 840
35 41 178
41 35 178
35 40 834
40 35 834
36 38 50
38 36 50
36 37 564
37 36 564
37 41 861
41 37 861
38 41 603
41 38 603
40 40 8
40 40 8
