68

0 1 382
1 0 382
0 6 894
6 0 894
0 44 308
44 0 308
0 11 422
11 0 422
1 2 158
2 1 158
1 4 837
4 1 837
1 5 685
5 1 685
1 13 8
13 1 8
1 17 991
17 1 991
1 53 765
53 1 765
1 13 901
13 1 901
1 64 582
64 1 582
1 58 1
58 1 1
1 31 659
31 1 659
1 28 332
28 1 332
1 16 750
16 1 750
2 3 442
3 2 442
2 8 911
8 2 911
2 10 114
10 2 114
2 26 479
26 2 479
2 55 744
55 2 744
2 2 897
2 2 897
2 59 672
59 2 672
2 53 915
53 2 915
2 17 999
17 2 999
2 18 431
18 2 431
3 19 65
19 3 65
3 47 731
47 3 731
3 49 25
49 3 25
3 56 759
56 3 759
3 56 652
56 3 652
3 40 785
40 3 785
4 9 402
9 4 402
4 29 947
29 4 947
5 53 867
53 5 867
5 7 465
7 5 465
5 17 765
17 5 765
5 44 106
44 5 106
5 20 466
20 5 466
6 7 921
7 6 921
6 20 905
20 6 905
6 26 615
26 6 615
6 9 941
9 6 941
7 46 483
46 7 483
7 58 61
58 7 61
7 48 901
48 7 901
7 39 126
39 7 126
8 61 95
61 8 95
8 62 119
62 8 119
8 15 386
15 8 386
8 32 333
32 8 333
8 10 70
10 8 70
9 12 351
12 9 351
9 33 535
33 9 535
9 38 580
38 9 580
9 51 386
51 9 386
9 43 893
43 9 893
9 18 352
18 9 352
9 14 92
14 9 92
9 53 910
53 9 910
9 62 565
62 9 565
10 11 171
11 10 171
10 20 887
20 10 887
10 54 937
54 10 937
10 20 897
20 10 897
10 56 861
56 10 861
10 47 219
47 10 219
11 14 131
14 11 131
11 39 876
39 11 876
11 38 961
38 11 961
11 35 80
35 11 80
11 51 799
51 11 799
12 45 225
45 12 225
12 55 393
55 12 393
12 61 296
61 12 296
12 48 617
48 12 617
12 14 251
14 12 251
12 45 339
45 12 339
12 42 450
42 12 450
12 23 975
23 12 975
13 16 675
16 13 675
13 21 341
21 13 341
13 63 963
63 13 963
13 27 960
27 13 960
14 15 784
15 14 784
14 24 338
24 14 338
14 25 676
25 14 676
14 58 441
58 14 441
14 62 976
62 14 976
14 29 333
29 14 333
14 25 607
25 14 607
14 21 989
21 14 989
14 57 129
57 14 129
14 18 140
18 14 140
14 42 202
42 14 202
14 46 724
46 14 724
14 54 583
54 14 583
15 42 185
42 15 185
15 65 790
65 15 790
15 47 985
47 15 985
15 40 870
40 15 870
15 42 556
42 15 556
15 17 709
17 15 709
15 49 316
49 15 316
15 27 388
27 15 388
15 60 467
60 15 467
15 16 917
16 15 917
16 18 801
18 16 801
16 23 353
23 16 353
16 29 681
29 16 681
16 30 235
30 16 235
16 26 567
26 16 567
16 65 835
65 16 835
16 63 212
63 16 212
16 31 26
31 16 26
16 52 836
52 16 836
17 22 285
22 17 285
17 34 52
34 17 52
17 63 556
63 17 556
17 20 319
20 17 319
17 39 559
39 17 559
17 44 119
44 17 119
17 50 522
50 17 522
18 31 734
31 18 734
18 40 712
40 18 712
18 32 2
32 18 2
18 42 859
42 18 859
18 47 644
47 18 644
18 22 323
22 18 323
19 35 114
35 19 114
19 42 626
42 19 626
19 32 359
32 19 359
19 33 506
33 19 506
19 62 500
62 19 500
19 48 561
48 19 561
19 66 95
66 19 95
20 27 809
27 20 809
20 51 169
51 20 169
20 54 457
54 20 457
20 51 812
51 20 812
20 46 802
46 20 802
20 65 692
65 20 692
20 26 907
26 20 907
20 27 647
27 20 647
20 41 7
41 20 7
20 54 419
54 20 419
20 49 677
49 20 677
21 42 965
42 21 965
21 28 891
28 21 891
21 59 817
59 21 817
21 48 811
48 21 811
22 28 547
28 22 547
22 48 418
48 22 418
22 58 506
58 22 506
22 48 86
48 22 86
23 53 631
53 23 631
24 32 342
32 24 342
24 44 727
44 24 727
24 52 162
52 24 162
25 62 875
62 25 875
25 30 326
30 25 326
25 61 372
61 25 372
26 41 276
41 26 276
27 30 226
30 27 226
27 49 244
49 27 244
27 38 711
38 27 711
27 67 471
67 27 471
27 54 391
54 27 391
28 67 646
67 28 646
28 40 801
40 28 801
28 36 9
36 28 9
28 47 81
47 28 81
28 59 377
59 28 377
29 62 925
62 29 925
29 41 513
41 29 513
30 36 739
36 30 739
30 57 867
57 30 867
30 44 388
44 30 388
30 48 467
48 30 467
30 43 985
43 30 985
30 51 356
51 30 356
31 40 988
40 31 988
32 37 675
37 32 675
33 43 743
43 33 743
33 41 397
41 33 397
33 38 328
38 33 328
34 52 488
52 34 488
34 47 864
47 34 864
34 44 103
44 34 103
34 66 525
66 34 525
34 39 602
39 34 602
35 37 505
37 35 505
35 47 958
47 35 958
35 54 880
54 35 880
36 66 875
66 36 875
36 51 749
51 36 749
37 43 610
43 37 610
37 46 60
46 37 60
37 62 59
62 37 59
37 43 462
43 37 462
38 52 116
52 38 116
38 54 678
54 38 678
38 59 380
59 38 380
39 57 587
57 39 587
39 60 313
60 39 313
39 61 348
61 39 348
39 54 874
54 39 874
39 64 432
64 39 432
40 59 147
59 40 147
40 51 313
51 40 313
41 50 559
50 41 559
41 60 450
60 41 450
41 56 767
56 41 767
41 55 717
55 41 717
41 57 666
57 41 666
42 63 409
63 42 409
42 57 322
57 42 322
42 59 581
59 42 581
43 64 817
64 43 817
43 56 489
56 43 489
44 46 607
46 44 607
44 64 845
64 44 845
44 67 878
67 44 878
45 66 644
66 45 644
46 54 678
54 46 678
47 58 16
58 47 16
48 62 841
62 48 841
48 63 987
63 48 987
49 59 618
59 49 618
49 52 261
52 49 261
49 67 623
67 49 623
50 52 896
52 50 896
50 62 54
62 50 54
50 64 949
64 50 949
51 66 967
66 51 967
52 66 941
66 52 941
52 67 636
67 52 636
52 62 75
62 52 75
54 64 363
64 54 363
54 55 961
55 54 961
55 62 244
62 55 244
55 55 640
55 55 640
57 67 114
67 57 114
57 64 768
64 57 768
59 62 884
62 59 884
60 66 67
66 60 67
60 64 610
64 60 610
61 65 485
65 61 485
