45

0 1 370
1 0 370
0 2 203
2 0 203
0 4 14
4 0 14
0 11 427
11 0 427
0 33 625
33 0 625
0 19 703
19 0 703
0 20 667
20 0 667
0 32 335
32 0 335
0 8 361
8 0 361
0 27 835
27 0 835
0 37 760
37 0 760
0 11 702
11 0 702
0 41 330
41 0 330
0 31 782
31 0 782
0 9 66
9 0 66
0 6 687
6 0 687
0 9 669
9 0 669
0 7 325
7 0 325
0 21 548
21 0 548
0 14 891
14 0 891
0 13 405
13 0 405
0 27 506
27 0 506
0 44 127
44 0 127
0 30 637
30 0 637
0 27 434
27 0 434
0 17 644
17 0 644
0 18 776
18 0 776
0 23 520
23 0 520
0 35 652
35 0 652
0 23 261
23 0 261
0 11 283
11 0 283
0 42 708
42 0 708
0 17 553
17 0 553
0 20 317
20 0 317
0 32 243
32 0 243
0 3 29
3 0 29
0 9 188
9 0 188
0 15 471
15 0 471
0 1 470
1 0 470
0 32 770
32 0 770
1 3 880
3 1 880
1 22 228
22 1 228
1 8 756
8 1 756
1 23 819
23 1 819
1 42 940
42 1 940
1 27 662
27 1 662
1 35 750
35 1 750
1 8 108
8 1 108
1 40 277
40 1 277
1 21 111
21 1 111
1 39 193
39 1 193
1 42 253
42 1 253
1 35 302
35 1 302
1 4 505
4 1 505
1 8 242
8 1 242
1 38 310
38 1 310
1 16 150
16 1 150
1 7 114
7 1 114
1 40 743
40 1 743
1 42 457
42 1 457
1 21 679
21 1 679
1 6 500
6 1 500
1 15 713
15 1 713
1 20 556
20 1 556
1 9 928
9 1 928
1 39 880
39 1 880
1 39 490
39 1 490
1 8 865
8 1 865
1 16 690
16 1 690
1 11 615
11 1 615
1 8 328
8 1 328
1 36 706
36 1 706
1 31 362
31 1 362
1 30 550
30 1 550
2 7 910
7 2 910
2 20 24
20 2 24
2 16 833
16 2 833
2 41 333
41 2 333
2 3 901
3 2 901
2 16 314
16 2 314
2 21 1000
21 2 1000
2 27 254
27 2 254
2 23 400
23 2 400
2 10 112
10 2 112
2 7 253
7 2 253
2 28 532
28 2 532
2 36 149
36 2 149
2 39 226
39 2 226
2 44 256
44 2 256
2 39 596
39 2 596
2 32 618
32 2 618
2 35 394
35 2 394
2 7 508
7 2 508
2 17 170
17 2 170
2 34 591
34 2 591
2 34 141
34 2 141
2 43 563
43 2 563
2 15 293
15 2 293
2 17 52
17 2 52
2 17 840
17 2 840
2 25 13
25 2 13
2 44 966
44 2 966
2 24 763
24 2 763
3 8 621
8 3 621
3 10 622
10 3 622
3 25 433
25 3 433
3 26 521
26 3 521
3 42 345
42 3 345
3 3 339
3 3 339
3 5 498
5 3 498
3 19 888
19 3 888
3 33 861
33 3 861
3 20 976
20 3 976
3 6 593
6 3 593
3 3 128
3 3 128
3 22 589
22 3 589
3 38 542
38 3 542
3 7 546
7 3 546
3 7 85
7 3 85
3 29 765
29 3 765
3 36 918
36 3 918
3 38 396
38 3 396
3 21 131
21 3 131
3 22 54
22 3 54
3 6 854
6 3 854
3 18 144
18 3 144
3 31 40
31 3 40
3 32 651
32 3 651
3 15 400
15 3 400
3 25 122
25 3 122
3 22 987
22 3 987
3 25 856
25 3 856
3 10 644
10 3 644
3 28 986
28 3 986
3 37 540
37 3 540
4 5 604
5 4 604
4 9 535
9 4 535
4 12 271
12 4 271
4 25 144
25 4 144
4 39 883
39 4 883
4 21 254
21 4 254
4 15 672
15 4 672
4 10 842
10 4 842
4 13 396
13 4 396
4 40 206
40 4 206
4 35 628
35 4 628
4 38 11
38 4 11
4 39 635
39 4 635
4 13 159
13 4 159
4 29 223
29 4 223
4 44 691
44 4 691
4 16 501
16 4 501
4 12 364
12 4 364
4 17 150
17 4 150
4 28 93
28 4 93
4 31 561
31 4 561
4 28 668
28 4 668
4 20 677
20 4 677
4 37 863
37 4 863
4 8 901
8 4 901
4 19 682
19 4 682
4 11 231
11 4 231
4 43 345
43 4 345
4 21 465
21 4 465
4 39 583
39 4 583
4 35 336
35 4 336
4 19 563
19 4 563
4 34 301
34 4 301
4 37 905
37 4 905
4 21 104
21 4 104
4 16 240
16 4 240
4 35 643
35 4 643
4 7 12
7 4 12
4 20 277
20 4 277
4 42 12
42 4 12
5 6 703
6 5 703
5 27 727
27 5 727
5 42 377
42 5 377
5 39 736
39 5 736
5 43 814
43 5 814
5 38 990
38 5 990
5 17 438
17 5 438
5 22 432
22 5 432
5 37 537
37 5 537
5 11 155
11 5 155
5 44 753
44 5 753
5 23 694
23 5 694
5 7 658
7 5 658
5 38 598
38 5 598
5 11 752
11 5 752
5 27 181
27 5 181
5 26 867
26 5 867
5 6 553
6 5 553
5 25 384
25 5 384
5 41 789
41 5 789
5 6 831
6 5 831
5 28 946
28 5 946
5 24 649
24 5 649
5 23 693
23 5 693
5 31 105
31 5 105
5 31 262
31 5 262
5 28 701
28 5 701
5 7 124
7 5 124
5 36 410
36 5 410
5 13 376
13 5 376
5 20 640
20 5 640
5 43 938
43 5 938
5 26 449
26 5 449
6 16 852
16 6 852
6 12 502
12 6 502
6 38 263
38 6 263
6 34 719
34 6 719
6 18 426
18 6 426
6 39 638
39 6 638
6 11 908
11 6 908
6 30 716
30 6 716
6 9 88
9 6 88
6 28 842
28 6 842
6 26 982
26 6 982
6 31 429
31 6 429
6 26 262
26 6 262
6 30 862
30 6 862
6 9 838
9 6 838
6 7 310
7 6 310
6 13 63
13 6 63
6 37 739
37 6 739
6 41 759
41 6 759
6 27 806
27 6 806
6 18 543
18 6 543
6 42 154
42 6 154
6 19 886
19 6 886
6 42 76
42 6 76
6 19 805
19 6 805
6 7 958
7 6 958
6 34 768
34 6 768
6 33 728
33 6 728
6 35 565
35 6 565
6 8 578
8 6 578
6 38 945
38 6 945
6 26 647
26 6 647
6 13 581
13 6 581
6 32 242
32 6 242
6 42 195
42 6 195
6 9 365
9 6 365
7 25 485
25 7 485
7 12 469
12 7 469
7 40 560
40 7 560
7 23 982
23 7 982
7 24 441
24 7 441
7 39 430
39 7 430
7 30 634
30 7 634
7 20 526
20 7 526
7 26 984
26 7 984
7 44 667
44 7 667
7 44 497
44 7 497
7 41 964
41 7 964
7 35 866
35 7 866
7 14 809
14 7 809
7 9 522
9 7 522
7 34 657
34 7 657
7 10 60
10 7 60
7 34 602
34 7 602
7 18 918
18 7 918
7 36 72
36 7 72
7 26 552
26 7 552
7 38 182
38 7 182
7 25 792
25 7 792
7 15 612
15 7 612
7 9 739
9 7 739
7 39 595
39 7 595
7 39 778
39 7 778
7 39 247
39 7 247
7 10 333
10 7 333
7 35 979
35 7 979
8 18 356
18 8 356
8 22 338
22 8 338
8 34 941
34 8 941
8 43 568
43 8 568
8 20 345
20 8 345
8 35 382
35 8 382
8 30 637
30 8 637
8 43 592
43 8 592
8 26 24
26 8 24
8 25 601
25 8 601
8 26 659
26 8 659
8 28 729
28 8 729
8 11 905
11 8 905
8 27 66
27 8 66
8 39 539
39 8 539
8 40 311
40 8 311
8 15 770
15 8 770
8 23 701
23 8 701
8 14 962
14 8 962
8 42 352
42 8 352
8 42 834
42 8 834
8 20 916
20 8 916
8 22 354
22 8 354
8 11 781
11 8 781
8 15 918
15 8 918
8 21 656
21 8 656
8 41 942
41 8 942
9 19 699
19 9 699
9 21 280
21 9 280
9 23 956
23 9 956
9 28 371
28 9 371
9 26 812
26 9 812
9 23 189
23 9 189
9 23 464
23 9 464
9 27 688
27 9 688
9 41 485
41 9 485
9 39 635
39 9 635
9 39 37
39 9 37
9 12 684
12 9 684
9 38 201
38 9 201
9 21 793
21 9 793
9 36 213
36 9 213
9 34 65
34 9 65
9 33 921
33 9 921
9 38 417
38 9 417
9 33 387
33 9 387
9 42 779
42 9 779
9 42 158
42 9 158
9 13 280
13 9 280
9 36 99
36 9 99
9 40 460
40 9 460
9 30 748
30 9 748
9 33 159
33 9 159
9 35 526
35 9 526
9 17 480
17 9 480
10 15 860
15 10 860
10 14 154
14 10 154
10 31 361
31 10 361
10 21 908
21 10 908
10 31 528
31 10 528
10 17 613
17 10 613
10 29 656
29 10 656
10 40 649
40 10 649
10 32 563
32 10 563
10 10 721
10 10 721
10 42 524
42 10 524
10 28 372
28 10 372
10 14 422
14 10 422
10 35 547
35 10 547
10 23 522
23 10 522
10 25 114
25 10 114
10 36 387
36 10 387
10 22 324
22 10 324
10 14 965
14 10 965
10 40 342
40 10 342
10 18 641
18 10 641
10 39 248
39 10 248
10 34 435
34 10 435
10 26 14
26 10 14
10 18 772
18 10 772
10 31 613
31 10 613
10 26 363
26 10 363
10 23 879
23 10 879
10 22 985
22 10 985
10 12 76
12 10 76
10 26 895
26 10 895
10 15 136
15 10 136
10 44 97
44 10 97
10 25 741
25 10 741
11 14 321
14 11 321
11 17 266
17 11 266
11 44 139
44 11 139
11 13 3
13 11 3
11 38 243
38 11 243
11 29 18
29 11 18
11 38 888
38 11 888
11 26 127
26 11 127
11 26 471
26 11 471
11 42 1000
42 11 1000
11 39 852
39 11 852
11 42 785
42 11 785
11 24 819
24 11 819
11 19 182
19 11 182
11 21 366
21 11 366
11 40 46
40 11 46
11 37 939
37 11 939
11 13 640
13 11 640
11 27 947
27 11 947
11 34 752
34 11 752
11 23 531
23 11 531
11 12 479
12 11 479
11 34 123
34 11 123
11 19 561
19 11 561
12 13 776
13 12 776
12 27 847
27 12 847
12 21 431
21 12 431
12 34 139
34 12 139
12 23 298
23 12 298
12 18 111
18 12 111
12 34 212
34 12 212
12 21 332
21 12 332
12 19 442
19 12 442
12 44 869
44 12 869
12 35 266
35 12 266
12 30 456
30 12 456
12 17 77
17 12 77
12 17 25
17 12 25
12 34 18
34 12 18
12 19 930
19 12 930
12 29 51
29 12 51
12 38 556
38 12 556
12 39 380
39 12 380
12 34 858
34 12 858
12 14 247
14 12 247
12 36 514
36 12 514
12 19 16
19 12 16
12 30 748
30 12 748
12 21 120
21 12 120
12 17 335
17 12 335
12 29 503
29 12 503
12 39 657
39 12 657
13 30 977
30 13 977
13 34 300
34 13 300
13 42 301
42 13 301
13 17 448
17 13 448
13 41 64
41 13 64
13 38 807
38 13 807
13 30 676
30 13 676
13 23 628
23 13 628
13 35 212
35 13 212
13 17 116
17 13 116
13 31 262
31 13 262
13 23 34
23 13 34
13 23 253
23 13 253
13 16 823
16 13 823
13 20 611
20 13 611
13 37 781
37 13 781
13 35 431
35 13 431
13 42 740
42 13 740
13 25 407
25 13 407
13 21 994
21 13 994
13 21 439
21 13 439
13 44 596
44 13 596
14 24 545
24 14 545
14 37 653
37 14 653
14 38 32
38 14 32
14 32 422
32 14 422
14 26 301
26 14 301
14 20 612
20 14 612
14 22 572
22 14 572
14 25 76
25 14 76
14 43 65
43 14 65
14 31 665
31 14 665
14 30 998
30 14 998
14 18 194
18 14 194
14 44 796
44 14 796
14 16 885
16 14 885
14 37 72
37 14 72
14 17 605
17 14 605
14 20 221
20 14 221
14 39 782
39 14 782
15 22 369
22 15 369
15 42 360
42 15 360
15 20 961
20 15 961
15 23 910
23 15 910
15 24 708
24 15 708
15 16 308
16 15 308
15 42 427
42 15 427
15 39 82
39 15 82
15 15 532
15 15 532
15 31 745
31 15 745
15 41 173
41 15 173
15 17 399
17 15 399
15 22 394
22 15 394
15 24 102
24 15 102
15 30 819
30 15 819
15 39 234
39 15 234
15 36 368
36 15 368
15 32 554
32 15 554
15 18 837
18 15 837
15 27 359
27 15 359
15 36 902
36 15 902
16 35 610
35 16 610
16 43 332
43 16 332
16 36 143
36 16 143
16 26 545
26 16 545
16 19 160
19 16 160
16 34 610
34 16 610
16 22 866
22 16 866
16 28 592
28 16 592
16 42 37
42 16 37
16 37 467
37 16 467
16 39 928
39 16 928
16 22 907
22 16 907
16 21 400
21 16 400
16 26 568
26 16 568
16 37 738
37 16 738
16 30 961
30 16 961
16 18 337
18 16 337
16 21 33
21 16 33
16 28 140
28 16 140
16 33 854
33 16 854
16 24 828
24 16 828
16 24 678
24 16 678
16 44 92
44 16 92
16 41 975
41 16 975
16 36 362
36 16 362
16 33 855
33 16 855
17 36 491
36 17 491
17 18 913
18 17 913
17 25 408
25 17 408
17 32 700
32 17 700
17 40 365
40 17 365
17 20 542
20 17 542
17 44 709
44 17 709
17 31 12
31 17 12
17 19 122
19 17 122
17 17 848
17 17 848
17 30 235
30 17 235
17 44 460
44 17 460
17 39 32
39 17 32
17 44 668
44 17 668
17 36 763
36 17 763
17 43 87
43 17 87
17 44 189
44 17 189
17 39 885
39 17 885
17 21 400
21 17 400
17 19 377
19 17 377
17 38 394
38 17 394
17 23 622
23 17 622
18 32 907
32 18 907
18 37 351
37 18 351
18 43 130
43 18 130
18 18 78
18 18 78
18 26 716
26 18 716
18 25 141
25 18 141
18 38 500
38 18 500
18 37 770
37 18 770
18 23 233
23 18 233
18 44 420
44 18 420
18 19 929
19 18 929
18 30 919
30 18 919
18 21 467
21 18 467
18 30 219
30 18 219
18 41 318
41 18 318
18 40 600
40 18 600
18 39 6
39 18 6
18 30 388
30 18 388
18 23 84
23 18 84
18 25 168
25 18 168
18 30 231
30 18 231
18 30 506
30 18 506
18 28 381
28 18 381
18 33 515
33 18 515
19 26 593
26 19 593
19 38 698
38 19 698
19 38 94
38 19 94
19 19 860
19 19 860
19 42 258
42 19 258
19 30 770
30 19 770
19 20 834
20 19 834
19 19 149
19 19 149
19 39 263
39 19 263
19 39 612
39 19 612
19 40 166
40 19 166
19 32 119
32 19 119
19 36 884
36 19 884
19 22 861
22 19 861
19 28 733
28 19 733
19 20 268
20 19 268
19 37 906
37 19 906
19 29 357
29 19 357
19 30 563
30 19 563
19 31 90
31 19 90
19 20 769
20 19 769
20 40 860
40 20 860
20 42 348
42 20 348
20 39 754
39 20 754
20 22 556
22 20 556
20 28 73
28 20 73
20 22 895
22 20 895
20 33 352
33 20 352
20 36 256
36 20 256
20 20 248
20 20 248
20 40 774
40 20 774
20 31 294
31 20 294
20 23 883
23 20 883
20 32 21
32 20 21
20 43 420
43 20 420
20 34 932
34 20 932
20 22 835
22 20 835
20 26 957
26 20 957
21 38 490
38 21 490
21 44 489
44 21 489
21 28 467
28 21 467
21 23 490
23 21 490
21 29 62
29 21 62
21 31 797
31 21 797
21 37 512
37 21 512
21 41 553
41 21 553
21 28 335
28 21 335
21 25 94
25 21 94
21 43 703
43 21 703
22 29 638
29 22 638
22 43 462
43 22 462
22 27 771
27 22 771
22 23 422
23 22 422
22 37 462
37 22 462
22 23 954
23 22 954
22 38 954
38 22 954
22 34 642
34 22 642
22 35 140
35 22 140
22 43 887
43 22 887
23 27 24
27 23 24
23 44 507
44 23 507
23 39 180
39 23 180
23 27 691
27 23 691
23 24 500
24 23 500
23 38 819
38 23 819
23 40 886
40 23 886
23 43 957
43 23 957
23 39 367
39 23 367
23 41 970
41 23 970
23 36 278
36 23 278
23 32 679
32 23 679
23 29 226
29 23 226
23 33 898
33 23 898
24 40 341
40 24 341
24 32 844
32 24 844
24 41 434
41 24 434
24 34 374
34 24 374
24 32 294
32 24 294
24 44 340
44 24 340
24 38 418
38 24 418
24 36 584
36 24 584
25 31 980
31 25 980
25 44 685
44 25 685
25 39 783
39 25 783
25 40 829
40 25 829
25 28 182
28 25 182
25 34 752
34 25 752
25 37 99
37 25 99
25 35 445
35 25 445
25 35 13
35 25 13
25 31 224
31 25 224
25 27 119
27 25 119
25 42 559
42 25 559
25 30 755
30 25 755
25 35 938
35 25 938
25 39 298
39 25 298
25 31 111
31 25 111
26 41 903
41 26 903
26 28 891
28 26 891
26 28 83
28 26 83
26 34 866
34 26 866
26 28 507
28 26 507
26 34 195
34 26 195
26 33 689
33 26 689
26 26 471
26 26 471
26 38 734
38 26 734
26 42 668
42 26 668
26 33 55
33 26 55
26 33 362
33 26 362
26 29 624
29 26 624
26 37 144
37 26 144
26 42 897
42 26 897
26 35 568
35 26 568
26 31 147
31 26 147
26 29 391
29 26 391
26 38 430
38 26 430
26 27 270
27 26 270
26 35 198
35 26 198
26 34 111
34 26 111
26 31 640
31 26 640
27 35 636
35 27 636
27 40 160
40 27 160
27 27 410
27 27 410
27 43 916
43 27 916
27 28 496
28 27 496
27 40 555
40 27 555
27 32 230
32 27 230
27 28 228
28 27 228
27 44 148
44 27 148
27 27 593
27 27 593
27 44 556
44 27 556
27 38 21
38 27 21
27 33 746
33 27 746
27 32 13
32 27 13
27 39 611
39 27 611
27 44 527
44 27 527
28 35 941
35 28 941
28 32 674
32 28 674
28 29 159
29 28 159
28 40 149
40 28 149
28 37 354
37 28 354
28 44 726
44 28 726
28 29 478
29 28 478
28 31 27
31 28 27
28 41 891
41 28 891
28 32 280
32 28 280
28 31 407
31 28 407
28 41 789
41 28 789
28 30 622
30 28 622
28 41 529
41 28 529
28 29 182
29 28 182
29 40 365
40 29 365
29 33 731
33 29 731
29 35 832
35 29 832
29 30 402
30 29 402
29 38 632
38 29 632
29 30 530
30 29 530
29 34 332
34 29 332
29 32 723
32 29 723
29 39 166
39 29 166
29 37 297
37 29 297
29 43 229
43 29 229
29 42 175
42 29 175
29 44 581
44 29 581
29 43 206
43 29 206
29 40 440
40 29 440
29 34 412
34 29 412
29 35 646
35 29 646
30 39 657
39 30 657
30 44 35
44 30 35
30 37 713
37 30 713
30 33 320
33 30 320
30 30 342
30 30 342
30 40 342
40 30 342
31 40 61
40 31 61
31 34 821
34 31 821
31 33 874
33 31 874
31 41 737
41 31 737
31 41 254
41 31 254
31 41 711
41 31 711
31 36 247
36 31 247
31 44 674
44 31 674
31 38 177
38 31 177
32 43 940
43 32 940
32 37 739
37 32 739
32 36 330
36 32 330
32 43 617
43 32 617
32 38 126
38 32 126
32 44 365
44 32 365
32 32 621
32 32 621
32 35 79
35 32 79
32 40 743
40 32 743
32 40 531
40 32 531
33 42 357
42 33 357
33 33 259
33 33 259
33 44 804
44 33 804
33 38 84
38 33 84
33 43 185
43 33 185
33 39 755
39 33 755
33 35 34
35 33 34
33 43 103
43 33 103
33 42 281
42 33 281
34 35 672
35 34 672
34 37 89
37 34 89
34 42 278
42 34 278
34 44 19
44 34 19
34 39 306
39 34 306
34 42 467
42 34 467
35 42 633
42 35 633
35 43 139
43 35 139
35 38 867
38 35 867
36 41 916
41 36 916
36 43 241
43 36 241
36 42 678
42 36 678
36 38 963
38 36 963
36 37 852
37 36 852
36 40 464
40 36 464
36 41 203
41 36 203
36 41 361
41 36 361
37 39 62
39 37 62
37 38 60
38 37 60
37 43 408
43 37 408
37 42 119
42 37 119
37 38 313
38 37 313
37 43 580
43 37 580
37 42 924
42 37 924
38 42 14
42 38 14
38 39 642
39 38 642
39 42 516
42 39 516
39 42 514
42 39 514
39 40 32
40 39 32
39 43 821
43 39 821
39 40 956
40 39 956
40 42 681
42 40 681
40 41 773
41 40 773
41 42 555
42 41 555
41 43 586
43 41 586
42 43 898
43 42 898
43 44 773
44 43 773
