84

0 1 718
1 0 718
0 52 583
52 0 583
0 57 82
57 0 82
0 64 660
64 0 660
0 11 877
11 0 877
0 47 287
47 0 287
0 38 919
38 0 919
0 35 866
35 0 866
0 61 296
61 0 296
0 35 680
35 0 680
0 55 671
55 0 671
0 53 450
53 0 450
0 76 823
76 0 823
0 43 794
43 0 794
0 68 945
68 0 945
0 10 797
10 0 797
0 33 407
33 0 407
1 2 324
2 1 324
1 4 959
4 1 959
1 20 429
20 1 429
1 48 363
48 1 363
1 37 446
37 1 446
1 26 992
26 1 992
1 75 244
75 1 244
1 41 139
41 1 139
1 81 281
81 1 281
1 13 83
13 1 83
1 20 6
20 1 6
1 10 851
10 1 851
1 41 838
41 1 838
1 83 255
83 1 255
1 23 369
23 1 369
1 6 330
6 1 330
2 3 175
3 2 175
2 72 309
72 2 309
2 16 632
16 2 632
2 49 225
49 2 225
2 69 51
69 2 51
2 68 139
68 2 139
2 68 185
68 2 185
2 58 190
58 2 190
2 43 226
43 2 226
2 37 98
37 2 98
2 10 102
10 2 102
2 67 736
67 2 736
2 20 286
20 2 286
2 34 853
34 2 853
2 83 617
83 2 617
2 39 341
39 2 341
2 24 436
24 2 436
2 11 289
11 2 289
2 39 869
39 2 869
3 5 723
5 3 723
3 6 326
6 3 326
3 9 39
9 3 39
3 11 171
11 3 171
3 7 143
7 3 143
3 49 985
49 3 985
3 45 173
45 3 173
3 26 304
26 3 304
3 40 186
40 3 186
3 36 82
36 3 82
3 26 787
26 3 787
3 38 362
38 3 362
3 36 327
36 3 327
3 36 174
36 3 174
3 24 682
24 3 682
3 29 57
29 3 57
3 10 580
10 3 580
3 30 52
30 3 52
3 75 934
75 3 934
3 28 925
28 3 925
3 50 954
50 3 954
3 18 84
18 3 84
4 12 791
12 4 791
4 19 958
19 4 958
4 28 859
28 4 859
4 36 116
36 4 116
4 39 220
39 4 220
4 55 867
55 4 867
4 64 949
64 4 949
4 75 822
75 4 822
4 42 825
42 4 825
4 30 976
30 4 976
4 82 184
82 4 184
4 53 902
53 4 902
4 49 438
49 4 438
4 15 410
15 4 410
4 64 327
64 4 327
4 44 443
44 4 443
4 41 796
41 4 796
4 57 633
57 4 633
4 6 145
6 4 145
4 51 126
51 4 126
4 62 896
62 4 896
4 31 927
31 4 927
5 10 177
10 5 177
5 13 36
13 5 36
5 29 676
29 5 676
5 60 691
60 5 691
5 81 17
81 5 17
5 42 643
42 5 643
5 30 301
30 5 301
5 75 874
75 5 874
5 44 505
44 5 505
5 39 165
39 5 165
5 51 2
51 5 2
5 29 93
29 5 93
6 7 865
7 6 865
6 8 270
8 6 270
6 18 347
18 6 347
6 37 917
37 6 917
6 52 368
52 6 368
6 43 674
43 6 674
6 10 186
10 6 186
6 81 114
81 6 114
6 65 946
65 6 946
6 73 68
73 6 68
6 34 78
34 6 78
6 45 250
45 6 250
6 73 982
73 6 982
6 8 678
8 6 678
6 46 97
46 6 97
7 25 367
25 7 367
7 49 843
49 7 843
7 61 700
61 7 700
7 26 873
26 7 873
7 27 758
27 7 758
7 62 113
62 7 113
7 82 580
82 7 580
7 43 949
43 7 949
7 54 481
54 7 481
7 41 788
41 7 788
7 26 954
26 7 954
8 17 751
17 8 751
8 67 823
67 8 823
8 75 474
75 8 474
8 83 306
83 8 306
8 58 389
58 8 389
8 13 383
13 8 383
8 41 853
41 8 853
8 23 648
23 8 648
8 15 325
15 8 325
8 69 153
69 8 153
8 65 448
65 8 448
8 11 678
11 8 678
8 63 478
63 8 478
9 21 958
21 9 958
9 80 35
80 9 35
9 39 685
39 9 685
9 70 473
70 9 473
9 26 136
26 9 136
9 44 14
44 9 14
9 74 525
74 9 525
9 51 618
51 9 618
9 17 291
17 9 291
9 46 52
46 9 52
9 83 206
83 9 206
9 43 569
43 9 569
10 16 861
16 10 861
10 46 736
46 10 736
10 33 291
33 10 291
10 30 235
30 10 235
10 82 399
82 10 399
10 14 10
14 10 10
10 53 408
53 10 408
10 57 924
57 10 924
10 21 886
21 10 886
10 54 180
54 10 180
10 78 451
78 10 451
10 71 493
71 10 493
10 18 307
18 10 307
10 44 212
44 10 212
10 71 153
71 10 153
10 51 315
51 10 315
11 30 610
30 11 610
11 19 862
19 11 862
11 16 662
16 11 662
11 82 942
82 11 942
11 20 105
20 11 105
11 50 317
50 11 317
11 26 422
26 11 422
11 71 211
71 11 211
11 24 821
24 11 821
11 80 181
80 11 181
11 40 50
40 11 50
11 28 381
28 11 381
11 44 754
44 11 754
11 51 836
51 11 836
11 47 251
47 11 251
11 74 188
74 11 188
12 26 878
26 12 878
12 35 892
35 12 892
12 58 201
58 12 201
12 63 708
63 12 708
12 30 607
30 12 607
12 33 62
33 12 62
12 82 38
82 12 38
12 26 458
26 12 458
12 48 907
48 12 907
12 36 561
36 12 561
12 62 774
62 12 774
12 62 341
62 12 341
12 42 898
42 12 898
12 31 285
31 12 285
12 19 644
19 12 644
12 59 460
59 12 460
13 14 261
14 13 261
13 15 645
15 13 645
13 45 613
45 13 613
13 69 476
69 13 476
13 56 842
56 13 842
13 32 721
32 13 721
13 83 351
83 13 351
13 61 987
61 13 987
13 21 504
21 13 504
13 50 262
50 13 262
13 20 186
20 13 186
13 79 771
79 13 771
13 69 440
69 13 440
13 83 468
83 13 468
14 34 276
34 14 276
14 37 808
37 14 808
14 39 755
39 14 755
14 79 781
79 14 781
14 50 136
50 14 136
14 59 964
59 14 964
14 53 461
53 14 461
14 70 568
70 14 568
14 22 616
22 14 616
14 61 550
61 14 550
14 79 788
79 14 788
14 71 536
71 14 536
14 48 668
48 14 668
14 65 296
65 14 296
14 18 156
18 14 156
14 59 351
59 14 351
15 24 921
24 15 921
15 40 57
40 15 57
15 28 202
28 15 202
15 61 585
61 15 585
15 81 440
81 15 440
15 44 263
44 15 263
15 19 124
19 15 124
15 58 107
58 15 107
15 29 962
29 15 962
15 32 461
32 15 461
15 80 690
80 15 690
15 35 215
35 15 215
15 25 918
25 15 918
16 33 675
33 16 675
16 44 175
44 16 175
16 51 409
51 16 409
16 20 550
20 16 550
16 77 909
77 16 909
16 56 372
56 16 372
16 42 472
42 16 472
16 66 500
66 16 500
16 40 881
40 16 881
16 49 3
49 16 3
16 20 428
20 16 428
16 27 801
27 16 801
16 61 730
61 16 730
17 32 646
32 17 646
17 79 930
79 17 930
17 74 476
74 17 476
17 69 201
69 17 201
17 51 143
51 17 143
17 35 466
35 17 466
17 29 448
29 17 448
17 60 72
60 17 72
17 46 796
46 17 796
17 78 19
78 17 19
17 79 353
79 17 353
17 24 317
24 17 317
17 55 535
55 17 535
17 21 125
21 17 125
18 22 102
22 18 102
18 80 292
80 18 292
18 60 90
60 18 90
18 51 863
51 18 863
18 75 104
75 18 104
18 45 440
45 18 440
18 43 140
43 18 140
18 70 831
70 18 831
18 34 611
34 18 611
18 81 760
81 18 760
18 21 165
21 18 165
19 23 107
23 19 107
19 43 290
43 19 290
19 49 954
49 19 954
19 56 197
56 19 197
19 24 951
24 19 951
19 27 509
27 19 509
19 25 492
25 19 492
19 62 564
62 19 564
19 51 339
51 19 339
19 34 819
34 19 819
19 27 58
27 19 58
19 46 898
46 19 898
19 33 310
33 19 310
19 81 459
81 19 459
19 69 873
69 19 873
19 64 766
64 19 766
19 49 802
49 19 802
19 54 704
54 19 704
20 70 266
70 20 266
20 36 41
36 20 41
20 32 236
32 20 236
20 22 827
22 20 827
20 70 559
70 20 559
20 42 6
42 20 6
20 73 829
73 20 829
20 63 142
63 20 142
20 62 985
62 20 985
20 38 532
38 20 532
21 61 155
61 21 155
21 35 169
35 21 169
21 74 363
74 21 363
21 49 80
49 21 80
21 57 628
57 21 628
21 81 267
81 21 267
21 56 971
56 21 971
21 36 404
36 21 404
21 56 756
56 21 756
21 55 647
55 21 647
21 56 497
56 21 497
22 48 410
48 22 410
22 25 796
25 22 796
22 44 660
44 22 660
22 71 909
71 22 909
22 82 573
82 22 573
22 58 937
58 22 937
22 59 147
59 22 147
22 34 850
34 22 850
22 44 930
44 22 930
22 52 164
52 22 164
22 68 422
68 22 422
23 27 725
27 23 725
23 57 184
57 23 184
23 63 722
63 23 722
23 77 762
77 23 762
23 47 593
47 23 593
23 59 918
59 23 918
23 73 4
73 23 4
23 32 503
32 23 503
23 36 634
36 23 634
24 32 132
32 24 132
24 50 652
50 24 652
24 39 476
39 24 476
24 42 721
42 24 721
24 31 971
31 24 971
24 66 390
66 24 390
24 53 24
53 24 24
25 31 161
31 25 161
25 44 90
44 25 90
25 41 701
41 25 701
25 66 76
66 25 76
25 73 734
73 25 734
25 61 518
61 25 518
25 27 229
27 25 229
26 77 111
77 26 111
26 51 997
51 26 997
26 37 179
37 26 179
26 70 263
70 26 263
26 68 161
68 26 161
26 48 504
48 26 504
26 80 611
80 26 611
26 48 420
48 26 420
27 49 218
49 27 218
27 43 950
43 27 950
27 37 289
37 27 289
27 29 956
29 27 956
27 27 446
27 27 446
27 39 938
39 27 938
27 39 487
39 27 487
27 57 422
57 27 422
27 80 999
80 27 999
28 32 780
32 28 780
28 68 291
68 28 291
28 71 81
71 28 81
28 80 582
80 28 582
28 72 779
72 28 779
28 56 141
56 28 141
28 66 360
66 28 360
28 42 455
42 28 455
28 30 9
30 28 9
28 38 97
38 28 97
28 69 843
69 28 843
28 43 117
43 28 117
29 58 306
58 29 306
29 63 691
63 29 691
29 29 724
29 29 724
29 58 423
58 29 423
29 79 545
79 29 545
29 42 44
42 29 44
29 36 444
36 29 444
29 36 890
36 29 890
29 43 647
43 29 647
29 56 613
56 29 613
29 30 173
30 29 173
29 80 186
80 29 186
29 49 703
49 29 703
29 74 353
74 29 353
30 53 408
53 30 408
30 69 60
69 30 60
30 31 890
31 30 890
30 51 214
51 30 214
30 61 12
61 30 12
30 63 672
63 30 672
30 72 277
72 30 277
30 65 490
65 30 490
30 57 992
57 30 992
31 50 920
50 31 920
31 83 795
83 31 795
31 64 963
64 31 963
31 75 975
75 31 975
31 77 889
77 31 889
31 67 934
67 31 934
31 83 568
83 31 568
31 78 562
78 31 562
31 56 600
56 31 600
31 48 297
48 31 297
32 49 427
49 32 427
32 79 160
79 32 160
32 74 733
74 32 733
32 57 382
57 32 382
32 67 742
67 32 742
32 74 12
74 32 12
32 71 899
71 32 899
32 65 505
65 32 505
32 56 660
56 32 660
32 77 805
77 32 805
33 35 944
35 33 944
33 39 44
39 33 44
33 55 684
55 33 684
33 58 92
58 33 92
33 82 509
82 33 509
33 73 275
73 33 275
33 81 394
81 33 394
33 78 362
78 33 362
33 68 637
68 33 637
34 38 547
38 34 547
34 42 821
42 34 821
34 60 453
60 34 453
34 73 373
73 34 373
34 35 20
35 34 20
34 71 297
71 34 297
34 43 317
43 34 317
34 49 136
49 34 136
34 71 909
71 34 909
34 73 486
73 34 486
34 44 705
44 34 705
34 78 909
78 34 909
35 73 236
73 35 236
35 62 245
62 35 245
35 82 164
82 35 164
35 80 691
80 35 691
35 41 415
41 35 415
35 71 393
71 35 393
35 56 63
56 35 63
35 39 720
39 35 720
35 76 213
76 35 213
35 52 348
52 35 348
35 75 745
75 35 745
35 61 699
61 35 699
35 51 162
51 35 162
36 75 343
75 36 343
36 79 948
79 36 948
36 77 455
77 36 455
36 43 87
43 36 87
36 79 892
79 36 892
36 77 432
77 36 432
36 39 351
39 36 351
36 74 554
74 36 554
36 54 356
54 36 356
36 71 774
71 36 774
36 68 411
68 36 411
37 41 98
41 37 98
37 78 166
78 37 166
37 79 11
79 37 11
37 71 123
71 37 123
37 57 439
57 37 439
37 81 208
81 37 208
37 62 875
62 37 875
37 49 153
49 37 153
37 63 596
63 37 596
37 74 454
74 37 454
37 78 491
78 37 491
37 66 574
66 37 574
38 56 982
56 38 982
38 59 899
59 38 899
38 78 801
78 38 801
38 55 540
55 38 540
38 75 194
75 38 194
38 68 797
68 38 797
38 53 370
53 38 370
39 69 233
69 39 233
39 47 953
47 39 953
39 65 55
65 39 55
39 41 966
41 39 966
39 63 968
63 39 968
39 44 800
44 39 800
40 82 141
82 40 141
40 71 989
71 40 989
40 44 294
44 40 294
40 78 593
78 40 593
40 59 983
59 40 983
40 44 132
44 40 132
40 51 976
51 40 976
40 71 212
71 40 212
40 65 446
65 40 446
40 66 97
66 40 97
40 68 900
68 40 900
40 68 931
68 40 931
40 63 713
63 40 713
41 66 333
66 41 333
41 59 154
59 41 154
41 75 262
75 41 262
41 53 997
53 41 997
41 41 532
41 41 532
41 44 221
44 41 221
41 69 427
69 41 427
42 47 204
47 42 204
42 76 988
76 42 988
42 82 693
82 42 693
42 61 634
61 42 634
42 79 920
79 42 920
42 48 182
48 42 182
42 82 26
82 42 26
42 69 865
69 42 865
43 75 623
75 43 623
43 59 388
59 43 388
43 45 210
45 43 210
43 73 539
73 43 539
43 46 99
46 43 99
43 76 121
76 43 121
44 60 169
60 44 169
44 58 31
58 44 31
44 51 591
51 44 591
44 51 895
51 44 895
44 61 518
61 44 518
44 47 758
47 44 758
44 71 754
71 44 754
44 75 409
75 44 409
45 51 424
51 45 424
45 68 831
68 45 831
45 63 76
63 45 76
45 80 370
80 45 370
45 64 33
64 45 33
45 75 429
75 45 429
45 71 177
71 45 177
46 54 468
54 46 468
46 50 698
50 46 698
46 82 569
82 46 569
46 60 18
60 46 18
46 76 876
76 46 876
46 49 660
49 46 660
46 51 657
51 46 657
46 58 592
58 46 592
47 53 671
53 47 671
47 71 563
71 47 563
47 68 623
68 47 623
47 76 248
76 47 248
47 69 481
69 47 481
47 67 62
67 47 62
47 74 72
74 47 72
48 62 773
62 48 773
48 72 800
72 48 800
48 70 204
70 48 204
48 56 54
56 48 54
48 70 671
70 48 671
48 63 538
63 48 538
48 60 744
60 48 744
48 75 657
75 48 657
48 64 66
64 48 66
49 78 871
78 49 871
49 56 987
56 49 987
49 64 915
64 49 915
50 74 482
74 50 482
50 63 346
63 50 346
50 77 758
77 50 758
50 72 490
72 50 490
50 62 78
62 50 78
51 52 441
52 51 441
51 54 613
54 51 613
51 66 870
66 51 870
51 81 623
81 51 623
51 72 379
72 51 379
51 74 462
74 51 462
52 65 430
65 52 430
52 58 649
58 52 649
52 53 533
53 52 533
52 76 664
76 52 664
52 72 845
72 52 845
52 63 957
63 52 957
53 72 512
72 53 512
53 57 134
57 53 134
53 64 680
64 53 680
53 80 634
80 53 634
53 82 294
82 53 294
53 72 507
72 53 507
54 74 356
74 54 356
54 77 512
77 54 512
54 71 323
71 54 323
54 56 222
56 54 222
54 77 164
77 54 164
55 74 236
74 55 236
55 69 567
69 55 567
55 56 955
56 55 955
55 81 50
81 55 50
55 82 445
82 55 445
55 63 221
63 55 221
55 82 318
82 55 318
56 63 390
63 56 390
56 70 246
70 56 246
56 61 288
61 56 288
56 69 853
69 56 853
57 83 920
83 57 920
57 71 76
71 57 76
57 80 485
80 57 485
57 66 199
66 57 199
57 73 189
73 57 189
58 60 779
60 58 779
58 66 990
66 58 990
58 61 156
61 58 156
59 79 62
79 59 62
59 79 801
79 59 801
59 60 775
60 59 775
59 62 650
62 59 650
59 74 336
74 59 336
59 80 139
80 59 139
59 64 15
64 59 15
60 76 422
76 60 422
60 66 464
66 60 464
61 65 379
65 61 379
61 78 233
78 61 233
62 82 775
82 62 775
63 70 291
70 63 291
63 81 288
81 63 288
64 80 188
80 64 188
64 74 163
74 64 163
65 81 985
81 65 985
65 83 728
83 65 728
65 65 978
65 65 978
65 75 749
75 65 749
65 67 480
67 65 480
65 82 799
82 65 799
65 73 917
73 65 917
66 80 437
80 66 437
67 73 276
73 67 276
67 78 979
78 67 979
67 72 956
72 67 956
67 73 819
73 67 819
68 73 758
73 68 758
68 81 673
81 68 673
68 74 163
74 68 163
68 77 163
77 68 163
68 70 529
70 68 529
69 69 794
69 69 794
69 74 674
74 69 674
69 83 477
83 69 477
69 79 227
79 69 227
69 73 76
73 69 76
70 74 390
74 70 390
70 74 15
74 70 15
70 81 400
81 70 400
70 72 542
72 70 542
70 76 389
76 70 389
70 77 187
77 70 187
71 81 763
81 71 763
71 83 680
83 71 680
71 78 426
78 71 426
71 76 448
76 71 448
72 76 868
76 72 868
72 79 464
79 72 464
72 75 344
75 72 344
73 74 786
74 73 786
73 76 590
76 73 590
73 83 533
83 73 533
74 80 298
80 74 298
75 83 970
83 75 970
75 80 346
80 75 346
76 79 174
79 76 174
76 81 61
81 76 61
76 80 110
80 76 110
77 82 263
82 77 263
80 82 182
82 80 182
