78

0 1 599
1 0 599
0 18 135
18 0 135
0 76 544
76 0 544
0 18 717
18 0 717
0 23 287
23 0 287
0 17 125
17 0 125
0 0 287
0 0 287
0 77 271
77 0 271
0 14 935
14 0 935
0 31 200
31 0 200
0 18 508
18 0 508
0 54 719
54 0 719
0 74 773
74 0 773
0 54 953
54 0 953
0 65 669
65 0 669
0 65 790
65 0 790
0 59 330
59 0 330
0 33 675
33 0 675
1 2 301
2 1 301
1 12 584
12 1 584
1 41 333
41 1 333
1 42 811
42 1 811
1 76 601
76 1 601
1 67 833
67 1 833
1 65 910
65 1 910
1 45 83
45 1 83
1 28 269
28 1 269
1 74 964
74 1 964
1 37 739
37 1 739
1 21 567
21 1 567
1 76 26
76 1 26
1 77 696
77 1 696
1 64 934
64 1 934
1 73 490
73 1 490
1 73 115
73 1 115
1 12 443
12 1 443
1 43 520
43 1 520
1 69 890
69 1 890
1 6 123
6 1 123
1 65 382
65 1 382
2 3 489
3 2 489
2 6 814
6 2 814
2 16 340
16 2 340
2 71 450
71 2 450
2 44 616
44 2 616
2 17 626
17 2 626
2 57 528
57 2 528
2 54 161
54 2 161
2 23 954
23 2 954
3 4 939
4 3 939
3 10 844
10 3 844
3 14 612
14 3 612
3 15 294
15 3 294
3 17 977
17 3 977
3 47 670
47 3 670
3 10 753
10 3 753
3 39 242
39 3 242
3 31 620
31 3 620
3 50 538
50 3 538
3 16 971
16 3 971
3 8 976
8 3 976
3 39 603
39 3 603
3 58 421
58 3 421
3 73 124
73 3 124
4 5 59
5 4 59
4 7 945
7 4 945
4 9 449
9 4 449
4 50 433
50 4 433
4 54 19
54 4 19
4 48 475
48 4 475
4 53 570
53 4 570
4 76 998
76 4 998
4 74 80
74 4 80
4 30 449
30 4 449
4 69 832
69 4 832
5 8 187
8 5 187
5 25 703
25 5 703
5 28 385
28 5 385
5 64 330
64 5 330
5 26 543
26 5 543
5 47 554
47 5 554
5 56 883
56 5 883
5 48 4
48 5 4
5 54 84
54 5 84
5 58 322
58 5 322
5 33 240
33 5 240
5 43 884
43 5 884
5 25 669
25 5 669
5 71 987
71 5 987
6 29 264
29 6 264
6 32 395
32 6 395
6 60 506
60 6 506
6 11 375
11 6 375
6 25 108
25 6 108
6 66 879
66 6 879
6 37 484
37 6 484
6 38 776
38 6 776
6 23 751
23 6 751
6 18 221
18 6 221
7 11 660
11 7 660
7 13 591
13 7 591
7 21 282
21 7 282
7 73 811
73 7 811
7 17 329
17 7 329
7 45 436
45 7 436
7 36 546
36 7 546
7 69 636
69 7 636
7 64 253
64 7 253
7 33 336
33 7 336
7 71 943
71 7 943
7 51 159
51 7 159
7 64 345
64 7 345
7 14 596
14 7 596
7 73 468
73 7 468
7 30 785
30 7 785
7 36 144
36 7 144
7 8 960
8 7 960
7 73 733
73 7 733
8 47 419
47 8 419
8 67 765
67 8 765
8 22 276
22 8 276
8 40 336
40 8 336
8 34 285
34 8 285
8 59 700
59 8 700
8 21 377
21 8 377
8 69 793
69 8 793
8 16 745
16 8 745
8 63 512
63 8 512
8 56 906
56 8 906
8 55 965
55 8 965
8 24 828
24 8 828
8 59 629
59 8 629
8 52 877
52 8 877
8 67 415
67 8 415
8 17 602
17 8 602
8 29 945
29 8 945
9 36 637
36 9 637
9 29 978
29 9 978
9 69 480
69 9 480
9 47 557
47 9 557
9 18 635
18 9 635
9 72 483
72 9 483
9 73 918
73 9 918
10 27 141
27 10 141
10 15 279
15 10 279
10 73 688
73 10 688
10 21 537
21 10 537
10 64 718
64 10 718
10 74 992
74 10 992
10 68 647
68 10 647
10 54 222
54 10 222
10 25 245
25 10 245
10 58 63
58 10 63
10 51 825
51 10 825
10 77 575
77 10 575
10 42 895
42 10 895
10 24 754
24 10 754
10 13 567
13 10 567
11 20 783
20 11 783
11 72 751
72 11 751
11 66 842
66 11 842
11 50 744
50 11 744
11 54 333
54 11 333
11 76 318
76 11 318
11 21 589
21 11 589
11 31 221
31 11 221
11 63 983
63 11 983
11 15 437
15 11 437
11 11 751
11 11 751
11 37 304
37 11 304
11 41 104
41 11 104
11 45 28
45 11 28
12 36 703
36 12 703
12 73 888
73 12 888
12 34 175
34 12 175
12 45 545
45 12 545
12 75 505
75 12 505
12 57 56
57 12 56
12 59 763
59 12 763
12 29 925
29 12 925
12 50 316
50 12 316
12 59 210
59 12 210
12 51 722
51 12 722
13 16 421
16 13 421
13 70 603
70 13 603
13 57 845
57 13 845
13 47 265
47 13 265
13 23 871
23 13 871
13 32 281
32 13 281
13 45 744
45 13 744
13 15 101
15 13 101
13 20 542
20 13 542
13 44 399
44 13 399
14 52 647
52 14 647
14 58 888
58 14 888
14 54 549
54 14 549
14 46 638
46 14 638
14 42 312
42 14 312
14 26 615
26 14 615
14 50 305
50 14 305
14 46 16
46 14 16
14 30 82
30 14 82
15 19 729
19 15 729
15 30 88
30 15 88
15 64 879
64 15 879
15 43 599
43 15 599
15 74 892
74 15 892
15 24 799
24 15 799
15 24 398
24 15 398
15 77 374
77 15 374
15 15 537
15 15 537
15 51 459
51 15 459
16 36 374
36 16 374
16 58 579
58 16 579
16 66 813
66 16 813
16 60 273
60 16 273
16 51 203
51 16 203
16 38 812
38 16 812
16 23 913
23 16 913
16 66 196
66 16 196
16 55 966
55 16 966
16 61 778
61 16 778
16 62 798
62 16 798
16 77 432
77 16 432
17 69 704
69 17 704
17 39 746
39 17 746
17 41 856
41 17 856
17 24 96
24 17 96
17 48 828
48 17 828
17 64 594
64 17 594
17 48 365
48 17 365
17 62 977
62 17 977
17 74 569
74 17 569
17 41 942
41 17 942
18 23 372
23 18 372
18 33 677
33 18 677
18 44 961
44 18 961
18 59 271
59 18 271
18 19 378
19 18 378
18 44 870
44 18 870
18 61 341
61 18 341
18 44 127
44 18 127
18 20 529
20 18 529
18 25 204
25 18 204
18 23 538
23 18 538
18 47 313
47 18 313
19 48 10
48 19 10
19 67 163
67 19 163
19 20 957
20 19 957
19 21 12
21 19 12
19 70 889
70 19 889
19 58 884
58 19 884
19 76 685
76 19 685
19 19 928
19 19 928
19 39 977
39 19 977
19 34 857
34 19 857
19 34 859
34 19 859
19 32 539
32 19 539
20 22 873
22 20 873
20 59 539
59 20 539
20 74 42
74 20 42
20 43 247
43 20 247
20 29 772
29 20 772
20 45 24
45 20 24
20 51 260
51 20 260
20 44 448
44 20 448
20 67 207
67 20 207
20 41 940
41 20 940
20 55 709
55 20 709
20 54 564
54 20 564
20 66 17
66 20 17
20 54 330
54 20 330
20 49 263
49 20 263
20 32 14
32 20 14
20 55 561
55 20 561
21 45 810
45 21 810
21 69 437
69 21 437
21 68 364
68 21 364
21 39 627
39 21 627
21 34 340
34 21 340
21 52 232
52 21 232
21 73 691
73 21 691
21 64 874
64 21 874
22 66 465
66 22 465
22 27 766
27 22 766
22 31 114
31 22 114
22 35 343
35 22 343
22 36 981
36 22 981
22 52 417
52 22 417
22 44 277
44 22 277
22 71 520
71 22 520
23 24 561
24 23 561
23 34 935
34 23 935
23 46 907
46 23 907
23 40 934
40 23 934
23 53 922
53 23 922
23 55 818
55 23 818
23 57 635
57 23 635
23 61 466
61 23 466
23 43 65
43 23 65
23 77 698
77 23 698
23 46 97
46 23 97
24 31 70
31 24 70
24 65 714
65 24 714
24 62 259
62 24 259
24 70 790
70 24 790
24 50 215
50 24 215
24 29 365
29 24 365
24 55 146
55 24 146
24 62 496
62 24 496
24 56 183
56 24 183
24 39 377
39 24 377
24 69 481
69 24 481
24 75 381
75 24 381
25 26 745
26 25 745
25 37 503
37 25 503
25 39 146
39 25 146
25 44 253
44 25 253
25 73 790
73 25 790
25 26 795
26 25 795
25 46 717
46 25 717
25 49 635
49 25 635
26 55 24
55 26 24
26 60 893
60 26 893
26 28 36
28 26 36
26 47 431
47 26 431
26 47 116
47 26 116
26 31 404
31 26 404
26 55 280
55 26 280
26 58 16
58 26 16
26 62 760
62 26 760
26 46 322
46 26 322
26 32 757
32 26 757
27 59 665
59 27 665
27 36 643
36 27 643
27 47 800
47 27 800
27 69 650
69 27 650
27 32 373
32 27 373
27 34 26
34 27 26
27 56 455
56 27 455
27 35 17
35 27 17
28 30 646
30 28 646
28 51 5
51 28 5
28 62 469
62 28 469
28 77 527
77 28 527
28 47 450
47 28 450
28 73 742
73 28 742
28 51 368
51 28 368
28 44 694
44 28 694
28 52 28
52 28 28
28 55 576
55 28 576
28 62 280
62 28 280
28 62 10
62 28 10
29 49 891
49 29 891
29 54 376
54 29 376
29 31 41
31 29 41
29 44 162
44 29 162
29 41 159
41 29 159
29 64 261
64 29 261
29 45 772
45 29 772
29 65 192
65 29 192
29 31 542
31 29 542
29 50 662
50 29 662
29 65 323
65 29 323
29 45 731
45 29 731
30 43 65
43 30 65
30 40 913
40 30 913
30 44 316
44 30 316
30 34 767
34 30 767
30 55 510
55 30 510
30 43 218
43 30 218
30 73 572
73 30 572
30 60 488
60 30 488
30 41 157
41 30 157
30 50 608
50 30 608
30 55 789
55 30 789
30 64 949
64 30 949
31 47 622
47 31 622
31 44 963
44 31 963
32 35 696
35 32 696
32 53 307
53 32 307
32 59 549
59 32 549
32 62 59
62 32 59
32 73 202
73 32 202
32 63 252
63 32 252
32 73 967
73 32 967
32 75 425
75 32 425
32 72 116
72 32 116
33 40 774
40 33 774
33 71 983
71 33 983
33 38 12
38 33 12
33 69 781
69 33 781
33 59 821
59 33 821
33 60 928
60 33 928
33 76 850
76 33 850
33 49 5
49 33 5
33 69 594
69 33 594
33 45 798
45 33 798
33 52 723
52 33 723
33 63 138
63 33 138
33 58 925
58 33 925
34 68 880
68 34 880
34 41 843
41 34 843
34 62 253
62 34 253
35 57 399
57 35 399
35 68 23
68 35 23
35 60 978
60 35 978
35 48 238
48 35 238
35 62 681
62 35 681
35 67 384
67 35 384
36 38 513
38 36 513
36 63 137
63 36 137
36 41 959
41 36 959
36 69 100
69 36 100
36 50 265
50 36 265
36 58 608
58 36 608
36 43 70
43 36 70
36 49 778
49 36 778
37 43 263
43 37 263
37 55 76
55 37 76
37 58 860
58 37 860
37 70 856
70 37 856
38 51 185
51 38 185
38 59 817
59 38 817
38 63 468
63 38 468
38 57 599
57 38 599
39 54 817
54 39 817
39 63 214
63 39 214
39 63 246
63 39 246
39 58 285
58 39 285
39 39 676
39 39 676
39 66 419
66 39 419
39 53 34
53 39 34
39 40 877
40 39 877
39 57 661
57 39 661
39 48 996
48 39 996
39 75 183
75 39 183
39 40 898
40 39 898
40 70 561
70 40 561
40 43 679
43 40 679
40 70 145
70 40 145
40 68 302
68 40 302
40 55 356
55 40 356
41 48 337
48 41 337
41 58 577
58 41 577
41 53 24
53 41 24
42 59 609
59 42 609
42 76 741
76 42 741
42 48 114
48 42 114
42 64 439
64 42 439
42 67 842
67 42 842
42 75 917
75 42 917
42 62 445
62 42 445
43 63 777
63 43 777
43 69 898
69 43 898
43 50 977
50 43 977
43 49 721
49 43 721
43 54 478
54 43 478
43 66 229
66 43 229
43 69 935
69 43 935
44 56 561
56 44 561
44 63 185
63 44 185
44 71 432
71 44 432
44 57 142
57 44 142
44 58 31
58 44 31
44 62 402
62 44 402
44 60 843
60 44 843
45 54 755
54 45 755
45 65 138
65 45 138
45 70 484
70 45 484
46 47 99
47 46 99
46 55 563
55 46 563
46 55 537
55 46 537
46 55 677
55 46 677
46 60 993
60 46 993
47 70 158
70 47 158
47 59 909
59 47 909
47 64 270
64 47 270
48 77 678
77 48 678
48 56 948
56 48 948
48 50 546
50 48 546
48 53 175
53 48 175
48 74 605
74 48 605
49 72 561
72 49 561
49 51 292
51 49 292
49 57 930
57 49 930
49 67 150
67 49 150
49 64 912
64 49 912
49 75 64
75 49 64
49 59 931
59 49 931
49 77 802
77 49 802
49 76 993
76 49 993
50 77 654
77 50 654
50 74 352
74 50 352
50 52 261
52 50 261
50 60 26
60 50 26
50 58 90
58 50 90
50 52 260
52 50 260
51 71 188
71 51 188
52 74 464
74 52 464
52 75 158
75 52 158
52 73 342
73 52 342
52 63 644
63 52 644
53 59 936
59 53 936
53 65 216
65 53 216
53 59 682
59 53 682
53 60 538
60 53 538
53 76 512
76 53 512
54 76 40
76 54 40
54 70 744
70 54 744
54 74 525
74 54 525
54 63 284
63 54 284
55 72 457
72 55 457
55 67 583
67 55 583
55 70 208
70 55 208
56 66 980
66 56 980
56 68 977
68 56 977
57 61 516
61 57 516
57 66 403
66 57 403
57 73 389
73 57 389
58 61 525
61 58 525
58 75 363
75 58 363
58 62 180
62 58 180
58 65 792
65 58 792
58 65 892
65 58 892
58 76 245
76 58 245
59 72 992
72 59 992
59 67 81
67 59 81
60 68 62
68 60 62
60 68 423
68 60 423
60 76 130
76 60 130
61 65 949
65 61 949
61 68 743
68 61 743
61 67 49
67 61 49
62 70 507
70 62 507
62 66 773
66 62 773
63 75 65
75 63 65
64 74 531
74 64 531
64 74 797
74 64 797
65 70 533
70 65 533
65 71 456
71 65 456
65 71 116
71 65 116
65 73 353
73 65 353
66 74 992
74 66 992
66 77 81
77 66 81
66 69 670
69 66 670
67 73 734
73 67 734
67 73 405
73 67 405
68 74 813
74 68 813
69 71 347
71 69 347
70 77 631
77 70 631
71 71 498
71 71 498
72 72 122
72 72 122
74 77 149
77 74 149
