46

0 1 901
1 0 901
0 3 194
3 0 194
0 4 809
4 0 809
0 11 456
11 0 456
0 1 254
1 0 254
0 41 167
41 0 167
0 13 218
13 0 218
0 45 248
45 0 248
0 1 127
1 0 127
0 40 119
40 0 119
0 4 360
4 0 360
0 5 228
5 0 228
0 25 6
25 0 6
0 45 665
45 0 665
0 31 874
31 0 874
0 37 439
37 0 439
0 27 641
27 0 641
0 18 60
18 0 60
0 27 968
27 0 968
0 13 885
13 0 885
0 35 443
35 0 443
0 19 282
19 0 282
0 6 294
6 0 294
0 11 298
11 0 298
0 38 243
38 0 243
0 18 357
18 0 357
1 2 778
2 1 778
1 13 19
13 1 19
1 20 935
20 1 935
1 18 95
18 1 95
1 35 39
35 1 39
1 31 682
31 1 682
1 9 751
9 1 751
1 29 57
29 1 57
1 21 755
21 1 755
1 35 26
35 1 26
1 29 600
29 1 600
1 12 106
12 1 106
1 42 214
42 1 214
1 5 811
5 1 811
1 22 250
22 1 250
1 39 489
39 1 489
1 44 48
44 1 48
1 44 877
44 1 877
1 45 131
45 1 131
1 8 243
8 1 243
1 9 258
9 1 258
1 28 629
28 1 629
1 42 143
42 1 143
1 22 771
22 1 771
1 25 202
25 1 202
1 27 68
27 1 68
1 41 184
41 1 184
1 17 323
17 1 323
1 31 304
31 1 304
1 9 553
9 1 553
1 36 462
36 1 462
1 25 867
25 1 867
1 23 722
23 1 722
1 27 483
27 1 483
1 19 69
19 1 69
1 39 621
39 1 621
1 44 793
44 1 793
1 40 457
40 1 457
1 19 166
19 1 166
1 30 859
30 1 859
2 5 509
5 2 509
2 19 515
19 2 515
2 10 476
10 2 476
2 35 788
35 2 788
2 11 430
11 2 430
2 30 227
30 2 227
2 19 925
19 2 925
2 25 94
25 2 94
2 35 436
35 2 436
2 45 932
45 2 932
2 12 256
12 2 256
2 26 462
26 2 462
2 4 104
4 2 104
2 15 239
15 2 239
2 31 385
31 2 385
2 42 704
42 2 704
2 32 560
32 2 560
2 8 51
8 2 51
2 45 559
45 2 559
2 18 968
18 2 968
2 38 818
38 2 818
2 45 76
45 2 76
2 30 274
30 2 274
2 17 536
17 2 536
2 38 540
38 2 540
2 4 703
4 2 703
2 7 714
7 2 714
2 28 693
28 2 693
2 5 438
5 2 438
2 39 166
39 2 166
2 22 508
22 2 508
2 26 334
26 2 334
2 45 711
45 2 711
2 12 112
12 2 112
2 45 300
45 2 300
2 5 480
5 2 480
2 10 437
10 2 437
2 8 655
8 2 655
2 12 312
12 2 312
3 6 613
6 3 613
3 9 736
9 3 736
3 35 792
35 3 792
3 9 843
9 3 843
3 40 512
40 3 512
3 37 260
37 3 260
3 11 517
11 3 517
3 31 769
31 3 769
3 20 792
20 3 792
3 43 60
43 3 60
3 18 342
18 3 342
3 29 424
29 3 424
3 16 481
16 3 481
3 35 435
35 3 435
3 29 234
29 3 234
3 29 920
29 3 920
3 22 754
22 3 754
3 3 372
3 3 372
3 27 2
27 3 2
3 12 331
12 3 331
3 31 544
31 3 544
3 34 635
34 3 635
3 32 402
32 3 402
3 34 468
34 3 468
3 38 475
38 3 475
3 10 921
10 3 921
3 12 749
12 3 749
3 42 798
42 3 798
3 27 317
27 3 317
3 43 806
43 3 806
3 11 959
11 3 959
3 25 925
25 3 925
3 38 842
38 3 842
3 7 976
7 3 976
3 45 162
45 3 162
3 39 894
39 3 894
3 23 491
23 3 491
3 43 930
43 3 930
3 22 29
22 3 29
3 14 491
14 3 491
3 21 729
21 3 729
4 8 253
8 4 253
4 21 844
21 4 844
4 31 738
31 4 738
4 18 876
18 4 876
4 25 838
25 4 838
4 26 716
26 4 716
4 18 485
18 4 485
4 35 278
35 4 278
4 28 293
28 4 293
4 31 305
31 4 305
4 24 936
24 4 936
4 10 843
10 4 843
4 23 372
23 4 372
4 12 137
12 4 137
4 16 435
16 4 435
4 24 919
24 4 919
4 27 500
27 4 500
4 34 13
34 4 13
4 10 564
10 4 564
4 8 543
8 4 543
4 9 914
9 4 914
4 27 311
27 4 311
4 36 815
36 4 815
4 9 454
9 4 454
4 32 795
32 4 795
4 40 846
40 4 846
4 31 551
31 4 551
4 22 587
22 4 587
4 40 249
40 4 249
4 27 14
27 4 14
4 16 938
16 4 938
4 38 263
38 4 263
5 7 460
7 5 460
5 36 393
36 5 393
5 34 193
34 5 193
5 35 596
35 5 596
5 45 502
45 5 502
5 12 171
12 5 171
5 23 889
23 5 889
5 32 85
32 5 85
5 38 639
38 5 639
5 15 280
15 5 280
5 15 989
15 5 989
5 42 151
42 5 151
5 44 80
44 5 80
5 10 468
10 5 468
5 42 879
42 5 879
5 26 835
26 5 835
5 38 78
38 5 78
5 41 98
41 5 98
5 10 158
10 5 158
5 24 319
24 5 319
5 10 141
10 5 141
5 38 67
38 5 67
5 22 847
22 5 847
5 35 803
35 5 803
5 28 377
28 5 377
5 14 675
14 5 675
5 34 716
34 5 716
5 42 264
42 5 264
5 7 208
7 5 208
6 15 100
15 6 100
6 42 825
42 6 825
6 10 970
10 6 970
6 29 18
29 6 18
6 44 238
44 6 238
6 33 818
33 6 818
6 12 755
12 6 755
6 25 769
25 6 769
6 38 278
38 6 278
6 27 960
27 6 960
6 24 80
24 6 80
6 28 453
28 6 453
6 27 853
27 6 853
6 39 306
39 6 306
6 19 150
19 6 150
6 45 184
45 6 184
6 6 776
6 6 776
6 33 640
33 6 640
6 11 201
11 6 201
6 31 163
31 6 163
6 25 22
25 6 22
6 28 492
28 6 492
6 15 949
15 6 949
6 21 110
21 6 110
6 20 591
20 6 591
6 17 920
17 6 920
6 25 625
25 6 625
6 8 611
8 6 611
6 24 129
24 6 129
6 12 511
12 6 511
6 27 27
27 6 27
6 23 97
23 6 97
6 45 807
45 6 807
7 16 930
16 7 930
7 26 371
26 7 371
7 36 228
36 7 228
7 24 132
24 7 132
7 37 881
37 7 881
7 14 58
14 7 58
7 15 780
15 7 780
7 9 490
9 7 490
7 17 10
17 7 10
7 12 759
12 7 759
7 25 847
25 7 847
7 17 14
17 7 14
7 28 818
28 7 818
7 7 580
7 7 580
7 42 963
42 7 963
7 20 331
20 7 331
7 14 863
14 7 863
7 12 26
12 7 26
7 14 182
14 7 182
7 42 44
42 7 44
7 35 847
35 7 847
7 42 990
42 7 990
7 9 267
9 7 267
7 27 944
27 7 944
7 26 444
26 7 444
7 28 605
28 7 605
7 22 626
22 7 626
7 10 583
10 7 583
7 11 11
11 7 11
7 21 896
21 7 896
7 45 118
45 7 118
8 10 865
10 8 865
8 25 976
25 8 976
8 33 869
33 8 869
8 45 212
45 8 212
8 39 30
39 8 30
8 44 655
44 8 655
8 21 43
21 8 43
8 32 679
32 8 679
8 29 639
29 8 639
8 35 516
35 8 516
8 30 255
30 8 255
8 40 181
40 8 181
8 37 515
37 8 515
8 42 648
42 8 648
8 18 173
18 8 173
8 37 43
37 8 43
8 42 177
42 8 177
8 23 776
23 8 776
8 11 536
11 8 536
8 14 786
14 8 786
8 25 472
25 8 472
8 28 13
28 8 13
8 41 359
41 8 359
8 39 937
39 8 937
8 43 57
43 8 57
8 39 588
39 8 588
8 43 656
43 8 656
8 9 435
9 8 435
8 25 967
25 8 967
8 35 267
35 8 267
8 38 995
38 8 995
8 9 124
9 8 124
8 25 754
25 8 754
9 14 23
14 9 23
9 37 998
37 9 998
9 38 335
38 9 335
9 31 594
31 9 594
9 29 472
29 9 472
9 11 625
11 9 625
9 13 377
13 9 377
9 36 756
36 9 756
9 28 476
28 9 476
9 36 916
36 9 916
9 16 621
16 9 621
9 38 307
38 9 307
9 32 606
32 9 606
9 34 648
34 9 648
9 38 278
38 9 278
9 32 581
32 9 581
9 20 278
20 9 278
9 45 654
45 9 654
9 18 150
18 9 150
9 15 739
15 9 739
9 26 608
26 9 608
9 22 36
22 9 36
9 27 474
27 9 474
9 25 483
25 9 483
9 43 355
43 9 355
9 39 40
39 9 40
9 31 156
31 9 156
9 24 470
24 9 470
9 36 551
36 9 551
10 12 555
12 10 555
10 18 855
18 10 855
10 10 432
10 10 432
10 15 589
15 10 589
10 26 206
26 10 206
10 18 301
18 10 301
10 41 421
41 10 421
10 34 785
34 10 785
10 10 947
10 10 947
10 29 449
29 10 449
10 43 656
43 10 656
10 24 11
24 10 11
10 25 676
25 10 676
10 24 955
24 10 955
10 41 229
41 10 229
10 35 295
35 10 295
10 39 813
39 10 813
10 21 498
21 10 498
10 23 391
23 10 391
10 29 272
29 10 272
10 31 809
31 10 809
10 44 270
44 10 270
10 41 187
41 10 187
10 42 798
42 10 798
10 23 970
23 10 970
10 11 417
11 10 417
11 17 876
17 11 876
11 22 437
22 11 437
11 33 921
33 11 921
11 41 705
41 11 705
11 18 78
18 11 78
11 32 710
32 11 710
11 44 211
44 11 211
11 25 435
25 11 435
11 15 480
15 11 480
11 43 356
43 11 356
11 26 110
26 11 110
11 44 874
44 11 874
11 40 748
40 11 748
11 41 667
41 11 667
11 28 148
28 11 148
11 13 50
13 11 50
11 13 109
13 11 109
11 17 766
17 11 766
11 12 74
12 11 74
11 31 715
31 11 715
11 24 470
24 11 470
11 36 709
36 11 709
11 24 229
24 11 229
12 30 608
30 12 608
12 15 606
15 12 606
12 13 48
13 12 48
12 45 376
45 12 376
12 20 467
20 12 467
12 32 938
32 12 938
12 16 519
16 12 519
12 31 527
31 12 527
12 35 393
35 12 393
12 34 636
34 12 636
12 24 728
24 12 728
12 37 520
37 12 520
12 40 739
40 12 739
12 16 659
16 12 659
12 42 92
42 12 92
12 45 4
45 12 4
12 18 819
18 12 819
12 16 470
16 12 470
12 26 645
26 12 645
12 38 809
38 12 809
12 29 831
29 12 831
12 31 535
31 12 535
12 33 733
33 12 733
12 14 770
14 12 770
12 12 349
12 12 349
12 13 390
13 12 390
13 27 210
27 13 210
13 28 349
28 13 349
13 14 936
14 13 936
13 44 24
44 13 24
13 33 297
33 13 297
13 19 619
19 13 619
13 29 864
29 13 864
13 38 470
38 13 470
13 40 797
40 13 797
13 33 495
33 13 495
13 41 727
41 13 727
13 29 617
29 13 617
13 38 181
38 13 181
13 15 509
15 13 509
13 40 70
40 13 70
13 45 910
45 13 910
13 16 850
16 13 850
13 43 14
43 13 14
13 40 870
40 13 870
13 24 197
24 13 197
13 38 705
38 13 705
13 41 99
41 13 99
13 22 329
22 13 329
13 33 468
33 13 468
13 44 958
44 13 958
13 37 47
37 13 47
13 37 372
37 13 372
13 37 749
37 13 749
13 42 137
42 13 137
13 37 65
37 13 65
14 21 577
21 14 577
14 30 7
30 14 7
14 24 95
24 14 95
14 24 151
24 14 151
14 18 404
18 14 404
14 38 58
38 14 58
14 33 587
33 14 587
14 36 392
36 14 392
14 30 657
30 14 657
14 39 369
39 14 369
14 27 961
27 14 961
14 22 114
22 14 114
14 41 948
41 14 948
14 42 756
42 14 756
14 22 503
22 14 503
14 28 819
28 14 819
14 29 518
29 14 518
14 31 951
31 14 951
14 14 95
14 14 95
14 28 571
28 14 571
14 22 734
22 14 734
14 17 697
17 14 697
14 36 47
36 14 47
14 22 49
22 14 49
15 24 685
24 15 685
15 16 540
16 15 540
15 43 447
43 15 447
15 17 116
17 15 116
15 23 555
23 15 555
15 25 319
25 15 319
15 25 473
25 15 473
15 25 539
25 15 539
15 35 654
35 15 654
15 36 640
36 15 640
15 20 217
20 15 217
15 43 625
43 15 625
15 24 647
24 15 647
15 18 764
18 15 764
15 37 756
37 15 756
15 23 909
23 15 909
15 18 95
18 15 95
15 25 604
25 15 604
15 28 473
28 15 473
15 18 160
18 15 160
15 21 362
21 15 362
15 35 138
35 15 138
15 30 184
30 15 184
15 22 200
22 15 200
15 37 710
37 15 710
15 24 22
24 15 22
15 19 326
19 15 326
15 26 540
26 15 540
15 34 54
34 15 54
15 45 882
45 15 882
15 39 279
39 15 279
15 21 288
21 15 288
15 29 1
29 15 1
15 25 185
25 15 185
15 21 901
21 15 901
16 41 194
41 16 194
16 36 755
36 16 755
16 17 116
17 16 116
16 23 348
23 16 348
16 35 745
35 16 745
16 25 870
25 16 870
16 38 206
38 16 206
16 34 97
34 16 97
16 21 271
21 16 271
16 31 868
31 16 868
16 22 664
22 16 664
16 28 404
28 16 404
16 32 792
32 16 792
16 35 487
35 16 487
16 36 356
36 16 356
16 23 810
23 16 810
16 36 738
36 16 738
16 32 727
32 16 727
16 35 33
35 16 33
17 20 342
20 17 342
17 28 270
28 17 270
17 39 886
39 17 886
17 22 199
22 17 199
17 18 517
18 17 517
17 42 303
42 17 303
17 21 582
21 17 582
17 31 806
31 17 806
17 37 824
37 17 824
17 41 541
41 17 541
17 42 434
42 17 434
17 22 263
22 17 263
17 28 446
28 17 446
17 36 9
36 17 9
17 26 943
26 17 943
17 27 402
27 17 402
17 37 36
37 17 36
17 38 53
38 17 53
17 25 974
25 17 974
17 33 981
33 17 981
17 27 472
27 17 472
18 23 654
23 18 654
18 31 515
31 18 515
18 34 403
34 18 403
18 26 214
26 18 214
18 38 381
38 18 381
18 19 840
19 18 840
18 38 248
38 18 248
18 33 557
33 18 557
18 19 75
19 18 75
18 38 444
38 18 444
18 40 495
40 18 495
18 39 743
39 18 743
18 37 796
37 18 796
18 20 115
20 18 115
19 19 632
19 19 632
19 41 753
41 19 753
19 32 362
32 19 362
19 43 565
43 19 565
19 24 322
24 19 322
19 44 532
44 19 532
19 24 456
24 19 456
19 25 47
25 19 47
19 38 188
38 19 188
19 32 617
32 19 617
19 34 547
34 19 547
19 35 758
35 19 758
19 32 209
32 19 209
19 35 477
35 19 477
19 38 942
38 19 942
19 23 388
23 19 388
19 27 972
27 19 972
20 23 694
23 20 694
20 39 733
39 20 733
20 30 310
30 20 310
20 41 532
41 20 532
20 45 147
45 20 147
20 27 626
27 20 626
20 28 567
28 20 567
20 20 809
20 20 809
20 31 62
31 20 62
20 25 669
25 20 669
20 30 402
30 20 402
20 26 470
26 20 470
20 23 347
23 20 347
20 28 634
28 20 634
20 41 134
41 20 134
20 39 673
39 20 673
20 29 819
29 20 819
20 29 150
29 20 150
20 39 73
39 20 73
20 40 736
40 20 736
20 27 625
27 20 625
20 45 348
45 20 348
20 22 219
22 20 219
20 42 842
42 20 842
20 44 35
44 20 35
21 25 207
25 21 207
21 25 340
25 21 340
21 25 724
25 21 724
21 35 291
35 21 291
21 29 721
29 21 721
21 32 762
32 21 762
21 45 488
45 21 488
21 38 67
38 21 67
21 45 942
45 21 942
21 22 775
22 21 775
21 26 973
26 21 973
21 29 39
29 21 39
21 28 628
28 21 628
21 34 543
34 21 543
21 25 67
25 21 67
21 22 242
22 21 242
21 43 428
43 21 428
21 26 596
26 21 596
21 45 4
45 21 4
21 31 871
31 21 871
21 30 957
30 21 957
22 26 897
26 22 897
22 28 314
28 22 314
22 25 573
25 22 573
22 24 557
24 22 557
22 24 667
24 22 667
22 42 902
42 22 902
22 30 759
30 22 759
22 38 100
38 22 100
22 34 498
34 22 498
22 30 111
30 22 111
22 25 525
25 22 525
22 25 987
25 22 987
22 28 411
28 22 411
22 23 365
23 22 365
22 25 719
25 22 719
22 26 31
26 22 31
22 27 107
27 22 107
22 37 726
37 22 726
23 32 803
32 23 803
23 39 171
39 23 171
23 45 190
45 23 190
23 34 571
34 23 571
23 33 67
33 23 67
23 27 469
27 23 469
23 32 518
32 23 518
23 36 370
36 23 370
23 27 871
27 23 871
23 36 940
36 23 940
23 37 931
37 23 931
23 36 588
36 23 588
23 26 144
26 23 144
23 34 449
34 23 449
23 42 498
42 23 498
23 35 478
35 23 478
23 44 930
44 23 930
23 29 384
29 23 384
24 40 570
40 24 570
24 24 458
24 24 458
24 27 752
27 24 752
24 41 490
41 24 490
24 31 82
31 24 82
24 34 383
34 24 383
24 29 571
29 24 571
24 35 23
35 24 23
24 32 611
32 24 611
24 33 991
33 24 991
24 42 319
42 24 319
24 24 490
24 24 490
24 26 702
26 24 702
24 32 931
32 24 931
24 33 819
33 24 819
24 39 965
39 24 965
24 41 770
41 24 770
24 25 275
25 24 275
24 31 943
31 24 943
24 24 352
24 24 352
25 35 377
35 25 377
25 44 614
44 25 614
25 44 158
44 25 158
25 25 627
25 25 627
25 31 991
31 25 991
25 42 732
42 25 732
25 33 216
33 25 216
25 26 954
26 25 954
25 45 663
45 25 663
25 45 441
45 25 441
25 39 416
39 25 416
25 26 931
26 25 931
26 38 876
38 26 876
26 41 509
41 26 509
26 36 864
36 26 864
26 44 303
44 26 303
26 27 435
27 26 435
26 26 272
26 26 272
26 32 68
32 26 68
26 42 641
42 26 641
26 35 948
35 26 948
26 42 385
42 26 385
26 41 268
41 26 268
26 28 354
28 26 354
26 42 988
42 26 988
26 34 633
34 26 633
26 29 760
29 26 760
26 40 540
40 26 540
26 31 957
31 26 957
27 40 632
40 27 632
27 42 866
42 27 866
27 37 225
37 27 225
27 31 468
31 27 468
27 37 569
37 27 569
27 39 130
39 27 130
27 27 188
27 27 188
27 45 931
45 27 931
27 28 642
28 27 642
27 32 262
32 27 262
27 42 373
42 27 373
27 35 155
35 27 155
27 45 328
45 27 328
27 36 314
36 27 314
27 38 869
38 27 869
28 29 231
29 28 231
28 40 581
40 28 581
28 34 895
34 28 895
28 30 405
30 28 405
28 32 371
32 28 371
28 38 527
38 28 527
28 45 644
45 28 644
28 43 782
43 28 782
28 31 640
31 28 640
28 41 756
41 28 756
28 43 459
43 28 459
28 38 476
38 28 476
28 38 80
38 28 80
29 45 907
45 29 907
29 31 475
31 29 475
29 35 137
35 29 137
29 37 870
37 29 870
29 31 744
31 29 744
29 35 895
35 29 895
29 42 27
42 29 27
29 42 834
42 29 834
29 35 372
35 29 372
29 44 743
44 29 743
29 35 855
35 29 855
29 38 503
38 29 503
29 37 74
37 29 74
29 30 858
30 29 858
29 40 292
40 29 292
30 44 613
44 30 613
30 36 724
36 30 724
30 39 814
39 30 814
30 43 632
43 30 632
30 34 479
34 30 479
30 31 482
31 30 482
30 43 198
43 30 198
30 38 502
38 30 502
31 42 195
42 31 195
31 44 308
44 31 308
31 43 147
43 31 147
31 32 425
32 31 425
31 37 949
37 31 949
31 39 471
39 31 471
31 34 597
34 31 597
31 39 262
39 31 262
31 38 142
38 31 142
32 38 591
38 32 591
32 45 289
45 32 289
32 41 671
41 32 671
32 43 837
43 32 837
32 34 276
34 32 276
32 39 688
39 32 688
32 32 75
32 32 75
32 35 622
35 32 622
32 44 212
44 32 212
32 35 937
35 32 937
32 36 634
36 32 634
33 34 475
34 33 475
33 39 555
39 33 555
33 33 996
33 33 996
33 38 292
38 33 292
33 38 449
38 33 449
33 42 605
42 33 605
33 41 809
41 33 809
33 39 772
39 33 772
33 42 828
42 33 828
33 35 468
35 33 468
33 40 340
40 33 340
33 44 226
44 33 226
33 42 163
42 33 163
33 45 98
45 33 98
33 37 421
37 33 421
33 41 54
41 33 54
34 37 433
37 34 433
34 41 315
41 34 315
34 44 90
44 34 90
34 41 108
41 34 108
34 45 946
45 34 946
34 37 693
37 34 693
34 45 619
45 34 619
34 44 938
44 34 938
35 42 423
42 35 423
35 43 795
43 35 795
35 41 136
41 35 136
35 43 990
43 35 990
35 40 401
40 35 401
35 45 931
45 35 931
35 45 36
45 35 36
35 41 748
41 35 748
35 44 946
44 35 946
35 41 172
41 35 172
35 42 527
42 35 527
35 39 339
39 35 339
35 45 355
45 35 355
36 44 490
44 36 490
36 40 90
40 36 90
36 44 449
44 36 449
36 38 198
38 36 198
36 41 14
41 36 14
36 45 594
45 36 594
36 37 586
37 36 586
36 37 246
37 36 246
37 43 338
43 37 338
37 37 151
37 37 151
37 42 408
42 37 408
37 37 908
37 37 908
37 45 840
45 37 840
37 41 321
41 37 321
37 45 925
45 37 925
37 42 236
42 37 236
37 38 629
38 37 629
37 39 746
39 37 746
37 41 53
41 37 53
38 43 965
43 38 965
38 43 41
43 38 41
38 40 653
40 38 653
38 44 709
44 38 709
38 39 631
39 38 631
38 45 63
45 38 63
38 40 268
40 38 268
38 39 686
39 38 686
38 45 484
45 38 484
39 39 157
39 39 157
39 40 629
40 39 629
39 41 442
41 39 442
39 43 315
43 39 315
39 44 44
44 39 44
39 45 760
45 39 760
39 42 264
42 39 264
39 44 604
44 39 604
40 45 589
45 40 589
40 45 178
45 40 178
40 42 534
42 40 534
40 41 651
41 40 651
40 42 608
42 40 608
40 42 150
42 40 150
40 41 774
41 40 774
40 42 555
42 40 555
41 43 467
43 41 467
41 43 170
43 41 170
41 44 537
44 41 537
41 45 140
45 41 140
41 43 946
43 41 946
41 43 475
43 41 475
42 45 107
45 42 107
42 43 419
43 42 419
42 42 460
42 42 460
42 44 606
44 42 606
42 45 68
45 42 68
42 43 566
43 42 566
43 44 204
44 43 204
43 44 233
44 43 233
