91

0 1 443
1 0 443
0 2 814
2 0 814
0 4 935
4 0 935
0 10 918
10 0 918
0 15 208
15 0 208
0 44 115
44 0 115
0 69 341
69 0 341
0 76 112
76 0 112
0 40 925
40 0 925
0 65 697
65 0 697
0 23 602
23 0 602
0 28 344
28 0 344
0 64 47
64 0 47
0 81 319
81 0 319
0 39 229
39 0 229
0 34 542
34 0 542
0 26 223
26 0 223
1 3 514
3 1 514
1 9 695
9 1 695
1 11 784
11 1 784
1 27 793
27 1 793
1 39 11
39 1 11
1 66 535
66 1 535
1 11 475
11 1 475
1 9 194
9 1 194
1 3 334
3 1 334
1 52 737
52 1 737
1 34 213
34 1 213
1 81 494
81 1 494
1 3 958
3 1 958
1 85 95
85 1 95
1 7 638
7 1 638
1 75 618
75 1 618
1 50 325
50 1 325
1 30 919
30 1 919
1 36 587
36 1 587
2 6 112
6 2 112
2 8 586
8 2 586
2 19 39
19 2 39
2 22 172
22 2 172
2 74 694
74 2 694
2 28 461
28 2 461
2 47 411
47 2 411
2 18 491
18 2 491
2 83 714
83 2 714
2 84 75
84 2 75
3 5 622
5 3 622
3 13 697
13 3 697
3 17 249
17 3 249
3 24 720
24 3 720
3 38 831
38 3 831
3 58 661
58 3 661
3 72 548
72 3 548
3 45 947
45 3 947
3 26 216
26 3 216
3 40 732
40 3 732
3 27 771
27 3 771
3 70 646
70 3 646
3 30 371
30 3 371
3 64 611
64 3 611
3 24 332
24 3 332
3 62 880
62 3 880
3 31 730
31 3 730
3 45 418
45 3 418
4 29 984
29 4 984
4 77 75
77 4 75
4 8 120
8 4 120
4 56 710
56 4 710
4 33 503
33 4 503
4 46 98
46 4 98
4 84 523
84 4 523
4 61 820
61 4 820
4 70 251
70 4 251
4 72 108
72 4 108
4 78 191
78 4 191
4 49 772
49 4 772
4 73 21
73 4 21
4 8 723
8 4 723
4 64 596
64 4 596
5 30 444
30 5 444
5 33 829
33 5 829
5 68 75
68 5 75
5 25 231
25 5 231
5 7 311
7 5 311
5 42 251
42 5 251
5 12 368
12 5 368
5 18 934
18 5 934
5 71 369
71 5 369
5 75 169
75 5 169
5 51 357
51 5 357
5 45 472
45 5 472
6 7 152
7 6 152
6 12 930
12 6 930
6 23 517
23 6 517
6 75 459
75 6 459
6 85 743
85 6 743
6 42 608
42 6 608
6 70 291
70 6 291
6 79 668
79 6 668
6 27 779
27 6 779
6 11 596
11 6 596
6 19 931
19 6 931
6 89 78
89 6 78
6 66 326
66 6 326
6 17 366
17 6 366
7 16 49
16 7 49
7 25 33
25 7 33
7 47 927
47 7 927
7 89 124
89 7 124
7 45 404
45 7 404
7 59 749
59 7 749
7 15 75
15 7 75
7 42 901
42 7 901
7 13 128
13 7 128
7 7 510
7 7 510
7 75 602
75 7 602
8 80 815
80 8 815
8 58 677
58 8 677
8 57 891
57 8 891
8 79 219
79 8 219
8 76 357
76 8 357
8 20 998
20 8 998
8 54 633
54 8 633
8 77 259
77 8 259
8 51 864
51 8 864
9 78 524
78 9 524
9 16 55
16 9 55
9 33 346
33 9 346
9 87 269
87 9 269
9 63 913
63 9 913
9 41 356
41 9 356
9 84 494
84 9 494
9 39 279
39 9 279
9 31 56
31 9 56
10 46 420
46 10 420
10 45 349
45 10 349
10 56 976
56 10 976
10 84 768
84 10 768
10 68 667
68 10 667
10 56 99
56 10 99
10 25 673
25 10 673
10 40 838
40 10 838
10 16 14
16 10 14
10 73 377
73 10 377
10 16 182
16 10 182
11 20 100
20 11 100
11 67 645
67 11 645
11 24 157
24 11 157
11 38 834
38 11 834
11 12 517
12 11 517
11 22 1000
22 11 1000
11 18 443
18 11 443
11 53 813
53 11 813
11 87 707
87 11 707
11 27 745
27 11 745
11 14 568
14 11 568
11 16 955
16 11 955
11 15 914
15 11 914
11 68 456
68 11 456
11 90 194
90 11 194
11 76 209
76 11 209
11 62 58
62 11 58
11 40 973
40 11 973
11 57 458
57 11 458
11 34 836
34 11 836
11 42 337
42 11 337
12 14 168
14 12 168
12 86 370
86 12 370
12 80 607
80 12 607
12 24 841
24 12 841
12 90 58
90 12 58
13 18 312
18 13 312
13 35 556
35 13 556
13 40 33
40 13 33
13 54 180
54 13 180
13 25 971
25 13 971
13 53 242
53 13 242
13 59 777
59 13 777
13 56 412
56 13 412
13 73 269
73 13 269
13 31 209
31 13 209
13 31 828
31 13 828
13 78 537
78 13 537
13 40 560
40 13 560
13 62 61
62 13 61
13 52 408
52 13 408
14 32 229
32 14 229
14 61 9
61 14 9
14 84 959
84 14 959
14 84 54
84 14 54
14 24 83
24 14 83
14 29 193
29 14 193
14 86 915
86 14 915
14 44 310
44 14 310
14 34 580
34 14 580
14 21 437
21 14 437
15 21 596
21 15 596
15 63 268
63 15 268
15 65 797
65 15 797
15 79 256
79 15 256
15 37 410
37 15 410
15 48 779
48 15 779
15 40 840
40 15 840
15 65 112
65 15 112
15 73 282
73 15 282
15 33 295
33 15 295
15 54 661
54 15 661
15 54 511
54 15 511
16 22 447
22 16 447
16 64 676
64 16 676
16 83 835
83 16 835
16 40 773
40 16 773
16 39 396
39 16 396
16 47 571
47 16 571
16 80 49
80 16 49
16 28 608
28 16 608
17 88 877
88 17 877
17 74 458
74 17 458
17 59 384
59 17 384
17 85 438
85 17 438
18 74 887
74 18 887
18 34 231
34 18 231
18 84 132
84 18 132
18 31 538
31 18 538
18 47 616
47 18 616
18 51 619
51 18 619
18 26 692
26 18 692
18 67 768
67 18 768
18 74 980
74 18 980
18 35 262
35 18 262
19 28 595
28 19 595
19 76 174
76 19 174
19 84 292
84 19 292
19 51 337
51 19 337
19 38 686
38 19 686
19 78 625
78 19 625
19 29 497
29 19 497
19 62 626
62 19 626
19 57 416
57 19 416
19 59 707
59 19 707
19 21 332
21 19 332
20 87 695
87 20 695
20 62 777
62 20 777
20 33 604
33 20 604
20 30 694
30 20 694
20 89 464
89 20 464
21 26 306
26 21 306
21 31 343
31 21 343
21 73 288
73 21 288
21 51 335
51 21 335
21 40 546
40 21 546
22 48 114
48 22 114
22 67 649
67 22 649
22 68 515
68 22 515
22 43 839
43 22 839
22 78 349
78 22 349
22 73 150
73 22 150
22 60 866
60 22 866
22 36 872
36 22 872
22 34 949
34 22 949
22 67 407
67 22 407
22 80 286
80 22 286
22 33 935
33 22 935
22 78 315
78 22 315
22 62 168
62 22 168
23 37 36
37 23 36
23 41 639
41 23 639
23 30 816
30 23 816
23 34 887
34 23 887
23 54 224
54 23 224
23 32 514
32 23 514
23 78 134
78 23 134
23 40 687
40 23 687
23 77 182
77 23 182
24 71 305
71 24 305
24 54 536
54 24 536
24 71 146
71 24 146
24 84 681
84 24 681
24 85 135
85 24 135
24 55 173
55 24 173
24 72 501
72 24 501
24 32 190
32 24 190
24 56 37
56 24 37
24 48 944
48 24 944
24 61 28
61 24 28
25 32 318
32 25 318
25 48 336
48 25 336
25 76 121
76 25 121
25 87 869
87 25 869
25 64 156
64 25 156
25 70 915
70 25 915
25 55 78
55 25 78
25 54 324
54 25 324
25 44 272
44 25 272
25 83 465
83 25 465
25 70 14
70 25 14
25 28 240
28 25 240
26 73 404
73 26 404
26 27 283
27 26 283
26 48 695
48 26 695
26 82 296
82 26 296
27 54 63
54 27 63
27 33 951
33 27 951
27 40 249
40 27 249
27 37 679
37 27 679
28 31 18
31 28 18
28 45 897
45 28 897
28 63 275
63 28 275
28 33 150
33 28 150
28 82 294
82 28 294
29 45 970
45 29 970
29 63 318
63 29 318
29 79 74
79 29 74
29 57 287
57 29 287
30 36 599
36 30 599
30 53 28
53 30 28
30 82 40
82 30 40
30 66 77
66 30 77
30 37 725
37 30 725
30 63 481
63 30 481
30 65 950
65 30 950
30 86 550
86 30 550
30 59 570
59 30 570
30 54 565
54 30 565
31 62 293
62 31 293
31 76 609
76 31 609
32 34 117
34 32 117
32 50 227
50 32 227
32 54 461
54 32 461
32 72 913
72 32 913
32 60 986
60 32 986
32 76 8
76 32 8
32 48 49
48 32 49
32 90 617
90 32 617
33 43 919
43 33 919
33 60 635
60 33 635
33 60 407
60 33 407
33 78 802
78 33 802
33 55 306
55 33 306
33 89 738
89 33 738
33 88 420
88 33 420
33 55 90
55 33 90
33 64 970
64 33 970
33 47 375
47 33 375
33 45 142
45 33 142
34 82 661
82 34 661
34 58 685
58 34 685
34 39 429
39 34 429
34 69 964
69 34 964
34 77 349
77 34 349
34 37 535
37 34 535
34 51 386
51 34 386
35 76 247
76 35 247
35 48 728
48 35 728
36 51 638
51 36 638
36 59 461
59 36 461
36 45 1
45 36 1
36 67 336
67 36 336
36 67 343
67 36 343
36 69 848
69 36 848
36 59 851
59 36 851
36 56 647
56 36 647
36 56 543
56 36 543
36 82 520
82 36 520
37 69 707
69 37 707
37 90 961
90 37 961
37 71 43
71 37 43
38 55 451
55 38 451
38 49 627
49 38 627
38 88 280
88 38 280
38 69 127
69 38 127
38 69 277
69 38 277
38 69 507
69 38 507
39 62 432
62 39 432
39 72 972
72 39 972
39 79 456
79 39 456
39 88 728
88 39 728
39 71 434
71 39 434
39 64 983
64 39 983
39 42 972
42 39 972
39 44 138
44 39 138
39 65 692
65 39 692
40 52 53
52 40 53
40 64 247
64 40 247
40 69 949
69 40 949
40 67 130
67 40 130
40 87 385
87 40 385
40 72 844
72 40 844
40 61 851
61 40 851
40 66 292
66 40 292
40 74 770
74 40 770
41 42 654
42 41 654
41 90 790
90 41 790
41 76 903
76 41 903
42 70 930
70 42 930
42 55 413
55 42 413
42 75 561
75 42 561
42 44 258
44 42 258
43 54 892
54 43 892
43 55 519
55 43 519
44 81 569
81 44 569
44 81 774
81 44 774
44 63 1
63 44 1
45 49 551
49 45 551
45 64 129
64 45 129
45 60 374
60 45 374
45 65 31
65 45 31
45 68 281
68 45 281
45 77 683
77 45 683
45 63 153
63 45 153
45 70 177
70 45 177
45 50 397
50 45 397
46 56 81
56 46 81
46 73 786
73 46 786
46 76 3
76 46 3
46 85 920
85 46 920
46 52 278
52 46 278
46 87 75
87 46 75
46 47 331
47 46 331
47 57 103
57 47 103
47 86 875
86 47 875
47 79 759
79 47 759
47 67 738
67 47 738
47 66 698
66 47 698
47 73 765
73 47 765
47 59 419
59 47 419
47 58 487
58 47 487
47 76 256
76 47 256
48 65 842
65 48 842
48 83 428
83 48 428
48 81 789
81 48 789
49 53 18
53 49 18
49 59 847
59 49 847
49 74 184
74 49 184
49 65 425
65 49 425
49 72 445
72 49 445
49 66 900
66 49 900
50 75 502
75 50 502
50 52 141
52 50 141
51 74 518
74 51 518
51 59 256
59 51 256
51 87 960
87 51 960
52 59 752
59 52 752
52 58 597
58 52 597
52 61 282
61 52 282
52 84 941
84 52 941
52 64 347
64 52 347
52 69 256
69 52 256
52 67 991
67 52 991
53 56 528
56 53 528
53 54 74
54 53 74
53 69 84
69 53 84
53 89 180
89 53 180
54 84 244
84 54 244
54 86 747
86 54 747
54 80 335
80 54 335
54 86 101
86 54 101
55 69 617
69 55 617
55 65 530
65 55 530
56 79 365
79 56 365
56 81 884
81 56 884
56 73 753
73 56 753
56 70 567
70 56 567
57 81 325
81 57 325
57 87 523
87 57 523
57 62 654
62 57 654
57 76 757
76 57 757
57 84 329
84 57 329
57 79 566
79 57 566
58 71 564
71 58 564
58 65 834
65 58 834
58 76 965
76 58 965
58 64 282
64 58 282
58 90 906
90 58 906
59 60 737
60 59 737
59 73 250
73 59 250
59 69 911
69 59 911
59 64 869
64 59 869
60 81 449
81 60 449
60 66 729
66 60 729
60 79 146
79 60 146
61 71 512
71 61 512
61 73 352
73 61 352
61 82 336
82 61 336
62 89 133
89 62 133
62 78 53
78 62 53
62 73 898
73 62 898
63 90 277
90 63 277
63 68 707
68 63 707
63 83 575
83 63 575
63 83 569
83 63 569
63 89 230
89 63 230
64 81 976
81 64 976
64 75 245
75 64 245
64 82 902
82 64 902
64 78 556
78 64 556
64 90 926
90 64 926
65 71 119
71 65 119
65 67 415
67 65 415
65 70 85
70 65 85
65 73 749
73 65 749
66 68 454
68 66 454
66 71 166
71 66 166
66 79 179
79 66 179
67 75 107
75 67 107
67 88 94
88 67 94
67 79 246
79 67 246
67 79 197
79 67 197
67 69 741
69 67 741
68 74 655
74 68 655
68 70 486
70 68 486
69 78 5
78 69 5
69 85 531
85 69 531
70 86 339
86 70 339
71 74 101
74 71 101
72 90 227
90 72 227
73 85 853
85 73 853
73 83 953
83 73 953
73 90 508
90 73 508
74 89 986
89 74 986
74 90 836
90 74 836
75 90 472
90 75 472
75 83 813
83 75 813
75 78 948
78 75 948
76 89 322
89 76 322
76 82 778
82 76 778
76 85 587
85 76 587
78 90 416
90 78 416
78 78 652
78 78 652
78 90 997
90 78 997
80 88 895
88 80 895
82 83 541
83 82 541
82 88 20
88 82 20
82 85 672
85 82 672
84 89 240
89 84 240
86 90 331
90 86 331
