10

0 1 597
1 0 597
0 3 701
3 0 701
0 7 23
7 0 23
0 4 213
4 0 213
0 7 130
7 0 130
0 7 969
7 0 969
1 2 111
2 1 111
1 4 44
4 1 44
1 2 597
2 1 597
1 8 854
8 1 854
1 8 906
8 1 906
1 5 690
5 1 690
2 3 787
3 2 787
2 5 194
5 2 194
2 5 589
5 2 589
2 9 651
9 2 651
2 8 461
8 2 461
2 9 928
9 2 928
2 9 598
9 2 598
2 2 549
2 2 549
3 8 131
8 3 131
3 9 247
9 3 247
3 8 400
8 3 400
3 4 23
4 3 23
3 8 644
8 3 644
3 6 333
6 3 333
3 8 118
8 3 118
3 4 972
4 3 972
3 9 12
9 3 12
3 8 172
8 3 172
4 5 696
5 4 696
4 6 35
6 4 35
4 4 816
4 4 816
4 6 18
6 4 18
4 7 973
7 4 973
4 5 551
5 4 551
5 8 963
8 5 963
5 9 994
9 5 994
6 8 694
8 6 694
6 8 359
8 6 359
6 9 326
9 6 326
6 7 418
7 6 418
6 7 615
7 6 615
9 9 640
9 9 640
9 9 891
9 9 891
