20

0 1 790
1 0 790
0 2 322
2 0 322
0 5 232
5 0 232
0 14 459
14 0 459
0 8 691
8 0 691
0 18 174
18 0 174
0 19 590
19 0 590
1 4 825
4 1 825
1 6 661
6 1 661
2 3 762
3 2 762
2 9 32
9 2 32
2 11 902
11 2 902
2 16 371
16 2 371
3 6 180
6 3 180
3 6 7
6 3 7
3 17 971
17 3 971
4 7 886
7 4 886
4 13 456
13 4 456
4 6 543
6 4 543
4 14 363
14 4 363
5 11 945
11 5 945
5 18 835
18 5 835
5 11 66
11 5 66
5 5 109
5 5 109
6 8 577
8 6 577
6 10 410
10 6 410
7 9 46
9 7 46
7 13 905
13 7 905
7 18 595
18 7 595
8 15 486
15 8 486
9 12 769
12 9 769
9 17 74
17 9 74
9 18 819
18 9 819
10 15 423
15 10 423
13 16 357
16 13 357
13 16 959
16 13 959
15 19 253
19 15 253
15 17 713
17 15 713
17 19 514
19 17 514
19 19 420
19 19 420
