25

0 1 535
1 0 535
0 2 710
2 0 710
0 4 358
4 0 358
0 13 289
13 0 289
0 17 74
17 0 74
0 13 700
13 0 700
0 16 70
16 0 70
0 5 694
5 0 694
0 7 867
7 0 867
0 24 991
24 0 991
0 24 463
24 0 463
0 7 627
7 0 627
0 17 863
17 0 863
0 19 822
19 0 822
0 11 466
11 0 466
0 19 942
19 0 942
1 3 139
3 1 139
1 14 829
14 1 829
1 10 598
10 1 598
1 9 575
9 1 575
1 3 995
3 1 995
1 8 593
8 1 593
1 4 328
4 1 328
1 10 999
10 1 999
1 6 844
6 1 844
1 13 382
13 1 382
1 22 145
22 1 145
1 6 221
6 1 221
1 2 122
2 1 122
1 14 94
14 1 94
1 2 675
2 1 675
1 13 597
13 1 597
1 10 321
10 1 321
2 7 455
7 2 455
2 8 819
8 2 819
2 16 52
16 2 52
2 6 807
6 2 807
2 20 187
20 2 187
2 20 28
20 2 28
2 8 1
8 2 1
2 7 484
7 2 484
2 13 754
13 2 754
2 24 368
24 2 368
2 14 783
14 2 783
2 24 438
24 2 438
2 10 531
10 2 531
3 12 326
12 3 326
3 21 755
21 3 755
3 16 690
16 3 690
3 14 965
14 3 965
3 11 441
11 3 441
3 11 66
11 3 66
3 21 329
21 3 329
3 13 193
13 3 193
3 14 951
14 3 951
3 14 869
14 3 869
3 11 618
11 3 618
3 17 627
17 3 627
4 5 330
5 4 330
4 14 64
14 4 64
4 16 272
16 4 272
4 19 321
19 4 321
4 18 504
18 4 504
4 11 781
11 4 781
4 23 742
23 4 742
4 5 854
5 4 854
4 6 921
6 4 921
4 21 282
21 4 282
4 19 505
19 4 505
4 21 464
21 4 464
4 12 490
12 4 490
4 10 361
10 4 361
4 18 250
18 4 250
4 10 455
10 4 455
4 8 916
8 4 916
4 20 226
20 4 226
4 6 472
6 4 472
4 24 611
24 4 611
4 22 284
22 4 284
5 6 168
6 5 168
5 9 484
9 5 484
5 18 398
18 5 398
5 20 203
20 5 203
5 6 537
6 5 537
5 24 152
24 5 152
5 15 259
15 5 259
5 11 864
11 5 864
5 22 707
22 5 707
5 8 142
8 5 142
5 12 989
12 5 989
5 16 509
16 5 509
5 24 932
24 5 932
5 8 3
8 5 3
5 12 555
12 5 555
5 13 688
13 5 688
5 17 206
17 5 206
5 10 246
10 5 246
6 10 248
10 6 248
6 9 917
9 6 917
6 8 904
8 6 904
6 24 405
24 6 405
6 23 621
23 6 621
6 8 800
8 6 800
6 17 291
17 6 291
6 8 974
8 6 974
6 17 3
17 6 3
6 12 583
12 6 583
6 22 900
22 6 900
6 24 404
24 6 404
6 19 287
19 6 287
7 11 108
11 7 108
7 24 753
24 7 753
7 18 650
18 7 650
7 13 559
13 7 559
7 17 477
17 7 477
7 16 599
16 7 599
7 12 40
12 7 40
7 8 415
8 7 415
7 18 753
18 7 753
8 24 329
24 8 329
8 22 870
22 8 870
8 13 573
13 8 573
8 10 268
10 8 268
8 19 733
19 8 733
8 23 632
23 8 632
8 20 449
20 8 449
8 8 338
8 8 338
8 9 533
9 8 533
8 19 970
19 8 970
8 18 900
18 8 900
9 17 323
17 9 323
9 23 238
23 9 238
9 14 354
14 9 354
9 11 614
11 9 614
9 10 466
10 9 466
9 10 164
10 9 164
9 21 113
21 9 113
10 19 487
19 10 487
10 13 531
13 10 531
10 13 782
13 10 782
10 11 330
11 10 330
10 19 420
19 10 420
10 12 554
12 10 554
10 19 99
19 10 99
10 17 801
17 10 801
10 19 844
19 10 844
10 14 770
14 10 770
10 13 894
13 10 894
10 12 880
12 10 880
10 13 917
13 10 917
11 15 336
15 11 336
11 20 450
20 11 450
11 13 536
13 11 536
11 17 267
17 11 267
11 16 510
16 11 510
11 18 350
18 11 350
11 11 853
11 11 853
11 21 544
21 11 544
12 24 514
24 12 514
12 24 541
24 12 541
12 19 320
19 12 320
12 20 660
20 12 660
12 16 782
16 12 782
12 21 995
21 12 995
12 17 506
17 12 506
12 15 492
15 12 492
12 14 805
14 12 805
12 19 179
19 12 179
12 24 373
24 12 373
13 23 276
23 13 276
13 23 493
23 13 493
13 13 150
13 13 150
13 23 288
23 13 288
13 16 461
16 13 461
13 15 327
15 13 327
13 13 731
13 13 731
13 19 460
19 13 460
13 20 464
20 13 464
13 23 271
23 13 271
13 23 737
23 13 737
14 21 452
21 14 452
14 15 733
15 14 733
14 18 428
18 14 428
15 18 886
18 15 886
15 23 455
23 15 455
15 24 143
24 15 143
15 22 269
22 15 269
15 18 854
18 15 854
15 16 644
16 15 644
15 16 602
16 15 602
15 24 226
24 15 226
15 20 868
20 15 868
15 22 494
22 15 494
16 18 163
18 16 163
16 19 495
19 16 495
16 16 83
16 16 83
16 22 705
22 16 705
17 22 716
22 17 716
17 22 285
22 17 285
17 21 752
21 17 752
18 21 183
21 18 183
18 22 343
22 18 343
18 20 883
20 18 883
18 22 28
22 18 28
18 22 55
22 18 55
18 20 487
20 18 487
18 24 862
24 18 862
19 22 28
22 19 28
19 22 599
22 19 599
19 24 179
24 19 179
20 23 588
23 20 588
21 21 24
21 21 24
21 22 671
22 21 671
21 21 180
21 21 180
21 24 105
24 21 105
21 24 76
24 21 76
21 21 31
21 21 31
