69

0 1 395
1 0 395
0 2 179
2 0 179
0 9 253
9 0 253
0 40 561
40 0 561
0 30 136
30 0 136
0 17 449
17 0 449
0 2 857
2 0 857
0 65 417
65 0 417
0 34 623
34 0 623
0 38 774
38 0 774
0 68 410
68 0 410
0 13 803
13 0 803
0 17 752
17 0 752
0 2 275
2 0 275
0 10 169
10 0 169
0 7 93
7 0 93
0 22 890
22 0 890
0 11 9
11 0 9
0 2 56
2 0 56
0 51 671
51 0 671
0 21 318
21 0 318
0 19 669
19 0 669
0 60 849
60 0 849
0 20 124
20 0 124
0 56 581
56 0 581
0 36 366
36 0 366
1 3 451
3 1 451
1 5 854
5 1 854
1 10 808
10 1 808
1 16 408
16 1 408
1 20 705
20 1 705
1 49 880
49 1 880
1 45 998
45 1 998
1 7 523
7 1 523
1 9 717
9 1 717
1 59 965
59 1 965
1 33 756
33 1 756
1 14 817
14 1 817
1 43 886
43 1 886
1 8 606
8 1 606
1 56 820
56 1 820
1 14 648
14 1 648
1 14 407
14 1 407
1 14 273
14 1 273
1 43 650
43 1 650
1 51 518
51 1 518
1 66 621
66 1 621
1 18 976
18 1 976
1 44 91
44 1 91
2 7 792
7 2 792
2 11 611
11 2 611
2 27 157
27 2 157
2 9 484
9 2 484
2 27 704
27 2 704
2 16 944
16 2 944
2 26 821
26 2 821
2 35 999
35 2 999
2 59 775
59 2 775
2 19 383
19 2 383
2 30 386
30 2 386
2 20 434
20 2 434
2 21 623
21 2 623
2 51 835
51 2 835
2 42 756
42 2 756
2 34 875
34 2 875
2 17 25
17 2 25
2 64 763
64 2 763
2 6 545
6 2 545
2 3 733
3 2 733
2 64 307
64 2 307
2 27 208
27 2 208
3 4 560
4 3 560
3 6 791
6 3 791
3 14 763
14 3 763
3 16 131
16 3 131
3 28 779
28 3 779
3 58 307
58 3 307
3 61 111
61 3 111
3 52 935
52 3 935
3 23 322
23 3 322
3 13 100
13 3 100
3 33 842
33 3 842
3 62 881
62 3 881
3 18 715
18 3 715
3 31 359
31 3 359
3 56 400
56 3 400
3 9 429
9 3 429
3 15 434
15 3 434
3 58 721
58 3 721
3 46 13
46 3 13
3 37 416
37 3 416
3 9 314
9 3 314
3 64 203
64 3 203
3 7 82
7 3 82
3 8 186
8 3 186
3 67 880
67 3 880
3 40 802
40 3 802
4 43 305
43 4 305
4 67 251
67 4 251
4 36 511
36 4 511
4 20 495
20 4 495
4 41 511
41 4 511
4 32 806
32 4 806
4 40 261
40 4 261
4 65 792
65 4 792
4 37 700
37 4 700
4 48 992
48 4 992
4 25 849
25 4 849
4 45 214
45 4 214
4 62 748
62 4 748
4 9 908
9 4 908
4 33 683
33 4 683
4 67 224
67 4 224
4 39 595
39 4 595
4 26 518
26 4 518
4 12 17
12 4 17
4 41 179
41 4 179
4 33 299
33 4 299
4 33 189
33 4 189
4 62 111
62 4 111
4 37 666
37 4 666
4 27 648
27 4 648
4 54 889
54 4 889
5 15 963
15 5 963
5 38 595
38 5 595
5 61 509
61 5 509
5 29 234
29 5 234
5 43 371
43 5 371
5 37 938
37 5 938
5 25 955
25 5 955
5 12 596
12 5 596
5 33 232
33 5 232
5 44 159
44 5 159
5 67 97
67 5 97
5 62 434
62 5 434
5 13 741
13 5 741
5 34 241
34 5 241
5 46 807
46 5 807
5 39 728
39 5 728
5 11 274
11 5 274
5 50 5
50 5 5
5 61 898
61 5 898
6 17 956
17 6 956
6 23 576
23 6 576
6 62 242
62 6 242
6 40 776
40 6 776
6 18 170
18 6 170
6 65 922
65 6 922
6 54 413
54 6 413
6 56 740
56 6 740
6 19 311
19 6 311
6 25 316
25 6 316
6 68 786
68 6 786
6 41 469
41 6 469
6 45 165
45 6 165
6 25 621
25 6 621
6 20 1000
20 6 1000
6 32 127
32 6 127
6 20 322
20 6 322
6 17 351
17 6 351
6 47 674
47 6 674
6 30 8
30 6 8
7 8 467
8 7 467
7 13 266
13 7 266
7 25 135
25 7 135
7 52 210
52 7 210
7 29 933
29 7 933
7 27 592
27 7 592
7 36 193
36 7 193
7 38 239
38 7 239
7 52 386
52 7 386
7 63 574
63 7 574
7 66 384
66 7 384
7 51 873
51 7 873
7 48 306
48 7 306
7 59 228
59 7 228
7 42 957
42 7 957
7 21 190
21 7 190
7 32 185
32 7 185
7 28 606
28 7 606
7 26 770
26 7 770
7 66 940
66 7 940
7 40 376
40 7 376
8 53 572
53 8 572
8 67 499
67 8 499
8 65 737
65 8 737
8 61 439
61 8 439
8 28 44
28 8 44
8 15 624
15 8 624
8 30 865
30 8 865
8 50 692
50 8 692
8 10 469
10 8 469
8 13 452
13 8 452
8 17 918
17 8 918
8 22 443
22 8 443
8 57 46
57 8 46
8 65 586
65 8 586
8 57 466
57 8 466
8 12 108
12 8 108
8 22 547
22 8 547
8 9 194
9 8 194
8 33 411
33 8 411
9 40 960
40 9 960
9 27 764
27 9 764
9 13 79
13 9 79
9 35 346
35 9 346
9 14 365
14 9 365
9 61 129
61 9 129
9 60 200
60 9 200
9 66 125
66 9 125
9 27 214
27 9 214
9 44 251
44 9 251
10 24 934
24 10 934
10 42 266
42 10 266
10 65 742
65 10 742
10 51 74
51 10 74
10 35 495
35 10 495
10 32 498
32 10 498
10 55 802
55 10 802
10 43 181
43 10 181
10 44 761
44 10 761
10 22 544
22 10 544
10 61 571
61 10 571
10 33 660
33 10 660
10 24 998
24 10 998
10 57 73
57 10 73
10 43 801
43 10 801
10 42 260
42 10 260
10 46 222
46 10 222
10 18 191
18 10 191
10 59 44
59 10 44
10 31 653
31 10 653
10 38 907
38 10 907
10 36 590
36 10 590
11 12 188
12 11 188
11 37 668
37 11 668
11 24 258
24 11 258
11 11 244
11 11 244
11 55 716
55 11 716
11 16 301
16 11 301
11 60 730
60 11 730
11 46 803
46 11 803
11 52 782
52 11 782
11 25 873
25 11 873
11 24 397
24 11 397
11 58 52
58 11 52
11 33 644
33 11 644
11 27 891
27 11 891
11 55 162
55 11 162
11 13 321
13 11 321
11 26 487
26 11 487
11 56 767
56 11 767
12 21 762
21 12 762
12 26 175
26 12 175
12 29 80
29 12 80
12 49 335
49 12 335
12 39 550
39 12 550
12 32 182
32 12 182
12 18 590
18 12 590
12 60 598
60 12 598
12 49 164
49 12 164
12 26 119
26 12 119
12 20 188
20 12 188
12 14 632
14 12 632
12 29 700
29 12 700
12 65 712
65 12 712
12 24 71
24 12 71
12 49 337
49 12 337
12 38 74
38 12 74
12 62 180
62 12 180
12 27 147
27 12 147
12 33 718
33 12 718
12 20 261
20 12 261
12 28 598
28 12 598
13 22 978
22 13 978
13 31 534
31 13 534
13 34 882
34 13 882
13 17 242
17 13 242
13 61 959
61 13 959
13 30 422
30 13 422
13 38 142
38 13 142
13 61 864
61 13 864
13 67 632
67 13 632
13 52 769
52 13 769
13 14 107
14 13 107
13 60 897
60 13 897
13 14 522
14 13 522
13 29 938
29 13 938
13 24 462
24 13 462
13 46 262
46 13 262
13 42 787
42 13 787
13 14 939
14 13 939
13 30 759
30 13 759
13 32 957
32 13 957
13 23 729
23 13 729
13 43 529
43 13 529
13 66 905
66 13 905
14 46 394
46 14 394
14 22 771
22 14 771
14 54 129
54 14 129
14 26 409
26 14 409
14 46 517
46 14 517
14 37 869
37 14 869
14 45 126
45 14 126
14 68 729
68 14 729
14 57 414
57 14 414
14 27 408
27 14 408
14 26 879
26 14 879
14 51 751
51 14 751
14 24 499
24 14 499
14 55 776
55 14 776
14 16 264
16 14 264
14 53 789
53 14 789
15 19 971
19 15 971
15 60 21
60 15 21
15 23 871
23 15 871
15 51 786
51 15 786
15 32 107
32 15 107
15 56 602
56 15 602
15 22 514
22 15 514
15 28 626
28 15 626
15 60 892
60 15 892
15 24 420
24 15 420
15 33 599
33 15 599
15 62 583
62 15 583
15 38 783
38 15 783
15 53 235
53 15 235
15 57 397
57 15 397
15 54 27
54 15 27
15 35 899
35 15 899
15 61 663
61 15 663
15 35 786
35 15 786
15 47 754
47 15 754
15 55 111
55 15 111
15 40 722
40 15 722
16 37 236
37 16 236
16 46 895
46 16 895
16 17 526
17 16 526
16 34 115
34 16 115
16 25 878
25 16 878
16 36 981
36 16 981
16 56 151
56 16 151
16 63 120
63 16 120
16 30 477
30 16 477
16 46 382
46 16 382
16 26 108
26 16 108
16 59 926
59 16 926
16 34 323
34 16 323
16 39 17
39 16 17
16 67 335
67 16 335
16 22 134
22 16 134
17 18 37
18 17 37
17 32 150
32 17 150
17 33 125
33 17 125
17 35 277
35 17 277
17 20 933
20 17 933
17 35 70
35 17 70
17 41 913
41 17 913
17 61 803
61 17 803
17 61 31
61 17 31
17 65 644
65 17 644
17 28 461
28 17 461
17 46 980
46 17 980
17 23 94
23 17 94
17 59 245
59 17 245
17 25 938
25 17 938
17 28 270
28 17 270
17 21 82
21 17 82
17 40 725
40 17 725
18 53 560
53 18 560
18 50 180
50 18 180
18 45 2
45 18 2
18 36 673
36 18 673
18 20 386
20 18 386
18 54 248
54 18 248
18 30 547
30 18 547
18 43 299
43 18 299
18 18 62
18 18 62
18 66 258
66 18 258
18 40 110
40 18 110
19 22 101
22 19 101
19 45 850
45 19 850
19 46 703
46 19 703
19 26 927
26 19 927
19 68 333
68 19 333
19 19 328
19 19 328
19 51 304
51 19 304
19 65 98
65 19 98
19 39 437
39 19 437
19 46 191
46 19 191
19 20 897
20 19 897
19 31 305
31 19 305
19 60 263
60 19 263
19 51 352
51 19 352
20 28 502
28 20 502
20 55 740
55 20 740
20 27 71
27 20 71
20 51 163
51 20 163
20 43 211
43 20 211
20 31 735
31 20 735
20 54 94
54 20 94
20 31 838
31 20 838
20 51 98
51 20 98
20 40 692
40 20 692
20 43 439
43 20 439
20 68 75
68 20 75
20 56 905
56 20 905
20 43 156
43 20 156
20 57 376
57 20 376
20 59 477
59 20 477
20 37 779
37 20 779
20 68 41
68 20 41
20 48 569
48 20 569
20 34 92
34 20 92
20 59 142
59 20 142
20 62 73
62 20 73
20 61 836
61 20 836
20 21 923
21 20 923
21 54 932
54 21 932
21 22 578
22 21 578
21 65 439
65 21 439
21 26 508
26 21 508
21 64 312
64 21 312
21 40 817
40 21 817
21 48 694
48 21 694
21 65 831
65 21 831
21 39 45
39 21 45
21 42 271
42 21 271
21 23 318
23 21 318
21 56 67
56 21 67
21 23 331
23 21 331
21 22 364
22 21 364
21 36 780
36 21 780
21 26 262
26 21 262
21 53 732
53 21 732
21 56 608
56 21 608
21 47 579
47 21 579
21 35 467
35 21 467
21 58 606
58 21 606
21 40 960
40 21 960
21 22 732
22 21 732
21 57 290
57 21 290
21 33 351
33 21 351
21 39 300
39 21 300
21 48 384
48 21 384
21 47 373
47 21 373
22 51 977
51 22 977
22 45 648
45 22 648
22 47 2
47 22 2
22 30 430
30 22 430
22 41 84
41 22 84
22 62 514
62 22 514
22 34 5
34 22 5
22 23 355
23 22 355
22 31 31
31 22 31
23 68 204
68 23 204
23 52 192
52 23 192
23 56 587
56 23 587
23 37 976
37 23 976
23 43 443
43 23 443
23 63 284
63 23 284
23 66 554
66 23 554
23 27 2
27 23 2
23 68 393
68 23 393
23 42 722
42 23 722
23 48 384
48 23 384
23 55 481
55 23 481
24 41 999
41 24 999
24 55 306
55 24 306
24 35 930
35 24 930
24 30 1000
30 24 1000
24 64 517
64 24 517
24 50 678
50 24 678
24 64 771
64 24 771
24 38 645
38 24 645
24 34 518
34 24 518
24 29 608
29 24 608
24 49 408
49 24 408
24 58 480
58 24 480
24 36 485
36 24 485
24 45 662
45 24 662
25 61 22
61 25 22
25 34 750
34 25 750
25 68 944
68 25 944
25 45 331
45 25 331
25 34 830
34 25 830
25 27 288
27 25 288
25 58 936
58 25 936
25 35 159
35 25 159
25 64 921
64 25 921
25 49 440
49 25 440
25 57 544
57 25 544
25 62 578
62 25 578
25 31 741
31 25 741
25 51 690
51 25 690
26 37 198
37 26 198
26 35 863
35 26 863
26 50 965
50 26 965
26 29 353
29 26 353
26 27 88
27 26 88
26 40 851
40 26 851
26 38 606
38 26 606
26 28 447
28 26 447
26 33 381
33 26 381
26 41 75
41 26 75
27 56 359
56 27 359
27 38 482
38 27 482
27 39 286
39 27 286
27 66 545
66 27 545
27 45 527
45 27 527
27 53 748
53 27 748
27 36 468
36 27 468
27 56 286
56 27 286
27 48 407
48 27 407
27 53 151
53 27 151
27 37 813
37 27 813
27 31 282
31 27 282
27 62 301
62 27 301
27 32 986
32 27 986
27 48 628
48 27 628
27 56 445
56 27 445
28 37 700
37 28 700
28 50 134
50 28 134
28 51 608
51 28 608
28 34 462
34 28 462
28 32 506
32 28 506
28 67 572
67 28 572
28 42 910
42 28 910
28 63 16
63 28 16
28 35 445
35 28 445
28 46 391
46 28 391
28 48 624
48 28 624
29 30 621
30 29 621
29 64 345
64 29 345
29 63 420
63 29 420
29 52 755
52 29 755
29 45 382
45 29 382
29 40 503
40 29 503
29 43 575
43 29 575
29 57 689
57 29 689
29 37 237
37 29 237
29 59 620
59 29 620
29 59 911
59 29 911
29 42 940
42 29 940
29 33 938
33 29 938
30 46 948
46 30 948
30 57 809
57 30 809
30 51 179
51 30 179
30 34 566
34 30 566
30 37 281
37 30 281
30 54 807
54 30 807
30 56 878
56 30 878
31 44 883
44 31 883
31 47 886
47 31 886
31 60 200
60 31 200
31 49 941
49 31 941
31 64 897
64 31 897
31 65 765
65 31 765
31 61 65
61 31 65
31 53 114
53 31 114
31 34 597
34 31 597
31 38 863
38 31 863
31 65 938
65 31 938
31 63 135
63 31 135
31 48 39
48 31 39
31 42 108
42 31 108
31 32 189
32 31 189
31 50 645
50 31 645
31 58 934
58 31 934
31 64 101
64 31 101
31 57 853
57 31 853
32 67 69
67 32 69
32 59 398
59 32 398
32 48 813
48 32 813
32 68 756
68 32 756
32 56 828
56 32 828
32 63 797
63 32 797
32 61 826
61 32 826
32 44 781
44 32 781
32 38 530
38 32 530
32 44 698
44 32 698
32 67 764
67 32 764
32 62 201
62 32 201
32 54 145
54 32 145
32 63 719
63 32 719
32 45 106
45 32 106
32 35 261
35 32 261
32 42 921
42 32 921
32 61 342
61 32 342
32 59 800
59 32 800
32 64 462
64 32 462
32 60 399
60 32 399
33 39 850
39 33 850
33 61 94
61 33 94
33 49 347
49 33 347
33 34 874
34 33 874
33 39 851
39 33 851
33 38 599
38 33 599
33 55 318
55 33 318
33 45 395
45 33 395
33 67 282
67 33 282
33 65 580
65 33 580
34 35 846
35 34 846
34 61 200
61 34 200
34 39 944
39 34 944
34 57 358
57 34 358
34 39 481
39 34 481
34 48 776
48 34 776
34 42 286
42 34 286
34 51 807
51 34 807
34 50 320
50 34 320
34 38 440
38 34 440
34 34 616
34 34 616
34 54 635
54 34 635
34 62 545
62 34 545
34 47 421
47 34 421
35 36 823
36 35 823
35 61 67
61 35 67
35 45 7
45 35 7
35 53 656
53 35 656
35 58 779
58 35 779
35 59 706
59 35 706
35 36 777
36 35 777
36 66 813
66 36 813
36 41 473
41 36 473
36 47 48
47 36 48
36 45 996
45 36 996
36 66 51
66 36 51
36 50 452
50 36 452
36 57 470
57 36 470
36 42 609
42 36 609
36 46 641
46 36 641
36 48 920
48 36 920
36 58 951
58 36 951
36 58 671
58 36 671
36 53 682
53 36 682
37 38 725
38 37 725
37 37 743
37 37 743
37 51 835
51 37 835
37 44 721
44 37 721
37 44 287
44 37 287
37 51 765
51 37 765
37 61 920
61 37 920
37 64 89
64 37 89
37 67 636
67 37 636
38 62 959
62 38 959
38 45 335
45 38 335
38 48 792
48 38 792
38 64 229
64 38 229
38 68 609
68 38 609
38 66 762
66 38 762
38 51 76
51 38 76
39 62 805
62 39 805
39 46 111
46 39 111
39 61 201
61 39 201
39 56 203
56 39 203
39 52 414
52 39 414
39 44 630
44 39 630
39 62 524
62 39 524
39 46 578
46 39 578
39 58 629
58 39 629
39 49 309
49 39 309
40 64 103
64 40 103
40 41 181
41 40 181
40 65 307
65 40 307
40 66 700
66 40 700
40 54 417
54 40 417
40 59 834
59 40 834
40 45 101
45 40 101
40 49 636
49 40 636
40 60 18
60 40 18
41 45 567
45 41 567
41 54 968
54 41 968
41 45 146
45 41 146
41 44 304
44 41 304
41 49 18
49 41 18
42 65 60
65 42 60
42 64 580
64 42 580
42 49 2
49 42 2
42 48 449
48 42 449
42 46 706
46 42 706
42 55 630
55 42 630
42 61 908
61 42 908
42 68 113
68 42 113
42 59 505
59 42 505
42 46 389
46 42 389
42 46 297
46 42 297
43 48 134
48 43 134
43 49 637
49 43 637
43 50 579
50 43 579
43 43 436
43 43 436
43 55 774
55 43 774
43 56 31
56 43 31
43 54 755
54 43 755
44 53 292
53 44 292
44 64 65
64 44 65
44 65 769
65 44 769
44 58 577
58 44 577
44 67 121
67 44 121
44 53 95
53 44 95
44 67 161
67 44 161
44 48 910
48 44 910
45 59 866
59 45 866
45 68 111
68 45 111
45 54 353
54 45 353
45 67 869
67 45 869
45 47 868
47 45 868
45 49 775
49 45 775
45 67 786
67 45 786
45 58 975
58 45 975
45 50 678
50 45 678
45 56 998
56 45 998
46 48 97
48 46 97
46 65 133
65 46 133
46 48 591
48 46 591
46 55 558
55 46 558
46 50 314
50 46 314
46 65 36
65 46 36
46 65 361
65 46 361
46 66 725
66 46 725
46 59 240
59 46 240
46 58 810
58 46 810
47 65 321
65 47 321
47 62 179
62 47 179
47 53 748
53 47 748
47 65 673
65 47 673
47 59 644
59 47 644
47 49 107
49 47 107
48 49 501
49 48 501
48 63 124
63 48 124
48 49 715
49 48 715
48 55 58
55 48 58
48 64 924
64 48 924
48 60 362
60 48 362
48 52 76
52 48 76
49 52 227
52 49 227
49 67 50
67 49 50
49 67 692
67 49 692
49 67 582
67 49 582
49 58 421
58 49 421
49 50 270
50 49 270
49 60 249
60 49 249
49 55 270
55 49 270
49 68 41
68 49 41
49 65 339
65 49 339
50 50 561
50 50 561
50 54 953
54 50 953
50 66 839
66 50 839
50 63 589
63 50 589
50 52 527
52 50 527
50 59 805
59 50 805
50 56 858
56 50 858
50 55 674
55 50 674
50 61 879
61 50 879
50 62 191
62 50 191
51 65 109
65 51 109
51 57 315
57 51 315
51 64 746
64 51 746
51 61 335
61 51 335
51 66 547
66 51 547
51 63 388
63 51 388
51 64 82
64 51 82
52 64 870
64 52 870
52 55 914
55 52 914
52 67 623
67 52 623
52 55 135
55 52 135
52 55 868
55 52 868
52 56 767
56 52 767
52 57 624
57 52 624
52 63 578
63 52 578
52 57 458
57 52 458
52 55 358
55 52 358
53 57 981
57 53 981
53 54 675
54 53 675
53 58 192
58 53 192
53 68 335
68 53 335
54 66 624
66 54 624
54 67 254
67 54 254
55 56 458
56 55 458
55 58 606
58 55 606
55 65 649
65 55 649
55 55 240
55 55 240
55 67 855
67 55 855
55 68 303
68 55 303
55 56 538
56 55 538
55 62 2
62 55 2
55 62 890
62 55 890
55 55 34
55 55 34
56 63 741
63 56 741
56 65 570
65 56 570
56 59 307
59 56 307
57 65 833
65 57 833
57 66 276
66 57 276
58 64 998
64 58 998
58 63 632
63 58 632
59 63 920
63 59 920
59 64 27
64 59 27
59 68 898
68 59 898
59 64 194
64 59 194
59 61 301
61 59 301
59 64 949
64 59 949
60 65 512
65 60 512
60 63 95
63 60 95
62 66 346
66 62 346
62 64 293
64 62 293
62 63 356
63 62 356
63 67 216
67 63 216
63 68 4
68 63 4
63 65 653
65 63 653
63 67 870
67 63 870
64 66 370
66 64 370
65 68 319
68 65 319
66 66 606
66 66 606
66 68 824
68 66 824
66 67 528
67 66 528
67 68 447
68 67 447
