69

0 1 864
1 0 864
0 2 793
2 0 793
0 16 879
16 0 879
0 57 180
57 0 180
0 16 661
16 0 661
0 39 412
39 0 412
0 47 563
47 0 563
0 10 298
10 0 298
0 53 971
53 0 971
0 15 733
15 0 733
0 55 601
55 0 601
0 59 582
59 0 582
0 56 53
56 0 53
0 68 610
68 0 610
0 38 148
38 0 148
0 52 160
52 0 160
0 44 830
44 0 830
0 11 253
11 0 253
0 56 773
56 0 773
0 22 684
22 0 684
0 18 988
18 0 988
0 43 228
43 0 228
0 18 412
18 0 412
0 30 22
30 0 22
0 40 577
40 0 577
0 59 615
59 0 615
0 25 834
25 0 834
0 48 32
48 0 32
1 3 64
3 1 64
1 4 616
4 1 616
1 5 912
5 1 912
1 11 63
11 1 63
1 13 815
13 1 815
1 21 135
21 1 135
1 65 413
65 1 413
1 23 544
23 1 544
1 62 155
62 1 155
1 9 468
9 1 468
1 42 407
42 1 407
1 25 489
25 1 489
1 29 496
29 1 496
1 8 645
8 1 645
1 48 321
48 1 321
1 26 561
26 1 561
1 20 334
20 1 334
1 23 348
23 1 348
1 26 87
26 1 87
1 58 300
58 1 300
1 7 18
7 1 18
1 17 442
17 1 442
1 1 168
1 1 168
1 43 793
43 1 793
1 28 754
28 1 754
1 29 610
29 1 610
1 49 449
49 1 449
1 57 173
57 1 173
1 4 979
4 1 979
1 61 752
61 1 752
1 13 512
13 1 512
2 6 813
6 2 813
2 10 569
10 2 569
2 48 874
48 2 874
2 62 396
62 2 396
2 32 820
32 2 820
2 19 395
19 2 395
2 7 704
7 2 704
2 38 365
38 2 365
2 62 124
62 2 124
2 11 286
11 2 286
2 22 303
22 2 303
2 53 925
53 2 925
2 39 141
39 2 141
2 17 767
17 2 767
2 14 974
14 2 974
2 58 547
58 2 547
2 60 983
60 2 983
2 58 977
58 2 977
2 31 663
31 2 663
2 36 64
36 2 64
2 62 738
62 2 738
2 63 968
63 2 968
2 5 901
5 2 901
2 33 419
33 2 419
2 45 704
45 2 704
2 34 914
34 2 914
2 14 644
14 2 644
2 21 264
21 2 264
2 12 828
12 2 828
2 51 171
51 2 171
3 8 958
8 3 958
3 16 517
16 3 517
3 12 801
12 3 801
3 22 110
22 3 110
3 39 41
39 3 41
3 51 953
51 3 953
3 39 496
39 3 496
3 44 856
44 3 856
3 64 810
64 3 810
3 48 602
48 3 602
3 25 703
25 3 703
3 26 360
26 3 360
3 49 312
49 3 312
3 67 825
67 3 825
3 33 573
33 3 573
3 64 72
64 3 72
3 64 738
64 3 738
3 49 624
49 3 624
3 16 141
16 3 141
3 21 543
21 3 543
3 5 539
5 3 539
3 21 237
21 3 237
3 56 483
56 3 483
3 9 87
9 3 87
3 17 507
17 3 507
3 51 170
51 3 170
3 10 879
10 3 879
3 37 288
37 3 288
3 6 431
6 3 431
4 7 105
7 4 105
4 14 743
14 4 743
4 39 447
39 4 447
4 19 974
19 4 974
4 34 27
34 4 27
4 29 591
29 4 591
4 59 372
59 4 372
4 4 427
4 4 427
4 55 635
55 4 635
4 54 985
54 4 985
4 63 337
63 4 337
4 50 738
50 4 738
4 39 575
39 4 575
4 39 55
39 4 55
4 42 762
42 4 762
4 68 335
68 4 335
4 45 495
45 4 495
4 32 795
32 4 795
4 41 992
41 4 992
4 39 474
39 4 474
4 46 348
46 4 348
4 57 215
57 4 215
4 50 316
50 4 316
5 12 329
12 5 329
5 11 798
11 5 798
5 47 837
47 5 837
5 36 531
36 5 531
5 23 702
23 5 702
5 37 339
37 5 339
5 43 793
43 5 793
5 6 507
6 5 507
5 52 359
52 5 359
5 45 111
45 5 111
5 41 56
41 5 56
5 9 264
9 5 264
5 39 191
39 5 191
5 38 85
38 5 85
5 23 206
23 5 206
5 14 999
14 5 999
5 50 108
50 5 108
6 9 3
9 6 3
6 14 213
14 6 213
6 50 27
50 6 27
6 47 30
47 6 30
6 56 454
56 6 454
6 57 376
57 6 376
6 68 706
68 6 706
6 67 149
67 6 149
6 43 331
43 6 331
6 24 422
24 6 422
6 12 336
12 6 336
6 19 198
19 6 198
6 31 119
31 6 119
6 58 623
58 6 623
6 39 955
39 6 955
6 51 954
51 6 954
6 54 773
54 6 773
6 46 649
46 6 649
6 63 447
63 6 447
6 53 176
53 6 176
6 14 102
14 6 102
6 46 596
46 6 596
6 52 994
52 6 994
6 37 712
37 6 712
6 29 63
29 6 63
6 12 685
12 6 685
6 62 155
62 6 155
6 45 909
45 6 909
6 59 828
59 6 828
6 58 184
58 6 184
6 15 643
15 6 643
6 66 275
66 6 275
6 54 380
54 6 380
6 31 351
31 6 351
7 12 908
12 7 908
7 19 147
19 7 147
7 32 459
32 7 459
7 44 991
44 7 991
7 24 936
24 7 936
7 68 182
68 7 182
7 19 107
19 7 107
7 50 566
50 7 566
7 19 370
19 7 370
7 9 260
9 7 260
7 22 775
22 7 775
7 8 649
8 7 649
7 50 551
50 7 551
7 59 295
59 7 295
7 24 433
24 7 433
7 20 242
20 7 242
7 40 915
40 7 915
7 62 90
62 7 90
7 13 557
13 7 557
8 45 472
45 8 472
8 50 710
50 8 710
8 67 476
67 8 476
8 42 424
42 8 424
8 66 420
66 8 420
8 9 488
9 8 488
8 12 77
12 8 77
8 18 791
18 8 791
8 35 852
35 8 852
8 30 951
30 8 951
8 28 767
28 8 767
8 14 199
14 8 199
8 60 77
60 8 77
8 61 39
61 8 39
8 61 805
61 8 805
8 35 506
35 8 506
8 27 180
27 8 180
8 51 273
51 8 273
8 38 38
38 8 38
8 44 448
44 8 448
8 29 79
29 8 79
8 54 866
54 8 866
8 46 661
46 8 661
8 50 107
50 8 107
9 66 56
66 9 56
9 63 556
63 9 556
9 27 605
27 9 605
9 31 230
31 9 230
9 11 449
11 9 449
9 32 479
32 9 479
9 10 203
10 9 203
9 48 485
48 9 485
9 49 434
49 9 434
9 66 349
66 9 349
9 30 972
30 9 972
9 14 460
14 9 460
9 16 553
16 9 553
9 17 901
17 9 901
9 60 141
60 9 141
9 14 637
14 9 637
9 35 970
35 9 970
9 68 337
68 9 337
10 33 210
33 10 210
10 34 664
34 10 664
10 37 317
37 10 317
10 12 638
12 10 638
10 59 521
59 10 521
10 11 288
11 10 288
10 41 279
41 10 279
10 47 415
47 10 415
10 66 593
66 10 593
10 28 944
28 10 944
10 24 818
24 10 818
10 47 775
47 10 775
10 11 894
11 10 894
10 30 676
30 10 676
10 54 481
54 10 481
10 60 563
60 10 563
10 45 699
45 10 699
10 55 729
55 10 729
10 61 363
61 10 363
10 52 969
52 10 969
11 42 146
42 11 146
11 18 960
18 11 960
11 57 968
57 11 968
11 23 937
23 11 937
11 34 518
34 11 518
11 22 453
22 11 453
11 12 126
12 11 126
11 49 464
49 11 464
11 15 911
15 11 911
11 22 581
22 11 581
11 31 804
31 11 804
11 53 284
53 11 284
11 47 180
47 11 180
11 59 675
59 11 675
11 53 75
53 11 75
11 20 716
20 11 716
11 48 300
48 11 300
11 11 191
11 11 191
11 40 788
40 11 788
11 59 222
59 11 222
11 27 923
27 11 923
11 61 485
61 11 485
11 18 31
18 11 31
11 53 438
53 11 438
12 15 153
15 12 153
12 17 118
17 12 118
12 41 921
41 12 921
12 25 291
25 12 291
12 18 720
18 12 720
12 55 891
55 12 891
12 53 37
53 12 37
12 41 73
41 12 73
12 61 568
61 12 568
12 42 613
42 12 613
12 61 374
61 12 374
12 44 258
44 12 258
12 56 549
56 12 549
12 30 724
30 12 724
12 62 801
62 12 801
12 57 97
57 12 97
12 22 262
22 12 262
12 15 688
15 12 688
12 22 151
22 12 151
12 28 183
28 12 183
12 50 982
50 12 982
12 39 893
39 12 893
12 49 584
49 12 584
12 33 428
33 12 428
12 67 467
67 12 467
13 20 935
20 13 935
13 22 277
22 13 277
13 58 800
58 13 800
13 34 746
34 13 746
13 27 186
27 13 186
13 68 923
68 13 923
13 50 313
50 13 313
13 33 558
33 13 558
13 38 846
38 13 846
13 28 937
28 13 937
13 60 378
60 13 378
13 43 916
43 13 916
13 47 270
47 13 270
13 25 858
25 13 858
13 31 989
31 13 989
13 27 907
27 13 907
13 60 47
60 13 47
14 23 956
23 14 956
14 35 932
35 14 932
14 15 456
15 14 456
14 44 117
44 14 117
14 40 841
40 14 841
14 67 232
67 14 232
14 29 856
29 14 856
14 63 799
63 14 799
14 26 497
26 14 497
14 33 270
33 14 270
14 44 833
44 14 833
14 39 210
39 14 210
14 49 678
49 14 678
14 17 14
17 14 14
14 24 961
24 14 961
14 68 814
68 14 814
14 49 664
49 14 664
14 56 524
56 14 524
14 59 626
59 14 626
14 38 374
38 14 374
14 35 547
35 14 547
14 60 708
60 14 708
14 63 882
63 14 882
15 25 553
25 15 553
15 62 974
62 15 974
15 51 467
51 15 467
15 68 482
68 15 482
15 32 761
32 15 761
15 32 432
32 15 432
15 61 393
61 15 393
15 24 993
24 15 993
15 48 141
48 15 141
15 54 877
54 15 877
15 39 688
39 15 688
15 64 413
64 15 413
15 23 453
23 15 453
15 33 511
33 15 511
15 40 30
40 15 30
15 65 191
65 15 191
15 48 548
48 15 548
16 18 785
18 16 785
16 26 401
26 16 401
16 29 917
29 16 917
16 60 196
60 16 196
16 17 713
17 16 713
16 37 80
37 16 80
16 52 681
52 16 681
16 49 21
49 16 21
16 58 126
58 16 126
16 34 43
34 16 43
16 18 141
18 16 141
16 48 538
48 16 538
16 33 653
33 16 653
16 48 488
48 16 488
16 52 193
52 16 193
16 47 602
47 16 602
16 21 418
21 16 418
16 22 310
22 16 310
16 19 967
19 16 967
16 43 119
43 16 119
16 52 156
52 16 156
17 35 30
35 17 30
17 50 770
50 17 770
17 62 114
62 17 114
17 42 427
42 17 427
17 23 508
23 17 508
17 22 402
22 17 402
17 44 70
44 17 70
17 53 452
53 17 452
17 66 305
66 17 305
17 35 278
35 17 278
17 30 229
30 17 229
17 19 21
19 17 21
17 64 466
64 17 466
17 52 563
52 17 563
17 55 556
55 17 556
17 55 625
55 17 625
17 25 223
25 17 223
18 45 537
45 18 537
18 31 221
31 18 221
18 35 812
35 18 812
18 57 700
57 18 700
18 47 265
47 18 265
18 63 50
63 18 50
18 51 543
51 18 543
18 31 47
31 18 47
18 53 318
53 18 318
18 34 280
34 18 280
18 49 548
49 18 548
18 46 96
46 18 96
18 45 621
45 18 621
18 24 903
24 18 903
18 55 563
55 18 563
18 58 430
58 18 430
18 68 723
68 18 723
18 65 897
65 18 897
19 61 701
61 19 701
19 46 574
46 19 574
19 36 422
36 19 422
19 29 45
29 19 45
19 32 541
32 19 541
19 35 251
35 19 251
19 25 294
25 19 294
19 21 275
21 19 275
19 42 553
42 19 553
19 65 882
65 19 882
19 60 418
60 19 418
19 35 339
35 19 339
19 34 531
34 19 531
19 29 910
29 19 910
19 28 673
28 19 673
19 41 776
41 19 776
19 60 97
60 19 97
19 52 390
52 19 390
20 43 736
43 20 736
20 43 709
43 20 709
20 46 913
46 20 913
20 23 12
23 20 12
20 36 747
36 20 747
20 28 426
28 20 426
20 66 197
66 20 197
20 30 33
30 20 33
20 67 554
67 20 554
20 54 32
54 20 32
21 35 987
35 21 987
21 48 774
48 21 774
21 46 113
46 21 113
21 68 989
68 21 989
21 49 116
49 21 116
21 64 548
64 21 548
21 56 314
56 21 314
21 29 769
29 21 769
21 33 683
33 21 683
21 49 752
49 21 752
21 50 887
50 21 887
21 29 847
29 21 847
21 59 65
59 21 65
21 50 741
50 21 741
21 34 582
34 21 582
21 48 193
48 21 193
21 62 329
62 21 329
22 24 69
24 22 69
22 36 229
36 22 229
22 23 979
23 22 979
22 66 938
66 22 938
22 31 945
31 22 945
22 38 332
38 22 332
22 56 151
56 22 151
22 39 649
39 22 649
22 49 273
49 22 273
22 49 586
49 22 586
22 25 565
25 22 565
22 65 122
65 22 122
22 65 955
65 22 955
22 50 623
50 22 623
22 36 75
36 22 75
22 40 60
40 22 60
22 26 514
26 22 514
22 33 527
33 22 527
22 64 40
64 22 40
23 31 640
31 23 640
23 38 520
38 23 520
23 48 653
48 23 653
23 61 44
61 23 44
23 29 93
29 23 93
23 42 198
42 23 198
23 41 660
41 23 660
23 33 839
33 23 839
23 63 648
63 23 648
23 65 13
65 23 13
23 64 775
64 23 775
23 28 77
28 23 77
23 39 243
39 23 243
24 27 582
27 24 582
24 56 222
56 24 222
24 33 105
33 24 105
24 41 808
41 24 808
24 32 59
32 24 59
24 34 696
34 24 696
24 52 678
52 24 678
24 68 9
68 24 9
24 61 292
61 24 292
24 57 701
57 24 701
24 43 491
43 24 491
24 40 270
40 24 270
24 56 971
56 24 971
24 36 695
36 24 695
24 45 931
45 24 931
25 43 832
43 25 832
25 56 106
56 25 106
25 47 429
47 25 429
25 43 495
43 25 495
25 38 183
38 25 183
25 59 625
59 25 625
25 31 928
31 25 928
25 61 266
61 25 266
25 47 667
47 25 667
25 44 146
44 25 146
25 40 230
40 25 230
25 38 52
38 25 52
25 44 971
44 25 971
25 28 387
28 25 387
25 55 883
55 25 883
26 28 748
28 26 748
26 30 574
30 26 574
26 52 893
52 26 893
26 59 921
59 26 921
26 57 985
57 26 985
26 66 569
66 26 569
26 38 397
38 26 397
26 66 14
66 26 14
26 30 113
30 26 113
26 67 665
67 26 665
26 58 874
58 26 874
26 68 482
68 26 482
26 43 417
43 26 417
26 39 957
39 26 957
26 58 3
58 26 3
26 64 349
64 26 349
26 48 529
48 26 529
26 39 427
39 26 427
26 68 630
68 26 630
26 30 807
30 26 807
27 51 708
51 27 708
27 64 442
64 27 442
27 36 871
36 27 871
27 37 586
37 27 586
27 36 744
36 27 744
27 59 628
59 27 628
27 65 979
65 27 979
27 60 347
60 27 347
27 39 46
39 27 46
27 46 73
46 27 73
27 51 433
51 27 433
27 67 286
67 27 286
27 65 366
65 27 366
27 48 728
48 27 728
27 64 974
64 27 974
28 40 813
40 28 813
28 44 739
44 28 739
28 42 341
42 28 341
28 42 9
42 28 9
28 61 392
61 28 392
28 52 334
52 28 334
28 29 911
29 28 911
28 57 880
57 28 880
28 50 898
50 28 898
28 51 103
51 28 103
28 58 426
58 28 426
28 31 373
31 28 373
28 68 992
68 28 992
28 48 656
48 28 656
28 34 727
34 28 727
28 63 593
63 28 593
28 29 973
29 28 973
28 29 531
29 28 531
28 30 669
30 28 669
29 67 205
67 29 205
29 53 787
53 29 787
29 59 841
59 29 841
29 34 858
34 29 858
29 62 396
62 29 396
29 34 62
34 29 62
29 50 666
50 29 666
29 48 98
48 29 98
29 56 875
56 29 875
29 46 841
46 29 841
29 56 723
56 29 723
29 62 240
62 29 240
29 47 199
47 29 199
29 54 234
54 29 234
30 40 867
40 30 867
30 35 287
35 30 287
30 32 755
32 30 755
30 53 879
53 30 879
30 66 146
66 30 146
30 47 955
47 30 955
30 66 562
66 30 562
30 36 423
36 30 423
30 58 209
58 30 209
30 49 754
49 30 754
30 62 314
62 30 314
30 61 158
61 30 158
30 66 137
66 30 137
30 68 824
68 30 824
30 33 686
33 30 686
30 47 464
47 30 464
30 43 198
43 30 198
31 46 260
46 31 260
31 37 462
37 31 462
31 46 132
46 31 132
31 66 263
66 31 263
31 64 832
64 31 832
31 44 170
44 31 170
31 64 880
64 31 880
31 45 576
45 31 576
31 38 234
38 31 234
31 48 115
48 31 115
31 50 757
50 31 757
31 59 820
59 31 820
31 45 218
45 31 218
31 61 784
61 31 784
32 54 30
54 32 30
32 66 129
66 32 129
32 56 505
56 32 505
32 49 974
49 32 974
32 68 398
68 32 398
32 36 897
36 32 897
32 33 880
33 32 880
32 52 364
52 32 364
32 48 528
48 32 528
32 41 793
41 32 793
32 35 140
35 32 140
32 67 180
67 32 180
32 63 4
63 32 4
32 39 800
39 32 800
32 52 259
52 32 259
33 34 723
34 33 723
33 55 678
55 33 678
33 45 470
45 33 470
33 50 264
50 33 264
33 46 290
46 33 290
33 48 189
48 33 189
33 61 264
61 33 264
33 38 354
38 33 354
33 66 83
66 33 83
33 57 894
57 33 894
33 42 560
42 33 560
33 68 200
68 33 200
33 61 213
61 33 213
33 67 809
67 33 809
34 47 20
47 34 20
34 58 136
58 34 136
34 36 219
36 34 219
34 66 815
66 34 815
34 63 898
63 34 898
34 38 877
38 34 877
34 50 868
50 34 868
34 41 823
41 34 823
34 39 548
39 34 548
34 63 590
63 34 590
34 55 435
55 34 435
34 50 182
50 34 182
34 49 388
49 34 388
34 43 720
43 34 720
34 56 819
56 34 819
34 53 398
53 34 398
34 67 145
67 34 145
34 40 242
40 34 242
35 39 668
39 35 668
35 50 638
50 35 638
35 67 252
67 35 252
35 42 766
42 35 766
35 58 834
58 35 834
35 47 22
47 35 22
35 42 516
42 35 516
35 58 157
58 35 157
35 68 522
68 35 522
35 49 168
49 35 168
35 52 331
52 35 331
36 55 388
55 36 388
36 64 781
64 36 781
36 66 602
66 36 602
36 61 701
61 36 701
36 45 904
45 36 904
36 46 716
46 36 716
36 46 959
46 36 959
36 49 886
49 36 886
36 65 392
65 36 392
36 44 280
44 36 280
36 48 489
48 36 489
36 45 265
45 36 265
36 39 585
39 36 585
36 46 309
46 36 309
37 51 948
51 37 948
37 67 701
67 37 701
37 51 695
51 37 695
37 66 773
66 37 773
37 63 675
63 37 675
37 67 79
67 37 79
37 48 143
48 37 143
37 40 513
40 37 513
37 52 284
52 37 284
37 64 636
64 37 636
38 64 383
64 38 383
38 42 474
42 38 474
38 60 285
60 38 285
38 40 251
40 38 251
38 59 309
59 38 309
38 41 140
41 38 140
38 50 189
50 38 189
38 59 83
59 38 83
38 50 142
50 38 142
38 48 680
48 38 680
39 43 773
43 39 773
39 65 824
65 39 824
39 66 165
66 39 165
39 48 499
48 39 499
39 64 619
64 39 619
39 65 821
65 39 821
39 55 65
55 39 65
39 48 977
48 39 977
39 67 139
67 39 139
39 46 47
46 39 47
39 50 954
50 39 954
40 47 959
47 40 959
40 65 99
65 40 99
40 51 906
51 40 906
40 61 637
61 40 637
40 41 332
41 40 332
40 61 660
61 40 660
40 61 250
61 40 250
40 45 791
45 40 791
40 56 614
56 40 614
40 63 249
63 40 249
40 56 128
56 40 128
40 51 911
51 40 911
41 45 693
45 41 693
41 44 797
44 41 797
41 44 952
44 41 952
41 51 662
51 41 662
41 41 365
41 41 365
41 44 604
44 41 604
41 61 621
61 41 621
41 45 177
45 41 177
41 64 482
64 41 482
41 49 199
49 41 199
41 41 269
41 41 269
41 56 108
56 41 108
41 61 455
61 41 455
41 66 595
66 41 595
42 56 651
56 42 651
42 49 372
49 42 372
42 45 330
45 42 330
42 45 120
45 42 120
42 52 883
52 42 883
42 51 127
51 42 127
42 62 949
62 42 949
42 57 26
57 42 26
42 61 15
61 42 15
42 65 193
65 42 193
42 58 62
58 42 62
43 59 580
59 43 580
43 48 25
48 43 25
43 46 582
46 43 582
43 65 500
65 43 500
43 48 323
48 43 323
43 57 360
57 43 360
44 56 961
56 44 961
44 47 443
47 44 443
44 63 584
63 44 584
44 54 91
54 44 91
44 55 377
55 44 377
44 48 81
48 44 81
44 48 951
48 44 951
44 49 429
49 44 429
44 60 46
60 44 46
45 49 364
49 45 364
45 48 971
48 45 971
45 47 514
47 45 514
45 48 802
48 45 802
45 55 337
55 45 337
45 67 703
67 45 703
45 67 864
67 45 864
45 54 254
54 45 254
45 63 314
63 45 314
46 49 520
49 46 520
46 64 905
64 46 905
46 55 569
55 46 569
46 67 738
67 46 738
46 57 102
57 46 102
46 66 906
66 46 906
46 68 254
68 46 254
47 68 628
68 47 628
47 53 740
53 47 740
47 55 680
55 47 680
47 58 788
58 47 788
47 68 936
68 47 936
47 57 284
57 47 284
47 50 818
50 47 818
48 53 593
53 48 593
48 60 293
60 48 293
48 59 960
59 48 960
48 66 961
66 48 961
48 57 321
57 48 321
48 65 199
65 48 199
48 60 512
60 48 512
49 66 221
66 49 221
49 56 395
56 49 395
49 56 381
56 49 381
49 68 429
68 49 429
49 56 683
56 49 683
49 68 82
68 49 82
49 64 241
64 49 241
49 54 501
54 49 501
49 58 833
58 49 833
49 67 526
67 49 526
49 52 666
52 49 666
49 67 844
67 49 844
50 64 505
64 50 505
50 61 117
61 50 117
50 66 312
66 50 312
50 68 838
68 50 838
50 53 691
53 50 691
50 63 313
63 50 313
50 52 51
52 50 51
50 68 696
68 50 696
51 58 815
58 51 815
51 59 233
59 51 233
51 68 775
68 51 775
51 58 767
58 51 767
51 59 165
59 51 165
51 57 316
57 51 316
51 59 410
59 51 410
51 62 849
62 51 849
51 60 125
60 51 125
51 54 120
54 51 120
51 59 552
59 51 552
52 54 869
54 52 869
52 58 250
58 52 250
52 60 552
60 52 552
52 64 50
64 52 50
52 63 736
63 52 736
52 56 269
56 52 269
52 54 341
54 52 341
52 66 299
66 52 299
52 65 62
65 52 62
52 52 529
52 52 529
52 61 426
61 52 426
52 60 770
60 52 770
52 56 705
56 52 705
53 60 84
60 53 84
53 66 164
66 53 164
53 53 249
53 53 249
53 65 223
65 53 223
53 62 433
62 53 433
53 62 881
62 53 881
54 55 3
55 54 3
54 59 197
59 54 197
54 63 569
63 54 569
54 66 314
66 54 314
54 67 717
67 54 717
54 58 469
58 54 469
54 62 931
62 54 931
54 55 60
55 54 60
55 67 314
67 55 314
55 65 733
65 55 733
56 62 810
62 56 810
57 66 200
66 57 200
57 68 472
68 57 472
57 63 339
63 57 339
57 58 847
58 57 847
59 68 497
68 59 497
59 68 896
68 59 896
59 60 650
60 59 650
59 62 74
62 59 74
59 64 353
64 59 353
59 65 231
65 59 231
60 66 46
66 60 46
60 67 226
67 60 226
60 60 177
60 60 177
60 65 814
65 60 814
60 64 116
64 60 116
61 63 184
63 61 184
61 63 300
63 61 300
61 63 398
63 61 398
62 67 326
67 62 326
62 68 935
68 62 935
62 65 262
65 62 262
62 68 579
68 62 579
62 63 183
63 62 183
62 68 427
68 62 427
63 64 586
64 63 586
63 64 709
64 63 709
63 63 482
63 63 482
64 66 245
66 64 245
65 67 973
67 65 973
66 68 27
68 66 27
68 68 780
68 68 780
