78

0 1 692
1 0 692
0 3 891
3 0 891
0 8 352
8 0 352
0 11 128
11 0 128
0 34 945
34 0 945
0 21 586
21 0 586
0 12 31
12 0 31
0 23 339
23 0 339
0 63 767
63 0 767
0 8 457
8 0 457
0 14 141
14 0 141
0 22 478
22 0 478
0 25 926
25 0 926
0 31 549
31 0 549
1 2 118
2 1 118
1 4 977
4 1 977
1 6 996
6 1 996
1 17 295
17 1 295
1 11 189
11 1 189
1 7 580
7 1 580
1 54 580
54 1 580
2 48 639
48 2 639
2 64 908
64 2 908
2 31 405
31 2 405
2 40 440
40 2 440
2 48 680
48 2 680
2 40 705
40 2 705
2 17 274
17 2 274
2 54 111
54 2 111
2 56 815
56 2 815
2 36 914
36 2 914
2 31 6
31 2 6
2 50 837
50 2 837
3 7 867
7 3 867
3 14 176
14 3 176
3 75 170
75 3 170
3 22 593
22 3 593
3 64 360
64 3 360
3 63 118
63 3 118
3 73 317
73 3 317
3 57 20
57 3 20
4 5 660
5 4 660
4 16 939
16 4 939
4 27 774
27 4 774
4 33 58
33 4 58
4 29 674
29 4 674
4 41 54
41 4 54
4 52 815
52 4 815
4 35 4
35 4 4
4 17 314
17 4 314
4 62 836
62 4 836
4 5 641
5 4 641
5 9 603
9 5 603
5 15 296
15 5 296
5 22 614
22 5 614
5 28 765
28 5 765
5 29 76
29 5 76
5 47 946
47 5 946
5 66 722
66 5 722
5 25 753
25 5 753
6 18 30
18 6 30
6 26 642
26 6 642
6 51 69
51 6 69
6 26 453
26 6 453
6 12 449
12 6 449
7 10 756
10 7 756
7 19 126
19 7 126
7 35 891
35 7 891
7 38 531
38 7 531
7 43 751
43 7 751
7 24 920
24 7 920
7 22 229
22 7 229
7 16 260
16 7 260
7 27 5
27 7 5
8 31 166
31 8 166
8 42 32
42 8 32
8 58 341
58 8 341
8 22 786
22 8 786
8 76 827
76 8 827
9 12 79
12 9 79
9 21 322
21 9 322
9 23 227
23 9 227
9 65 287
65 9 287
9 66 11
66 9 11
9 37 249
37 9 249
9 30 16
30 9 16
9 20 403
20 9 403
9 26 252
26 9 252
9 40 614
40 9 614
10 61 16
61 10 16
10 58 848
58 10 848
10 15 183
15 10 183
10 53 225
53 10 225
10 10 430
10 10 430
10 28 945
28 10 945
11 13 783
13 11 783
11 20 5
20 11 5
11 46 447
46 11 447
11 31 91
31 11 91
11 13 969
13 11 969
11 56 978
56 11 978
11 75 75
75 11 75
12 37 703
37 12 703
12 48 978
48 12 978
12 59 184
59 12 184
13 24 7
24 13 7
13 39 880
39 13 880
13 67 107
67 13 107
13 70 331
70 13 331
13 13 437
13 13 437
13 13 707
13 13 707
14 62 208
62 14 208
14 71 946
71 14 946
15 59 579
59 15 579
15 62 885
62 15 885
15 59 207
59 15 207
16 59 215
59 16 215
17 61 819
61 17 819
17 25 412
25 17 412
17 22 292
22 17 292
17 61 88
61 17 88
18 71 253
71 18 253
18 76 192
76 18 192
18 25 796
25 18 796
18 74 114
74 18 114
18 58 881
58 18 881
18 46 649
46 18 649
18 29 326
29 18 326
19 32 664
32 19 664
19 76 454
76 19 454
19 29 344
29 19 344
20 40 792
40 20 792
20 49 857
49 20 857
20 73 485
73 20 485
21 29 583
29 21 583
21 22 188
22 21 188
21 66 524
66 21 524
21 48 369
48 21 369
22 25 200
25 22 200
22 36 28
36 22 28
22 70 853
70 22 853
22 43 933
43 22 933
22 37 340
37 22 340
22 31 461
31 22 461
22 59 246
59 22 246
23 44 892
44 23 892
23 31 243
31 23 243
23 33 675
33 23 675
23 43 143
43 23 143
24 37 454
37 24 454
24 46 799
46 24 799
24 68 526
68 24 526
24 54 952
54 24 952
24 71 94
71 24 94
24 35 374
35 24 374
25 60 710
60 25 710
25 43 16
43 25 16
25 39 147
39 25 147
25 54 735
54 25 735
25 46 238
46 25 238
25 46 119
46 25 119
26 54 239
54 26 239
26 77 827
77 26 827
26 28 538
28 26 538
27 30 292
30 27 292
27 68 930
68 27 930
27 74 193
74 27 193
28 41 494
41 28 494
28 30 276
30 28 276
28 31 676
31 28 676
28 61 904
61 28 904
29 36 38
36 29 38
30 57 142
57 30 142
30 37 969
37 30 969
30 69 849
69 30 849
30 54 967
54 30 967
32 38 626
38 32 626
32 45 115
45 32 115
32 65 536
65 32 536
32 50 716
50 32 716
32 39 891
39 32 891
32 47 127
47 32 127
32 76 897
76 32 897
32 73 301
73 32 301
33 43 712
43 33 712
33 69 457
69 33 457
34 44 32
44 34 32
34 39 678
39 34 678
34 38 765
38 34 765
35 49 806
49 35 806
35 49 27
49 35 27
35 58 546
58 35 546
35 57 666
57 35 666
36 69 876
69 36 876
36 74 830
74 36 830
37 53 937
53 37 937
37 61 60
61 37 60
37 39 259
39 37 259
37 51 501
51 37 501
37 39 32
39 37 32
37 76 888
76 37 888
37 75 751
75 37 751
37 59 637
59 37 637
38 69 548
69 38 548
38 57 825
57 38 825
38 77 251
77 38 251
38 69 869
69 38 869
39 52 788
52 39 788
40 74 130
74 40 130
40 63 356
63 40 356
41 59 478
59 41 478
42 66 732
66 42 732
42 73 413
73 42 413
42 61 928
61 42 928
42 57 764
57 42 764
43 49 47
49 43 47
43 50 928
50 43 928
43 45 744
45 43 744
45 73 711
73 45 711
45 63 519
63 45 519
46 50 893
50 46 893
46 74 111
74 46 111
47 63 408
63 47 408
47 75 732
75 47 732
47 68 679
68 47 679
47 65 514
65 47 514
47 74 893
74 47 893
48 54 836
54 48 836
49 69 91
69 49 91
49 72 260
72 49 260
50 74 332
74 50 332
50 62 543
62 50 543
50 61 277
61 50 277
51 62 67
62 51 67
51 69 846
69 51 846
52 74 224
74 52 224
52 76 809
76 52 809
52 77 692
77 52 692
52 65 195
65 52 195
52 77 524
77 52 524
53 55 354
55 53 354
53 56 561
56 53 561
53 73 717
73 53 717
53 75 432
75 53 432
53 70 954
70 53 954
53 76 151
76 53 151
53 69 784
69 53 784
54 77 607
77 54 607
55 59 110
59 55 110
56 66 446
66 56 446
56 65 822
65 56 822
57 62 430
62 57 430
59 71 346
71 59 346
61 68 862
68 61 862
61 64 364
64 61 364
62 75 803
75 62 803
63 70 120
70 63 120
63 76 432
76 63 432
63 67 788
67 63 788
64 75 108
75 64 108
65 72 768
72 65 768
65 74 986
74 65 986
65 76 391
76 65 391
65 65 775
65 65 775
68 70 178
70 68 178
