69

0 1 650
1 0 650
0 3 862
3 0 862
0 7 434
7 0 434
0 55 574
55 0 574
0 39 146
39 0 146
0 46 587
46 0 587
0 38 832
38 0 832
0 45 228
45 0 228
0 15 912
15 0 912
0 5 423
5 0 423
0 60 101
60 0 101
0 33 136
33 0 136
0 38 39
38 0 39
0 32 631
32 0 631
0 3 616
3 0 616
0 32 193
32 0 193
0 49 512
49 0 512
0 41 355
41 0 355
1 2 137
2 1 137
1 6 92
6 1 92
1 11 16
11 1 16
1 23 971
23 1 971
1 27 625
27 1 625
1 67 487
67 1 487
1 6 160
6 1 160
1 40 524
40 1 524
1 63 183
63 1 183
1 3 892
3 1 892
1 28 525
28 1 525
1 6 206
6 1 206
1 52 920
52 1 920
1 25 838
25 1 838
1 54 413
54 1 413
1 55 173
55 1 173
1 7 474
7 1 474
1 39 155
39 1 155
1 57 56
57 1 56
1 43 555
43 1 555
2 4 528
4 2 528
2 12 472
12 2 472
2 15 970
15 2 970
2 16 205
16 2 205
2 17 7
17 2 7
2 29 467
29 2 467
2 50 64
50 2 64
2 33 914
33 2 914
2 48 395
48 2 395
2 31 321
31 2 321
2 68 568
68 2 568
2 2 469
2 2 469
2 37 77
37 2 77
2 19 381
19 2 381
2 63 633
63 2 633
2 24 146
24 2 146
2 45 119
45 2 119
2 58 32
58 2 32
2 50 330
50 2 330
2 19 585
19 2 585
2 32 758
32 2 758
2 34 946
34 2 946
2 31 868
31 2 868
2 9 817
9 2 817
2 18 959
18 2 959
2 3 970
3 2 970
2 44 800
44 2 800
3 8 904
8 3 904
3 38 393
38 3 393
3 10 262
10 3 262
3 52 173
52 3 173
3 61 123
61 3 123
3 38 732
38 3 732
3 53 493
53 3 493
3 65 669
65 3 669
3 12 987
12 3 987
3 23 533
23 3 533
3 55 12
55 3 12
3 23 679
23 3 679
3 33 455
33 3 455
3 18 576
18 3 576
3 58 875
58 3 875
3 30 427
30 3 427
3 41 138
41 3 138
3 14 249
14 3 249
3 6 543
6 3 543
4 5 87
5 4 87
4 56 539
56 4 539
4 19 30
19 4 30
4 12 686
12 4 686
4 14 290
14 4 290
4 66 202
66 4 202
4 10 686
10 4 686
4 33 459
33 4 459
4 23 100
23 4 100
4 25 556
25 4 556
4 18 266
18 4 266
4 39 663
39 4 663
4 36 976
36 4 976
4 23 409
23 4 409
4 59 548
59 4 548
4 30 835
30 4 835
4 31 967
31 4 967
5 9 894
9 5 894
5 19 83
19 5 83
5 20 478
20 5 478
5 24 377
24 5 377
5 54 146
54 5 146
5 36 113
36 5 113
5 29 239
29 5 239
5 66 244
66 5 244
5 68 910
68 5 910
5 10 310
10 5 310
5 57 504
57 5 504
5 47 350
47 5 350
5 30 868
30 5 868
5 31 707
31 5 707
5 44 11
44 5 11
5 58 672
58 5 672
5 42 403
42 5 403
5 37 654
37 5 654
5 47 799
47 5 799
5 60 250
60 5 250
6 61 80
61 6 80
6 25 883
25 6 883
6 23 805
23 6 805
6 59 552
59 6 552
6 45 395
45 6 395
6 68 254
68 6 254
6 47 62
47 6 62
6 36 233
36 6 233
6 25 19
25 6 19
6 34 873
34 6 873
6 39 502
39 6 502
6 34 626
34 6 626
6 67 510
67 6 510
6 67 112
67 6 112
6 35 700
35 6 700
6 34 790
34 6 790
6 32 913
32 6 913
6 65 747
65 6 747
6 60 744
60 6 744
6 20 152
20 6 152
6 7 349
7 6 349
6 27 310
27 6 310
6 61 716
61 6 716
6 53 881
53 6 881
7 28 515
28 7 515
7 18 816
18 7 816
7 16 292
16 7 292
7 39 933
39 7 933
7 30 556
30 7 556
7 68 432
68 7 432
7 55 756
55 7 756
7 19 666
19 7 666
7 47 866
47 7 866
7 28 698
28 7 698
7 41 79
41 7 79
7 37 189
37 7 189
7 53 393
53 7 393
7 12 585
12 7 585
7 10 35
10 7 35
7 35 231
35 7 231
7 53 179
53 7 179
7 52 842
52 7 842
8 49 671
49 8 671
8 10 542
10 8 542
8 24 542
24 8 542
8 10 21
10 8 21
8 50 679
50 8 679
8 63 479
63 8 479
8 61 914
61 8 914
8 10 503
10 8 503
9 10 344
10 9 344
9 14 712
14 9 712
9 41 336
41 9 336
9 45 865
45 9 865
9 60 992
60 9 992
9 43 672
43 9 672
9 18 690
18 9 690
9 51 131
51 9 131
9 62 165
62 9 165
9 48 982
48 9 982
9 9 242
9 9 242
9 52 930
52 9 930
9 25 17
25 9 17
9 43 486
43 9 486
9 68 300
68 9 300
9 49 115
49 9 115
9 10 878
10 9 878
9 14 699
14 9 699
9 16 253
16 9 253
9 37 957
37 9 957
9 22 512
22 9 512
9 64 481
64 9 481
9 65 586
65 9 586
10 18 201
18 10 201
10 24 846
24 10 846
10 52 276
52 10 276
10 24 311
24 10 311
10 67 436
67 10 436
10 11 655
11 10 655
10 46 489
46 10 489
10 50 387
50 10 387
10 44 423
44 10 423
10 21 713
21 10 713
10 63 669
63 10 669
10 22 350
22 10 350
10 26 942
26 10 942
10 13 555
13 10 555
10 58 951
58 10 951
10 66 532
66 10 532
10 52 567
52 10 567
10 11 224
11 10 224
11 13 897
13 11 897
11 32 553
32 11 553
11 60 773
60 11 773
11 27 220
27 11 220
11 38 71
38 11 71
11 45 28
45 11 28
11 47 543
47 11 543
11 18 345
18 11 345
11 29 690
29 11 690
11 56 859
56 11 859
11 37 605
37 11 605
11 63 249
63 11 249
11 36 294
36 11 294
11 45 764
45 11 764
11 47 66
47 11 66
11 63 567
63 11 567
11 64 58
64 11 58
11 35 618
35 11 618
11 62 772
62 11 772
11 55 635
55 11 635
11 45 512
45 11 512
11 15 892
15 11 892
12 40 536
40 12 536
12 46 877
46 12 877
12 18 123
18 12 123
12 32 704
32 12 704
12 25 431
25 12 431
12 60 209
60 12 209
12 16 615
16 12 615
12 56 481
56 12 481
12 45 753
45 12 753
12 32 859
32 12 859
12 64 146
64 12 146
12 66 842
66 12 842
12 42 139
42 12 139
12 38 226
38 12 226
13 34 560
34 13 560
13 66 319
66 13 319
13 41 586
41 13 586
13 44 833
44 13 833
13 48 24
48 13 24
13 22 37
22 13 37
13 63 594
63 13 594
13 51 254
51 13 254
13 17 958
17 13 958
13 54 260
54 13 260
13 48 934
48 13 934
13 26 536
26 13 536
13 66 276
66 13 276
13 66 159
66 13 159
13 54 842
54 13 842
13 47 947
47 13 947
13 14 741
14 13 741
13 52 541
52 13 541
13 37 68
37 13 68
13 26 609
26 13 609
13 46 313
46 13 313
13 39 737
39 13 737
13 14 594
14 13 594
13 21 117
21 13 117
14 21 291
21 14 291
14 22 228
22 14 228
14 25 107
25 14 107
14 35 595
35 14 595
14 46 937
46 14 937
14 41 638
41 14 638
14 67 384
67 14 384
14 42 346
42 14 346
14 33 974
33 14 974
14 63 11
63 14 11
14 20 999
20 14 999
14 64 46
64 14 46
14 66 399
66 14 399
15 40 177
40 15 177
15 36 622
36 15 622
15 33 42
33 15 42
15 22 615
22 15 615
15 26 365
26 15 365
15 15 81
15 15 81
15 37 481
37 15 481
15 16 344
16 15 344
15 66 345
66 15 345
15 56 187
56 15 187
15 17 122
17 15 122
15 57 126
57 15 126
15 37 451
37 15 451
15 45 660
45 15 660
15 63 182
63 15 182
15 61 27
61 15 27
15 34 5
34 15 5
15 22 58
22 15 58
15 52 269
52 15 269
15 32 59
32 15 59
16 33 505
33 16 505
16 51 804
51 16 804
16 39 229
39 16 229
16 26 173
26 16 173
16 36 440
36 16 440
16 64 689
64 16 689
16 59 365
59 16 365
16 47 583
47 16 583
16 20 814
20 16 814
16 48 400
48 16 400
16 52 125
52 16 125
16 43 402
43 16 402
16 28 910
28 16 910
16 65 574
65 16 574
16 44 577
44 16 577
16 34 770
34 16 770
16 68 29
68 16 29
16 24 654
24 16 654
16 64 882
64 16 882
16 66 316
66 16 316
16 57 171
57 16 171
16 61 639
61 16 639
17 53 153
53 17 153
17 22 38
22 17 38
17 64 37
64 17 37
17 54 673
54 17 673
17 55 528
55 17 528
17 47 193
47 17 193
17 22 83
22 17 83
17 47 852
47 17 852
17 67 795
67 17 795
17 42 953
42 17 953
17 31 984
31 17 984
17 32 189
32 17 189
17 32 307
32 17 307
17 57 446
57 17 446
17 29 472
29 17 472
17 47 893
47 17 893
17 35 545
35 17 545
18 48 146
48 18 146
18 44 453
44 18 453
18 34 587
34 18 587
18 64 694
64 18 694
18 22 992
22 18 992
18 27 823
27 18 823
18 35 732
35 18 732
18 45 166
45 18 166
18 25 87
25 18 87
18 43 947
43 18 947
18 37 337
37 18 337
18 45 932
45 18 932
18 22 420
22 18 420
18 21 192
21 18 192
18 58 945
58 18 945
19 24 347
24 19 347
19 48 834
48 19 834
19 48 756
48 19 756
19 38 346
38 19 346
19 63 855
63 19 855
19 58 420
58 19 420
19 61 824
61 19 824
19 54 281
54 19 281
19 42 228
42 19 228
19 19 206
19 19 206
19 33 624
33 19 624
19 65 428
65 19 428
19 31 73
31 19 73
20 36 896
36 20 896
20 37 365
37 20 365
20 44 863
44 20 863
20 48 703
48 20 703
20 57 710
57 20 710
20 48 649
48 20 649
20 48 798
48 20 798
20 30 196
30 20 196
20 38 888
38 20 888
20 25 54
25 20 54
20 55 676
55 20 676
20 54 345
54 20 345
20 29 322
29 20 322
20 21 645
21 20 645
20 37 615
37 20 615
20 33 367
33 20 367
21 57 23
57 21 23
21 40 903
40 21 903
21 48 252
48 21 252
21 65 796
65 21 796
21 60 515
60 21 515
21 52 666
52 21 666
21 59 211
59 21 211
21 30 993
30 21 993
21 54 353
54 21 353
21 42 764
42 21 764
21 27 514
27 21 514
21 65 115
65 21 115
21 46 103
46 21 103
21 63 448
63 21 448
21 42 343
42 21 343
21 56 64
56 21 64
21 51 836
51 21 836
21 50 806
50 21 806
21 57 219
57 21 219
22 26 695
26 22 695
22 62 154
62 22 154
22 61 891
61 22 891
22 58 815
58 22 815
22 37 243
37 22 243
22 43 167
43 22 167
22 24 859
24 22 859
22 61 50
61 22 50
22 54 257
54 22 257
22 44 898
44 22 898
22 68 906
68 22 906
22 67 443
67 22 443
22 48 648
48 22 648
22 22 539
22 22 539
23 42 143
42 23 143
23 45 406
45 23 406
23 32 270
32 23 270
23 60 72
60 23 72
23 67 547
67 23 547
23 26 780
26 23 780
23 54 388
54 23 388
23 65 430
65 23 430
23 67 239
67 23 239
23 59 840
59 23 840
24 26 249
26 24 249
24 62 848
62 24 848
24 44 181
44 24 181
24 57 683
57 24 683
24 27 271
27 24 271
24 28 216
28 24 216
24 63 421
63 24 421
24 38 35
38 24 35
24 58 61
58 24 61
24 58 921
58 24 921
24 40 292
40 24 292
24 26 409
26 24 409
24 62 30
62 24 30
24 31 61
31 24 61
24 42 427
42 24 427
25 64 560
64 25 560
25 68 799
68 25 799
25 56 550
56 25 550
25 59 463
59 25 463
25 54 241
54 25 241
25 68 50
68 25 50
25 27 552
27 25 552
25 41 824
41 25 824
25 60 455
60 25 455
25 47 712
47 25 712
25 48 617
48 25 617
25 61 424
61 25 424
25 64 614
64 25 614
25 40 976
40 25 976
25 28 117
28 25 117
25 52 754
52 25 754
25 48 197
48 25 197
26 33 912
33 26 912
26 39 416
39 26 416
26 31 345
31 26 345
26 29 830
29 26 830
26 32 931
32 26 931
26 48 804
48 26 804
26 68 833
68 26 833
27 30 175
30 27 175
27 36 802
36 27 802
27 47 362
47 27 362
27 48 935
48 27 935
27 63 782
63 27 782
27 43 649
43 27 649
27 62 106
62 27 106
27 34 822
34 27 822
27 41 472
41 27 472
27 45 17
45 27 17
27 48 989
48 27 989
27 57 427
57 27 427
27 36 655
36 27 655
27 54 645
54 27 645
27 51 268
51 27 268
27 56 45
56 27 45
27 42 213
42 27 213
27 65 263
65 27 263
28 49 968
49 28 968
28 31 713
31 28 713
28 47 180
47 28 180
28 54 551
54 28 551
28 65 169
65 28 169
28 56 226
56 28 226
28 68 250
68 28 250
28 42 430
42 28 430
28 57 648
57 28 648
28 65 595
65 28 595
28 65 561
65 28 561
28 54 500
54 28 500
28 67 794
67 28 794
28 59 620
59 28 620
29 31 302
31 29 302
29 47 796
47 29 796
29 38 28
38 29 28
29 38 69
38 29 69
29 67 403
67 29 403
29 65 348
65 29 348
29 38 299
38 29 299
29 37 73
37 29 73
29 62 787
62 29 787
29 44 43
44 29 43
30 39 89
39 30 89
30 44 903
44 30 903
30 44 254
44 30 254
30 68 361
68 30 361
30 53 354
53 30 354
30 35 466
35 30 466
30 42 876
42 30 876
30 32 428
32 30 428
30 57 197
57 30 197
30 33 715
33 30 715
31 65 124
65 31 124
31 55 856
55 31 856
31 44 967
44 31 967
31 49 382
49 31 382
31 58 318
58 31 318
31 54 639
54 31 639
31 37 32
37 31 32
31 38 64
38 31 64
31 31 190
31 31 190
31 40 550
40 31 550
31 42 953
42 31 953
31 42 817
42 31 817
32 51 243
51 32 243
32 63 108
63 32 108
32 44 899
44 32 899
32 63 315
63 32 315
32 64 189
64 32 189
32 63 324
63 32 324
32 45 352
45 32 352
32 34 700
34 32 700
32 34 672
34 32 672
32 50 165
50 32 165
32 52 809
52 32 809
32 59 470
59 32 470
32 62 996
62 32 996
33 43 210
43 33 210
33 56 918
56 33 918
33 68 93
68 33 93
33 36 722
36 33 722
33 59 827
59 33 827
33 47 943
47 33 943
33 64 659
64 33 659
33 67 221
67 33 221
33 37 682
37 33 682
34 67 94
67 34 94
34 56 364
56 34 364
34 43 713
43 34 713
34 68 382
68 34 382
34 38 293
38 34 293
34 53 662
53 34 662
34 46 719
46 34 719
34 35 202
35 34 202
34 49 784
49 34 784
34 44 750
44 34 750
34 65 528
65 34 528
35 48 274
48 35 274
35 37 998
37 35 998
35 36 82
36 35 82
35 47 215
47 35 215
35 63 603
63 35 603
35 47 273
47 35 273
35 40 662
40 35 662
35 51 744
51 35 744
35 44 318
44 35 318
35 52 717
52 35 717
35 40 613
40 35 613
35 49 577
49 35 577
35 56 509
56 35 509
36 46 382
46 36 382
36 50 808
50 36 808
36 51 2
51 36 2
36 39 13
39 36 13
36 58 459
58 36 459
36 63 432
63 36 432
37 63 335
63 37 335
37 61 882
61 37 882
37 50 349
50 37 349
37 61 674
61 37 674
37 67 73
67 37 73
37 55 989
55 37 989
37 39 738
39 37 738
37 45 473
45 37 473
38 58 215
58 38 215
38 68 260
68 38 260
38 50 454
50 38 454
39 45 688
45 39 688
39 67 12
67 39 12
39 51 997
51 39 997
39 58 510
58 39 510
39 49 557
49 39 557
39 41 260
41 39 260
39 46 39
46 39 39
39 45 319
45 39 319
39 54 140
54 39 140
39 51 777
51 39 777
39 53 804
53 39 804
39 56 953
56 39 953
40 68 723
68 40 723
40 50 25
50 40 25
40 41 497
41 40 497
40 67 133
67 40 133
40 68 503
68 40 503
40 54 963
54 40 963
40 58 377
58 40 377
40 42 379
42 40 379
40 48 177
48 40 177
40 63 100
63 40 100
41 43 621
43 41 621
41 46 911
46 41 911
41 48 567
48 41 567
41 68 802
68 41 802
41 43 290
43 41 290
41 54 319
54 41 319
41 54 535
54 41 535
41 64 875
64 41 875
41 49 549
49 41 549
41 41 216
41 41 216
41 52 750
52 41 750
42 63 67
63 42 67
42 48 885
48 42 885
42 60 849
60 42 849
42 53 817
53 42 817
42 58 139
58 42 139
42 46 812
46 42 812
42 56 334
56 42 334
42 46 827
46 42 827
42 46 21
46 42 21
42 52 19
52 42 19
42 44 729
44 42 729
42 66 720
66 42 720
42 44 361
44 42 361
43 59 87
59 43 87
43 60 861
60 43 861
43 56 812
56 43 812
43 53 413
53 43 413
43 60 41
60 43 41
43 52 571
52 43 571
43 58 234
58 43 234
43 52 314
52 43 314
43 56 960
56 43 960
43 51 18
51 43 18
44 51 447
51 44 447
44 51 696
51 44 696
44 49 438
49 44 438
44 59 262
59 44 262
44 53 554
53 44 554
45 56 758
56 45 758
45 64 743
64 45 743
45 63 393
63 45 393
45 51 13
51 45 13
45 54 862
54 45 862
45 59 572
59 45 572
45 57 38
57 45 38
46 49 658
49 46 658
46 68 185
68 46 185
46 53 702
53 46 702
46 53 156
53 46 156
46 66 575
66 46 575
46 53 340
53 46 340
46 63 648
63 46 648
47 55 163
55 47 163
47 56 297
56 47 297
47 64 986
64 47 986
47 59 986
59 47 986
47 60 940
60 47 940
47 59 331
59 47 331
48 68 139
68 48 139
48 68 216
68 48 216
48 55 260
55 48 260
48 61 380
61 48 380
48 66 752
66 48 752
48 63 61
63 48 61
48 67 689
67 48 689
48 63 880
63 48 880
48 66 608
66 48 608
48 64 892
64 48 892
48 63 865
63 48 865
49 51 465
51 49 465
49 60 933
60 49 933
49 51 197
51 49 197
49 64 167
64 49 167
49 67 377
67 49 377
50 58 592
58 50 592
50 61 680
61 50 680
50 68 927
68 50 927
50 65 602
65 50 602
51 51 383
51 51 383
51 64 531
64 51 531
51 53 498
53 51 498
52 67 518
67 52 518
52 60 614
60 52 614
52 56 792
56 52 792
53 54 763
54 53 763
53 67 423
67 53 423
53 61 444
61 53 444
53 58 579
58 53 579
53 61 323
61 53 323
53 54 307
54 53 307
53 55 833
55 53 833
53 56 83
56 53 83
54 59 556
59 54 556
54 65 895
65 54 895
54 57 324
57 54 324
54 55 35
55 54 35
54 67 741
67 54 741
54 66 879
66 54 879
54 60 786
60 54 786
55 67 449
67 55 449
55 68 469
68 55 469
55 62 564
62 55 564
56 60 183
60 56 183
56 63 454
63 56 454
57 63 385
63 57 385
57 67 745
67 57 745
57 66 166
66 57 166
58 62 595
62 58 595
59 65 721
65 59 721
59 63 658
63 59 658
59 67 987
67 59 987
60 68 980
68 60 980
60 67 877
67 60 877
61 62 338
62 61 338
61 63 976
63 61 976
63 64 844
64 63 844
63 64 627
64 63 627
64 65 324
65 64 324
65 65 278
65 65 278
65 67 123
67 65 123
66 66 897
66 66 897
66 67 274
67 66 274
66 68 490
68 66 490
