76

0 1 544
1 0 544
0 10 583
10 0 583
0 12 84
12 0 84
0 22 135
22 0 135
0 47 121
47 0 121
0 50 574
50 0 574
0 15 606
15 0 606
0 17 489
17 0 489
0 27 919
27 0 919
0 43 536
43 0 536
0 6 569
6 0 569
0 23 904
23 0 904
0 6 488
6 0 488
0 1 121
1 0 121
0 12 780
12 0 780
0 68 671
68 0 671
0 6 410
6 0 410
0 21 403
21 0 403
0 10 572
10 0 572
0 45 232
45 0 232
0 31 97
31 0 97
0 69 194
69 0 194
0 65 925
65 0 925
0 8 989
8 0 989
0 55 331
55 0 331
0 22 815
22 0 815
0 30 339
30 0 339
0 42 967
42 0 967
0 36 868
36 0 868
0 6 60
6 0 60
1 2 788
2 1 788
1 46 828
46 1 828
1 5 539
5 1 539
1 40 622
40 1 622
1 50 584
50 1 584
1 43 864
43 1 864
1 10 734
10 1 734
1 75 749
75 1 749
1 49 921
49 1 921
1 57 815
57 1 815
1 49 969
49 1 969
1 27 687
27 1 687
1 49 257
49 1 257
1 69 498
69 1 498
1 43 384
43 1 384
1 69 630
69 1 630
1 41 30
41 1 30
1 62 118
62 1 118
1 45 970
45 1 970
1 30 644
30 1 644
1 49 740
49 1 740
1 64 490
64 1 490
1 22 347
22 1 347
1 31 705
31 1 705
1 39 445
39 1 445
1 71 891
71 1 891
1 71 821
71 1 821
2 3 14
3 2 14
2 5 251
5 2 251
2 6 542
6 2 542
2 72 18
72 2 18
2 14 65
14 2 65
2 45 491
45 2 491
2 57 846
57 2 846
2 3 912
3 2 912
2 51 31
51 2 31
2 63 984
63 2 984
2 42 241
42 2 241
2 68 808
68 2 808
2 14 335
14 2 335
2 22 968
22 2 968
2 3 703
3 2 703
2 5 758
5 2 758
2 27 114
27 2 114
2 65 661
65 2 661
3 4 467
4 3 467
3 7 612
7 3 612
3 27 667
27 3 667
3 63 217
63 3 217
3 49 305
49 3 305
3 52 83
52 3 83
3 4 972
4 3 972
3 60 222
60 3 222
3 29 847
29 3 847
3 58 888
58 3 888
3 57 735
57 3 735
3 48 583
48 3 583
3 14 427
14 3 427
3 38 160
38 3 160
3 20 445
20 3 445
3 16 544
16 3 544
3 73 395
73 3 395
3 45 250
45 3 250
3 29 280
29 3 280
3 37 974
37 3 974
3 45 796
45 3 796
3 7 457
7 3 457
3 74 604
74 3 604
3 39 154
39 3 154
3 18 925
18 3 925
3 23 671
23 3 671
3 24 958
24 3 958
3 34 303
34 3 303
3 7 444
7 3 444
3 47 604
47 3 604
4 54 463
54 4 463
4 29 986
29 4 986
4 69 651
69 4 651
4 41 800
41 4 800
4 11 9
11 4 9
4 57 737
57 4 737
4 34 249
34 4 249
4 42 711
42 4 711
4 61 661
61 4 661
4 39 19
39 4 19
4 38 434
38 4 434
4 46 725
46 4 725
4 32 105
32 4 105
4 55 367
55 4 367
4 41 983
41 4 983
4 62 295
62 4 295
4 68 570
68 4 570
4 16 348
16 4 348
4 28 53
28 4 53
5 68 551
68 5 551
5 10 250
10 5 250
5 9 783
9 5 783
5 60 879
60 5 879
5 57 730
57 5 730
5 52 313
52 5 313
5 66 83
66 5 83
5 66 198
66 5 198
5 56 31
56 5 31
5 69 535
69 5 535
5 71 526
71 5 526
5 8 270
8 5 270
5 52 679
52 5 679
5 71 525
71 5 525
5 54 211
54 5 211
6 8 632
8 6 632
6 13 550
13 6 550
6 26 154
26 6 154
6 40 568
40 6 568
6 25 409
25 6 409
6 45 307
45 6 307
6 30 137
30 6 137
6 16 275
16 6 275
6 58 989
58 6 989
6 19 947
19 6 947
6 34 299
34 6 299
6 54 447
54 6 447
6 55 749
55 6 749
6 21 195
21 6 195
6 49 312
49 6 312
6 8 517
8 6 517
6 46 311
46 6 311
7 9 792
9 7 792
7 20 926
20 7 926
7 20 384
20 7 384
7 69 619
69 7 619
7 26 373
26 7 373
7 68 585
68 7 585
7 21 750
21 7 750
7 23 212
23 7 212
7 40 895
40 7 895
7 13 956
13 7 956
7 51 342
51 7 342
7 20 876
20 7 876
7 63 82
63 7 82
7 71 216
71 7 216
7 55 826
55 7 826
7 42 121
42 7 121
7 15 597
15 7 597
7 25 798
25 7 798
7 23 201
23 7 201
7 21 37
21 7 37
7 13 578
13 7 578
7 32 929
32 7 929
8 21 148
21 8 148
8 19 407
19 8 407
8 68 568
68 8 568
8 18 648
18 8 648
8 51 761
51 8 761
8 30 390
30 8 390
8 32 895
32 8 895
8 50 772
50 8 772
8 35 753
35 8 753
8 14 391
14 8 391
8 20 503
20 8 503
8 21 73
21 8 73
8 57 741
57 8 741
8 44 308
44 8 308
8 50 441
50 8 441
8 24 876
24 8 876
8 19 51
19 8 51
8 75 780
75 8 780
8 61 362
61 8 362
8 63 679
63 8 679
8 25 618
25 8 618
9 15 146
15 9 146
9 25 579
25 9 579
9 35 488
35 9 488
9 19 555
19 9 555
9 67 474
67 9 474
9 74 139
74 9 139
9 19 533
19 9 533
9 53 860
53 9 860
9 27 126
27 9 126
9 26 275
26 9 275
9 66 235
66 9 235
9 39 821
39 9 821
9 19 795
19 9 795
9 51 280
51 9 280
9 45 939
45 9 939
9 59 558
59 9 558
9 31 937
31 9 937
9 42 994
42 9 994
10 11 384
11 10 384
10 28 750
28 10 750
10 54 968
54 10 968
10 59 101
59 10 101
10 75 865
75 10 865
10 35 639
35 10 639
10 73 8
73 10 8
10 19 17
19 10 17
10 71 388
71 10 388
10 14 98
14 10 98
10 18 524
18 10 524
10 18 195
18 10 195
10 71 868
71 10 868
10 15 473
15 10 473
10 51 43
51 10 43
10 44 31
44 10 31
11 51 986
51 11 986
11 52 317
52 11 317
11 53 847
53 11 847
11 57 119
57 11 119
11 48 690
48 11 690
11 22 746
22 11 746
11 57 837
57 11 837
11 52 647
52 11 647
11 37 507
37 11 507
11 25 42
25 11 42
11 71 575
71 11 575
11 67 922
67 11 922
11 15 638
15 11 638
11 39 352
39 11 352
11 22 216
22 11 216
11 29 949
29 11 949
11 39 251
39 11 251
11 42 347
42 11 347
11 58 494
58 11 494
11 56 949
56 11 949
11 53 240
53 11 240
12 14 987
14 12 987
12 32 256
32 12 256
12 45 303
45 12 303
12 18 163
18 12 163
12 71 417
71 12 417
12 51 58
51 12 58
12 38 674
38 12 674
12 72 411
72 12 411
12 54 780
54 12 780
12 16 661
16 12 661
12 17 526
17 12 526
12 75 105
75 12 105
12 71 456
71 12 456
12 35 847
35 12 847
12 14 364
14 12 364
12 42 770
42 12 770
12 46 9
46 12 9
13 17 372
17 13 372
13 19 355
19 13 355
13 36 776
36 13 776
13 25 433
25 13 433
13 65 881
65 13 881
13 74 34
74 13 34
13 64 959
64 13 959
13 20 765
20 13 765
13 45 419
45 13 419
13 47 518
47 13 518
13 43 885
43 13 885
13 17 632
17 13 632
13 18 196
18 13 196
13 61 957
61 13 957
13 75 735
75 13 735
13 16 391
16 13 391
13 36 420
36 13 420
13 23 989
23 13 989
13 24 937
24 13 937
13 24 700
24 13 700
13 72 345
72 13 345
14 16 667
16 14 667
14 29 967
29 14 967
14 58 940
58 14 940
14 52 276
52 14 276
14 23 593
23 14 593
14 32 294
32 14 294
14 33 696
33 14 696
14 61 614
61 14 614
14 40 834
40 14 834
14 32 502
32 14 502
14 64 516
64 14 516
14 62 415
62 14 415
14 65 924
65 14 924
14 68 579
68 14 579
14 39 338
39 14 338
14 41 935
41 14 935
14 42 117
42 14 117
14 43 523
43 14 523
14 69 810
69 14 810
15 20 968
20 15 968
15 23 51
23 15 51
15 55 556
55 15 556
15 20 783
20 15 783
15 44 420
44 15 420
15 59 844
59 15 844
15 60 704
60 15 704
15 67 571
67 15 571
15 19 814
19 15 814
15 41 662
41 15 662
15 47 167
47 15 167
15 55 472
55 15 472
15 39 222
39 15 222
15 68 367
68 15 367
15 27 904
27 15 904
15 24 818
24 15 818
15 23 645
23 15 645
15 50 594
50 15 594
15 44 349
44 15 349
15 40 698
40 15 698
15 57 476
57 15 476
15 31 213
31 15 213
15 26 902
26 15 902
15 37 453
37 15 453
16 35 840
35 16 840
16 50 883
50 16 883
16 67 97
67 16 97
16 46 524
46 16 524
16 38 547
38 16 547
16 21 548
21 16 548
16 57 486
57 16 486
16 18 30
18 16 30
16 39 276
39 16 276
16 69 790
69 16 790
16 72 60
72 16 60
16 24 31
24 16 31
16 46 385
46 16 385
16 28 222
28 16 222
16 49 400
49 16 400
16 30 59
30 16 59
16 28 870
28 16 870
16 39 911
39 16 911
16 26 825
26 16 825
16 52 593
52 16 593
16 70 183
70 16 183
16 56 310
56 16 310
16 34 155
34 16 155
16 59 187
59 16 187
16 44 600
44 16 600
16 34 948
34 16 948
17 18 644
18 17 644
17 30 826
30 17 826
17 57 816
57 17 816
17 21 424
21 17 424
17 55 203
55 17 203
17 53 556
53 17 556
17 21 42
21 17 42
17 56 358
56 17 358
17 70 175
70 17 175
17 44 267
44 17 267
17 31 630
31 17 630
17 54 49
54 17 49
17 30 297
30 17 297
17 53 431
53 17 431
17 73 385
73 17 385
17 73 673
73 17 673
17 60 628
60 17 628
17 36 567
36 17 567
17 25 23
25 17 23
17 57 682
57 17 682
17 59 98
59 17 98
17 39 164
39 17 164
17 66 252
66 17 252
18 24 818
24 18 818
18 49 531
49 18 531
18 53 194
53 18 194
18 36 72
36 18 72
18 26 98
26 18 98
18 63 520
63 18 520
18 74 169
74 18 169
18 63 716
63 18 716
18 51 913
51 18 913
18 74 166
74 18 166
18 28 106
28 18 106
18 24 341
24 18 341
18 56 697
56 18 697
18 50 13
50 18 13
18 28 440
28 18 440
18 26 746
26 18 746
18 58 286
58 18 286
18 33 955
33 18 955
18 52 807
52 18 807
18 35 957
35 18 957
18 25 875
25 18 875
19 33 8
33 19 8
19 43 433
43 19 433
19 49 422
49 19 422
19 61 514
61 19 514
19 34 278
34 19 278
19 70 332
70 19 332
19 42 179
42 19 179
19 67 738
67 19 738
19 59 880
59 19 880
19 47 517
47 19 517
19 52 577
52 19 577
19 71 253
71 19 253
19 19 180
19 19 180
19 20 596
20 19 596
19 24 977
24 19 977
19 49 776
49 19 776
19 64 553
64 19 553
19 69 945
69 19 945
19 62 318
62 19 318
19 33 419
33 19 419
19 60 560
60 19 560
20 41 899
41 20 899
20 29 483
29 20 483
20 67 66
67 20 66
20 44 129
44 20 129
20 45 704
45 20 704
20 26 343
26 20 343
20 45 792
45 20 792
20 31 562
31 20 562
20 50 976
50 20 976
20 44 377
44 20 377
20 27 715
27 20 715
20 50 498
50 20 498
20 65 823
65 20 823
20 43 976
43 20 976
20 37 327
37 20 327
21 34 956
34 21 956
21 63 443
63 21 443
21 55 800
55 21 800
21 34 968
34 21 968
21 29 930
29 21 930
21 53 660
53 21 660
21 49 616
49 21 616
21 56 167
56 21 167
21 25 193
25 21 193
21 27 689
27 21 689
21 60 458
60 21 458
21 62 741
62 21 741
21 54 856
54 21 856
21 70 279
70 21 279
21 68 236
68 21 236
21 61 784
61 21 784
21 58 557
58 21 557
21 35 858
35 21 858
22 49 857
49 22 857
22 24 265
24 22 265
22 60 226
60 22 226
22 35 562
35 22 562
22 56 879
56 22 879
22 27 212
27 22 212
22 56 884
56 22 884
22 31 939
31 22 939
22 55 484
55 22 484
22 70 949
70 22 949
22 64 651
64 22 651
22 50 67
50 22 67
22 30 186
30 22 186
22 27 265
27 22 265
22 42 172
42 22 172
22 39 11
39 22 11
22 67 932
67 22 932
22 75 784
75 22 784
22 68 498
68 22 498
23 31 602
31 23 602
23 58 204
58 23 204
23 41 263
41 23 263
23 71 776
71 23 776
23 70 535
70 23 535
23 27 981
27 23 981
23 50 959
50 23 959
23 55 481
55 23 481
23 72 231
72 23 231
23 52 890
52 23 890
23 42 774
42 23 774
23 68 14
68 23 14
23 40 169
40 23 169
24 38 863
38 24 863
24 45 357
45 24 357
24 60 337
60 24 337
24 67 990
67 24 990
24 46 283
46 24 283
24 44 134
44 24 134
24 66 629
66 24 629
24 30 82
30 24 82
24 40 765
40 24 765
24 43 826
43 24 826
24 31 84
31 24 84
24 62 510
62 24 510
24 36 562
36 24 562
24 57 308
57 24 308
24 34 914
34 24 914
24 36 270
36 24 270
24 28 567
28 24 567
24 75 933
75 24 933
24 51 166
51 24 166
24 25 824
25 24 824
24 29 353
29 24 353
25 29 594
29 25 594
25 42 826
42 25 826
25 26 716
26 25 716
25 70 51
70 25 51
25 35 289
35 25 289
25 44 100
44 25 100
25 74 6
74 25 6
25 29 66
29 25 66
25 48 526
48 25 526
25 67 744
67 25 744
25 71 275
71 25 275
25 74 455
74 25 455
26 37 70
37 26 70
26 61 563
61 26 563
26 59 520
59 26 520
26 36 75
36 26 75
26 35 173
35 26 173
26 32 915
32 26 915
26 45 46
45 26 46
26 39 664
39 26 664
26 75 450
75 26 450
26 74 111
74 26 111
26 70 128
70 26 128
26 51 64
51 26 64
26 46 633
46 26 633
26 52 665
52 26 665
26 30 817
30 26 817
26 43 144
43 26 144
26 34 596
34 26 596
26 71 737
71 26 737
26 29 223
29 26 223
26 74 302
74 26 302
27 68 494
68 27 494
27 63 756
63 27 756
27 35 687
35 27 687
27 51 86
51 27 86
27 71 922
71 27 922
27 67 395
67 27 395
27 57 543
57 27 543
27 74 415
74 27 415
27 53 759
53 27 759
27 69 196
69 27 196
27 65 794
65 27 794
27 48 469
48 27 469
27 71 653
71 27 653
28 48 25
48 28 25
28 58 188
58 28 188
28 47 130
47 28 130
28 40 341
40 28 341
28 45 705
45 28 705
28 47 263
47 28 263
28 48 90
48 28 90
28 70 805
70 28 805
28 37 41
37 28 41
28 46 967
46 28 967
28 56 843
56 28 843
28 62 319
62 28 319
29 75 612
75 29 612
29 66 977
66 29 977
29 68 463
68 29 463
29 41 470
41 29 470
29 74 171
74 29 171
29 72 65
72 29 65
29 67 967
67 29 967
29 47 606
47 29 606
29 44 534
44 29 534
29 63 679
63 29 679
29 35 927
35 29 927
29 75 943
75 29 943
29 58 520
58 29 520
29 35 359
35 29 359
29 34 807
34 29 807
29 64 196
64 29 196
29 41 805
41 29 805
29 33 587
33 29 587
29 59 601
59 29 601
30 40 60
40 30 60
30 56 30
56 30 30
30 31 281
31 30 281
30 65 851
65 30 851
30 71 284
71 30 284
30 40 148
40 30 148
30 38 722
38 30 722
30 56 514
56 30 514
30 42 165
42 30 165
30 32 493
32 30 493
30 56 47
56 30 47
30 56 170
56 30 170
31 73 80
73 31 80
31 58 632
58 31 632
31 70 946
70 31 946
31 54 314
54 31 314
31 63 749
63 31 749
31 40 631
40 31 631
31 66 279
66 31 279
31 48 35
48 31 35
31 70 758
70 31 758
31 73 19
73 31 19
31 36 177
36 31 177
31 60 218
60 31 218
31 67 92
67 31 92
31 59 577
59 31 577
32 65 689
65 32 689
32 44 582
44 32 582
32 71 67
71 32 67
32 51 3
51 32 3
32 57 458
57 32 458
32 71 249
71 32 249
32 71 545
71 32 545
32 53 188
53 32 188
32 36 108
36 32 108
33 38 909
38 33 909
33 37 853
37 33 853
33 66 432
66 33 432
33 56 19
56 33 19
33 71 545
71 33 545
33 37 209
37 33 209
33 33 901
33 33 901
33 71 574
71 33 574
33 58 459
58 33 459
33 53 53
53 33 53
33 33 68
33 33 68
33 75 910
75 33 910
33 58 147
58 33 147
34 69 675
69 34 675
34 63 245
63 34 245
34 59 651
59 34 651
34 52 419
52 34 419
34 70 213
70 34 213
34 57 681
57 34 681
34 43 932
43 34 932
34 70 719
70 34 719
34 45 452
45 34 452
34 74 690
74 34 690
35 65 789
65 35 789
35 37 435
37 35 435
35 45 57
45 35 57
35 61 964
61 35 964
35 59 740
59 35 740
35 59 444
59 35 444
35 58 174
58 35 174
35 54 281
54 35 281
35 64 963
64 35 963
35 37 405
37 35 405
35 35 814
35 35 814
35 59 534
59 35 534
35 66 592
66 35 592
35 59 316
59 35 316
36 39 681
39 36 681
36 54 806
54 36 806
36 73 342
73 36 342
36 71 447
71 36 447
36 63 701
63 36 701
36 75 638
75 36 638
36 50 177
50 36 177
36 40 73
40 36 73
36 60 219
60 36 219
36 67 684
67 36 684
36 43 885
43 36 885
36 73 297
73 36 297
36 61 449
61 36 449
36 74 243
74 36 243
37 55 624
55 37 624
37 43 970
43 37 970
37 50 779
50 37 779
37 62 664
62 37 664
37 56 468
56 37 468
37 41 366
41 37 366
37 49 214
49 37 214
37 56 244
56 37 244
37 46 812
46 37 812
37 54 881
54 37 881
37 70 610
70 37 610
37 67 375
67 37 375
37 49 162
49 37 162
37 54 188
54 37 188
38 48 776
48 38 776
38 71 831
71 38 831
38 72 992
72 38 992
38 49 334
49 38 334
38 62 211
62 38 211
38 52 290
52 38 290
38 61 906
61 38 906
38 53 55
53 38 55
38 43 481
43 38 481
38 45 133
45 38 133
38 41 854
41 38 854
38 61 623
61 38 623
38 43 851
43 38 851
38 56 537
56 38 537
39 71 894
71 39 894
39 60 531
60 39 531
39 68 632
68 39 632
39 68 313
68 39 313
39 60 612
60 39 612
39 40 399
40 39 399
39 57 716
57 39 716
40 44 914
44 40 914
40 69 898
69 40 898
40 75 538
75 40 538
40 73 775
73 40 775
40 53 773
53 40 773
40 53 772
53 40 772
40 40 99
40 40 99
40 46 370
46 40 370
40 49 818
49 40 818
40 66 637
66 40 637
40 63 679
63 40 679
40 73 401
73 40 401
41 73 144
73 41 144
41 42 564
42 41 564
41 62 669
62 41 669
41 41 565
41 41 565
41 60 715
60 41 715
42 53 543
53 42 543
42 56 480
56 42 480
42 70 128
70 42 128
42 61 919
61 42 919
42 49 674
49 42 674
42 73 47
73 42 47
42 47 959
47 42 959
43 46 221
46 43 221
43 61 981
61 43 981
43 49 183
49 43 183
43 49 756
49 43 756
43 65 527
65 43 527
43 57 599
57 43 599
43 50 363
50 43 363
43 74 447
74 43 447
43 44 539
44 43 539
43 49 276
49 43 276
44 66 61
66 44 61
44 68 152
68 44 152
44 70 485
70 44 485
44 55 132
55 44 132
44 53 394
53 44 394
44 68 773
68 44 773
44 75 156
75 44 156
44 45 943
45 44 943
44 51 328
51 44 328
44 49 620
49 44 620
44 68 492
68 44 492
44 68 620
68 44 620
44 51 865
51 44 865
45 57 591
57 45 591
45 47 725
47 45 725
45 52 274
52 45 274
45 65 297
65 45 297
45 58 406
58 45 406
46 71 484
71 46 484
46 58 382
58 46 382
46 67 894
67 46 894
46 55 982
55 46 982
46 64 509
64 46 509
46 68 914
68 46 914
46 64 841
64 46 841
46 71 52
71 46 52
46 72 44
72 46 44
46 59 484
59 46 484
46 60 674
60 46 674
46 64 218
64 46 218
47 75 707
75 47 707
47 69 769
69 47 769
47 56 569
56 47 569
47 55 286
55 47 286
47 56 180
56 47 180
47 68 546
68 47 546
47 63 42
63 47 42
47 53 882
53 47 882
48 73 481
73 48 481
48 68 758
68 48 758
48 75 971
75 48 971
48 57 978
57 48 978
48 55 292
55 48 292
48 56 103
56 48 103
48 66 901
66 48 901
48 55 901
55 48 901
48 71 137
71 48 137
48 48 551
48 48 551
49 64 293
64 49 293
49 61 730
61 49 730
49 58 613
58 49 613
49 60 287
60 49 287
49 66 314
66 49 314
50 62 973
62 50 973
50 66 543
66 50 543
50 56 989
56 50 989
50 69 438
69 50 438
50 71 719
71 50 719
50 62 567
62 50 567
50 67 255
67 50 255
51 62 535
62 51 535
51 69 495
69 51 495
51 55 90
55 51 90
51 59 639
59 51 639
51 67 43
67 51 43
51 73 857
73 51 857
51 67 250
67 51 250
51 67 694
67 51 694
52 59 270
59 52 270
52 69 817
69 52 817
52 64 289
64 52 289
52 55 797
55 52 797
52 68 181
68 52 181
52 58 275
58 52 275
52 68 359
68 52 359
52 59 128
59 52 128
52 69 102
69 52 102
53 54 661
54 53 661
53 73 205
73 53 205
53 59 711
59 53 711
53 61 44
61 53 44
53 74 512
74 53 512
53 70 515
70 53 515
53 55 777
55 53 777
54 58 402
58 54 402
54 69 266
69 54 266
54 69 178
69 54 178
54 68 118
68 54 118
54 63 329
63 54 329
54 61 685
61 54 685
55 69 479
69 55 479
55 55 155
55 55 155
55 65 515
65 55 515
56 74 645
74 56 645
56 70 496
70 56 496
56 65 322
65 56 322
56 69 80
69 56 80
56 73 510
73 56 510
57 58 900
58 57 900
57 73 422
73 57 422
57 63 438
63 57 438
57 70 368
70 57 368
57 75 743
75 57 743
57 59 385
59 57 385
57 69 2
69 57 2
57 71 420
71 57 420
58 66 913
66 58 913
58 69 614
69 58 614
58 65 62
65 58 62
59 69 427
69 59 427
59 69 677
69 59 677
59 70 259
70 59 259
60 74 546
74 60 546
60 71 420
71 60 420
60 65 775
65 60 775
61 66 617
66 61 617
61 68 603
68 61 603
61 73 433
73 61 433
61 68 812
68 61 812
62 70 478
70 62 478
62 69 297
69 62 297
62 67 117
67 62 117
62 64 242
64 62 242
62 65 289
65 62 289
63 70 454
70 63 454
64 67 800
67 64 800
64 71 918
71 64 918
65 65 259
65 65 259
66 69 146
69 66 146
66 68 537
68 66 537
66 66 735
66 66 735
67 70 111
70 67 111
68 70 610
70 68 610
69 73 379
73 69 379
69 71 165
71 69 165
70 72 137
72 70 137
72 75 457
75 72 457
72 74 534
74 72 534
