26

0 1 567
1 0 567
0 16 283
16 0 283
0 1 908
1 0 908
0 20 500
20 0 500
0 18 682
18 0 682
0 0 624
0 0 624
0 18 895
18 0 895
0 16 953
16 0 953
0 1 781
1 0 781
0 19 213
19 0 213
0 21 282
21 0 282
0 3 929
3 0 929
0 9 978
9 0 978
0 7 14
7 0 14
0 17 12
17 0 12
0 11 314
11 0 314
0 2 710
2 0 710
0 25 635
25 0 635
0 12 706
12 0 706
1 2 514
2 1 514
1 4 716
4 1 716
1 6 297
6 1 297
1 8 422
8 1 422
1 17 870
17 1 870
1 4 652
4 1 652
1 5 697
5 1 697
1 23 264
23 1 264
1 13 517
13 1 517
1 6 43
6 1 43
1 20 244
20 1 244
1 3 147
3 1 147
1 12 816
12 1 816
1 9 13
9 1 13
1 19 714
19 1 714
1 12 235
12 1 235
1 24 706
24 1 706
1 23 740
23 1 740
1 10 998
10 1 998
1 25 555
25 1 555
1 4 618
4 1 618
1 1 290
1 1 290
1 15 507
15 1 507
1 17 831
17 1 831
1 21 797
21 1 797
1 6 273
6 1 273
1 23 262
23 1 262
1 9 92
9 1 92
2 3 971
3 2 971
2 5 497
5 2 497
2 12 671
12 2 671
2 24 261
24 2 261
2 9 743
9 2 743
2 20 586
20 2 586
2 17 831
17 2 831
2 16 995
16 2 995
2 5 542
5 2 542
2 11 594
11 2 594
2 9 378
9 2 378
2 6 446
6 2 446
2 7 386
7 2 386
2 21 831
21 2 831
2 6 910
6 2 910
2 16 312
16 2 312
2 11 624
11 2 624
2 20 86
20 2 86
2 16 482
16 2 482
2 21 162
21 2 162
2 15 135
15 2 135
2 19 425
19 2 425
3 4 950
4 3 950
3 14 204
14 3 204
3 10 161
10 3 161
3 14 721
14 3 721
3 18 283
18 3 283
3 6 532
6 3 532
3 14 914
14 3 914
3 9 405
9 3 405
3 4 110
4 3 110
3 23 71
23 3 71
3 16 174
16 3 174
3 13 420
13 3 420
3 3 465
3 3 465
3 9 530
9 3 530
3 5 71
5 3 71
3 18 107
18 3 107
3 8 114
8 3 114
3 5 361
5 3 361
3 17 372
17 3 372
3 10 419
10 3 419
3 19 292
19 3 292
3 7 855
7 3 855
3 21 373
21 3 373
3 22 547
22 3 547
3 12 54
12 3 54
4 9 333
9 4 333
4 7 97
7 4 97
4 17 494
17 4 494
4 11 621
11 4 621
4 10 553
10 4 553
4 25 555
25 4 555
4 17 525
17 4 525
4 5 508
5 4 508
4 17 40
17 4 40
4 5 112
5 4 112
4 11 972
11 4 972
4 5 377
5 4 377
4 6 988
6 4 988
4 21 912
21 4 912
4 20 536
20 4 536
4 17 471
17 4 471
4 13 512
13 4 512
4 16 971
16 4 971
4 13 563
13 4 563
4 10 619
10 4 619
4 11 471
11 4 471
5 7 599
7 5 599
5 9 221
9 5 221
5 11 812
11 5 812
5 19 189
19 5 189
5 20 802
20 5 802
5 5 409
5 5 409
5 23 899
23 5 899
5 9 555
9 5 555
5 22 934
22 5 934
5 8 365
8 5 365
5 15 949
15 5 949
5 6 997
6 5 997
5 6 283
6 5 283
5 25 187
25 5 187
5 6 196
6 5 196
5 13 412
13 5 412
5 21 489
21 5 489
5 24 797
24 5 797
5 22 643
22 5 643
5 22 633
22 5 633
5 23 705
23 5 705
5 25 805
25 5 805
5 16 99
16 5 99
6 20 551
20 6 551
6 18 731
18 6 731
6 6 317
6 6 317
6 13 587
13 6 587
6 16 248
16 6 248
6 19 782
19 6 782
6 18 568
18 6 568
6 9 378
9 6 378
6 16 848
16 6 848
6 25 377
25 6 377
6 8 356
8 6 356
6 23 396
23 6 396
6 21 994
21 6 994
6 12 595
12 6 595
6 20 529
20 6 529
6 19 723
19 6 723
6 10 12
10 6 12
6 13 313
13 6 313
6 12 582
12 6 582
7 12 292
12 7 292
7 13 910
13 7 910
7 21 476
21 7 476
7 12 912
12 7 912
7 19 422
19 7 422
7 22 746
22 7 746
7 19 984
19 7 984
7 10 644
10 7 644
7 23 974
23 7 974
7 21 410
21 7 410
7 9 899
9 7 899
7 17 652
17 7 652
7 13 921
13 7 921
7 12 431
12 7 431
7 22 711
22 7 711
7 21 986
21 7 986
7 17 121
17 7 121
7 23 559
23 7 559
7 8 907
8 7 907
7 18 283
18 7 283
8 10 542
10 8 542
8 9 956
9 8 956
8 14 965
14 8 965
8 15 143
15 8 143
8 24 983
24 8 983
8 8 133
8 8 133
8 10 351
10 8 351
8 24 786
24 8 786
8 21 66
21 8 66
8 16 252
16 8 252
8 24 340
24 8 340
8 15 509
15 8 509
8 13 839
13 8 839
8 10 84
10 8 84
8 11 921
11 8 921
8 23 881
23 8 881
8 23 372
23 8 372
8 16 591
16 8 591
8 12 142
12 8 142
8 20 391
20 8 391
8 25 809
25 8 809
8 23 742
23 8 742
9 19 135
19 9 135
9 22 226
22 9 226
9 23 961
23 9 961
9 12 272
12 9 272
9 12 788
12 9 788
9 15 61
15 9 61
9 25 990
25 9 990
9 12 910
12 9 910
9 19 322
19 9 322
9 18 317
18 9 317
9 17 931
17 9 931
9 19 262
19 9 262
9 12 759
12 9 759
9 18 372
18 9 372
9 11 401
11 9 401
9 17 863
17 9 863
9 22 612
22 9 612
9 15 112
15 9 112
9 23 854
23 9 854
10 17 829
17 10 829
10 14 843
14 10 843
10 24 872
24 10 872
10 23 713
23 10 713
10 13 962
13 10 962
10 21 781
21 10 781
10 16 435
16 10 435
10 14 624
14 10 624
10 20 902
20 10 902
10 23 607
23 10 607
10 17 647
17 10 647
11 22 216
22 11 216
11 25 753
25 11 753
11 20 567
20 11 567
11 12 658
12 11 658
11 17 20
17 11 20
11 14 624
14 11 624
11 16 12
16 11 12
11 14 668
14 11 668
11 25 240
25 11 240
11 23 526
23 11 526
11 15 850
15 11 850
12 15 737
15 12 737
12 12 612
12 12 612
12 22 466
22 12 466
12 20 32
20 12 32
12 22 907
22 12 907
12 20 554
20 12 554
13 14 494
14 13 494
13 25 953
25 13 953
13 24 24
24 13 24
13 20 596
20 13 596
13 14 52
14 13 52
13 15 440
15 13 440
13 15 847
15 13 847
13 20 655
20 13 655
13 15 561
15 13 561
13 17 548
17 13 548
13 17 192
17 13 192
13 17 749
17 13 749
13 23 676
23 13 676
13 17 633
17 13 633
13 14 516
14 13 516
13 13 620
13 13 620
13 15 513
15 13 513
13 20 512
20 13 512
13 23 558
23 13 558
13 16 266
16 13 266
13 19 688
19 13 688
14 19 974
19 14 974
14 23 661
23 14 661
14 15 25
15 14 25
14 18 135
18 14 135
14 16 499
16 14 499
14 14 36
14 14 36
14 17 746
17 14 746
14 22 108
22 14 108
14 24 670
24 14 670
15 23 76
23 15 76
15 24 151
24 15 151
15 25 532
25 15 532
15 17 993
17 15 993
15 19 40
19 15 40
15 25 191
25 15 191
15 21 267
21 15 267
15 15 963
15 15 963
15 23 383
23 15 383
16 18 851
18 16 851
16 17 492
17 16 492
16 16 832
16 16 832
16 25 381
25 16 381
16 19 927
19 16 927
16 21 782
21 16 782
16 25 201
25 16 201
17 18 602
18 17 602
17 24 880
24 17 880
17 18 116
18 17 116
17 21 987
21 17 987
17 19 23
19 17 23
17 21 672
21 17 672
17 24 965
24 17 965
17 21 194
21 17 194
17 25 551
25 17 551
17 22 796
22 17 796
18 23 690
23 18 690
18 22 768
22 18 768
18 24 5
24 18 5
18 20 173
20 18 173
18 25 576
25 18 576
19 22 445
22 19 445
19 20 886
20 19 886
19 25 135
25 19 135
19 23 917
23 19 917
20 24 102
24 20 102
21 23 796
23 21 796
21 21 718
21 21 718
21 22 451
22 21 451
21 21 323
21 21 323
21 22 852
22 21 852
22 24 45
24 22 45
22 23 969
23 22 969
23 24 438
24 23 438
24 24 689
24 24 689
24 25 63
25 24 63
24 25 973
25 24 973
