26

0 1 522
1 0 522
0 5 791
5 0 791
0 8 142
8 0 142
0 13 585
13 0 585
0 20 85
20 0 85
0 17 435
17 0 435
0 16 411
16 0 411
0 11 236
11 0 236
0 6 846
6 0 846
0 12 693
12 0 693
0 10 270
10 0 270
0 22 716
22 0 716
0 11 955
11 0 955
0 6 39
6 0 39
0 19 856
19 0 856
0 14 76
14 0 76
0 6 777
6 0 777
0 21 797
21 0 797
0 4 600
4 0 600
0 5 763
5 0 763
0 6 867
6 0 867
0 7 579
7 0 579
0 2 564
2 0 564
0 25 254
25 0 254
0 3 508
3 0 508
0 4 537
4 0 537
0 24 185
24 0 185
0 3 702
3 0 702
0 25 278
25 0 278
0 6 94
6 0 94
0 1 302
1 0 302
1 2 500
2 1 500
1 3 604
3 1 604
1 7 934
7 1 934
1 23 313
23 1 313
1 7 680
7 1 680
1 10 266
10 1 266
1 15 514
15 1 514
1 3 753
3 1 753
1 12 625
12 1 625
1 12 164
12 1 164
1 18 180
18 1 180
1 16 693
16 1 693
1 15 260
15 1 260
1 7 243
7 1 243
1 23 375
23 1 375
1 15 794
15 1 794
1 21 534
21 1 534
1 8 218
8 1 218
1 15 147
15 1 147
1 11 545
11 1 545
1 21 631
21 1 631
1 4 125
4 1 125
2 4 37
4 2 37
2 12 928
12 2 928
2 10 289
10 2 289
2 15 321
15 2 321
2 21 81
21 2 81
2 7 514
7 2 514
2 23 368
23 2 368
2 13 866
13 2 866
2 7 269
7 2 269
2 12 190
12 2 190
2 16 787
16 2 787
2 5 395
5 2 395
2 11 78
11 2 78
2 16 552
16 2 552
2 19 299
19 2 299
2 15 523
15 2 523
2 13 361
13 2 361
2 21 683
21 2 683
2 15 343
15 2 343
3 6 837
6 3 837
3 9 749
9 3 749
3 10 605
10 3 605
3 9 61
9 3 61
3 19 553
19 3 553
3 17 134
17 3 134
3 7 719
7 3 719
3 18 676
18 3 676
3 20 248
20 3 248
3 7 485
7 3 485
3 8 471
8 3 471
3 11 673
11 3 673
3 19 172
19 3 172
3 25 463
25 3 463
3 7 923
7 3 923
3 5 209
5 3 209
3 17 403
17 3 403
3 20 759
20 3 759
4 14 403
14 4 403
4 18 483
18 4 483
4 11 569
11 4 569
4 12 496
12 4 496
4 6 333
6 4 333
4 4 511
4 4 511
4 19 18
19 4 18
4 7 573
7 4 573
4 25 754
25 4 754
4 25 929
25 4 929
4 19 259
19 4 259
4 18 304
18 4 304
4 9 648
9 4 648
4 24 961
24 4 961
4 5 158
5 4 158
4 15 879
15 4 879
4 24 561
24 4 561
4 10 80
10 4 80
4 6 367
6 4 367
4 19 672
19 4 672
4 22 734
22 4 734
4 6 872
6 4 872
4 9 246
9 4 246
5 16 185
16 5 185
5 9 263
9 5 263
5 13 288
13 5 288
5 18 876
18 5 876
5 23 389
23 5 389
5 25 134
25 5 134
5 22 235
22 5 235
5 10 632
10 5 632
5 13 889
13 5 889
5 15 168
15 5 168
5 9 622
9 5 622
5 7 595
7 5 595
5 12 269
12 5 269
5 20 942
20 5 942
5 6 4
6 5 4
5 14 869
14 5 869
5 17 965
17 5 965
5 19 703
19 5 703
5 5 156
5 5 156
5 16 890
16 5 890
5 18 920
18 5 920
5 12 316
12 5 316
5 19 962
19 5 962
6 19 548
19 6 548
6 6 326
6 6 326
6 21 15
21 6 15
6 14 204
14 6 204
6 10 324
10 6 324
6 12 770
12 6 770
6 12 730
12 6 730
6 25 119
25 6 119
6 15 460
15 6 460
6 9 133
9 6 133
6 8 875
8 6 875
6 25 103
25 6 103
6 10 327
10 6 327
6 17 154
17 6 154
6 8 594
8 6 594
6 11 725
11 6 725
6 6 899
6 6 899
6 10 688
10 6 688
6 19 439
19 6 439
6 15 555
15 6 555
6 9 482
9 6 482
6 7 755
7 6 755
6 18 845
18 6 845
7 15 549
15 7 549
7 24 373
24 7 373
7 25 112
25 7 112
7 14 219
14 7 219
7 11 579
11 7 579
7 9 865
9 7 865
7 9 193
9 7 193
7 8 419
8 7 419
7 19 871
19 7 871
7 14 50
14 7 50
7 24 507
24 7 507
7 25 733
25 7 733
7 16 675
16 7 675
8 11 771
11 8 771
8 25 917
25 8 917
8 10 316
10 8 316
8 11 684
11 8 684
8 15 318
15 8 318
8 16 43
16 8 43
8 11 768
11 8 768
8 21 376
21 8 376
8 23 507
23 8 507
8 17 262
17 8 262
8 17 624
17 8 624
8 15 973
15 8 973
8 19 238
19 8 238
8 25 461
25 8 461
8 22 192
22 8 192
9 9 795
9 9 795
9 10 168
10 9 168
9 24 997
24 9 997
9 25 74
25 9 74
9 18 442
18 9 442
9 12 323
12 9 323
9 20 109
20 9 109
9 16 638
16 9 638
9 12 759
12 9 759
9 16 970
16 9 970
9 17 406
17 9 406
9 19 185
19 9 185
9 24 179
24 9 179
9 18 595
18 9 595
9 23 772
23 9 772
10 22 161
22 10 161
10 12 990
12 10 990
10 10 552
10 10 552
10 10 415
10 10 415
10 11 575
11 10 575
10 15 323
15 10 323
10 24 80
24 10 80
10 18 658
18 10 658
10 18 489
18 10 489
10 12 824
12 10 824
10 16 428
16 10 428
10 22 38
22 10 38
11 21 817
21 11 817
11 24 10
24 11 10
11 22 207
22 11 207
11 19 468
19 11 468
11 24 484
24 11 484
11 14 716
14 11 716
11 17 625
17 11 625
11 25 863
25 11 863
11 19 176
19 11 176
11 17 153
17 11 153
11 25 831
25 11 831
11 22 881
22 11 881
11 23 15
23 11 15
11 14 453
14 11 453
11 17 137
17 11 137
11 23 654
23 11 654
11 17 562
17 11 562
12 19 315
19 12 315
12 17 834
17 12 834
12 14 610
14 12 610
12 18 391
18 12 391
12 12 465
12 12 465
12 22 57
22 12 57
12 15 338
15 12 338
12 15 175
15 12 175
13 17 739
17 13 739
13 16 913
16 13 913
13 16 910
16 13 910
13 21 815
21 13 815
13 25 442
25 13 442
13 14 175
14 13 175
13 16 370
16 13 370
14 17 646
17 14 646
14 21 115
21 14 115
14 23 666
23 14 666
14 16 208
16 14 208
14 23 37
23 14 37
14 20 49
20 14 49
14 17 888
17 14 888
14 25 607
25 14 607
14 21 526
21 14 526
14 14 958
14 14 958
14 19 709
19 14 709
14 19 648
19 14 648
14 19 573
19 14 573
15 15 537
15 15 537
15 25 240
25 15 240
15 21 407
21 15 407
15 23 757
23 15 757
15 17 700
17 15 700
15 15 370
15 15 370
15 25 333
25 15 333
15 21 855
21 15 855
15 24 305
24 15 305
15 17 439
17 15 439
16 20 622
20 16 622
16 21 934
21 16 934
16 21 392
21 16 392
16 16 253
16 16 253
16 24 880
24 16 880
16 24 929
24 16 929
16 18 137
18 16 137
17 20 739
20 17 739
17 25 377
25 17 377
17 20 520
20 17 520
17 17 179
17 17 179
17 23 749
23 17 749
17 25 588
25 17 588
17 19 798
19 17 798
17 23 574
23 17 574
18 19 759
19 18 759
18 23 595
23 18 595
18 20 333
20 18 333
18 19 65
19 18 65
18 23 70
23 18 70
18 22 692
22 18 692
18 25 151
25 18 151
18 24 74
24 18 74
19 24 64
24 19 64
19 25 206
25 19 206
19 22 421
22 19 421
19 20 482
20 19 482
19 21 410
21 19 410
19 24 612
24 19 612
19 24 301
24 19 301
20 21 996
21 20 996
21 23 279
23 21 279
21 21 241
21 21 241
21 24 103
24 21 103
22 25 8
25 22 8
22 25 658
25 22 658
22 23 527
23 22 527
22 24 997
24 22 997
24 25 720
25 24 720
