88

0 1 341
1 0 341
0 2 32
2 0 32
0 26 399
26 0 399
0 42 439
42 0 439
0 59 840
59 0 840
0 74 599
74 0 599
0 29 101
29 0 101
0 55 452
55 0 452
0 84 882
84 0 882
0 23 315
23 0 315
0 24 822
24 0 822
0 15 291
15 0 291
0 45 552
45 0 552
0 69 797
69 0 797
0 82 663
82 0 663
0 65 310
65 0 310
0 25 416
25 0 416
0 26 822
26 0 822
1 3 994
3 1 994
1 4 624
4 1 624
1 8 811
8 1 811
1 11 574
11 1 574
1 16 695
16 1 695
1 73 799
73 1 799
1 7 234
7 1 234
1 12 932
12 1 932
1 71 895
71 1 895
1 80 897
80 1 897
1 82 534
82 1 534
1 37 308
37 1 308
1 11 233
11 1 233
1 21 235
21 1 235
1 28 38
28 1 38
1 70 449
70 1 449
2 6 532
6 2 532
2 7 675
7 2 675
2 38 755
38 2 755
2 58 323
58 2 323
2 3 11
3 2 11
2 86 286
86 2 286
2 41 929
41 2 929
2 75 95
75 2 95
2 5 936
5 2 936
2 7 609
7 2 609
2 8 489
8 2 489
2 51 291
51 2 291
2 51 404
51 2 404
2 69 575
69 2 575
2 69 570
69 2 570
2 63 884
63 2 884
3 12 965
12 3 965
3 27 203
27 3 203
3 37 212
37 3 212
3 53 373
53 3 373
3 11 823
11 3 823
3 73 710
73 3 710
3 85 474
85 3 474
3 24 156
24 3 156
3 68 51
68 3 51
4 5 814
5 4 814
4 44 206
44 4 206
4 85 39
85 4 39
4 18 775
18 4 775
4 23 194
23 4 194
4 85 381
85 4 381
4 18 148
18 4 148
4 13 108
13 4 108
4 62 605
62 4 605
5 19 567
19 5 567
5 82 120
82 5 120
5 85 662
85 5 662
5 49 327
49 5 327
5 35 964
35 5 964
5 17 124
17 5 124
5 25 326
25 5 326
5 55 255
55 5 255
5 29 306
29 5 306
5 73 520
73 5 520
5 21 283
21 5 283
5 18 128
18 5 128
5 50 674
50 5 674
5 25 276
25 5 276
5 8 953
8 5 953
5 61 708
61 5 708
5 30 620
30 5 620
6 9 436
9 6 436
6 34 976
34 6 976
6 47 480
47 6 480
6 77 225
77 6 225
6 39 505
39 6 505
6 7 191
7 6 191
6 80 339
80 6 339
6 60 75
60 6 75
6 45 391
45 6 391
6 76 618
76 6 618
6 76 218
76 6 218
6 78 990
78 6 990
6 27 29
27 6 29
6 74 101
74 6 101
6 27 597
27 6 597
6 81 566
81 6 566
6 63 631
63 6 631
6 46 684
46 6 684
6 81 676
81 6 676
6 32 842
32 6 842
7 14 776
14 7 776
7 32 705
32 7 705
7 87 584
87 7 584
7 47 350
47 7 350
7 16 731
16 7 731
7 15 794
15 7 794
7 86 937
86 7 937
7 34 497
34 7 497
7 11 750
11 7 750
7 55 882
55 7 882
7 28 755
28 7 755
7 67 422
67 7 422
7 87 818
87 7 818
7 21 286
21 7 286
7 79 291
79 7 291
7 35 66
35 7 66
7 25 502
25 7 502
8 10 824
10 8 824
8 17 210
17 8 210
8 18 30
18 8 30
8 30 167
30 8 167
8 54 524
54 8 524
8 23 113
23 8 113
8 81 471
81 8 471
8 24 999
24 8 999
8 45 472
45 8 472
8 51 589
51 8 589
8 85 504
85 8 504
8 12 795
12 8 795
8 32 873
32 8 873
8 20 774
20 8 774
8 28 921
28 8 921
8 9 529
9 8 529
8 87 992
87 8 992
9 45 372
45 9 372
9 64 552
64 9 552
9 65 469
65 9 469
9 65 200
65 9 200
9 74 424
74 9 424
9 12 355
12 9 355
9 41 304
41 9 304
9 51 971
51 9 971
9 77 591
77 9 591
9 33 528
33 9 528
9 40 92
40 9 92
9 83 494
83 9 494
9 25 213
25 9 213
9 75 646
75 9 646
9 86 479
86 9 479
9 28 970
28 9 970
9 26 492
26 9 492
9 23 990
23 9 990
10 15 109
15 10 109
10 87 594
87 10 594
10 40 164
40 10 164
10 11 112
11 10 112
10 58 253
58 10 253
10 12 241
12 10 241
10 52 913
52 10 913
10 69 825
69 10 825
10 69 355
69 10 355
10 64 600
64 10 600
10 44 973
44 10 973
10 21 631
21 10 631
10 86 469
86 10 469
11 53 723
53 11 723
11 11 295
11 11 295
11 52 234
52 11 234
11 39 906
39 11 906
11 72 989
72 11 989
11 33 81
33 11 81
12 13 749
13 12 749
12 74 252
74 12 252
12 81 444
81 12 444
12 55 177
55 12 177
12 28 729
28 12 729
12 87 984
87 12 984
12 15 760
15 12 760
12 74 489
74 12 489
12 29 700
29 12 700
12 29 33
29 12 33
12 24 969
24 12 969
13 45 260
45 13 260
13 51 238
51 13 238
13 13 950
13 13 950
13 75 465
75 13 465
13 17 93
17 13 93
13 73 592
73 13 592
13 15 512
15 13 512
13 70 104
70 13 104
13 38 456
38 13 456
13 31 2
31 13 2
13 44 387
44 13 387
13 16 870
16 13 870
13 31 660
31 13 660
13 36 392
36 13 392
14 55 46
55 14 46
14 77 279
77 14 279
14 70 213
70 14 213
14 18 720
18 14 720
14 64 638
64 14 638
14 16 157
16 14 157
14 21 884
21 14 884
15 53 987
53 15 987
15 40 799
40 15 799
15 78 634
78 15 634
15 56 402
56 15 402
15 55 232
55 15 232
15 75 320
75 15 320
15 74 167
74 15 167
15 61 297
61 15 297
16 20 720
20 16 720
16 29 347
29 16 347
16 28 731
28 16 731
16 75 641
75 16 641
16 39 393
39 16 393
17 66 234
66 17 234
17 61 852
61 17 852
17 57 882
57 17 882
17 80 950
80 17 950
17 68 867
68 17 867
17 51 618
51 17 618
17 60 51
60 17 51
18 23 535
23 18 535
18 77 19
77 18 19
18 48 576
48 18 576
18 71 937
71 18 937
18 47 259
47 18 259
18 30 1
30 18 1
18 39 142
39 18 142
18 59 39
59 18 39
18 35 63
35 18 63
18 46 643
46 18 643
18 35 933
35 18 933
18 68 533
68 18 533
18 43 163
43 18 163
18 22 168
22 18 168
18 59 771
59 18 771
19 21 48
21 19 48
19 22 646
22 19 646
19 24 480
24 19 480
19 52 79
52 19 79
19 80 157
80 19 157
19 61 449
61 19 449
19 80 608
80 19 608
19 29 365
29 19 365
19 71 623
71 19 623
19 61 611
61 19 611
19 49 185
49 19 185
19 34 990
34 19 990
19 52 160
52 19 160
20 48 574
48 20 574
20 68 144
68 20 144
20 84 440
84 20 440
20 51 293
51 20 293
20 43 935
43 20 935
20 28 768
28 20 768
20 25 800
25 20 800
20 21 620
21 20 620
20 64 53
64 20 53
20 59 15
59 20 15
20 71 439
71 20 439
20 33 121
33 20 121
20 24 492
24 20 492
21 50 652
50 21 652
21 51 163
51 21 163
21 48 892
48 21 892
21 35 407
35 21 407
21 51 253
51 21 253
21 77 679
77 21 679
21 56 451
56 21 451
21 74 715
74 21 715
22 77 366
77 22 366
22 25 604
25 22 604
22 84 162
84 22 162
22 78 566
78 22 566
22 84 155
84 22 155
23 33 111
33 23 111
23 51 860
51 23 860
23 71 319
71 23 319
23 23 26
23 23 26
23 84 57
84 23 57
23 24 909
24 23 909
23 48 63
48 23 63
23 77 275
77 23 275
23 75 322
75 23 322
24 25 709
25 24 709
24 28 268
28 24 268
24 39 683
39 24 683
24 40 365
40 24 365
24 44 663
44 24 663
24 65 589
65 24 589
24 70 677
70 24 677
24 49 689
49 24 689
24 79 729
79 24 729
24 82 1
82 24 1
24 45 870
45 24 870
24 41 626
41 24 626
24 58 604
58 24 604
25 36 191
36 25 191
25 60 447
60 25 447
25 32 873
32 25 873
25 28 42
28 25 42
25 55 944
55 25 944
25 83 758
83 25 758
25 43 938
43 25 938
25 39 50
39 25 50
25 82 645
82 25 645
25 74 965
74 25 965
26 31 698
31 26 698
26 58 762
58 26 762
26 70 81
70 26 81
26 83 896
83 26 896
26 68 428
68 26 428
26 31 241
31 26 241
26 53 168
53 26 168
26 71 357
71 26 357
26 73 762
73 26 762
26 85 103
85 26 103
26 87 705
87 26 705
26 54 471
54 26 471
26 67 136
67 26 136
26 56 908
56 26 908
26 48 36
48 26 36
26 42 628
42 26 628
26 61 304
61 26 304
26 86 136
86 26 136
26 78 344
78 26 344
27 31 131
31 27 131
27 53 318
53 27 318
27 53 424
53 27 424
27 70 886
70 27 886
27 35 696
35 27 696
27 69 44
69 27 44
27 39 684
39 27 684
27 72 110
72 27 110
27 46 766
46 27 766
27 41 211
41 27 211
27 79 842
79 27 842
27 61 784
61 27 784
28 45 561
45 28 561
28 39 51
39 28 51
28 60 430
60 28 430
28 43 698
43 28 698
28 62 830
62 28 830
28 67 757
67 28 757
28 43 530
43 28 530
28 35 489
35 28 489
28 34 635
34 28 635
28 43 506
43 28 506
29 56 642
56 29 642
29 68 993
68 29 993
29 50 219
50 29 219
29 65 122
65 29 122
29 43 816
43 29 816
29 50 103
50 29 103
29 67 97
67 29 97
29 52 4
52 29 4
29 63 32
63 29 32
29 37 130
37 29 130
29 77 581
77 29 581
30 68 215
68 30 215
30 34 217
34 30 217
30 79 902
79 30 902
30 34 372
34 30 372
30 80 215
80 30 215
30 83 937
83 30 937
30 40 4
40 30 4
30 85 123
85 30 123
30 41 306
41 30 306
31 33 205
33 31 205
31 72 22
72 31 22
31 60 327
60 31 327
31 59 930
59 31 930
31 55 337
55 31 337
31 39 852
39 31 852
31 62 96
62 31 96
32 67 558
67 32 558
32 57 418
57 32 418
32 80 18
80 32 18
32 60 575
60 32 575
32 76 302
76 32 302
32 50 558
50 32 558
32 85 765
85 32 765
32 74 914
74 32 914
32 81 651
81 32 651
32 80 477
80 32 477
33 35 302
35 33 302
33 79 130
79 33 130
33 87 321
87 33 321
33 36 571
36 33 571
33 54 839
54 33 839
33 63 356
63 33 356
33 70 251
70 33 251
33 72 907
72 33 907
33 82 874
82 33 874
33 52 682
52 33 682
34 41 19
41 34 19
34 80 19
80 34 19
34 81 534
81 34 534
34 62 645
62 34 645
34 81 675
81 34 675
34 37 892
37 34 892
34 74 797
74 34 797
34 63 433
63 34 433
34 54 984
54 34 984
34 70 444
70 34 444
35 49 47
49 35 47
35 37 413
37 35 413
35 44 40
44 35 40
35 73 567
73 35 567
35 36 24
36 35 24
35 83 699
83 35 699
35 84 118
84 35 118
35 45 583
45 35 583
35 39 292
39 35 292
36 85 238
85 36 238
36 44 858
44 36 858
36 40 999
40 36 999
36 37 282
37 36 282
36 72 174
72 36 174
36 76 538
76 36 538
36 83 60
83 36 60
37 43 358
43 37 358
37 49 996
49 37 996
37 39 284
39 37 284
37 68 867
68 37 867
37 50 875
50 37 875
37 69 637
69 37 637
37 81 824
81 37 824
37 75 411
75 37 411
37 66 997
66 37 997
38 46 439
46 38 439
38 79 170
79 38 170
38 86 45
86 38 45
38 60 259
60 38 259
38 78 235
78 38 235
38 68 648
68 38 648
38 57 588
57 38 588
38 75 933
75 38 933
38 59 294
59 38 294
39 85 811
85 39 811
39 75 60
75 39 60
39 40 279
40 39 279
39 73 220
73 39 220
39 40 30
40 39 30
39 42 479
42 39 479
39 74 42
74 39 42
39 43 871
43 39 871
39 74 293
74 39 293
39 48 45
48 39 45
39 63 473
63 39 473
40 64 237
64 40 237
40 60 250
60 40 250
40 60 620
60 40 620
40 86 681
86 40 681
40 50 498
50 40 498
40 66 651
66 40 651
41 50 959
50 41 959
41 57 318
57 41 318
41 58 486
58 41 486
41 45 783
45 41 783
41 62 155
62 41 155
41 86 789
86 41 789
41 81 349
81 41 349
41 70 399
70 41 399
42 65 360
65 42 360
42 66 202
66 42 202
42 52 91
52 42 91
42 70 253
70 42 253
42 48 815
48 42 815
42 50 486
50 42 486
42 44 142
44 42 142
42 76 55
76 42 55
42 60 841
60 42 841
43 75 712
75 43 712
43 60 243
60 43 243
43 78 576
78 43 576
43 57 61
57 43 61
43 85 683
85 43 683
44 52 382
52 44 382
44 79 286
79 44 286
44 45 20
45 44 20
44 81 345
81 44 345
44 82 476
82 44 476
44 54 988
54 44 988
44 46 504
46 44 504
44 46 492
46 44 492
44 74 923
74 44 923
45 75 370
75 45 370
45 62 67
62 45 67
45 68 763
68 45 763
45 62 842
62 45 842
45 84 736
84 45 736
45 46 305
46 45 305
45 62 501
62 45 501
45 62 320
62 45 320
46 51 626
51 46 626
46 64 389
64 46 389
46 61 440
61 46 440
46 51 969
51 46 969
46 80 946
80 46 946
46 85 306
85 46 306
46 57 897
57 46 897
47 62 764
62 47 764
47 63 823
63 47 823
47 61 247
61 47 247
47 86 261
86 47 261
47 74 136
74 47 136
47 84 628
84 47 628
48 48 67
48 48 67
48 49 401
49 48 401
48 83 628
83 48 628
49 78 517
78 49 517
49 73 865
73 49 865
49 86 804
86 49 804
49 71 764
71 49 764
49 62 168
62 49 168
49 52 310
52 49 310
49 65 689
65 49 689
50 73 991
73 50 991
50 58 620
58 50 620
50 87 985
87 50 985
50 80 716
80 50 716
50 75 487
75 50 487
51 54 365
54 51 365
51 85 749
85 51 749
51 86 484
86 51 484
51 57 59
57 51 59
51 72 248
72 51 248
52 62 489
62 52 489
52 74 930
74 52 930
52 58 985
58 52 985
53 61 687
61 53 687
53 75 724
75 53 724
53 54 473
54 53 473
53 82 252
82 53 252
53 81 19
81 53 19
54 68 468
68 54 468
54 75 512
75 54 512
55 62 742
62 55 742
55 68 575
68 55 575
55 82 823
82 55 823
55 67 425
67 55 425
55 87 541
87 55 541
56 83 676
83 56 676
56 80 23
80 56 23
56 76 38
76 56 38
56 59 42
59 56 42
56 68 595
68 56 595
56 79 150
79 56 150
57 68 669
68 57 669
58 60 136
60 58 136
58 78 378
78 58 378
58 71 880
71 58 880
58 80 421
80 58 421
59 73 179
73 59 179
59 71 61
71 59 61
59 71 549
71 59 549
59 68 484
68 59 484
59 73 249
73 59 249
59 70 93
70 59 93
59 70 778
70 59 778
60 63 939
63 60 939
60 70 190
70 60 190
60 73 515
73 60 515
60 71 583
71 60 583
60 60 237
60 60 237
60 74 917
74 60 917
60 85 174
85 60 174
60 61 437
61 60 437
61 66 165
66 61 165
61 87 99
87 61 99
61 82 646
82 61 646
62 76 983
76 62 983
62 73 159
73 62 159
63 76 757
76 63 757
63 69 115
69 63 115
63 64 255
64 63 255
64 69 801
69 64 801
64 73 463
73 64 463
64 66 234
66 64 234
64 70 761
70 64 761
64 69 378
69 64 378
64 86 685
86 64 685
65 87 90
87 65 90
65 77 861
77 65 861
65 70 416
70 65 416
65 77 661
77 65 661
65 82 801
82 65 801
66 75 771
75 66 771
66 84 507
84 66 507
66 84 465
84 66 465
66 67 76
67 66 76
67 84 42
84 67 42
67 80 965
80 67 965
67 72 749
72 67 749
67 71 766
71 67 766
67 87 743
87 67 743
67 76 980
76 67 980
68 84 698
84 68 698
68 86 641
86 68 641
68 81 248
81 68 248
68 82 306
82 68 306
69 85 666
85 69 666
69 86 457
86 69 457
69 73 12
73 69 12
69 84 455
84 69 455
70 71 734
71 70 734
70 73 337
73 70 337
70 75 661
75 70 661
70 82 80
82 70 80
70 81 101
81 70 101
70 76 532
76 70 532
70 78 499
78 70 499
71 76 330
76 71 330
72 87 92
87 72 92
72 80 67
80 72 67
72 74 717
74 72 717
75 76 24
76 75 24
75 81 145
81 75 145
75 83 33
83 75 33
76 84 435
84 76 435
76 80 640
80 76 640
78 80 125
80 78 125
78 85 30
85 78 30
79 85 81
85 79 81
80 84 638
84 80 638
81 82 726
82 81 726
82 86 960
86 82 960
83 85 780
85 83 780
