23

0 1 671
1 0 671
0 2 605
2 0 605
0 5 510
5 0 510
0 19 461
19 0 461
0 21 803
21 0 803
0 8 720
8 0 720
0 11 325
11 0 325
0 3 511
3 0 511
0 11 887
11 0 887
0 12 324
12 0 324
0 5 366
5 0 366
0 8 112
8 0 112
0 13 183
13 0 183
0 12 32
12 0 32
0 19 644
19 0 644
0 3 582
3 0 582
1 3 644
3 1 644
1 6 665
6 1 665
1 10 779
10 1 779
1 7 798
7 1 798
1 15 289
15 1 289
1 19 381
19 1 381
1 22 212
22 1 212
1 3 31
3 1 31
1 9 391
9 1 391
1 20 137
20 1 137
1 13 317
13 1 317
1 12 348
12 1 348
1 19 657
19 1 657
1 10 154
10 1 154
2 7 720
7 2 720
2 8 579
8 2 579
2 11 527
11 2 527
2 19 366
19 2 366
2 22 946
22 2 946
2 3 328
3 2 328
2 14 974
14 2 974
2 18 878
18 2 878
2 20 895
20 2 895
2 13 51
13 2 51
2 3 456
3 2 456
2 3 828
3 2 828
2 7 478
7 2 478
2 13 923
13 2 923
2 9 146
9 2 146
3 4 666
4 3 666
3 15 970
15 3 970
3 17 618
17 3 618
3 8 89
8 3 89
3 16 270
16 3 270
3 21 168
21 3 168
3 22 711
22 3 711
3 20 523
20 3 523
3 6 222
6 3 222
3 10 380
10 3 380
3 15 498
15 3 498
3 6 254
6 3 254
3 16 475
16 3 475
4 18 88
18 4 88
4 18 98
18 4 98
4 19 437
19 4 437
4 11 387
11 4 387
4 5 116
5 4 116
4 4 161
4 4 161
4 22 167
22 4 167
4 4 993
4 4 993
4 18 187
18 4 187
4 19 584
19 4 584
4 19 756
19 4 756
4 7 593
7 4 593
4 12 99
12 4 99
4 18 277
18 4 277
5 22 333
22 5 333
5 7 871
7 5 871
5 12 711
12 5 711
5 16 288
16 5 288
5 15 569
15 5 569
5 8 316
8 5 316
5 19 294
19 5 294
5 22 352
22 5 352
5 8 849
8 5 849
5 9 628
9 5 628
5 16 183
16 5 183
5 14 455
14 5 455
5 15 940
15 5 940
5 21 202
21 5 202
5 17 766
17 5 766
6 19 163
19 6 163
6 7 659
7 6 659
6 12 678
12 6 678
6 6 198
6 6 198
6 18 328
18 6 328
6 14 102
14 6 102
7 9 204
9 7 204
7 11 738
11 7 738
7 21 180
21 7 180
7 10 217
10 7 217
7 15 984
15 7 984
7 9 464
9 7 464
7 17 105
17 7 105
7 19 19
19 7 19
8 14 150
14 8 150
8 19 635
19 8 635
8 15 983
15 8 983
8 18 971
18 8 971
8 21 821
21 8 821
8 22 203
22 8 203
8 15 109
15 8 109
8 10 63
10 8 63
8 10 977
10 8 977
9 22 649
22 9 649
9 20 591
20 9 591
9 19 698
19 9 698
9 14 318
14 9 318
9 11 396
11 9 396
9 15 279
15 9 279
9 11 447
11 9 447
9 18 93
18 9 93
9 11 433
11 9 433
9 22 21
22 9 21
9 13 66
13 9 66
10 10 849
10 10 849
10 13 797
13 10 797
10 13 293
13 10 293
10 18 491
18 10 491
10 13 137
13 10 137
10 18 146
18 10 146
11 12 416
12 11 416
11 20 436
20 11 436
11 21 496
21 11 496
11 15 215
15 11 215
11 16 954
16 11 954
11 13 617
13 11 617
11 20 235
20 11 235
11 19 975
19 11 975
11 13 523
13 11 523
12 13 864
13 12 864
12 22 850
22 12 850
12 18 18
18 12 18
12 13 16
13 12 16
12 21 676
21 12 676
12 21 106
21 12 106
12 20 196
20 12 196
12 16 568
16 12 568
13 19 561
19 13 561
13 20 39
20 13 39
13 18 121
18 13 121
13 15 739
15 13 739
13 14 909
14 13 909
13 15 658
15 13 658
14 17 122
17 14 122
14 17 802
17 14 802
14 18 581
18 14 581
15 16 273
16 15 273
15 22 885
22 15 885
15 22 754
22 15 754
17 18 511
18 17 511
17 17 914
17 17 914
18 21 791
21 18 791
18 22 742
22 18 742
19 20 16
20 19 16
20 21 681
21 20 681
21 22 104
22 21 104
