82

0 1 757
1 0 757
0 3 107
3 0 107
0 25 932
25 0 932
0 11 234
11 0 234
0 43 27
43 0 27
0 64 662
64 0 662
0 38 886
38 0 886
0 78 564
78 0 564
0 19 490
19 0 490
0 4 563
4 0 563
0 10 401
10 0 401
0 17 634
17 0 634
0 7 104
7 0 104
0 12 976
12 0 976
0 78 361
78 0 361
0 17 560
17 0 560
0 57 304
57 0 304
0 49 938
49 0 938
0 56 981
56 0 981
1 2 757
2 1 757
1 8 31
8 1 31
1 42 177
42 1 177
1 43 99
43 1 99
1 44 823
44 1 823
1 68 884
68 1 884
1 67 351
67 1 351
1 69 106
69 1 106
1 62 269
62 1 269
1 47 582
47 1 582
1 46 252
46 1 252
1 66 479
66 1 479
1 17 798
17 1 798
1 56 856
56 1 856
1 5 974
5 1 974
1 51 368
51 1 368
1 23 429
23 1 429
2 4 177
4 2 177
2 7 722
7 2 722
2 23 839
23 2 839
2 53 321
53 2 321
2 11 279
11 2 279
2 46 368
46 2 368
2 73 752
73 2 752
2 73 780
73 2 780
2 25 79
25 2 79
2 46 515
46 2 515
2 79 150
79 2 150
2 44 825
44 2 825
2 78 369
78 2 369
2 53 954
53 2 954
2 71 240
71 2 240
2 19 945
19 2 945
2 25 790
25 2 790
2 65 192
65 2 192
2 11 331
11 2 331
2 63 544
63 2 544
2 67 367
67 2 367
2 78 477
78 2 477
3 6 269
6 3 269
3 17 999
17 3 999
3 37 227
37 3 227
3 5 478
5 3 478
3 36 4
36 3 4
3 13 104
13 3 104
3 47 333
47 3 333
3 31 744
31 3 744
3 57 919
57 3 919
3 56 827
56 3 827
3 35 857
35 3 857
3 39 166
39 3 166
3 30 54
30 3 54
3 21 473
21 3 473
3 75 889
75 3 889
3 42 869
42 3 869
3 11 592
11 3 592
3 19 251
19 3 251
3 76 537
76 3 537
3 29 591
29 3 591
3 81 156
81 3 156
4 5 621
5 4 621
4 13 181
13 4 181
4 16 880
16 4 880
4 21 925
21 4 925
4 31 317
31 4 317
4 11 834
11 4 834
4 71 797
71 4 797
4 12 447
12 4 447
4 6 949
6 4 949
4 38 964
38 4 964
4 21 195
21 4 195
4 14 80
14 4 80
4 16 957
16 4 957
4 12 902
12 4 902
4 36 740
36 4 740
4 27 354
27 4 354
4 45 267
45 4 267
4 49 647
49 4 647
4 48 373
48 4 373
4 18 433
18 4 433
4 24 36
24 4 36
4 36 145
36 4 145
4 52 146
52 4 146
5 10 287
10 5 287
5 14 878
14 5 878
5 70 641
70 5 641
5 49 31
49 5 31
5 24 767
24 5 767
5 47 263
47 5 263
5 54 81
54 5 81
5 42 473
42 5 473
5 58 185
58 5 185
5 77 203
77 5 203
5 65 917
65 5 917
5 62 643
62 5 643
5 10 74
10 5 74
5 42 940
42 5 940
5 58 356
58 5 356
5 73 644
73 5 644
5 78 103
78 5 103
5 8 840
8 5 840
5 14 743
14 5 743
5 61 671
61 5 671
6 9 77
9 6 77
6 72 506
72 6 506
6 71 526
71 6 526
6 39 558
39 6 558
6 46 216
46 6 216
6 46 95
46 6 95
6 21 266
21 6 266
6 34 398
34 6 398
6 11 95
11 6 95
6 43 181
43 6 181
6 73 62
73 6 62
6 51 104
51 6 104
6 77 994
77 6 994
6 37 772
37 6 772
6 52 456
52 6 456
6 26 946
26 6 946
7 77 740
77 7 740
7 14 593
14 7 593
7 8 225
8 7 225
7 56 387
56 7 387
7 78 801
78 7 801
7 35 983
35 7 983
7 73 618
73 7 618
7 37 137
37 7 137
7 33 839
33 7 839
7 21 99
21 7 99
7 10 552
10 7 552
7 41 389
41 7 389
7 51 856
51 7 856
8 11 537
11 8 537
8 12 292
12 8 292
8 10 917
10 8 917
8 62 856
62 8 856
8 11 753
11 8 753
8 32 623
32 8 623
8 51 413
51 8 413
8 52 564
52 8 564
8 33 773
33 8 773
8 29 837
29 8 837
8 49 466
49 8 466
8 17 296
17 8 296
8 78 798
78 8 798
8 69 874
69 8 874
8 68 713
68 8 713
8 68 867
68 8 867
8 70 112
70 8 112
8 33 190
33 8 190
8 73 686
73 8 686
8 74 871
74 8 871
8 11 332
11 8 332
8 39 83
39 8 83
8 61 654
61 8 654
8 16 220
16 8 220
8 26 239
26 8 239
8 36 850
36 8 850
9 24 820
24 9 820
9 45 564
45 9 564
9 19 896
19 9 896
9 45 757
45 9 757
9 19 914
19 9 914
9 16 444
16 9 444
9 80 325
80 9 325
9 17 502
17 9 502
9 46 32
46 9 32
9 67 281
67 9 281
9 48 1
48 9 1
9 66 151
66 9 151
9 25 390
25 9 390
9 42 372
42 9 372
9 22 702
22 9 702
10 15 128
15 10 128
10 28 906
28 10 906
10 46 597
46 10 597
10 73 429
73 10 429
10 74 8
74 10 8
10 12 933
12 10 933
10 50 194
50 10 194
10 47 893
47 10 893
10 44 2
44 10 2
10 30 45
30 10 45
10 58 204
58 10 204
10 54 186
54 10 186
10 60 343
60 10 343
10 53 233
53 10 233
10 23 407
23 10 407
10 67 17
67 10 17
11 35 799
35 11 799
11 75 372
75 11 372
11 65 306
65 11 306
11 55 136
55 11 136
11 58 117
58 11 117
11 42 367
42 11 367
11 58 981
58 11 981
11 18 638
18 11 638
11 67 766
67 11 766
11 25 650
25 11 650
11 32 767
32 11 767
11 21 236
21 11 236
11 24 173
24 11 173
11 43 173
43 11 173
11 49 260
49 11 260
11 40 265
40 11 265
11 67 754
67 11 754
12 18 66
18 12 66
12 35 207
35 12 207
12 41 872
41 12 872
12 79 715
79 12 715
12 69 502
69 12 502
12 38 157
38 12 157
12 53 96
53 12 96
12 78 54
78 12 54
12 58 33
58 12 33
12 21 350
21 12 350
12 33 740
33 12 740
12 69 780
69 12 780
12 49 935
49 12 935
13 30 158
30 13 158
13 55 429
55 13 429
13 77 607
77 13 607
13 81 348
81 13 348
13 61 635
61 13 635
13 15 123
15 13 123
13 15 806
15 13 806
13 36 980
36 13 980
13 21 56
21 13 56
13 17 729
17 13 729
13 50 492
50 13 492
13 59 129
59 13 129
13 62 3
62 13 3
14 16 479
16 14 479
14 60 633
60 14 633
14 67 374
67 14 374
14 40 463
40 14 463
14 33 739
33 14 739
14 77 404
77 14 404
14 33 209
33 14 209
14 75 272
75 14 272
14 42 926
42 14 926
14 75 8
75 14 8
14 66 545
66 14 545
14 70 139
70 14 139
14 78 490
78 14 490
15 23 376
23 15 376
15 54 600
54 15 600
15 79 419
79 15 419
15 33 869
33 15 869
15 28 488
28 15 488
15 31 351
31 15 351
15 62 881
62 15 881
15 53 702
53 15 702
15 58 695
58 15 695
15 64 904
64 15 904
15 28 655
28 15 655
15 77 953
77 15 953
16 20 814
20 16 814
16 38 70
38 16 70
16 26 605
26 16 605
16 51 451
51 16 451
16 17 523
17 16 523
16 56 985
56 16 985
16 23 325
23 16 325
16 81 979
81 16 979
16 21 168
21 16 168
16 48 746
48 16 746
16 40 300
40 16 300
16 80 434
80 16 434
16 62 818
62 16 818
16 50 950
50 16 950
16 75 966
75 16 966
16 49 700
49 16 700
16 42 510
42 16 510
16 60 67
60 16 67
16 28 632
28 16 632
16 59 120
59 16 120
16 52 711
52 16 711
17 34 838
34 17 838
17 56 768
56 17 768
17 30 754
30 17 754
17 21 676
21 17 676
17 36 68
36 17 68
17 78 632
78 17 632
17 70 806
70 17 806
17 33 709
33 17 709
17 42 400
42 17 400
17 28 670
28 17 670
17 23 562
23 17 562
17 59 890
59 17 890
17 21 412
21 17 412
17 43 968
43 17 968
17 22 143
22 17 143
17 32 797
32 17 797
17 59 895
59 17 895
18 19 371
19 18 371
18 24 270
24 18 270
18 59 680
59 18 680
18 28 327
28 18 327
18 74 271
74 18 271
18 40 894
40 18 894
18 30 507
30 18 507
18 47 30
47 18 30
18 44 241
44 18 241
18 23 485
23 18 485
18 67 583
67 18 583
18 71 258
71 18 258
19 59 663
59 19 663
19 33 809
33 19 809
19 58 282
58 19 282
19 31 129
31 19 129
19 67 720
67 19 720
19 69 146
69 19 146
19 45 361
45 19 361
19 73 879
73 19 879
19 54 698
54 19 698
19 60 430
60 19 430
20 22 538
22 20 538
20 40 450
40 20 450
20 64 182
64 20 182
20 46 472
46 20 472
20 41 66
41 20 66
20 56 777
56 20 777
20 70 811
70 20 811
20 26 416
26 20 416
20 80 328
80 20 328
20 46 523
46 20 523
20 34 574
34 20 574
20 45 147
45 20 147
20 72 262
72 20 262
20 77 589
77 20 589
20 37 116
37 20 116
20 60 731
60 20 731
20 71 34
71 20 34
21 59 60
59 21 60
21 66 262
66 21 262
21 62 643
62 21 643
21 64 218
64 21 218
21 24 816
24 21 816
21 31 547
31 21 547
21 63 428
63 21 428
21 75 297
75 21 297
21 65 386
65 21 386
21 67 43
67 21 43
21 75 971
75 21 971
21 28 161
28 21 161
21 66 106
66 21 106
21 51 780
51 21 780
21 48 120
48 21 120
21 27 301
27 21 301
21 22 792
22 21 792
22 39 378
39 22 378
22 63 57
63 22 57
22 24 568
24 22 568
22 61 210
61 22 210
22 45 575
45 22 575
22 71 573
71 22 573
22 47 424
47 22 424
22 76 721
76 22 721
22 68 12
68 22 12
22 34 373
34 22 373
22 48 469
48 22 469
22 64 8
64 22 8
22 31 191
31 22 191
22 51 706
51 22 706
22 53 326
53 22 326
22 66 155
66 22 155
22 39 183
39 22 183
23 48 494
48 23 494
23 29 897
29 23 897
23 43 174
43 23 174
23 74 292
74 23 292
23 23 212
23 23 212
23 29 991
29 23 991
23 71 533
71 23 533
23 46 331
46 23 331
23 29 730
29 23 730
23 46 69
46 23 69
23 61 743
61 23 743
23 55 465
55 23 465
23 42 809
42 23 809
24 26 238
26 24 238
24 29 914
29 24 914
24 71 140
71 24 140
24 54 634
54 24 634
24 70 626
70 24 626
24 25 881
25 24 881
24 32 389
32 24 389
24 55 323
55 24 323
24 51 940
51 24 940
24 31 540
31 24 540
24 45 425
45 24 425
24 60 156
60 24 156
24 31 632
31 24 632
24 62 838
62 24 838
24 75 937
75 24 937
24 33 817
33 24 817
25 36 305
36 25 305
25 50 201
50 25 201
25 26 997
26 25 997
25 60 17
60 25 17
25 76 512
76 25 512
25 32 892
32 25 892
25 49 270
49 25 270
25 65 68
65 25 68
25 80 980
80 25 980
25 78 908
78 25 908
25 37 705
37 25 705
26 27 906
27 26 906
26 31 522
31 26 522
26 56 399
56 26 399
26 42 216
42 26 216
26 41 625
41 26 625
26 35 2
35 26 2
26 72 986
72 26 986
26 53 893
53 26 893
26 52 543
52 26 543
26 42 662
42 26 662
26 70 901
70 26 901
26 34 597
34 26 597
26 27 774
27 26 774
26 55 347
55 26 347
27 64 625
64 27 625
27 62 667
62 27 667
27 57 313
57 27 313
27 27 670
27 27 670
27 52 736
52 27 736
27 29 364
29 27 364
27 66 971
66 27 971
27 36 289
36 27 289
27 56 489
56 27 489
28 32 76
32 28 76
28 33 735
33 28 735
28 38 375
38 28 375
28 68 479
68 28 479
28 47 338
47 28 338
28 38 16
38 28 16
28 75 517
75 28 517
28 41 982
41 28 982
28 31 901
31 28 901
28 76 93
76 28 93
28 68 903
68 28 903
28 57 988
57 28 988
28 77 793
77 28 793
28 36 401
36 28 401
28 35 874
35 28 874
28 34 537
34 28 537
28 67 408
67 28 408
28 78 59
78 28 59
28 48 347
48 28 347
28 62 829
62 28 829
28 69 611
69 28 611
29 61 101
61 29 101
29 65 880
65 29 880
29 30 924
30 29 924
29 47 496
47 29 496
29 57 801
57 29 801
29 32 141
32 29 141
29 37 416
37 29 416
29 40 332
40 29 332
29 39 376
39 29 376
29 71 296
71 29 296
29 74 738
74 29 738
29 73 830
73 29 830
29 60 643
60 29 643
29 51 100
51 29 100
29 72 605
72 29 605
29 43 283
43 29 283
29 74 264
74 29 264
29 71 733
71 29 733
29 62 107
62 29 107
29 58 265
58 29 265
29 49 296
49 29 296
29 48 841
48 29 841
29 73 578
73 29 578
29 37 533
37 29 533
29 80 135
80 29 135
29 77 624
77 29 624
30 64 740
64 30 740
30 51 882
51 30 882
30 41 104
41 30 104
30 44 527
44 30 527
30 54 444
54 30 444
30 31 22
31 30 22
30 33 977
33 30 977
30 54 327
54 30 327
30 43 24
43 30 24
30 48 13
48 30 13
30 41 44
41 30 44
30 53 729
53 30 729
30 39 136
39 30 136
30 47 275
47 30 275
30 45 861
45 30 861
31 48 923
48 31 923
31 57 655
57 31 655
31 76 410
76 31 410
31 59 420
59 31 420
31 36 593
36 31 593
31 33 938
33 31 938
31 45 535
45 31 535
31 72 541
72 31 541
31 37 751
37 31 751
31 36 669
36 31 669
31 63 211
63 31 211
31 58 968
58 31 968
31 65 860
65 31 860
31 73 457
73 31 457
31 78 277
78 31 277
31 61 324
61 31 324
31 80 475
80 31 475
31 70 7
70 31 7
31 61 822
61 31 822
31 58 665
58 31 665
32 51 133
51 32 133
32 54 245
54 32 245
32 36 939
36 32 939
32 42 88
42 32 88
32 68 630
68 32 630
32 72 848
72 32 848
32 69 325
69 32 325
32 51 427
51 32 427
32 80 480
80 32 480
32 81 824
81 32 824
33 53 410
53 33 410
33 61 966
61 33 966
33 50 209
50 33 209
33 81 599
81 33 599
33 63 542
63 33 542
33 47 411
47 33 411
33 46 387
46 33 387
33 50 8
50 33 8
33 37 719
37 33 719
33 77 523
77 33 523
33 63 483
63 33 483
34 56 816
56 34 816
34 53 249
53 34 249
34 44 34
44 34 34
34 53 347
53 34 347
34 42 290
42 34 290
34 51 843
51 34 843
34 49 744
49 34 744
34 76 351
76 34 351
34 64 595
64 34 595
34 80 946
80 34 946
34 56 30
56 34 30
35 78 552
78 35 552
35 67 911
67 35 911
35 70 534
70 35 534
35 47 591
47 35 591
35 51 359
51 35 359
35 51 938
51 35 938
35 65 697
65 35 697
35 71 111
71 35 111
35 52 620
52 35 620
35 54 260
54 35 260
35 75 248
75 35 248
35 40 686
40 35 686
35 70 74
70 35 74
35 40 980
40 35 980
35 65 604
65 35 604
35 69 172
69 35 172
35 43 196
43 35 196
35 73 440
73 35 440
35 78 896
78 35 896
35 76 251
76 35 251
35 37 676
37 35 676
35 73 690
73 35 690
35 43 907
43 35 907
36 52 429
52 36 429
36 79 70
79 36 70
36 43 526
43 36 526
36 60 608
60 36 608
36 66 145
66 36 145
36 58 481
58 36 481
36 40 666
40 36 666
36 52 470
52 36 470
36 58 437
58 36 437
36 61 801
61 36 801
36 72 179
72 36 179
36 52 689
52 36 689
37 47 810
47 37 810
37 68 605
68 37 605
37 79 948
79 37 948
37 52 108
52 37 108
37 68 556
68 37 556
37 79 527
79 37 527
37 69 109
69 37 109
37 38 306
38 37 306
37 70 711
70 37 711
37 47 822
47 37 822
37 43 613
43 37 613
37 74 231
74 37 231
37 47 250
47 37 250
37 66 399
66 37 399
38 63 686
63 38 686
38 75 770
75 38 770
38 78 815
78 38 815
38 47 493
47 38 493
38 76 167
76 38 167
38 54 219
54 38 219
38 76 23
76 38 23
38 69 12
69 38 12
38 72 615
72 38 615
38 54 188
54 38 188
38 48 83
48 38 83
38 39 81
39 38 81
38 42 686
42 38 686
39 44 646
44 39 646
39 58 696
58 39 696
39 59 792
59 39 792
39 71 406
71 39 406
39 60 666
60 39 666
39 48 895
48 39 895
39 73 174
73 39 174
39 65 532
65 39 532
39 63 29
63 39 29
39 59 635
59 39 635
39 56 103
56 39 103
39 48 3
48 39 3
39 70 383
70 39 383
39 59 769
59 39 769
39 67 573
67 39 573
40 79 119
79 40 119
40 52 922
52 40 922
40 66 437
66 40 437
40 77 707
77 40 707
40 67 213
67 40 213
40 70 906
70 40 906
40 60 847
60 40 847
40 44 547
44 40 547
40 73 683
73 40 683
40 58 840
58 40 840
40 40 393
40 40 393
40 79 109
79 40 109
40 73 120
73 40 120
41 49 262
49 41 262
41 71 623
71 41 623
41 49 795
49 41 795
41 75 364
75 41 364
41 52 443
52 41 443
41 59 130
59 41 130
41 65 72
65 41 72
41 56 578
56 41 578
41 78 329
78 41 329
42 45 830
45 42 830
42 70 394
70 42 394
42 66 669
66 42 669
42 78 556
78 42 556
42 78 781
78 42 781
42 68 292
68 42 292
42 76 694
76 42 694
42 46 400
46 42 400
42 53 355
53 42 355
42 47 149
47 42 149
42 74 216
74 42 216
42 58 189
58 42 189
43 63 788
63 43 788
43 52 524
52 43 524
43 69 708
69 43 708
43 45 499
45 43 499
43 57 286
57 43 286
43 60 426
60 43 426
43 78 980
78 43 980
44 57 636
57 44 636
44 58 505
58 44 505
44 48 142
48 44 142
44 45 784
45 44 784
44 61 359
61 44 359
44 78 300
78 44 300
44 53 927
53 44 927
44 66 48
66 44 48
45 49 522
49 45 522
45 52 290
52 45 290
45 81 61
81 45 61
45 68 571
68 45 571
45 54 611
54 45 611
45 77 799
77 45 799
46 79 350
79 46 350
46 64 316
64 46 316
46 70 666
70 46 666
46 66 192
66 46 192
46 64 741
64 46 741
46 52 482
52 46 482
46 81 210
81 46 210
47 54 553
54 47 553
47 64 928
64 47 928
47 74 72
74 47 72
47 62 899
62 47 899
47 79 513
79 47 513
47 53 944
53 47 944
47 69 577
69 47 577
48 75 412
75 48 412
48 81 405
81 48 405
48 58 488
58 48 488
48 49 418
49 48 418
48 73 987
73 48 987
48 63 839
63 48 839
48 63 248
63 48 248
49 67 572
67 49 572
49 75 591
75 49 591
49 68 390
68 49 390
49 75 896
75 49 896
49 54 914
54 49 914
50 55 414
55 50 414
50 62 529
62 50 529
50 67 313
67 50 313
50 73 870
73 50 870
50 60 979
60 50 979
50 71 385
71 50 385
50 68 893
68 50 893
51 75 7
75 51 7
51 51 827
51 51 827
51 57 760
57 51 760
51 51 635
51 51 635
51 80 550
80 51 550
51 72 966
72 51 966
52 76 582
76 52 582
52 58 925
58 52 925
52 54 271
54 52 271
52 62 244
62 52 244
52 80 963
80 52 963
52 79 803
79 52 803
53 72 1
72 53 1
53 80 335
80 53 335
53 58 397
58 53 397
53 81 127
81 53 127
53 55 318
55 53 318
53 68 121
68 53 121
53 75 638
75 53 638
53 69 152
69 53 152
53 67 12
67 53 12
53 76 757
76 53 757
53 71 206
71 53 206
53 80 664
80 53 664
54 76 555
76 54 555
54 54 14
54 54 14
54 67 874
67 54 874
54 74 75
74 54 75
54 63 818
63 54 818
54 76 448
76 54 448
54 59 414
59 54 414
54 65 584
65 54 584
55 75 879
75 55 879
55 75 161
75 55 161
55 69 88
69 55 88
55 59 47
59 55 47
56 69 878
69 56 878
56 80 718
80 56 718
56 77 817
77 56 817
56 62 821
62 56 821
56 64 279
64 56 279
56 78 87
78 56 87
57 76 791
76 57 791
57 64 683
64 57 683
57 60 854
60 57 854
57 61 35
61 57 35
57 78 423
78 57 423
57 78 804
78 57 804
58 60 387
60 58 387
58 67 909
67 58 909
58 62 104
62 58 104
58 80 794
80 58 794
58 60 509
60 58 509
58 80 843
80 58 843
58 75 449
75 58 449
58 74 42
74 58 42
58 73 176
73 58 176
59 74 918
74 59 918
59 75 849
75 59 849
59 67 805
67 59 805
60 64 918
64 60 918
60 64 441
64 60 441
60 72 998
72 60 998
60 72 879
72 60 879
60 66 950
66 60 950
61 77 246
77 61 246
61 75 20
75 61 20
61 79 968
79 61 968
61 67 570
67 61 570
62 65 946
65 62 946
63 74 885
74 63 885
63 64 459
64 63 459
63 67 769
67 63 769
63 74 318
74 63 318
63 80 164
80 63 164
64 74 168
74 64 168
64 73 503
73 64 503
64 67 743
67 64 743
64 67 250
67 64 250
64 64 586
64 64 586
65 78 582
78 65 582
65 75 275
75 65 275
65 81 519
81 65 519
65 77 30
77 65 30
65 77 3
77 65 3
66 68 789
68 66 789
66 68 650
68 66 650
66 78 909
78 66 909
66 76 859
76 66 859
66 79 547
79 66 547
66 67 605
67 66 605
67 72 868
72 67 868
67 81 755
81 67 755
67 80 712
80 67 712
68 69 950
69 68 950
68 70 940
70 68 940
69 75 765
75 69 765
69 74 20
74 69 20
69 76 840
76 69 840
69 78 196
78 69 196
69 73 789
73 69 789
70 80 551
80 70 551
71 77 13
77 71 13
71 78 262
78 71 262
71 76 690
76 71 690
71 80 699
80 71 699
71 81 219
81 71 219
71 79 869
79 71 869
72 79 939
79 72 939
72 77 199
77 72 199
74 77 136
77 74 136
75 78 50
78 75 50
75 77 568
77 75 568
75 77 90
77 75 90
76 77 243
77 76 243
77 81 818
81 77 818
77 78 669
78 77 669
77 78 50
78 77 50
