35

0 1 234
1 0 234
0 2 62
2 0 62
0 14 636
14 0 636
0 25 208
25 0 208
0 16 392
16 0 392
0 21 101
21 0 101
0 21 715
21 0 715
0 1 2
1 0 2
0 3 725
3 0 725
0 6 617
6 0 617
0 18 42
18 0 42
0 4 117
4 0 117
0 8 412
8 0 412
0 31 833
31 0 833
0 12 907
12 0 907
0 31 79
31 0 79
0 25 451
25 0 451
0 16 831
16 0 831
1 3 561
3 1 561
1 4 226
4 1 226
1 16 198
16 1 198
1 20 401
20 1 401
1 13 640
13 1 640
1 13 896
13 1 896
1 16 702
16 1 702
1 19 158
19 1 158
1 4 134
4 1 134
1 20 978
20 1 978
1 31 836
31 1 836
1 29 704
29 1 704
1 26 532
26 1 532
1 22 375
22 1 375
1 16 820
16 1 820
1 33 990
33 1 990
1 19 205
19 1 205
1 18 223
18 1 223
1 15 92
15 1 92
1 20 584
20 1 584
1 20 437
20 1 437
1 27 288
27 1 288
1 9 961
9 1 961
1 7 512
7 1 512
1 33 420
33 1 420
1 32 407
32 1 407
1 10 143
10 1 143
1 32 83
32 1 83
1 23 579
23 1 579
1 29 928
29 1 928
1 30 809
30 1 809
1 25 495
25 1 495
1 29 894
29 1 894
2 15 446
15 2 446
2 19 134
19 2 134
2 29 832
29 2 832
2 34 570
34 2 570
2 3 222
3 2 222
2 17 980
17 2 980
2 31 538
31 2 538
2 30 250
30 2 250
2 22 9
22 2 9
2 21 276
21 2 276
2 17 76
17 2 76
2 4 164
4 2 164
2 18 812
18 2 812
2 29 234
29 2 234
2 29 703
29 2 703
2 15 882
15 2 882
2 30 580
30 2 580
2 4 574
4 2 574
2 23 783
23 2 783
2 12 875
12 2 875
2 21 160
21 2 160
2 9 255
9 2 255
2 31 384
31 2 384
2 15 17
15 2 17
2 24 26
24 2 26
2 26 237
26 2 237
2 30 312
30 2 312
2 22 284
22 2 284
2 22 897
22 2 897
2 3 847
3 2 847
2 25 297
25 2 297
2 5 112
5 2 112
2 13 430
13 2 430
2 23 736
23 2 736
2 29 203
29 2 203
2 19 712
19 2 712
2 29 560
29 2 560
2 18 56
18 2 56
2 7 243
7 2 243
2 28 29
28 2 29
3 10 673
10 3 673
3 20 133
20 3 133
3 29 442
29 3 442
3 33 712
33 3 712
3 11 877
11 3 877
3 14 659
14 3 659
3 28 448
28 3 448
3 30 824
30 3 824
3 31 814
31 3 814
3 23 359
23 3 359
3 7 520
7 3 520
3 28 975
28 3 975
3 22 130
22 3 130
3 27 674
27 3 674
3 30 285
30 3 285
3 23 978
23 3 978
3 32 532
32 3 532
3 30 971
30 3 971
3 21 2
21 3 2
3 30 754
30 3 754
3 18 350
18 3 350
3 25 149
25 3 149
3 14 15
14 3 15
3 9 142
9 3 142
3 9 739
9 3 739
3 10 471
10 3 471
3 13 881
13 3 881
3 6 186
6 3 186
3 12 857
12 3 857
4 5 901
5 4 901
4 6 192
6 4 192
4 8 49
8 4 49
4 13 67
13 4 67
4 9 976
9 4 976
4 24 908
24 4 908
4 31 558
31 4 558
4 29 886
29 4 886
4 11 555
11 4 555
4 17 750
17 4 750
4 16 397
16 4 397
4 17 110
17 4 110
4 16 466
16 4 466
4 8 673
8 4 673
4 19 980
19 4 980
4 17 728
17 4 728
4 6 109
6 4 109
4 19 478
19 4 478
4 27 784
27 4 784
5 7 309
7 5 309
5 11 130
11 5 130
5 17 312
17 5 312
5 28 218
28 5 218
5 22 535
22 5 535
5 34 587
34 5 587
5 19 903
19 5 903
5 8 23
8 5 23
5 25 629
25 5 629
5 29 178
29 5 178
5 32 273
32 5 273
5 13 16
13 5 16
5 5 871
5 5 871
5 25 995
25 5 995
5 8 151
8 5 151
5 21 622
21 5 622
5 19 876
19 5 876
5 25 341
25 5 341
5 32 122
32 5 122
5 10 734
10 5 734
5 15 383
15 5 383
5 20 358
20 5 358
5 18 19
18 5 19
5 29 973
29 5 973
5 24 657
24 5 657
5 14 623
14 5 623
5 7 224
7 5 224
5 34 917
34 5 917
5 31 501
31 5 501
5 8 623
8 5 623
5 11 7
11 5 7
5 34 945
34 5 945
5 30 826
30 5 826
5 34 364
34 5 364
5 19 733
19 5 733
5 31 136
31 5 136
5 32 628
32 5 628
5 31 380
31 5 380
5 11 474
11 5 474
5 26 969
26 5 969
6 24 508
24 6 508
6 25 345
25 6 345
6 25 206
25 6 206
6 9 725
9 6 725
6 10 466
10 6 466
6 12 649
12 6 649
6 24 813
24 6 813
6 28 486
28 6 486
6 27 483
27 6 483
6 15 735
15 6 735
6 14 983
14 6 983
6 17 858
17 6 858
6 29 519
29 6 519
6 7 999
7 6 999
6 9 432
9 6 432
6 11 171
11 6 171
6 10 926
10 6 926
6 20 738
20 6 738
6 33 542
33 6 542
6 14 953
14 6 953
6 13 199
13 6 199
6 7 600
7 6 600
6 33 572
33 6 572
6 25 482
25 6 482
6 31 786
31 6 786
6 25 831
25 6 831
6 28 659
28 6 659
6 11 583
11 6 583
6 11 65
11 6 65
6 31 883
31 6 883
6 11 340
11 6 340
7 30 201
30 7 201
7 14 44
14 7 44
7 27 419
27 7 419
7 17 295
17 7 295
7 18 15
18 7 15
7 31 91
31 7 91
7 11 32
11 7 32
7 22 739
22 7 739
7 8 621
8 7 621
7 34 858
34 7 858
7 26 253
26 7 253
7 10 187
10 7 187
7 15 776
15 7 776
7 34 712
34 7 712
7 24 753
24 7 753
7 15 1
15 7 1
7 15 635
15 7 635
7 11 968
11 7 968
7 21 554
21 7 554
7 10 903
10 7 903
7 19 812
19 7 812
7 27 99
27 7 99
7 20 20
20 7 20
7 27 29
27 7 29
8 9 366
9 8 366
8 18 338
18 8 338
8 20 634
20 8 634
8 18 486
18 8 486
8 25 144
25 8 144
8 11 3
11 8 3
8 10 95
10 8 95
8 31 767
31 8 767
8 23 820
23 8 820
8 17 556
17 8 556
8 32 292
32 8 292
8 13 411
13 8 411
8 19 396
19 8 396
8 13 627
13 8 627
8 32 267
32 8 267
8 28 787
28 8 787
8 14 551
14 8 551
8 8 208
8 8 208
9 12 856
12 9 856
9 17 280
17 9 280
9 10 980
10 9 980
9 19 910
19 9 910
9 31 243
31 9 243
9 30 769
30 9 769
9 20 535
20 9 535
9 17 287
17 9 287
9 12 469
12 9 469
9 30 785
30 9 785
9 14 759
14 9 759
9 25 599
25 9 599
9 31 187
31 9 187
9 27 686
27 9 686
9 19 80
19 9 80
9 18 60
18 9 60
9 20 992
20 9 992
9 15 971
15 9 971
9 25 812
25 9 812
9 30 192
30 9 192
9 27 801
27 9 801
10 21 285
21 10 285
10 15 939
15 10 939
10 28 488
28 10 488
10 16 370
16 10 370
10 30 352
30 10 352
10 12 1
12 10 1
10 16 681
16 10 681
10 21 913
21 10 913
10 23 453
23 10 453
10 30 892
30 10 892
10 17 986
17 10 986
10 23 659
23 10 659
10 29 441
29 10 441
10 20 974
20 10 974
10 32 65
32 10 65
10 24 485
24 10 485
10 11 352
11 10 352
10 11 542
11 10 542
10 23 116
23 10 116
10 22 937
22 10 937
10 23 804
23 10 804
10 17 648
17 10 648
10 28 810
28 10 810
11 23 143
23 11 143
11 28 314
28 11 314
11 34 809
34 11 809
11 13 730
13 11 730
11 14 161
14 11 161
11 24 105
24 11 105
11 23 742
23 11 742
11 29 39
29 11 39
11 34 233
34 11 233
11 20 483
20 11 483
11 12 401
12 11 401
11 24 334
24 11 334
11 34 366
34 11 366
11 17 963
17 11 963
11 22 779
22 11 779
11 26 925
26 11 925
11 22 823
22 11 823
11 17 822
17 11 822
11 19 520
19 11 520
11 33 92
33 11 92
11 21 989
21 11 989
12 27 294
27 12 294
12 15 162
15 12 162
12 24 841
24 12 841
12 31 527
31 12 527
12 22 998
22 12 998
12 16 266
16 12 266
12 34 915
34 12 915
12 29 791
29 12 791
12 18 565
18 12 565
12 34 412
34 12 412
12 20 148
20 12 148
12 34 506
34 12 506
12 13 870
13 12 870
12 16 507
16 12 507
12 28 649
28 12 649
12 30 557
30 12 557
12 21 944
21 12 944
12 27 27
27 12 27
12 14 145
14 12 145
12 23 254
23 12 254
12 31 603
31 12 603
12 28 482
28 12 482
12 26 139
26 12 139
12 13 747
13 12 747
12 31 75
31 12 75
12 27 917
27 12 917
12 20 203
20 12 203
12 23 341
23 12 341
12 28 320
28 12 320
12 14 841
14 12 841
13 23 567
23 13 567
13 34 669
34 13 669
13 31 509
31 13 509
13 28 531
28 13 531
13 15 477
15 13 477
13 20 888
20 13 888
13 28 405
28 13 405
13 32 995
32 13 995
13 23 657
23 13 657
13 17 10
17 13 10
13 24 836
24 13 836
13 22 494
22 13 494
13 31 467
31 13 467
13 19 546
19 13 546
13 16 776
16 13 776
13 33 244
33 13 244
13 26 920
26 13 920
13 29 465
29 13 465
13 20 850
20 13 850
13 25 40
25 13 40
13 22 482
22 13 482
13 29 414
29 13 414
14 27 665
27 14 665
14 18 324
18 14 324
14 31 33
31 14 33
14 25 81
25 14 81
14 28 754
28 14 754
14 31 990
31 14 990
14 15 603
15 14 603
14 29 470
29 14 470
14 29 41
29 14 41
14 25 966
25 14 966
14 21 969
21 14 969
14 28 402
28 14 402
14 23 567
23 14 567
14 25 589
25 14 589
15 22 296
22 15 296
15 23 655
23 15 655
15 27 789
27 15 789
15 27 688
27 15 688
15 20 698
20 15 698
15 18 922
18 15 922
15 27 669
27 15 669
15 21 993
21 15 993
15 32 334
32 15 334
15 30 451
30 15 451
15 31 78
31 15 78
15 32 990
32 15 990
15 31 446
31 15 446
15 26 376
26 15 376
15 33 466
33 15 466
15 16 716
16 15 716
15 19 333
19 15 333
16 18 148
18 16 148
16 22 809
22 16 809
16 24 220
24 16 220
16 32 322
32 16 322
16 17 615
17 16 615
16 33 842
33 16 842
16 32 360
32 16 360
16 33 581
33 16 581
16 17 924
17 16 924
16 18 958
18 16 958
16 32 899
32 16 899
16 17 864
17 16 864
16 26 424
26 16 424
16 16 794
16 16 794
16 32 211
32 16 211
16 23 576
23 16 576
16 17 665
17 16 665
16 27 539
27 16 539
16 26 688
26 16 688
16 26 335
26 16 335
16 34 196
34 16 196
17 34 528
34 17 528
17 28 541
28 17 541
17 32 772
32 17 772
17 29 274
29 17 274
17 22 408
22 17 408
17 33 334
33 17 334
17 19 247
19 17 247
17 25 884
25 17 884
17 29 885
29 17 885
17 33 528
33 17 528
17 20 596
20 17 596
17 24 454
24 17 454
17 32 237
32 17 237
17 25 195
25 17 195
17 20 969
20 17 969
17 23 63
23 17 63
17 34 510
34 17 510
17 33 854
33 17 854
17 32 799
32 17 799
17 26 26
26 17 26
18 27 582
27 18 582
18 21 513
21 18 513
18 27 682
27 18 682
18 28 665
28 18 665
18 24 635
24 18 635
18 30 67
30 18 67
18 26 796
26 18 796
18 31 843
31 18 843
18 22 873
22 18 873
19 33 108
33 19 108
19 34 542
34 19 542
19 24 521
24 19 521
19 30 341
30 19 341
19 34 128
34 19 128
19 32 904
32 19 904
20 30 189
30 20 189
20 32 565
32 20 565
20 26 803
26 20 803
20 32 437
32 20 437
20 21 275
21 20 275
20 25 475
25 20 475
20 32 800
32 20 800
20 25 346
25 20 346
20 32 559
32 20 559
21 31 573
31 21 573
21 32 891
32 21 891
21 25 238
25 21 238
21 23 629
23 21 629
21 27 570
27 21 570
21 25 939
25 21 939
21 30 611
30 21 611
21 34 455
34 21 455
21 34 883
34 21 883
21 31 99
31 21 99
21 23 410
23 21 410
22 23 167
23 22 167
22 24 962
24 22 962
22 26 531
26 22 531
22 28 302
28 22 302
22 25 708
25 22 708
22 29 129
29 22 129
22 24 801
24 22 801
22 30 881
30 22 881
22 24 602
24 22 602
22 24 248
24 22 248
22 23 240
23 22 240
22 28 116
28 22 116
23 28 315
28 23 315
23 26 930
26 23 930
23 25 391
25 23 391
23 27 319
27 23 319
23 24 456
24 23 456
23 24 934
24 23 934
23 28 507
28 23 507
23 33 892
33 23 892
23 33 419
33 23 419
23 31 269
31 23 269
23 32 991
32 23 991
23 23 491
23 23 491
23 30 955
30 23 955
23 29 189
29 23 189
24 28 104
28 24 104
24 32 232
32 24 232
24 26 264
26 24 264
24 31 574
31 24 574
24 29 789
29 24 789
24 34 978
34 24 978
25 26 164
26 25 164
25 27 985
27 25 985
25 26 159
26 25 159
25 33 609
33 25 609
25 25 503
25 25 503
25 26 863
26 25 863
25 34 629
34 25 629
25 33 697
33 25 697
25 29 848
29 25 848
25 31 694
31 25 694
26 33 568
33 26 568
26 29 604
29 26 604
26 34 414
34 26 414
26 32 612
32 26 612
27 32 313
32 27 313
27 32 922
32 27 922
27 31 496
31 27 496
27 31 233
31 27 233
27 27 475
27 27 475
27 32 63
32 27 63
27 34 882
34 27 882
27 34 94
34 27 94
28 29 85
29 28 85
28 32 36
32 28 36
28 33 132
33 28 132
28 34 455
34 28 455
28 32 484
32 28 484
28 31 892
31 28 892
28 34 361
34 28 361
28 30 351
30 28 351
29 34 202
34 29 202
29 31 829
31 29 829
30 34 368
34 30 368
30 32 996
32 30 996
30 31 920
31 30 920
30 34 192
34 30 192
31 32 559
32 31 559
31 31 294
31 31 294
31 34 674
34 31 674
32 34 502
34 32 502
