81

0 1 226
1 0 226
0 2 354
2 0 354
0 3 174
3 0 174
0 6 505
6 0 505
0 12 246
12 0 246
0 45 513
45 0 513
0 57 680
57 0 680
0 27 776
27 0 776
0 64 526
64 0 526
0 39 114
39 0 114
0 11 370
11 0 370
0 69 603
69 0 603
1 4 192
4 1 192
1 9 681
9 1 681
1 26 324
26 1 324
1 66 700
66 1 700
1 80 849
80 1 849
1 55 872
55 1 872
1 62 550
62 1 550
1 22 931
22 1 931
2 8 463
8 2 463
2 25 174
25 2 174
2 14 844
14 2 844
3 5 608
5 3 608
3 32 867
32 3 867
3 35 902
35 3 902
3 38 694
38 3 694
3 71 841
71 3 841
3 18 865
18 3 865
4 48 751
48 4 751
4 15 342
15 4 342
4 80 909
80 4 909
4 21 700
21 4 700
5 7 48
7 5 48
5 14 24
14 5 24
5 15 156
15 5 156
5 16 400
16 5 400
5 17 47
17 5 47
5 40 713
40 5 713
5 46 900
46 5 900
5 47 237
47 5 237
5 37 181
37 5 181
6 19 615
19 6 615
6 27 1
27 6 1
6 70 339
70 6 339
7 10 857
10 7 857
7 11 103
11 7 103
7 13 829
13 7 829
7 36 128
36 7 128
7 64 426
64 7 426
7 70 516
70 7 516
8 18 153
18 8 153
8 70 576
70 8 576
8 20 902
20 8 902
8 63 509
63 8 509
9 69 68
69 9 68
9 59 670
59 9 670
10 77 415
77 10 415
10 72 357
72 10 357
10 29 38
29 10 38
10 11 266
11 10 266
10 70 566
70 10 566
11 30 933
30 11 933
11 49 748
49 11 748
11 48 425
48 11 425
11 75 627
75 11 627
11 43 161
43 11 161
12 34 890
34 12 890
12 37 735
37 12 735
12 52 794
52 12 794
12 56 77
56 12 77
12 51 11
51 12 11
12 22 899
22 12 899
12 71 403
71 12 403
13 60 580
60 13 580
13 26 500
26 13 500
13 41 346
41 13 346
13 75 170
75 13 170
13 55 569
55 13 569
14 22 447
22 14 447
14 34 651
34 14 651
14 63 465
63 14 465
14 80 668
80 14 668
15 44 917
44 15 917
15 36 458
36 15 458
15 22 289
22 15 289
15 48 852
48 15 852
15 71 699
71 15 699
16 21 429
21 16 429
16 51 867
51 16 867
16 19 647
19 16 647
17 23 562
23 17 562
17 63 765
63 17 765
18 20 954
20 18 954
18 37 173
37 18 173
19 23 165
23 19 165
19 52 422
52 19 422
20 52 550
52 20 550
20 69 1000
69 20 1000
21 24 202
24 21 202
22 80 921
80 22 921
22 23 955
23 22 955
22 36 750
36 22 750
23 65 570
65 23 570
23 44 945
44 23 945
24 31 830
31 24 830
25 28 220
28 25 220
25 63 69
63 25 69
25 44 273
44 25 273
26 78 906
78 26 906
27 50 197
50 27 197
28 29 766
29 28 766
28 33 258
33 28 258
28 41 663
41 28 663
28 60 89
60 28 89
28 37 252
37 28 252
28 71 208
71 28 208
28 39 490
39 28 490
29 39 134
39 29 134
30 76 597
76 30 597
30 40 269
40 30 269
31 53 458
53 31 458
31 57 157
57 31 157
31 40 172
40 31 172
32 61 544
61 32 544
32 70 947
70 32 947
32 33 532
33 32 532
33 55 18
55 33 18
33 79 310
79 33 310
33 75 238
75 33 238
34 65 225
65 34 225
35 65 670
65 35 670
36 65 235
65 36 235
36 69 443
69 36 443
37 67 549
67 37 549
38 50 518
50 38 518
39 56 822
56 39 822
39 58 72
58 39 72
40 42 833
42 40 833
40 60 641
60 40 641
41 50 496
50 41 496
42 43 65
43 42 65
42 69 683
69 42 683
42 70 557
70 42 557
42 50 882
50 42 882
43 54 415
54 43 415
44 50 72
50 44 72
47 64 814
64 47 814
47 80 201
80 47 201
48 57 823
57 48 823
50 62 951
62 50 951
50 79 833
79 50 833
50 77 132
77 50 132
51 59 503
59 51 503
51 79 631
79 51 631
51 71 127
71 51 127
51 59 329
59 51 329
51 80 768
80 51 768
52 60 860
60 52 860
53 70 860
70 53 860
53 71 680
71 53 680
54 57 514
57 54 514
54 75 962
75 54 962
54 54 953
54 54 953
57 72 662
72 57 662
57 66 884
66 57 884
59 71 473
71 59 473
61 68 221
68 61 221
61 68 444
68 61 444
61 79 547
79 61 547
62 75 634
75 62 634
63 73 419
73 63 419
64 73 283
73 64 283
64 69 395
69 64 395
67 75 307
75 67 307
67 79 799
79 67 799
69 74 260
74 69 260
69 79 915
79 69 915
69 78 749
78 69 749
72 80 188
80 72 188
75 76 924
76 75 924
75 79 967
79 75 967
