30

0 1 842
1 0 842
0 15 691
15 0 691
0 18 690
18 0 690
0 29 660
29 0 660
0 26 315
26 0 315
0 17 892
17 0 892
0 26 383
26 0 383
1 2 917
2 1 917
1 4 717
4 1 717
1 5 525
5 1 525
1 6 963
6 1 963
1 19 884
19 1 884
1 20 884
20 1 884
1 26 84
26 1 84
1 10 243
10 1 243
1 2 119
2 1 119
1 18 524
18 1 524
1 18 539
18 1 539
1 10 264
10 1 264
1 4 237
4 1 237
1 6 947
6 1 947
1 24 888
24 1 888
1 29 115
29 1 115
2 3 849
3 2 849
2 29 87
29 2 87
3 8 24
8 3 24
3 10 200
10 3 200
3 26 398
26 3 398
3 26 508
26 3 508
3 28 387
28 3 387
3 8 500
8 3 500
3 9 258
9 3 258
4 12 73
12 4 73
4 27 301
27 4 301
4 24 564
24 4 564
4 19 231
19 4 231
4 27 523
27 4 523
4 14 13
14 4 13
4 18 849
18 4 849
4 14 897
14 4 897
4 28 977
28 4 977
4 29 306
29 4 306
4 9 245
9 4 245
4 5 142
5 4 142
5 9 22
9 5 22
5 27 477
27 5 477
5 17 850
17 5 850
5 27 331
27 5 331
5 25 639
25 5 639
6 7 332
7 6 332
6 15 793
15 6 793
6 28 389
28 6 389
6 28 192
28 6 192
6 27 993
27 6 993
6 11 362
11 6 362
6 18 723
18 6 723
6 21 802
21 6 802
6 20 534
20 6 534
7 16 67
16 7 67
7 27 507
27 7 507
7 19 507
19 7 507
7 13 522
13 7 522
7 24 307
24 7 307
7 27 637
27 7 637
7 21 619
21 7 619
7 19 310
19 7 310
8 27 278
27 8 278
8 10 233
10 8 233
8 12 312
12 8 312
8 22 316
22 8 316
8 14 901
14 8 901
9 11 968
11 9 968
9 13 867
13 9 867
9 17 656
17 9 656
9 24 584
24 9 584
9 24 703
24 9 703
9 25 276
25 9 276
9 15 906
15 9 906
9 25 715
25 9 715
10 14 873
14 10 873
10 18 693
18 10 693
10 22 217
22 10 217
11 13 583
13 11 583
11 23 74
23 11 74
11 25 436
25 11 436
11 12 677
12 11 677
12 18 49
18 12 49
12 24 181
24 12 181
12 21 221
21 12 221
12 25 732
25 12 732
12 20 820
20 12 820
13 24 509
24 13 509
14 22 373
22 14 373
14 25 228
25 14 228
14 27 34
27 14 34
14 16 851
16 14 851
14 20 206
20 14 206
15 23 131
23 15 131
15 27 286
27 15 286
15 17 750
17 15 750
15 27 674
27 15 674
15 22 227
22 15 227
16 21 564
21 16 564
16 29 118
29 16 118
16 18 177
18 16 177
17 25 222
25 17 222
17 23 947
23 17 947
17 17 828
17 17 828
17 28 608
28 17 608
17 27 538
27 17 538
17 21 447
21 17 447
18 19 930
19 18 930
18 23 492
23 18 492
18 28 650
28 18 650
19 22 101
22 19 101
19 29 634
29 19 634
20 25 329
25 20 329
21 29 498
29 21 498
21 27 627
27 21 627
21 28 498
28 21 498
21 22 36
22 21 36
22 23 125
23 22 125
22 26 563
26 22 563
23 26 122
26 23 122
24 26 950
26 24 950
24 27 696
27 24 696
24 27 309
27 24 309
25 26 829
26 25 829
25 28 337
28 25 337
27 29 266
29 27 266
27 27 978
27 27 978
28 29 60
29 28 60
