77

0 1 657
1 0 657
0 20 996
20 0 996
0 61 373
61 0 373
0 75 289
75 0 289
0 37 689
37 0 689
0 28 356
28 0 356
0 18 760
18 0 760
0 6 946
6 0 946
0 33 464
33 0 464
0 73 505
73 0 505
0 8 541
8 0 541
0 45 401
45 0 401
0 60 994
60 0 994
0 42 647
42 0 647
0 35 8
35 0 8
0 37 131
37 0 131
0 59 81
59 0 81
0 64 780
64 0 780
0 66 129
66 0 129
1 2 975
2 1 975
1 3 750
3 1 750
1 5 721
5 1 721
1 6 838
6 1 838
1 9 386
9 1 386
1 10 281
10 1 281
1 72 294
72 1 294
1 25 255
25 1 255
1 39 208
39 1 208
1 23 393
23 1 393
1 73 6
73 1 6
1 70 453
70 1 453
1 35 390
35 1 390
1 20 403
20 1 403
1 25 22
25 1 22
1 25 784
25 1 784
1 28 927
28 1 927
1 19 86
19 1 86
1 17 871
17 1 871
1 38 154
38 1 154
1 3 524
3 1 524
1 25 429
25 1 429
1 37 710
37 1 710
1 54 691
54 1 691
1 67 985
67 1 985
1 28 52
28 1 52
1 73 25
73 1 25
1 43 966
43 1 966
1 18 853
18 1 853
2 19 297
19 2 297
2 63 752
63 2 752
2 8 202
8 2 202
2 21 555
21 2 555
2 75 152
75 2 152
2 59 656
59 2 656
2 41 559
41 2 559
2 7 46
7 2 46
2 33 434
33 2 434
2 41 553
41 2 553
2 5 215
5 2 215
2 61 209
61 2 209
2 31 750
31 2 750
2 56 466
56 2 466
2 2 408
2 2 408
2 16 502
16 2 502
2 37 273
37 2 273
2 47 148
47 2 148
2 5 392
5 2 392
2 23 636
23 2 636
2 40 178
40 2 178
2 32 371
32 2 371
2 56 113
56 2 113
2 27 64
27 2 64
2 54 231
54 2 231
2 35 416
35 2 416
3 4 109
4 3 109
3 17 558
17 3 558
3 55 379
55 3 379
3 43 45
43 3 45
3 52 655
52 3 655
3 36 206
36 3 206
3 13 221
13 3 221
3 51 275
51 3 275
3 52 47
52 3 47
3 76 331
76 3 331
3 64 559
64 3 559
3 41 659
41 3 659
3 29 661
29 3 661
3 43 981
43 3 981
3 11 629
11 3 629
3 58 357
58 3 357
3 9 952
9 3 952
3 57 973
57 3 973
3 23 373
23 3 373
3 46 378
46 3 378
4 7 208
7 4 208
4 14 641
14 4 641
4 16 867
16 4 867
4 18 126
18 4 126
4 32 332
32 4 332
4 11 906
11 4 906
4 36 615
36 4 615
4 68 435
68 4 435
4 76 643
76 4 643
4 67 491
67 4 491
4 72 944
72 4 944
4 38 195
38 4 195
4 52 707
52 4 707
4 32 127
32 4 127
4 47 343
47 4 343
4 5 647
5 4 647
4 56 254
56 4 254
4 28 116
28 4 116
4 9 227
9 4 227
4 60 240
60 4 240
4 25 950
25 4 950
4 44 644
44 4 644
4 63 334
63 4 334
4 76 390
76 4 390
4 32 156
32 4 156
5 8 232
8 5 232
5 27 622
27 5 622
5 37 339
37 5 339
5 76 879
76 5 879
5 69 358
69 5 358
5 25 441
25 5 441
5 75 925
75 5 925
5 27 743
27 5 743
5 74 607
74 5 607
5 54 546
54 5 546
5 73 866
73 5 866
5 11 57
11 5 57
5 38 649
38 5 649
5 13 503
13 5 503
5 55 454
55 5 454
5 57 477
57 5 477
5 16 787
16 5 787
5 52 698
52 5 698
5 56 696
56 5 696
5 23 729
23 5 729
5 39 669
39 5 669
5 41 565
41 5 565
5 53 92
53 5 92
5 18 33
18 5 33
6 67 204
67 6 204
6 48 950
48 6 950
6 71 160
71 6 160
6 74 780
74 6 780
6 76 278
76 6 278
6 66 927
66 6 927
6 75 975
75 6 975
6 38 132
38 6 132
6 67 800
67 6 800
6 14 950
14 6 950
6 62 708
62 6 708
6 75 111
75 6 111
6 64 590
64 6 590
6 19 802
19 6 802
6 68 88
68 6 88
7 24 236
24 7 236
7 73 821
73 7 821
7 27 201
27 7 201
7 62 864
62 7 864
7 22 305
22 7 305
7 7 436
7 7 436
7 61 971
61 7 971
7 40 660
40 7 660
7 20 944
20 7 944
7 21 95
21 7 95
7 24 530
24 7 530
7 20 173
20 7 173
7 76 155
76 7 155
7 45 955
45 7 955
7 70 716
70 7 716
7 43 348
43 7 348
7 34 956
34 7 956
7 73 925
73 7 925
7 18 888
18 7 888
8 13 261
13 8 261
8 66 652
66 8 652
8 42 861
42 8 861
8 31 911
31 8 911
8 72 738
72 8 738
8 27 357
27 8 357
8 73 240
73 8 240
8 73 257
73 8 257
8 48 286
48 8 286
8 42 104
42 8 104
8 72 244
72 8 244
8 39 743
39 8 743
8 33 591
33 8 591
8 57 623
57 8 623
8 58 782
58 8 782
8 62 193
62 8 193
8 74 429
74 8 429
8 23 421
23 8 421
9 11 685
11 9 685
9 22 672
22 9 672
9 25 322
25 9 322
9 29 932
29 9 932
9 56 33
56 9 33
9 66 42
66 9 42
9 36 101
36 9 101
9 67 625
67 9 625
9 54 757
54 9 757
9 35 982
35 9 982
9 31 612
31 9 612
9 51 849
51 9 849
9 41 269
41 9 269
9 66 900
66 9 900
9 46 165
46 9 165
9 32 517
32 9 517
9 15 713
15 9 713
9 54 344
54 9 344
9 49 963
49 9 963
9 47 196
47 9 196
9 57 474
57 9 474
9 34 70
34 9 70
9 48 992
48 9 992
9 27 556
27 9 556
9 38 983
38 9 983
9 46 555
46 9 555
9 75 469
75 9 469
9 34 548
34 9 548
10 28 81
28 10 81
10 59 31
59 10 31
10 54 841
54 10 841
10 23 523
23 10 523
10 76 96
76 10 96
10 43 565
43 10 565
10 19 208
19 10 208
10 11 689
11 10 689
10 61 531
61 10 531
10 47 795
47 10 795
10 75 932
75 10 932
10 26 698
26 10 698
10 40 471
40 10 471
10 42 717
42 10 717
10 65 86
65 10 86
10 61 392
61 10 392
10 35 317
35 10 317
10 49 35
49 10 35
10 57 477
57 10 477
10 71 482
71 10 482
10 68 195
68 10 195
10 27 157
27 10 157
11 12 467
12 11 467
11 44 563
44 11 563
11 46 624
46 11 624
11 36 677
36 11 677
11 48 271
48 11 271
11 73 746
73 11 746
11 73 996
73 11 996
11 42 394
42 11 394
11 75 838
75 11 838
11 56 245
56 11 245
11 33 651
33 11 651
11 61 854
61 11 854
11 32 989
32 11 989
11 61 815
61 11 815
11 57 958
57 11 958
11 32 67
32 11 67
11 13 959
13 11 959
11 75 588
75 11 588
11 13 243
13 11 243
11 42 394
42 11 394
11 29 405
29 11 405
11 73 688
73 11 688
11 13 569
13 11 569
11 55 325
55 11 325
11 45 213
45 11 213
11 14 47
14 11 47
12 15 437
15 12 437
12 30 485
30 12 485
12 65 631
65 12 631
12 53 258
53 12 258
12 47 943
47 12 943
12 43 470
43 12 470
12 75 378
75 12 378
12 62 704
62 12 704
12 70 896
70 12 896
12 67 126
67 12 126
12 48 316
48 12 316
12 59 6
59 12 6
12 25 255
25 12 255
12 69 773
69 12 773
12 53 886
53 12 886
12 50 623
50 12 623
12 50 52
50 12 52
12 14 330
14 12 330
12 40 911
40 12 911
12 48 100
48 12 100
13 47 864
47 13 864
13 55 495
55 13 495
13 37 197
37 13 197
13 55 918
55 13 918
13 56 282
56 13 282
13 29 183
29 13 183
13 66 446
66 13 446
13 27 505
27 13 505
13 69 229
69 13 229
13 19 686
19 13 686
13 57 347
57 13 347
13 38 945
38 13 945
13 43 286
43 13 286
13 63 455
63 13 455
13 57 692
57 13 692
13 28 886
28 13 886
13 13 460
13 13 460
13 72 940
72 13 940
13 34 100
34 13 100
13 75 70
75 13 70
13 75 926
75 13 926
13 16 836
16 13 836
14 40 277
40 14 277
14 51 205
51 14 205
14 51 36
51 14 36
14 43 460
43 14 460
14 72 676
72 14 676
14 56 747
56 14 747
14 65 670
65 14 670
14 65 70
65 14 70
14 29 176
29 14 176
14 31 864
31 14 864
14 45 601
45 14 601
14 16 676
16 14 676
14 67 28
67 14 28
14 61 376
61 14 376
14 76 461
76 14 461
14 36 944
36 14 944
14 50 902
50 14 902
14 39 38
39 14 38
14 16 282
16 14 282
14 44 809
44 14 809
14 67 231
67 14 231
15 39 725
39 15 725
15 41 204
41 15 204
15 53 290
53 15 290
15 43 694
43 15 694
15 75 557
75 15 557
15 34 975
34 15 975
15 71 4
71 15 4
15 53 441
53 15 441
15 56 792
56 15 792
15 43 441
43 15 441
15 52 411
52 15 411
16 21 999
21 16 999
16 36 89
36 16 89
16 33 492
33 16 492
16 21 886
21 16 886
16 35 397
35 16 397
16 34 477
34 16 477
16 32 502
32 16 502
16 44 324
44 16 324
16 48 787
48 16 787
16 45 680
45 16 680
16 35 451
35 16 451
16 65 65
65 16 65
16 20 848
20 16 848
16 42 920
42 16 920
16 39 475
39 16 475
17 23 699
23 17 699
17 26 394
26 17 394
17 34 962
34 17 962
17 70 735
70 17 735
17 60 98
60 17 98
17 71 458
71 17 458
17 34 291
34 17 291
17 41 257
41 17 257
17 75 42
75 17 42
17 67 185
67 17 185
17 60 798
60 17 798
17 51 826
51 17 826
17 59 444
59 17 444
17 19 977
19 17 977
17 51 346
51 17 346
17 76 321
76 17 321
17 67 598
67 17 598
18 49 768
49 18 768
18 64 699
64 18 699
18 74 707
74 18 707
18 43 527
43 18 527
18 62 688
62 18 688
18 51 128
51 18 128
18 32 80
32 18 80
18 44 409
44 18 409
18 70 11
70 18 11
18 57 252
57 18 252
18 63 983
63 18 983
18 37 510
37 18 510
18 41 851
41 18 851
18 55 171
55 18 171
18 45 103
45 18 103
18 69 999
69 18 999
18 43 218
43 18 218
18 30 180
30 18 180
18 44 841
44 18 841
19 38 515
38 19 515
19 28 408
28 19 408
19 46 806
46 19 806
19 64 128
64 19 128
19 42 576
42 19 576
19 28 120
28 19 120
19 34 355
34 19 355
19 29 34
29 19 34
19 44 72
44 19 72
19 73 334
73 19 334
19 64 596
64 19 596
19 37 553
37 19 553
19 68 531
68 19 531
19 32 719
32 19 719
19 56 815
56 19 815
19 37 57
37 19 57
19 71 493
71 19 493
19 32 613
32 19 613
19 42 32
42 19 32
19 54 228
54 19 228
19 33 446
33 19 446
19 34 11
34 19 11
20 35 81
35 20 81
20 42 917
42 20 917
20 57 647
57 20 647
20 62 651
62 20 651
20 39 561
39 20 561
20 50 539
50 20 539
20 50 735
50 20 735
20 44 848
44 20 848
20 20 526
20 20 526
20 57 679
57 20 679
20 58 537
58 20 537
20 58 313
58 20 313
20 28 644
28 20 644
20 29 932
29 20 932
20 22 523
22 20 523
20 57 116
57 20 116
20 60 991
60 20 991
20 70 243
70 20 243
20 61 106
61 20 106
20 43 881
43 20 881
21 45 251
45 21 251
21 54 274
54 21 274
21 33 499
33 21 499
21 54 972
54 21 972
21 39 387
39 21 387
21 60 102
60 21 102
21 36 759
36 21 759
21 74 209
74 21 209
21 68 677
68 21 677
21 48 110
48 21 110
21 67 827
67 21 827
21 22 785
22 21 785
21 39 904
39 21 904
21 43 204
43 21 204
21 23 724
23 21 724
21 50 479
50 21 479
21 35 767
35 21 767
22 33 957
33 22 957
22 48 737
48 22 737
22 46 434
46 22 434
22 30 935
30 22 935
22 30 541
30 22 541
22 68 277
68 22 277
22 38 839
38 22 839
22 59 221
59 22 221
22 51 609
51 22 609
22 60 755
60 22 755
22 39 531
39 22 531
22 53 948
53 22 948
22 53 623
53 22 623
22 38 505
38 22 505
22 42 793
42 22 793
22 34 272
34 22 272
22 47 320
47 22 320
22 30 82
30 22 82
22 55 127
55 22 127
22 65 14
65 22 14
22 63 762
63 22 762
23 68 541
68 23 541
23 27 626
27 23 626
23 25 253
25 23 253
23 43 381
43 23 381
23 60 65
60 23 65
23 23 317
23 23 317
23 66 408
66 23 408
23 41 151
41 23 151
23 48 465
48 23 465
23 68 842
68 23 842
23 24 143
24 23 143
23 73 759
73 23 759
23 72 56
72 23 56
23 68 990
68 23 990
23 48 634
48 23 634
23 36 1000
36 23 1000
23 37 96
37 23 96
24 43 745
43 24 745
24 50 347
50 24 347
24 43 92
43 24 92
24 27 203
27 24 203
24 26 398
26 24 398
24 67 471
67 24 471
24 44 702
44 24 702
24 25 274
25 24 274
24 51 170
51 24 170
24 39 209
39 24 209
24 52 359
52 24 359
24 74 594
74 24 594
24 46 960
46 24 960
24 33 363
33 24 363
24 49 302
49 24 302
25 54 325
54 25 325
25 25 889
25 25 889
25 74 953
74 25 953
25 43 874
43 25 874
25 72 393
72 25 393
25 63 693
63 25 693
25 51 595
51 25 595
25 65 227
65 25 227
25 27 892
27 25 892
25 42 778
42 25 778
26 43 394
43 26 394
26 65 431
65 26 431
26 51 845
51 26 845
26 63 349
63 26 349
26 68 246
68 26 246
26 27 86
27 26 86
26 61 996
61 26 996
26 26 792
26 26 792
27 34 69
34 27 69
27 64 85
64 27 85
27 47 905
47 27 905
27 30 461
30 27 461
27 63 856
63 27 856
27 30 999
30 27 999
27 73 318
73 27 318
27 27 860
27 27 860
27 56 42
56 27 42
27 68 283
68 27 283
27 62 747
62 27 747
27 36 997
36 27 997
27 66 551
66 27 551
27 62 242
62 27 242
28 73 198
73 28 198
28 39 212
39 28 212
28 66 249
66 28 249
28 48 83
48 28 83
28 65 870
65 28 870
28 54 483
54 28 483
28 30 845
30 28 845
28 68 458
68 28 458
28 36 330
36 28 330
28 59 857
59 28 857
28 39 437
39 28 437
28 64 545
64 28 545
28 58 333
58 28 333
28 67 733
67 28 733
28 46 868
46 28 868
28 54 633
54 28 633
29 74 269
74 29 269
29 71 702
71 29 702
29 59 664
59 29 664
29 46 733
46 29 733
29 37 505
37 29 505
29 47 721
47 29 721
29 39 529
39 29 529
29 30 274
30 29 274
29 55 349
55 29 349
29 35 381
35 29 381
29 54 194
54 29 194
29 31 605
31 29 605
29 61 753
61 29 753
30 31 459
31 30 459
30 58 659
58 30 659
30 57 809
57 30 809
30 53 753
53 30 753
30 59 668
59 30 668
30 45 674
45 30 674
30 44 912
44 30 912
30 53 127
53 30 127
30 34 890
34 30 890
30 61 217
61 30 217
30 61 767
61 30 767
30 68 755
68 30 755
30 31 364
31 30 364
30 33 924
33 30 924
30 69 244
69 30 244
31 60 790
60 31 790
31 56 132
56 31 132
31 64 761
64 31 761
31 70 786
70 31 786
31 31 621
31 31 621
31 47 341
47 31 341
31 50 998
50 31 998
31 74 206
74 31 206
31 49 152
49 31 152
31 54 18
54 31 18
32 50 735
50 32 735
32 50 313
50 32 313
32 57 184
57 32 184
32 54 170
54 32 170
32 49 356
49 32 356
32 56 385
56 32 385
32 76 955
76 32 955
32 40 856
40 32 856
32 47 192
47 32 192
32 49 723
49 32 723
32 52 569
52 32 569
32 35 769
35 32 769
32 70 204
70 32 204
32 75 378
75 32 378
32 68 419
68 32 419
32 48 421
48 32 421
33 71 595
71 33 595
33 72 787
72 33 787
33 71 396
71 33 396
33 75 455
75 33 455
33 42 389
42 33 389
33 50 767
50 33 767
33 65 649
65 33 649
33 45 275
45 33 275
33 73 401
73 33 401
33 60 486
60 33 486
33 42 122
42 33 122
33 74 670
74 33 670
33 61 425
61 33 425
33 60 716
60 33 716
33 56 96
56 33 96
34 52 263
52 34 263
34 59 33
59 34 33
34 36 265
36 34 265
34 66 872
66 34 872
34 54 761
54 34 761
34 45 231
45 34 231
34 59 856
59 34 856
34 57 831
57 34 831
34 40 873
40 34 873
34 54 904
54 34 904
34 36 286
36 34 286
34 35 23
35 34 23
34 61 497
61 34 497
34 36 444
36 34 444
34 39 894
39 34 894
34 35 183
35 34 183
34 63 301
63 34 301
35 74 414
74 35 414
35 72 365
72 35 365
35 50 648
50 35 648
35 51 763
51 35 763
35 45 7
45 35 7
35 41 409
41 35 409
35 50 843
50 35 843
35 73 404
73 35 404
35 41 52
41 35 52
35 43 891
43 35 891
35 49 115
49 35 115
36 47 447
47 36 447
36 70 269
70 36 269
36 71 284
71 36 284
36 51 124
51 36 124
36 65 131
65 36 131
36 36 208
36 36 208
36 64 74
64 36 74
36 71 949
71 36 949
36 52 65
52 36 65
36 38 580
38 36 580
36 54 91
54 36 91
36 63 373
63 36 373
36 75 873
75 36 873
36 51 466
51 36 466
36 74 254
74 36 254
36 69 542
69 36 542
37 47 502
47 37 502
37 62 423
62 37 423
37 74 811
74 37 811
37 43 334
43 37 334
37 47 698
47 37 698
37 53 376
53 37 376
37 50 370
50 37 370
37 60 765
60 37 765
37 57 188
57 37 188
37 48 473
48 37 473
38 63 634
63 38 634
38 60 586
60 38 586
38 42 543
42 38 543
38 74 867
74 38 867
38 48 813
48 38 813
38 49 626
49 38 626
38 47 299
47 38 299
38 47 909
47 38 909
38 42 770
42 38 770
38 61 533
61 38 533
39 60 863
60 39 863
39 67 66
67 39 66
39 65 919
65 39 919
39 52 789
52 39 789
39 76 326
76 39 326
39 76 965
76 39 965
39 47 595
47 39 595
39 43 980
43 39 980
39 50 648
50 39 648
39 66 596
66 39 596
39 63 367
63 39 367
39 75 890
75 39 890
39 48 169
48 39 169
39 50 77
50 39 77
39 75 15
75 39 15
40 45 147
45 40 147
40 52 166
52 40 166
40 71 485
71 40 485
40 58 881
58 40 881
40 50 396
50 40 396
40 72 930
72 40 930
40 73 698
73 40 698
40 74 872
74 40 872
40 59 180
59 40 180
41 59 569
59 41 569
41 50 332
50 41 332
41 60 762
60 41 762
41 59 867
59 41 867
41 58 98
58 41 98
41 44 556
44 41 556
41 47 173
47 41 173
41 60 945
60 41 945
41 68 994
68 41 994
41 52 963
52 41 963
41 76 934
76 41 934
42 53 790
53 42 790
42 63 689
63 42 689
42 59 673
59 42 673
42 51 127
51 42 127
42 51 931
51 42 931
42 68 910
68 42 910
42 68 895
68 42 895
42 64 404
64 42 404
42 63 695
63 42 695
42 47 785
47 42 785
42 73 598
73 42 598
42 59 852
59 42 852
42 67 919
67 42 919
42 47 938
47 42 938
42 60 680
60 42 680
43 68 926
68 43 926
43 50 626
50 43 626
43 57 156
57 43 156
43 56 790
56 43 790
43 56 738
56 43 738
43 47 419
47 43 419
43 72 283
72 43 283
43 63 653
63 43 653
43 48 211
48 43 211
43 68 153
68 43 153
43 66 914
66 43 914
43 66 697
66 43 697
44 75 466
75 44 466
44 47 494
47 44 494
44 76 733
76 44 733
44 59 314
59 44 314
44 49 49
49 44 49
44 50 995
50 44 995
44 59 522
59 44 522
44 58 517
58 44 517
44 63 770
63 44 770
44 69 904
69 44 904
44 51 612
51 44 612
44 59 577
59 44 577
45 64 100
64 45 100
45 48 219
48 45 219
45 51 121
51 45 121
45 69 925
69 45 925
45 75 811
75 45 811
45 54 423
54 45 423
45 60 990
60 45 990
45 76 298
76 45 298
45 64 728
64 45 728
45 73 259
73 45 259
45 56 772
56 45 772
46 69 344
69 46 344
46 56 828
56 46 828
46 50 423
50 46 423
46 48 122
48 46 122
46 52 799
52 46 799
46 46 951
46 46 951
46 57 241
57 46 241
46 55 389
55 46 389
46 55 227
55 46 227
47 67 41
67 47 41
47 73 706
73 47 706
47 50 227
50 47 227
47 58 595
58 47 595
47 76 849
76 47 849
47 71 173
71 47 173
47 59 669
59 47 669
47 59 15
59 47 15
48 62 176
62 48 176
48 61 960
61 48 960
48 64 23
64 48 23
48 59 66
59 48 66
48 67 103
67 48 103
48 76 842
76 48 842
49 60 556
60 49 556
49 56 581
56 49 581
49 65 591
65 49 591
49 56 207
56 49 207
49 59 790
59 49 790
49 61 74
61 49 74
49 76 146
76 49 146
49 53 663
53 49 663
49 57 666
57 49 666
49 70 382
70 49 382
50 60 153
60 50 153
50 64 102
64 50 102
50 66 707
66 50 707
50 68 758
68 50 758
50 75 427
75 50 427
50 64 915
64 50 915
51 69 105
69 51 105
51 60 27
60 51 27
51 53 439
53 51 439
51 52 894
52 51 894
51 56 188
56 51 188
51 70 861
70 51 861
51 73 17
73 51 17
51 53 393
53 51 393
51 73 338
73 51 338
52 75 617
75 52 617
52 58 768
58 52 768
52 70 642
70 52 642
52 61 232
61 52 232
53 67 518
67 53 518
53 65 449
65 53 449
53 68 897
68 53 897
53 63 672
63 53 672
53 54 346
54 53 346
53 65 720
65 53 720
53 69 865
69 53 865
53 75 206
75 53 206
53 71 410
71 53 410
53 68 822
68 53 822
53 76 491
76 53 491
54 69 783
69 54 783
54 75 105
75 54 105
54 60 999
60 54 999
54 66 276
66 54 276
54 72 501
72 54 501
54 62 525
62 54 525
54 68 922
68 54 922
55 71 204
71 55 204
55 65 832
65 55 832
55 60 605
60 55 605
55 63 882
63 55 882
56 62 624
62 56 624
56 58 812
58 56 812
56 75 307
75 56 307
56 58 797
58 56 797
56 59 404
59 56 404
57 74 875
74 57 875
57 67 130
67 57 130
57 66 544
66 57 544
57 63 517
63 57 517
57 65 997
65 57 997
57 58 526
58 57 526
57 57 798
57 57 798
57 67 531
67 57 531
58 70 266
70 58 266
58 74 587
74 58 587
58 59 632
59 58 632
58 67 270
67 58 270
58 65 786
65 58 786
58 62 740
62 58 740
58 60 79
60 58 79
59 62 487
62 59 487
59 76 480
76 59 480
59 68 161
68 59 161
59 71 632
71 59 632
59 72 887
72 59 887
59 76 155
76 59 155
59 64 95
64 59 95
59 63 24
63 59 24
60 60 792
60 60 792
60 63 459
63 60 459
60 73 81
73 60 81
60 70 751
70 60 751
61 67 92
67 61 92
62 75 386
75 62 386
62 76 349
76 62 349
62 65 77
65 62 77
62 64 481
64 62 481
62 75 65
75 62 65
62 72 219
72 62 219
62 68 573
68 62 573
62 72 467
72 62 467
62 67 555
67 62 555
62 66 442
66 62 442
62 62 436
62 62 436
63 71 481
71 63 481
63 70 897
70 63 897
63 68 905
68 63 905
64 71 881
71 64 881
64 67 914
67 64 914
64 71 946
71 64 946
65 68 556
68 65 556
65 76 826
76 65 826
65 68 150
68 65 150
66 70 357
70 66 357
67 76 622
76 67 622
67 75 318
75 67 318
67 71 928
71 67 928
68 76 258
76 68 258
68 75 759
75 68 759
68 70 331
70 68 331
68 74 970
74 68 970
68 68 73
68 68 73
69 76 857
76 69 857
69 70 949
70 69 949
70 76 361
76 70 361
70 72 730
72 70 730
70 72 478
72 70 478
73 76 71
76 73 71
73 73 30
73 73 30
74 76 774
76 74 774
