33

0 1 27
1 0 27
0 4 965
4 0 965
0 5 735
5 0 735
0 19 788
19 0 788
0 20 837
20 0 837
0 31 295
31 0 295
0 3 442
3 0 442
0 8 60
8 0 60
0 29 16
29 0 16
0 27 376
27 0 376
0 12 422
12 0 422
0 4 663
4 0 663
0 10 992
10 0 992
0 26 779
26 0 779
0 4 279
4 0 279
0 16 448
16 0 448
0 26 574
26 0 574
0 5 685
5 0 685
0 1 208
1 0 208
0 5 313
5 0 313
0 29 55
29 0 55
0 12 518
12 0 518
0 8 820
8 0 820
0 15 465
15 0 465
0 8 769
8 0 769
0 23 484
23 0 484
0 6 800
6 0 800
0 15 962
15 0 962
0 4 876
4 0 876
0 32 477
32 0 477
0 15 300
15 0 300
0 29 60
29 0 60
0 5 983
5 0 983
0 31 462
31 0 462
0 5 615
5 0 615
0 29 620
29 0 620
0 22 302
22 0 302
0 27 139
27 0 139
1 2 897
2 1 897
1 3 104
3 1 104
1 18 234
18 1 234
1 15 845
15 1 845
1 15 17
15 1 17
1 19 808
19 1 808
1 2 354
2 1 354
1 22 506
22 1 506
1 30 778
30 1 778
1 19 17
19 1 17
1 31 338
31 1 338
1 12 702
12 1 702
1 3 719
3 1 719
1 3 604
3 1 604
1 8 548
8 1 548
1 28 626
28 1 626
1 7 864
7 1 864
1 17 245
17 1 245
1 23 468
23 1 468
1 24 422
24 1 422
1 19 67
19 1 67
1 2 411
2 1 411
1 4 990
4 1 990
1 2 33
2 1 33
1 14 278
14 1 278
1 22 829
22 1 829
1 17 460
17 1 460
1 25 109
25 1 109
1 30 248
30 1 248
1 11 365
11 1 365
1 10 876
10 1 876
1 7 102
7 1 102
1 4 675
4 1 675
1 10 405
10 1 405
1 25 546
25 1 546
1 4 326
4 1 326
1 5 653
5 1 653
1 19 403
19 1 403
1 12 471
12 1 471
1 15 835
15 1 835
1 24 664
24 1 664
1 18 290
18 1 290
1 16 72
16 1 72
2 13 472
13 2 472
2 7 829
7 2 829
2 7 127
7 2 127
2 28 430
28 2 430
2 27 235
27 2 235
2 24 684
24 2 684
2 30 393
30 2 393
2 19 901
19 2 901
2 17 586
17 2 586
2 11 191
11 2 191
2 21 890
21 2 890
2 27 821
27 2 821
2 14 266
14 2 266
2 22 355
22 2 355
2 31 606
31 2 606
2 15 292
15 2 292
2 31 884
31 2 884
2 14 182
14 2 182
2 16 799
16 2 799
2 20 244
20 2 244
2 26 878
26 2 878
2 22 768
22 2 768
2 3 284
3 2 284
2 25 253
25 2 253
2 19 645
19 2 645
3 7 940
7 3 940
3 27 554
27 3 554
3 31 563
31 3 563
3 13 56
13 3 56
3 31 882
31 3 882
3 25 534
25 3 534
3 31 692
31 3 692
3 16 936
16 3 936
3 8 574
8 3 574
3 29 303
29 3 303
3 32 971
32 3 971
3 22 607
22 3 607
3 32 975
32 3 975
3 15 40
15 3 40
3 18 555
18 3 555
3 32 99
32 3 99
3 18 825
18 3 825
3 26 17
26 3 17
3 20 545
20 3 545
3 14 599
14 3 599
3 32 784
32 3 784
3 19 365
19 3 365
3 20 579
20 3 579
3 17 639
17 3 639
3 26 544
26 3 544
3 6 778
6 3 778
3 14 997
14 3 997
3 31 390
31 3 390
3 25 137
25 3 137
3 23 698
23 3 698
4 6 640
6 4 640
4 9 882
9 4 882
4 15 271
15 4 271
4 23 730
23 4 730
4 29 81
29 4 81
4 10 736
10 4 736
4 17 156
17 4 156
4 26 706
26 4 706
4 23 903
23 4 903
4 18 624
18 4 624
4 10 338
10 4 338
4 6 162
6 4 162
4 28 748
28 4 748
4 27 691
27 4 691
4 27 477
27 4 477
4 6 169
6 4 169
4 22 884
22 4 884
4 25 34
25 4 34
4 17 125
17 4 125
4 27 692
27 4 692
4 27 259
27 4 259
4 13 802
13 4 802
4 10 643
10 4 643
4 21 842
21 4 842
4 32 763
32 4 763
4 13 208
13 4 208
4 20 634
20 4 634
4 30 145
30 4 145
4 32 788
32 4 788
5 8 473
8 5 473
5 14 362
14 5 362
5 6 949
6 5 949
5 31 790
31 5 790
5 18 487
18 5 487
5 13 283
13 5 283
5 8 756
8 5 756
5 16 307
16 5 307
5 18 861
18 5 861
5 10 542
10 5 542
5 7 819
7 5 819
5 32 728
32 5 728
5 8 418
8 5 418
5 25 701
25 5 701
5 16 737
16 5 737
5 16 616
16 5 616
5 32 281
32 5 281
5 23 150
23 5 150
5 30 701
30 5 701
5 31 8
31 5 8
5 20 608
20 5 608
5 10 456
10 5 456
5 28 225
28 5 225
5 14 520
14 5 520
5 7 866
7 5 866
5 11 620
11 5 620
5 25 207
25 5 207
5 30 447
30 5 447
6 10 987
10 6 987
6 12 916
12 6 916
6 10 789
10 6 789
6 8 770
8 6 770
6 14 797
14 6 797
6 28 712
28 6 712
6 31 22
31 6 22
6 9 235
9 6 235
6 31 730
31 6 730
6 8 833
8 6 833
6 18 876
18 6 876
6 32 981
32 6 981
6 7 80
7 6 80
6 10 957
10 6 957
6 16 144
16 6 144
6 23 527
23 6 527
6 8 835
8 6 835
6 15 96
15 6 96
6 9 22
9 6 22
6 25 869
25 6 869
6 24 67
24 6 67
6 13 244
13 6 244
7 16 704
16 7 704
7 32 484
32 7 484
7 10 346
10 7 346
7 9 199
9 7 199
7 11 997
11 7 997
7 28 196
28 7 196
7 12 784
12 7 784
7 28 704
28 7 704
7 12 156
12 7 156
7 21 725
21 7 725
7 21 313
21 7 313
7 8 427
8 7 427
7 25 656
25 7 656
7 10 986
10 7 986
7 20 706
20 7 706
7 19 873
19 7 873
7 13 56
13 7 56
7 29 188
29 7 188
7 9 488
9 7 488
7 7 377
7 7 377
8 15 99
15 8 99
8 9 791
9 8 791
8 32 127
32 8 127
8 22 265
22 8 265
8 13 990
13 8 990
8 28 944
28 8 944
8 12 653
12 8 653
8 17 625
17 8 625
8 25 30
25 8 30
8 26 107
26 8 107
8 22 161
22 8 161
8 27 660
27 8 660
8 12 1000
12 8 1000
8 9 945
9 8 945
8 23 641
23 8 641
8 17 148
17 8 148
8 17 67
17 8 67
8 29 125
29 8 125
9 17 536
17 9 536
9 21 471
21 9 471
9 14 576
14 9 576
9 26 540
26 9 540
9 30 296
30 9 296
9 16 524
16 9 524
9 19 185
19 9 185
9 31 793
31 9 793
9 12 819
12 9 819
9 23 907
23 9 907
9 26 451
26 9 451
9 11 119
11 9 119
9 12 58
12 9 58
9 30 104
30 9 104
9 13 780
13 9 780
9 19 628
19 9 628
9 29 21
29 9 21
9 9 916
9 9 916
10 11 757
11 10 757
10 32 407
32 10 407
10 31 101
31 10 101
10 29 933
29 10 933
10 21 700
21 10 700
10 24 779
24 10 779
10 18 908
18 10 908
10 27 939
27 10 939
10 24 23
24 10 23
10 16 506
16 10 506
10 23 715
23 10 715
10 29 324
29 10 324
10 23 155
23 10 155
10 20 795
20 10 795
10 23 353
23 10 353
10 28 771
28 10 771
10 24 803
24 10 803
10 21 842
21 10 842
10 22 944
22 10 944
10 12 397
12 10 397
10 21 437
21 10 437
10 11 535
11 10 535
10 17 14
17 10 14
10 32 423
32 10 423
11 22 258
22 11 258
11 15 849
15 11 849
11 29 389
29 11 389
11 32 880
32 11 880
11 21 366
21 11 366
11 17 965
17 11 965
11 11 718
11 11 718
11 26 625
26 11 625
11 29 486
29 11 486
11 16 320
16 11 320
11 29 168
29 11 168
11 11 752
11 11 752
11 27 959
27 11 959
11 31 587
31 11 587
12 29 876
29 12 876
12 13 794
13 12 794
12 27 436
27 12 436
12 17 377
17 12 377
12 24 57
24 12 57
12 26 595
26 12 595
12 17 223
17 12 223
12 16 284
16 12 284
12 27 349
27 12 349
12 13 757
13 12 757
12 12 361
12 12 361
12 23 854
23 12 854
12 24 787
24 12 787
12 24 133
24 12 133
12 13 26
13 12 26
12 29 107
29 12 107
12 30 610
30 12 610
12 15 211
15 12 211
12 28 122
28 12 122
12 27 764
27 12 764
12 30 384
30 12 384
12 32 150
32 12 150
13 16 488
16 13 488
13 28 662
28 13 662
13 31 501
31 13 501
13 27 891
27 13 891
13 24 371
24 13 371
13 30 846
30 13 846
13 25 77
25 13 77
13 32 255
32 13 255
13 22 771
22 13 771
13 15 815
15 13 815
13 31 454
31 13 454
13 16 149
16 13 149
13 25 858
25 13 858
13 16 727
16 13 727
13 17 585
17 13 585
13 25 570
25 13 570
13 23 852
23 13 852
13 30 386
30 13 386
13 21 885
21 13 885
13 32 691
32 13 691
13 19 72
19 13 72
14 30 223
30 14 223
14 22 426
22 14 426
14 26 708
26 14 708
14 21 15
21 14 15
14 24 31
24 14 31
14 25 462
25 14 462
14 25 451
25 14 451
14 28 58
28 14 58
14 22 613
22 14 613
14 24 319
24 14 319
14 23 487
23 14 487
14 21 872
21 14 872
14 17 833
17 14 833
14 22 646
22 14 646
14 15 902
15 14 902
14 20 664
20 14 664
14 30 588
30 14 588
14 30 375
30 14 375
14 25 763
25 14 763
14 31 107
31 14 107
14 20 119
20 14 119
14 27 295
27 14 295
15 20 244
20 15 244
15 27 737
27 15 737
15 31 100
31 15 100
15 21 334
21 15 334
15 25 981
25 15 981
15 30 437
30 15 437
15 21 432
21 15 432
15 30 882
30 15 882
15 22 312
22 15 312
15 28 794
28 15 794
15 29 861
29 15 861
15 23 31
23 15 31
15 19 572
19 15 572
15 26 856
26 15 856
16 25 461
25 16 461
16 31 185
31 16 185
16 30 973
30 16 973
16 25 550
25 16 550
16 22 710
22 16 710
16 32 976
32 16 976
16 30 242
30 16 242
16 30 692
30 16 692
16 16 792
16 16 792
16 32 82
32 16 82
16 27 195
27 16 195
16 16 418
16 16 418
16 28 845
28 16 845
16 22 356
22 16 356
16 32 519
32 16 519
16 16 432
16 16 432
16 25 458
25 16 458
16 25 214
25 16 214
16 30 556
30 16 556
16 32 852
32 16 852
16 26 457
26 16 457
17 24 114
24 17 114
17 25 790
25 17 790
17 20 504
20 17 504
17 29 442
29 17 442
17 31 700
31 17 700
17 30 166
30 17 166
17 23 722
23 17 722
17 28 696
28 17 696
17 32 545
32 17 545
17 29 102
29 17 102
17 29 416
29 17 416
17 23 862
23 17 862
17 27 817
27 17 817
17 23 352
23 17 352
18 32 748
32 18 748
18 23 462
23 18 462
18 19 363
19 18 363
18 29 223
29 18 223
18 30 820
30 18 820
18 31 921
31 18 921
18 29 940
29 18 940
18 32 437
32 18 437
18 31 728
31 18 728
18 29 139
29 18 139
18 21 241
21 18 241
18 19 970
19 18 970
19 23 498
23 19 498
19 19 342
19 19 342
19 19 628
19 19 628
19 23 710
23 19 710
19 22 944
22 19 944
19 24 593
24 19 593
19 24 47
24 19 47
19 23 771
23 19 771
19 22 171
22 19 171
19 23 783
23 19 783
19 22 441
22 19 441
19 32 634
32 19 634
19 20 190
20 19 190
19 25 17
25 19 17
19 19 689
19 19 689
19 28 632
28 19 632
19 24 187
24 19 187
20 27 127
27 20 127
20 23 447
23 20 447
20 27 261
27 20 261
20 24 637
24 20 637
20 30 135
30 20 135
20 23 839
23 20 839
20 31 137
31 20 137
20 27 978
27 20 978
21 32 33
32 21 33
21 28 938
28 21 938
21 28 680
28 21 680
21 31 582
31 21 582
21 27 307
27 21 307
21 30 531
30 21 531
21 24 628
24 21 628
21 31 448
31 21 448
21 24 199
24 21 199
21 23 299
23 21 299
21 32 53
32 21 53
21 27 772
27 21 772
22 25 542
25 22 542
22 26 863
26 22 863
22 32 705
32 22 705
22 30 386
30 22 386
22 25 497
25 22 497
22 27 458
27 22 458
23 26 176
26 23 176
23 27 140
27 23 140
23 29 41
29 23 41
23 32 234
32 23 234
23 32 335
32 23 335
23 28 640
28 23 640
23 30 322
30 23 322
23 29 953
29 23 953
24 29 459
29 24 459
24 25 221
25 24 221
24 25 546
25 24 546
24 27 99
27 24 99
24 24 706
24 24 706
25 29 603
29 25 603
25 31 24
31 25 24
25 32 956
32 25 956
25 30 571
30 25 571
25 28 166
28 25 166
25 26 893
26 25 893
25 29 620
29 25 620
25 31 538
31 25 538
26 29 671
29 26 671
26 30 862
30 26 862
26 30 200
30 26 200
26 27 89
27 26 89
26 29 564
29 26 564
27 32 560
32 27 560
27 28 59
28 27 59
27 29 413
29 27 413
27 31 395
31 27 395
28 30 54
30 28 54
28 29 690
29 28 690
28 30 459
30 28 459
28 31 622
31 28 622
28 28 990
28 28 990
28 28 666
28 28 666
29 29 630
29 29 630
29 31 544
31 29 544
30 31 646
31 30 646
31 31 983
31 31 983
32 32 672
32 32 672
