27

0 1 354
1 0 354
0 2 656
2 0 656
0 7 951
7 0 951
0 22 291
22 0 291
0 26 708
26 0 708
0 17 262
17 0 262
0 21 832
21 0 832
0 2 139
2 0 139
0 19 182
19 0 182
0 19 747
19 0 747
0 12 311
12 0 311
0 14 882
14 0 882
0 24 895
24 0 895
0 4 472
4 0 472
0 20 986
20 0 986
0 2 902
2 0 902
1 19 59
19 1 59
1 24 568
24 1 568
1 18 135
18 1 135
1 20 537
20 1 537
1 25 124
25 1 124
1 12 250
12 1 250
1 24 499
24 1 499
1 18 884
18 1 884
1 6 92
6 1 92
1 25 362
25 1 362
1 19 311
19 1 311
2 3 601
3 2 601
2 4 659
4 2 659
2 6 34
6 2 34
2 8 408
8 2 408
2 10 983
10 2 983
2 20 856
20 2 856
2 14 530
14 2 530
2 24 464
24 2 464
2 15 180
15 2 180
2 12 649
12 2 649
2 20 657
20 2 657
2 6 542
6 2 542
2 23 819
23 2 819
2 13 587
13 2 587
2 9 645
9 2 645
3 9 93
9 3 93
3 14 277
14 3 277
3 21 13
21 3 13
3 14 381
14 3 381
3 6 840
6 3 840
3 12 764
12 3 764
3 5 162
5 3 162
3 15 528
15 3 528
3 4 57
4 3 57
3 10 626
10 3 626
3 14 263
14 3 263
3 10 769
10 3 769
3 22 728
22 3 728
4 5 356
5 4 356
4 11 496
11 4 496
4 12 515
12 4 515
4 18 719
18 4 719
4 22 858
22 4 858
4 24 175
24 4 175
4 17 908
17 4 908
4 22 313
22 4 313
4 22 873
22 4 873
4 10 64
10 4 64
4 25 310
25 4 310
4 21 755
21 4 755
4 12 583
12 4 583
4 26 613
26 4 613
4 17 131
17 4 131
4 13 182
13 4 182
5 9 703
9 5 703
5 13 88
13 5 88
5 9 935
9 5 935
5 12 196
12 5 196
5 5 138
5 5 138
5 18 927
18 5 927
5 18 220
18 5 220
5 24 818
24 5 818
5 10 974
10 5 974
5 15 579
15 5 579
6 16 19
16 6 19
6 17 405
17 6 405
6 10 358
10 6 358
6 20 506
20 6 506
6 17 883
17 6 883
6 10 806
10 6 806
7 26 69
26 7 69
7 7 224
7 7 224
7 22 161
22 7 161
7 15 223
15 7 223
8 17 683
17 8 683
8 11 89
11 8 89
8 22 138
22 8 138
8 25 241
25 8 241
8 21 771
21 8 771
8 14 792
14 8 792
8 20 922
20 8 922
8 15 511
15 8 511
8 19 633
19 8 633
9 13 832
13 9 832
9 26 652
26 9 652
9 24 442
24 9 442
9 22 101
22 9 101
9 11 324
11 9 324
9 25 785
25 9 785
9 10 255
10 9 255
10 16 847
16 10 847
10 21 820
21 10 820
10 21 137
21 10 137
10 23 804
23 10 804
10 14 650
14 10 650
11 15 914
15 11 914
11 25 271
25 11 271
11 17 139
17 11 139
11 21 130
21 11 130
11 17 153
17 11 153
11 17 848
17 11 848
12 23 81
23 12 81
13 18 527
18 13 527
13 24 722
24 13 722
13 20 494
20 13 494
13 22 583
22 13 583
13 21 974
21 13 974
14 16 355
16 14 355
14 20 395
20 14 395
14 23 327
23 14 327
14 25 67
25 14 67
14 19 813
19 14 813
14 19 641
19 14 641
14 26 15
26 14 15
14 17 642
17 14 642
14 22 806
22 14 806
14 25 156
25 14 156
14 18 613
18 14 613
14 15 463
15 14 463
15 17 835
17 15 835
15 21 462
21 15 462
15 25 679
25 15 679
15 22 579
22 15 579
15 25 935
25 15 935
15 23 343
23 15 343
15 15 688
15 15 688
15 16 252
16 15 252
16 25 697
25 16 697
16 23 106
23 16 106
16 25 260
25 16 260
16 24 198
24 16 198
16 26 503
26 16 503
17 23 510
23 17 510
18 18 944
18 18 944
18 18 391
18 18 391
18 18 552
18 18 552
18 21 627
21 18 627
19 26 452
26 19 452
19 19 335
19 19 335
20 24 214
24 20 214
21 24 645
24 21 645
21 23 625
23 21 625
21 22 931
22 21 931
22 26 719
26 22 719
22 22 941
22 22 941
24 26 631
26 24 631
24 26 372
26 24 372
24 25 748
25 24 748
25 26 651
26 25 651
