19

0 1 987
1 0 987
0 13 781
13 0 781
0 3 73
3 0 73
0 7 496
7 0 496
0 10 567
10 0 567
0 13 903
13 0 903
0 14 475
14 0 475
1 2 603
2 1 603
1 3 66
3 1 66
1 4 726
4 1 726
1 3 8
3 1 8
1 6 11
6 1 11
1 7 38
7 1 38
1 10 818
10 1 818
2 12 496
12 2 496
2 16 185
16 2 185
2 18 971
18 2 971
2 7 606
7 2 606
2 7 116
7 2 116
2 16 378
16 2 378
3 14 280
14 3 280
3 7 734
7 3 734
3 11 724
11 3 724
3 17 59
17 3 59
3 15 607
15 3 607
3 11 116
11 3 116
4 5 237
5 4 237
4 11 264
11 4 264
4 12 458
12 4 458
4 10 223
10 4 223
5 6 899
6 5 899
5 7 480
7 5 480
5 8 958
8 5 958
5 12 922
12 5 922
5 13 48
13 5 48
5 6 953
6 5 953
5 7 378
7 5 378
5 16 507
16 5 507
6 9 503
9 6 503
6 17 506
17 6 506
6 9 120
9 6 120
6 12 428
12 6 428
6 18 34
18 6 34
7 11 631
11 7 631
7 13 941
13 7 941
7 7 190
7 7 190
7 14 149
14 7 149
7 10 764
10 7 764
7 11 389
11 7 389
7 8 820
8 7 820
7 18 224
18 7 224
8 10 658
10 8 658
9 10 134
10 9 134
9 10 403
10 9 403
10 16 764
16 10 764
10 14 644
14 10 644
10 15 496
15 10 496
11 15 127
15 11 127
11 18 261
18 11 261
11 15 306
15 11 306
12 13 303
13 12 303
14 17 162
17 14 162
15 18 398
18 15 398
17 18 827
18 17 827
