50

0 1 400
1 0 400
0 2 364
2 0 364
0 29 678
29 0 678
0 9 343
9 0 343
0 49 646
49 0 646
0 44 143
44 0 143
0 48 55
48 0 55
0 1 623
1 0 623
0 33 135
33 0 135
0 20 354
20 0 354
0 28 891
28 0 891
0 5 396
5 0 396
0 12 176
12 0 176
0 13 250
13 0 250
0 19 239
19 0 239
0 38 527
38 0 527
0 30 916
30 0 916
0 24 355
24 0 355
0 16 846
16 0 846
0 46 517
46 0 517
0 10 153
10 0 153
0 20 632
20 0 632
0 19 770
19 0 770
0 39 319
39 0 319
0 36 682
36 0 682
1 10 213
10 1 213
1 43 149
43 1 149
1 45 350
45 1 350
1 20 26
20 1 26
1 8 50
8 1 50
1 43 141
43 1 141
1 26 689
26 1 689
1 45 636
45 1 636
1 5 261
5 1 261
1 43 723
43 1 723
1 36 251
36 1 251
1 39 47
39 1 47
1 15 361
15 1 361
1 31 696
31 1 696
1 44 735
44 1 735
1 46 766
46 1 766
1 7 188
7 1 188
1 28 171
28 1 171
1 14 476
14 1 476
1 24 64
24 1 64
1 4 467
4 1 467
1 22 951
22 1 951
2 3 3
3 2 3
2 4 753
4 2 753
2 5 31
5 2 31
2 14 148
14 2 148
2 16 689
16 2 689
2 17 519
17 2 519
2 26 734
26 2 734
2 21 170
21 2 170
2 31 523
31 2 523
2 39 634
39 2 634
2 32 973
32 2 973
2 48 717
48 2 717
2 11 67
11 2 67
2 15 936
15 2 936
2 24 638
24 2 638
2 32 415
32 2 415
2 20 774
20 2 774
2 48 498
48 2 498
2 25 527
25 2 527
2 43 803
43 2 803
2 37 421
37 2 421
2 9 318
9 2 318
2 49 746
49 2 746
2 38 765
38 2 765
2 25 371
25 2 371
2 8 792
8 2 792
2 14 228
14 2 228
2 40 707
40 2 707
2 42 635
42 2 635
2 37 345
37 2 345
2 10 465
10 2 465
2 14 367
14 2 367
2 31 976
31 2 976
3 7 754
7 3 754
3 37 909
37 3 909
3 34 867
34 3 867
3 23 950
23 3 950
3 29 428
29 3 428
3 22 229
22 3 229
3 16 574
16 3 574
3 27 208
27 3 208
3 33 912
33 3 912
3 29 251
29 3 251
3 43 463
43 3 463
3 48 363
48 3 363
3 5 364
5 3 364
3 24 361
24 3 361
3 14 5
14 3 5
3 48 248
48 3 248
3 44 302
44 3 302
4 6 227
6 4 227
4 9 517
9 4 517
4 11 711
11 4 711
4 25 419
25 4 419
4 7 162
7 4 162
4 9 62
9 4 62
4 38 445
38 4 445
4 17 948
17 4 948
4 43 208
43 4 208
4 16 764
16 4 764
4 35 657
35 4 657
4 47 356
47 4 356
4 33 814
33 4 814
4 9 383
9 4 383
4 8 504
8 4 504
4 22 566
22 4 566
4 30 299
30 4 299
4 37 103
37 4 103
4 19 398
19 4 398
4 24 158
24 4 158
5 22 831
22 5 831
5 39 718
39 5 718
5 47 290
47 5 290
5 40 597
40 5 597
5 32 765
32 5 765
5 47 553
47 5 553
5 34 785
34 5 785
5 32 733
32 5 733
5 12 594
12 5 594
5 9 954
9 5 954
5 37 425
37 5 425
5 43 311
43 5 311
5 49 558
49 5 558
5 35 183
35 5 183
5 7 890
7 5 890
5 12 759
12 5 759
5 17 636
17 5 636
5 7 90
7 5 90
5 23 477
23 5 477
5 18 854
18 5 854
5 48 430
48 5 430
5 11 925
11 5 925
5 49 968
49 5 968
5 18 969
18 5 969
5 5 197
5 5 197
5 32 346
32 5 346
6 8 573
8 6 573
6 29 998
29 6 998
6 32 442
32 6 442
6 43 274
43 6 274
6 16 747
16 6 747
6 16 807
16 6 807
6 15 539
15 6 539
6 10 2
10 6 2
6 25 119
25 6 119
6 26 118
26 6 118
6 20 348
20 6 348
6 32 946
32 6 946
6 29 730
29 6 730
6 48 123
48 6 123
6 39 92
39 6 92
6 49 257
49 6 257
6 11 626
11 6 626
6 25 152
25 6 152
6 48 437
48 6 437
6 19 511
19 6 511
7 35 139
35 7 139
7 42 17
42 7 17
7 9 109
9 7 109
7 23 726
23 7 726
7 43 80
43 7 80
7 18 152
18 7 152
7 18 729
18 7 729
7 33 688
33 7 688
7 40 825
40 7 825
7 19 848
19 7 848
7 14 37
14 7 37
7 37 179
37 7 179
7 10 874
10 7 874
7 14 524
14 7 524
7 19 885
19 7 885
7 27 540
27 7 540
7 24 27
24 7 27
8 15 983
15 8 983
8 13 274
13 8 274
8 47 332
47 8 332
8 11 138
11 8 138
8 17 609
17 8 609
8 21 27
21 8 27
8 32 178
32 8 178
8 40 455
40 8 455
8 18 879
18 8 879
8 43 271
43 8 271
8 21 165
21 8 165
8 48 384
48 8 384
8 38 592
38 8 592
8 25 86
25 8 86
8 16 838
16 8 838
8 20 503
20 8 503
8 28 385
28 8 385
8 14 551
14 8 551
8 48 245
48 8 245
8 9 277
9 8 277
8 33 122
33 8 122
8 37 87
37 8 87
8 10 137
10 8 137
8 33 954
33 8 954
9 19 903
19 9 903
9 20 787
20 9 787
9 27 885
27 9 885
9 44 63
44 9 63
9 19 500
19 9 500
9 20 912
20 9 912
9 40 466
40 9 466
9 28 717
28 9 717
9 11 521
11 9 521
9 15 702
15 9 702
9 37 631
37 9 631
9 19 779
19 9 779
9 41 263
41 9 263
9 26 394
26 9 394
9 20 752
20 9 752
9 21 823
21 9 823
9 42 111
42 9 111
9 16 738
16 9 738
9 35 45
35 9 45
9 13 216
13 9 216
9 15 857
15 9 857
10 12 702
12 10 702
10 13 597
13 10 597
10 23 293
23 10 293
10 28 937
28 10 937
10 47 122
47 10 122
10 12 104
12 10 104
10 46 931
46 10 931
10 24 352
24 10 352
10 23 488
23 10 488
10 15 761
15 10 761
10 49 865
49 10 865
10 16 544
16 10 544
10 29 645
29 10 645
10 45 861
45 10 861
11 24 883
24 11 883
11 15 608
15 11 608
11 18 684
18 11 684
11 42 622
42 11 622
11 48 875
48 11 875
11 23 893
23 11 893
11 14 894
14 11 894
11 36 412
36 11 412
11 24 954
24 11 954
11 46 545
46 11 545
11 33 552
33 11 552
11 49 420
49 11 420
11 36 752
36 11 752
11 44 533
44 11 533
11 21 645
21 11 645
11 36 855
36 11 855
11 20 271
20 11 271
11 36 605
36 11 605
11 13 502
13 11 502
11 11 825
11 11 825
11 20 582
20 11 582
11 45 367
45 11 367
11 15 445
15 11 445
11 42 262
42 11 262
11 14 666
14 11 666
12 25 591
25 12 591
12 43 778
43 12 778
12 29 344
29 12 344
12 34 859
34 12 859
12 33 331
33 12 331
12 19 38
19 12 38
12 15 922
15 12 922
12 26 27
26 12 27
12 31 268
31 12 268
12 27 147
27 12 147
12 21 853
21 12 853
12 39 616
39 12 616
12 28 416
28 12 416
12 24 298
24 12 298
12 30 208
30 12 208
12 24 845
24 12 845
12 48 437
48 12 437
12 46 62
46 12 62
12 29 993
29 12 993
12 21 819
21 12 819
12 19 907
19 12 907
13 18 640
18 13 640
13 38 666
38 13 666
13 35 499
35 13 499
13 13 672
13 13 672
13 31 71
31 13 71
13 16 911
16 13 911
13 46 40
46 13 40
13 14 984
14 13 984
13 45 25
45 13 25
13 27 50
27 13 50
13 22 337
22 13 337
13 39 863
39 13 863
13 39 956
39 13 956
13 16 13
16 13 13
13 38 988
38 13 988
13 20 248
20 13 248
13 48 388
48 13 388
13 13 476
13 13 476
13 19 178
19 13 178
13 46 173
46 13 173
14 25 490
25 14 490
14 23 63
23 14 63
14 32 353
32 14 353
14 23 615
23 14 615
14 38 986
38 14 986
14 24 634
24 14 634
14 32 140
32 14 140
14 42 232
42 14 232
14 15 817
15 14 817
14 41 251
41 14 251
14 29 750
29 14 750
14 35 79
35 14 79
14 26 487
26 14 487
14 45 839
45 14 839
14 19 688
19 14 688
14 15 912
15 14 912
15 32 310
32 15 310
15 19 417
19 15 417
15 45 503
45 15 503
15 46 315
46 15 315
15 40 148
40 15 148
15 31 445
31 15 445
15 21 923
21 15 923
15 30 162
30 15 162
15 35 498
35 15 498
15 27 155
27 15 155
15 28 630
28 15 630
15 17 923
17 15 923
16 25 291
25 16 291
16 45 887
45 16 887
16 21 429
21 16 429
16 19 411
19 16 411
16 38 161
38 16 161
16 34 864
34 16 864
16 20 859
20 16 859
16 34 132
34 16 132
16 20 802
20 16 802
16 48 723
48 16 723
16 19 657
19 16 657
16 23 605
23 16 605
16 17 33
17 16 33
16 48 937
48 16 937
16 31 649
31 16 649
16 21 484
21 16 484
16 35 192
35 16 192
16 48 609
48 16 609
16 42 935
42 16 935
16 39 287
39 16 287
16 21 888
21 16 888
16 23 843
23 16 843
16 20 46
20 16 46
16 23 471
23 16 471
16 38 71
38 16 71
17 25 537
25 17 537
17 32 188
32 17 188
17 24 368
24 17 368
17 42 636
42 17 636
17 22 150
22 17 150
17 48 527
48 17 527
17 23 117
23 17 117
17 37 6
37 17 6
17 25 752
25 17 752
18 21 891
21 18 891
18 32 695
32 18 695
18 46 854
46 18 854
18 46 26
46 18 26
18 31 950
31 18 950
18 21 996
21 18 996
18 46 2
46 18 2
18 23 65
23 18 65
18 32 435
32 18 435
18 29 527
29 18 527
18 36 915
36 18 915
18 49 310
49 18 310
18 26 383
26 18 383
18 34 130
34 18 130
18 22 199
22 18 199
18 42 999
42 18 999
18 21 145
21 18 145
18 21 923
21 18 923
19 33 893
33 19 893
19 24 218
24 19 218
19 30 730
30 19 730
19 44 596
44 19 596
19 48 985
48 19 985
19 22 554
22 19 554
19 49 762
49 19 762
19 27 722
27 19 722
19 20 385
20 19 385
19 30 992
30 19 992
19 46 295
46 19 295
19 35 176
35 19 176
19 27 532
27 19 532
19 42 51
42 19 51
19 31 68
31 19 68
19 49 304
49 19 304
19 30 476
30 19 476
19 40 508
40 19 508
19 25 439
25 19 439
20 40 679
40 20 679
20 41 360
41 20 360
20 26 512
26 20 512
20 46 439
46 20 439
20 38 689
38 20 689
20 25 233
25 20 233
20 27 936
27 20 936
20 31 370
31 20 370
20 26 603
26 20 603
20 38 56
38 20 56
20 42 827
42 20 827
20 28 245
28 20 245
20 34 43
34 20 43
20 43 760
43 20 760
20 45 773
45 20 773
20 31 547
31 20 547
20 27 643
27 20 643
20 43 582
43 20 582
20 25 656
25 20 656
21 32 795
32 21 795
21 40 623
40 21 623
21 35 969
35 21 969
21 32 475
32 21 475
21 48 497
48 21 497
21 26 580
26 21 580
21 48 450
48 21 450
21 34 246
34 21 246
21 37 824
37 21 824
21 26 795
26 21 795
21 24 708
24 21 708
21 26 522
26 21 522
21 32 359
32 21 359
21 43 658
43 21 658
21 23 551
23 21 551
21 28 773
28 21 773
22 36 14
36 22 14
22 43 866
43 22 866
22 30 204
30 22 204
22 27 46
27 22 46
22 31 859
31 22 859
22 24 244
24 22 244
22 28 556
28 22 556
22 29 724
29 22 724
22 48 441
48 22 441
22 29 360
29 22 360
22 23 762
23 22 762
22 30 460
30 22 460
22 30 507
30 22 507
22 30 729
30 22 729
22 23 907
23 22 907
22 39 390
39 22 390
23 38 527
38 23 527
23 35 559
35 23 559
23 32 438
32 23 438
23 33 319
33 23 319
23 39 227
39 23 227
23 44 458
44 23 458
23 37 512
37 23 512
23 46 293
46 23 293
23 27 529
27 23 529
23 44 501
44 23 501
23 30 347
30 23 347
24 30 740
30 24 740
24 40 490
40 24 490
24 43 686
43 24 686
24 25 693
25 24 693
24 25 598
25 24 598
24 30 637
30 24 637
24 45 821
45 24 821
24 48 219
48 24 219
25 31 354
31 25 354
25 46 440
46 25 440
25 41 699
41 25 699
25 35 681
35 25 681
25 31 178
31 25 178
25 47 248
47 25 248
25 34 678
34 25 678
25 40 252
40 25 252
25 44 695
44 25 695
25 44 818
44 25 818
25 38 822
38 25 822
25 37 117
37 25 117
26 49 398
49 26 398
26 44 552
44 26 552
26 33 976
33 26 976
26 49 957
49 26 957
26 30 853
30 26 853
26 46 231
46 26 231
26 43 696
43 26 696
26 41 125
41 26 125
26 40 806
40 26 806
26 46 149
46 26 149
26 31 365
31 26 365
27 42 735
42 27 735
27 37 434
37 27 434
27 41 545
41 27 545
27 49 328
49 27 328
27 43 589
43 27 589
27 48 752
48 27 752
27 31 715
31 27 715
27 32 672
32 27 672
27 45 635
45 27 635
27 29 420
29 27 420
27 35 3
35 27 3
27 34 228
34 27 228
27 27 134
27 27 134
28 43 840
43 28 840
28 49 971
49 28 971
28 46 85
46 28 85
28 37 521
37 28 521
28 34 314
34 28 314
28 37 275
37 28 275
28 33 381
33 28 381
28 40 134
40 28 134
28 47 482
47 28 482
28 41 232
41 28 232
29 41 322
41 29 322
29 31 815
31 29 815
29 34 948
34 29 948
29 47 83
47 29 83
29 36 817
36 29 817
29 49 183
49 29 183
29 46 295
46 29 295
29 35 147
35 29 147
29 47 469
47 29 469
29 45 270
45 29 270
30 44 890
44 30 890
30 30 678
30 30 678
30 31 23
31 30 23
30 48 244
48 30 244
31 48 559
48 31 559
31 42 122
42 31 122
31 31 207
31 31 207
31 32 23
32 31 23
31 42 797
42 31 797
31 47 658
47 31 658
31 38 545
38 31 545
31 42 458
42 31 458
31 39 310
39 31 310
31 34 332
34 31 332
32 34 48
34 32 48
32 32 438
32 32 438
32 47 579
47 32 579
32 35 457
35 32 457
33 45 998
45 33 998
33 36 213
36 33 213
33 43 776
43 33 776
34 37 490
37 34 490
34 34 627
34 34 627
34 41 631
41 34 631
34 38 79
38 34 79
34 45 726
45 34 726
34 39 910
39 34 910
34 37 95
37 34 95
34 43 399
43 34 399
35 43 434
43 35 434
35 40 314
40 35 314
35 39 960
39 35 960
35 41 825
41 35 825
35 40 203
40 35 203
35 48 971
48 35 971
35 41 511
41 35 511
36 41 816
41 36 816
36 44 230
44 36 230
36 43 450
43 36 450
37 42 202
42 37 202
37 47 782
47 37 782
37 49 749
49 37 749
37 42 227
42 37 227
37 38 268
38 37 268
37 47 282
47 37 282
37 49 360
49 37 360
37 39 478
39 37 478
37 45 392
45 37 392
38 45 787
45 38 787
38 46 52
46 38 52
38 40 947
40 38 947
38 42 193
42 38 193
39 48 877
48 39 877
39 46 291
46 39 291
39 42 975
42 39 975
39 46 288
46 39 288
39 40 615
40 39 615
40 42 582
42 40 582
40 44 367
44 40 367
40 48 700
48 40 700
40 42 407
42 40 407
40 49 485
49 40 485
40 41 741
41 40 741
40 45 91
45 40 91
40 49 878
49 40 878
41 42 902
42 41 902
41 45 920
45 41 920
42 49 741
49 42 741
42 49 565
49 42 565
43 44 371
44 43 371
43 44 66
44 43 66
43 48 570
48 43 570
44 45 92
45 44 92
44 48 738
48 44 738
45 48 586
48 45 586
46 48 112
48 46 112
46 49 201
49 46 201
47 49 144
49 47 144
47 48 264
48 47 264
47 49 131
49 47 131
