50

0 1 57
1 0 57
0 2 719
2 0 719
0 25 797
25 0 797
0 43 693
43 0 693
0 33 507
33 0 507
0 3 339
3 0 339
0 33 238
33 0 238
0 41 975
41 0 975
0 30 505
30 0 505
0 13 701
13 0 701
0 28 904
28 0 904
0 32 827
32 0 827
0 43 184
43 0 184
0 44 819
44 0 819
0 35 452
35 0 452
1 3 567
3 1 567
1 5 387
5 1 387
1 6 512
6 1 512
1 9 696
9 1 696
1 10 939
10 1 939
1 15 485
15 1 485
1 18 258
18 1 258
1 26 564
26 1 564
1 36 218
36 1 218
1 5 293
5 1 293
1 22 116
22 1 116
1 42 254
42 1 254
1 26 422
26 1 422
1 44 431
44 1 431
1 21 484
21 1 484
1 5 11
5 1 11
1 19 871
19 1 871
1 39 672
39 1 672
1 7 542
7 1 542
1 22 719
22 1 719
1 4 64
4 1 64
1 35 284
35 1 284
1 3 416
3 1 416
2 4 576
4 2 576
2 8 535
8 2 535
2 11 343
11 2 343
2 16 706
16 2 706
2 26 26
26 2 26
2 4 593
4 2 593
2 42 706
42 2 706
2 45 303
45 2 303
2 14 962
14 2 962
2 41 964
41 2 964
2 25 390
25 2 390
2 19 372
19 2 372
2 44 818
44 2 818
2 33 618
33 2 618
2 19 780
19 2 780
2 24 561
24 2 561
2 38 4
38 2 4
2 17 416
17 2 416
2 20 382
20 2 382
2 39 682
39 2 682
3 18 259
18 3 259
3 32 154
32 3 154
3 17 626
17 3 626
3 19 245
19 3 245
3 7 70
7 3 70
3 39 626
39 3 626
3 27 434
27 3 434
3 36 319
36 3 319
3 4 38
4 3 38
3 13 857
13 3 857
3 44 533
44 3 533
3 28 664
28 3 664
3 43 690
43 3 690
3 40 513
40 3 513
4 11 507
11 4 507
4 20 871
20 4 871
4 42 319
42 4 319
4 47 100
47 4 100
4 31 327
31 4 327
4 46 645
46 4 645
4 19 590
19 4 590
4 10 151
10 4 151
4 49 468
49 4 468
4 31 979
31 4 979
4 45 583
45 4 583
4 49 938
49 4 938
4 5 523
5 4 523
4 23 148
23 4 148
4 12 358
12 4 358
4 10 213
10 4 213
4 43 768
43 4 768
4 8 848
8 4 848
4 9 426
9 4 426
4 16 423
16 4 423
4 45 745
45 4 745
4 28 79
28 4 79
4 19 630
19 4 630
4 49 78
49 4 78
4 10 313
10 4 313
4 9 119
9 4 119
4 36 842
36 4 842
4 13 83
13 4 83
5 13 562
13 5 562
5 16 76
16 5 76
5 32 576
32 5 576
5 35 296
35 5 296
5 23 130
23 5 130
5 9 928
9 5 928
5 15 402
15 5 402
5 33 704
33 5 704
5 43 228
43 5 228
5 14 720
14 5 720
5 49 788
49 5 788
5 47 502
47 5 502
5 6 778
6 5 778
5 40 490
40 5 490
5 28 267
28 5 267
5 29 633
29 5 633
5 48 639
48 5 639
5 27 287
27 5 287
6 7 980
7 6 980
6 18 460
18 6 460
6 32 241
32 6 241
6 28 580
28 6 580
6 9 126
9 6 126
6 26 207
26 6 207
6 29 29
29 6 29
6 31 99
31 6 99
6 43 749
43 6 749
6 15 747
15 6 747
6 42 315
42 6 315
6 7 486
7 6 486
6 10 44
10 6 44
6 31 64
31 6 64
6 7 730
7 6 730
6 46 51
46 6 51
6 23 627
23 6 627
6 16 565
16 6 565
7 17 832
17 7 832
7 48 367
48 7 367
7 31 911
31 7 911
7 25 390
25 7 390
7 23 508
23 7 508
7 30 522
30 7 522
7 10 245
10 7 245
7 14 123
14 7 123
7 35 50
35 7 50
7 46 684
46 7 684
7 20 973
20 7 973
7 37 357
37 7 357
7 42 887
42 7 887
7 34 25
34 7 25
7 22 912
22 7 912
8 36 292
36 8 292
8 21 296
21 8 296
8 31 394
31 8 394
8 36 731
36 8 731
8 43 852
43 8 852
8 40 732
40 8 732
8 29 393
29 8 393
8 14 391
14 8 391
8 27 36
27 8 36
8 43 751
43 8 751
8 46 359
46 8 359
8 29 523
29 8 523
8 44 46
44 8 46
8 45 527
45 8 527
8 8 233
8 8 233
8 44 611
44 8 611
9 12 52
12 9 52
9 14 311
14 9 311
9 21 477
21 9 477
9 47 44
47 9 44
9 29 367
29 9 367
9 34 20
34 9 20
9 27 555
27 9 555
9 47 225
47 9 225
9 28 428
28 9 428
9 29 364
29 9 364
9 24 194
24 9 194
9 10 3
10 9 3
10 19 368
19 10 368
10 39 211
39 10 211
10 36 922
36 10 922
10 23 221
23 10 221
10 38 828
38 10 828
10 25 696
25 10 696
10 41 142
41 10 142
10 28 352
28 10 352
10 22 597
22 10 597
10 33 132
33 10 132
10 41 225
41 10 225
10 13 450
13 10 450
10 37 54
37 10 54
11 40 724
40 11 724
11 42 908
42 11 908
11 47 694
47 11 694
11 19 300
19 11 300
11 25 251
25 11 251
11 48 259
48 11 259
11 33 530
33 11 530
11 20 469
20 11 469
12 37 985
37 12 985
12 38 715
38 12 715
12 34 133
34 12 133
12 37 845
37 12 845
12 43 730
43 12 730
12 24 226
24 12 226
12 37 699
37 12 699
12 37 834
37 12 834
12 47 389
47 12 389
12 28 228
28 12 228
12 40 866
40 12 866
12 39 29
39 12 29
12 31 821
31 12 821
13 23 764
23 13 764
13 38 402
38 13 402
13 49 43
49 13 43
13 26 520
26 13 520
13 20 204
20 13 204
13 15 208
15 13 208
13 30 660
30 13 660
13 48 788
48 13 788
13 32 324
32 13 324
13 24 56
24 13 56
13 37 69
37 13 69
13 42 264
42 13 264
13 31 987
31 13 987
13 33 902
33 13 902
14 30 114
30 14 114
14 29 803
29 14 803
14 43 860
43 14 860
14 27 938
27 14 938
14 28 956
28 14 956
14 18 1
18 14 1
14 30 695
30 14 695
14 47 321
47 14 321
14 26 781
26 14 781
14 48 204
48 14 204
15 28 69
28 15 69
15 31 284
31 15 284
15 38 291
38 15 291
15 25 68
25 15 68
15 35 716
35 15 716
15 34 684
34 15 684
15 35 672
35 15 672
15 46 945
46 15 945
15 38 50
38 15 50
15 23 450
23 15 450
15 41 673
41 15 673
15 37 399
37 15 399
15 34 865
34 15 865
15 38 944
38 15 944
15 37 509
37 15 509
15 26 140
26 15 140
15 26 641
26 15 641
15 32 909
32 15 909
15 39 597
39 15 597
15 26 250
26 15 250
16 22 608
22 16 608
16 43 894
43 16 894
16 39 394
39 16 394
16 25 969
25 16 969
16 19 923
19 16 923
16 18 131
18 16 131
16 49 73
49 16 73
16 31 899
31 16 899
16 18 741
18 16 741
16 25 76
25 16 76
16 24 287
24 16 287
16 47 855
47 16 855
16 27 556
27 16 556
16 32 276
32 16 276
16 38 100
38 16 100
16 25 478
25 16 478
16 36 946
36 16 946
16 25 73
25 16 73
17 29 9
29 17 9
17 18 225
18 17 225
17 35 148
35 17 148
17 31 113
31 17 113
17 19 118
19 17 118
17 37 222
37 17 222
17 41 118
41 17 118
17 42 600
42 17 600
18 27 297
27 18 297
18 49 268
49 18 268
18 19 648
19 18 648
18 42 111
42 18 111
18 27 732
27 18 732
18 42 596
42 18 596
18 23 107
23 18 107
18 19 61
19 18 61
18 31 173
31 18 173
18 44 216
44 18 216
18 43 929
43 18 929
18 36 525
36 18 525
19 24 349
24 19 349
19 39 112
39 19 112
19 26 150
26 19 150
19 24 772
24 19 772
19 42 700
42 19 700
19 23 548
23 19 548
19 29 339
29 19 339
19 25 326
25 19 326
19 20 37
20 19 37
19 32 114
32 19 114
19 26 578
26 19 578
19 33 317
33 19 317
20 49 212
49 20 212
20 38 551
38 20 551
20 41 638
41 20 638
20 31 388
31 20 388
20 47 547
47 20 547
20 33 532
33 20 532
20 32 456
32 20 456
20 39 499
39 20 499
21 34 996
34 21 996
21 32 80
32 21 80
21 46 255
46 21 255
21 45 538
45 21 538
21 41 232
41 21 232
21 31 845
31 21 845
21 26 941
26 21 941
21 46 873
46 21 873
21 34 534
34 21 534
22 45 156
45 22 156
22 28 905
28 22 905
22 41 542
41 22 542
22 40 248
40 22 248
22 40 75
40 22 75
22 30 763
30 22 763
22 32 831
32 22 831
22 40 337
40 22 337
22 28 856
28 22 856
23 33 667
33 23 667
23 48 704
48 23 704
23 33 949
33 23 949
23 49 31
49 23 31
23 45 965
45 23 965
23 41 656
41 23 656
23 32 831
32 23 831
23 45 920
45 23 920
23 28 366
28 23 366
23 39 628
39 23 628
24 40 748
40 24 748
24 36 256
36 24 256
24 27 765
27 24 765
24 25 456
25 24 456
24 41 831
41 24 831
24 27 370
27 24 370
25 36 43
36 25 43
25 44 101
44 25 101
25 34 801
34 25 801
25 27 518
27 25 518
26 38 293
38 26 293
26 30 280
30 26 280
26 44 927
44 26 927
26 40 575
40 26 575
27 35 262
35 27 262
27 39 801
39 27 801
27 48 816
48 27 816
27 30 872
30 27 872
27 45 930
45 27 930
27 49 961
49 27 961
27 35 613
35 27 613
27 46 110
46 27 110
27 34 205
34 27 205
27 48 882
48 27 882
27 29 400
29 27 400
28 29 440
29 28 440
28 49 90
49 28 90
28 44 558
44 28 558
28 31 8
31 28 8
29 37 186
37 29 186
29 37 731
37 29 731
29 33 701
33 29 701
30 41 816
41 30 816
30 34 494
34 30 494
30 42 395
42 30 395
30 44 108
44 30 108
31 44 823
44 31 823
31 47 883
47 31 883
32 37 918
37 32 918
32 49 413
49 32 413
32 41 272
41 32 272
32 46 281
46 32 281
32 40 767
40 32 767
32 40 56
40 32 56
32 34 650
34 32 650
32 43 6
43 32 6
33 34 585
34 33 585
33 40 856
40 33 856
33 36 102
36 33 102
33 46 351
46 33 351
33 35 364
35 33 364
33 35 704
35 33 704
34 44 467
44 34 467
34 42 19
42 34 19
34 41 380
41 34 380
34 35 956
35 34 956
34 49 812
49 34 812
34 48 191
48 34 191
35 44 369
44 35 369
35 41 274
41 35 274
35 49 215
49 35 215
35 41 38
41 35 38
35 43 305
43 35 305
35 48 969
48 35 969
35 38 491
38 35 491
35 46 977
46 35 977
36 43 443
43 36 443
36 40 8
40 36 8
36 39 462
39 36 462
37 43 932
43 37 932
37 48 313
48 37 313
37 41 51
41 37 51
37 40 29
40 37 29
38 49 377
49 38 377
38 45 317
45 38 317
38 42 158
42 38 158
39 42 8
42 39 8
39 41 519
41 39 519
39 44 814
44 39 814
39 47 37
47 39 37
39 47 573
47 39 573
40 42 652
42 40 652
40 47 471
47 40 471
41 46 352
46 41 352
41 43 758
43 41 758
41 49 576
49 41 576
42 44 5
44 42 5
42 47 921
47 42 921
42 47 922
47 42 922
42 46 990
46 42 990
43 48 120
48 43 120
44 49 686
49 44 686
44 47 444
47 44 444
44 47 624
47 44 624
44 48 179
48 44 179
45 46 572
46 45 572
46 49 510
49 46 510
46 47 40
47 46 40
46 48 451
48 46 451
47 49 395
49 47 395
