69

0 1 616
1 0 616
0 2 155
2 0 155
0 18 878
18 0 878
0 19 226
19 0 226
0 14 435
14 0 435
0 53 496
53 0 496
0 49 140
49 0 140
0 23 345
23 0 345
0 25 83
25 0 83
0 44 398
44 0 398
0 4 872
4 0 872
0 8 683
8 0 683
0 4 341
4 0 341
0 25 395
25 0 395
1 3 458
3 1 458
1 4 476
4 1 476
1 34 601
34 1 601
1 28 901
28 1 901
1 38 688
38 1 688
1 19 644
19 1 644
1 65 153
65 1 153
2 36 528
36 2 528
2 65 849
65 2 849
2 64 744
64 2 744
2 58 70
58 2 70
2 2 215
2 2 215
2 8 473
8 2 473
2 33 763
33 2 763
3 5 253
5 3 253
3 7 288
7 3 288
3 17 563
17 3 563
3 16 131
16 3 131
3 55 63
55 3 63
3 12 263
12 3 263
3 59 484
59 3 484
3 6 133
6 3 133
3 51 42
51 3 42
3 50 278
50 3 278
3 55 757
55 3 757
3 33 47
33 3 47
4 6 754
6 4 754
4 23 203
23 4 203
4 32 636
32 4 636
4 51 110
51 4 110
4 61 516
61 4 516
4 36 618
36 4 618
4 65 554
65 4 554
4 52 875
52 4 875
4 42 531
42 4 531
4 42 52
42 4 52
4 65 443
65 4 443
4 52 39
52 4 39
4 19 801
19 4 801
4 30 311
30 4 311
5 11 952
11 5 952
5 12 777
12 5 777
5 13 81
13 5 81
5 6 728
6 5 728
5 20 280
20 5 280
5 62 848
62 5 848
5 65 387
65 5 387
6 8 802
8 6 802
6 10 564
10 6 564
6 15 540
15 6 540
6 39 797
39 6 797
6 40 687
40 6 687
6 33 778
33 6 778
6 19 183
19 6 183
6 46 754
46 6 754
6 16 28
16 6 28
6 38 249
38 6 249
6 12 54
12 6 54
6 61 844
61 6 844
7 9 76
9 7 76
7 19 925
19 7 925
7 52 875
52 7 875
7 53 744
53 7 744
7 40 193
40 7 193
7 67 879
67 7 879
7 21 178
21 7 178
7 39 543
39 7 543
7 44 334
44 7 334
7 56 691
56 7 691
7 23 483
23 7 483
7 65 493
65 7 493
8 35 956
35 8 956
8 60 540
60 8 540
8 56 366
56 8 366
8 32 424
32 8 424
8 27 230
27 8 230
8 21 847
21 8 847
8 33 797
33 8 797
8 19 546
19 8 546
9 14 892
14 9 892
9 25 597
25 9 597
9 50 973
50 9 973
9 10 561
10 9 561
9 11 85
11 9 85
9 50 556
50 9 556
9 22 837
22 9 837
9 19 912
19 9 912
9 68 236
68 9 236
9 32 622
32 9 622
10 26 339
26 10 339
10 43 458
43 10 458
10 58 891
58 10 891
10 30 139
30 10 139
10 64 627
64 10 627
10 56 579
56 10 579
10 64 131
64 10 131
10 13 676
13 10 676
10 22 585
22 10 585
10 58 622
58 10 622
11 20 618
20 11 618
11 39 36
39 11 36
11 20 587
20 11 587
11 36 343
36 11 343
11 25 952
25 11 952
11 19 347
19 11 347
11 29 761
29 11 761
12 37 26
37 12 26
12 48 765
48 12 765
12 21 987
21 12 987
12 59 608
59 12 608
12 59 384
59 12 384
13 55 929
55 13 929
13 33 53
33 13 53
13 30 402
30 13 402
13 17 414
17 13 414
13 48 149
48 13 149
13 36 885
36 13 885
13 28 163
28 13 163
14 17 621
17 14 621
14 24 745
24 14 745
14 29 701
29 14 701
14 29 361
29 14 361
14 23 627
23 14 627
14 17 893
17 14 893
14 24 717
24 14 717
14 17 837
17 14 837
14 18 166
18 14 166
14 21 819
21 14 819
15 16 931
16 15 931
15 67 623
67 15 623
15 36 737
36 15 737
15 54 832
54 15 832
15 51 387
51 15 387
15 26 437
26 15 437
15 33 31
33 15 31
15 32 644
32 15 644
16 16 28
16 16 28
16 23 795
23 16 795
16 48 936
48 16 936
16 63 804
63 16 804
17 25 790
25 17 790
17 64 178
64 17 178
17 54 352
54 17 352
17 49 366
49 17 366
17 55 27
55 17 27
17 40 737
40 17 737
18 38 763
38 18 763
18 50 996
50 18 996
18 29 753
29 18 753
18 23 878
23 18 878
18 31 175
31 18 175
18 45 386
45 18 386
18 23 559
23 18 559
18 41 577
41 18 577
18 62 966
62 18 966
18 20 413
20 18 413
18 34 97
34 18 97
18 39 824
39 18 824
18 23 425
23 18 425
19 21 894
21 19 894
19 22 736
22 19 736
19 28 730
28 19 730
19 58 559
58 19 559
19 39 580
39 19 580
19 57 778
57 19 778
19 21 491
21 19 491
19 63 965
63 19 965
19 67 593
67 19 593
19 35 388
35 19 388
19 34 415
34 19 415
20 27 787
27 20 787
20 61 233
61 20 233
20 37 433
37 20 433
20 29 351
29 20 351
20 23 974
23 20 974
20 40 819
40 20 819
20 44 915
44 20 915
20 66 255
66 20 255
20 33 303
33 20 303
20 21 904
21 20 904
21 30 118
30 21 118
21 58 11
58 21 11
21 23 246
23 21 246
21 52 548
52 21 548
21 49 21
49 21 21
21 36 326
36 21 326
21 64 947
64 21 947
21 40 506
40 21 506
21 47 127
47 21 127
22 56 232
56 22 232
22 27 220
27 22 220
22 61 69
61 22 69
22 32 715
32 22 715
22 34 438
34 22 438
23 63 899
63 23 899
23 57 594
57 23 594
23 64 118
64 23 118
23 59 424
59 23 424
23 48 468
48 23 468
23 42 509
42 23 509
23 64 942
64 23 942
24 57 834
57 24 834
24 62 731
62 24 731
24 26 258
26 24 258
24 50 403
50 24 403
24 36 658
36 24 658
24 38 233
38 24 233
24 37 332
37 24 332
24 68 739
68 24 739
24 27 84
27 24 84
24 42 226
42 24 226
25 31 244
31 25 244
25 33 635
33 25 635
25 44 509
44 25 509
25 34 800
34 25 800
25 37 887
37 25 887
25 64 624
64 25 624
25 50 83
50 25 83
25 67 275
67 25 275
25 64 252
64 25 252
26 53 62
53 26 62
26 66 732
66 26 732
26 33 203
33 26 203
26 39 176
39 26 176
26 53 518
53 26 518
26 68 949
68 26 949
27 54 378
54 27 378
27 31 363
31 27 363
27 40 556
40 27 556
27 34 750
34 27 750
27 68 530
68 27 530
28 49 967
49 28 967
28 43 367
43 28 367
28 51 963
51 28 963
28 57 435
57 28 435
28 31 714
31 28 714
28 36 146
36 28 146
28 63 245
63 28 245
29 62 480
62 29 480
29 33 218
33 29 218
29 67 591
67 29 591
29 54 372
54 29 372
29 29 590
29 29 590
30 47 478
47 30 478
30 37 729
37 30 729
30 61 355
61 30 355
30 56 29
56 30 29
30 31 574
31 30 574
30 48 937
48 30 937
30 58 995
58 30 995
31 35 867
35 31 867
31 48 95
48 31 95
32 60 336
60 32 336
32 33 766
33 32 766
32 65 1000
65 32 1000
32 53 390
53 32 390
33 36 925
36 33 925
33 60 796
60 33 796
33 41 181
41 33 181
33 38 891
38 33 891
33 43 853
43 33 853
33 53 246
53 33 246
33 40 698
40 33 698
33 46 735
46 33 735
34 52 986
52 34 986
34 49 433
49 34 433
34 46 496
46 34 496
34 40 405
40 34 405
35 41 17
41 35 17
35 45 566
45 35 566
35 48 35
48 35 35
35 56 707
56 35 707
35 65 981
65 35 981
35 43 611
43 35 611
36 58 461
58 36 461
36 66 825
66 36 825
36 47 595
47 36 595
36 44 962
44 36 962
37 55 108
55 37 108
37 60 700
60 37 700
37 53 464
53 37 464
37 63 780
63 37 780
37 52 84
52 37 84
38 40 690
40 38 690
38 49 431
49 38 431
38 42 744
42 38 744
38 38 220
38 38 220
39 46 636
46 39 636
39 56 250
56 39 250
39 41 940
41 39 940
39 60 256
60 39 256
39 44 6
44 39 6
40 58 690
58 40 690
40 52 972
52 40 972
40 53 314
53 40 314
41 42 333
42 41 333
41 65 985
65 41 985
41 41 596
41 41 596
41 45 465
45 41 465
41 50 202
50 41 202
41 59 847
59 41 847
42 61 681
61 42 681
43 53 337
53 43 337
43 56 346
56 43 346
43 50 208
50 43 208
44 68 131
68 44 131
44 54 931
54 44 931
44 61 395
61 44 395
45 65 646
65 45 646
45 50 507
50 45 507
45 45 361
45 45 361
45 67 192
67 45 192
46 49 163
49 46 163
47 49 304
49 47 304
47 49 853
49 47 853
47 68 486
68 47 486
47 49 878
49 47 878
47 54 611
54 47 611
47 49 670
49 47 670
47 62 123
62 47 123
48 51 804
51 48 804
48 54 112
54 48 112
49 62 411
62 49 411
49 55 440
55 49 440
50 66 33
66 50 33
51 57 918
57 51 918
51 67 749
67 51 749
52 67 523
67 52 523
53 54 256
54 53 256
53 54 296
54 53 296
53 67 232
67 53 232
54 59 756
59 54 756
54 61 997
61 54 997
54 68 399
68 54 399
55 60 462
60 55 462
55 64 44
64 55 44
56 63 759
63 56 759
56 64 886
64 56 886
56 66 531
66 56 531
56 62 658
62 56 658
58 65 502
65 58 502
58 67 39
67 58 39
59 62 42
62 59 42
59 66 280
66 59 280
60 67 941
67 60 941
61 64 261
64 61 261
62 67 533
67 62 533
64 66 41
66 64 41
64 68 537
68 64 537
64 67 412
67 64 412
67 68 411
68 67 411
