100

0 1 369
1 0 369
0 2 173
2 0 173
0 53 559
53 0 559
0 63 572
63 0 572
0 77 266
77 0 266
0 69 229
69 0 229
0 39 51
39 0 51
0 2 498
2 0 498
0 68 751
68 0 751
0 45 408
45 0 408
0 82 247
82 0 247
0 73 292
73 0 292
0 25 689
25 0 689
0 68 305
68 0 305
0 79 201
79 0 201
0 26 49
26 0 49
0 94 600
94 0 600
0 43 38
43 0 38
0 84 499
84 0 499
1 4 453
4 1 453
1 6 303
6 1 303
1 23 497
23 1 497
1 97 60
97 1 60
1 59 696
59 1 696
1 33 678
33 1 678
1 59 115
59 1 115
1 92 302
92 1 302
1 76 767
76 1 767
1 63 795
63 1 795
1 69 508
69 1 508
1 82 820
82 1 820
1 2 825
2 1 825
1 65 895
65 1 895
1 54 788
54 1 788
1 63 737
63 1 737
1 22 593
22 1 593
1 48 121
48 1 121
1 19 363
19 1 363
2 3 603
3 2 603
2 5 916
5 2 916
2 8 611
8 2 611
2 10 794
10 2 794
2 49 914
49 2 914
2 54 760
54 2 760
2 93 304
93 2 304
2 25 746
25 2 746
2 66 778
66 2 778
2 36 222
36 2 222
2 39 452
39 2 452
2 26 916
26 2 916
2 16 634
16 2 634
2 90 58
90 2 58
2 88 775
88 2 775
2 79 141
79 2 141
2 80 387
80 2 387
3 75 345
75 3 345
3 97 766
97 3 766
3 82 753
82 3 753
3 32 857
32 3 857
3 16 116
16 3 116
3 37 640
37 3 640
3 50 894
50 3 894
3 87 711
87 3 711
3 24 234
24 3 234
3 36 983
36 3 983
3 31 289
31 3 289
3 75 389
75 3 389
3 78 815
78 3 815
3 63 810
63 3 810
3 25 990
25 3 990
3 77 714
77 3 714
4 7 999
7 4 999
4 12 345
12 4 345
4 20 660
20 4 660
4 29 346
29 4 346
4 51 231
51 4 231
4 69 677
69 4 677
4 76 18
76 4 18
4 65 900
65 4 900
4 81 684
81 4 684
4 98 666
98 4 666
4 72 98
72 4 98
4 39 735
39 4 735
4 78 922
78 4 922
4 58 737
58 4 737
4 97 616
97 4 616
4 71 489
71 4 489
4 82 993
82 4 993
4 7 449
7 4 449
4 76 883
76 4 883
4 24 521
24 4 521
4 94 502
94 4 502
4 49 740
49 4 740
4 22 136
22 4 136
4 35 161
35 4 161
5 32 565
32 5 565
5 57 193
57 5 193
5 85 972
85 5 972
5 17 74
17 5 74
5 94 774
94 5 774
5 65 964
65 5 964
5 26 2
26 5 2
5 58 704
58 5 704
5 58 216
58 5 216
5 94 491
94 5 491
5 84 451
84 5 451
6 41 863
41 6 863
6 89 23
89 6 23
6 77 963
77 6 963
6 14 517
14 6 517
6 23 191
23 6 191
6 96 658
96 6 658
6 45 219
45 6 219
6 51 681
51 6 681
6 46 593
46 6 593
6 16 574
16 6 574
6 30 435
30 6 435
6 69 153
69 6 153
6 27 774
27 6 774
6 57 706
57 6 706
6 63 843
63 6 843
6 94 248
94 6 248
6 71 682
71 6 682
7 9 288
9 7 288
7 11 168
11 7 168
7 38 310
38 7 310
7 42 976
42 7 976
7 92 695
92 7 695
7 54 573
54 7 573
7 39 979
39 7 979
7 94 343
94 7 343
7 91 347
91 7 347
7 58 540
58 7 540
7 20 267
20 7 267
7 32 755
32 7 755
7 92 599
92 7 599
7 75 124
75 7 124
7 33 358
33 7 358
7 44 934
44 7 934
7 74 599
74 7 599
7 96 43
96 7 43
7 34 119
34 7 119
7 17 210
17 7 210
7 64 974
64 7 974
7 65 250
65 7 250
7 83 186
83 7 186
7 51 111
51 7 111
7 90 3
90 7 3
7 71 167
71 7 167
7 90 999
90 7 999
7 20 959
20 7 959
7 42 692
42 7 692
7 34 890
34 7 890
8 14 105
14 8 105
8 18 161
18 8 161
8 19 959
19 8 959
8 24 445
24 8 445
8 48 499
48 8 499
8 92 210
92 8 210
8 82 948
82 8 948
8 17 880
17 8 880
8 55 214
55 8 214
8 84 369
84 8 369
8 42 298
42 8 298
8 39 858
39 8 858
8 81 162
81 8 162
8 39 647
39 8 647
8 95 906
95 8 906
8 45 88
45 8 88
8 68 599
68 8 599
8 71 312
71 8 312
8 18 455
18 8 455
8 77 832
77 8 832
8 53 19
53 8 19
8 40 459
40 8 459
8 23 900
23 8 900
8 76 950
76 8 950
8 47 662
47 8 662
8 17 290
17 8 290
9 21 487
21 9 487
9 22 983
22 9 983
9 27 949
27 9 949
9 84 623
84 9 623
9 30 290
30 9 290
9 84 118
84 9 118
9 77 407
77 9 407
9 72 906
72 9 906
9 27 431
27 9 431
9 15 243
15 9 243
9 37 518
37 9 518
9 76 484
76 9 484
9 87 329
87 9 329
9 73 232
73 9 232
9 51 419
51 9 419
9 68 148
68 9 148
9 55 971
55 9 971
9 35 320
35 9 320
10 75 880
75 10 880
10 38 57
38 10 57
10 21 590
21 10 590
10 56 923
56 10 923
10 68 537
68 10 537
10 70 835
70 10 835
10 48 14
48 10 14
10 68 867
68 10 867
10 22 815
22 10 815
10 18 909
18 10 909
10 23 826
23 10 826
10 77 190
77 10 190
10 25 651
25 10 651
10 83 924
83 10 924
10 12 164
12 10 164
10 62 690
62 10 690
10 62 280
62 10 280
10 68 128
68 10 128
10 48 893
48 10 893
10 26 612
26 10 612
11 44 776
44 11 776
11 38 557
38 11 557
11 62 108
62 11 108
11 57 756
57 11 756
11 61 558
61 11 558
11 76 116
76 11 116
11 64 621
64 11 621
11 32 155
32 11 155
11 38 341
38 11 341
11 87 933
87 11 933
11 36 384
36 11 384
11 40 89
40 11 89
11 26 169
26 11 169
11 77 73
77 11 73
12 13 756
13 12 756
12 36 864
36 12 864
12 47 131
47 12 131
12 87 150
87 12 150
12 82 903
82 12 903
12 87 344
87 12 344
12 87 342
87 12 342
12 82 646
82 12 646
12 53 421
53 12 421
12 63 75
63 12 75
12 78 929
78 12 929
12 13 338
13 12 338
12 37 271
37 12 271
12 88 224
88 12 224
12 70 184
70 12 184
12 90 967
90 12 967
12 53 794
53 12 794
12 65 960
65 12 960
12 47 813
47 12 813
13 16 779
16 13 779
13 17 778
17 13 778
13 25 997
25 13 997
13 77 891
77 13 891
13 36 466
36 13 466
13 95 451
95 13 451
13 20 277
20 13 277
13 54 29
54 13 29
13 38 521
38 13 521
13 27 197
27 13 197
13 42 859
42 13 859
13 57 262
57 13 262
13 51 512
51 13 512
13 42 49
42 13 49
13 63 986
63 13 986
13 93 541
93 13 541
13 17 799
17 13 799
13 29 778
29 13 778
13 61 478
61 13 478
13 44 649
44 13 649
13 96 474
96 13 474
13 56 18
56 13 18
13 36 258
36 13 258
13 51 246
51 13 246
14 15 210
15 14 210
14 85 675
85 14 675
14 84 422
84 14 422
14 82 643
82 14 643
14 72 596
72 14 596
14 99 566
99 14 566
14 34 679
34 14 679
14 57 473
57 14 473
14 19 360
19 14 360
14 41 920
41 14 920
14 17 816
17 14 816
14 53 821
53 14 821
14 69 289
69 14 289
14 26 375
26 14 375
14 54 704
54 14 704
14 67 328
67 14 328
14 17 244
17 14 244
14 36 656
36 14 656
15 30 11
30 15 11
15 69 858
69 15 858
15 78 696
78 15 696
15 76 916
76 15 916
15 82 319
82 15 319
15 36 913
36 15 913
15 44 155
44 15 155
15 21 768
21 15 768
15 43 58
43 15 58
15 15 614
15 15 614
15 96 339
96 15 339
15 59 845
59 15 845
15 56 644
56 15 644
15 26 336
26 15 336
15 99 224
99 15 224
15 16 853
16 15 853
16 21 463
21 16 463
16 58 74
58 16 74
16 80 357
80 16 357
16 58 59
58 16 59
16 21 676
21 16 676
16 78 186
78 16 186
16 64 988
64 16 988
16 45 109
45 16 109
16 38 770
38 16 770
16 19 738
19 16 738
16 87 741
87 16 741
16 30 891
30 16 891
16 45 258
45 16 258
16 82 269
82 16 269
17 56 891
56 17 891
17 38 509
38 17 509
17 74 365
74 17 365
17 62 336
62 17 336
17 23 169
23 17 169
17 94 532
94 17 532
17 22 478
22 17 478
17 34 967
34 17 967
17 51 33
51 17 33
17 28 375
28 17 375
17 27 274
27 17 274
17 42 263
42 17 263
17 32 473
32 17 473
17 39 16
39 17 16
17 81 677
81 17 677
18 52 708
52 18 708
18 59 716
59 18 716
18 59 605
59 18 605
18 50 687
50 18 687
18 88 226
88 18 226
18 37 493
37 18 493
18 68 494
68 18 494
18 52 934
52 18 934
18 88 351
88 18 351
18 87 133
87 18 133
18 93 763
93 18 763
18 63 202
63 18 202
18 76 688
76 18 688
18 19 80
19 18 80
18 75 392
75 18 392
18 57 596
57 18 596
18 67 843
67 18 843
19 35 320
35 19 320
19 83 42
83 19 42
19 88 96
88 19 96
19 96 737
96 19 737
19 98 144
98 19 144
19 31 812
31 19 812
19 63 491
63 19 491
19 87 995
87 19 995
19 50 673
50 19 673
19 96 837
96 19 837
19 70 100
70 19 100
19 44 330
44 19 330
19 90 262
90 19 262
19 49 712
49 19 712
19 37 374
37 19 374
19 58 727
58 19 727
20 26 947
26 20 947
20 31 665
31 20 665
20 94 827
94 20 827
20 77 173
77 20 173
20 35 868
35 20 868
20 21 820
21 20 820
20 29 314
29 20 314
20 71 43
71 20 43
20 41 952
41 20 952
20 91 900
91 20 900
20 48 318
48 20 318
20 99 23
99 20 23
20 77 730
77 20 730
20 66 207
66 20 207
20 88 287
88 20 287
21 55 344
55 21 344
21 64 977
64 21 977
21 64 929
64 21 929
21 84 494
84 21 494
21 92 177
92 21 177
21 63 383
63 21 383
21 74 47
74 21 47
21 68 231
68 21 231
21 52 320
52 21 320
21 27 794
27 21 794
21 59 820
59 21 820
21 65 184
65 21 184
21 71 970
71 21 970
21 79 681
79 21 681
21 50 282
50 21 282
22 39 584
39 22 584
22 62 29
62 22 29
22 64 819
64 22 819
22 99 933
99 22 933
22 31 377
31 22 377
22 25 804
25 22 804
22 46 943
46 22 943
22 42 140
42 22 140
22 46 122
46 22 122
22 65 254
65 22 254
22 72 255
72 22 255
22 58 107
58 22 107
22 46 286
46 22 286
22 65 743
65 22 743
22 33 395
33 22 395
23 28 682
28 23 682
23 97 36
97 23 36
23 77 269
77 23 269
23 31 420
31 23 420
23 27 964
27 23 964
23 75 77
75 23 77
23 89 219
89 23 219
23 33 377
33 23 377
23 40 944
40 23 944
23 89 276
89 23 276
23 68 946
68 23 946
23 36 477
36 23 477
23 59 268
59 23 268
23 77 947
77 23 947
23 65 706
65 23 706
23 45 223
45 23 223
23 75 402
75 23 402
23 44 363
44 23 363
24 48 915
48 24 915
24 63 127
63 24 127
24 51 427
51 24 427
24 40 805
40 24 805
24 63 125
63 24 125
24 48 92
48 24 92
24 73 891
73 24 891
24 63 162
63 24 162
24 87 78
87 24 78
24 64 462
64 24 462
24 70 297
70 24 297
24 33 621
33 24 621
24 58 626
58 24 626
24 37 944
37 24 944
24 43 456
43 24 456
24 96 114
96 24 114
24 48 98
48 24 98
25 76 774
76 25 774
25 93 915
93 25 915
25 46 471
46 25 471
25 51 715
51 25 715
25 39 882
39 25 882
25 35 475
35 25 475
25 93 44
93 25 44
25 48 355
48 25 355
25 71 842
71 25 842
25 45 222
45 25 222
26 43 683
43 26 683
26 74 943
74 26 943
26 49 822
49 26 822
26 92 30
92 26 30
26 41 274
41 26 274
26 86 638
86 26 638
26 86 716
86 26 716
26 67 258
67 26 258
26 90 582
90 26 582
26 27 660
27 26 660
26 53 139
53 26 139
27 34 657
34 27 657
27 81 564
81 27 564
27 81 793
81 27 793
27 69 311
69 27 311
27 74 854
74 27 854
27 86 492
86 27 492
27 95 519
95 27 519
27 62 395
62 27 395
27 77 788
77 27 788
27 31 792
31 27 792
27 68 15
68 27 15
27 87 274
87 27 274
28 79 46
79 28 46
28 73 874
73 28 874
28 41 47
41 28 47
28 36 736
36 28 736
28 41 408
41 28 408
28 32 92
32 28 92
28 96 437
96 28 437
28 32 640
32 28 640
28 96 313
96 28 313
28 85 772
85 28 772
28 40 980
40 28 980
28 68 815
68 28 815
29 86 937
86 29 937
29 60 865
60 29 865
29 52 788
52 29 788
29 93 411
93 29 411
29 76 23
76 29 23
29 74 570
74 29 570
30 68 54
68 30 54
30 86 418
86 30 418
30 99 119
99 30 119
30 38 378
38 30 378
30 59 524
59 30 524
30 64 488
64 30 488
30 66 664
66 30 664
30 77 616
77 30 616
30 72 23
72 30 23
31 33 634
33 31 634
31 55 262
55 31 262
31 86 297
86 31 297
31 85 348
85 31 348
31 55 995
55 31 995
31 66 710
66 31 710
31 92 108
92 31 108
31 95 541
95 31 541
31 34 766
34 31 766
31 53 115
53 31 115
32 37 575
37 32 575
32 58 614
58 32 614
32 75 552
75 32 552
32 52 206
52 32 206
32 44 783
44 32 783
32 34 352
34 32 352
32 95 922
95 32 922
32 83 620
83 32 620
32 90 30
90 32 30
32 80 864
80 32 864
32 69 504
69 32 504
33 45 549
45 33 549
33 91 241
91 33 241
33 46 947
46 33 947
33 45 113
45 33 113
33 77 969
77 33 969
33 56 238
56 33 238
33 88 81
88 33 81
33 94 504
94 33 504
33 44 317
44 33 317
33 59 484
59 33 484
33 37 377
37 33 377
33 92 401
92 33 401
33 86 922
86 33 922
33 72 419
72 33 419
33 43 138
43 33 138
33 63 383
63 33 383
33 62 206
62 33 206
33 93 132
93 33 132
34 40 972
40 34 972
34 56 189
56 34 189
34 75 288
75 34 288
34 87 240
87 34 240
34 68 575
68 34 575
34 91 406
91 34 406
34 45 737
45 34 737
34 77 818
77 34 818
34 54 860
54 34 860
34 37 460
37 34 460
34 59 351
59 34 351
34 85 795
85 34 795
34 55 210
55 34 210
34 72 204
72 34 204
35 59 368
59 35 368
35 90 648
90 35 648
35 45 273
45 35 273
35 37 354
37 35 354
35 58 598
58 35 598
35 74 794
74 35 794
35 83 566
83 35 566
35 53 389
53 35 389
35 80 792
80 35 792
35 98 190
98 35 190
35 61 448
61 35 448
35 38 733
38 35 733
36 60 890
60 36 890
36 66 804
66 36 804
36 71 338
71 36 338
36 82 718
82 36 718
36 64 903
64 36 903
36 99 253
99 36 253
36 42 429
42 36 429
36 57 749
57 36 749
36 52 814
52 36 814
36 59 221
59 36 221
36 76 302
76 36 302
36 94 571
94 36 571
36 42 927
42 36 927
37 58 480
58 37 480
37 89 219
89 37 219
37 52 164
52 37 164
37 87 376
87 37 376
37 47 613
47 37 613
37 55 290
55 37 290
37 99 40
99 37 40
37 84 334
84 37 334
38 51 626
51 38 626
38 88 20
88 38 20
38 44 149
44 38 149
38 98 205
98 38 205
38 91 532
91 38 532
38 75 447
75 38 447
38 92 858
92 38 858
38 40 780
40 38 780
38 97 533
97 38 533
38 90 173
90 38 173
38 60 49
60 38 49
39 90 814
90 39 814
39 55 241
55 39 241
39 56 876
56 39 876
39 76 874
76 39 874
39 88 465
88 39 465
39 94 477
94 39 477
39 57 171
57 39 171
40 72 207
72 40 207
40 77 111
77 40 111
40 56 471
56 40 471
40 55 277
55 40 277
40 83 930
83 40 930
40 89 874
89 40 874
40 89 353
89 40 353
40 61 340
61 40 340
40 85 423
85 40 423
40 88 524
88 40 524
40 63 658
63 40 658
40 79 824
79 40 824
41 46 684
46 41 684
41 67 911
67 41 911
41 61 54
61 41 54
41 88 575
88 41 575
41 43 869
43 41 869
41 46 535
46 41 535
41 68 507
68 41 507
41 51 317
51 41 317
41 84 354
84 41 354
41 99 373
99 41 373
42 57 187
57 42 187
42 70 633
70 42 633
42 63 800
63 42 800
42 96 100
96 42 100
42 93 105
93 42 105
42 63 786
63 42 786
42 51 456
51 42 456
42 73 65
73 42 65
42 65 976
65 42 976
42 81 773
81 42 773
43 80 263
80 43 263
43 69 468
69 43 468
43 58 212
58 43 212
43 81 938
81 43 938
43 60 362
60 43 362
43 92 648
92 43 648
43 72 792
72 43 792
44 50 541
50 44 541
44 69 364
69 44 364
44 46 254
46 44 254
44 96 682
96 44 682
44 45 440
45 44 440
44 94 102
94 44 102
44 89 210
89 44 210
44 68 266
68 44 266
44 52 550
52 44 550
44 96 711
96 44 711
44 50 935
50 44 935
44 61 448
61 44 448
44 94 778
94 44 778
44 73 560
73 44 560
44 97 195
97 44 195
44 57 119
57 44 119
44 48 976
48 44 976
45 71 777
71 45 777
45 62 981
62 45 981
45 91 413
91 45 413
45 76 282
76 45 282
45 86 876
86 45 876
45 82 526
82 45 526
45 61 119
61 45 119
45 59 764
59 45 764
45 99 286
99 45 286
45 48 929
48 45 929
45 76 747
76 45 747
45 67 698
67 45 698
45 64 912
64 45 912
45 57 459
57 45 459
45 50 708
50 45 708
45 56 307
56 45 307
45 51 39
51 45 39
46 65 752
65 46 752
46 51 746
51 46 746
46 74 113
74 46 113
46 68 430
68 46 430
46 76 266
76 46 266
46 52 849
52 46 849
46 83 907
83 46 907
46 84 483
84 46 483
46 83 89
83 46 89
46 85 29
85 46 29
46 48 903
48 46 903
46 80 975
80 46 975
46 94 10
94 46 10
46 85 518
85 46 518
46 72 288
72 46 288
46 58 728
58 46 728
47 82 413
82 47 413
47 53 340
53 47 340
47 54 909
54 47 909
47 87 634
87 47 634
47 47 150
47 47 150
47 68 313
68 47 313
47 59 885
59 47 885
47 84 390
84 47 390
48 56 23
56 48 23
48 65 433
65 48 433
48 68 137
68 48 137
48 68 593
68 48 593
48 49 869
49 48 869
48 51 916
51 48 916
48 99 196
99 48 196
48 56 841
56 48 841
48 75 578
75 48 578
49 91 266
91 49 266
49 98 837
98 49 837
49 86 358
86 49 358
49 50 602
50 49 602
49 56 309
56 49 309
49 60 77
60 49 77
49 74 622
74 49 622
50 93 979
93 50 979
50 65 835
65 50 835
50 53 707
53 50 707
50 69 467
69 50 467
51 61 917
61 51 917
51 86 366
86 51 366
51 55 63
55 51 63
51 81 900
81 51 900
51 56 953
56 51 953
51 79 157
79 51 157
51 85 164
85 51 164
51 65 635
65 51 635
52 61 810
61 52 810
52 87 332
87 52 332
52 64 251
64 52 251
52 80 24
80 52 24
53 99 701
99 53 701
53 73 319
73 53 319
53 66 12
66 53 12
53 86 94
86 53 94
53 54 833
54 53 833
53 54 35
54 53 35
53 62 60
62 53 60
53 57 637
57 53 637
53 86 144
86 53 144
53 83 716
83 53 716
53 65 124
65 53 124
53 87 321
87 53 321
54 97 607
97 54 607
54 78 157
78 54 157
54 70 68
70 54 68
54 64 725
64 54 725
55 70 745
70 55 745
55 95 378
95 55 378
55 63 920
63 55 920
55 62 164
62 55 164
55 69 933
69 55 933
55 72 139
72 55 139
55 88 240
88 55 240
56 81 401
81 56 401
56 94 460
94 56 460
56 57 767
57 56 767
56 92 653
92 56 653
56 64 424
64 56 424
56 77 390
77 56 390
56 93 569
93 56 569
57 76 616
76 57 616
57 83 872
83 57 872
57 63 191
63 57 191
57 66 884
66 57 884
57 58 911
58 57 911
58 87 531
87 58 531
58 96 854
96 58 854
58 92 44
92 58 44
58 69 194
69 58 194
58 80 623
80 58 623
58 71 633
71 58 633
58 70 111
70 58 111
58 87 885
87 58 885
59 70 995
70 59 995
59 88 465
88 59 465
59 67 331
67 59 331
59 75 199
75 59 199
59 99 258
99 59 258
59 60 630
60 59 630
59 64 884
64 59 884
59 96 213
96 59 213
59 74 94
74 59 94
59 64 169
64 59 169
60 84 64
84 60 64
60 80 972
80 60 972
60 96 724
96 60 724
60 80 772
80 60 772
60 94 396
94 60 396
60 95 774
95 60 774
60 61 58
61 60 58
61 88 172
88 61 172
61 72 113
72 61 113
61 71 459
71 61 459
61 82 204
82 61 204
61 90 548
90 61 548
61 97 431
97 61 431
61 74 735
74 61 735
61 80 650
80 61 650
62 76 750
76 62 750
62 95 349
95 62 349
62 84 707
84 62 707
62 94 96
94 62 96
62 93 790
93 62 790
63 76 873
76 63 873
63 67 275
67 63 275
63 67 487
67 63 487
63 80 653
80 63 653
64 89 220
89 64 220
64 77 282
77 64 282
64 82 907
82 64 907
64 93 16
93 64 16
64 86 748
86 64 748
64 94 258
94 64 258
64 90 879
90 64 879
64 85 441
85 64 441
64 82 562
82 64 562
64 69 710
69 64 710
65 66 794
66 65 794
65 82 351
82 65 351
65 84 70
84 65 70
65 80 907
80 65 907
65 75 233
75 65 233
66 85 432
85 66 432
66 72 427
72 66 427
66 74 109
74 66 109
66 73 609
73 66 609
66 71 817
71 66 817
66 85 144
85 66 144
66 86 642
86 66 642
66 70 275
70 66 275
66 68 57
68 66 57
66 81 714
81 66 714
67 86 618
86 67 618
67 96 251
96 67 251
67 72 404
72 67 404
68 79 169
79 68 169
68 88 966
88 68 966
68 95 362
95 68 362
68 78 114
78 68 114
69 73 853
73 69 853
69 86 858
86 69 858
69 73 829
73 69 829
69 81 3
81 69 3
69 83 22
83 69 22
69 75 624
75 69 624
70 74 647
74 70 647
70 95 974
95 70 974
70 71 109
71 70 109
70 78 708
78 70 708
70 81 337
81 70 337
70 82 116
82 70 116
71 95 232
95 71 232
71 98 920
98 71 920
71 74 131
74 71 131
71 92 253
92 71 253
71 83 919
83 71 919
71 90 85
90 71 85
71 84 230
84 71 230
72 82 192
82 72 192
72 80 952
80 72 952
72 91 672
91 72 672
72 97 617
97 72 617
72 91 551
91 72 551
72 78 808
78 72 808
73 78 620
78 73 620
73 79 569
79 73 569
73 79 583
79 73 583
73 79 285
79 73 285
73 86 944
86 73 944
74 75 430
75 74 430
74 98 134
98 74 134
74 83 569
83 74 569
74 86 4
86 74 4
74 84 812
84 74 812
74 82 723
82 74 723
74 91 726
91 74 726
75 97 89
97 75 89
75 77 895
77 75 895
75 95 663
95 75 663
75 90 177
90 75 177
75 99 743
99 75 743
75 97 606
97 75 606
76 91 823
91 76 823
76 92 599
92 76 599
76 98 253
98 76 253
76 98 875
98 76 875
76 86 744
86 76 744
76 96 940
96 76 940
77 79 555
79 77 555
77 89 504
89 77 504
77 79 376
79 77 376
77 94 925
94 77 925
78 90 499
90 78 499
78 89 903
89 78 903
78 96 188
96 78 188
78 94 60
94 78 60
78 87 268
87 78 268
79 95 874
95 79 874
79 89 740
89 79 740
79 81 41
81 79 41
79 93 907
93 79 907
79 98 494
98 79 494
79 87 210
87 79 210
79 87 100
87 79 100
79 91 820
91 79 820
80 96 798
96 80 798
80 83 277
83 80 277
80 87 221
87 80 221
80 89 126
89 80 126
80 94 124
94 80 124
80 91 165
91 80 165
80 91 921
91 80 921
81 98 8
98 81 8
81 83 150
83 81 150
81 86 293
86 81 293
82 83 154
83 82 154
82 87 203
87 82 203
83 84 512
84 83 512
83 87 138
87 83 138
85 99 379
99 85 379
85 98 419
98 85 419
85 90 180
90 85 180
85 98 904
98 85 904
85 89 88
89 85 88
87 95 219
95 87 219
87 96 259
96 87 259
87 93 824
93 87 824
88 93 139
93 88 139
88 96 65
96 88 65
89 94 665
94 89 665
89 98 84
98 89 84
89 92 553
92 89 553
89 94 812
94 89 812
89 98 43
98 89 43
89 90 510
90 89 510
89 97 555
97 89 555
90 93 764
93 90 764
90 99 595
99 90 595
90 95 383
95 90 383
91 93 397
93 91 397
92 96 383
96 92 383
92 97 535
97 92 535
93 99 577
99 93 577
94 95 966
95 94 966
94 95 375
95 94 375
94 98 64
98 94 64
94 98 599
98 94 599
97 98 690
98 97 690
