58

0 1 561
1 0 561
0 12 680
12 0 680
0 48 742
48 0 742
0 49 158
49 0 158
0 2 26
2 0 26
0 36 765
36 0 765
0 22 383
22 0 383
0 28 368
28 0 368
0 15 158
15 0 158
0 29 135
29 0 135
1 2 75
2 1 75
1 13 248
13 1 248
1 16 987
16 1 987
1 32 876
32 1 876
1 12 822
12 1 822
1 57 191
57 1 191
1 14 746
14 1 746
1 40 666
40 1 666
1 18 163
18 1 163
1 50 717
50 1 717
1 57 302
57 1 302
2 3 318
3 2 318
2 7 581
7 2 581
2 9 909
9 2 909
2 10 92
10 2 92
2 41 795
41 2 795
2 57 745
57 2 745
2 23 158
23 2 158
3 4 485
4 3 485
3 5 513
5 3 513
3 6 764
6 3 764
3 30 562
30 3 562
3 21 486
21 3 486
3 35 234
35 3 234
3 35 430
35 3 430
3 29 780
29 3 780
3 50 853
50 3 853
3 49 998
49 3 998
4 8 229
8 4 229
4 18 382
18 4 382
4 27 204
27 4 204
4 28 843
28 4 843
4 29 332
29 4 332
4 50 375
50 4 375
4 49 555
49 4 555
4 49 926
49 4 926
4 40 250
40 4 250
4 41 351
41 4 351
4 55 215
55 4 215
4 56 202
56 4 202
5 34 598
34 5 598
5 10 48
10 5 48
5 54 177
54 5 177
5 40 694
40 5 694
5 18 862
18 5 862
5 9 509
9 5 509
5 9 525
9 5 525
6 25 880
25 6 880
6 44 853
44 6 853
6 7 356
7 6 356
6 27 350
27 6 350
7 30 592
30 7 592
8 15 922
15 8 922
8 17 409
17 8 409
8 19 345
19 8 345
8 21 759
21 8 759
8 19 240
19 8 240
8 47 627
47 8 627
8 55 852
55 8 852
9 11 432
11 9 432
9 24 478
24 9 478
9 40 722
40 9 722
9 42 442
42 9 442
9 47 619
47 9 619
9 40 64
40 9 64
9 16 41
16 9 41
10 14 585
14 10 585
10 53 589
53 10 589
10 24 666
24 10 666
10 12 152
12 10 152
10 47 850
47 10 850
10 11 175
11 10 175
10 27 198
27 10 198
10 51 622
51 10 622
10 21 187
21 10 187
11 45 599
45 11 599
11 28 52
28 11 52
12 20 661
20 12 661
12 15 559
15 12 559
12 31 703
31 12 703
13 35 132
35 13 132
13 51 737
51 13 737
13 55 726
55 13 726
13 27 685
27 13 685
13 45 685
45 13 685
13 46 152
46 13 152
13 46 294
46 13 294
13 38 592
38 13 592
13 45 459
45 13 459
13 25 807
25 13 807
13 42 730
42 13 730
14 33 981
33 14 981
14 47 350
47 14 350
14 32 684
32 14 684
14 48 508
48 14 508
15 32 661
32 15 661
15 42 572
42 15 572
15 37 59
37 15 59
15 25 170
25 15 170
15 15 283
15 15 283
16 49 943
49 16 943
16 37 168
37 16 168
17 21 486
21 17 486
17 23 845
23 17 845
17 29 309
29 17 309
17 30 554
30 17 554
18 55 392
55 18 392
18 21 927
21 18 927
18 28 461
28 18 461
19 22 250
22 19 250
19 28 155
28 19 155
20 37 136
37 20 136
20 41 215
41 20 215
20 49 471
49 20 471
20 49 540
49 20 540
20 24 426
24 20 426
20 50 152
50 20 152
21 26 687
26 21 687
21 56 919
56 21 919
21 45 179
45 21 179
21 22 975
22 21 975
21 36 774
36 21 774
21 42 538
42 21 538
21 48 668
48 21 668
22 36 385
36 22 385
22 47 461
47 22 461
22 29 937
29 22 937
22 57 939
57 22 939
22 55 106
55 22 106
23 26 240
26 23 240
23 54 85
54 23 85
23 26 827
26 23 827
23 56 139
56 23 139
23 48 29
48 23 29
24 38 828
38 24 828
24 49 506
49 24 506
25 40 802
40 25 802
25 38 231
38 25 231
25 35 734
35 25 734
26 31 815
31 26 815
26 56 160
56 26 160
26 37 954
37 26 954
27 33 165
33 27 165
27 37 927
37 27 927
27 37 496
37 27 496
28 41 647
41 28 647
28 57 575
57 28 575
28 34 817
34 28 817
28 48 122
48 28 122
28 54 665
54 28 665
28 37 680
37 28 680
29 30 990
30 29 990
29 33 831
33 29 831
29 52 491
52 29 491
29 35 93
35 29 93
30 44 818
44 30 818
30 44 198
44 30 198
31 55 550
55 31 550
31 51 224
51 31 224
32 35 350
35 32 350
33 54 41
54 33 41
34 45 86
45 34 86
34 56 779
56 34 779
34 39 360
39 34 360
35 44 36
44 35 36
35 52 100
52 35 100
35 42 36
42 35 36
36 51 67
51 36 67
36 57 235
57 36 235
36 48 754
48 36 754
36 54 793
54 36 793
36 52 280
52 36 280
37 39 661
39 37 661
37 43 170
43 37 170
37 54 226
54 37 226
38 54 539
54 38 539
38 46 476
46 38 476
38 50 598
50 38 598
39 47 477
47 39 477
39 45 68
45 39 68
40 50 577
50 40 577
41 51 222
51 41 222
42 52 737
52 42 737
42 52 611
52 42 611
42 52 101
52 42 101
43 44 998
44 43 998
43 45 920
45 43 920
44 50 768
50 44 768
44 52 814
52 44 814
45 46 591
46 45 591
46 54 623
54 46 623
46 48 230
48 46 230
46 49 167
49 46 167
47 57 662
57 47 662
47 47 422
47 47 422
48 56 755
56 48 755
49 54 904
54 49 904
50 57 884
57 50 884
52 54 935
54 52 935
53 56 280
56 53 280
