83

0 1 463
1 0 463
0 4 611
4 0 611
0 7 135
7 0 135
0 35 572
35 0 572
0 5 867
5 0 867
0 69 368
69 0 368
0 79 878
79 0 878
0 46 249
46 0 249
0 50 686
50 0 686
0 77 614
77 0 614
0 42 242
42 0 242
0 71 74
71 0 74
0 72 192
72 0 192
0 40 563
40 0 563
0 66 952
66 0 952
0 28 293
28 0 293
0 45 370
45 0 370
0 2 128
2 0 128
0 8 446
8 0 446
0 66 710
66 0 710
0 36 402
36 0 402
0 6 518
6 0 518
0 25 361
25 0 361
0 46 334
46 0 334
0 75 244
75 0 244
0 35 415
35 0 415
1 2 394
2 1 394
1 3 559
3 1 559
1 5 537
5 1 537
1 8 238
8 1 238
1 2 748
2 1 748
1 45 7
45 1 7
1 15 538
15 1 538
1 9 338
9 1 338
1 68 379
68 1 379
1 12 553
12 1 553
1 27 926
27 1 926
1 64 396
64 1 396
1 3 3
3 1 3
1 55 773
55 1 773
1 2 791
2 1 791
1 64 570
64 1 570
1 3 525
3 1 525
1 41 751
41 1 751
1 49 232
49 1 232
1 32 738
32 1 738
2 44 392
44 2 392
2 56 343
56 2 343
2 7 300
7 2 300
2 25 49
25 2 49
2 6 754
6 2 754
2 65 110
65 2 110
2 54 30
54 2 30
2 69 524
69 2 524
2 77 878
77 2 878
2 39 878
39 2 878
2 56 797
56 2 797
2 18 386
18 2 386
2 58 103
58 2 103
2 7 471
7 2 471
2 74 711
74 2 711
2 14 952
14 2 952
2 27 42
27 2 42
2 43 932
43 2 932
2 30 963
30 2 963
2 24 785
24 2 785
2 21 21
21 2 21
2 31 525
31 2 525
2 42 689
42 2 689
2 49 558
49 2 558
3 14 329
14 3 329
3 31 356
31 3 356
3 15 314
15 3 314
3 64 89
64 3 89
3 80 528
80 3 528
3 41 646
41 3 646
3 73 694
73 3 694
3 55 686
55 3 686
3 25 88
25 3 88
3 74 807
74 3 807
3 60 199
60 3 199
3 39 415
39 3 415
3 81 231
81 3 231
3 75 688
75 3 688
3 5 349
5 3 349
3 61 940
61 3 940
3 39 852
39 3 852
3 23 983
23 3 983
3 17 314
17 3 314
3 80 843
80 3 843
4 10 551
10 4 551
4 16 945
16 4 945
4 28 672
28 4 672
4 81 136
81 4 136
4 11 108
11 4 108
4 24 977
24 4 977
4 5 886
5 4 886
4 79 253
79 4 253
4 46 840
46 4 840
4 74 999
74 4 999
4 39 363
39 4 363
4 77 666
77 4 666
4 56 201
56 4 201
4 24 69
24 4 69
4 69 196
69 4 196
4 57 916
57 4 916
4 32 18
32 4 18
4 67 83
67 4 83
4 29 530
29 4 530
4 38 689
38 4 689
4 82 305
82 4 305
4 51 322
51 4 322
4 22 717
22 4 717
4 79 455
79 4 455
4 44 474
44 4 474
4 23 890
23 4 890
4 81 434
81 4 434
4 11 992
11 4 992
5 6 689
6 5 689
5 9 282
9 5 282
5 17 199
17 5 199
5 19 639
19 5 639
5 36 869
36 5 869
5 69 228
69 5 228
5 79 409
79 5 409
5 61 960
61 5 960
5 53 683
53 5 683
5 59 960
59 5 960
5 64 228
64 5 228
5 49 161
49 5 161
5 24 259
24 5 259
5 72 378
72 5 378
5 32 816
32 5 816
5 76 491
76 5 491
5 7 691
7 5 691
5 81 91
81 5 91
5 5 58
5 5 58
5 60 601
60 5 601
6 15 22
15 6 22
6 30 74
30 6 74
6 41 195
41 6 195
6 81 975
81 6 975
6 41 454
41 6 454
6 82 245
82 6 245
6 44 248
44 6 248
6 55 908
55 6 908
6 61 667
61 6 667
6 27 879
27 6 879
6 32 611
32 6 611
6 34 291
34 6 291
6 42 693
42 6 693
6 62 732
62 6 732
7 20 961
20 7 961
7 21 618
21 7 618
7 58 816
58 7 816
7 39 633
39 7 633
7 44 475
44 7 475
7 64 608
64 7 608
7 51 901
51 7 901
7 54 479
54 7 479
7 68 899
68 7 899
7 35 916
35 7 916
7 42 703
42 7 703
7 20 110
20 7 110
7 22 862
22 7 862
7 66 435
66 7 435
7 80 552
80 7 552
7 40 791
40 7 791
7 68 523
68 7 523
7 10 518
10 7 518
8 11 513
11 8 513
8 12 659
12 8 659
8 80 615
80 8 615
8 61 732
61 8 732
8 59 355
59 8 355
8 31 877
31 8 877
8 29 394
29 8 394
8 33 22
33 8 22
8 35 683
35 8 683
8 31 202
31 8 202
8 67 46
67 8 46
8 78 448
78 8 448
8 64 482
64 8 482
8 43 776
43 8 776
8 49 317
49 8 317
8 14 722
14 8 722
8 30 562
30 8 562
9 70 841
70 9 841
9 66 821
66 9 821
9 59 567
59 9 567
9 39 751
39 9 751
9 78 288
78 9 288
9 82 602
82 9 602
9 24 825
24 9 825
9 77 877
77 9 877
9 57 37
57 9 37
9 51 915
51 9 915
9 19 978
19 9 978
9 66 889
66 9 889
9 50 855
50 9 855
9 82 398
82 9 398
9 54 124
54 9 124
9 63 599
63 9 599
9 76 243
76 9 243
10 54 277
54 10 277
10 64 425
64 10 425
10 77 418
77 10 418
10 31 363
31 10 363
10 15 421
15 10 421
10 11 330
11 10 330
10 26 607
26 10 607
10 82 867
82 10 867
10 23 843
23 10 843
10 82 256
82 10 256
10 58 574
58 10 574
10 69 245
69 10 245
10 41 535
41 10 535
10 78 908
78 10 908
10 77 48
77 10 48
10 13 977
13 10 977
10 64 769
64 10 769
10 33 892
33 10 892
10 28 386
28 10 386
10 58 195
58 10 195
10 22 226
22 10 226
10 35 873
35 10 873
10 59 804
59 10 804
10 35 716
35 10 716
10 81 296
81 10 296
10 80 71
80 10 71
10 60 337
60 10 337
11 24 858
24 11 858
11 39 555
39 11 555
11 67 657
67 11 657
11 74 875
74 11 875
11 45 196
45 11 196
11 52 334
52 11 334
11 75 498
75 11 498
11 44 489
44 11 489
11 13 49
13 11 49
11 20 751
20 11 751
11 17 885
17 11 885
11 31 661
31 11 661
11 67 8
67 11 8
11 47 614
47 11 614
12 13 150
13 12 150
12 66 755
66 12 755
12 62 110
62 12 110
12 61 239
61 12 239
12 38 312
38 12 312
12 35 426
35 12 426
12 23 402
23 12 402
12 38 766
38 12 766
12 65 228
65 12 228
12 73 82
73 12 82
12 38 436
38 12 436
12 49 778
49 12 778
12 20 818
20 12 818
12 27 402
27 12 402
12 49 561
49 12 561
12 28 732
28 12 732
12 39 51
39 12 51
13 18 828
18 13 828
13 38 507
38 13 507
13 53 806
53 13 806
13 27 241
27 13 241
13 32 22
32 13 22
13 29 459
29 13 459
13 33 466
33 13 466
13 20 713
20 13 713
13 30 584
30 13 584
13 52 76
52 13 76
13 63 57
63 13 57
13 45 893
45 13 893
13 55 630
55 13 630
13 38 319
38 13 319
13 63 752
63 13 752
14 33 108
33 14 108
14 40 402
40 14 402
14 17 283
17 14 283
14 22 338
22 14 338
14 49 386
49 14 386
14 36 827
36 14 827
14 29 259
29 14 259
14 36 269
36 14 269
14 23 683
23 14 683
14 24 912
24 14 912
14 44 218
44 14 218
14 82 809
82 14 809
14 61 988
61 14 988
14 62 884
62 14 884
14 25 21
25 14 21
14 52 10
52 14 10
14 70 443
70 14 443
14 31 609
31 14 609
14 30 463
30 14 463
15 69 775
69 15 775
15 34 988
34 15 988
15 45 109
45 15 109
15 50 67
50 15 67
15 38 188
38 15 188
15 46 9
46 15 9
15 81 507
81 15 507
15 75 185
75 15 185
15 42 98
42 15 98
15 48 463
48 15 463
15 21 589
21 15 589
15 49 746
49 15 746
15 71 297
71 15 297
15 48 924
48 15 924
16 25 759
25 16 759
16 48 103
48 16 103
16 50 164
50 16 164
16 31 720
31 16 720
16 33 466
33 16 466
16 47 946
47 16 946
16 29 73
29 16 73
16 45 977
45 16 977
16 73 516
73 16 516
16 50 168
50 16 168
16 49 602
49 16 602
16 36 664
36 16 664
16 29 733
29 16 733
16 27 1
27 16 1
16 35 948
35 16 948
16 78 204
78 16 204
16 49 661
49 16 661
16 28 969
28 16 969
17 26 576
26 17 576
17 38 854
38 17 854
17 34 945
34 17 945
17 57 326
57 17 326
17 28 549
28 17 549
17 20 596
20 17 596
17 82 175
82 17 175
17 17 550
17 17 550
17 47 622
47 17 622
17 65 422
65 17 422
17 63 420
63 17 420
17 67 152
67 17 152
17 77 993
77 17 993
17 59 355
59 17 355
17 26 560
26 17 560
17 47 640
47 17 640
17 18 903
18 17 903
17 22 835
22 17 835
17 72 583
72 17 583
17 60 836
60 17 836
18 27 698
27 18 698
18 45 511
45 18 511
18 43 573
43 18 573
18 77 605
77 18 605
18 62 812
62 18 812
18 81 205
81 18 205
18 26 856
26 18 856
18 32 219
32 18 219
18 28 976
28 18 976
18 39 337
39 18 337
18 38 348
38 18 348
18 50 572
50 18 572
18 61 974
61 18 974
18 29 129
29 18 129
18 78 632
78 18 632
18 20 54
20 18 54
19 68 936
68 19 936
19 82 173
82 19 173
19 82 714
82 19 714
19 45 854
45 19 854
19 24 171
24 19 171
19 80 832
80 19 832
19 66 944
66 19 944
19 61 372
61 19 372
19 41 214
41 19 214
19 62 5
62 19 5
19 38 641
38 19 641
19 25 818
25 19 818
19 57 535
57 19 535
20 24 480
24 20 480
20 32 764
32 20 764
20 37 183
37 20 183
20 53 918
53 20 918
20 39 971
39 20 971
20 36 252
36 20 252
20 79 409
79 20 409
20 34 493
34 20 493
20 66 660
66 20 660
20 64 822
64 20 822
20 61 571
61 20 571
20 63 687
63 20 687
20 44 819
44 20 819
20 23 93
23 20 93
20 28 199
28 20 199
20 46 945
46 20 945
21 22 263
22 21 263
21 23 181
23 21 181
21 46 618
46 21 618
21 57 663
57 21 663
21 62 836
62 21 836
21 34 677
34 21 677
21 36 607
36 21 607
21 33 673
33 21 673
21 51 728
51 21 728
21 38 817
38 21 817
21 38 332
38 21 332
21 21 850
21 21 850
21 33 649
33 21 649
21 48 847
48 21 847
21 35 386
35 21 386
21 75 694
75 21 694
21 79 55
79 21 55
22 34 135
34 22 135
22 73 226
73 22 226
22 39 481
39 22 481
22 43 950
43 22 950
22 81 595
81 22 595
22 53 695
53 22 695
22 42 549
42 22 549
22 60 540
60 22 540
22 81 819
81 22 819
23 66 399
66 23 399
23 32 266
32 23 266
23 36 747
36 23 747
23 24 110
24 23 110
23 62 220
62 23 220
23 62 879
62 23 879
23 71 17
71 23 17
23 61 149
61 23 149
23 25 602
25 23 602
23 31 910
31 23 910
24 59 87
59 24 87
24 65 367
65 24 367
24 44 810
44 24 810
24 65 636
65 24 636
24 60 706
60 24 706
24 73 754
73 24 754
24 62 855
62 24 855
24 81 763
81 24 763
24 68 416
68 24 416
24 41 693
41 24 693
24 28 1000
28 24 1000
24 49 920
49 24 920
24 42 386
42 24 386
24 30 599
30 24 599
25 29 136
29 25 136
25 43 834
43 25 834
25 38 725
38 25 725
25 38 483
38 25 483
25 26 686
26 25 686
25 40 444
40 25 444
25 75 103
75 25 103
25 50 683
50 25 683
25 49 559
49 25 559
25 40 943
40 25 943
25 54 407
54 25 407
25 52 279
52 25 279
25 63 824
63 25 824
25 56 260
56 25 260
25 42 86
42 25 86
26 72 920
72 26 920
26 30 667
30 26 667
26 32 826
32 26 826
26 34 416
34 26 416
26 54 130
54 26 130
26 53 435
53 26 435
26 79 815
79 26 815
26 60 99
60 26 99
26 82 645
82 26 645
26 50 975
50 26 975
26 71 906
71 26 906
27 72 882
72 27 882
27 36 599
36 27 599
27 79 944
79 27 944
27 72 754
72 27 754
27 57 659
57 27 659
27 43 962
43 27 962
27 61 439
61 27 439
27 33 798
33 27 798
27 49 606
49 27 606
27 29 164
29 27 164
27 48 908
48 27 908
27 31 203
31 27 203
27 46 228
46 27 228
28 60 219
60 28 219
28 46 806
46 28 806
28 43 330
43 28 330
28 51 889
51 28 889
28 55 721
55 28 721
28 28 841
28 28 841
28 48 126
48 28 126
28 65 155
65 28 155
28 39 433
39 28 433
28 52 630
52 28 630
28 65 616
65 28 616
28 78 831
78 28 831
28 65 927
65 28 927
28 35 262
35 28 262
29 67 350
67 29 350
29 41 716
41 29 716
29 75 428
75 29 428
29 67 232
67 29 232
29 56 509
56 29 509
29 41 753
41 29 753
29 32 961
32 29 961
29 63 461
63 29 461
29 34 568
34 29 568
29 33 762
33 29 762
29 44 501
44 29 501
29 77 881
77 29 881
29 79 476
79 29 476
29 36 340
36 29 340
29 59 314
59 29 314
29 47 631
47 29 631
30 32 971
32 30 971
30 37 615
37 30 615
30 47 547
47 30 547
30 36 47
36 30 47
30 61 197
61 30 197
30 82 717
82 30 717
30 39 565
39 30 565
30 76 227
76 30 227
30 64 898
64 30 898
30 55 323
55 30 323
30 55 561
55 30 561
31 49 148
49 31 148
31 59 570
59 31 570
31 57 43
57 31 43
31 38 113
38 31 113
31 49 644
49 31 644
31 75 846
75 31 846
31 72 930
72 31 930
31 40 727
40 31 727
31 32 163
32 31 163
31 68 657
68 31 657
31 63 331
63 31 331
31 34 225
34 31 225
31 54 871
54 31 871
31 80 849
80 31 849
31 65 460
65 31 460
31 35 582
35 31 582
32 51 530
51 32 530
32 77 335
77 32 335
32 45 275
45 32 275
32 54 477
54 32 477
32 47 386
47 32 386
32 42 761
42 32 761
32 33 231
33 32 231
32 58 118
58 32 118
32 75 253
75 32 253
32 72 363
72 32 363
32 63 395
63 32 395
32 57 623
57 32 623
32 70 930
70 32 930
33 60 963
60 33 963
33 72 675
72 33 675
33 71 8
71 33 8
33 63 539
63 33 539
33 73 568
73 33 568
33 80 956
80 33 956
33 74 137
74 33 137
33 58 561
58 33 561
33 35 203
35 33 203
33 71 244
71 33 244
33 81 236
81 33 236
33 70 7
70 33 7
33 42 172
42 33 172
33 39 63
39 33 63
33 35 499
35 33 499
34 65 249
65 34 249
34 51 891
51 34 891
34 67 481
67 34 481
34 75 159
75 34 159
34 76 367
76 34 367
35 37 220
37 35 220
35 54 431
54 35 431
35 78 968
78 35 968
35 41 129
41 35 129
35 80 552
80 35 552
35 47 97
47 35 97
35 80 946
80 35 946
35 50 486
50 35 486
35 74 451
74 35 451
36 42 684
42 36 684
36 52 647
52 36 647
36 67 142
67 36 142
36 66 600
66 36 600
36 59 194
59 36 194
36 62 727
62 36 727
36 76 515
76 36 515
36 58 890
58 36 890
36 80 606
80 36 606
36 75 860
75 36 860
36 60 649
60 36 649
36 59 209
59 36 209
36 73 132
73 36 132
37 50 778
50 37 778
37 57 681
57 37 681
37 76 894
76 37 894
37 47 980
47 37 980
37 45 740
45 37 740
37 74 31
74 37 31
37 55 904
55 37 904
37 54 324
54 37 324
37 45 949
45 37 949
37 55 229
55 37 229
37 74 624
74 37 624
38 52 248
52 38 248
38 67 975
67 38 975
38 71 909
71 38 909
38 44 894
44 38 894
38 54 57
54 38 57
38 73 402
73 38 402
38 49 227
49 38 227
38 75 596
75 38 596
38 58 146
58 38 146
38 73 618
73 38 618
39 55 497
55 39 497
39 74 793
74 39 793
39 41 230
41 39 230
39 77 564
77 39 564
39 74 823
74 39 823
40 57 931
57 40 931
40 65 138
65 40 138
40 73 709
73 40 709
40 63 468
63 40 468
40 79 908
79 40 908
40 68 991
68 40 991
40 61 497
61 40 497
40 54 939
54 40 939
40 71 409
71 40 409
40 49 282
49 40 282
40 53 915
53 40 915
40 49 749
49 40 749
40 56 135
56 40 135
40 41 378
41 40 378
40 79 147
79 40 147
40 42 240
42 40 240
40 57 122
57 40 122
40 74 579
74 40 579
41 59 437
59 41 437
41 56 246
56 41 246
42 60 898
60 42 898
42 59 184
59 42 184
42 52 640
52 42 640
42 80 183
80 42 183
42 81 439
81 42 439
42 56 977
56 42 977
42 69 726
69 42 726
42 61 32
61 42 32
42 69 204
69 42 204
42 50 766
50 42 766
42 65 789
65 42 789
43 62 938
62 43 938
43 54 587
54 43 587
43 49 546
49 43 546
43 76 558
76 43 558
43 75 738
75 43 738
43 61 937
61 43 937
43 63 545
63 43 545
43 62 388
62 43 388
43 51 638
51 43 638
43 68 228
68 43 228
44 46 812
46 44 812
44 56 278
56 44 278
44 80 501
80 44 501
44 54 889
54 44 889
44 60 493
60 44 493
44 75 1000
75 44 1000
44 74 239
74 44 239
44 79 528
79 44 528
45 45 224
45 45 224
45 81 777
81 45 777
45 59 932
59 45 932
45 61 578
61 45 578
45 57 479
57 45 479
45 64 68
64 45 68
45 51 451
51 45 451
45 46 499
46 45 499
45 80 615
80 45 615
45 65 119
65 45 119
46 63 494
63 46 494
46 59 254
59 46 254
46 73 561
73 46 561
46 60 522
60 46 522
46 67 29
67 46 29
46 75 376
75 46 376
46 71 354
71 46 354
46 58 627
58 46 627
47 64 224
64 47 224
47 82 240
82 47 240
47 81 335
81 47 335
47 77 552
77 47 552
47 50 853
50 47 853
48 81 579
81 48 579
48 48 229
48 48 229
48 70 938
70 48 938
48 71 788
71 48 788
48 49 797
49 48 797
48 81 36
81 48 36
48 49 907
49 48 907
48 49 89
49 48 89
48 65 484
65 48 484
48 59 154
59 48 154
49 51 372
51 49 372
49 61 177
61 49 177
49 62 192
62 49 192
49 64 726
64 49 726
49 71 463
71 49 463
49 65 309
65 49 309
49 50 622
50 49 622
49 56 172
56 49 172
49 66 865
66 49 865
49 68 677
68 49 677
50 55 576
55 50 576
50 61 765
61 50 765
50 50 222
50 50 222
51 76 400
76 51 400
51 56 64
56 51 64
51 58 340
58 51 340
51 64 821
64 51 821
51 68 383
68 51 383
51 54 639
54 51 639
51 68 939
68 51 939
51 69 252
69 51 252
51 57 956
57 51 956
52 54 577
54 52 577
52 68 98
68 52 98
52 68 339
68 52 339
52 64 786
64 52 786
52 75 254
75 52 254
52 76 137
76 52 137
52 77 168
77 52 168
53 74 814
74 53 814
53 60 615
60 53 615
53 62 542
62 53 542
53 62 399
62 53 399
53 65 295
65 53 295
53 75 472
75 53 472
53 80 993
80 53 993
53 76 441
76 53 441
53 55 514
55 53 514
53 80 347
80 53 347
53 56 913
56 53 913
54 76 506
76 54 506
54 64 406
64 54 406
54 68 179
68 54 179
54 77 63
77 54 63
54 56 799
56 54 799
55 60 619
60 55 619
55 69 609
69 55 609
55 64 583
64 55 583
56 62 76
62 56 76
56 77 956
77 56 956
56 68 367
68 56 367
56 76 315
76 56 315
56 67 443
67 56 443
56 59 790
59 56 790
56 62 125
62 56 125
57 65 307
65 57 307
57 73 440
73 57 440
57 80 139
80 57 139
57 61 44
61 57 44
57 64 422
64 57 422
57 62 827
62 57 827
57 61 914
61 57 914
58 75 99
75 58 99
58 62 581
62 58 581
58 81 726
81 58 726
58 64 234
64 58 234
58 78 832
78 58 832
58 61 184
61 58 184
58 66 291
66 58 291
59 78 899
78 59 899
59 72 394
72 59 394
59 82 754
82 59 754
59 80 803
80 59 803
59 60 303
60 59 303
59 81 295
81 59 295
59 82 840
82 59 840
59 64 125
64 59 125
59 78 352
78 59 352
59 62 446
62 59 446
60 66 199
66 60 199
61 71 662
71 61 662
61 62 299
62 61 299
61 68 903
68 61 903
62 71 198
71 62 198
62 64 955
64 62 955
62 74 12
74 62 12
62 66 778
66 62 778
63 79 872
79 63 872
63 64 456
64 63 456
64 66 228
66 64 228
64 74 392
74 64 392
65 70 625
70 65 625
65 74 565
74 65 565
65 78 341
78 65 341
65 73 571
73 65 571
65 66 613
66 65 613
65 67 416
67 65 416
65 76 877
76 65 877
66 74 135
74 66 135
66 75 439
75 66 439
67 81 920
81 67 920
67 81 622
81 67 622
67 73 423
73 67 423
67 71 526
71 67 526
68 72 938
72 68 938
68 78 720
78 68 720
68 82 622
82 68 622
69 75 456
75 69 456
69 72 891
72 69 891
69 74 745
74 69 745
69 81 57
81 69 57
69 81 140
81 69 140
70 82 804
82 70 804
70 80 372
80 70 372
70 81 503
81 70 503
70 76 587
76 70 587
70 76 506
76 70 506
72 78 907
78 72 907
72 81 975
81 72 975
73 81 368
81 73 368
74 81 178
81 74 178
74 81 25
81 74 25
75 79 924
79 75 924
76 77 401
77 76 401
76 82 738
82 76 738
77 82 298
82 77 298
79 80 843
80 79 843
80 81 385
81 80 385
82 82 169
82 82 169
