94

0 1 65
1 0 65
0 3 92
3 0 92
0 5 484
5 0 484
0 6 220
6 0 220
0 66 921
66 0 921
0 30 539
30 0 539
0 32 955
32 0 955
0 92 729
92 0 729
0 78 908
78 0 908
0 10 11
10 0 11
0 55 375
55 0 375
0 27 852
27 0 852
1 2 696
2 1 696
1 4 943
4 1 943
1 25 53
25 1 53
1 17 551
17 1 551
1 56 820
56 1 820
1 9 116
9 1 116
1 73 428
73 1 428
1 83 156
83 1 156
1 6 544
6 1 544
1 71 260
71 1 260
2 9 40
9 2 40
2 10 389
10 2 389
2 45 184
45 2 184
2 89 446
89 2 446
2 11 126
11 2 126
3 17 951
17 3 951
3 34 501
34 3 501
3 39 472
39 3 472
3 69 634
69 3 634
3 84 721
84 3 721
3 22 688
22 3 688
3 43 238
43 3 238
3 49 657
49 3 657
3 47 914
47 3 914
3 46 811
46 3 811
3 71 826
71 3 826
3 12 229
12 3 229
3 19 873
19 3 873
4 7 510
7 4 510
4 11 258
11 4 258
4 88 801
88 4 801
4 7 270
7 4 270
4 10 286
10 4 286
4 24 463
24 4 463
4 61 175
61 4 175
4 8 727
8 4 727
4 85 79
85 4 79
4 13 72
13 4 72
5 30 214
30 5 214
5 54 491
54 5 491
5 57 71
57 5 71
5 85 828
85 5 828
5 86 488
86 5 488
5 71 264
71 5 264
5 14 475
14 5 475
5 32 688
32 5 688
5 81 919
81 5 919
5 65 955
65 5 955
5 11 74
11 5 74
6 8 602
8 6 602
6 12 972
12 6 972
6 16 600
16 6 600
6 22 217
22 6 217
6 93 274
93 6 274
6 49 922
49 6 922
6 49 872
49 6 872
6 32 428
32 6 428
6 25 945
25 6 945
6 23 471
23 6 471
6 85 614
85 6 614
6 46 40
46 6 40
7 48 315
48 7 315
7 56 167
56 7 167
7 31 609
31 7 609
7 66 602
66 7 602
8 38 635
38 8 635
8 61 490
61 8 490
8 12 187
12 8 187
8 63 408
63 8 408
8 32 462
32 8 462
8 37 687
37 8 687
8 51 23
51 8 23
8 63 983
63 8 983
8 49 868
49 8 868
9 64 212
64 9 212
9 92 836
92 9 836
9 33 945
33 9 945
9 35 77
35 9 77
9 38 358
38 9 358
9 62 608
62 9 608
9 23 687
23 9 687
9 45 807
45 9 807
9 15 418
15 9 418
10 14 499
14 10 499
10 25 471
25 10 471
10 72 496
72 10 496
10 33 547
33 10 547
10 54 7
54 10 7
10 66 790
66 10 790
10 71 129
71 10 129
10 49 45
49 10 45
10 57 327
57 10 327
10 67 85
67 10 85
10 84 680
84 10 680
10 41 902
41 10 902
11 13 31
13 11 31
11 62 286
62 11 286
11 28 309
28 11 309
11 29 965
29 11 965
11 61 147
61 11 147
11 18 859
18 11 859
11 70 973
70 11 973
11 68 373
68 11 373
11 61 344
61 11 344
12 21 797
21 12 797
12 44 633
44 12 633
12 34 10
34 12 10
12 16 711
16 12 711
12 17 203
17 12 203
12 67 193
67 12 193
12 37 964
37 12 964
12 38 750
38 12 750
12 26 763
26 12 763
13 15 363
15 13 363
13 31 937
31 13 937
13 19 740
19 13 740
13 72 289
72 13 289
13 52 103
52 13 103
13 13 474
13 13 474
13 86 926
86 13 926
13 22 519
22 13 519
14 18 789
18 14 789
14 35 134
35 14 134
14 41 630
41 14 630
14 69 290
69 14 290
14 79 811
79 14 811
14 85 662
85 14 662
14 36 464
36 14 464
14 86 661
86 14 661
14 55 117
55 14 117
15 26 74
26 15 74
15 71 597
71 15 597
15 24 270
24 15 270
15 37 318
37 15 318
15 48 560
48 15 560
16 19 340
19 16 340
16 20 33
20 16 33
16 33 802
33 16 802
16 73 569
73 16 569
16 48 941
48 16 941
16 72 512
72 16 512
16 65 463
65 16 463
16 27 792
27 16 792
16 72 127
72 16 127
16 67 383
67 16 383
16 90 65
90 16 65
16 88 187
88 16 187
16 62 841
62 16 841
17 73 814
73 17 814
17 78 303
78 17 303
17 42 924
42 17 924
17 78 471
78 17 471
17 82 423
82 17 423
17 83 102
83 17 102
17 27 523
27 17 523
17 68 472
68 17 472
18 37 587
37 18 587
18 79 991
79 18 991
18 82 835
82 18 835
18 60 633
60 18 633
18 82 709
82 18 709
18 77 757
77 18 757
18 86 1000
86 18 1000
18 79 736
79 18 736
18 85 118
85 18 118
19 24 874
24 19 874
19 38 949
38 19 949
19 59 943
59 19 943
19 55 504
55 19 504
19 79 229
79 19 229
19 23 111
23 19 111
19 40 74
40 19 74
19 57 752
57 19 752
19 33 981
33 19 981
20 91 729
91 20 729
20 69 993
69 20 993
20 72 862
72 20 862
20 60 229
60 20 229
20 26 570
26 20 570
20 73 268
73 20 268
20 88 291
88 20 291
20 56 184
56 20 184
21 23 850
23 21 850
21 27 508
27 21 508
21 40 945
40 21 945
21 61 518
61 21 518
21 37 599
37 21 599
21 51 435
51 21 435
21 67 544
67 21 544
22 28 548
28 22 548
22 58 208
58 22 208
22 80 503
80 22 503
22 92 9
92 22 9
22 54 350
54 22 350
22 76 442
76 22 442
22 54 66
54 22 66
23 29 657
29 23 657
23 68 177
68 23 177
23 31 404
31 23 404
23 57 247
57 23 247
23 67 93
67 23 93
23 60 44
60 23 44
24 32 42
32 24 42
24 68 75
68 24 75
24 57 209
57 24 209
24 76 925
76 24 925
24 33 543
33 24 543
24 75 462
75 24 462
24 33 171
33 24 171
24 80 287
80 24 287
24 84 262
84 24 262
25 67 582
67 25 582
25 78 229
78 25 229
25 59 509
59 25 509
25 87 471
87 25 471
25 91 933
91 25 933
25 92 413
92 25 413
25 36 127
36 25 127
25 51 717
51 25 717
25 67 106
67 25 106
26 46 485
46 26 485
26 68 119
68 26 119
26 57 874
57 26 874
26 93 457
93 26 457
26 93 899
93 26 899
26 46 604
46 26 604
26 71 5
71 26 5
27 92 543
92 27 543
27 51 121
51 27 121
27 44 575
44 27 575
27 70 269
70 27 269
27 65 288
65 27 288
27 50 821
50 27 821
28 42 118
42 28 118
28 49 983
49 28 983
28 52 322
52 28 322
28 64 820
64 28 820
29 55 933
55 29 933
29 73 88
73 29 88
29 81 841
81 29 841
29 60 221
60 29 221
29 93 192
93 29 192
30 44 945
44 30 945
30 47 624
47 30 624
30 31 72
31 30 72
30 45 381
45 30 381
30 60 712
60 30 712
30 44 277
44 30 277
31 56 397
56 31 397
31 74 284
74 31 284
31 59 525
59 31 525
31 88 675
88 31 675
32 43 600
43 32 600
32 33 219
33 32 219
32 48 754
48 32 754
32 41 673
41 32 673
33 36 634
36 33 634
33 62 835
62 33 835
33 44 181
44 33 181
33 50 538
50 33 538
33 45 48
45 33 48
33 83 812
83 33 812
33 39 931
39 33 931
33 89 205
89 33 205
34 78 81
78 34 81
34 69 730
69 34 730
34 53 181
53 34 181
35 78 643
78 35 643
35 74 674
74 35 674
35 62 151
62 35 151
35 68 264
68 35 264
35 56 222
56 35 222
35 61 388
61 35 388
35 66 120
66 35 120
35 40 299
40 35 299
35 52 439
52 35 439
35 47 580
47 35 580
36 75 193
75 36 193
36 55 652
55 36 652
36 51 36
51 36 36
37 81 561
81 37 561
37 84 250
84 37 250
37 79 966
79 37 966
37 47 210
47 37 210
38 53 380
53 38 380
38 55 376
55 38 376
38 79 806
79 38 806
39 57 954
57 39 954
39 86 864
86 39 864
39 55 888
55 39 888
40 48 495
48 40 495
40 77 438
77 40 438
40 88 142
88 40 142
40 47 409
47 40 409
40 85 303
85 40 303
40 51 885
51 40 885
41 50 535
50 41 535
41 62 603
62 41 603
41 65 661
65 41 661
42 78 115
78 42 115
42 47 926
47 42 926
42 56 200
56 42 200
42 52 111
52 42 111
42 45 312
45 42 312
42 90 810
90 42 810
43 60 665
60 43 665
43 89 244
89 43 244
43 59 887
59 43 887
43 71 110
71 43 110
43 87 937
87 43 937
43 90 33
90 43 33
43 75 75
75 43 75
43 48 307
48 43 307
43 89 477
89 43 477
44 47 197
47 44 197
44 59 82
59 44 82
44 57 733
57 44 733
44 54 380
54 44 380
44 48 545
48 44 545
45 87 233
87 45 233
45 55 646
55 45 646
45 77 741
77 45 741
45 66 722
66 45 722
45 82 79
82 45 79
45 59 247
59 45 247
45 76 178
76 45 178
45 74 518
74 45 518
46 64 245
64 46 245
46 80 523
80 46 523
46 86 247
86 46 247
46 76 311
76 46 311
47 92 797
92 47 797
47 91 755
91 47 755
47 60 595
60 47 595
48 52 613
52 48 613
48 87 768
87 48 768
48 61 760
61 48 760
48 54 599
54 48 599
48 76 625
76 48 625
49 68 421
68 49 421
49 70 770
70 49 770
49 69 4
69 49 4
49 56 658
56 49 658
49 62 908
62 49 908
50 51 140
51 50 140
50 65 776
65 50 776
50 83 350
83 50 350
50 56 286
56 50 286
51 71 859
71 51 859
51 55 448
55 51 448
51 92 641
92 51 641
51 89 368
89 51 368
51 91 489
91 51 489
51 58 26
58 51 26
52 55 310
55 52 310
52 67 979
67 52 979
53 61 21
61 53 21
53 63 554
63 53 554
53 72 586
72 53 586
53 71 901
71 53 901
54 73 254
73 54 254
54 84 882
84 54 882
54 69 617
69 54 617
54 81 856
81 54 856
55 65 932
65 55 932
55 72 376
72 55 376
55 65 163
65 55 163
55 70 827
70 55 827
56 88 785
88 56 785
56 86 332
86 56 332
56 89 877
89 56 877
57 58 487
58 57 487
57 76 190
76 57 190
57 70 757
70 57 757
58 70 19
70 58 19
58 78 847
78 58 847
58 87 737
87 58 737
59 71 191
71 59 191
59 79 286
79 59 286
59 82 428
82 59 428
60 93 355
93 60 355
60 82 423
82 60 423
61 73 645
73 61 645
61 71 408
71 61 408
61 76 85
76 61 85
62 80 501
80 62 501
62 64 906
64 62 906
62 66 859
66 62 859
63 68 976
68 63 976
63 70 241
70 63 241
63 66 575
66 63 575
64 70 921
70 64 921
64 89 264
89 64 264
64 87 231
87 64 231
64 81 963
81 64 963
64 91 806
91 64 806
65 86 871
86 65 871
66 67 447
67 66 447
66 83 74
83 66 74
66 69 630
69 66 630
66 82 290
82 66 290
66 71 622
71 66 622
67 87 109
87 67 109
67 92 480
92 67 480
67 78 346
78 67 346
69 82 672
82 69 672
70 82 371
82 70 371
70 79 654
79 70 654
70 86 293
86 70 293
70 78 20
78 70 20
70 73 305
73 70 305
70 80 234
80 70 234
71 76 564
76 71 564
72 90 644
90 72 644
72 86 368
86 72 368
73 74 467
74 73 467
73 75 39
75 73 39
73 76 835
76 73 835
73 81 599
81 73 599
74 91 587
91 74 587
74 85 374
85 74 374
74 74 223
74 74 223
77 89 72
89 77 72
78 82 443
82 78 443
81 92 862
92 81 862
84 84 860
84 84 860
84 93 280
93 84 280
84 93 599
93 84 599
86 92 566
92 86 566
89 92 256
92 89 256
