72

0 1 18
1 0 18
0 3 510
3 0 510
0 5 612
5 0 612
0 43 974
43 0 974
0 62 910
62 0 910
0 56 319
56 0 319
0 24 113
24 0 113
0 36 854
36 0 854
0 1 849
1 0 849
0 54 496
54 0 496
0 65 661
65 0 661
0 51 833
51 0 833
0 44 559
44 0 559
0 36 289
36 0 289
0 63 447
63 0 447
0 28 945
28 0 945
0 66 823
66 0 823
0 62 832
62 0 832
0 24 556
24 0 556
0 33 202
33 0 202
0 35 193
35 0 193
0 63 8
63 0 8
0 35 399
35 0 399
0 31 760
31 0 760
0 9 35
9 0 35
0 23 172
23 0 172
0 63 481
63 0 481
0 51 833
51 0 833
1 2 649
2 1 649
1 11 858
11 1 858
1 62 547
62 1 547
1 51 530
51 1 530
1 11 603
11 1 603
1 39 43
39 1 43
1 17 157
17 1 157
1 22 478
22 1 478
1 52 294
52 1 294
1 44 192
44 1 192
1 41 149
41 1 149
1 35 627
35 1 627
1 8 162
8 1 162
1 36 998
36 1 998
1 63 474
63 1 474
1 41 813
41 1 813
1 70 662
70 1 662
2 6 804
6 2 804
2 9 763
9 2 763
2 16 513
16 2 513
2 20 349
20 2 349
2 27 42
27 2 42
2 32 71
32 2 71
2 33 489
33 2 489
2 70 168
70 2 168
2 46 87
46 2 87
2 24 206
24 2 206
2 29 142
29 2 142
2 40 671
40 2 671
2 66 249
66 2 249
2 4 721
4 2 721
2 62 613
62 2 613
2 15 576
15 2 576
2 32 783
32 2 783
2 62 155
62 2 155
2 36 952
36 2 952
2 8 412
8 2 412
2 24 576
24 2 576
2 66 479
66 2 479
3 4 589
4 3 589
3 7 245
7 3 245
3 15 17
15 3 17
3 49 26
49 3 26
3 26 87
26 3 87
3 7 684
7 3 684
3 40 975
40 3 975
3 47 630
47 3 630
3 49 662
49 3 662
3 5 646
5 3 646
3 18 489
18 3 489
3 34 560
34 3 560
3 42 759
42 3 759
3 65 760
65 3 760
3 58 642
58 3 642
3 56 646
56 3 646
3 34 755
34 3 755
3 39 163
39 3 163
3 25 54
25 3 54
3 12 542
12 3 542
4 8 347
8 4 347
4 17 825
17 4 825
4 9 474
9 4 474
4 50 490
50 4 490
4 46 978
46 4 978
4 5 374
5 4 374
4 55 280
55 4 280
4 50 431
50 4 431
4 33 201
33 4 201
4 68 606
68 4 606
4 17 38
17 4 38
4 27 632
27 4 632
4 13 190
13 4 190
4 40 83
40 4 83
4 31 164
31 4 164
4 30 941
30 4 941
4 46 875
46 4 875
4 27 483
27 4 483
4 17 28
17 4 28
4 67 862
67 4 862
4 13 923
13 4 923
5 19 69
19 5 69
5 55 7
55 5 7
5 64 15
64 5 15
5 66 549
66 5 549
5 40 555
40 5 555
5 39 344
39 5 344
5 50 848
50 5 848
5 34 903
34 5 903
5 28 918
28 5 918
5 66 376
66 5 376
5 9 799
9 5 799
5 30 422
30 5 422
5 56 17
56 5 17
5 34 239
34 5 239
6 26 990
26 6 990
6 48 325
48 6 325
6 20 620
20 6 620
6 45 434
45 6 434
6 66 422
66 6 422
6 63 908
63 6 908
6 44 22
44 6 22
6 23 978
23 6 978
6 57 162
57 6 162
6 63 751
63 6 751
6 67 808
67 6 808
6 52 314
52 6 314
6 26 373
26 6 373
6 47 904
47 6 904
6 16 158
16 6 158
6 22 8
22 6 8
6 46 55
46 6 55
6 12 749
12 6 749
6 31 135
31 6 135
6 13 691
13 6 691
6 38 267
38 6 267
6 26 715
26 6 715
6 14 907
14 6 907
7 10 63
10 7 63
7 47 684
47 7 684
7 71 863
71 7 863
7 11 951
11 7 951
7 23 744
23 7 744
7 57 995
57 7 995
7 20 596
20 7 596
7 24 342
24 7 342
7 55 982
55 7 982
7 50 679
50 7 679
7 15 42
15 7 42
7 40 543
40 7 543
7 57 531
57 7 531
7 50 542
50 7 542
7 70 677
70 7 677
7 39 249
39 7 249
8 21 444
21 8 444
8 22 684
22 8 684
8 30 40
30 8 40
8 42 995
42 8 995
8 46 557
46 8 557
8 38 188
38 8 188
8 11 838
11 8 838
8 56 66
56 8 66
8 21 216
21 8 216
8 29 40
29 8 40
8 68 593
68 8 593
8 49 624
49 8 624
8 13 101
13 8 101
8 61 244
61 8 244
8 47 68
47 8 68
8 68 781
68 8 781
8 31 333
31 8 333
8 12 640
12 8 640
8 26 544
26 8 544
8 60 922
60 8 922
8 54 285
54 8 285
9 12 768
12 9 768
9 14 3
14 9 3
9 41 304
41 9 304
9 41 505
41 9 505
9 58 546
58 9 546
9 28 681
28 9 681
9 53 631
53 9 631
9 26 53
26 9 53
9 48 847
48 9 847
9 63 580
63 9 580
9 61 43
61 9 43
9 10 477
10 9 477
9 66 694
66 9 694
9 32 415
32 9 415
9 12 493
12 9 493
9 65 329
65 9 329
9 27 621
27 9 621
9 65 819
65 9 819
9 61 772
61 9 772
9 42 434
42 9 434
9 57 22
57 9 22
9 15 438
15 9 438
9 39 210
39 9 210
9 34 842
34 9 842
9 63 398
63 9 398
9 61 484
61 9 484
10 13 652
13 10 652
10 37 9
37 10 9
10 14 472
14 10 472
10 36 911
36 10 911
10 37 770
37 10 770
10 59 603
59 10 603
10 42 832
42 10 832
10 29 29
29 10 29
10 40 824
40 10 824
10 55 433
55 10 433
10 57 453
57 10 453
10 21 735
21 10 735
10 43 381
43 10 381
11 49 258
49 11 258
11 52 822
52 11 822
11 28 264
28 11 264
11 27 679
27 11 679
11 61 813
61 11 813
11 66 261
66 11 261
11 66 625
66 11 625
11 70 994
70 11 994
11 19 364
19 11 364
11 39 249
39 11 249
11 65 286
65 11 286
11 45 654
45 11 654
11 36 561
36 11 561
11 30 968
30 11 968
11 62 91
62 11 91
11 32 104
32 11 104
11 36 990
36 11 990
11 14 419
14 11 419
11 68 353
68 11 353
11 45 173
45 11 173
12 18 849
18 12 849
12 23 792
23 12 792
12 25 870
25 12 870
12 15 545
15 12 545
12 16 549
16 12 549
12 61 1
61 12 1
12 59 625
59 12 625
12 45 530
45 12 530
12 53 35
53 12 35
12 35 623
35 12 623
12 42 91
42 12 91
12 19 6
19 12 6
12 29 721
29 12 721
12 49 238
49 12 238
12 43 138
43 12 138
12 22 360
22 12 360
12 45 681
45 12 681
12 58 422
58 12 422
12 42 351
42 12 351
12 51 295
51 12 295
12 54 674
54 12 674
13 28 414
28 13 414
13 36 72
36 13 72
13 52 861
52 13 861
13 59 418
59 13 418
13 62 391
62 13 391
13 25 258
25 13 258
13 42 263
42 13 263
13 36 93
36 13 93
13 31 478
31 13 478
13 46 815
46 13 815
13 28 45
28 13 45
13 41 555
41 13 555
13 39 774
39 13 774
13 37 291
37 13 291
13 71 346
71 13 346
13 39 308
39 13 308
13 38 304
38 13 304
13 60 947
60 13 947
14 31 206
31 14 206
14 68 708
68 14 708
14 30 478
30 14 478
14 31 183
31 14 183
14 18 527
18 14 527
14 28 379
28 14 379
14 35 867
35 14 867
14 40 752
40 14 752
14 63 379
63 14 379
14 20 98
20 14 98
14 53 559
53 14 559
14 33 926
33 14 926
14 28 82
28 14 82
14 44 535
44 14 535
14 65 656
65 14 656
14 48 124
48 14 124
14 64 560
64 14 560
15 40 36
40 15 36
15 25 493
25 15 493
15 56 877
56 15 877
15 62 857
62 15 857
15 43 244
43 15 244
15 48 275
48 15 275
15 24 720
24 15 720
15 29 881
29 15 881
15 44 964
44 15 964
15 35 446
35 15 446
15 47 409
47 15 409
15 46 391
46 15 391
15 56 158
56 15 158
16 38 222
38 16 222
16 31 932
31 16 932
16 25 83
25 16 83
16 41 210
41 16 210
16 48 330
48 16 330
16 62 155
62 16 155
16 64 157
64 16 157
16 38 810
38 16 810
16 71 685
71 16 685
16 18 94
18 16 94
16 20 146
20 16 146
16 18 358
18 16 358
16 67 681
67 16 681
16 52 220
52 16 220
16 34 638
34 16 638
17 37 510
37 17 510
17 50 446
50 17 446
17 33 967
33 17 967
17 35 899
35 17 899
17 43 37
43 17 37
17 47 381
47 17 381
17 69 356
69 17 356
17 17 648
17 17 648
17 63 454
63 17 454
17 26 980
26 17 980
17 47 521
47 17 521
17 33 804
33 17 804
17 28 899
28 17 899
17 28 669
28 17 669
18 24 852
24 18 852
18 49 344
49 18 344
18 26 826
26 18 826
18 62 776
62 18 776
18 38 767
38 18 767
18 46 393
46 18 393
18 19 907
19 18 907
18 55 477
55 18 477
18 51 686
51 18 686
18 45 616
45 18 616
18 56 654
56 18 654
18 59 338
59 18 338
18 20 368
20 18 368
18 69 710
69 18 710
18 24 436
24 18 436
18 22 198
22 18 198
19 47 641
47 19 641
19 56 137
56 19 137
19 56 779
56 19 779
19 50 461
50 19 461
19 43 885
43 19 885
19 27 290
27 19 290
19 67 668
67 19 668
19 71 725
71 19 725
19 69 261
69 19 261
19 61 497
61 19 497
19 48 309
48 19 309
19 53 955
53 19 955
20 24 209
24 20 209
20 59 280
59 20 280
20 43 106
43 20 106
20 63 993
63 20 993
20 27 342
27 20 342
20 37 950
37 20 950
20 21 828
21 20 828
20 54 137
54 20 137
20 29 297
29 20 297
20 26 735
26 20 735
20 25 140
25 20 140
20 50 188
50 20 188
20 63 282
63 20 282
20 26 776
26 20 776
20 29 953
29 20 953
20 31 843
31 20 843
20 43 611
43 20 611
20 56 135
56 20 135
20 69 95
69 20 95
21 29 890
29 21 890
21 35 37
35 21 37
21 70 889
70 21 889
21 30 183
30 21 183
21 52 388
52 21 388
21 27 121
27 21 121
21 59 890
59 21 890
21 50 608
50 21 608
21 39 432
39 21 432
21 70 163
70 21 163
21 30 399
30 21 399
21 61 123
61 21 123
21 53 801
53 21 801
21 40 400
40 21 400
21 27 687
27 21 687
21 42 536
42 21 536
21 43 151
43 21 151
22 34 929
34 22 929
22 56 455
56 22 455
22 37 488
37 22 488
22 22 918
22 22 918
22 24 221
24 22 221
22 33 838
33 22 838
22 69 293
69 22 293
22 22 650
22 22 650
22 48 862
48 22 862
22 51 791
51 22 791
22 64 683
64 22 683
22 25 693
25 22 693
22 45 312
45 22 312
22 52 667
52 22 667
22 53 323
53 22 323
22 49 122
49 22 122
22 55 103
55 22 103
23 28 197
28 23 197
23 34 55
34 23 55
23 23 14
23 23 14
23 66 416
66 23 416
23 63 555
63 23 555
23 58 334
58 23 334
23 46 582
46 23 582
23 26 980
26 23 980
23 70 766
70 23 766
23 55 204
55 23 204
24 32 199
32 24 199
24 58 642
58 24 642
24 64 14
64 24 14
24 61 904
61 24 904
24 51 839
51 24 839
24 31 655
31 24 655
24 35 379
35 24 379
24 34 125
34 24 125
24 55 459
55 24 459
24 65 31
65 24 31
24 33 182
33 24 182
24 24 588
24 24 588
24 46 282
46 24 282
24 49 1
49 24 1
24 39 52
39 24 52
25 61 162
61 25 162
25 53 625
53 25 625
25 64 791
64 25 791
25 71 624
71 25 624
25 54 186
54 25 186
25 54 822
54 25 822
25 57 188
57 25 188
25 48 832
48 25 832
25 35 976
35 25 976
25 51 407
51 25 407
25 38 510
38 25 510
25 67 307
67 25 307
25 29 556
29 25 556
25 69 424
69 25 424
26 41 678
41 26 678
26 36 78
36 26 78
26 70 889
70 26 889
26 37 314
37 26 314
26 60 304
60 26 304
26 29 693
29 26 693
26 70 611
70 26 611
26 71 927
71 26 927
26 68 130
68 26 130
26 39 978
39 26 978
26 55 285
55 26 285
26 54 50
54 26 50
27 42 794
42 27 794
27 38 61
38 27 61
27 65 894
65 27 894
27 49 847
49 27 847
27 40 822
40 27 822
27 33 89
33 27 89
27 46 683
46 27 683
27 63 303
63 27 303
27 66 395
66 27 395
27 68 857
68 27 857
27 35 104
35 27 104
28 66 320
66 28 320
28 52 971
52 28 971
28 62 739
62 28 739
28 45 776
45 28 776
28 46 778
46 28 778
28 54 288
54 28 288
28 41 78
41 28 78
28 52 257
52 28 257
28 50 190
50 28 190
29 58 968
58 29 968
29 57 411
57 29 411
29 35 211
35 29 211
29 39 447
39 29 447
29 33 186
33 29 186
29 36 574
36 29 574
29 34 855
34 29 855
29 46 262
46 29 262
29 41 185
41 29 185
29 51 676
51 29 676
29 60 900
60 29 900
29 31 961
31 29 961
29 60 739
60 29 739
29 32 809
32 29 809
30 39 408
39 30 408
30 54 611
54 30 611
30 67 748
67 30 748
30 35 701
35 30 701
30 33 416
33 30 416
30 44 659
44 30 659
30 71 63
71 30 63
30 40 405
40 30 405
30 59 616
59 30 616
30 48 48
48 30 48
30 52 381
52 30 381
30 64 375
64 30 375
30 51 469
51 30 469
30 42 13
42 30 13
31 44 31
44 31 31
31 57 199
57 31 199
31 69 853
69 31 853
31 56 464
56 31 464
31 38 313
38 31 313
31 54 76
54 31 76
31 56 771
56 31 771
31 48 364
48 31 364
31 46 162
46 31 162
31 68 668
68 31 668
31 43 994
43 31 994
31 47 99
47 31 99
32 51 278
51 32 278
32 51 127
51 32 127
32 39 27
39 32 27
32 37 125
37 32 125
32 54 130
54 32 130
32 62 602
62 32 602
32 33 588
33 32 588
32 39 31
39 32 31
32 34 873
34 32 873
32 39 287
39 32 287
32 52 554
52 32 554
33 63 718
63 33 718
33 54 959
54 33 959
33 58 127
58 33 127
33 62 208
62 33 208
33 41 11
41 33 11
33 36 139
36 33 139
33 71 595
71 33 595
33 57 332
57 33 332
33 60 296
60 33 296
33 47 428
47 33 428
33 52 470
52 33 470
33 62 140
62 33 140
33 38 980
38 33 980
33 59 945
59 33 945
33 45 604
45 33 604
33 56 38
56 33 38
34 65 95
65 34 95
34 67 279
67 34 279
34 67 765
67 34 765
34 37 462
37 34 462
34 42 948
42 34 948
34 61 974
61 34 974
34 42 544
42 34 544
34 37 234
37 34 234
34 63 666
63 34 666
34 60 20
60 34 20
34 42 751
42 34 751
34 53 623
53 34 623
34 65 873
65 34 873
34 58 639
58 34 639
35 51 736
51 35 736
35 60 411
60 35 411
35 61 751
61 35 751
35 49 140
49 35 140
35 42 630
42 35 630
35 38 855
38 35 855
35 65 902
65 35 902
35 36 283
36 35 283
36 44 294
44 36 294
36 63 412
63 36 412
36 47 168
47 36 168
36 43 803
43 36 803
36 56 317
56 36 317
36 61 880
61 36 880
37 39 451
39 37 451
37 67 998
67 37 998
37 55 796
55 37 796
37 71 228
71 37 228
37 57 705
57 37 705
37 70 931
70 37 931
37 62 772
62 37 772
37 53 410
53 37 410
37 59 116
59 37 116
38 50 903
50 38 903
38 56 559
56 38 559
38 48 531
48 38 531
38 55 930
55 38 930
38 61 635
61 38 635
38 69 673
69 38 673
38 52 650
52 38 650
38 44 182
44 38 182
38 42 812
42 38 812
38 68 323
68 38 323
39 49 181
49 39 181
39 59 980
59 39 980
39 47 887
47 39 887
39 56 390
56 39 390
39 68 124
68 39 124
39 45 735
45 39 735
39 52 364
52 39 364
40 66 8
66 40 8
40 69 543
69 40 543
40 65 626
65 40 626
40 54 979
54 40 979
40 45 470
45 40 470
40 64 395
64 40 395
40 44 886
44 40 886
40 66 47
66 40 47
40 44 63
44 40 63
41 53 189
53 41 189
41 57 995
57 41 995
41 55 288
55 41 288
41 51 179
51 41 179
41 49 578
49 41 578
41 44 764
44 41 764
41 64 141
64 41 141
41 58 39
58 41 39
41 55 725
55 41 725
42 66 294
66 42 294
42 45 848
45 42 848
42 61 342
61 42 342
42 61 952
61 42 952
42 58 578
58 42 578
42 63 417
63 42 417
42 50 10
50 42 10
42 46 379
46 42 379
42 52 171
52 42 171
42 43 344
43 42 344
42 66 984
66 42 984
43 63 782
63 43 782
43 61 684
61 43 684
43 58 466
58 43 466
43 69 955
69 43 955
43 68 221
68 43 221
43 56 546
56 43 546
43 62 982
62 43 982
44 45 948
45 44 948
44 69 57
69 44 57
44 70 436
70 44 436
44 56 934
56 44 934
44 57 663
57 44 663
44 65 772
65 44 772
44 59 734
59 44 734
44 60 146
60 44 146
44 55 369
55 44 369
44 50 736
50 44 736
44 58 980
58 44 980
44 62 449
62 44 449
44 53 524
53 44 524
45 63 812
63 45 812
45 53 624
53 45 624
45 54 273
54 45 273
45 48 915
48 45 915
45 60 679
60 45 679
46 69 861
69 46 861
46 54 954
54 46 954
46 50 387
50 46 387
46 64 120
64 46 120
46 70 347
70 46 347
47 48 27
48 47 27
47 53 643
53 47 643
47 48 818
48 47 818
47 51 584
51 47 584
47 69 184
69 47 184
47 49 428
49 47 428
47 71 208
71 47 208
47 56 393
56 47 393
47 50 986
50 47 986
48 60 856
60 48 856
48 58 713
58 48 713
48 66 106
66 48 106
48 52 627
52 48 627
48 67 186
67 48 186
48 68 100
68 48 100
48 57 102
57 48 102
48 50 135
50 48 135
49 56 875
56 49 875
49 70 101
70 49 101
49 51 787
51 49 787
49 67 260
67 49 260
49 51 997
51 49 997
49 65 948
65 49 948
49 66 748
66 49 748
49 63 523
63 49 523
49 55 423
55 49 423
49 57 145
57 49 145
49 71 136
71 49 136
50 56 268
56 50 268
50 61 823
61 50 823
50 59 368
59 50 368
50 53 623
53 50 623
51 56 8
56 51 8
51 52 459
52 51 459
51 65 173
65 51 173
51 68 852
68 51 852
52 66 71
66 52 71
52 54 183
54 52 183
52 57 540
57 52 540
52 54 8
54 52 8
52 67 229
67 52 229
53 56 678
56 53 678
53 60 299
60 53 299
53 57 284
57 53 284
53 70 832
70 53 832
53 54 382
54 53 382
53 64 78
64 53 78
53 68 232
68 53 232
53 54 608
54 53 608
54 59 798
59 54 798
54 67 457
67 54 457
54 60 458
60 54 458
54 60 671
60 54 671
54 66 174
66 54 174
55 65 917
65 55 917
55 59 455
59 55 455
55 64 762
64 55 762
55 71 994
71 55 994
55 65 332
65 55 332
55 61 51
61 55 51
55 62 144
62 55 144
56 61 975
61 56 975
57 71 750
71 57 750
57 67 271
67 57 271
57 57 149
57 57 149
57 64 293
64 57 293
57 71 408
71 57 408
57 62 925
62 57 925
58 70 378
70 58 378
58 59 692
59 58 692
58 70 675
70 58 675
58 71 970
71 58 970
59 68 835
68 59 835
59 60 680
60 59 680
60 66 992
66 60 992
60 68 929
68 60 929
61 69 908
69 61 908
63 67 716
67 63 716
63 69 698
69 63 698
63 63 81
63 63 81
64 68 733
68 64 733
64 65 236
65 64 236
65 69 965
69 65 965
65 67 373
67 65 373
66 69 594
69 66 594
67 67 467
67 67 467
