26

0 1 549
1 0 549
0 2 775
2 0 775
0 21 887
21 0 887
0 5 801
5 0 801
0 11 133
11 0 133
0 2 620
2 0 620
0 6 286
6 0 286
0 11 489
11 0 489
0 24 541
24 0 541
1 4 289
4 1 289
1 6 189
6 1 189
1 13 831
13 1 831
1 15 833
15 1 833
1 25 646
25 1 646
1 20 170
20 1 170
1 18 96
18 1 96
1 3 162
3 1 162
1 9 324
9 1 324
1 12 984
12 1 984
1 13 261
13 1 261
1 24 750
24 1 750
1 12 114
12 1 114
1 18 286
18 1 286
2 3 822
3 2 822
2 5 69
5 2 69
2 14 881
14 2 881
2 7 923
7 2 923
2 14 506
14 2 506
2 6 714
6 2 714
2 12 466
12 2 466
2 14 2
14 2 2
2 18 274
18 2 274
2 10 923
10 2 923
3 25 550
25 3 550
3 19 384
19 3 384
3 10 433
10 3 433
3 22 394
22 3 394
3 6 762
6 3 762
4 7 423
7 4 423
4 9 823
9 4 823
4 20 777
20 4 777
4 25 43
25 4 43
4 12 235
12 4 235
4 23 794
23 4 794
4 5 474
5 4 474
4 13 248
13 4 248
4 12 611
12 4 611
5 8 589
8 5 589
5 10 256
10 5 256
5 18 876
18 5 876
5 19 55
19 5 55
5 9 752
9 5 752
5 19 567
19 5 567
5 14 630
14 5 630
5 20 934
20 5 934
5 21 601
21 5 601
5 15 168
15 5 168
5 14 272
14 5 272
5 21 891
21 5 891
5 21 70
21 5 70
5 25 897
25 5 897
6 13 280
13 6 280
6 22 90
22 6 90
6 22 493
22 6 493
6 10 445
10 6 445
6 17 53
17 6 53
6 23 688
23 6 688
7 21 392
21 7 392
7 17 341
17 7 341
7 23 305
23 7 305
7 14 335
14 7 335
7 24 831
24 7 831
7 20 384
20 7 384
8 11 358
11 8 358
8 17 895
17 8 895
8 12 606
12 8 606
8 11 889
11 8 889
9 12 757
12 9 757
9 23 781
23 9 781
9 16 213
16 9 213
9 18 504
18 9 504
9 10 290
10 9 290
10 21 994
21 10 994
11 24 152
24 11 152
11 21 95
21 11 95
11 14 611
14 11 611
11 22 456
22 11 456
11 17 75
17 11 75
12 17 168
17 12 168
12 16 871
16 12 871
12 13 384
13 12 384
12 19 742
19 12 742
12 16 898
16 12 898
13 16 294
16 13 294
14 15 695
15 14 695
14 18 420
18 14 420
15 22 211
22 15 211
15 22 170
22 15 170
16 25 126
25 16 126
16 23 721
23 16 721
16 19 264
19 16 264
16 19 819
19 16 819
16 19 775
19 16 775
16 19 215
19 16 215
17 24 396
24 17 396
17 20 553
20 17 553
18 19 358
19 18 358
19 23 71
23 19 71
19 20 98
20 19 98
19 23 87
23 19 87
19 21 431
21 19 431
19 22 56
22 19 56
20 20 466
20 20 466
21 22 349
22 21 349
24 25 445
25 24 445
24 25 840
25 24 840
