79

0 1 426
1 0 426
0 8 104
8 0 104
0 17 815
17 0 815
0 28 694
28 0 694
0 71 61
71 0 61
0 61 866
61 0 866
0 71 353
71 0 353
0 21 448
21 0 448
0 62 661
62 0 661
0 25 946
25 0 946
0 8 923
8 0 923
0 65 789
65 0 789
0 46 277
46 0 277
0 68 425
68 0 425
0 32 801
32 0 801
0 14 656
14 0 656
0 8 962
8 0 962
0 23 909
23 0 909
0 43 714
43 0 714
0 71 621
71 0 621
0 32 679
32 0 679
0 68 185
68 0 185
0 66 117
66 0 117
0 21 795
21 0 795
0 77 116
77 0 116
0 31 21
31 0 21
0 75 583
75 0 583
0 7 505
7 0 505
0 18 471
18 0 471
0 27 766
27 0 766
0 38 221
38 0 221
1 2 797
2 1 797
1 13 327
13 1 327
1 27 121
27 1 121
1 59 798
59 1 798
1 70 25
70 1 25
1 62 238
62 1 238
1 13 927
13 1 927
1 24 689
24 1 689
1 71 829
71 1 829
1 18 179
18 1 179
1 5 394
5 1 394
1 55 963
55 1 963
1 43 514
43 1 514
1 63 162
63 1 162
1 21 217
21 1 217
1 42 474
42 1 474
1 12 487
12 1 487
1 30 931
30 1 931
1 5 884
5 1 884
1 41 106
41 1 106
1 47 413
47 1 413
2 3 600
3 2 600
2 4 911
4 2 911
2 6 609
6 2 609
2 20 194
20 2 194
2 7 721
7 2 721
2 19 812
19 2 812
2 48 904
48 2 904
2 27 655
27 2 655
2 46 590
46 2 590
2 50 576
50 2 576
2 58 132
58 2 132
2 64 806
64 2 806
2 6 225
6 2 225
2 31 196
31 2 196
2 28 494
28 2 494
2 78 827
78 2 827
2 3 749
3 2 749
2 65 75
65 2 75
2 31 630
31 2 630
2 8 701
8 2 701
2 20 89
20 2 89
2 12 887
12 2 887
2 56 98
56 2 98
2 52 494
52 2 494
2 29 268
29 2 268
3 16 893
16 3 893
3 22 313
22 3 313
3 14 635
14 3 635
3 17 322
17 3 322
3 34 803
34 3 803
3 33 295
33 3 295
3 7 956
7 3 956
3 17 726
17 3 726
3 59 533
59 3 533
3 30 357
30 3 357
3 28 194
28 3 194
3 56 471
56 3 471
3 8 741
8 3 741
3 40 488
40 3 488
3 63 882
63 3 882
3 41 810
41 3 810
4 5 807
5 4 807
4 7 115
7 4 115
4 10 584
10 4 584
4 11 180
11 4 180
4 64 760
64 4 760
4 75 391
75 4 391
4 11 242
11 4 242
4 12 957
12 4 957
4 38 609
38 4 609
4 53 589
53 4 589
4 11 522
11 4 522
4 72 409
72 4 409
4 53 306
53 4 306
4 21 40
21 4 40
4 61 517
61 4 517
4 10 159
10 4 159
4 6 15
6 4 15
4 16 273
16 4 273
4 69 474
69 4 474
4 8 489
8 4 489
4 71 408
71 4 408
4 73 263
73 4 263
4 60 303
60 4 303
4 5 375
5 4 375
5 9 413
9 5 413
5 12 201
12 5 201
5 21 983
21 5 983
5 39 834
39 5 834
5 5 17
5 5 17
5 45 237
45 5 237
5 25 477
25 5 477
5 23 129
23 5 129
5 62 333
62 5 333
5 68 276
68 5 276
5 53 616
53 5 616
5 12 433
12 5 433
5 41 137
41 5 137
5 71 193
71 5 193
5 56 220
56 5 220
5 61 951
61 5 951
5 77 260
77 5 260
5 11 936
11 5 936
5 8 115
8 5 115
5 14 889
14 5 889
5 22 424
22 5 424
5 40 791
40 5 791
5 28 914
28 5 914
5 71 246
71 5 246
5 26 58
26 5 58
5 72 765
72 5 765
5 76 160
76 5 160
5 57 690
57 5 690
5 36 47
36 5 47
5 33 290
33 5 290
5 34 204
34 5 204
5 18 624
18 5 624
5 76 203
76 5 203
5 27 192
27 5 192
5 69 2
69 5 2
5 62 452
62 5 452
5 63 89
63 5 89
5 73 183
73 5 183
6 33 239
33 6 239
6 47 775
47 6 775
6 59 984
59 6 984
6 59 493
59 6 493
6 78 777
78 6 777
6 77 98
77 6 98
6 74 449
74 6 449
6 51 787
51 6 787
6 17 208
17 6 208
6 36 74
36 6 74
6 36 882
36 6 882
6 34 210
34 6 210
6 28 118
28 6 118
6 41 451
41 6 451
6 59 394
59 6 394
6 56 710
56 6 710
6 75 228
75 6 228
6 41 275
41 6 275
6 38 769
38 6 769
6 54 912
54 6 912
6 35 75
35 6 75
6 65 7
65 6 7
6 59 379
59 6 379
6 25 189
25 6 189
6 8 333
8 6 333
6 23 505
23 6 505
7 15 590
15 7 590
7 43 276
43 7 276
7 53 840
53 7 840
7 60 910
60 7 910
7 46 556
46 7 556
7 72 115
72 7 115
7 63 780
63 7 780
7 32 856
32 7 856
7 54 560
54 7 560
7 65 716
65 7 716
7 74 173
74 7 173
7 52 772
52 7 772
7 11 326
11 7 326
7 17 959
17 7 959
7 71 511
71 7 511
7 19 811
19 7 811
7 12 773
12 7 773
7 31 944
31 7 944
7 57 620
57 7 620
7 49 610
49 7 610
7 68 234
68 7 234
7 34 562
34 7 562
7 56 616
56 7 616
7 66 593
66 7 593
7 51 91
51 7 91
7 47 381
47 7 381
7 61 317
61 7 317
8 70 880
70 8 880
8 15 684
15 8 684
8 31 748
31 8 748
8 72 175
72 8 175
8 46 970
46 8 970
8 45 328
45 8 328
8 29 104
29 8 104
8 19 296
19 8 296
8 71 240
71 8 240
8 61 89
61 8 89
8 9 8
9 8 8
8 53 378
53 8 378
8 74 656
74 8 656
8 63 501
63 8 501
8 32 117
32 8 117
8 18 387
18 8 387
8 14 353
14 8 353
9 14 569
14 9 569
9 42 469
42 9 469
9 66 740
66 9 740
9 20 947
20 9 947
9 21 811
21 9 811
9 21 880
21 9 880
9 45 992
45 9 992
9 74 114
74 9 114
9 29 221
29 9 221
9 77 379
77 9 379
9 33 604
33 9 604
10 23 1000
23 10 1000
10 25 33
25 10 33
10 25 470
25 10 470
10 54 931
54 10 931
10 13 285
13 10 285
10 51 308
51 10 308
10 17 971
17 10 971
10 15 608
15 10 608
10 56 355
56 10 355
10 20 735
20 10 735
10 29 478
29 10 478
10 23 269
23 10 269
10 68 626
68 10 626
10 28 746
28 10 746
10 17 555
17 10 555
10 44 581
44 10 581
10 64 224
64 10 224
11 41 1000
41 11 1000
11 30 974
30 11 974
11 71 468
71 11 468
11 13 772
13 11 772
11 53 917
53 11 917
11 63 485
63 11 485
11 24 956
24 11 956
11 27 848
27 11 848
11 67 666
67 11 666
11 76 22
76 11 22
11 68 992
68 11 992
11 47 551
47 11 551
11 41 522
41 11 522
11 30 94
30 11 94
11 19 892
19 11 892
11 74 67
74 11 67
11 23 88
23 11 88
11 68 58
68 11 58
11 55 604
55 11 604
11 40 66
40 11 66
11 69 90
69 11 90
11 76 614
76 11 614
11 73 621
73 11 621
11 77 34
77 11 34
12 18 483
18 12 483
12 29 151
29 12 151
12 16 834
16 12 834
12 30 305
30 12 305
12 43 717
43 12 717
12 60 749
60 12 749
12 26 135
26 12 135
12 78 431
78 12 431
12 14 204
14 12 204
12 24 421
24 12 421
12 45 949
45 12 949
12 65 822
65 12 822
12 53 988
53 12 988
12 42 134
42 12 134
12 28 255
28 12 255
12 60 326
60 12 326
12 37 10
37 12 10
12 63 870
63 12 870
12 35 998
35 12 998
12 59 394
59 12 394
13 32 78
32 13 78
13 71 400
71 13 400
13 75 710
75 13 710
13 44 134
44 13 134
13 48 341
48 13 341
13 63 139
63 13 139
13 24 916
24 13 916
13 71 586
71 13 586
13 39 475
39 13 475
13 29 396
29 13 396
13 33 365
33 13 365
13 43 916
43 13 916
13 39 810
39 13 810
13 47 169
47 13 169
13 13 566
13 13 566
13 45 142
45 13 142
13 22 489
22 13 489
13 33 501
33 13 501
13 21 719
21 13 719
13 78 117
78 13 117
13 72 887
72 13 887
13 25 914
25 13 914
13 30 828
30 13 828
13 45 934
45 13 934
13 17 105
17 13 105
13 38 927
38 13 927
13 78 464
78 13 464
14 31 971
31 14 971
14 43 760
43 14 760
14 29 893
29 14 893
14 73 950
73 14 950
14 26 742
26 14 742
14 49 389
49 14 389
14 61 755
61 14 755
14 26 288
26 14 288
14 21 976
21 14 976
14 19 388
19 14 388
14 56 288
56 14 288
14 69 789
69 14 789
14 71 588
71 14 588
14 59 673
59 14 673
14 30 769
30 14 769
14 72 319
72 14 319
14 31 225
31 14 225
14 50 322
50 14 322
14 24 674
24 14 674
15 26 124
26 15 124
15 34 426
34 15 426
15 48 385
48 15 385
15 75 474
75 15 474
15 32 800
32 15 800
15 23 325
23 15 325
15 77 991
77 15 991
15 62 52
62 15 52
15 58 583
58 15 583
15 71 801
71 15 801
15 75 831
75 15 831
15 37 603
37 15 603
15 49 995
49 15 995
15 50 29
50 15 29
15 40 775
40 15 775
15 73 726
73 15 726
15 45 200
45 15 200
15 31 3
31 15 3
15 46 549
46 15 549
15 18 759
18 15 759
16 19 190
19 16 190
16 63 627
63 16 627
16 64 591
64 16 591
16 65 429
65 16 429
16 72 118
72 16 118
16 21 709
21 16 709
16 48 516
48 16 516
16 30 309
30 16 309
16 59 658
59 16 658
16 75 595
75 16 595
16 74 218
74 16 218
16 60 792
60 16 792
16 28 667
28 16 667
16 21 367
21 16 367
16 24 260
24 16 260
16 23 607
23 16 607
16 68 115
68 16 115
16 78 418
78 16 418
16 39 612
39 16 612
16 63 12
63 16 12
16 65 530
65 16 530
16 70 448
70 16 448
17 42 436
42 17 436
17 78 283
78 17 283
17 23 286
23 17 286
17 27 666
27 17 666
17 62 670
62 17 670
17 33 794
33 17 794
17 22 728
22 17 728
17 19 921
19 17 921
17 39 44
39 17 44
17 68 23
68 17 23
17 57 681
57 17 681
17 51 687
51 17 687
17 62 448
62 17 448
17 45 144
45 17 144
17 26 328
26 17 328
17 51 857
51 17 857
17 34 118
34 17 118
17 47 760
47 17 760
17 33 654
33 17 654
18 52 638
52 18 638
18 54 660
54 18 660
18 57 659
57 18 659
18 77 435
77 18 435
18 78 196
78 18 196
18 68 393
68 18 393
18 65 882
65 18 882
18 55 153
55 18 153
18 78 401
78 18 401
18 75 328
75 18 328
18 35 717
35 18 717
18 46 291
46 18 291
18 40 522
40 18 522
18 35 413
35 18 413
18 32 889
32 18 889
18 53 874
53 18 874
18 72 99
72 18 99
18 46 774
46 18 774
18 30 930
30 18 930
18 68 923
68 18 923
19 25 382
25 19 382
19 25 357
25 19 357
19 44 72
44 19 72
19 50 905
50 19 905
19 45 817
45 19 817
19 33 600
33 19 600
19 55 668
55 19 668
19 20 137
20 19 137
19 59 318
59 19 318
19 61 555
61 19 555
19 21 168
21 19 168
19 67 328
67 19 328
19 39 449
39 19 449
20 40 101
40 20 101
20 64 725
64 20 725
20 75 324
75 20 324
20 77 719
77 20 719
20 27 744
27 20 744
20 62 584
62 20 584
20 48 321
48 20 321
20 71 341
71 20 341
20 76 586
76 20 586
20 38 863
38 20 863
20 34 247
34 20 247
20 42 460
42 20 460
20 69 219
69 20 219
20 60 461
60 20 461
20 37 28
37 20 28
20 52 946
52 20 946
21 24 3
24 21 3
21 37 453
37 21 453
21 38 477
38 21 477
21 66 141
66 21 141
21 26 410
26 21 410
21 21 22
21 21 22
21 25 801
25 21 801
21 37 414
37 21 414
21 76 904
76 21 904
21 52 915
52 21 915
21 75 423
75 21 423
21 22 509
22 21 509
21 64 775
64 21 775
21 55 154
55 21 154
21 63 159
63 21 159
21 35 24
35 21 24
21 61 667
61 21 667
21 24 891
24 21 891
21 59 635
59 21 635
22 50 291
50 22 291
22 67 368
67 22 368
22 77 115
77 22 115
22 67 875
67 22 875
22 78 584
78 22 584
22 39 741
39 22 741
22 48 871
48 22 871
22 51 671
51 22 671
22 63 618
63 22 618
22 62 381
62 22 381
22 51 131
51 22 131
22 65 200
65 22 200
22 63 899
63 22 899
22 77 320
77 22 320
22 72 316
72 22 316
22 42 425
42 22 425
22 57 677
57 22 677
22 41 678
41 22 678
22 78 165
78 22 165
22 68 582
68 22 582
22 59 137
59 22 137
23 30 78
30 23 78
23 31 935
31 23 935
23 35 373
35 23 373
23 60 52
60 23 52
23 63 552
63 23 552
23 35 170
35 23 170
23 68 354
68 23 354
23 62 620
62 23 620
23 62 886
62 23 886
23 35 249
35 23 249
23 29 526
29 23 526
23 28 366
28 23 366
23 57 305
57 23 305
23 51 753
51 23 753
23 69 508
69 23 508
23 69 821
69 23 821
23 45 281
45 23 281
23 29 270
29 23 270
23 45 857
45 23 857
23 62 735
62 23 735
23 68 857
68 23 857
23 49 813
49 23 813
23 53 317
53 23 317
23 45 250
45 23 250
24 45 29
45 24 29
24 77 857
77 24 857
24 35 918
35 24 918
24 67 558
67 24 558
24 48 284
48 24 284
24 42 362
42 24 362
24 73 395
73 24 395
24 77 579
77 24 579
24 26 323
26 24 323
24 38 965
38 24 965
24 36 1000
36 24 1000
24 50 602
50 24 602
24 71 909
71 24 909
24 27 12
27 24 12
24 67 937
67 24 937
24 26 310
26 24 310
24 45 471
45 24 471
24 38 318
38 24 318
24 51 335
51 24 335
25 74 748
74 25 748
25 75 953
75 25 953
25 39 919
39 25 919
25 68 299
68 25 299
25 64 78
64 25 78
25 69 156
69 25 156
25 28 899
28 25 899
25 72 986
72 25 986
25 35 605
35 25 605
25 73 543
73 25 543
25 43 788
43 25 788
25 57 335
57 25 335
25 42 800
42 25 800
25 49 312
49 25 312
25 65 800
65 25 800
26 73 367
73 26 367
26 65 478
65 26 478
26 44 506
44 26 506
26 44 942
44 26 942
26 51 898
51 26 898
26 71 53
71 26 53
26 42 123
42 26 123
26 72 787
72 26 787
26 39 329
39 26 329
26 61 822
61 26 822
26 76 211
76 26 211
26 75 491
75 26 491
26 30 779
30 26 779
26 52 328
52 26 328
27 58 973
58 27 973
27 62 988
62 27 988
27 58 287
58 27 287
27 41 170
41 27 170
27 45 107
45 27 107
27 54 949
54 27 949
27 39 496
39 27 496
27 69 665
69 27 665
27 34 954
34 27 954
27 73 339
73 27 339
27 54 50
54 27 50
27 74 863
74 27 863
27 74 734
74 27 734
27 70 969
70 27 969
27 78 305
78 27 305
27 36 68
36 27 68
27 48 13
48 27 13
28 63 308
63 28 308
28 77 797
77 28 797
28 63 144
63 28 144
28 28 724
28 28 724
28 34 427
34 28 427
28 57 531
57 28 531
28 31 344
31 28 344
28 51 539
51 28 539
28 48 36
48 28 36
28 67 487
67 28 487
28 64 277
64 28 277
28 62 741
62 28 741
28 42 825
42 28 825
28 71 866
71 28 866
28 62 432
62 28 432
28 57 161
57 28 161
28 33 771
33 28 771
28 31 60
31 28 60
29 41 414
41 29 414
29 70 309
70 29 309
29 78 683
78 29 683
29 75 742
75 29 742
29 73 403
73 29 403
29 55 548
55 29 548
29 37 191
37 29 191
29 30 731
30 29 731
29 78 937
78 29 937
29 64 497
64 29 497
29 77 498
77 29 498
29 33 47
33 29 47
29 49 664
49 29 664
29 45 595
45 29 595
29 49 730
49 29 730
29 48 697
48 29 697
30 53 844
53 30 844
30 35 224
35 30 224
30 52 578
52 30 578
30 54 860
54 30 860
30 74 147
74 30 147
30 74 447
74 30 447
30 45 313
45 30 313
30 43 806
43 30 806
30 47 70
47 30 70
30 33 200
33 30 200
30 53 470
53 30 470
30 47 998
47 30 998
30 48 963
48 30 963
30 63 102
63 30 102
30 54 390
54 30 390
31 45 877
45 31 877
31 59 404
59 31 404
31 33 117
33 31 117
31 37 60
37 31 60
31 58 963
58 31 963
31 37 312
37 31 312
31 38 105
38 31 105
31 51 795
51 31 795
31 77 486
77 31 486
31 66 624
66 31 624
31 67 181
67 31 181
32 64 436
64 32 436
32 41 286
41 32 286
32 42 320
42 32 320
32 48 959
48 32 959
32 72 765
72 32 765
32 69 90
69 32 90
32 44 250
44 32 250
32 66 156
66 32 156
32 36 495
36 32 495
32 45 122
45 32 122
32 35 232
35 32 232
33 40 298
40 33 298
33 77 916
77 33 916
33 61 854
61 33 854
33 35 350
35 33 350
33 44 666
44 33 666
33 35 972
35 33 972
33 78 457
78 33 457
33 55 697
55 33 697
33 45 734
45 33 734
33 49 776
49 33 776
33 43 998
43 33 998
34 36 345
36 34 345
34 74 655
74 34 655
34 74 896
74 34 896
34 43 960
43 34 960
34 56 678
56 34 678
34 62 328
62 34 328
34 44 800
44 34 800
34 44 771
44 34 771
34 61 967
61 34 967
34 58 856
58 34 856
34 48 754
48 34 754
34 60 917
60 34 917
34 43 571
43 34 571
34 69 183
69 34 183
34 58 561
58 34 561
34 66 364
66 34 364
35 74 747
74 35 747
35 75 890
75 35 890
35 60 885
60 35 885
35 59 401
59 35 401
35 37 962
37 35 962
35 66 204
66 35 204
35 60 270
60 35 270
35 59 528
59 35 528
35 40 228
40 35 228
35 42 561
42 35 561
35 41 217
41 35 217
35 49 190
49 35 190
35 59 477
59 35 477
35 39 240
39 35 240
36 47 95
47 36 95
36 76 294
76 36 294
36 46 18
46 36 18
36 43 613
43 36 613
36 38 502
38 36 502
36 60 332
60 36 332
36 47 543
47 36 543
36 52 448
52 36 448
36 77 882
77 36 882
36 69 147
69 36 147
36 62 798
62 36 798
36 36 135
36 36 135
37 44 399
44 37 399
37 77 793
77 37 793
37 38 858
38 37 858
37 71 164
71 37 164
37 39 717
39 37 717
37 47 389
47 37 389
37 71 212
71 37 212
37 51 45
51 37 45
37 49 22
49 37 22
37 42 688
42 37 688
37 38 203
38 37 203
37 66 714
66 37 714
37 45 921
45 37 921
38 61 328
61 38 328
38 50 200
50 38 200
38 39 933
39 38 933
38 49 234
49 38 234
38 46 389
46 38 389
38 54 986
54 38 986
38 63 299
63 38 299
38 62 829
62 38 829
38 77 331
77 38 331
38 60 290
60 38 290
38 46 674
46 38 674
38 69 356
69 38 356
38 67 294
67 38 294
39 44 15
44 39 15
39 51 149
51 39 149
39 55 597
55 39 597
39 47 940
47 39 940
39 52 532
52 39 532
39 52 319
52 39 319
39 76 43
76 39 43
39 65 1
65 39 1
39 71 946
71 39 946
39 44 34
44 39 34
40 56 224
56 40 224
40 45 179
45 40 179
40 74 253
74 40 253
40 73 604
73 40 604
40 52 512
52 40 512
40 41 246
41 40 246
40 46 312
46 40 312
40 74 342
74 40 342
40 53 2
53 40 2
40 70 2
70 40 2
40 78 265
78 40 265
40 73 372
73 40 372
41 58 837
58 41 837
41 59 30
59 41 30
41 60 970
60 41 970
41 77 419
77 41 419
41 68 102
68 41 102
41 46 247
46 41 247
41 51 732
51 41 732
41 58 35
58 41 35
41 57 3
57 41 3
41 66 15
66 41 15
42 55 596
55 42 596
42 74 78
74 42 78
42 57 767
57 42 767
42 44 121
44 42 121
42 51 514
51 42 514
42 49 315
49 42 315
42 57 404
57 42 404
42 70 73
70 42 73
42 67 423
67 42 423
42 45 911
45 42 911
42 56 943
56 42 943
43 71 639
71 43 639
43 47 856
47 43 856
43 61 904
61 43 904
43 54 794
54 43 794
43 52 366
52 43 366
43 62 276
62 43 276
43 71 782
71 43 782
43 61 630
61 43 630
43 59 804
59 43 804
43 46 858
46 43 858
43 53 382
53 43 382
44 60 782
60 44 782
44 50 527
50 44 527
44 74 249
74 44 249
44 61 899
61 44 899
44 67 85
67 44 85
44 50 925
50 44 925
44 61 633
61 44 633
45 46 646
46 45 646
45 63 599
63 45 599
45 70 373
70 45 373
45 53 602
53 45 602
45 51 83
51 45 83
45 62 667
62 45 667
45 63 264
63 45 264
45 55 987
55 45 987
45 78 772
78 45 772
45 58 187
58 45 187
45 47 945
47 45 945
45 46 446
46 45 446
45 65 922
65 45 922
45 64 309
64 45 309
45 48 585
48 45 585
45 57 868
57 45 868
46 66 145
66 46 145
46 49 31
49 46 31
46 78 103
78 46 103
46 78 191
78 46 191
46 63 796
63 46 796
46 55 406
55 46 406
46 78 178
78 46 178
46 49 124
49 46 124
47 69 945
69 47 945
47 73 351
73 47 351
47 49 48
49 47 48
47 52 314
52 47 314
47 74 603
74 47 603
47 61 127
61 47 127
47 73 367
73 47 367
48 49 899
49 48 899
48 71 750
71 48 750
48 54 875
54 48 875
48 52 145
52 48 145
48 56 393
56 48 393
48 64 685
64 48 685
48 58 351
58 48 351
48 57 55
57 48 55
49 56 283
56 49 283
49 60 33
60 49 33
49 65 885
65 49 885
49 76 307
76 49 307
49 60 720
60 49 720
49 73 115
73 49 115
49 72 842
72 49 842
49 61 93
61 49 93
49 71 828
71 49 828
49 61 967
61 49 967
49 59 77
59 49 77
50 69 989
69 50 989
50 71 120
71 50 120
50 67 53
67 50 53
50 72 637
72 50 637
50 74 726
74 50 726
50 59 749
59 50 749
51 78 522
78 51 522
51 68 704
68 51 704
51 56 915
56 51 915
51 54 195
54 51 195
51 68 95
68 51 95
51 62 560
62 51 560
51 70 329
70 51 329
52 76 116
76 52 116
52 66 649
66 52 649
53 57 74
57 53 74
53 69 858
69 53 858
53 76 495
76 53 495
53 58 449
58 53 449
53 75 47
75 53 47
53 61 414
61 53 414
53 77 693
77 53 693
53 68 996
68 53 996
53 69 799
69 53 799
53 72 432
72 53 432
53 60 243
60 53 243
53 55 148
55 53 148
53 74 41
74 53 41
54 73 598
73 54 598
54 62 236
62 54 236
54 64 354
64 54 354
54 78 382
78 54 382
54 65 844
65 54 844
54 55 953
55 54 953
54 65 568
65 54 568
54 77 632
77 54 632
55 55 17
55 55 17
55 59 508
59 55 508
55 74 763
74 55 763
55 56 389
56 55 389
56 58 779
58 56 779
56 69 992
69 56 992
56 57 52
57 56 52
56 67 487
67 56 487
56 78 201
78 56 201
57 69 224
69 57 224
57 60 118
60 57 118
57 68 56
68 57 56
57 68 703
68 57 703
57 73 996
73 57 996
57 73 161
73 57 161
57 78 743
78 57 743
57 65 385
65 57 385
58 73 648
73 58 648
58 60 861
60 58 861
58 65 204
65 58 204
58 67 524
67 58 524
58 76 861
76 58 861
58 76 609
76 58 609
59 66 666
66 59 666
59 61 467
61 59 467
59 73 189
73 59 189
59 64 31
64 59 31
59 70 138
70 59 138
59 68 816
68 59 816
59 73 375
73 59 375
59 74 93
74 59 93
60 72 952
72 60 952
60 78 70
78 60 70
60 71 666
71 60 666
60 64 994
64 60 994
60 71 282
71 60 282
60 62 409
62 60 409
61 75 550
75 61 550
61 67 351
67 61 351
61 67 107
67 61 107
61 63 351
63 61 351
61 78 170
78 61 170
62 67 129
67 62 129
62 67 235
67 62 235
62 62 622
62 62 622
62 65 349
65 62 349
63 65 190
65 63 190
63 76 704
76 63 704
63 71 247
71 63 247
63 74 169
74 63 169
64 69 216
69 64 216
64 76 706
76 64 706
64 67 441
67 64 441
64 65 594
65 64 594
64 70 758
70 64 758
64 66 647
66 64 647
64 73 245
73 64 245
64 77 331
77 64 331
65 68 708
68 65 708
65 66 751
66 65 751
66 68 629
68 66 629
66 75 855
75 66 855
66 72 179
72 66 179
66 72 169
72 66 169
67 75 913
75 67 913
67 75 17
75 67 17
67 75 524
75 67 524
67 74 774
74 67 774
67 74 961
74 67 961
68 72 847
72 68 847
69 78 873
78 69 873
69 70 919
70 69 919
69 78 498
78 69 498
69 72 742
72 69 742
70 78 754
78 70 754
70 76 169
76 70 169
71 78 956
78 71 956
71 73 783
73 71 783
72 75 270
75 72 270
73 75 188
75 73 188
73 74 864
74 73 864
73 75 458
75 73 458
74 78 771
78 74 771
75 77 736
77 75 736
75 75 16
75 75 16
75 76 365
76 75 365
76 78 334
78 76 334
