89

0 1 57
1 0 57
0 8 244
8 0 244
0 10 597
10 0 597
0 15 43
15 0 43
0 30 592
30 0 592
0 34 158
34 0 158
0 72 836
72 0 836
0 86 540
86 0 540
0 72 512
72 0 512
0 43 80
43 0 80
0 44 959
44 0 959
0 37 95
37 0 95
0 62 270
62 0 270
0 68 644
68 0 644
0 60 291
60 0 291
0 23 681
23 0 681
0 69 187
69 0 187
0 84 140
84 0 140
0 81 491
81 0 491
0 81 257
81 0 257
0 5 675
5 0 675
1 2 53
2 1 53
1 3 219
3 1 219
1 29 182
29 1 182
1 37 784
37 1 784
1 46 842
46 1 842
1 70 834
70 1 834
1 35 213
35 1 213
1 38 473
38 1 473
1 42 151
42 1 151
1 45 445
45 1 445
1 66 856
66 1 856
1 12 817
12 1 817
1 33 284
33 1 284
1 66 440
66 1 440
1 51 699
51 1 699
1 50 454
50 1 454
1 23 93
23 1 93
1 10 514
10 1 514
2 17 972
17 2 972
2 23 97
23 2 97
2 33 875
33 2 875
2 4 643
4 2 643
2 24 947
24 2 947
2 27 785
27 2 785
2 76 329
76 2 329
2 60 869
60 2 869
2 74 589
74 2 589
2 13 913
13 2 913
2 54 869
54 2 869
2 82 868
82 2 868
2 62 946
62 2 946
2 60 847
60 2 847
2 47 544
47 2 544
2 37 634
37 2 634
2 73 360
73 2 360
2 53 440
53 2 440
2 40 785
40 2 785
2 75 129
75 2 129
2 48 680
48 2 680
2 36 145
36 2 145
3 4 95
4 3 95
3 5 590
5 3 590
3 20 327
20 3 327
3 25 84
25 3 84
3 70 385
70 3 385
3 66 316
66 3 316
3 78 164
78 3 164
3 55 799
55 3 799
3 39 390
39 3 390
3 11 84
11 3 84
3 46 758
46 3 758
3 25 551
25 3 551
3 19 283
19 3 283
3 35 425
35 3 425
3 60 298
60 3 298
3 66 722
66 3 722
3 36 969
36 3 969
3 46 143
46 3 143
3 84 593
84 3 593
3 72 338
72 3 338
3 60 18
60 3 18
3 69 238
69 3 238
3 42 569
42 3 569
3 21 812
21 3 812
3 17 788
17 3 788
4 6 338
6 4 338
4 11 805
11 4 805
4 13 467
13 4 467
4 16 200
16 4 200
4 19 476
19 4 476
4 76 8
76 4 8
4 47 226
47 4 226
4 15 129
15 4 129
4 35 743
35 4 743
4 10 594
10 4 594
4 66 408
66 4 408
4 84 677
84 4 677
4 28 400
28 4 400
4 9 763
9 4 763
4 5 504
5 4 504
4 87 657
87 4 657
4 17 363
17 4 363
4 27 283
27 4 283
4 62 46
62 4 46
4 40 970
40 4 970
4 41 153
41 4 153
5 7 787
7 5 787
5 68 715
68 5 715
5 54 193
54 5 193
5 21 297
21 5 297
5 51 903
51 5 903
5 86 518
86 5 518
5 45 309
45 5 309
5 31 277
31 5 277
5 32 256
32 5 256
5 39 814
39 5 814
5 23 647
23 5 647
5 47 756
47 5 756
5 46 597
46 5 597
5 67 686
67 5 686
5 61 330
61 5 330
5 24 944
24 5 944
5 67 385
67 5 385
5 11 852
11 5 852
5 27 195
27 5 195
5 30 761
30 5 761
6 12 706
12 6 706
6 33 440
33 6 440
6 56 503
56 6 503
6 54 908
54 6 908
6 43 279
43 6 279
6 11 359
11 6 359
6 18 106
18 6 106
6 74 710
74 6 710
6 39 704
39 6 704
6 33 629
33 6 629
6 67 573
67 6 573
6 65 823
65 6 823
6 65 685
65 6 685
6 24 72
24 6 72
6 88 580
88 6 580
6 49 602
49 6 602
6 78 270
78 6 270
6 60 951
60 6 951
6 77 235
77 6 235
6 84 795
84 6 795
6 78 780
78 6 780
6 48 348
48 6 348
6 17 896
17 6 896
7 9 327
9 7 327
7 50 969
50 7 969
7 35 150
35 7 150
7 37 355
37 7 355
7 14 4
14 7 4
7 71 235
71 7 235
7 16 871
16 7 871
7 51 208
51 7 208
7 12 475
12 7 475
7 88 281
88 7 281
7 18 287
18 7 287
7 33 967
33 7 967
7 63 645
63 7 645
7 58 891
58 7 891
7 78 713
78 7 713
7 46 273
46 7 273
7 86 938
86 7 938
7 46 496
46 7 496
8 38 932
38 8 932
8 43 362
43 8 362
8 65 609
65 8 609
8 37 743
37 8 743
8 52 444
52 8 444
8 83 382
83 8 382
8 16 297
16 8 297
8 59 652
59 8 652
8 70 237
70 8 237
8 47 494
47 8 494
8 47 778
47 8 778
8 63 99
63 8 99
8 34 657
34 8 657
8 50 287
50 8 287
8 46 776
46 8 776
8 11 586
11 8 586
8 49 474
49 8 474
8 84 432
84 8 432
8 18 782
18 8 782
9 32 258
32 9 258
9 75 87
75 9 87
9 36 842
36 9 842
9 38 672
38 9 672
9 65 822
65 9 822
9 82 105
82 9 105
9 65 615
65 9 615
9 71 232
71 9 232
9 14 62
14 9 62
9 19 408
19 9 408
9 16 447
16 9 447
9 11 43
11 9 43
9 46 82
46 9 82
9 26 122
26 9 122
10 41 964
41 10 964
10 88 791
88 10 791
10 46 579
46 10 579
10 74 303
74 10 303
10 74 710
74 10 710
10 56 152
56 10 152
10 10 556
10 10 556
10 51 73
51 10 73
10 82 722
82 10 722
10 81 515
81 10 515
10 84 283
84 10 283
10 47 645
47 10 645
10 11 230
11 10 230
10 83 900
83 10 900
10 87 780
87 10 780
10 11 111
11 10 111
10 53 266
53 10 266
10 30 405
30 10 405
11 18 898
18 11 898
11 24 269
24 11 269
11 42 214
42 11 214
11 58 502
58 11 502
11 17 34
17 11 34
11 80 687
80 11 687
11 50 297
50 11 297
11 55 597
55 11 597
11 50 158
50 11 158
11 59 74
59 11 74
11 56 67
56 11 67
11 51 840
51 11 840
11 47 338
47 11 338
11 14 749
14 11 749
11 22 53
22 11 53
11 35 31
35 11 31
11 46 475
46 11 475
11 36 317
36 11 317
11 79 667
79 11 667
11 32 362
32 11 362
12 32 465
32 12 465
12 36 827
36 12 827
12 40 808
40 12 808
12 67 292
67 12 292
12 41 59
41 12 59
12 64 660
64 12 660
12 68 101
68 12 101
12 26 742
26 12 742
13 14 995
14 13 995
13 27 390
27 13 390
13 31 726
31 13 726
13 65 849
65 13 849
13 88 859
88 13 859
13 29 565
29 13 565
13 23 266
23 13 266
13 26 644
26 13 644
13 61 811
61 13 811
13 24 775
24 13 775
13 36 105
36 13 105
13 50 70
50 13 70
13 75 844
75 13 844
13 56 452
56 13 452
13 34 333
34 13 333
13 42 258
42 13 258
13 49 616
49 13 616
13 53 11
53 13 11
14 79 476
79 14 476
14 31 287
31 14 287
14 23 105
23 14 105
14 65 978
65 14 978
14 71 836
71 14 836
14 60 382
60 14 382
14 65 518
65 14 518
14 76 447
76 14 447
14 78 537
78 14 537
14 32 967
32 14 967
14 59 490
59 14 490
14 77 949
77 14 949
14 23 760
23 14 760
14 41 3
41 14 3
14 26 901
26 14 901
14 50 753
50 14 753
14 36 739
36 14 739
15 32 722
32 15 722
15 48 944
48 15 944
15 66 915
66 15 915
15 18 526
18 15 526
15 16 398
16 15 398
15 70 369
70 15 369
15 35 402
35 15 402
15 76 516
76 15 516
15 20 27
20 15 27
15 42 788
42 15 788
15 72 667
72 15 667
15 49 205
49 15 205
15 56 614
56 15 614
15 50 555
50 15 555
15 69 881
69 15 881
15 57 137
57 15 137
15 84 846
84 15 846
15 18 515
18 15 515
15 38 187
38 15 187
16 28 853
28 16 853
16 59 658
59 16 658
16 55 418
55 16 418
16 79 109
79 16 109
16 68 333
68 16 333
16 54 306
54 16 306
16 40 429
40 16 429
16 52 247
52 16 247
16 29 82
29 16 82
16 45 415
45 16 415
16 28 977
28 16 977
16 50 801
50 16 801
17 83 493
83 17 493
17 55 548
55 17 548
17 40 492
40 17 492
17 31 96
31 17 96
17 18 186
18 17 186
17 24 342
24 17 342
17 74 591
74 17 591
17 36 662
36 17 662
17 23 513
23 17 513
17 77 641
77 17 641
17 66 978
66 17 978
17 19 557
19 17 557
17 19 46
19 17 46
18 21 752
21 18 752
18 52 323
52 18 323
18 45 744
45 18 744
18 24 545
24 18 545
18 88 710
88 18 710
18 88 212
88 18 212
18 51 717
51 18 717
18 36 638
36 18 638
18 57 610
57 18 610
18 45 461
45 18 461
18 29 622
29 18 622
18 64 822
64 18 822
18 34 625
34 18 625
18 55 327
55 18 327
18 88 704
88 18 704
19 82 442
82 19 442
19 55 356
55 19 356
19 35 522
35 19 522
19 51 557
51 19 557
19 70 634
70 19 634
19 68 530
68 19 530
19 44 105
44 19 105
19 49 493
49 19 493
19 59 593
59 19 593
19 19 382
19 19 382
19 58 598
58 19 598
19 44 71
44 19 71
19 52 639
52 19 639
20 44 217
44 20 217
20 36 418
36 20 418
20 49 723
49 20 723
20 74 53
74 20 53
20 76 834
76 20 834
20 76 88
76 20 88
20 36 510
36 20 510
20 28 891
28 20 891
20 67 450
67 20 450
20 42 753
42 20 753
21 22 566
22 21 566
21 54 313
54 21 313
21 75 88
75 21 88
21 49 808
49 21 808
21 54 63
54 21 63
21 29 450
29 21 450
21 56 755
56 21 755
21 51 518
51 21 518
22 26 15
26 22 15
22 74 512
74 22 512
22 49 596
49 22 596
22 68 613
68 22 613
22 31 578
31 22 578
22 68 668
68 22 668
22 35 559
35 22 559
22 70 275
70 22 275
22 61 482
61 22 482
22 54 131
54 22 131
22 87 438
87 22 438
22 83 230
83 22 230
23 30 458
30 23 458
23 79 927
79 23 927
23 73 41
73 23 41
23 47 799
47 23 799
23 29 924
29 23 924
23 50 138
50 23 138
23 85 246
85 23 246
23 85 751
85 23 751
23 80 432
80 23 432
23 31 747
31 23 747
23 56 670
56 23 670
23 35 170
35 23 170
23 57 550
57 23 550
23 48 454
48 23 454
23 31 203
31 23 203
23 54 674
54 23 674
24 35 455
35 24 455
24 55 162
55 24 162
24 57 951
57 24 951
24 31 26
31 24 26
24 25 721
25 24 721
24 37 273
37 24 273
24 38 275
38 24 275
24 85 899
85 24 899
24 49 381
49 24 381
24 28 749
28 24 749
24 76 444
76 24 444
24 56 22
56 24 22
24 85 529
85 24 529
25 81 301
81 25 301
25 40 768
40 25 768
25 41 132
41 25 132
25 38 496
38 25 496
25 38 985
38 25 985
25 72 95
72 25 95
25 45 931
45 25 931
25 29 93
29 25 93
25 44 114
44 25 114
25 33 185
33 25 185
25 70 520
70 25 520
26 38 700
38 26 700
26 49 545
49 26 545
26 60 140
60 26 140
26 84 136
84 26 136
26 75 667
75 26 667
26 55 982
55 26 982
26 39 149
39 26 149
26 38 530
38 26 530
26 70 788
70 26 788
26 39 636
39 26 636
26 72 724
72 26 724
26 74 936
74 26 936
26 45 678
45 26 678
26 81 766
81 26 766
27 42 68
42 27 68
27 47 301
47 27 301
27 76 816
76 27 816
27 65 312
65 27 312
27 46 468
46 27 468
27 47 139
47 27 139
27 56 851
56 27 851
27 28 536
28 27 536
27 43 350
43 27 350
27 82 240
82 27 240
27 55 230
55 27 230
27 81 938
81 27 938
27 87 335
87 27 335
27 56 702
56 27 702
27 71 51
71 27 51
28 59 141
59 28 141
28 33 896
33 28 896
28 57 830
57 28 830
28 38 45
38 28 45
28 47 37
47 28 37
28 42 184
42 28 184
28 60 889
60 28 889
28 62 894
62 28 894
28 32 546
32 28 546
28 84 915
84 28 915
28 72 423
72 28 423
28 47 384
47 28 384
28 76 228
76 28 228
29 62 633
62 29 633
29 51 307
51 29 307
29 45 201
45 29 201
30 82 447
82 30 447
30 59 878
59 30 878
30 38 117
38 30 117
30 57 787
57 30 787
30 61 351
61 30 351
30 30 213
30 30 213
30 70 451
70 30 451
30 55 697
55 30 697
31 36 727
36 31 727
31 88 520
88 31 520
31 61 710
61 31 710
31 71 5
71 31 5
31 72 695
72 31 695
31 75 182
75 31 182
31 45 237
45 31 237
31 34 139
34 31 139
31 35 431
35 31 431
31 68 233
68 31 233
32 46 513
46 32 513
32 66 878
66 32 878
32 63 582
63 32 582
32 86 320
86 32 320
32 76 361
76 32 361
32 66 36
66 32 36
32 86 250
86 32 250
32 88 812
88 32 812
32 54 29
54 32 29
32 39 957
39 32 957
32 50 378
50 32 378
32 81 715
81 32 715
32 56 332
56 32 332
33 70 867
70 33 867
33 70 830
70 33 830
33 49 556
49 33 556
33 62 26
62 33 26
33 67 996
67 33 996
33 66 174
66 33 174
33 65 703
65 33 703
33 71 29
71 33 29
33 74 180
74 33 180
33 77 25
77 33 25
33 75 382
75 33 382
33 55 762
55 33 762
33 42 657
42 33 657
33 78 211
78 33 211
33 86 425
86 33 425
33 60 293
60 33 293
34 60 325
60 34 325
34 69 682
69 34 682
34 63 69
63 34 69
34 53 391
53 34 391
34 77 414
77 34 414
34 70 394
70 34 394
34 48 240
48 34 240
34 39 26
39 34 26
34 45 21
45 34 21
34 65 408
65 34 408
35 40 407
40 35 407
35 65 943
65 35 943
35 77 325
77 35 325
35 53 217
53 35 217
35 84 493
84 35 493
35 37 801
37 35 801
35 37 941
37 35 941
35 63 502
63 35 502
35 37 336
37 35 336
35 86 809
86 35 809
35 52 790
52 35 790
35 78 177
78 35 177
36 39 619
39 36 619
36 73 80
73 36 80
36 55 327
55 36 327
36 66 19
66 36 19
36 53 907
53 36 907
36 86 702
86 36 702
36 59 788
59 36 788
36 38 61
38 36 61
36 51 245
51 36 245
36 64 653
64 36 653
36 70 688
70 36 688
37 66 937
66 37 937
37 63 451
63 37 451
37 72 773
72 37 773
37 58 20
58 37 20
37 82 518
82 37 518
37 77 268
77 37 268
37 76 77
76 37 77
37 75 786
75 37 786
37 85 315
85 37 315
37 46 599
46 37 599
38 63 357
63 38 357
38 68 133
68 38 133
38 46 507
46 38 507
38 54 34
54 38 34
38 43 66
43 38 66
38 69 212
69 38 212
38 70 760
70 38 760
38 55 736
55 38 736
39 51 7
51 39 7
39 42 620
42 39 620
39 48 729
48 39 729
39 75 118
75 39 118
39 58 411
58 39 411
39 51 113
51 39 113
39 85 547
85 39 547
39 56 270
56 39 270
40 44 530
44 40 530
40 67 280
67 40 280
40 41 829
41 40 829
40 52 490
52 40 490
40 85 362
85 40 362
40 85 768
85 40 768
40 52 55
52 40 55
40 53 109
53 40 109
40 54 748
54 40 748
41 45 734
45 41 734
41 66 696
66 41 696
41 56 940
56 41 940
41 47 704
47 41 704
41 69 155
69 41 155
41 54 349
54 41 349
41 73 237
73 41 237
41 79 660
79 41 660
41 66 752
66 41 752
41 55 831
55 41 831
41 85 956
85 41 956
41 88 163
88 41 163
41 43 676
43 41 676
41 44 871
44 41 871
41 51 686
51 41 686
41 60 437
60 41 437
41 78 31
78 41 31
41 46 36
46 41 36
41 60 724
60 41 724
41 45 731
45 41 731
42 58 659
58 42 659
42 47 957
47 42 957
42 64 284
64 42 284
42 50 855
50 42 855
42 57 656
57 42 656
42 65 300
65 42 300
42 76 437
76 42 437
42 64 913
64 42 913
42 48 692
48 42 692
42 42 1
42 42 1
43 77 574
77 43 574
43 46 893
46 43 893
43 63 677
63 43 677
43 76 259
76 43 259
43 86 373
86 43 373
43 53 946
53 43 946
43 47 103
47 43 103
43 73 224
73 43 224
43 87 742
87 43 742
44 53 950
53 44 950
44 74 432
74 44 432
44 55 477
55 44 477
44 80 330
80 44 330
44 46 361
46 44 361
44 77 952
77 44 952
44 46 124
46 44 124
44 81 588
81 44 588
45 64 42
64 45 42
45 52 185
52 45 185
45 55 962
55 45 962
46 61 690
61 46 690
46 87 617
87 46 617
46 62 82
62 46 82
46 74 430
74 46 430
46 60 967
60 46 967
46 63 18
63 46 18
46 51 263
51 46 263
46 83 104
83 46 104
46 50 485
50 46 485
47 49 368
49 47 368
47 78 284
78 47 284
47 83 923
83 47 923
47 76 25
76 47 25
47 59 729
59 47 729
47 51 966
51 47 966
47 74 622
74 47 622
48 55 300
55 48 300
48 61 806
61 48 806
48 87 476
87 48 476
49 50 132
50 49 132
49 64 875
64 49 875
49 59 329
59 49 329
49 55 190
55 49 190
49 58 610
58 49 610
49 60 161
60 49 161
49 72 675
72 49 675
49 68 390
68 49 390
50 57 87
57 50 87
50 84 661
84 50 661
50 69 969
69 50 969
50 58 331
58 50 331
50 70 100
70 50 100
50 54 778
54 50 778
51 79 695
79 51 695
51 65 5
65 51 5
51 54 983
54 51 983
51 87 397
87 51 397
51 66 146
66 51 146
51 72 257
72 51 257
52 56 23
56 52 23
53 82 960
82 53 960
53 83 880
83 53 880
53 64 229
64 53 229
53 60 370
60 53 370
53 59 117
59 53 117
53 82 376
82 53 376
53 56 699
56 53 699
54 68 233
68 54 233
54 59 844
59 54 844
54 72 191
72 54 191
54 62 499
62 54 499
54 72 105
72 54 105
54 74 950
74 54 950
54 83 220
83 54 220
54 70 974
70 54 974
54 58 626
58 54 626
55 67 232
67 55 232
55 84 779
84 55 779
55 62 771
62 55 771
55 87 513
87 55 513
55 77 183
77 55 183
55 80 323
80 55 323
55 86 343
86 55 343
56 66 823
66 56 823
56 60 783
60 56 783
56 71 2
71 56 2
56 77 429
77 56 429
56 67 674
67 56 674
56 76 83
76 56 83
56 67 311
67 56 311
56 85 58
85 56 58
56 85 605
85 56 605
56 56 930
56 56 930
57 84 74
84 57 74
57 74 856
74 57 856
57 82 489
82 57 489
57 60 788
60 57 788
57 60 350
60 57 350
57 70 921
70 57 921
57 88 423
88 57 423
58 85 360
85 58 360
58 86 689
86 58 689
58 73 342
73 58 342
58 73 839
73 58 839
58 84 320
84 58 320
58 79 646
79 58 646
58 73 572
73 58 572
58 79 5
79 58 5
58 69 6
69 58 6
59 62 209
62 59 209
59 82 159
82 59 159
59 75 937
75 59 937
59 80 632
80 59 632
59 64 944
64 59 944
59 61 535
61 59 535
59 88 843
88 59 843
59 81 736
81 59 736
60 88 335
88 60 335
60 62 7
62 60 7
60 79 838
79 60 838
60 83 209
83 60 209
60 62 228
62 60 228
60 79 963
79 60 963
60 79 541
79 60 541
61 80 801
80 61 801
61 76 100
76 61 100
61 83 629
83 61 629
61 74 341
74 61 341
61 83 158
83 61 158
61 83 443
83 61 443
62 83 252
83 62 252
62 84 732
84 62 732
62 85 84
85 62 84
62 78 982
78 62 982
62 71 555
71 62 555
63 81 43
81 63 43
63 68 638
68 63 638
63 78 165
78 63 165
63 67 450
67 63 450
63 82 855
82 63 855
63 75 345
75 63 345
63 63 861
63 63 861
63 64 575
64 63 575
64 86 311
86 64 311
64 76 121
76 64 121
64 78 887
78 64 887
65 73 175
73 65 175
65 85 449
85 65 449
65 70 439
70 65 439
65 79 321
79 65 321
66 74 331
74 66 331
66 84 759
84 66 759
66 74 790
74 66 790
66 68 99
68 66 99
66 84 729
84 66 729
66 84 454
84 66 454
66 78 436
78 66 436
67 88 167
88 67 167
67 76 244
76 67 244
67 82 382
82 67 382
67 71 403
71 67 403
68 81 751
81 68 751
68 74 505
74 68 505
68 69 843
69 68 843
68 82 795
82 68 795
69 71 8
71 69 8
69 83 226
83 69 226
69 85 411
85 69 411
69 73 377
73 69 377
70 77 917
77 70 917
70 86 570
86 70 570
70 85 463
85 70 463
70 76 279
76 70 279
70 77 250
77 70 250
71 78 426
78 71 426
71 80 552
80 71 552
71 87 367
87 71 367
71 85 846
85 71 846
72 78 892
78 72 892
72 81 536
81 72 536
73 88 691
88 73 691
74 84 537
84 74 537
75 79 793
79 75 793
75 78 571
78 75 571
75 88 101
88 75 101
76 81 617
81 76 617
76 80 742
80 76 742
77 82 837
82 77 837
77 88 557
88 77 557
78 82 498
82 78 498
79 86 22
86 79 22
79 82 353
82 79 353
80 81 954
81 80 954
80 84 524
84 80 524
