71

0 1 900
1 0 900
0 2 823
2 0 823
0 3 376
3 0 376
0 4 987
4 0 987
0 5 753
5 0 753
0 17 794
17 0 794
0 21 413
21 0 413
0 60 40
60 0 40
0 53 774
53 0 774
0 13 855
13 0 855
0 34 552
34 0 552
0 18 559
18 0 559
0 61 239
61 0 239
0 59 642
59 0 642
0 10 961
10 0 961
1 9 585
9 1 585
1 20 229
20 1 229
1 21 277
21 1 277
1 50 224
50 1 224
1 26 778
26 1 778
1 12 64
12 1 64
1 49 925
49 1 925
1 58 224
58 1 224
1 42 642
42 1 642
1 24 366
24 1 366
1 58 147
58 1 147
1 11 122
11 1 122
1 61 229
61 1 229
1 40 416
40 1 416
1 29 14
29 1 14
1 55 262
55 1 262
1 34 849
34 1 849
2 8 862
8 2 862
2 15 739
15 2 739
2 33 597
33 2 597
2 17 841
17 2 841
2 51 807
51 2 807
2 61 485
61 2 485
2 3 615
3 2 615
2 13 426
13 2 426
2 67 413
67 2 413
2 40 819
40 2 819
2 31 612
31 2 612
2 10 794
10 2 794
2 14 740
14 2 740
2 42 940
42 2 940
2 3 714
3 2 714
2 32 815
32 2 815
2 4 907
4 2 907
2 46 449
46 2 449
3 10 197
10 3 197
3 18 400
18 3 400
3 25 934
25 3 934
3 22 672
22 3 672
3 29 600
29 3 600
3 45 16
45 3 16
3 19 139
19 3 139
3 49 849
49 3 849
3 48 335
48 3 335
3 7 408
7 3 408
3 18 368
18 3 368
3 34 842
34 3 842
3 27 786
27 3 786
3 45 478
45 3 478
4 6 964
6 4 964
4 14 376
14 4 376
4 34 754
34 4 754
4 60 503
60 4 503
4 63 382
63 4 382
4 70 412
70 4 412
4 7 364
7 4 364
4 35 345
35 4 345
4 24 834
24 4 834
4 10 548
10 4 548
4 60 650
60 4 650
4 45 196
45 4 196
4 30 618
30 4 618
4 24 622
24 4 622
4 69 103
69 4 103
4 9 538
9 4 538
4 36 529
36 4 529
4 7 956
7 4 956
5 65 375
65 5 375
5 26 342
26 5 342
5 41 34
41 5 34
5 18 595
18 5 595
5 11 551
11 5 551
5 57 58
57 5 58
5 47 271
47 5 271
5 9 834
9 5 834
5 59 924
59 5 924
5 51 843
51 5 843
5 35 487
35 5 487
6 7 588
7 6 588
6 27 678
27 6 678
6 32 28
32 6 28
6 39 725
39 6 725
6 69 134
69 6 134
6 40 311
40 6 311
6 61 776
61 6 776
6 32 476
32 6 476
6 65 803
65 6 803
6 44 145
44 6 145
6 26 183
26 6 183
6 52 39
52 6 39
6 34 748
34 6 748
7 12 427
12 7 427
7 23 657
23 7 657
7 46 388
46 7 388
7 55 489
55 7 489
7 23 211
23 7 211
7 53 224
53 7 224
7 9 797
9 7 797
7 12 768
12 7 768
7 51 712
51 7 712
7 70 533
70 7 533
7 46 240
46 7 240
7 55 433
55 7 433
7 17 557
17 7 557
7 20 371
20 7 371
7 25 661
25 7 661
7 20 476
20 7 476
8 64 745
64 8 745
8 21 258
21 8 258
8 65 877
65 8 877
8 25 800
25 8 800
8 55 623
55 8 623
8 12 921
12 8 921
8 63 114
63 8 114
8 48 230
48 8 230
8 41 146
41 8 146
8 31 740
31 8 740
9 13 505
13 9 505
9 19 221
19 9 221
9 30 982
30 9 982
9 59 227
59 9 227
9 53 446
53 9 446
9 33 790
33 9 790
9 64 312
64 9 312
9 62 565
62 9 565
9 64 263
64 9 263
9 60 199
60 9 199
9 57 385
57 9 385
9 60 427
60 9 427
9 61 800
61 9 800
9 64 361
64 9 361
9 52 566
52 9 566
10 11 108
11 10 108
10 47 2
47 10 2
10 48 685
48 10 685
10 53 557
53 10 557
10 63 957
63 10 957
10 43 1
43 10 1
10 51 617
51 10 617
10 24 229
24 10 229
10 18 855
18 10 855
10 50 889
50 10 889
10 34 964
34 10 964
10 70 991
70 10 991
10 47 590
47 10 590
10 14 776
14 10 776
10 70 992
70 10 992
11 24 457
24 11 457
11 50 455
50 11 455
11 62 100
62 11 100
11 31 249
31 11 249
11 65 875
65 11 875
11 32 967
32 11 967
11 29 861
29 11 861
11 65 365
65 11 365
11 32 720
32 11 720
11 54 696
54 11 696
12 16 991
16 12 991
12 26 577
26 12 577
12 58 3
58 12 3
12 23 92
23 12 92
12 47 475
47 12 475
12 31 171
31 12 171
12 46 305
46 12 305
12 57 291
57 12 291
12 26 420
26 12 420
12 44 167
44 12 167
12 36 272
36 12 272
12 16 297
16 12 297
12 46 332
46 12 332
13 50 590
50 13 590
13 59 16
59 13 16
13 65 78
65 13 78
13 50 331
50 13 331
13 60 231
60 13 231
13 25 279
25 13 279
13 55 721
55 13 721
13 23 720
23 13 720
13 54 240
54 13 240
14 42 672
42 14 672
14 37 730
37 14 730
14 15 551
15 14 551
14 31 266
31 14 266
14 67 403
67 14 403
14 50 761
50 14 761
14 59 328
59 14 328
14 33 785
33 14 785
14 44 175
44 14 175
14 24 902
24 14 902
14 65 320
65 14 320
15 62 21
62 15 21
15 66 565
66 15 565
15 68 700
68 15 700
15 39 77
39 15 77
15 64 818
64 15 818
15 49 416
49 15 416
15 59 827
59 15 827
15 62 317
62 15 317
15 48 252
48 15 252
15 56 481
56 15 481
16 28 210
28 16 210
16 49 715
49 16 715
16 18 759
18 16 759
16 21 309
21 16 309
16 43 803
43 16 803
16 70 593
70 16 593
16 65 47
65 16 47
16 57 284
57 16 284
16 47 916
47 16 916
16 46 554
46 16 554
17 36 311
36 17 311
17 45 598
45 17 598
17 66 602
66 17 602
17 63 214
63 17 214
17 20 201
20 17 201
17 35 400
35 17 400
17 43 716
43 17 716
17 29 697
29 17 697
17 41 858
41 17 858
17 25 640
25 17 640
17 28 727
28 17 727
18 29 880
29 18 880
18 61 839
61 18 839
18 37 853
37 18 853
18 37 290
37 18 290
18 64 907
64 18 907
18 41 443
41 18 443
18 61 316
61 18 316
18 53 199
53 18 199
18 25 213
25 18 213
18 28 257
28 18 257
18 26 239
26 18 239
18 21 991
21 18 991
19 29 180
29 19 180
19 31 156
31 19 156
19 27 124
27 19 124
19 27 818
27 19 818
19 52 827
52 19 827
19 23 169
23 19 169
19 60 777
60 19 777
19 49 211
49 19 211
20 22 542
22 20 542
20 43 676
43 20 676
20 70 128
70 20 128
20 26 715
26 20 715
20 51 473
51 20 473
20 63 794
63 20 794
21 24 881
24 21 881
21 40 905
40 21 905
21 53 420
53 21 420
21 26 495
26 21 495
21 48 784
48 21 784
21 66 522
66 21 522
21 55 185
55 21 185
21 49 570
49 21 570
21 22 339
22 21 339
21 59 168
59 21 168
22 51 762
51 22 762
22 59 689
59 22 689
22 45 646
45 22 646
22 67 474
67 22 474
22 27 702
27 22 702
23 51 759
51 23 759
23 48 994
48 23 994
23 67 76
67 23 76
23 67 926
67 23 926
23 65 120
65 23 120
23 70 445
70 23 445
23 32 944
32 23 944
24 44 728
44 24 728
24 67 694
67 24 694
24 38 926
38 24 926
24 26 554
26 24 554
24 35 517
35 24 517
24 54 684
54 24 684
24 46 62
46 24 62
24 40 862
40 24 862
24 43 392
43 24 392
24 53 348
53 24 348
24 40 226
40 24 226
25 38 707
38 25 707
25 61 894
61 25 894
25 56 774
56 25 774
25 66 557
66 25 557
25 25 243
25 25 243
25 44 45
44 25 45
25 41 378
41 25 378
25 29 538
29 25 538
25 29 951
29 25 951
25 56 850
56 25 850
26 63 507
63 26 507
26 38 731
38 26 731
26 30 524
30 26 524
26 26 181
26 26 181
26 51 69
51 26 69
26 60 122
60 26 122
26 37 380
37 26 380
27 63 602
63 27 602
27 35 303
35 27 303
27 48 632
48 27 632
27 46 546
46 27 546
28 35 530
35 28 530
28 57 245
57 28 245
28 30 377
30 28 377
28 55 511
55 28 511
28 48 951
48 28 951
28 49 215
49 28 215
28 30 909
30 28 909
28 67 510
67 28 510
28 54 441
54 28 441
29 31 95
31 29 95
29 42 396
42 29 396
29 62 576
62 29 576
29 39 96
39 29 96
29 40 86
40 29 86
29 45 553
45 29 553
29 51 261
51 29 261
29 55 374
55 29 374
30 43 221
43 30 221
30 50 614
50 30 614
30 70 225
70 30 225
30 54 614
54 30 614
30 46 119
46 30 119
30 41 518
41 30 518
30 61 574
61 30 574
31 61 94
61 31 94
31 37 594
37 31 594
31 52 651
52 31 651
31 43 383
43 31 383
31 38 841
38 31 841
31 32 523
32 31 523
31 33 844
33 31 844
31 67 698
67 31 698
31 61 812
61 31 812
32 37 875
37 32 875
32 36 156
36 32 156
32 46 498
46 32 498
32 42 358
42 32 358
32 42 346
42 32 346
32 55 340
55 32 340
32 37 321
37 32 321
32 41 974
41 32 974
32 49 435
49 32 435
33 61 139
61 33 139
33 62 834
62 33 834
33 60 565
60 33 565
33 40 21
40 33 21
33 61 381
61 33 381
33 34 5
34 33 5
33 55 38
55 33 38
33 35 227
35 33 227
33 36 48
36 33 48
33 55 776
55 33 776
34 68 423
68 34 423
34 67 240
67 34 240
34 63 850
63 34 850
34 64 214
64 34 214
34 43 824
43 34 824
34 40 631
40 34 631
35 40 410
40 35 410
35 50 543
50 35 543
35 59 63
59 35 63
35 44 305
44 35 305
35 38 221
38 35 221
35 37 384
37 35 384
35 50 682
50 35 682
36 41 936
41 36 936
36 55 458
55 36 458
36 39 792
39 36 792
36 65 869
65 36 869
36 37 33
37 36 33
36 66 676
66 36 676
36 55 736
55 36 736
36 42 254
42 36 254
36 41 597
41 36 597
37 64 780
64 37 780
37 58 961
58 37 961
37 44 320
44 37 320
37 68 270
68 37 270
37 40 905
40 37 905
37 53 171
53 37 171
37 38 87
38 37 87
38 55 976
55 38 976
38 45 12
45 38 12
38 54 248
54 38 248
38 53 741
53 38 741
38 61 357
61 38 357
38 69 310
69 38 310
39 55 514
55 39 514
39 69 272
69 39 272
40 66 206
66 40 206
40 42 850
42 40 850
40 41 785
41 40 785
40 68 403
68 40 403
40 48 495
48 40 495
40 49 557
49 40 557
40 45 179
45 40 179
41 57 27
57 41 27
41 48 319
48 41 319
41 46 891
46 41 891
41 54 349
54 41 349
41 59 871
59 41 871
41 50 96
50 41 96
42 52 604
52 42 604
42 56 632
56 42 632
42 54 17
54 42 17
42 53 766
53 42 766
42 52 6
52 42 6
42 61 885
61 42 885
42 67 627
67 42 627
42 48 870
48 42 870
42 54 30
54 42 30
42 43 778
43 42 778
42 70 838
70 42 838
42 57 989
57 42 989
42 62 246
62 42 246
43 52 228
52 43 228
43 49 260
49 43 260
43 68 125
68 43 125
43 64 28
64 43 28
43 68 824
68 43 824
44 45 850
45 44 850
44 55 209
55 44 209
44 57 123
57 44 123
45 54 751
54 45 751
45 45 591
45 45 591
45 53 700
53 45 700
45 46 457
46 45 457
45 51 453
51 45 453
45 58 198
58 45 198
45 48 199
48 45 199
46 70 317
70 46 317
46 46 488
46 46 488
46 70 594
70 46 594
46 60 394
60 46 394
48 50 501
50 48 501
49 59 961
59 49 961
49 53 719
53 49 719
49 67 880
67 49 880
49 67 958
67 49 958
50 70 618
70 50 618
50 61 698
61 50 698
50 63 851
63 50 851
51 58 609
58 51 609
51 66 275
66 51 275
51 61 750
61 51 750
51 60 971
60 51 971
52 59 866
59 52 866
53 61 436
61 53 436
53 69 676
69 53 676
53 68 886
68 53 886
55 65 416
65 55 416
55 57 769
57 55 769
55 65 477
65 55 477
56 59 86
59 56 86
56 70 112
70 56 112
56 67 568
67 56 568
56 70 326
70 56 326
57 59 286
59 57 286
57 66 554
66 57 554
57 69 932
69 57 932
57 68 140
68 57 140
57 58 763
58 57 763
58 65 765
65 58 765
60 66 451
66 60 451
60 62 367
62 60 367
61 65 343
65 61 343
61 61 639
61 61 639
61 61 272
61 61 272
61 66 292
66 61 292
62 68 11
68 62 11
63 66 917
66 63 917
63 66 799
66 63 799
65 70 709
70 65 709
65 67 10
67 65 10
66 66 865
66 66 865
68 70 58
70 68 58
68 70 587
70 68 587
