67

0 1 24
1 0 24
0 3 14
3 0 14
0 7 912
7 0 912
0 9 834
9 0 834
0 4 504
4 0 504
0 18 794
18 0 794
0 8 670
8 0 670
0 61 320
61 0 320
0 17 664
17 0 664
1 2 860
2 1 860
1 6 889
6 1 889
1 10 655
10 1 655
1 15 862
15 1 862
1 32 248
32 1 248
1 40 129
40 1 129
1 42 864
42 1 864
1 13 247
13 1 247
1 4 945
4 1 945
1 12 33
12 1 33
1 48 311
48 1 311
2 11 688
11 2 688
2 35 366
35 2 366
2 37 417
37 2 417
2 56 24
56 2 24
2 32 839
32 2 839
2 23 620
23 2 620
2 28 22
28 2 22
3 4 105
4 3 105
3 5 244
5 3 244
3 8 36
8 3 36
3 29 615
29 3 615
3 64 994
64 3 994
3 15 468
15 3 468
3 42 499
42 3 499
3 44 925
44 3 925
4 58 426
58 4 426
4 66 17
66 4 17
5 20 709
20 5 709
5 65 784
65 5 784
5 49 497
49 5 497
5 42 81
42 5 81
6 26 862
26 6 862
6 30 406
30 6 406
6 58 177
58 6 177
6 23 746
23 6 746
6 66 343
66 6 343
7 24 263
24 7 263
7 22 918
22 7 918
8 18 579
18 8 579
8 27 476
27 8 476
9 15 593
15 9 593
9 28 596
28 9 596
10 13 227
13 10 227
10 14 33
14 10 33
10 23 406
23 10 406
10 36 754
36 10 754
10 60 899
60 10 899
10 30 68
30 10 68
10 61 901
61 10 901
10 54 622
54 10 622
10 42 544
42 10 544
11 12 517
12 11 517
11 64 266
64 11 266
11 63 654
63 11 654
11 47 918
47 11 918
12 16 984
16 12 984
12 28 706
28 12 706
12 40 605
40 12 605
12 61 68
61 12 68
12 60 672
60 12 672
12 23 661
23 12 661
13 22 979
22 13 979
13 52 565
52 13 565
13 55 752
55 13 752
14 19 114
19 14 114
14 38 950
38 14 950
14 55 478
55 14 478
14 15 107
15 14 107
14 61 561
61 14 561
14 24 651
24 14 651
15 17 515
17 15 515
15 31 737
31 15 737
15 34 665
34 15 665
15 47 610
47 15 610
15 44 685
44 15 685
16 25 318
25 16 318
17 41 88
41 17 88
17 48 723
48 17 723
17 61 884
61 17 884
17 61 741
61 17 741
18 61 896
61 18 896
19 25 359
25 19 359
19 60 423
60 19 423
19 59 862
59 19 862
19 27 721
27 19 721
19 54 950
54 19 950
20 21 871
21 20 871
21 51 976
51 21 976
22 33 551
33 22 551
22 57 346
57 22 346
22 50 304
50 22 304
22 51 755
51 22 755
23 36 11
36 23 11
23 35 996
35 23 996
24 27 772
27 24 772
24 47 382
47 24 382
24 63 957
63 24 957
25 43 607
43 25 607
25 31 753
31 25 753
26 33 236
33 26 236
26 43 901
43 26 901
27 64 345
64 27 345
27 66 291
66 27 291
27 52 691
52 27 691
27 65 238
65 27 238
27 56 573
56 27 573
28 44 292
44 28 292
28 38 79
38 28 79
28 66 153
66 28 153
28 49 635
49 28 635
29 42 103
42 29 103
29 54 642
54 29 642
30 60 885
60 30 885
30 32 412
32 30 412
30 57 796
57 30 796
32 50 48
50 32 48
33 39 684
39 33 684
33 53 773
53 33 773
33 46 792
46 33 792
35 51 207
51 35 207
36 43 264
43 36 264
36 65 683
65 36 683
37 46 529
46 37 529
37 46 234
46 37 234
38 59 627
59 38 627
38 62 178
62 38 178
39 45 327
45 39 327
40 50 389
50 40 389
40 66 475
66 40 475
40 66 975
66 40 975
40 63 808
63 40 808
40 45 708
45 40 708
41 53 5
53 41 5
42 59 548
59 42 548
44 49 452
49 44 452
44 51 171
51 44 171
44 63 632
63 44 632
46 56 848
56 46 848
46 53 811
53 46 811
49 54 372
54 49 372
53 60 813
60 53 813
56 62 667
62 56 667
57 63 305
63 57 305
61 64 871
64 61 871
