22

0 1 145
1 0 145
0 4 353
4 0 353
0 11 517
11 0 517
0 17 576
17 0 576
0 2 868
2 0 868
0 2 965
2 0 965
0 19 463
19 0 463
0 13 188
13 0 188
0 7 690
7 0 690
0 5 97
5 0 97
0 4 521
4 0 521
1 2 502
2 1 502
1 3 406
3 1 406
1 9 386
9 1 386
1 15 279
15 1 279
1 14 976
14 1 976
1 13 800
13 1 800
1 19 129
19 1 129
1 2 509
2 1 509
1 5 622
5 1 622
1 14 583
14 1 583
1 9 103
9 1 103
2 5 669
5 2 669
2 12 37
12 2 37
2 15 612
15 2 612
2 17 137
17 2 137
2 9 593
9 2 593
2 2 554
2 2 554
2 12 661
12 2 661
2 19 898
19 2 898
2 9 468
9 2 468
2 7 761
7 2 761
2 20 491
20 2 491
2 6 346
6 2 346
2 18 180
18 2 180
2 7 387
7 2 387
2 8 322
8 2 322
2 13 733
13 2 733
2 19 709
19 2 709
2 8 415
8 2 415
2 2 766
2 2 766
2 15 159
15 2 159
2 16 965
16 2 965
2 20 607
20 2 607
3 10 910
10 3 910
3 21 942
21 3 942
3 18 414
18 3 414
3 8 796
8 3 796
3 3 819
3 3 819
3 18 97
18 3 97
3 9 127
9 3 127
3 6 167
6 3 167
3 14 745
14 3 745
3 5 77
5 3 77
3 12 818
12 3 818
3 7 587
7 3 587
3 3 850
3 3 850
3 7 879
7 3 879
3 3 539
3 3 539
3 12 383
12 3 383
3 7 306
7 3 306
3 15 684
15 3 684
4 6 611
6 4 611
4 21 656
21 4 656
4 7 186
7 4 186
4 14 589
14 4 589
4 12 532
12 4 532
4 9 441
9 4 441
4 6 101
6 4 101
4 12 352
12 4 352
4 11 664
11 4 664
5 7 821
7 5 821
5 16 712
16 5 712
5 10 440
10 5 440
5 17 932
17 5 932
5 10 585
10 5 585
5 7 92
7 5 92
5 12 566
12 5 566
5 20 695
20 5 695
5 19 506
19 5 506
5 13 487
13 5 487
5 16 292
16 5 292
6 8 211
8 6 211
6 19 548
19 6 548
6 15 237
15 6 237
6 10 578
10 6 578
6 19 89
19 6 89
6 11 446
11 6 446
6 17 94
17 6 94
6 7 932
7 6 932
6 9 904
9 6 904
6 12 33
12 6 33
6 9 146
9 6 146
6 10 2
10 6 2
6 15 272
15 6 272
7 14 798
14 7 798
7 9 823
9 7 823
7 17 41
17 7 41
7 12 581
12 7 581
7 19 100
19 7 100
7 12 908
12 7 908
7 13 355
13 7 355
7 20 714
20 7 714
7 14 498
14 7 498
8 20 256
20 8 256
8 9 97
9 8 97
8 12 467
12 8 467
8 11 417
11 8 417
8 9 451
9 8 451
8 14 150
14 8 150
8 18 857
18 8 857
8 14 537
14 8 537
8 13 505
13 8 505
8 8 256
8 8 256
8 13 364
13 8 364
9 20 691
20 9 691
9 9 163
9 9 163
9 14 426
14 9 426
9 12 996
12 9 996
9 17 976
17 9 976
9 14 849
14 9 849
9 10 828
10 9 828
9 13 911
13 9 911
9 21 64
21 9 64
9 11 439
11 9 439
9 11 475
11 9 475
10 13 778
13 10 778
10 21 149
21 10 149
10 11 613
11 10 613
10 21 851
21 10 851
10 11 368
11 10 368
10 18 557
18 10 557
10 12 149
12 10 149
11 11 348
11 11 348
11 11 880
11 11 880
11 12 145
12 11 145
11 15 933
15 11 933
11 13 60
13 11 60
11 11 748
11 11 748
11 14 81
14 11 81
11 14 538
14 11 538
11 12 628
12 11 628
11 12 869
12 11 869
11 17 685
17 11 685
12 21 658
21 12 658
12 13 446
13 12 446
12 15 931
15 12 931
12 18 664
18 12 664
12 13 672
13 12 672
13 18 130
18 13 130
13 20 314
20 13 314
13 19 863
19 13 863
13 17 432
17 13 432
13 14 31
14 13 31
13 16 579
16 13 579
13 19 203
19 13 203
13 16 501
16 13 501
13 21 850
21 13 850
14 19 910
19 14 910
14 18 608
18 14 608
14 19 235
19 14 235
14 14 892
14 14 892
14 17 249
17 14 249
14 19 805
19 14 805
14 20 998
20 14 998
15 20 63
20 15 63
15 16 529
16 15 529
15 20 17
20 15 17
15 16 401
16 15 401
16 17 619
17 16 619
16 16 231
16 16 231
16 20 310
20 16 310
16 21 291
21 16 291
16 21 90
21 16 90
17 18 663
18 17 663
17 18 430
18 17 430
18 20 77
20 18 77
18 20 951
20 18 951
18 20 270
20 18 270
19 21 109
21 19 109
19 20 30
20 19 30
19 19 454
19 19 454
19 19 712
19 19 712
20 21 378
21 20 378
20 20 270
20 20 270
20 21 260
21 20 260
20 21 794
21 20 794
