42

0 1 268
1 0 268
0 2 1000
2 0 1000
0 3 513
3 0 513
0 4 323
4 0 323
0 6 832
6 0 832
0 12 587
12 0 587
0 37 874
37 0 874
0 6 220
6 0 220
0 35 77
35 0 77
0 14 347
14 0 347
0 4 197
4 0 197
0 36 181
36 0 181
1 11 986
11 1 986
1 15 59
15 1 59
1 7 588
7 1 588
1 12 283
12 1 283
1 36 875
36 1 875
1 11 787
11 1 787
1 31 28
31 1 28
2 7 193
7 2 193
2 8 325
8 2 325
2 33 471
33 2 471
2 14 40
14 2 40
2 4 690
4 2 690
2 16 527
16 2 527
2 40 697
40 2 697
3 9 840
9 3 840
3 17 856
17 3 856
3 17 827
17 3 827
3 24 165
24 3 165
3 22 436
22 3 436
3 29 211
29 3 211
3 31 476
31 3 476
3 20 946
20 3 946
4 5 422
5 4 422
4 34 540
34 4 540
4 15 614
15 4 614
4 39 68
39 4 68
4 23 57
23 4 57
4 22 897
22 4 897
4 17 462
17 4 462
4 12 889
12 4 889
4 24 58
24 4 58
4 40 570
40 4 570
5 29 123
29 5 123
5 40 358
40 5 358
5 27 111
27 5 111
5 16 234
16 5 234
5 7 964
7 5 964
5 14 441
14 5 441
5 37 259
37 5 259
5 30 827
30 5 827
6 22 320
22 6 320
6 22 173
22 6 173
6 19 987
19 6 987
6 12 352
12 6 352
7 10 349
10 7 349
7 15 837
15 7 837
7 36 588
36 7 588
7 14 532
14 7 532
7 37 753
37 7 753
7 11 528
11 7 528
8 21 134
21 8 134
8 9 122
9 8 122
8 31 688
31 8 688
8 38 76
38 8 76
8 32 661
32 8 661
8 19 669
19 8 669
9 12 258
12 9 258
9 16 618
16 9 618
9 28 930
28 9 930
9 34 757
34 9 757
9 14 17
14 9 17
9 22 815
22 9 815
9 19 381
19 9 381
9 20 197
20 9 197
9 14 157
14 9 157
9 12 87
12 9 87
10 14 867
14 10 867
10 23 112
23 10 112
10 13 109
13 10 109
10 25 647
25 10 647
11 17 26
17 11 26
11 39 900
39 11 900
11 36 755
36 11 755
11 35 526
35 11 526
11 13 156
13 11 156
11 31 457
31 11 457
11 28 644
28 11 644
11 26 10
26 11 10
11 33 695
33 11 695
12 13 500
13 12 500
12 19 311
19 12 311
12 30 275
30 12 275
12 25 856
25 12 856
12 26 242
26 12 242
13 18 724
18 13 724
13 26 397
26 13 397
13 34 984
34 13 984
13 40 698
40 13 698
14 20 530
20 14 530
14 23 475
23 14 475
14 32 708
32 14 708
14 41 78
41 14 78
14 25 756
25 14 756
15 30 545
30 15 545
16 27 361
27 16 361
16 37 20
37 16 20
16 20 486
20 16 486
16 38 156
38 16 156
16 40 907
40 16 907
18 39 933
39 18 933
18 40 976
40 18 976
18 29 731
29 18 731
19 25 239
25 19 239
19 29 308
29 19 308
19 38 844
38 19 844
19 27 6
27 19 6
19 38 49
38 19 49
19 37 781
37 19 781
19 37 754
37 19 754
20 32 164
32 20 164
20 39 420
39 20 420
20 32 564
32 20 564
20 21 925
21 20 925
20 21 812
21 20 812
20 21 194
21 20 194
21 22 89
22 21 89
21 41 925
41 21 925
21 21 445
21 21 445
21 37 210
37 21 210
21 40 291
40 21 291
22 31 252
31 22 252
22 38 837
38 22 837
22 35 369
35 22 369
22 32 597
32 22 597
23 24 137
24 23 137
23 41 592
41 23 592
23 38 705
38 23 705
23 32 998
32 23 998
24 38 391
38 24 391
24 27 484
27 24 484
25 32 519
32 25 519
26 36 546
36 26 546
26 35 359
35 26 359
26 37 139
37 26 139
27 35 663
35 27 663
27 38 942
38 27 942
27 27 183
27 27 183
28 41 21
41 28 21
28 36 711
36 28 711
29 36 890
36 29 890
29 36 718
36 29 718
30 34 233
34 30 233
30 34 650
34 30 650
30 37 720
37 30 720
30 37 933
37 30 933
31 33 334
33 31 334
31 41 229
41 31 229
32 39 1
39 32 1
32 40 154
40 32 154
33 41 211
41 33 211
34 37 156
37 34 156
34 41 867
41 34 867
34 41 968
41 34 968
34 35 147
35 34 147
34 40 230
40 34 230
36 40 670
40 36 670
36 40 604
40 36 604
40 41 206
41 40 206
