39

0 1 68
1 0 68
0 2 729
2 0 729
0 37 949
37 0 949
0 29 946
29 0 946
0 26 268
26 0 268
0 16 395
16 0 395
0 17 373
17 0 373
0 22 605
22 0 605
0 33 844
33 0 844
0 23 470
23 0 470
0 34 281
34 0 281
0 8 843
8 0 843
0 8 157
8 0 157
0 0 718
0 0 718
0 20 268
20 0 268
0 7 688
7 0 688
0 23 529
23 0 529
1 3 776
3 1 776
1 5 46
5 1 46
1 8 862
8 1 862
1 16 981
16 1 981
1 30 317
30 1 317
1 35 50
35 1 50
1 36 201
36 1 201
1 31 690
31 1 690
1 22 696
22 1 696
1 2 345
2 1 345
1 32 1000
32 1 1000
1 4 579
4 1 579
1 36 38
36 1 38
1 6 228
6 1 228
1 21 220
21 1 220
1 2 710
2 1 710
1 10 648
10 1 648
1 31 742
31 1 742
2 6 862
6 2 862
2 7 954
7 2 954
2 15 364
15 2 364
2 19 226
19 2 226
2 33 538
33 2 538
2 31 223
31 2 223
2 27 102
27 2 102
2 38 188
38 2 188
2 16 651
16 2 651
2 20 492
20 2 492
2 16 271
16 2 271
2 38 188
38 2 188
2 23 670
23 2 670
2 21 331
21 2 331
2 6 77
6 2 77
2 19 733
19 2 733
2 6 923
6 2 923
2 30 558
30 2 558
3 4 533
4 3 533
3 18 451
18 3 451
3 32 772
32 3 772
3 35 839
35 3 839
3 26 47
26 3 47
3 33 212
33 3 212
3 32 695
32 3 695
3 11 103
11 3 103
3 23 331
23 3 331
3 23 242
23 3 242
3 18 3
18 3 3
3 14 539
14 3 539
3 31 277
31 3 277
4 10 202
10 4 202
4 14 142
14 4 142
4 24 38
24 4 38
4 26 148
26 4 148
4 17 356
17 4 356
4 16 756
16 4 756
4 9 677
9 4 677
4 31 434
31 4 434
4 18 375
18 4 375
4 30 408
30 4 408
4 26 403
26 4 403
4 21 96
21 4 96
4 11 554
11 4 554
5 20 645
20 5 645
5 27 292
27 5 292
5 33 549
33 5 549
5 30 954
30 5 954
5 16 831
16 5 831
5 6 579
6 5 579
5 17 178
17 5 178
5 16 244
16 5 244
5 25 880
25 5 880
6 16 309
16 6 309
6 22 733
22 6 733
6 32 567
32 6 567
6 29 151
29 6 151
6 14 818
14 6 818
6 34 307
34 6 307
6 15 546
15 6 546
6 26 931
26 6 931
6 34 991
34 6 991
6 32 196
32 6 196
6 36 482
36 6 482
6 26 330
26 6 330
6 15 123
15 6 123
6 19 271
19 6 271
6 30 139
30 6 139
7 9 885
9 7 885
7 9 708
9 7 708
7 9 187
9 7 187
7 27 22
27 7 22
7 19 914
19 7 914
7 37 117
37 7 117
7 33 188
33 7 188
7 24 380
24 7 380
7 9 989
9 7 989
7 33 186
33 7 186
8 11 12
11 8 12
8 33 911
33 8 911
8 33 92
33 8 92
8 16 787
16 8 787
8 20 92
20 8 92
8 38 965
38 8 965
8 34 982
34 8 982
8 12 951
12 8 951
8 26 824
26 8 824
8 23 241
23 8 241
9 12 669
12 9 669
9 22 796
22 9 796
9 26 658
26 9 658
9 13 294
13 9 294
9 27 4
27 9 4
9 16 318
16 9 318
9 27 545
27 9 545
9 36 211
36 9 211
9 25 362
25 9 362
9 36 779
36 9 779
9 33 983
33 9 983
9 31 749
31 9 749
9 19 76
19 9 76
9 22 163
22 9 163
9 11 276
11 9 276
9 15 368
15 9 368
9 19 533
19 9 533
9 10 131
10 9 131
10 31 587
31 10 587
10 14 747
14 10 747
10 33 632
33 10 632
10 19 437
19 10 437
10 35 744
35 10 744
10 25 604
25 10 604
10 22 668
22 10 668
10 37 229
37 10 229
11 28 298
28 11 298
11 19 919
19 11 919
11 17 542
17 11 542
11 18 570
18 11 570
11 13 531
13 11 531
11 21 810
21 11 810
11 27 164
27 11 164
11 23 131
23 11 131
11 22 661
22 11 661
11 31 136
31 11 136
11 24 916
24 11 916
12 13 760
13 12 760
12 37 660
37 12 660
12 14 293
14 12 293
12 25 308
25 12 308
12 37 277
37 12 277
12 32 152
32 12 152
12 26 717
26 12 717
12 15 435
15 12 435
12 15 469
15 12 469
12 16 733
16 12 733
12 27 860
27 12 860
13 31 530
31 13 530
13 32 615
32 13 615
13 36 955
36 13 955
13 25 265
25 13 265
13 26 275
26 13 275
13 18 920
18 13 920
13 18 1
18 13 1
13 33 87
33 13 87
14 17 538
17 14 538
14 21 763
21 14 763
14 36 927
36 14 927
14 22 524
22 14 524
14 37 514
37 14 514
14 38 547
38 14 547
14 16 785
16 14 785
14 38 387
38 14 387
14 37 96
37 14 96
14 29 396
29 14 396
14 20 233
20 14 233
15 35 775
35 15 775
15 25 709
25 15 709
15 36 566
36 15 566
15 38 387
38 15 387
15 35 18
35 15 18
15 22 444
22 15 444
15 29 493
29 15 493
15 31 222
31 15 222
15 38 214
38 15 214
15 24 246
24 15 246
15 19 897
19 15 897
16 25 734
25 16 734
16 25 100
25 16 100
16 25 333
25 16 333
16 23 9
23 16 9
16 34 376
34 16 376
16 24 284
24 16 284
17 36 533
36 17 533
17 21 894
21 17 894
17 26 37
26 17 37
17 38 165
38 17 165
17 29 156
29 17 156
17 20 555
20 17 555
17 31 47
31 17 47
17 23 382
23 17 382
17 22 790
22 17 790
17 38 754
38 17 754
17 30 893
30 17 893
17 26 621
26 17 621
18 24 941
24 18 941
18 33 132
33 18 132
18 18 338
18 18 338
18 21 292
21 18 292
18 20 845
20 18 845
18 30 444
30 18 444
18 30 853
30 18 853
18 21 981
21 18 981
19 25 484
25 19 484
19 34 220
34 19 220
19 26 524
26 19 524
19 31 935
31 19 935
19 30 802
30 19 802
19 28 808
28 19 808
19 26 399
26 19 399
19 33 259
33 19 259
20 23 381
23 20 381
20 38 187
38 20 187
20 33 919
33 20 919
20 21 190
21 20 190
20 33 758
33 20 758
20 30 954
30 20 954
20 22 717
22 20 717
20 22 908
22 20 908
20 23 801
23 20 801
20 26 895
26 20 895
20 32 907
32 20 907
20 23 294
23 20 294
20 33 706
33 20 706
20 31 828
31 20 828
21 32 629
32 21 629
21 35 907
35 21 907
21 35 865
35 21 865
21 38 287
38 21 287
21 32 426
32 21 426
21 35 38
35 21 38
21 38 362
38 21 362
21 37 525
37 21 525
21 36 379
36 21 379
21 38 589
38 21 589
21 38 517
38 21 517
22 38 923
38 22 923
22 38 821
38 22 821
22 24 28
24 22 28
22 32 495
32 22 495
22 25 26
25 22 26
22 24 563
24 22 563
23 24 671
24 23 671
23 29 512
29 23 512
23 25 906
25 23 906
23 23 185
23 23 185
23 25 191
25 23 191
23 27 24
27 23 24
23 35 734
35 23 734
23 27 841
27 23 841
23 25 931
25 23 931
23 31 137
31 23 137
23 27 990
27 23 990
24 33 713
33 24 713
24 35 895
35 24 895
24 24 577
24 24 577
24 31 403
31 24 403
24 28 775
28 24 775
25 34 512
34 25 512
25 32 88
32 25 88
26 38 639
38 26 639
26 32 22
32 26 22
26 29 218
29 26 218
26 30 974
30 26 974
26 33 919
33 26 919
26 36 834
36 26 834
26 35 255
35 26 255
26 28 767
28 26 767
26 33 755
33 26 755
27 36 880
36 27 880
27 35 840
35 27 840
27 29 93
29 27 93
28 38 775
38 28 775
28 36 767
36 28 767
28 32 372
32 28 372
28 31 825
31 28 825
28 28 958
28 28 958
28 28 400
28 28 400
29 34 3
34 29 3
29 36 755
36 29 755
29 35 373
35 29 373
30 37 331
37 30 331
30 32 998
32 30 998
30 30 739
30 30 739
30 37 790
37 30 790
30 37 756
37 30 756
30 31 116
31 30 116
30 34 152
34 30 152
30 33 363
33 30 363
31 37 967
37 31 967
31 31 943
31 31 943
31 32 729
32 31 729
32 36 626
36 32 626
32 37 155
37 32 155
32 34 851
34 32 851
33 35 725
35 33 725
33 36 56
36 33 56
33 36 827
36 33 827
34 36 796
36 34 796
34 36 529
36 34 529
34 35 695
35 34 695
35 36 738
36 35 738
35 36 579
36 35 579
35 37 432
37 35 432
36 38 228
38 36 228
36 37 189
37 36 189
37 38 815
38 37 815
