80

0 1 597
1 0 597
0 3 320
3 0 320
0 4 421
4 0 421
0 5 116
5 0 116
0 12 328
12 0 328
0 18 439
18 0 439
0 73 634
73 0 634
0 77 879
77 0 879
0 38 380
38 0 380
0 44 29
44 0 29
0 54 171
54 0 171
0 62 322
62 0 322
0 15 272
15 0 272
0 14 232
14 0 232
0 54 981
54 0 981
0 39 904
39 0 904
0 72 606
72 0 606
0 61 880
61 0 880
1 2 29
2 1 29
1 17 540
17 1 540
1 49 602
49 1 602
1 63 166
63 1 166
1 72 305
72 1 305
1 14 251
14 1 251
1 28 245
28 1 245
1 57 743
57 1 743
1 77 979
77 1 979
1 11 37
11 1 37
1 63 688
63 1 688
2 9 469
9 2 469
2 11 379
11 2 379
2 13 131
13 2 131
2 5 402
5 2 402
2 4 853
4 2 853
2 11 222
11 2 222
2 46 303
46 2 303
2 34 596
34 2 596
2 28 280
28 2 280
2 16 713
16 2 713
2 49 567
49 2 567
2 25 849
25 2 849
2 44 640
44 2 640
2 53 204
53 2 204
2 11 45
11 2 45
3 11 198
11 3 198
3 24 213
24 3 213
3 60 409
60 3 409
3 42 894
42 3 894
3 78 212
78 3 212
3 33 986
33 3 986
3 66 245
66 3 245
3 9 584
9 3 584
3 66 132
66 3 132
3 49 123
49 3 123
3 5 269
5 3 269
3 79 454
79 3 454
3 5 799
5 3 799
3 53 310
53 3 310
3 10 332
10 3 332
3 46 440
46 3 440
3 28 29
28 3 29
3 43 718
43 3 718
3 49 309
49 3 309
3 63 99
63 3 99
3 28 38
28 3 38
4 6 400
6 4 400
4 7 545
7 4 545
4 57 459
57 4 459
4 68 111
68 4 111
4 38 579
38 4 579
4 62 923
62 4 923
4 6 786
6 4 786
4 41 599
41 4 599
4 15 957
15 4 957
4 21 484
21 4 484
4 42 673
42 4 673
4 38 333
38 4 333
4 62 198
62 4 198
4 20 86
20 4 86
4 31 242
31 4 242
4 63 787
63 4 787
5 8 370
8 5 370
5 16 874
16 5 874
5 22 550
22 5 550
5 61 438
61 5 438
5 32 659
32 5 659
5 46 604
46 5 604
5 66 343
66 5 343
5 72 2
72 5 2
5 45 367
45 5 367
5 28 383
28 5 383
5 13 509
13 5 509
5 56 471
56 5 471
5 57 850
57 5 850
5 15 905
15 5 905
5 55 867
55 5 867
6 58 190
58 6 190
6 59 271
59 6 271
6 55 594
55 6 594
6 76 248
76 6 248
6 24 706
24 6 706
6 34 875
34 6 875
6 67 329
67 6 329
6 12 139
12 6 139
6 47 55
47 6 55
6 32 628
32 6 628
6 70 662
70 6 662
7 10 36
10 7 36
7 69 915
69 7 915
7 9 433
9 7 433
7 76 823
76 7 823
7 32 489
32 7 489
7 14 108
14 7 108
7 79 730
79 7 730
7 43 312
43 7 312
7 52 119
52 7 119
8 15 902
15 8 902
8 21 326
21 8 326
8 27 498
27 8 498
8 29 76
29 8 76
8 45 375
45 8 375
8 65 248
65 8 248
8 55 557
55 8 557
8 39 756
39 8 756
8 79 453
79 8 453
8 45 83
45 8 83
8 16 83
16 8 83
8 32 516
32 8 516
8 26 292
26 8 292
8 10 406
10 8 406
8 15 589
15 8 589
9 36 56
36 9 56
9 74 623
74 9 623
9 77 762
77 9 762
9 33 344
33 9 344
9 57 617
57 9 617
9 63 210
63 9 210
9 77 539
77 9 539
9 67 849
67 9 849
9 46 833
46 9 833
10 23 589
23 10 589
10 20 815
20 10 815
10 17 671
17 10 671
10 31 26
31 10 26
10 30 894
30 10 894
10 30 648
30 10 648
10 39 73
39 10 73
10 22 805
22 10 805
10 26 980
26 10 980
10 76 962
76 10 962
11 39 41
39 11 41
11 40 703
40 11 703
11 42 272
42 11 272
11 50 539
50 11 539
11 47 516
47 11 516
11 36 803
36 11 803
11 25 312
25 11 312
11 72 462
72 11 462
11 48 706
48 11 706
11 57 262
57 11 262
11 43 124
43 11 124
11 19 875
19 11 875
11 13 425
13 11 425
11 24 576
24 11 576
11 38 83
38 11 83
11 20 85
20 11 85
11 15 391
15 11 391
11 67 757
67 11 757
11 69 491
69 11 491
11 79 609
79 11 609
12 31 813
31 12 813
12 29 472
29 12 472
12 78 28
78 12 28
12 54 87
54 12 87
12 18 428
18 12 428
12 37 939
37 12 939
12 65 107
65 12 107
12 50 283
50 12 283
12 23 556
23 12 556
13 14 843
14 13 843
13 38 799
38 13 799
13 34 570
34 13 570
13 49 885
49 13 885
13 26 633
26 13 633
13 36 931
36 13 931
13 22 73
22 13 73
13 16 296
16 13 296
13 38 576
38 13 576
13 33 282
33 13 282
13 20 856
20 13 856
13 19 98
19 13 98
14 19 137
19 14 137
14 33 553
33 14 553
14 40 906
40 14 906
14 19 941
19 14 941
14 55 584
55 14 584
14 23 245
23 14 245
14 55 526
55 14 526
14 70 284
70 14 284
14 31 317
31 14 317
15 20 766
20 15 766
15 25 178
25 15 178
15 57 864
57 15 864
15 34 214
34 15 214
15 42 568
42 15 568
15 28 201
28 15 201
15 72 279
72 15 279
15 36 557
36 15 557
15 43 546
43 15 546
15 56 628
56 15 628
15 78 127
78 15 127
15 61 763
61 15 763
15 73 968
73 15 968
15 20 111
20 15 111
15 35 482
35 15 482
15 21 207
21 15 207
15 47 966
47 15 966
16 52 797
52 16 797
16 41 145
41 16 145
16 48 586
48 16 586
16 74 532
74 16 532
16 63 704
63 16 704
16 72 136
72 16 136
16 71 264
71 16 264
16 67 183
67 16 183
16 42 346
42 16 346
16 20 654
20 16 654
17 28 905
28 17 905
17 53 647
53 17 647
17 66 22
66 17 22
17 32 358
32 17 358
17 50 373
50 17 373
17 42 671
42 17 671
17 25 438
25 17 438
17 31 930
31 17 930
17 74 545
74 17 545
17 35 452
35 17 452
18 64 19
64 18 19
18 72 599
72 18 599
18 40 567
40 18 567
18 24 546
24 18 546
18 37 33
37 18 33
18 72 744
72 18 744
18 55 118
55 18 118
18 60 22
60 18 22
19 30 278
30 19 278
19 51 220
51 19 220
19 70 926
70 19 926
19 62 337
62 19 337
19 32 771
32 19 771
19 44 449
44 19 449
19 26 266
26 19 266
19 34 202
34 19 202
19 38 112
38 19 112
19 66 950
66 19 950
19 32 837
32 19 837
19 69 97
69 19 97
19 78 755
78 19 755
19 40 775
40 19 775
19 43 272
43 19 272
19 74 705
74 19 705
20 26 992
26 20 992
20 76 810
76 20 810
20 62 459
62 20 459
20 21 849
21 20 849
20 34 551
34 20 551
20 35 376
35 20 376
20 76 515
76 20 515
20 48 480
48 20 480
21 24 439
24 21 439
21 55 803
55 21 803
21 24 940
24 21 940
21 73 73
73 21 73
21 37 918
37 21 918
21 23 984
23 21 984
21 22 507
22 21 507
21 46 747
46 21 747
21 46 564
46 21 564
21 74 657
74 21 657
21 27 115
27 21 115
21 77 861
77 21 861
21 45 645
45 21 645
22 44 787
44 22 787
22 48 624
48 22 624
22 54 5
54 22 5
22 58 939
58 22 939
22 50 404
50 22 404
22 48 243
48 22 243
22 56 889
56 22 889
23 32 224
32 23 224
23 35 1000
35 23 1000
23 64 136
64 23 136
23 47 245
47 23 245
23 54 517
54 23 517
23 34 713
34 23 713
23 54 898
54 23 898
24 73 939
73 24 939
24 79 667
79 24 667
24 66 4
66 24 4
24 67 455
67 24 455
24 43 872
43 24 872
24 46 80
46 24 80
24 31 836
31 24 836
24 58 653
58 24 653
24 71 287
71 24 287
24 59 221
59 24 221
24 53 405
53 24 405
24 42 896
42 24 896
24 40 841
40 24 841
24 36 553
36 24 553
25 62 838
62 25 838
25 33 136
33 25 136
25 65 152
65 25 152
25 57 452
57 25 452
25 33 270
33 25 270
25 50 752
50 25 752
25 35 318
35 25 318
25 30 451
30 25 451
26 29 193
29 26 193
26 27 978
27 26 978
26 74 986
74 26 986
26 32 333
32 26 333
26 75 182
75 26 182
27 34 360
34 27 360
27 79 663
79 27 663
27 39 718
39 27 718
27 44 841
44 27 841
28 77 444
77 28 444
28 69 944
69 28 944
28 53 791
53 28 791
28 75 949
75 28 949
28 54 810
54 28 810
28 75 397
75 28 397
28 78 475
78 28 475
28 34 329
34 28 329
28 64 695
64 28 695
29 41 683
41 29 683
29 47 792
47 29 792
29 79 980
79 29 980
29 46 1000
46 29 1000
29 43 511
43 29 511
29 30 493
30 29 493
29 43 848
43 29 848
30 77 4
77 30 4
30 44 513
44 30 513
30 33 475
33 30 475
30 56 20
56 30 20
30 74 484
74 30 484
30 61 356
61 30 356
30 41 594
41 30 594
31 37 571
37 31 571
31 37 113
37 31 113
31 38 204
38 31 204
31 54 75
54 31 75
31 64 72
64 31 72
31 73 63
73 31 63
31 54 364
54 31 364
31 60 450
60 31 450
31 43 750
43 31 750
31 78 61
78 31 61
31 75 781
75 31 781
31 67 350
67 31 350
31 42 320
42 31 320
32 66 393
66 32 393
32 61 627
61 32 627
32 48 301
48 32 301
32 64 65
64 32 65
32 53 743
53 32 743
33 67 2
67 33 2
33 71 923
71 33 923
33 43 170
43 33 170
33 43 113
43 33 113
33 73 56
73 33 56
33 58 661
58 33 661
33 47 221
47 33 221
34 54 958
54 34 958
34 70 598
70 34 598
34 50 943
50 34 943
35 59 358
59 35 358
35 40 469
40 35 469
35 46 272
46 35 272
35 45 17
45 35 17
35 44 578
44 35 578
35 63 796
63 35 796
35 58 419
58 35 419
36 56 659
56 36 659
36 78 681
78 36 681
36 78 838
78 36 838
36 43 927
43 36 927
37 60 433
60 37 433
37 61 382
61 37 382
37 50 925
50 37 925
37 67 557
67 37 557
37 40 308
40 37 308
37 51 981
51 37 981
37 73 955
73 37 955
37 72 919
72 37 919
37 79 834
79 37 834
37 71 321
71 37 321
37 68 22
68 37 22
37 41 343
41 37 343
37 78 735
78 37 735
38 43 603
43 38 603
38 61 875
61 38 875
38 74 623
74 38 623
40 72 7
72 40 7
40 43 325
43 40 325
40 69 432
69 40 432
40 78 197
78 40 197
40 43 141
43 40 141
40 63 956
63 40 956
40 48 769
48 40 769
40 45 580
45 40 580
41 63 539
63 41 539
41 41 128
41 41 128
41 52 53
52 41 53
41 67 852
67 41 852
41 69 645
69 41 645
41 67 984
67 41 984
42 59 561
59 42 561
42 43 899
43 42 899
42 47 682
47 42 682
42 78 297
78 42 297
42 67 231
67 42 231
42 44 708
44 42 708
42 69 934
69 42 934
42 52 265
52 42 265
42 50 649
50 42 649
42 62 803
62 42 803
43 44 754
44 43 754
43 50 561
50 43 561
43 73 447
73 43 447
43 57 395
57 43 395
43 74 138
74 43 138
43 67 196
67 43 196
43 79 64
79 43 64
43 72 208
72 43 208
43 44 177
44 43 177
44 65 740
65 44 740
44 72 538
72 44 538
44 52 531
52 44 531
44 59 795
59 44 795
44 51 79
51 44 79
44 53 200
53 44 200
44 62 326
62 44 326
44 54 22
54 44 22
45 46 391
46 45 391
45 64 826
64 45 826
45 79 96
79 45 96
45 47 307
47 45 307
45 64 731
64 45 731
45 65 101
65 45 101
45 50 285
50 45 285
45 45 647
45 45 647
45 66 311
66 45 311
45 69 853
69 45 853
46 75 68
75 46 68
46 78 237
78 46 237
46 56 774
56 46 774
46 69 874
69 46 874
46 65 883
65 46 883
47 75 838
75 47 838
47 66 16
66 47 16
47 77 54
77 47 54
47 73 579
73 47 579
47 73 843
73 47 843
47 64 949
64 47 949
47 55 753
55 47 753
48 76 839
76 48 839
48 59 667
59 48 667
48 68 50
68 48 50
49 71 563
71 49 563
49 72 795
72 49 795
49 53 732
53 49 732
49 63 863
63 49 863
49 78 705
78 49 705
50 77 148
77 50 148
50 56 907
56 50 907
50 56 19
56 50 19
50 54 766
54 50 766
50 55 863
55 50 863
50 79 409
79 50 409
51 60 107
60 51 107
51 53 986
53 51 986
51 76 367
76 51 367
51 68 922
68 51 922
51 66 975
66 51 975
51 75 724
75 51 724
51 67 599
67 51 599
52 67 646
67 52 646
52 79 82
79 52 82
53 54 948
54 53 948
53 73 664
73 53 664
53 68 430
68 53 430
53 68 582
68 53 582
53 61 150
61 53 150
54 66 148
66 54 148
54 66 747
66 54 747
54 74 738
74 54 738
55 57 572
57 55 572
55 59 40
59 55 40
55 77 477
77 55 477
55 70 100
70 55 100
56 77 582
77 56 582
56 77 333
77 56 333
56 64 673
64 56 673
57 66 518
66 57 518
57 78 560
78 57 560
57 67 553
67 57 553
57 57 292
57 57 292
57 77 522
77 57 522
57 66 686
66 57 686
57 57 161
57 57 161
57 72 360
72 57 360
57 78 119
78 57 119
57 64 734
64 57 734
58 63 69
63 58 69
58 60 979
60 58 979
58 74 783
74 58 783
58 59 744
59 58 744
59 68 270
68 59 270
59 68 633
68 59 633
59 76 269
76 59 269
60 60 729
60 60 729
60 62 565
62 60 565
60 66 745
66 60 745
60 70 365
70 60 365
61 71 994
71 61 994
62 78 724
78 62 724
62 71 637
71 62 637
63 73 138
73 63 138
64 68 748
68 64 748
64 68 451
68 64 451
64 69 390
69 64 390
64 78 890
78 64 890
65 78 16
78 65 16
65 67 482
67 65 482
65 72 543
72 65 543
66 74 858
74 66 858
68 76 328
76 68 328
69 72 62
72 69 62
69 70 779
70 69 779
72 79 942
79 72 942
72 76 105
76 72 105
72 73 726
73 72 726
76 79 944
79 76 944
77 78 950
78 77 950
77 78 451
78 77 451
