17

0 1 79
1 0 79
0 3 860
3 0 860
0 1 659
1 0 659
0 13 358
13 0 358
0 15 210
15 0 210
0 11 120
11 0 120
0 14 323
14 0 323
0 12 32
12 0 32
0 4 23
4 0 23
1 2 255
2 1 255
1 4 672
4 1 672
1 8 869
8 1 869
1 1 983
1 1 983
1 14 48
14 1 48
1 10 203
10 1 203
2 8 349
8 2 349
2 4 488
4 2 488
3 7 778
7 3 778
3 12 269
12 3 269
3 14 210
14 3 210
3 4 46
4 3 46
3 7 717
7 3 717
3 13 134
13 3 134
4 5 81
5 4 81
4 16 313
16 4 313
4 10 311
10 4 311
4 6 261
6 4 261
4 5 20
5 4 20
4 12 143
12 4 143
5 6 944
6 5 944
5 11 658
11 5 658
5 14 334
14 5 334
5 11 457
11 5 457
6 9 685
9 6 685
6 15 691
15 6 691
6 9 421
9 6 421
7 12 942
12 7 942
8 10 669
10 8 669
8 16 11
16 8 11
8 15 464
15 8 464
9 13 760
13 9 760
9 11 75
11 9 75
10 14 403
14 10 403
11 14 642
14 11 642
11 16 394
16 11 394
12 15 548
15 12 548
13 13 998
13 13 998
14 14 469
14 14 469
14 15 76
15 14 76
15 16 363
16 15 363
