23

0 1 134
1 0 134
0 8 852
8 0 852
0 22 488
22 0 488
0 18 380
18 0 380
0 21 150
21 0 150
1 2 779
2 1 779
1 4 156
4 1 156
1 7 494
7 1 494
1 12 925
12 1 925
1 10 291
10 1 291
2 3 496
3 2 496
2 6 362
6 2 362
2 7 293
7 2 293
2 13 532
13 2 532
2 22 34
22 2 34
2 22 548
22 2 548
3 5 949
5 3 949
3 10 145
10 3 145
3 16 911
16 3 911
3 6 942
6 3 942
3 18 941
18 3 941
3 15 28
15 3 28
3 20 429
20 3 429
4 17 520
17 4 520
4 4 166
4 4 166
4 22 674
22 4 674
4 22 220
22 4 220
5 13 267
13 5 267
5 18 264
18 5 264
5 12 272
12 5 272
6 15 276
15 6 276
6 15 279
15 6 279
6 19 888
19 6 888
7 9 1
9 7 1
7 18 97
18 7 97
7 8 241
8 7 241
7 11 989
11 7 989
8 8 535
8 8 535
8 9 612
9 8 612
9 11 892
11 9 892
9 19 618
19 9 618
9 19 174
19 9 174
9 15 424
15 9 424
10 17 466
17 10 466
10 14 643
14 10 643
11 20 137
20 11 137
11 20 45
20 11 45
11 15 765
15 11 765
12 20 480
20 12 480
12 20 681
20 12 681
13 14 496
14 13 496
13 20 62
20 13 62
14 16 685
16 14 685
15 18 462
18 15 462
16 16 959
16 16 959
17 21 470
21 17 470
17 21 863
21 17 863
