23

0 1 818
1 0 818
0 2 998
2 0 998
0 3 980
3 0 980
0 1 69
1 0 69
0 19 934
19 0 934
0 13 296
13 0 296
0 6 149
6 0 149
0 15 788
15 0 788
0 4 343
4 0 343
0 10 247
10 0 247
0 8 416
8 0 416
1 12 660
12 1 660
1 11 919
11 1 919
1 21 724
21 1 724
1 21 53
21 1 53
1 7 626
7 1 626
2 4 935
4 2 935
2 17 742
17 2 742
2 19 915
19 2 915
2 4 975
4 2 975
2 10 802
10 2 802
2 12 31
12 2 31
2 17 632
17 2 632
2 13 212
13 2 212
2 9 420
9 2 420
2 14 976
14 2 976
2 9 345
9 2 345
2 13 641
13 2 641
2 8 284
8 2 284
3 6 544
6 3 544
3 7 459
7 3 459
3 15 70
15 3 70
3 9 624
9 3 624
3 22 794
22 3 794
3 6 22
6 3 22
3 17 132
17 3 132
3 11 204
11 3 204
3 16 953
16 3 953
3 18 408
18 3 408
3 7 928
7 3 928
3 18 110
18 3 110
3 10 121
10 3 121
4 5 157
5 4 157
4 8 703
8 4 703
4 13 366
13 4 366
4 10 726
10 4 726
4 20 529
20 4 529
4 16 815
16 4 815
4 16 360
16 4 360
5 9 588
9 5 588
5 8 353
8 5 353
5 9 90
9 5 90
5 17 458
17 5 458
5 22 177
22 5 177
5 7 886
7 5 886
5 14 216
14 5 216
5 5 803
5 5 803
5 21 23
21 5 23
6 11 339
11 6 339
6 15 331
15 6 331
6 22 578
22 6 578
6 9 615
9 6 615
6 22 512
22 6 512
6 16 727
16 6 727
6 13 621
13 6 621
7 13 259
13 7 259
7 14 775
14 7 775
7 16 250
16 7 250
7 20 581
20 7 581
7 8 210
8 7 210
7 18 6
18 7 6
7 21 192
21 7 192
8 10 105
10 8 105
8 14 215
14 8 215
8 17 382
17 8 382
8 9 978
9 8 978
8 21 673
21 8 673
8 22 293
22 8 293
8 9 783
9 8 783
8 17 707
17 8 707
9 22 290
22 9 290
9 13 421
13 9 421
9 19 149
19 9 149
9 12 828
12 9 828
9 18 448
18 9 448
10 20 395
20 10 395
10 16 242
16 10 242
10 17 504
17 10 504
10 17 669
17 10 669
10 15 551
15 10 551
10 11 809
11 10 809
10 21 469
21 10 469
11 17 150
17 11 150
11 21 495
21 11 495
12 22 304
22 12 304
12 14 565
14 12 565
12 22 152
22 12 152
13 16 562
16 13 562
13 21 714
21 13 714
13 22 935
22 13 935
13 20 190
20 13 190
13 20 194
20 13 194
14 18 693
18 14 693
14 22 898
22 14 898
15 17 271
17 15 271
15 17 92
17 15 92
17 20 527
20 17 527
17 18 410
18 17 410
18 19 211
19 18 211
18 21 43
21 18 43
