14

0 1 962
1 0 962
0 2 471
2 0 471
0 9 740
9 0 740
0 13 667
13 0 667
0 1 107
1 0 107
0 2 526
2 0 526
0 11 553
11 0 553
0 1 882
1 0 882
0 5 898
5 0 898
1 1 499
1 1 499
1 3 864
3 1 864
1 12 52
12 1 52
1 9 574
9 1 574
1 12 851
12 1 851
1 2 215
2 1 215
1 10 229
10 1 229
1 5 1000
5 1 1000
1 11 32
11 1 32
1 8 909
8 1 909
1 4 281
4 1 281
1 11 511
11 1 511
2 3 184
3 2 184
2 5 887
5 2 887
2 2 575
2 2 575
2 6 712
6 2 712
2 2 660
2 2 660
2 11 513
11 2 513
2 11 81
11 2 81
2 11 809
11 2 809
2 12 524
12 2 524
2 7 247
7 2 247
2 4 536
4 2 536
2 6 927
6 2 927
3 4 516
4 3 516
3 7 631
7 3 631
3 10 692
10 3 692
3 3 775
3 3 775
3 8 278
8 3 278
3 6 195
6 3 195
3 4 317
4 3 317
3 6 734
6 3 734
4 6 868
6 4 868
4 7 646
7 4 646
4 10 983
10 4 983
4 12 72
12 4 72
4 12 929
12 4 929
4 13 396
13 4 396
4 7 83
7 4 83
4 12 260
12 4 260
4 12 430
12 4 430
4 7 155
7 4 155
5 8 582
8 5 582
5 7 585
7 5 585
5 8 969
8 5 969
5 10 838
10 5 838
5 13 395
13 5 395
5 5 71
5 5 71
6 11 981
11 6 981
6 8 472
8 6 472
6 8 144
8 6 144
6 12 41
12 6 41
6 13 903
13 6 903
6 13 481
13 6 481
6 13 265
13 6 265
6 9 925
9 6 925
7 11 786
11 7 786
7 8 895
8 7 895
7 9 556
9 7 556
7 8 704
8 7 704
7 7 713
7 7 713
8 11 309
11 8 309
8 11 967
11 8 967
8 8 707
8 8 707
8 12 545
12 8 545
9 10 527
10 9 527
9 11 851
11 9 851
9 10 627
10 9 627
9 13 62
13 9 62
10 12 538
12 10 538
11 12 577
12 11 577
11 12 184
12 11 184
11 12 382
12 11 382
12 13 418
13 12 418
12 12 783
12 12 783
12 12 297
12 12 297
12 12 678
12 12 678
