11

0 1 335
1 0 335
0 2 227
2 0 227
0 5 605
5 0 605
0 4 395
4 0 395
0 6 633
6 0 633
0 5 915
5 0 915
0 7 305
7 0 305
0 0 381
0 0 381
1 3 526
3 1 526
1 7 220
7 1 220
1 7 242
7 1 242
1 10 960
10 1 960
1 7 739
7 1 739
1 6 244
6 1 244
2 4 87
4 2 87
2 10 145
10 2 145
2 9 934
9 2 934
2 9 14
9 2 14
2 10 804
10 2 804
2 5 577
5 2 577
2 10 776
10 2 776
2 5 837
5 2 837
2 2 375
2 2 375
2 4 146
4 2 146
2 4 989
4 2 989
2 2 267
2 2 267
2 2 799
2 2 799
2 8 684
8 2 684
3 5 97
5 3 97
3 10 184
10 3 184
3 5 349
5 3 349
3 6 604
6 3 604
3 6 611
6 3 611
4 6 414
6 4 414
4 10 245
10 4 245
4 8 969
8 4 969
4 9 768
9 4 768
4 6 802
6 4 802
4 7 767
7 4 767
5 8 452
8 5 452
5 9 850
9 5 850
5 9 453
9 5 453
7 10 366
10 7 366
8 9 964
9 8 964
8 9 640
9 8 640
