89

0 1 722
1 0 722
0 4 636
4 0 636
0 77 86
77 0 86
0 34 602
34 0 602
0 52 435
52 0 435
0 73 731
73 0 731
0 13 892
13 0 892
0 88 875
88 0 875
0 71 631
71 0 631
0 4 887
4 0 887
0 9 287
9 0 287
0 42 911
42 0 911
0 45 562
45 0 562
0 34 752
34 0 752
0 67 436
67 0 436
0 7 570
7 0 570
0 10 178
10 0 178
0 20 862
20 0 862
0 32 395
32 0 395
0 71 384
71 0 384
0 75 17
75 0 17
0 71 326
71 0 326
1 2 230
2 1 230
1 3 200
3 1 200
1 21 909
21 1 909
1 22 579
22 1 579
1 66 386
66 1 386
1 79 637
79 1 637
1 40 170
40 1 170
1 11 442
11 1 442
1 48 849
48 1 849
1 44 129
44 1 129
1 70 951
70 1 951
1 63 954
63 1 954
1 29 6
29 1 6
1 54 183
54 1 183
1 56 571
56 1 571
1 59 802
59 1 802
2 5 853
5 2 853
2 6 936
6 2 936
2 11 606
11 2 606
2 20 90
20 2 90
2 30 436
30 2 436
2 67 863
67 2 863
2 56 208
56 2 208
2 75 50
75 2 50
2 57 247
57 2 247
2 77 594
77 2 594
2 72 816
72 2 816
2 13 964
13 2 964
2 35 251
35 2 251
2 75 711
75 2 711
2 50 631
50 2 631
2 60 721
60 2 721
2 13 109
13 2 109
2 26 745
26 2 745
3 8 504
8 3 504
3 10 483
10 3 483
3 45 826
45 3 826
3 48 83
48 3 83
3 66 949
66 3 949
3 60 877
60 3 877
3 39 811
39 3 811
3 11 39
11 3 39
3 44 321
44 3 321
3 74 771
74 3 771
3 14 563
14 3 563
3 65 652
65 3 652
3 33 464
33 3 464
3 33 866
33 3 866
3 36 705
36 3 705
3 72 850
72 3 850
3 12 888
12 3 888
4 55 653
55 4 653
4 51 120
51 4 120
4 79 554
79 4 554
4 74 610
74 4 610
4 50 123
50 4 123
4 55 199
55 4 199
4 55 601
55 4 601
4 5 357
5 4 357
4 50 555
50 4 555
4 18 706
18 4 706
4 77 971
77 4 971
4 12 796
12 4 796
4 13 556
13 4 556
4 10 99
10 4 99
4 56 195
56 4 195
5 7 523
7 5 523
5 13 560
13 5 560
5 36 516
36 5 516
5 54 871
54 5 871
5 85 689
85 5 689
5 15 546
15 5 546
5 79 944
79 5 944
5 62 570
62 5 570
5 34 369
34 5 369
5 63 812
63 5 812
5 29 254
29 5 254
5 32 689
32 5 689
5 59 617
59 5 617
5 56 330
56 5 330
5 16 562
16 5 562
5 7 195
7 5 195
5 23 423
23 5 423
6 12 84
12 6 84
6 17 847
17 6 847
6 37 524
37 6 524
6 42 678
42 6 678
6 53 788
53 6 788
6 39 549
39 6 549
6 28 751
28 6 751
6 85 734
85 6 734
6 66 361
66 6 361
6 20 709
20 6 709
6 87 605
87 6 605
6 32 998
32 6 998
6 10 242
10 6 242
6 84 161
84 6 161
6 64 181
64 6 181
6 66 545
66 6 545
6 27 379
27 6 379
6 44 759
44 6 759
6 24 949
24 6 949
6 53 418
53 6 418
7 16 972
16 7 972
7 38 263
38 7 263
7 47 331
47 7 331
7 46 396
46 7 396
7 84 361
84 7 361
7 88 205
88 7 205
7 79 819
79 7 819
7 16 733
16 7 733
7 34 420
34 7 420
7 10 196
10 7 196
7 12 320
12 7 320
8 9 429
9 8 429
8 56 626
56 8 626
8 14 569
14 8 569
8 19 972
19 8 972
8 64 814
64 8 814
8 57 3
57 8 3
8 36 313
36 8 313
8 60 687
60 8 687
8 45 657
45 8 657
8 33 96
33 8 96
8 69 101
69 8 101
8 48 775
48 8 775
8 69 486
69 8 486
8 25 240
25 8 240
8 67 554
67 8 554
8 46 87
46 8 87
9 72 685
72 9 685
9 82 745
82 9 745
9 84 781
84 9 781
9 79 957
79 9 957
9 34 103
34 9 103
9 77 285
77 9 285
9 81 904
81 9 904
9 60 716
60 9 716
9 15 973
15 9 973
9 64 115
64 9 115
9 58 36
58 9 36
9 86 572
86 9 572
9 43 471
43 9 471
10 15 298
15 10 298
10 18 162
18 10 162
10 35 969
35 10 969
10 57 799
57 10 799
10 57 875
57 10 875
10 50 571
50 10 571
10 45 422
45 10 422
10 64 228
64 10 228
10 52 367
52 10 367
10 32 249
32 10 249
10 79 5
79 10 5
10 47 244
47 10 244
10 81 776
81 10 776
10 55 985
55 10 985
10 82 239
82 10 239
10 31 503
31 10 503
10 42 546
42 10 546
10 15 192
15 10 192
10 20 229
20 10 229
11 87 300
87 11 300
11 72 327
72 11 327
11 85 798
85 11 798
11 83 419
83 11 419
11 67 958
67 11 958
11 29 181
29 11 181
11 79 925
79 11 925
11 45 14
45 11 14
11 35 796
35 11 796
11 73 827
73 11 827
11 72 652
72 11 652
11 17 89
17 11 89
11 31 96
31 11 96
11 57 62
57 11 62
12 23 551
23 12 551
12 47 617
47 12 617
12 86 645
86 12 645
12 74 515
74 12 515
12 88 790
88 12 790
12 73 131
73 12 131
12 66 168
66 12 168
12 76 328
76 12 328
12 22 755
22 12 755
12 14 186
14 12 186
12 36 574
36 12 574
12 50 395
50 12 395
12 76 37
76 12 37
12 84 322
84 12 322
12 59 68
59 12 68
12 30 576
30 12 576
12 88 21
88 12 21
12 81 195
81 12 195
12 73 505
73 12 505
12 35 464
35 12 464
13 14 357
14 13 357
13 24 428
24 13 428
13 64 867
64 13 867
13 20 980
20 13 980
13 87 641
87 13 641
13 46 164
46 13 164
13 15 386
15 13 386
13 40 154
40 13 154
13 69 134
69 13 134
13 56 512
56 13 512
13 29 199
29 13 199
13 17 548
17 13 548
13 59 189
59 13 189
13 48 232
48 13 232
13 66 427
66 13 427
13 42 215
42 13 215
13 85 260
85 13 260
13 29 847
29 13 847
14 19 768
19 14 768
14 27 522
27 14 522
14 71 573
71 14 573
14 17 802
17 14 802
14 52 991
52 14 991
14 58 607
58 14 607
14 54 359
54 14 359
14 15 91
15 14 91
14 25 502
25 14 502
14 63 916
63 14 916
14 58 971
58 14 971
14 23 284
23 14 284
14 46 276
46 14 276
14 63 20
63 14 20
14 21 488
21 14 488
14 48 600
48 14 600
14 75 992
75 14 992
15 26 574
26 15 574
15 38 376
38 15 376
15 59 900
59 15 900
15 32 518
32 15 518
15 64 878
64 15 878
15 35 474
35 15 474
15 78 389
78 15 389
15 23 420
23 15 420
15 64 738
64 15 738
15 15 549
15 15 549
15 52 69
52 15 69
15 77 802
77 15 802
15 35 960
35 15 960
15 46 907
46 15 907
15 85 454
85 15 454
15 18 951
18 15 951
15 64 686
64 15 686
16 28 199
28 16 199
16 84 198
84 16 198
16 71 774
71 16 774
16 69 763
69 16 763
16 70 235
70 16 235
16 77 382
77 16 382
16 25 930
25 16 930
16 54 808
54 16 808
16 70 389
70 16 389
16 75 632
75 16 632
16 88 861
88 16 861
16 66 355
66 16 355
16 52 867
52 16 867
16 67 282
67 16 282
16 58 15
58 16 15
16 50 134
50 16 134
17 46 570
46 17 570
17 35 534
35 17 534
17 21 438
21 17 438
17 79 401
79 17 401
17 52 523
52 17 523
17 43 985
43 17 985
17 61 465
61 17 465
17 48 858
48 17 858
17 27 971
27 17 971
17 22 175
22 17 175
17 28 1
28 17 1
17 79 176
79 17 176
17 37 534
37 17 534
18 76 663
76 18 663
18 27 335
27 18 335
18 38 382
38 18 382
18 42 603
42 18 603
18 81 574
81 18 574
18 78 718
78 18 718
18 42 966
42 18 966
18 40 40
40 18 40
18 60 457
60 18 457
18 79 368
79 18 368
18 19 719
19 18 719
18 73 78
73 18 78
18 26 293
26 18 293
18 53 859
53 18 859
19 28 979
28 19 979
19 41 723
41 19 723
19 30 207
30 19 207
19 54 635
54 19 635
19 70 684
70 19 684
19 54 593
54 19 593
19 57 274
57 19 274
19 39 322
39 19 322
19 46 548
46 19 548
19 40 624
40 19 624
19 48 231
48 19 231
19 48 826
48 19 826
19 50 911
50 19 911
19 76 214
76 19 214
19 46 161
46 19 161
19 23 179
23 19 179
19 61 755
61 19 755
19 67 981
67 19 981
19 42 456
42 19 456
19 36 867
36 19 867
20 58 869
58 20 869
20 87 572
87 20 572
20 34 495
34 20 495
20 55 202
55 20 202
20 57 966
57 20 966
20 57 684
57 20 684
20 65 256
65 20 256
20 45 763
45 20 763
20 32 798
32 20 798
20 84 519
84 20 519
20 81 269
81 20 269
20 31 455
31 20 455
20 67 174
67 20 174
21 31 700
31 21 700
21 32 382
32 21 382
21 33 322
33 21 322
21 52 213
52 21 213
21 37 206
37 21 206
21 56 571
56 21 571
21 86 189
86 21 189
21 47 406
47 21 406
21 73 414
73 21 414
21 85 930
85 21 930
21 21 126
21 21 126
21 52 627
52 21 627
21 66 691
66 21 691
21 22 534
22 21 534
21 62 937
62 21 937
22 29 508
29 22 508
22 62 730
62 22 730
22 62 305
62 22 305
22 74 846
74 22 846
22 70 262
70 22 262
22 79 720
79 22 720
22 40 120
40 22 120
23 25 292
25 23 292
23 41 316
41 23 316
23 35 933
35 23 933
23 55 778
55 23 778
23 31 33
31 23 33
23 77 80
77 23 80
23 42 65
42 23 65
23 62 735
62 23 735
23 28 852
28 23 852
23 79 750
79 23 750
24 65 630
65 24 630
24 73 383
73 24 383
24 45 732
45 24 732
24 77 175
77 24 175
24 56 434
56 24 434
24 56 257
56 24 257
24 82 479
82 24 479
24 51 293
51 24 293
24 65 990
65 24 990
24 60 924
60 24 924
24 86 689
86 24 689
24 61 612
61 24 612
24 77 275
77 24 275
24 52 228
52 24 228
24 67 919
67 24 919
24 33 836
33 24 836
24 27 780
27 24 780
24 62 213
62 24 213
24 44 165
44 24 165
25 34 458
34 25 458
25 33 933
33 25 933
25 62 835
62 25 835
25 58 478
58 25 478
25 54 99
54 25 99
25 88 529
88 25 529
25 42 473
42 25 473
25 59 873
59 25 873
25 65 545
65 25 545
25 84 960
84 25 960
25 63 40
63 25 40
25 59 210
59 25 210
25 46 940
46 25 940
25 64 647
64 25 647
25 62 410
62 25 410
25 87 656
87 25 656
25 78 230
78 25 230
25 38 833
38 25 833
26 69 371
69 26 371
26 64 775
64 26 775
26 70 764
70 26 764
26 74 291
74 26 291
26 55 830
55 26 830
26 88 507
88 26 507
26 44 322
44 26 322
26 84 934
84 26 934
26 58 902
58 26 902
26 43 819
43 26 819
26 31 968
31 26 968
27 39 552
39 27 552
27 43 773
43 27 773
27 88 391
88 27 391
27 54 894
54 27 894
27 55 505
55 27 505
27 88 421
88 27 421
27 67 185
67 27 185
27 51 586
51 27 586
27 44 743
44 27 743
28 31 18
31 28 18
28 39 612
39 28 612
28 35 133
35 28 133
28 71 366
71 28 366
28 47 28
47 28 28
28 37 4
37 28 4
28 30 211
30 28 211
28 45 106
45 28 106
28 68 565
68 28 565
28 54 34
54 28 34
28 82 122
82 28 122
28 88 575
88 28 575
28 52 402
52 28 402
28 88 235
88 28 235
29 49 612
49 29 612
29 81 716
81 29 716
29 36 604
36 29 604
29 64 43
64 29 43
29 31 589
31 29 589
29 74 983
74 29 983
29 82 290
82 29 290
29 74 404
74 29 404
29 75 898
75 29 898
29 40 392
40 29 392
30 62 616
62 30 616
30 51 273
51 30 273
30 65 386
65 30 386
30 76 933
76 30 933
30 34 634
34 30 634
30 51 218
51 30 218
30 40 304
40 30 304
30 45 553
45 30 553
30 30 991
30 30 991
30 80 294
80 30 294
30 49 458
49 30 458
30 88 811
88 30 811
30 40 601
40 30 601
31 52 418
52 31 418
31 60 503
60 31 503
31 36 935
36 31 935
31 71 766
71 31 766
31 45 406
45 31 406
31 33 19
33 31 19
31 63 259
63 31 259
31 40 114
40 31 114
31 60 844
60 31 844
32 40 947
40 32 947
32 51 712
51 32 712
32 67 614
67 32 614
32 77 15
77 32 15
32 83 817
83 32 817
32 46 678
46 32 678
32 79 566
79 32 566
32 85 460
85 32 460
32 54 805
54 32 805
32 70 437
70 32 437
33 61 94
61 33 94
33 64 871
64 33 871
33 41 473
41 33 473
33 36 347
36 33 347
33 33 821
33 33 821
33 55 603
55 33 603
33 58 233
58 33 233
33 79 862
79 33 862
33 84 269
84 33 269
33 54 226
54 33 226
33 46 693
46 33 693
33 34 972
34 33 972
33 40 540
40 33 540
34 55 319
55 34 319
34 35 177
35 34 177
34 48 318
48 34 318
34 81 874
81 34 874
34 58 57
58 34 57
34 76 282
76 34 282
34 79 9
79 34 9
34 55 90
55 34 90
34 37 596
37 34 596
35 70 878
70 35 878
35 66 60
66 35 60
35 64 971
64 35 971
35 81 587
81 35 587
35 68 864
68 35 864
36 68 921
68 36 921
36 60 511
60 36 511
36 51 596
51 36 596
36 61 123
61 36 123
36 37 390
37 36 390
36 47 421
47 36 421
36 40 566
40 36 566
36 60 287
60 36 287
36 78 934
78 36 934
37 56 299
56 37 299
37 37 330
37 37 330
37 83 230
83 37 230
37 66 833
66 37 833
37 82 226
82 37 226
37 54 394
54 37 394
37 82 143
82 37 143
38 53 858
53 38 858
38 64 986
64 38 986
38 52 334
52 38 334
38 38 151
38 38 151
38 46 723
46 38 723
39 44 935
44 39 935
39 81 973
81 39 973
39 46 410
46 39 410
39 42 360
42 39 360
39 82 619
82 39 619
39 48 991
48 39 991
39 46 862
46 39 862
39 88 334
88 39 334
40 88 385
88 40 385
40 46 378
46 40 378
40 50 423
50 40 423
40 66 647
66 40 647
40 75 135
75 40 135
40 53 658
53 40 658
40 44 660
44 40 660
40 78 389
78 40 389
40 44 258
44 40 258
40 84 851
84 40 851
40 45 27
45 40 27
41 56 502
56 41 502
41 50 43
50 41 43
41 43 373
43 41 373
41 46 3
46 41 3
41 77 421
77 41 421
41 83 700
83 41 700
41 48 285
48 41 285
41 50 900
50 41 900
42 75 233
75 42 233
42 75 823
75 42 823
42 87 515
87 42 515
42 62 163
62 42 163
42 54 658
54 42 658
42 49 276
49 42 276
42 73 910
73 42 910
42 61 305
61 42 305
42 80 331
80 42 331
42 81 807
81 42 807
42 63 460
63 42 460
42 47 955
47 42 955
43 50 268
50 43 268
43 76 310
76 43 310
43 73 825
73 43 825
43 53 244
53 43 244
43 55 824
55 43 824
43 71 12
71 43 12
43 70 81
70 43 81
43 52 196
52 43 196
43 66 361
66 43 361
43 48 771
48 43 771
43 62 537
62 43 537
44 72 158
72 44 158
44 82 629
82 44 629
44 55 958
55 44 958
44 53 263
53 44 263
44 45 599
45 44 599
44 49 975
49 44 975
45 63 787
63 45 787
45 58 592
58 45 592
45 53 212
53 45 212
45 52 345
52 45 345
45 68 927
68 45 927
46 48 53
48 46 53
46 68 393
68 46 393
46 72 89
72 46 89
46 63 736
63 46 736
46 50 659
50 46 659
46 86 98
86 46 98
46 80 491
80 46 491
46 82 866
82 46 866
47 62 755
62 47 755
47 64 137
64 47 137
47 58 495
58 47 495
48 88 224
88 48 224
48 74 227
74 48 227
48 88 263
88 48 263
48 85 667
85 48 667
48 78 629
78 48 629
49 58 111
58 49 111
49 87 915
87 49 915
49 73 422
73 49 422
50 88 315
88 50 315
50 53 184
53 50 184
50 55 136
55 50 136
50 58 195
58 50 195
50 54 924
54 50 924
50 52 687
52 50 687
51 73 44
73 51 44
51 78 114
78 51 114
51 75 605
75 51 605
51 83 577
83 51 577
51 61 894
61 51 894
51 57 84
57 51 84
52 78 313
78 52 313
52 57 881
57 52 881
52 54 247
54 52 247
52 78 98
78 52 98
52 61 535
61 52 535
52 69 423
69 52 423
52 85 645
85 52 645
53 88 693
88 53 693
53 84 592
84 53 592
53 59 504
59 53 504
53 68 302
68 53 302
53 65 31
65 53 31
53 62 182
62 53 182
53 83 852
83 53 852
53 87 272
87 53 272
54 86 936
86 54 936
54 58 646
58 54 646
54 83 587
83 54 587
54 75 535
75 54 535
54 71 594
71 54 594
54 74 173
74 54 173
54 66 210
66 54 210
55 85 58
85 55 58
55 88 867
88 55 867
55 88 482
88 55 482
55 84 546
84 55 546
55 73 461
73 55 461
55 82 911
82 55 911
55 75 696
75 55 696
56 72 799
72 56 799
56 57 497
57 56 497
56 67 570
67 56 570
56 80 433
80 56 433
57 74 834
74 57 834
57 77 24
77 57 24
57 74 553
74 57 553
57 82 616
82 57 616
57 62 539
62 57 539
57 86 191
86 57 191
57 77 617
77 57 617
58 63 385
63 58 385
58 79 287
79 58 287
58 68 7
68 58 7
58 79 490
79 58 490
58 63 838
63 58 838
58 66 603
66 58 603
58 82 788
82 58 788
58 63 66
63 58 66
58 67 711
67 58 711
59 80 129
80 59 129
59 83 257
83 59 257
60 80 284
80 60 284
60 88 687
88 60 687
60 75 635
75 60 635
60 68 875
68 60 875
60 86 587
86 60 587
60 76 926
76 60 926
60 69 470
69 60 470
61 63 442
63 61 442
61 83 296
83 61 296
62 68 123
68 62 123
62 67 574
67 62 574
62 82 64
82 62 64
63 83 445
83 63 445
63 80 509
80 63 509
63 67 757
67 63 757
63 73 512
73 63 512
63 71 241
71 63 241
63 83 358
83 63 358
64 79 775
79 64 775
64 86 120
86 64 120
64 82 973
82 64 973
65 73 888
73 65 888
65 70 147
70 65 147
65 72 777
72 65 777
66 85 936
85 66 936
66 73 564
73 66 564
67 79 729
79 67 729
67 73 337
73 67 337
67 87 221
87 67 221
67 68 18
68 67 18
68 76 373
76 68 373
68 70 717
70 68 717
69 86 613
86 69 613
69 85 603
85 69 603
69 84 702
84 69 702
69 75 420
75 69 420
69 77 359
77 69 359
69 79 492
79 69 492
70 74 393
74 70 393
70 82 823
82 70 823
71 72 838
72 71 838
71 76 447
76 71 447
72 78 833
78 72 833
72 79 649
79 72 649
72 88 782
88 72 782
72 86 238
86 72 238
72 88 581
88 72 581
72 86 849
86 72 849
73 80 113
80 73 113
73 73 596
73 73 596
73 87 800
87 73 800
74 80 607
80 74 607
74 85 524
85 74 524
74 86 928
86 74 928
74 81 365
81 74 365
75 87 826
87 75 826
75 81 195
81 75 195
75 80 778
80 75 778
75 77 800
77 75 800
75 85 39
85 75 39
75 88 280
88 75 280
76 77 66
77 76 66
77 82 566
82 77 566
77 87 908
87 77 908
78 79 825
79 78 825
78 88 789
88 78 789
78 80 308
80 78 308
80 86 949
86 80 949
80 87 238
87 80 238
82 85 736
85 82 736
82 87 11
87 82 11
83 87 327
87 83 327
