48

0 1 843
1 0 843
0 5 687
5 0 687
0 11 417
11 0 417
0 13 451
13 0 451
0 1 987
1 0 987
0 12 399
12 0 399
0 3 602
3 0 602
0 5 106
5 0 106
0 32 964
32 0 964
0 23 710
23 0 710
0 24 164
24 0 164
0 36 771
36 0 771
0 39 515
39 0 515
0 24 126
24 0 126
0 46 742
46 0 742
0 34 45
34 0 45
0 20 3
20 0 3
0 9 612
9 0 612
0 3 812
3 0 812
0 35 790
35 0 790
0 13 741
13 0 741
0 27 742
27 0 742
0 14 494
14 0 494
0 30 612
30 0 612
0 28 375
28 0 375
0 32 129
32 0 129
0 9 472
9 0 472
0 5 629
5 0 629
0 45 908
45 0 908
0 45 693
45 0 693
0 41 879
41 0 879
0 42 777
42 0 777
0 3 917
3 0 917
0 17 721
17 0 721
0 17 49
17 0 49
0 30 325
30 0 325
1 2 10
2 1 10
1 3 652
3 1 652
1 34 531
34 1 531
1 36 6
36 1 6
1 47 653
47 1 653
1 40 925
40 1 925
1 39 579
39 1 579
1 32 134
32 1 134
1 31 71
31 1 71
1 6 727
6 1 727
1 17 665
17 1 665
1 32 59
32 1 59
1 31 188
31 1 188
1 13 97
13 1 97
1 2 719
2 1 719
1 24 683
24 1 683
1 36 416
36 1 416
1 36 483
36 1 483
1 23 320
23 1 320
1 14 64
14 1 64
1 39 712
39 1 712
1 10 547
10 1 547
1 35 570
35 1 570
1 44 536
44 1 536
1 18 865
18 1 865
1 9 843
9 1 843
1 2 268
2 1 268
1 6 402
6 1 402
1 31 729
31 1 729
1 5 471
5 1 471
1 25 217
25 1 217
1 31 544
31 1 544
2 4 44
4 2 44
2 12 181
12 2 181
2 16 548
16 2 548
2 19 36
19 2 36
2 29 944
29 2 944
2 11 504
11 2 504
2 45 851
45 2 851
2 3 979
3 2 979
2 17 68
17 2 68
2 31 101
31 2 101
2 43 396
43 2 396
2 16 611
16 2 611
2 15 617
15 2 617
2 46 65
46 2 65
2 10 129
10 2 129
2 34 385
34 2 385
2 17 520
17 2 520
2 33 597
33 2 597
2 9 849
9 2 849
2 12 656
12 2 656
2 35 855
35 2 855
2 32 423
32 2 423
2 33 849
33 2 849
2 44 827
44 2 827
2 32 90
32 2 90
2 31 369
31 2 369
3 23 933
23 3 933
3 16 960
16 3 960
3 10 603
10 3 603
3 4 508
4 3 508
3 8 352
8 3 352
3 13 935
13 3 935
3 44 910
44 3 910
3 46 674
46 3 674
3 22 167
22 3 167
3 24 165
24 3 165
3 18 120
18 3 120
3 5 7
5 3 7
3 7 871
7 3 871
3 23 664
23 3 664
3 18 409
18 3 409
3 14 386
14 3 386
3 19 795
19 3 795
3 16 603
16 3 603
3 8 990
8 3 990
3 3 576
3 3 576
3 38 875
38 3 875
3 6 673
6 3 673
4 6 545
6 4 545
4 7 225
7 4 225
4 8 173
8 4 173
4 10 472
10 4 472
4 15 297
15 4 297
4 21 238
21 4 238
4 31 703
31 4 703
4 17 915
17 4 915
4 33 616
33 4 616
4 44 647
44 4 647
4 20 360
20 4 360
4 38 356
38 4 356
4 30 234
30 4 234
4 44 598
44 4 598
4 21 373
21 4 373
4 18 225
18 4 225
4 14 402
14 4 402
4 47 950
47 4 950
4 31 506
31 4 506
4 42 189
42 4 189
4 20 688
20 4 688
4 17 752
17 4 752
5 42 337
42 5 337
5 42 516
42 5 516
5 30 916
30 5 916
5 29 379
29 5 379
5 13 312
13 5 312
5 14 326
14 5 326
5 16 483
16 5 483
5 37 434
37 5 434
5 23 665
23 5 665
5 8 35
8 5 35
5 31 884
31 5 884
5 29 923
29 5 923
5 32 84
32 5 84
5 15 429
15 5 429
5 35 59
35 5 59
5 37 28
37 5 28
6 27 443
27 6 443
6 24 277
24 6 277
6 34 374
34 6 374
6 26 6
26 6 6
6 32 357
32 6 357
6 39 804
39 6 804
6 33 743
33 6 743
6 39 903
39 6 903
6 37 743
37 6 743
6 39 730
39 6 730
6 18 923
18 6 923
6 7 488
7 6 488
6 28 201
28 6 201
6 18 460
18 6 460
6 39 236
39 6 236
6 36 268
36 6 268
6 44 371
44 6 371
6 15 567
15 6 567
6 9 412
9 6 412
6 16 692
16 6 692
6 8 261
8 6 261
6 35 309
35 6 309
6 36 906
36 6 906
6 43 269
43 6 269
6 18 72
18 6 72
6 28 72
28 6 72
6 15 997
15 6 997
6 12 888
12 6 888
6 34 794
34 6 794
6 29 673
29 6 673
6 18 879
18 6 879
7 9 443
9 7 443
7 30 578
30 7 578
7 11 654
11 7 654
7 32 80
32 7 80
7 38 743
38 7 743
7 24 246
24 7 246
7 36 828
36 7 828
7 29 952
29 7 952
7 46 332
46 7 332
7 36 134
36 7 134
7 18 841
18 7 841
7 47 685
47 7 685
7 28 243
28 7 243
7 31 362
31 7 362
7 44 403
44 7 403
7 21 101
21 7 101
7 33 206
33 7 206
7 29 458
29 7 458
7 45 351
45 7 351
7 30 28
30 7 28
7 41 757
41 7 757
8 10 741
10 8 741
8 34 301
34 8 301
8 17 670
17 8 670
8 39 598
39 8 598
8 43 217
43 8 217
8 40 305
40 8 305
8 47 823
47 8 823
8 37 994
37 8 994
8 8 556
8 8 556
8 35 694
35 8 694
8 39 666
39 8 666
8 29 959
29 8 959
8 46 708
46 8 708
8 23 383
23 8 383
8 19 279
19 8 279
8 36 487
36 8 487
8 17 348
17 8 348
8 24 21
24 8 21
8 38 905
38 8 905
8 12 166
12 8 166
8 12 819
12 8 819
8 38 603
38 8 603
9 43 906
43 9 906
9 30 237
30 9 237
9 44 113
44 9 113
9 19 175
19 9 175
9 46 251
46 9 251
9 31 157
31 9 157
9 19 651
19 9 651
9 40 535
40 9 535
9 19 146
19 9 146
9 47 683
47 9 683
9 25 769
25 9 769
9 26 427
26 9 427
9 35 939
35 9 939
9 31 314
31 9 314
9 24 912
24 9 912
9 28 820
28 9 820
9 12 598
12 9 598
9 29 269
29 9 269
9 42 897
42 9 897
9 24 447
24 9 447
10 18 849
18 10 849
10 11 263
11 10 263
10 11 4
11 10 4
10 25 556
25 10 556
10 36 46
36 10 46
10 36 66
36 10 66
10 31 496
31 10 496
10 33 475
33 10 475
10 32 809
32 10 809
10 22 140
22 10 140
10 41 129
41 10 129
10 42 606
42 10 606
10 22 864
22 10 864
10 11 418
11 10 418
10 30 857
30 10 857
10 16 924
16 10 924
10 16 993
16 10 993
10 26 975
26 10 975
11 38 434
38 11 434
11 30 830
30 11 830
11 20 685
20 11 685
11 34 973
34 11 973
11 45 399
45 11 399
11 13 260
13 11 260
11 38 611
38 11 611
11 13 544
13 11 544
11 22 344
22 11 344
11 34 217
34 11 217
11 38 370
38 11 370
11 14 541
14 11 541
11 17 663
17 11 663
11 24 30
24 11 30
11 30 851
30 11 851
11 41 831
41 11 831
11 29 176
29 11 176
11 33 41
33 11 41
11 35 136
35 11 136
12 14 669
14 12 669
12 39 385
39 12 385
12 15 679
15 12 679
12 29 852
29 12 852
12 20 551
20 12 551
12 14 693
14 12 693
12 28 960
28 12 960
12 16 648
16 12 648
12 28 580
28 12 580
12 38 801
38 12 801
12 45 868
45 12 868
12 25 263
25 12 263
12 42 451
42 12 451
12 28 43
28 12 43
12 39 186
39 12 186
12 35 896
35 12 896
12 26 610
26 12 610
12 40 8
40 12 8
12 43 459
43 12 459
12 34 367
34 12 367
12 26 834
26 12 834
12 24 592
24 12 592
12 40 799
40 12 799
12 27 355
27 12 355
12 28 817
28 12 817
12 34 665
34 12 665
13 42 70
42 13 70
13 39 714
39 13 714
13 39 858
39 13 858
13 25 295
25 13 295
13 45 88
45 13 88
13 41 263
41 13 263
13 45 238
45 13 238
13 37 153
37 13 153
13 15 452
15 13 452
13 35 838
35 13 838
13 14 411
14 13 411
13 29 499
29 13 499
13 24 713
24 13 713
13 27 144
27 13 144
13 18 480
18 13 480
13 33 319
33 13 319
13 46 243
46 13 243
13 33 144
33 13 144
13 46 214
46 13 214
14 28 488
28 14 488
14 32 910
32 14 910
14 35 741
35 14 741
14 16 26
16 14 26
14 18 653
18 14 653
14 15 590
15 14 590
14 30 796
30 14 796
14 38 597
38 14 597
14 46 888
46 14 888
14 46 706
46 14 706
14 24 356
24 14 356
14 26 579
26 14 579
14 19 787
19 14 787
14 28 540
28 14 540
14 29 504
29 14 504
14 18 748
18 14 748
14 24 40
24 14 40
14 29 246
29 14 246
14 31 364
31 14 364
14 44 272
44 14 272
14 17 993
17 14 993
14 18 99
18 14 99
14 16 377
16 14 377
14 38 607
38 14 607
14 45 841
45 14 841
15 24 151
24 15 151
15 45 206
45 15 206
15 24 658
24 15 658
15 22 270
22 15 270
15 34 810
34 15 810
15 42 275
42 15 275
15 44 329
44 15 329
15 29 280
29 15 280
15 23 62
23 15 62
15 17 669
17 15 669
15 47 8
47 15 8
15 45 632
45 15 632
15 40 659
40 15 659
16 17 686
17 16 686
16 22 804
22 16 804
16 25 791
25 16 791
16 23 322
23 16 322
16 45 450
45 16 450
16 39 861
39 16 861
16 27 424
27 16 424
16 35 824
35 16 824
16 35 48
35 16 48
16 44 938
44 16 938
16 22 891
22 16 891
16 20 193
20 16 193
16 22 461
22 16 461
16 16 517
16 16 517
16 34 338
34 16 338
16 20 294
20 16 294
16 33 652
33 16 652
16 21 209
21 16 209
16 21 460
21 16 460
16 34 853
34 16 853
16 28 209
28 16 209
16 42 363
42 16 363
16 36 757
36 16 757
16 34 405
34 16 405
17 35 954
35 17 954
17 37 139
37 17 139
17 19 591
19 17 591
17 24 549
24 17 549
17 34 289
34 17 289
17 27 423
27 17 423
17 44 89
44 17 89
17 22 887
22 17 887
17 21 248
21 17 248
17 40 200
40 17 200
17 25 925
25 17 925
17 33 141
33 17 141
18 20 758
20 18 758
18 35 119
35 18 119
18 20 711
20 18 711
18 46 231
46 18 231
18 22 171
22 18 171
18 29 812
29 18 812
18 38 258
38 18 258
18 40 477
40 18 477
18 34 214
34 18 214
19 36 283
36 19 283
19 44 726
44 19 726
19 25 567
25 19 567
19 38 79
38 19 79
19 25 58
25 19 58
19 27 884
27 19 884
19 28 552
28 19 552
19 23 27
23 19 27
19 36 501
36 19 501
19 25 940
25 19 940
19 31 449
31 19 449
19 34 672
34 19 672
19 25 614
25 19 614
19 20 585
20 19 585
19 30 191
30 19 191
19 22 754
22 19 754
19 31 873
31 19 873
19 24 751
24 19 751
20 27 990
27 20 990
20 40 371
40 20 371
20 20 700
20 20 700
20 25 542
25 20 542
20 26 673
26 20 673
20 34 345
34 20 345
20 35 881
35 20 881
20 21 712
21 20 712
20 31 841
31 20 841
20 43 703
43 20 703
20 35 859
35 20 859
20 44 863
44 20 863
20 26 722
26 20 722
20 35 807
35 20 807
20 30 453
30 20 453
20 34 968
34 20 968
21 26 673
26 21 673
21 37 898
37 21 898
21 29 804
29 21 804
21 38 877
38 21 877
21 32 548
32 21 548
21 24 671
24 21 671
21 24 924
24 21 924
21 24 122
24 21 122
21 39 966
39 21 966
21 24 855
24 21 855
21 43 933
43 21 933
21 36 738
36 21 738
21 27 591
27 21 591
21 32 168
32 21 168
21 41 752
41 21 752
21 44 341
44 21 341
21 32 399
32 21 399
21 31 593
31 21 593
22 25 851
25 22 851
22 26 441
26 22 441
22 37 1000
37 22 1000
22 35 332
35 22 332
22 43 466
43 22 466
22 27 240
27 22 240
22 30 136
30 22 136
22 45 147
45 22 147
22 41 402
41 22 402
22 43 525
43 22 525
22 36 550
36 22 550
23 29 333
29 23 333
23 34 267
34 23 267
23 32 4
32 23 4
23 34 772
34 23 772
23 30 817
30 23 817
23 40 33
40 23 33
23 45 697
45 23 697
23 31 138
31 23 138
24 27 854
27 24 854
24 41 576
41 24 576
24 30 672
30 24 672
24 36 607
36 24 607
24 25 770
25 24 770
24 39 915
39 24 915
24 33 826
33 24 826
24 30 991
30 24 991
24 41 371
41 24 371
24 41 920
41 24 920
24 43 961
43 24 961
24 40 274
40 24 274
24 42 442
42 24 442
25 30 558
30 25 558
25 28 999
28 25 999
25 25 54
25 25 54
25 46 650
46 25 650
25 40 861
40 25 861
25 30 651
30 25 651
25 35 617
35 25 617
25 41 959
41 25 959
26 38 24
38 26 24
26 31 389
31 26 389
26 32 302
32 26 302
26 35 481
35 26 481
26 38 3
38 26 3
26 36 498
36 26 498
26 35 177
35 26 177
26 44 814
44 26 814
26 40 71
40 26 71
26 30 527
30 26 527
27 35 105
35 27 105
27 45 511
45 27 511
27 46 769
46 27 769
27 30 744
30 27 744
27 32 372
32 27 372
27 29 224
29 27 224
27 30 410
30 27 410
27 30 771
30 27 771
28 47 600
47 28 600
28 35 324
35 28 324
28 37 932
37 28 932
28 47 896
47 28 896
28 37 799
37 28 799
28 40 621
40 28 621
28 32 498
32 28 498
28 30 512
30 28 512
28 31 14
31 28 14
28 31 918
31 28 918
28 47 149
47 28 149
28 39 5
39 28 5
29 37 939
37 29 939
29 40 799
40 29 799
29 29 501
29 29 501
29 39 653
39 29 653
29 35 171
35 29 171
29 42 769
42 29 769
29 41 449
41 29 449
29 39 412
39 29 412
29 35 388
35 29 388
29 34 915
34 29 915
29 37 462
37 29 462
29 39 864
39 29 864
30 40 864
40 30 864
30 45 248
45 30 248
30 37 755
37 30 755
30 44 56
44 30 56
30 37 5
37 30 5
30 30 670
30 30 670
31 33 732
33 31 732
31 32 684
32 31 684
31 35 91
35 31 91
31 41 250
41 31 250
31 44 595
44 31 595
31 37 471
37 31 471
31 39 604
39 31 604
31 43 36
43 31 36
31 42 6
42 31 6
31 39 65
39 31 65
31 38 81
38 31 81
31 43 865
43 31 865
32 40 362
40 32 362
32 45 876
45 32 876
32 43 1
43 32 1
32 46 587
46 32 587
32 34 318
34 32 318
32 35 722
35 32 722
32 39 834
39 32 834
32 39 764
39 32 764
32 40 263
40 32 263
32 44 830
44 32 830
33 41 337
41 33 337
33 45 119
45 33 119
34 41 289
41 34 289
34 37 737
37 34 737
34 35 173
35 34 173
34 44 942
44 34 942
34 37 427
37 34 427
35 40 655
40 35 655
35 41 9
41 35 9
35 41 898
41 35 898
35 41 263
41 35 263
35 40 453
40 35 453
35 43 41
43 35 41
35 36 238
36 35 238
35 40 44
40 35 44
35 39 939
39 35 939
35 46 694
46 35 694
35 38 755
38 35 755
35 37 515
37 35 515
35 40 528
40 35 528
36 38 808
38 36 808
36 39 622
39 36 622
36 40 317
40 36 317
36 41 677
41 36 677
37 39 136
39 37 136
37 39 812
39 37 812
37 41 388
41 37 388
37 38 899
38 37 899
37 44 820
44 37 820
38 46 638
46 38 638
38 42 297
42 38 297
38 47 771
47 38 771
38 42 892
42 38 892
38 40 789
40 38 789
38 46 412
46 38 412
39 47 194
47 39 194
39 43 933
43 39 933
40 41 299
41 40 299
40 46 371
46 40 371
40 40 662
40 40 662
41 44 651
44 41 651
41 42 363
42 41 363
41 42 392
42 41 392
41 46 63
46 41 63
42 47 953
47 42 953
42 47 87
47 42 87
43 44 734
44 43 734
43 45 515
45 43 515
44 46 382
46 44 382
44 44 302
44 44 302
44 46 18
46 44 18
45 46 324
46 45 324
45 47 981
47 45 981
45 47 411
47 45 411
45 46 339
46 45 339
45 46 451
46 45 451
45 45 792
45 45 792
46 47 144
47 46 144
