39

0 1 804
1 0 804
0 6 359
6 0 359
0 18 335
18 0 335
0 31 116
31 0 116
0 34 556
34 0 556
0 0 406
0 0 406
0 33 993
33 0 993
0 26 286
26 0 286
0 22 122
22 0 122
0 24 307
24 0 307
0 26 285
26 0 285
0 30 862
30 0 862
0 6 550
6 0 550
0 37 627
37 0 627
0 12 353
12 0 353
0 13 982
13 0 982
0 20 502
20 0 502
0 31 693
31 0 693
0 19 535
19 0 535
0 16 34
16 0 34
0 18 602
18 0 602
0 17 644
17 0 644
0 5 584
5 0 584
0 25 286
25 0 286
0 12 991
12 0 991
1 2 857
2 1 857
1 3 129
3 1 129
1 7 817
7 1 817
1 26 376
26 1 376
1 14 346
14 1 346
1 5 464
5 1 464
1 15 954
15 1 954
1 5 462
5 1 462
1 4 723
4 1 723
1 23 678
23 1 678
1 33 292
33 1 292
1 4 116
4 1 116
1 22 527
22 1 527
1 28 446
28 1 446
1 9 408
9 1 408
1 25 12
25 1 12
1 17 468
17 1 468
1 27 372
27 1 372
1 31 870
31 1 870
1 33 268
33 1 268
1 19 202
19 1 202
1 18 271
18 1 271
1 7 714
7 1 714
1 38 295
38 1 295
1 33 830
33 1 830
2 4 121
4 2 121
2 14 732
14 2 732
2 8 47
8 2 47
2 37 404
37 2 404
2 24 559
24 2 559
2 33 369
33 2 369
2 7 385
7 2 385
2 12 520
12 2 520
2 18 626
18 2 626
2 36 196
36 2 196
2 27 308
27 2 308
2 9 711
9 2 711
2 22 312
22 2 312
2 11 64
11 2 64
2 5 665
5 2 665
2 25 304
25 2 304
2 10 34
10 2 34
2 26 170
26 2 170
3 11 482
11 3 482
3 22 322
22 3 322
3 21 303
21 3 303
3 8 989
8 3 989
3 16 321
16 3 321
3 11 163
11 3 163
3 12 328
12 3 328
3 29 242
29 3 242
3 8 692
8 3 692
3 5 21
5 3 21
3 23 246
23 3 246
3 5 540
5 3 540
3 34 594
34 3 594
3 15 739
15 3 739
3 28 977
28 3 977
3 34 942
34 3 942
3 27 690
27 3 690
3 23 248
23 3 248
3 21 872
21 3 872
3 22 158
22 3 158
3 14 557
14 3 557
3 37 206
37 3 206
3 37 932
37 3 932
3 29 805
29 3 805
3 9 626
9 3 626
4 5 933
5 4 933
4 17 446
17 4 446
4 16 202
16 4 202
4 9 577
9 4 577
4 16 781
16 4 781
4 35 330
35 4 330
4 33 362
33 4 362
4 30 104
30 4 104
4 4 131
4 4 131
4 22 95
22 4 95
4 29 722
29 4 722
4 23 133
23 4 133
4 22 853
22 4 853
4 11 412
11 4 412
5 7 767
7 5 767
5 9 590
9 5 590
5 29 629
29 5 629
5 24 416
24 5 416
5 15 731
15 5 731
5 7 888
7 5 888
5 10 449
10 5 449
5 26 827
26 5 827
5 17 662
17 5 662
5 16 220
16 5 220
5 31 75
31 5 75
5 10 892
10 5 892
5 37 628
37 5 628
5 14 978
14 5 978
5 33 802
33 5 802
5 7 351
7 5 351
5 13 652
13 5 652
5 13 816
13 5 816
5 18 896
18 5 896
6 27 648
27 6 648
6 36 806
36 6 806
6 18 48
18 6 48
6 8 692
8 6 692
6 32 379
32 6 379
6 32 857
32 6 857
6 30 637
30 6 637
6 32 618
32 6 618
6 14 160
14 6 160
6 18 672
18 6 672
6 25 82
25 6 82
6 13 502
13 6 502
6 14 769
14 6 769
6 34 62
34 6 62
6 13 100
13 6 100
6 21 134
21 6 134
6 7 179
7 6 179
7 8 421
8 7 421
7 20 539
20 7 539
7 35 70
35 7 70
7 8 184
8 7 184
7 13 614
13 7 614
7 15 548
15 7 548
7 31 820
31 7 820
7 21 537
21 7 537
7 32 209
32 7 209
7 7 480
7 7 480
7 18 545
18 7 545
7 35 646
35 7 646
7 8 224
8 7 224
7 21 575
21 7 575
7 26 615
26 7 615
7 24 218
24 7 218
7 21 137
21 7 137
8 12 388
12 8 388
8 26 321
26 8 321
8 35 926
35 8 926
8 18 418
18 8 418
8 38 345
38 8 345
8 15 178
15 8 178
8 10 597
10 8 597
8 25 816
25 8 816
8 22 351
22 8 351
8 27 859
27 8 859
8 9 870
9 8 870
8 15 576
15 8 576
8 17 733
17 8 733
8 14 288
14 8 288
8 27 933
27 8 933
8 25 972
25 8 972
9 10 190
10 9 190
9 23 797
23 9 797
9 37 23
37 9 23
9 26 895
26 9 895
9 26 882
26 9 882
9 33 255
33 9 255
9 20 730
20 9 730
9 18 189
18 9 189
9 26 723
26 9 723
9 12 938
12 9 938
9 35 931
35 9 931
9 31 943
31 9 943
9 14 853
14 9 853
9 12 68
12 9 68
9 37 404
37 9 404
10 16 611
16 10 611
10 24 508
24 10 508
10 33 799
33 10 799
10 38 355
38 10 355
10 18 207
18 10 207
10 19 727
19 10 727
10 14 982
14 10 982
10 18 953
18 10 953
10 13 656
13 10 656
10 17 983
17 10 983
10 23 53
23 10 53
10 29 388
29 10 388
10 34 924
34 10 924
10 23 187
23 10 187
10 12 821
12 10 821
10 38 242
38 10 242
10 17 776
17 10 776
11 13 869
13 11 869
11 36 504
36 11 504
11 27 215
27 11 215
11 18 17
18 11 17
11 19 486
19 11 486
11 22 51
22 11 51
11 25 104
25 11 104
11 13 332
13 11 332
11 29 522
29 11 522
11 24 534
24 11 534
12 21 761
21 12 761
12 30 624
30 12 624
12 29 282
29 12 282
12 12 267
12 12 267
12 12 40
12 12 40
12 37 985
37 12 985
12 35 289
35 12 289
12 35 436
35 12 436
12 24 357
24 12 357
12 27 755
27 12 755
12 17 392
17 12 392
13 21 468
21 13 468
13 25 695
25 13 695
13 21 581
21 13 581
13 16 184
16 13 184
13 15 146
15 13 146
13 14 54
14 13 54
13 16 1
16 13 1
13 24 669
24 13 669
13 15 128
15 13 128
13 27 75
27 13 75
13 17 668
17 13 668
13 16 344
16 13 344
13 33 944
33 13 944
13 29 625
29 13 625
13 38 102
38 13 102
13 29 955
29 13 955
14 15 449
15 14 449
14 19 372
19 14 372
14 32 882
32 14 882
14 31 296
31 14 296
14 23 697
23 14 697
14 33 647
33 14 647
14 30 530
30 14 530
14 16 363
16 14 363
14 34 721
34 14 721
14 26 381
26 14 381
14 38 209
38 14 209
15 29 668
29 15 668
15 23 617
23 15 617
15 32 559
32 15 559
15 32 231
32 15 231
15 34 501
34 15 501
15 26 222
26 15 222
15 28 186
28 15 186
15 23 728
23 15 728
15 17 343
17 15 343
15 34 30
34 15 30
15 29 592
29 15 592
15 17 385
17 15 385
15 20 959
20 15 959
16 36 259
36 16 259
16 23 236
23 16 236
16 37 424
37 16 424
16 28 247
28 16 247
16 35 87
35 16 87
16 19 379
19 16 379
16 24 889
24 16 889
16 20 644
20 16 644
16 21 682
21 16 682
17 20 891
20 17 891
17 31 377
31 17 377
17 22 731
22 17 731
17 26 5
26 17 5
17 29 553
29 17 553
17 28 544
28 17 544
17 33 68
33 17 68
17 35 349
35 17 349
17 34 197
34 17 197
17 27 669
27 17 669
17 24 877
24 17 877
17 31 888
31 17 888
17 35 929
35 17 929
18 26 91
26 18 91
18 32 22
32 18 22
18 20 709
20 18 709
18 25 890
25 18 890
18 35 533
35 18 533
18 22 688
22 18 688
18 36 283
36 18 283
18 36 6
36 18 6
18 20 57
20 18 57
18 31 928
31 18 928
18 37 180
37 18 180
18 28 731
28 18 731
18 22 46
22 18 46
18 18 688
18 18 688
18 30 461
30 18 461
19 38 656
38 19 656
19 29 279
29 19 279
19 20 134
20 19 134
19 28 167
28 19 167
19 20 857
20 19 857
19 33 933
33 19 933
19 28 177
28 19 177
19 25 521
25 19 521
19 38 141
38 19 141
19 25 827
25 19 827
19 28 988
28 19 988
19 22 395
22 19 395
19 36 606
36 19 606
20 26 914
26 20 914
20 28 932
28 20 932
20 33 60
33 20 60
20 36 199
36 20 199
20 38 164
38 20 164
20 28 664
28 20 664
20 24 19
24 20 19
20 30 209
30 20 209
20 30 661
30 20 661
20 37 27
37 20 27
21 25 806
25 21 806
21 21 564
21 21 564
21 31 705
31 21 705
21 25 521
25 21 521
21 38 951
38 21 951
21 36 624
36 21 624
21 26 172
26 21 172
21 25 326
25 21 326
21 23 789
23 21 789
22 24 52
24 22 52
22 27 159
27 22 159
22 38 911
38 22 911
22 23 58
23 22 58
22 28 164
28 22 164
22 25 414
25 22 414
22 25 869
25 22 869
22 34 330
34 22 330
22 34 546
34 22 546
22 36 348
36 22 348
23 25 53
25 23 53
23 33 207
33 23 207
23 30 501
30 23 501
23 24 132
24 23 132
23 31 794
31 23 794
23 38 217
38 23 217
23 37 452
37 23 452
24 25 546
25 24 546
24 38 404
38 24 404
24 37 320
37 24 320
24 33 70
33 24 70
24 35 138
35 24 138
24 33 429
33 24 429
24 28 695
28 24 695
24 29 206
29 24 206
24 24 383
24 24 383
24 37 867
37 24 867
24 33 76
33 24 76
25 29 657
29 25 657
25 36 872
36 25 872
26 29 591
29 26 591
26 37 560
37 26 560
26 33 796
33 26 796
26 37 212
37 26 212
27 28 32
28 27 32
27 33 671
33 27 671
27 34 121
34 27 121
27 34 252
34 27 252
27 29 804
29 27 804
27 35 851
35 27 851
27 31 75
31 27 75
27 35 60
35 27 60
27 29 503
29 27 503
28 33 429
33 28 429
29 31 125
31 29 125
29 33 602
33 29 602
29 34 350
34 29 350
30 37 745
37 30 745
30 37 841
37 30 841
30 36 879
36 30 879
30 33 216
33 30 216
31 34 893
34 31 893
31 37 975
37 31 975
31 37 133
37 31 133
31 32 773
32 31 773
32 37 929
37 32 929
32 33 66
33 32 66
32 35 709
35 32 709
32 36 375
36 32 375
33 35 801
35 33 801
33 33 419
33 33 419
33 38 26
38 33 26
34 38 312
38 34 312
34 38 301
38 34 301
34 37 133
37 34 133
34 36 899
36 34 899
36 38 888
38 36 888
36 36 611
36 36 611
36 36 358
36 36 358
37 38 678
38 37 678
