72

0 1 157
1 0 157
0 2 638
2 0 638
0 4 435
4 0 435
0 15 4
15 0 4
0 34 874
34 0 874
1 3 975
3 1 975
1 21 705
21 1 705
1 33 40
33 1 40
1 13 223
13 1 223
2 23 215
23 2 215
2 25 915
25 2 915
2 68 770
68 2 770
2 4 870
4 2 870
2 36 279
36 2 279
2 69 623
69 2 623
2 52 917
52 2 917
2 29 297
29 2 297
2 54 843
54 2 843
2 22 534
22 2 534
3 5 736
5 3 736
3 7 798
7 3 798
3 9 363
9 3 363
3 18 925
18 3 925
3 43 588
43 3 588
3 26 192
26 3 192
4 6 274
6 4 274
4 8 629
8 4 629
4 10 469
10 4 469
4 14 6
14 4 6
4 24 203
24 4 203
4 28 783
28 4 783
4 30 701
30 4 701
4 48 290
48 4 290
4 70 94
70 4 94
4 28 670
28 4 670
4 47 55
47 4 55
5 19 179
19 5 179
5 7 198
7 5 198
5 38 430
38 5 430
6 16 288
16 6 288
6 26 669
26 6 669
6 34 982
34 6 982
6 41 230
41 6 230
6 12 600
12 6 600
6 65 187
65 6 187
7 15 991
15 7 991
7 58 692
58 7 692
7 14 715
14 7 715
7 13 106
13 7 106
7 33 996
33 7 996
8 12 858
12 8 858
8 31 208
31 8 208
8 33 659
33 8 659
9 57 496
57 9 496
9 59 255
59 9 255
9 35 991
35 9 991
9 30 293
30 9 293
10 11 165
11 10 165
10 13 911
13 10 911
10 63 322
63 10 322
10 36 309
36 10 309
10 64 76
64 10 76
10 64 653
64 10 653
10 39 990
39 10 990
10 22 393
22 10 393
10 11 843
11 10 843
10 34 672
34 10 672
10 46 67
46 10 67
11 46 917
46 11 917
11 19 723
19 11 723
11 67 990
67 11 990
11 45 26
45 11 26
12 17 246
17 12 246
12 20 658
20 12 658
12 67 916
67 12 916
12 54 496
54 12 496
12 37 969
37 12 969
12 25 39
25 12 39
12 49 4
49 12 4
12 16 332
16 12 332
12 24 904
24 12 904
12 42 789
42 12 789
12 56 592
56 12 592
13 20 619
20 13 619
13 54 593
54 13 593
13 26 296
26 13 296
13 21 166
21 13 166
13 23 2
23 13 2
14 24 613
24 14 613
14 28 83
28 14 83
15 47 352
47 15 352
15 22 444
22 15 444
15 53 656
53 15 656
15 17 176
17 15 176
15 59 335
59 15 335
16 29 542
29 16 542
16 64 293
64 16 293
16 42 644
42 16 644
16 70 380
70 16 380
17 41 126
41 17 126
18 22 604
22 18 604
18 27 154
27 18 154
18 63 385
63 18 385
18 26 130
26 18 130
18 18 853
18 18 853
18 35 851
35 18 851
18 41 964
41 18 964
19 46 752
46 19 752
19 42 715
42 19 715
19 30 562
30 19 562
20 37 637
37 20 637
20 53 784
53 20 784
21 21 205
21 21 205
22 22 897
22 22 897
23 48 351
48 23 351
24 36 526
36 24 526
24 44 75
44 24 75
25 51 157
51 25 157
25 70 853
70 25 853
25 59 747
59 25 747
25 71 899
71 25 899
25 66 411
66 25 411
26 40 235
40 26 235
26 54 751
54 26 751
26 29 190
29 26 190
27 32 562
32 27 562
27 35 562
35 27 562
27 38 744
38 27 744
27 50 85
50 27 85
27 57 888
57 27 888
27 65 681
65 27 681
27 36 750
36 27 750
28 71 943
71 28 943
28 46 402
46 28 402
28 70 484
70 28 484
28 58 972
58 28 972
29 32 55
32 29 55
30 62 19
62 30 19
30 55 464
55 30 464
30 48 268
48 30 268
31 45 450
45 31 450
31 35 540
35 31 540
33 52 566
52 33 566
33 44 306
44 33 306
34 65 909
65 34 909
34 59 308
59 34 308
35 62 46
62 35 46
35 50 796
50 35 796
35 66 623
66 35 623
36 39 312
39 36 312
36 66 513
66 36 513
36 50 789
50 36 789
37 42 214
42 37 214
37 44 233
44 37 233
37 66 482
66 37 482
37 64 19
64 37 19
38 51 988
51 38 988
39 70 714
70 39 714
39 66 531
66 39 531
39 58 340
58 39 340
40 66 547
66 40 547
40 54 708
54 40 708
41 49 708
49 41 708
42 45 543
45 42 543
42 51 638
51 42 638
43 60 793
60 43 793
44 59 885
59 44 885
44 62 885
62 44 885
45 51 561
51 45 561
46 54 149
54 46 149
47 61 665
61 47 665
48 53 28
53 48 28
48 63 449
63 48 449
49 57 331
57 49 331
50 50 904
50 50 904
51 54 855
54 51 855
52 56 20
56 52 20
52 57 545
57 52 545
53 55 987
55 53 987
54 55 957
55 54 957
54 69 901
69 54 901
54 64 134
64 54 134
56 57 540
57 56 540
56 60 809
60 56 809
57 62 809
62 57 809
58 59 216
59 58 216
58 71 227
71 58 227
59 60 202
60 59 202
60 69 150
69 60 150
60 65 406
65 60 406
62 65 386
65 62 386
65 67 389
67 65 389
65 65 841
65 65 841
67 71 716
71 67 716
