65

0 1 991
1 0 991
0 2 55
2 0 55
0 3 135
3 0 135
0 11 952
11 0 952
0 55 355
55 0 355
0 3 767
3 0 767
1 6 512
6 1 512
1 13 698
13 1 698
1 23 627
23 1 627
1 17 162
17 1 162
2 5 503
5 2 503
2 16 858
16 2 858
2 17 277
17 2 277
2 30 112
30 2 112
2 33 455
33 2 455
2 19 974
19 2 974
2 28 601
28 2 601
2 35 598
35 2 598
3 4 523
4 3 523
3 7 247
7 3 247
3 22 56
22 3 56
3 34 806
34 3 806
3 35 673
35 3 673
3 62 514
62 3 514
3 15 112
15 3 112
4 20 222
20 4 222
4 53 835
53 4 835
4 62 535
62 4 535
4 22 378
22 4 378
5 9 109
9 5 109
5 51 45
51 5 45
6 40 611
40 6 611
7 8 520
8 7 520
7 12 367
12 7 367
7 32 936
32 7 936
7 55 9
55 7 9
7 39 466
39 7 466
8 25 2
25 8 2
8 29 328
29 8 328
8 48 866
48 8 866
8 56 731
56 8 731
8 60 71
60 8 71
9 10 170
10 9 170
9 48 574
48 9 574
9 12 828
12 9 828
9 26 494
26 9 494
10 46 310
46 10 310
10 29 711
29 10 711
10 16 505
16 10 505
10 30 142
30 10 142
11 14 595
14 11 595
11 26 999
26 11 999
11 48 712
48 11 712
11 15 477
15 11 477
12 31 932
31 12 932
12 49 45
49 12 45
12 22 250
22 12 250
13 15 392
15 13 392
13 42 860
42 13 860
13 17 502
17 13 502
14 19 133
19 14 133
14 24 432
24 14 432
14 62 976
62 14 976
14 24 899
24 14 899
14 29 229
29 14 229
14 17 144
17 14 144
15 18 10
18 15 10
15 21 642
21 15 642
15 37 388
37 15 388
15 62 776
62 15 776
16 48 466
48 16 466
16 45 207
45 16 207
16 56 320
56 16 320
16 56 274
56 16 274
16 40 672
40 16 672
17 27 605
27 17 605
17 64 729
64 17 729
18 45 406
45 18 406
18 32 489
32 18 489
18 59 653
59 18 653
19 61 229
61 19 229
19 42 500
42 19 500
19 47 586
47 19 586
20 36 22
36 20 22
20 46 148
46 20 148
21 40 514
40 21 514
21 41 79
41 21 79
21 49 218
49 21 218
21 59 352
59 21 352
21 62 268
62 21 268
22 27 216
27 22 216
22 27 883
27 22 883
22 57 797
57 22 797
22 61 699
61 22 699
23 28 86
28 23 86
23 44 373
44 23 373
23 46 986
46 23 986
23 40 849
40 23 849
23 37 443
37 23 443
23 36 912
36 23 912
24 32 834
32 24 834
25 50 741
50 25 741
25 28 26
28 25 26
27 38 504
38 27 504
27 43 41
43 27 41
27 60 924
60 27 924
27 64 710
64 27 710
28 55 490
55 28 490
28 36 136
36 28 136
30 60 273
60 30 273
31 39 815
39 31 815
31 49 297
49 31 297
31 56 770
56 31 770
31 64 881
64 31 881
31 58 79
58 31 79
31 38 738
38 31 738
32 60 930
60 32 930
32 48 407
48 32 407
33 47 967
47 33 967
33 51 334
51 33 334
33 54 274
54 33 274
33 38 368
38 33 368
33 47 824
47 33 824
34 63 875
63 34 875
34 39 544
39 34 544
34 41 419
41 34 419
35 46 531
46 35 531
35 60 383
60 35 383
36 58 991
58 36 991
36 43 253
43 36 253
37 44 650
44 37 650
38 58 712
58 38 712
39 53 141
53 39 141
40 62 392
62 40 392
41 41 732
41 41 732
43 53 225
53 43 225
44 52 682
52 44 682
45 59 614
59 45 614
46 53 450
53 46 450
47 52 16
52 47 16
47 53 895
53 47 895
47 49 473
49 47 473
51 59 455
59 51 455
56 57 998
57 56 998
56 63 641
63 56 641
57 57 396
57 57 396
