99

0 1 520
1 0 520
0 2 590
2 0 590
0 4 675
4 0 675
0 5 728
5 0 728
0 11 496
11 0 496
0 13 271
13 0 271
0 17 943
17 0 943
0 20 436
20 0 436
0 86 404
86 0 404
0 31 110
31 0 110
0 76 50
76 0 50
0 54 186
54 0 186
0 52 985
52 0 985
0 10 923
10 0 923
0 73 821
73 0 821
0 67 585
67 0 585
0 21 948
21 0 948
0 29 132
29 0 132
0 8 952
8 0 952
0 98 588
98 0 588
0 28 177
28 0 177
0 40 938
40 0 938
1 8 923
8 1 923
1 12 268
12 1 268
1 15 629
15 1 629
1 43 176
43 1 176
1 56 149
56 1 149
1 73 551
73 1 551
1 79 26
79 1 26
1 81 529
81 1 529
1 28 346
28 1 346
1 51 400
51 1 400
1 59 778
59 1 778
1 92 459
92 1 459
1 56 725
56 1 725
1 33 755
33 1 755
1 73 127
73 1 127
1 69 292
69 1 292
1 45 297
45 1 297
1 74 975
74 1 975
1 58 451
58 1 451
1 72 730
72 1 730
1 7 869
7 1 869
1 31 853
31 1 853
2 3 747
3 2 747
2 6 424
6 2 424
2 10 630
10 2 630
2 8 137
8 2 137
2 19 153
19 2 153
2 12 519
12 2 519
2 27 174
27 2 174
2 10 752
10 2 752
2 55 745
55 2 745
2 49 966
49 2 966
2 22 389
22 2 389
2 8 342
8 2 342
2 81 888
81 2 888
2 22 794
22 2 794
2 72 679
72 2 679
2 21 84
21 2 84
2 16 524
16 2 524
2 55 285
55 2 285
2 94 911
94 2 911
3 18 922
18 3 922
3 21 688
21 3 688
3 34 433
34 3 433
3 88 11
88 3 11
3 65 550
65 3 550
3 20 183
20 3 183
3 23 641
23 3 641
3 84 340
84 3 340
3 54 407
54 3 407
3 17 8
17 3 8
3 88 927
88 3 927
3 66 640
66 3 640
3 11 875
11 3 875
3 51 439
51 3 439
3 22 815
22 3 815
3 38 187
38 3 187
3 76 659
76 3 659
3 4 960
4 3 960
3 39 933
39 3 933
3 58 570
58 3 570
3 14 573
14 3 573
3 32 515
32 3 515
3 82 440
82 3 440
3 10 523
10 3 523
3 6 953
6 3 953
4 16 648
16 4 648
4 57 736
57 4 736
4 7 437
7 4 437
4 91 951
91 4 951
4 91 433
91 4 433
4 47 657
47 4 657
4 68 606
68 4 606
4 96 810
96 4 810
4 87 742
87 4 742
4 97 206
97 4 206
4 31 707
31 4 707
4 19 136
19 4 136
4 66 239
66 4 239
4 85 153
85 4 153
5 7 956
7 5 956
5 57 188
57 5 188
5 66 561
66 5 561
5 33 401
33 5 401
5 69 807
69 5 807
5 49 892
49 5 892
5 13 503
13 5 503
5 69 886
69 5 886
5 51 318
51 5 318
5 53 266
53 5 266
5 67 865
67 5 865
5 67 659
67 5 659
5 56 563
56 5 563
5 66 395
66 5 395
5 29 311
29 5 311
5 9 397
9 5 397
5 52 217
52 5 217
5 20 752
20 5 752
5 34 261
34 5 261
6 14 587
14 6 587
6 47 596
47 6 596
6 12 19
12 6 19
6 52 966
52 6 966
6 87 696
87 6 696
6 31 183
31 6 183
6 20 971
20 6 971
6 8 506
8 6 506
6 88 747
88 6 747
6 18 237
18 6 237
6 56 337
56 6 337
6 26 714
26 6 714
6 52 487
52 6 487
6 59 845
59 6 845
6 94 641
94 6 641
6 25 455
25 6 455
6 11 965
11 6 965
6 56 20
56 6 20
6 50 117
50 6 117
7 19 959
19 7 959
7 23 431
23 7 431
7 69 400
69 7 400
7 42 275
42 7 275
7 48 46
48 7 46
7 22 587
22 7 587
7 29 922
29 7 922
7 55 295
55 7 295
7 88 666
88 7 666
7 42 17
42 7 17
7 88 732
88 7 732
7 27 951
27 7 951
7 22 151
22 7 151
7 74 25
74 7 25
7 24 987
24 7 987
7 86 936
86 7 936
7 88 844
88 7 844
7 67 299
67 7 299
7 84 630
84 7 630
7 40 172
40 7 172
7 96 57
96 7 57
7 53 849
53 7 849
7 60 539
60 7 539
7 56 624
56 7 624
7 55 419
55 7 419
8 9 17
9 8 17
8 27 406
27 8 406
8 80 944
80 8 944
8 52 680
52 8 680
8 47 648
47 8 648
8 21 525
21 8 525
8 56 705
56 8 705
8 31 976
31 8 976
8 91 36
91 8 36
8 73 406
73 8 406
8 18 612
18 8 612
8 88 908
88 8 908
8 77 877
77 8 877
8 38 323
38 8 323
8 57 616
57 8 616
8 76 345
76 8 345
8 62 204
62 8 204
8 35 794
35 8 794
8 88 942
88 8 942
8 18 439
18 8 439
9 30 212
30 9 212
9 46 502
46 9 502
9 80 129
80 9 129
9 82 45
82 9 45
9 24 378
24 9 378
9 69 483
69 9 483
9 29 716
29 9 716
9 91 710
91 9 710
9 9 74
9 9 74
9 88 296
88 9 296
9 84 162
84 9 162
9 37 139
37 9 139
9 28 449
28 9 449
9 27 278
27 9 278
9 77 271
77 9 271
10 15 862
15 10 862
10 32 582
32 10 582
10 50 226
50 10 226
10 63 975
63 10 975
10 26 398
26 10 398
10 61 732
61 10 732
10 31 299
31 10 299
10 75 544
75 10 544
10 26 227
26 10 227
10 60 363
60 10 363
10 24 412
24 10 412
10 33 47
33 10 47
10 54 418
54 10 418
10 17 893
17 10 893
10 55 228
55 10 228
10 38 564
38 10 564
10 13 95
13 10 95
10 21 252
21 10 252
10 86 61
86 10 61
10 24 394
24 10 394
10 40 468
40 10 468
10 31 888
31 10 888
11 74 650
74 11 650
11 78 472
78 11 472
11 58 754
58 11 754
11 57 412
57 11 412
11 29 294
29 11 294
11 60 526
60 11 526
11 41 206
41 11 206
11 51 332
51 11 332
11 52 181
52 11 181
11 57 896
57 11 896
11 62 352
62 11 352
11 81 408
81 11 408
11 80 660
80 11 660
11 66 461
66 11 461
11 70 400
70 11 400
11 51 364
51 11 364
11 17 919
17 11 919
11 63 873
63 11 873
11 85 985
85 11 985
11 23 681
23 11 681
11 71 132
71 11 132
11 46 337
46 11 337
11 98 513
98 11 513
11 81 943
81 11 943
11 49 239
49 11 239
11 96 266
96 11 266
12 53 553
53 12 553
12 58 679
58 12 679
12 84 498
84 12 498
12 60 664
60 12 664
12 56 309
56 12 309
12 27 183
27 12 183
12 43 942
43 12 942
12 79 591
79 12 591
12 41 874
41 12 874
12 65 821
65 12 821
12 54 304
54 12 304
12 32 956
32 12 956
12 34 791
34 12 791
13 67 272
67 13 272
13 97 806
97 13 806
13 43 243
43 13 243
13 76 782
76 13 782
13 83 982
83 13 982
13 95 175
95 13 175
13 53 474
53 13 474
13 17 325
17 13 325
13 86 559
86 13 559
13 39 915
39 13 915
13 41 558
41 13 558
13 92 433
92 13 433
14 63 677
63 14 677
14 47 205
47 14 205
14 75 692
75 14 692
14 14 466
14 14 466
14 23 359
23 14 359
14 98 759
98 14 759
14 58 223
58 14 223
14 30 323
30 14 323
14 46 248
46 14 248
14 45 390
45 14 390
14 98 605
98 14 605
14 21 373
21 14 373
14 57 529
57 14 529
14 76 701
76 14 701
15 29 826
29 15 826
15 82 96
82 15 96
15 77 893
77 15 893
15 92 865
92 15 865
15 69 508
69 15 508
15 91 698
91 15 698
15 79 308
79 15 308
15 70 702
70 15 702
15 72 944
72 15 944
15 89 234
89 15 234
15 51 733
51 15 733
16 74 143
74 16 143
16 55 163
55 16 163
16 42 147
42 16 147
16 65 78
65 16 78
16 30 94
30 16 94
16 57 726
57 16 726
16 92 58
92 16 58
16 46 677
46 16 677
17 22 178
22 17 178
17 25 806
25 17 806
17 73 735
73 17 735
17 59 209
59 17 209
17 43 242
43 17 242
17 97 380
97 17 380
17 33 45
33 17 45
17 74 188
74 17 188
17 71 657
71 17 657
17 91 116
91 17 116
17 84 217
84 17 217
17 85 485
85 17 485
17 30 162
30 17 162
17 85 16
85 17 16
17 63 658
63 17 658
17 88 838
88 17 838
17 62 693
62 17 693
17 40 643
40 17 643
17 74 297
74 17 297
18 31 370
31 18 370
18 41 124
41 18 124
18 62 383
62 18 383
18 56 503
56 18 503
18 35 100
35 18 100
18 90 64
90 18 64
18 22 582
22 18 582
18 20 307
20 18 307
18 19 809
19 18 809
18 42 659
42 18 659
18 93 396
93 18 396
18 95 139
95 18 139
18 35 775
35 18 775
18 26 996
26 18 996
19 26 861
26 19 861
19 76 682
76 19 682
19 64 937
64 19 937
19 37 39
37 19 39
19 25 20
25 19 20
19 35 815
35 19 815
19 77 286
77 19 286
19 57 239
57 19 239
19 51 159
51 19 159
19 21 989
21 19 989
19 31 80
31 19 80
19 67 341
67 19 341
19 91 670
91 19 670
20 29 843
29 20 843
20 38 449
38 20 449
20 54 216
54 20 216
20 55 420
55 20 420
20 94 801
94 20 801
20 66 594
66 20 594
20 37 284
37 20 284
20 68 485
68 20 485
20 32 943
32 20 943
20 72 344
72 20 344
20 33 840
33 20 840
20 60 390
60 20 390
20 85 955
85 20 955
20 28 235
28 20 235
20 61 463
61 20 463
20 95 965
95 20 965
20 75 543
75 20 543
20 94 150
94 20 150
20 44 64
44 20 64
20 82 245
82 20 245
20 31 241
31 20 241
21 24 464
24 21 464
21 49 629
49 21 629
21 54 993
54 21 993
21 49 665
49 21 665
21 53 139
53 21 139
21 49 285
49 21 285
21 51 105
51 21 105
21 50 121
50 21 121
21 67 578
67 21 578
21 58 159
58 21 159
21 53 657
53 21 657
21 71 971
71 21 971
21 37 654
37 21 654
21 32 962
32 21 962
21 36 554
36 21 554
21 96 585
96 21 585
21 50 285
50 21 285
21 73 380
73 21 380
22 27 475
27 22 475
22 61 642
61 22 642
22 87 910
87 22 910
22 36 922
36 22 922
22 36 879
36 22 879
22 55 364
55 22 364
22 90 730
90 22 730
22 65 905
65 22 905
22 67 886
67 22 886
22 62 211
62 22 211
22 85 230
85 22 230
22 76 417
76 22 417
23 33 166
33 23 166
23 36 675
36 23 675
23 64 753
64 23 753
23 95 531
95 23 531
23 50 750
50 23 750
23 97 901
97 23 901
23 27 235
27 23 235
23 47 175
47 23 175
23 50 555
50 23 555
23 29 90
29 23 90
23 81 458
81 23 458
23 57 884
57 23 884
23 68 346
68 23 346
23 93 797
93 23 797
23 81 282
81 23 282
24 28 380
28 24 380
24 71 887
71 24 887
24 37 747
37 24 747
24 42 147
42 24 147
24 76 716
76 24 716
24 96 121
96 24 121
24 79 350
79 24 350
24 86 387
86 24 387
24 37 153
37 24 153
24 85 613
85 24 613
24 84 222
84 24 222
24 65 153
65 24 153
24 30 46
30 24 46
24 69 418
69 24 418
25 83 419
83 25 419
25 84 572
84 25 572
25 56 734
56 25 734
25 64 225
64 25 225
25 78 343
78 25 343
25 81 304
81 25 304
25 55 86
55 25 86
25 70 604
70 25 604
25 63 7
63 25 7
25 87 809
87 25 809
25 49 100
49 25 100
25 69 758
69 25 758
25 82 216
82 25 216
25 63 601
63 25 601
25 56 875
56 25 875
25 73 978
73 25 978
25 49 853
49 25 853
25 34 56
34 25 56
26 39 901
39 26 901
26 40 171
40 26 171
26 43 531
43 26 531
26 89 2
89 26 2
26 65 703
65 26 703
26 35 369
35 26 369
26 47 448
47 26 448
26 55 377
55 26 377
26 65 852
65 26 852
26 53 930
53 26 930
26 48 627
48 26 627
26 30 348
30 26 348
26 74 293
74 26 293
26 45 221
45 26 221
26 80 752
80 26 752
26 40 159
40 26 159
26 80 79
80 26 79
26 59 764
59 26 764
27 35 80
35 27 80
27 80 65
80 27 65
27 39 94
39 27 94
27 64 666
64 27 666
27 61 297
61 27 297
27 86 134
86 27 134
27 91 474
91 27 474
27 68 330
68 27 330
27 77 566
77 27 566
27 69 659
69 27 659
27 62 531
62 27 531
27 39 427
39 27 427
27 85 128
85 27 128
27 60 526
60 27 526
28 45 403
45 28 403
28 66 324
66 28 324
28 75 932
75 28 932
28 78 515
78 28 515
28 75 764
75 28 764
28 35 805
35 28 805
28 34 328
34 28 328
28 68 413
68 28 413
28 82 911
82 28 911
28 81 907
81 28 907
28 63 683
63 28 683
28 32 795
32 28 795
28 31 244
31 28 244
29 31 541
31 29 541
29 73 182
73 29 182
29 51 139
51 29 139
29 57 745
57 29 745
29 42 742
42 29 742
29 59 316
59 29 316
29 61 702
61 29 702
29 60 713
60 29 713
29 51 725
51 29 725
29 67 560
67 29 560
29 41 2
41 29 2
30 44 77
44 30 77
30 54 394
54 30 394
30 54 899
54 30 899
30 31 406
31 30 406
30 75 332
75 30 332
30 45 369
45 30 369
30 86 494
86 30 494
30 82 59
82 30 59
30 87 640
87 30 640
30 45 609
45 30 609
30 81 211
81 30 211
30 71 740
71 30 740
30 72 255
72 30 255
30 39 545
39 30 545
30 34 113
34 30 113
30 89 556
89 30 556
30 39 715
39 30 715
31 40 953
40 31 953
31 65 819
65 31 819
31 92 77
92 31 77
31 78 31
78 31 31
31 38 336
38 31 336
31 67 505
67 31 505
31 86 499
86 31 499
31 53 738
53 31 738
31 40 453
40 31 453
32 54 843
54 32 843
32 40 86
40 32 86
32 91 426
91 32 426
32 91 83
91 32 83
32 58 968
58 32 968
32 60 625
60 32 625
32 81 473
81 32 473
32 98 83
98 32 83
32 56 94
56 32 94
32 36 887
36 32 887
32 91 155
91 32 155
32 73 706
73 32 706
32 69 267
69 32 267
32 34 73
34 32 73
32 42 797
42 32 797
32 50 159
50 32 159
32 87 417
87 32 417
32 44 707
44 32 707
32 94 2
94 32 2
33 77 929
77 33 929
33 74 678
74 33 678
33 34 436
34 33 436
33 76 12
76 33 12
33 33 962
33 33 962
33 57 123
57 33 123
33 97 684
97 33 684
33 69 400
69 33 400
33 64 545
64 33 545
33 52 453
52 33 453
33 96 177
96 33 177
33 71 104
71 33 104
33 79 772
79 33 772
33 62 759
62 33 759
34 96 575
96 34 575
34 90 257
90 34 257
34 64 369
64 34 369
34 72 996
72 34 996
34 84 26
84 34 26
34 87 204
87 34 204
34 72 730
72 34 730
34 57 86
57 34 86
34 43 359
43 34 359
34 44 810
44 34 810
34 46 998
46 34 998
34 77 677
77 34 677
35 37 287
37 35 287
35 81 739
81 35 739
35 93 863
93 35 863
35 38 654
38 35 654
35 79 222
79 35 222
35 46 450
46 35 450
35 82 129
82 35 129
35 44 225
44 35 225
35 86 14
86 35 14
35 43 649
43 35 649
35 76 499
76 35 499
35 81 648
81 35 648
35 47 456
47 35 456
35 82 970
82 35 970
36 65 652
65 36 652
36 80 784
80 36 784
36 63 829
63 36 829
36 59 448
59 36 448
36 45 849
45 36 849
36 82 900
82 36 900
36 80 978
80 36 978
36 93 756
93 36 756
36 83 623
83 36 623
36 46 527
46 36 527
36 58 822
58 36 822
36 54 879
54 36 879
36 45 682
45 36 682
36 97 856
97 36 856
37 58 792
58 37 792
37 68 348
68 37 348
37 92 1
92 37 1
37 63 256
63 37 256
37 59 894
59 37 894
37 51 135
51 37 135
37 81 16
81 37 16
37 96 686
96 37 686
37 45 759
45 37 759
37 41 116
41 37 116
38 48 17
48 38 17
38 85 770
85 38 770
38 60 921
60 38 921
38 43 514
43 38 514
38 51 16
51 38 16
38 67 799
67 38 799
38 60 244
60 38 244
38 67 638
67 38 638
38 47 384
47 38 384
38 83 632
83 38 632
38 48 456
48 38 456
39 42 33
42 39 33
39 69 377
69 39 377
39 58 372
58 39 372
39 45 606
45 39 606
39 65 130
65 39 130
39 45 362
45 39 362
39 94 964
94 39 964
39 50 632
50 39 632
39 91 566
91 39 566
39 44 666
44 39 666
39 76 912
76 39 912
39 63 185
63 39 185
39 48 982
48 39 982
39 86 602
86 39 602
39 46 202
46 39 202
39 56 774
56 39 774
39 79 569
79 39 569
39 57 7
57 39 7
39 72 260
72 39 260
39 44 707
44 39 707
40 59 424
59 40 424
40 90 227
90 40 227
40 66 850
66 40 850
40 68 899
68 40 899
40 91 16
91 40 16
40 57 994
57 40 994
40 43 626
43 40 626
40 76 831
76 40 831
40 51 631
51 40 631
40 91 626
91 40 626
40 90 240
90 40 240
40 74 697
74 40 697
41 53 804
53 41 804
41 91 577
91 41 577
41 63 731
63 41 731
41 62 643
62 41 643
41 68 326
68 41 326
41 79 999
79 41 999
41 67 382
67 41 382
41 91 52
91 41 52
41 55 333
55 41 333
41 94 302
94 41 302
41 95 949
95 41 949
42 90 537
90 42 537
42 95 276
95 42 276
42 92 186
92 42 186
42 59 169
59 42 169
42 87 274
87 42 274
42 68 974
68 42 974
42 82 903
82 42 903
42 69 626
69 42 626
43 50 892
50 43 892
43 52 498
52 43 498
43 58 312
58 43 312
43 46 116
46 43 116
43 65 203
65 43 203
43 63 767
63 43 767
43 63 931
63 43 931
43 84 855
84 43 855
43 43 201
43 43 201
43 67 964
67 43 964
43 97 100
97 43 100
43 49 94
49 43 94
43 44 306
44 43 306
43 95 856
95 43 856
43 80 567
80 43 567
44 46 794
46 44 794
44 54 587
54 44 587
44 50 295
50 44 295
44 63 356
63 44 356
44 59 871
59 44 871
44 87 720
87 44 720
44 98 107
98 44 107
44 91 143
91 44 143
44 96 335
96 44 335
45 48 514
48 45 514
45 63 362
63 45 362
45 78 22
78 45 22
45 87 211
87 45 211
45 82 127
82 45 127
45 87 148
87 45 148
45 56 611
56 45 611
45 91 341
91 45 341
45 66 280
66 45 280
45 87 394
87 45 394
45 77 34
77 45 34
45 91 659
91 45 659
45 71 275
71 45 275
45 87 251
87 45 251
45 52 509
52 45 509
46 51 868
51 46 868
46 58 303
58 46 303
46 82 34
82 46 34
46 51 753
51 46 753
46 90 527
90 46 527
46 63 571
63 46 571
46 87 834
87 46 834
46 62 910
62 46 910
46 68 222
68 46 222
46 63 30
63 46 30
47 68 98
68 47 98
47 47 944
47 47 944
47 66 797
66 47 797
47 74 499
74 47 499
47 56 83
56 47 83
47 47 526
47 47 526
47 68 112
68 47 112
48 56 973
56 48 973
48 88 225
88 48 225
48 86 966
86 48 966
48 57 682
57 48 682
48 80 563
80 48 563
48 56 542
56 48 542
48 64 939
64 48 939
48 71 729
71 48 729
48 69 792
69 48 792
48 96 949
96 48 949
48 53 43
53 48 43
49 92 150
92 49 150
49 62 91
62 49 91
49 98 998
98 49 998
49 86 174
86 49 174
49 67 968
67 49 968
49 93 306
93 49 306
49 95 140
95 49 140
49 84 147
84 49 147
49 60 970
60 49 970
49 98 296
98 49 296
50 93 968
93 50 968
50 61 978
61 50 978
50 77 739
77 50 739
50 68 873
68 50 873
50 50 630
50 50 630
51 81 243
81 51 243
51 54 629
54 51 629
51 62 930
62 51 930
51 80 912
80 51 912
51 94 927
94 51 927
51 55 723
55 51 723
51 76 89
76 51 89
52 72 146
72 52 146
52 92 421
92 52 421
52 95 490
95 52 490
52 73 287
73 52 287
52 77 244
77 52 244
52 87 563
87 52 563
52 98 327
98 52 327
52 84 132
84 52 132
53 77 911
77 53 911
53 75 373
75 53 373
53 62 822
62 53 822
53 87 99
87 53 99
53 87 263
87 53 263
53 97 541
97 53 541
53 75 553
75 53 553
53 68 433
68 53 433
54 73 526
73 54 526
54 85 702
85 54 702
54 81 539
81 54 539
55 60 240
60 55 240
55 65 135
65 55 135
55 87 335
87 55 335
55 85 562
85 55 562
55 96 918
96 55 918
55 59 20
59 55 20
55 76 786
76 55 786
56 62 256
62 56 256
56 64 534
64 56 534
56 74 349
74 56 349
56 87 769
87 56 769
56 58 924
58 56 924
56 77 275
77 56 275
56 57 646
57 56 646
56 77 560
77 56 560
56 60 340
60 56 340
57 91 241
91 57 241
57 98 2
98 57 2
57 76 668
76 57 668
57 97 775
97 57 775
57 82 536
82 57 536
57 83 773
83 57 773
57 64 802
64 57 802
57 83 873
83 57 873
57 79 87
79 57 87
58 91 88
91 58 88
58 91 150
91 58 150
58 66 134
66 58 134
58 91 938
91 58 938
58 86 765
86 58 765
58 79 777
79 58 777
58 59 614
59 58 614
58 89 187
89 58 187
58 97 83
97 58 83
58 68 945
68 58 945
58 59 296
59 58 296
59 86 351
86 59 351
59 89 259
89 59 259
59 63 313
63 59 313
59 59 676
59 59 676
59 90 832
90 59 832
59 89 380
89 59 380
59 93 571
93 59 571
59 79 593
79 59 593
59 69 57
69 59 57
60 70 100
70 60 100
60 91 981
91 60 981
60 81 835
81 60 835
60 66 959
66 60 959
60 70 371
70 60 371
60 74 38
74 60 38
61 66 191
66 61 191
61 82 766
82 61 766
61 91 936
91 61 936
61 88 432
88 61 432
61 96 319
96 61 319
61 86 182
86 61 182
62 79 711
79 62 711
62 75 780
75 62 780
62 86 179
86 62 179
62 76 169
76 62 169
62 89 215
89 62 215
62 83 583
83 62 583
62 89 840
89 62 840
63 67 236
67 63 236
63 92 113
92 63 113
63 64 966
64 63 966
63 98 476
98 63 476
63 70 183
70 63 183
63 91 562
91 63 562
63 63 603
63 63 603
63 87 448
87 63 448
64 86 100
86 64 100
64 94 408
94 64 408
64 96 161
96 64 161
64 72 384
72 64 384
65 94 856
94 65 856
65 73 372
73 65 372
65 92 357
92 65 357
65 75 257
75 65 257
65 74 859
74 65 859
65 86 473
86 65 473
65 71 677
71 65 677
66 82 366
82 66 366
66 74 724
74 66 724
66 67 158
67 66 158
66 75 488
75 66 488
66 78 8
78 66 8
66 81 628
81 66 628
67 81 679
81 67 679
67 86 227
86 67 227
67 70 299
70 67 299
67 98 583
98 67 583
67 90 521
90 67 521
68 94 139
94 68 139
68 91 473
91 68 473
68 85 349
85 68 349
68 69 629
69 68 629
69 98 755
98 69 755
69 82 784
82 69 784
69 97 188
97 69 188
69 79 296
79 69 296
69 74 717
74 69 717
69 89 736
89 69 736
69 71 639
71 69 639
69 94 100
94 69 100
69 89 294
89 69 294
70 93 818
93 70 818
70 97 154
97 70 154
70 77 810
77 70 810
70 77 700
77 70 700
70 79 81
79 70 81
71 81 41
81 71 41
71 77 353
77 71 353
71 80 31
80 71 31
72 86 542
86 72 542
72 72 36
72 72 36
72 75 481
75 72 481
72 96 752
96 72 752
73 89 405
89 73 405
74 94 869
94 74 869
74 91 400
91 74 400
74 91 757
91 74 757
74 86 35
86 74 35
74 88 287
88 74 287
74 97 853
97 74 853
75 82 754
82 75 754
75 77 668
77 75 668
75 80 260
80 75 260
75 80 91
80 75 91
75 89 126
89 75 126
76 97 504
97 76 504
76 91 846
91 76 846
76 92 884
92 76 884
76 81 947
81 76 947
77 92 745
92 77 745
78 94 783
94 78 783
78 92 913
92 78 913
78 84 554
84 78 554
78 85 166
85 78 166
79 80 854
80 79 854
79 91 132
91 79 132
79 84 40
84 79 40
80 95 115
95 80 115
80 97 303
97 80 303
80 83 612
83 80 612
80 83 225
83 80 225
80 81 572
81 80 572
82 97 653
97 82 653
82 93 962
93 82 962
82 90 236
90 82 236
82 95 75
95 82 75
82 88 346
88 82 346
83 85 174
85 83 174
83 84 77
84 83 77
83 98 91
98 83 91
83 92 170
92 83 170
84 94 422
94 84 422
84 94 172
94 84 172
84 85 228
85 84 228
84 84 137
84 84 137
84 92 334
92 84 334
85 90 532
90 85 532
85 96 315
96 85 315
85 90 935
90 85 935
86 88 689
88 86 689
86 91 642
91 86 642
86 87 510
87 86 510
86 95 445
95 86 445
88 90 600
90 88 600
88 97 425
97 88 425
89 92 827
92 89 827
91 92 51
92 91 51
91 92 129
92 91 129
93 96 50
96 93 50
94 97 909
97 94 909
95 98 551
98 95 551
96 96 523
96 96 523
96 97 762
97 96 762
