25

0 1 70
1 0 70
0 2 280
2 0 280
0 12 755
12 0 755
0 10 621
10 0 621
0 5 539
5 0 539
0 14 365
14 0 365
0 13 462
13 0 462
0 5 954
5 0 954
0 10 142
10 0 142
0 5 847
5 0 847
0 12 120
12 0 120
0 1 253
1 0 253
0 10 131
10 0 131
0 13 543
13 0 543
0 19 773
19 0 773
1 5 322
5 1 322
1 9 5
9 1 5
1 8 680
8 1 680
1 13 46
13 1 46
1 5 703
5 1 703
1 2 474
2 1 474
1 16 660
16 1 660
1 11 46
11 1 46
1 12 249
12 1 249
1 11 675
11 1 675
1 10 738
10 1 738
1 6 906
6 1 906
1 23 225
23 1 225
1 10 38
10 1 38
1 5 527
5 1 527
1 1 812
1 1 812
2 3 866
3 2 866
2 4 448
4 2 448
2 14 573
14 2 573
2 15 216
15 2 216
2 10 181
10 2 181
2 7 246
7 2 246
2 13 453
13 2 453
2 15 259
15 2 259
2 10 520
10 2 520
2 6 602
6 2 602
2 10 971
10 2 971
2 21 979
21 2 979
2 18 233
18 2 233
3 18 806
18 3 806
3 20 587
20 3 587
3 23 472
23 3 472
3 20 908
20 3 908
3 9 554
9 3 554
3 8 908
8 3 908
3 14 198
14 3 198
3 7 462
7 3 462
3 4 116
4 3 116
3 17 130
17 3 130
3 11 726
11 3 726
3 5 510
5 3 510
3 14 714
14 3 714
3 7 746
7 3 746
3 4 977
4 3 977
3 20 443
20 3 443
3 3 582
3 3 582
3 6 397
6 3 397
4 6 267
6 4 267
4 14 473
14 4 473
4 6 485
6 4 485
4 8 186
8 4 186
4 11 757
11 4 757
4 6 63
6 4 63
4 13 880
13 4 880
4 11 949
11 4 949
4 15 264
15 4 264
4 6 542
6 4 542
4 10 523
10 4 523
4 7 487
7 4 487
4 14 1
14 4 1
4 13 398
13 4 398
5 7 966
7 5 966
5 13 982
13 5 982
5 17 6
17 5 6
5 19 103
19 5 103
5 22 349
22 5 349
5 11 994
11 5 994
5 23 321
23 5 321
5 8 403
8 5 403
5 22 437
22 5 437
5 14 464
14 5 464
6 23 510
23 6 510
6 7 820
7 6 820
6 16 419
16 6 419
6 7 822
7 6 822
6 14 259
14 6 259
6 23 940
23 6 940
6 13 463
13 6 463
6 20 133
20 6 133
6 12 752
12 6 752
6 14 75
14 6 75
6 21 756
21 6 756
6 11 328
11 6 328
6 23 266
23 6 266
6 14 94
14 6 94
6 21 627
21 6 627
6 17 731
17 6 731
6 11 988
11 6 988
7 8 522
8 7 522
7 9 811
9 7 811
7 10 500
10 7 500
7 7 338
7 7 338
7 19 695
19 7 695
7 24 766
24 7 766
7 9 79
9 7 79
7 8 971
8 7 971
7 18 23
18 7 23
7 9 461
9 7 461
7 7 647
7 7 647
7 18 526
18 7 526
8 10 67
10 8 67
8 11 672
11 8 672
8 15 165
15 8 165
8 24 227
24 8 227
8 13 801
13 8 801
8 23 687
23 8 687
8 17 332
17 8 332
8 20 18
20 8 18
8 19 331
19 8 331
8 17 149
17 8 149
8 12 579
12 8 579
9 15 795
15 9 795
9 20 582
20 9 582
9 14 260
14 9 260
9 12 652
12 9 652
9 18 120
18 9 120
9 16 395
16 9 395
9 16 857
16 9 857
10 16 910
16 10 910
10 24 64
24 10 64
10 19 855
19 10 855
10 13 718
13 10 718
10 11 844
11 10 844
10 10 353
10 10 353
10 16 98
16 10 98
10 12 591
12 10 591
10 24 341
24 10 341
10 23 330
23 10 330
10 21 210
21 10 210
11 21 893
21 11 893
11 23 734
23 11 734
11 12 760
12 11 760
11 23 949
23 11 949
11 13 102
13 11 102
11 21 933
21 11 933
11 19 87
19 11 87
11 23 748
23 11 748
11 11 96
11 11 96
11 13 359
13 11 359
11 24 35
24 11 35
12 13 427
13 12 427
12 20 492
20 12 492
12 21 121
21 12 121
12 16 534
16 12 534
12 21 984
21 12 984
12 19 409
19 12 409
12 17 531
17 12 531
13 19 224
19 13 224
13 14 727
14 13 727
14 16 797
16 14 797
14 23 939
23 14 939
14 24 3
24 14 3
14 22 894
22 14 894
15 21 21
21 15 21
15 20 92
20 15 92
15 17 934
17 15 934
15 20 174
20 15 174
15 21 562
21 15 562
15 23 468
23 15 468
16 22 753
22 16 753
16 17 184
17 16 184
16 17 694
17 16 694
17 21 724
21 17 724
17 24 89
24 17 89
17 20 424
20 17 424
17 17 274
17 17 274
17 24 402
24 17 402
18 23 589
23 18 589
18 21 754
21 18 754
18 23 962
23 18 962
18 22 494
22 18 494
18 19 278
19 18 278
19 21 996
21 19 996
19 23 105
23 19 105
19 21 26
21 19 26
21 22 867
22 21 867
21 21 382
21 21 382
22 22 20
22 22 20
23 24 15
24 23 15
