54

0 1 817
1 0 817
0 11 509
11 0 509
0 20 172
20 0 172
0 51 951
51 0 951
0 46 96
46 0 96
0 50 810
50 0 810
0 29 530
29 0 530
0 48 476
48 0 476
0 51 940
51 0 940
0 53 173
53 0 173
0 7 488
7 0 488
0 9 890
9 0 890
1 2 388
2 1 388
1 4 757
4 1 757
1 5 991
5 1 991
1 45 123
45 1 123
1 4 864
4 1 864
1 19 77
19 1 77
1 45 871
45 1 871
1 46 720
46 1 720
2 3 804
3 2 804
2 8 416
8 2 416
2 16 137
16 2 137
2 41 617
41 2 617
2 19 619
19 2 619
2 40 835
40 2 835
2 27 744
27 2 744
2 21 495
21 2 495
2 33 343
33 2 343
2 36 300
36 2 300
2 48 551
48 2 551
2 39 640
39 2 640
2 40 593
40 2 593
2 30 823
30 2 823
2 23 252
23 2 252
2 6 898
6 2 898
2 49 459
49 2 459
2 31 241
31 2 241
3 9 926
9 3 926
3 17 490
17 3 490
3 33 240
33 3 240
3 19 485
19 3 485
3 16 438
16 3 438
3 8 454
8 3 454
3 45 803
45 3 803
3 41 450
41 3 450
3 48 928
48 3 928
3 4 470
4 3 470
3 38 177
38 3 177
3 27 597
27 3 597
3 11 150
11 3 150
3 48 830
48 3 830
3 34 912
34 3 912
3 8 366
8 3 366
3 44 441
44 3 441
3 50 517
50 3 517
3 24 907
24 3 907
3 30 711
30 3 711
3 8 690
8 3 690
3 5 539
5 3 539
4 6 578
6 4 578
4 7 535
7 4 535
4 15 528
15 4 528
4 21 398
21 4 398
4 29 882
29 4 882
4 13 270
13 4 270
4 30 624
30 4 624
4 48 495
48 4 495
4 7 100
7 4 100
4 11 775
11 4 775
4 29 79
29 4 79
4 11 634
11 4 634
4 13 177
13 4 177
4 26 239
26 4 239
4 18 255
18 4 255
4 39 929
39 4 929
4 5 187
5 4 187
4 34 44
34 4 44
5 14 647
14 5 647
5 20 74
20 5 74
5 24 442
24 5 442
5 24 271
24 5 271
5 46 690
46 5 690
5 28 811
28 5 811
5 9 581
9 5 581
6 10 118
10 6 118
6 18 181
18 6 181
6 37 723
37 6 723
6 23 472
23 6 472
6 28 586
28 6 586
6 11 263
11 6 263
6 52 373
52 6 373
6 52 193
52 6 193
6 27 646
27 6 646
6 28 917
28 6 917
6 9 49
9 6 49
6 7 845
7 6 845
7 20 541
20 7 541
7 46 654
46 7 654
7 36 995
36 7 995
7 32 907
32 7 907
7 9 16
9 7 16
8 12 873
12 8 873
8 22 356
22 8 356
8 40 75
40 8 75
8 24 91
24 8 91
8 39 211
39 8 211
8 31 873
31 8 873
8 11 46
11 8 46
8 52 135
52 8 135
8 21 641
21 8 641
9 19 95
19 9 95
9 27 479
27 9 479
9 31 420
31 9 420
9 33 355
33 9 355
9 20 278
20 9 278
9 41 4
41 9 4
9 20 874
20 9 874
9 15 26
15 9 26
9 26 25
26 9 25
9 13 749
13 9 749
10 45 34
45 10 34
10 49 764
49 10 764
10 53 465
53 10 465
10 24 641
24 10 641
10 25 413
25 10 413
10 20 920
20 10 920
10 50 470
50 10 470
10 24 164
24 10 164
10 35 662
35 10 662
10 35 888
35 10 888
10 23 530
23 10 530
10 36 429
36 10 429
10 43 933
43 10 933
10 27 516
27 10 516
10 29 45
29 10 45
10 11 130
11 10 130
11 52 709
52 11 709
11 37 979
37 11 979
11 27 749
27 11 749
11 49 657
49 11 657
11 24 413
24 11 413
11 20 811
20 11 811
12 13 127
13 12 127
12 34 146
34 12 146
12 32 341
32 12 341
12 31 977
31 12 977
12 45 477
45 12 477
12 26 909
26 12 909
12 38 626
38 12 626
12 42 77
42 12 77
12 31 894
31 12 894
12 18 474
18 12 474
12 32 401
32 12 401
13 38 176
38 13 176
13 42 334
42 13 334
13 32 260
32 13 260
13 36 282
36 13 282
13 45 555
45 13 555
13 36 651
36 13 651
13 46 633
46 13 633
13 32 755
32 13 755
14 26 539
26 14 539
14 35 219
35 14 219
14 34 332
34 14 332
14 24 985
24 14 985
14 40 274
40 14 274
14 19 896
19 14 896
14 26 46
26 14 46
14 43 333
43 14 333
14 17 342
17 14 342
15 23 171
23 15 171
15 51 719
51 15 719
16 47 737
47 16 737
16 50 432
50 16 432
16 39 860
39 16 860
16 48 193
48 16 193
16 36 338
36 16 338
16 50 317
50 16 317
16 20 361
20 16 361
16 40 720
40 16 720
16 22 44
22 16 44
16 46 565
46 16 565
17 25 90
25 17 90
17 28 452
28 17 452
17 50 463
50 17 463
17 37 240
37 17 240
17 27 505
27 17 505
17 48 722
48 17 722
17 28 561
28 17 561
17 34 134
34 17 134
18 24 610
24 18 610
18 49 922
49 18 922
18 53 778
53 18 778
18 32 417
32 18 417
19 30 840
30 19 840
19 42 324
42 19 324
19 31 909
31 19 909
19 37 503
37 19 503
19 26 143
26 19 143
20 36 59
36 20 59
20 24 349
24 20 349
20 41 861
41 20 861
20 35 871
35 20 871
20 21 430
21 20 430
20 28 703
28 20 703
20 43 757
43 20 757
20 23 716
23 20 716
20 26 720
26 20 720
21 43 48
43 21 48
21 22 184
22 21 184
21 43 375
43 21 375
21 41 538
41 21 538
21 43 608
43 21 608
21 34 117
34 21 117
21 40 307
40 21 307
22 39 943
39 22 943
22 47 205
47 22 205
22 34 433
34 22 433
22 39 348
39 22 348
22 40 195
40 22 195
22 40 227
40 22 227
22 45 284
45 22 284
23 24 428
24 23 428
23 40 287
40 23 287
23 41 757
41 23 757
23 53 213
53 23 213
23 27 927
27 23 927
23 49 2
49 23 2
23 37 696
37 23 696
24 31 322
31 24 322
24 52 856
52 24 856
24 29 433
29 24 433
24 47 877
47 24 877
24 48 73
48 24 73
24 47 840
47 24 840
25 36 273
36 25 273
25 47 339
47 25 339
25 40 277
40 25 277
25 43 64
43 25 64
25 34 544
34 25 544
25 26 585
26 25 585
25 30 269
30 25 269
25 44 146
44 25 146
26 44 506
44 26 506
26 28 221
28 26 221
26 52 541
52 26 541
26 29 558
29 26 558
27 49 729
49 27 729
27 33 438
33 27 438
27 40 886
40 27 886
27 29 129
29 27 129
27 47 322
47 27 322
28 40 335
40 28 335
28 30 608
30 28 608
29 30 129
30 29 129
29 32 296
32 29 296
29 52 695
52 29 695
29 44 270
44 29 270
30 32 627
32 30 627
30 41 180
41 30 180
30 44 66
44 30 66
30 32 293
32 30 293
30 44 879
44 30 879
30 42 444
42 30 444
31 37 36
37 31 36
31 47 547
47 31 547
31 33 670
33 31 670
31 48 360
48 31 360
32 44 243
44 32 243
32 49 642
49 32 642
32 43 60
43 32 60
32 44 243
44 32 243
32 33 150
33 32 150
32 36 862
36 32 862
32 51 263
51 32 263
32 36 581
36 32 581
33 35 590
35 33 590
33 39 442
39 33 442
33 42 746
42 33 746
34 38 290
38 34 290
34 37 377
37 34 377
34 40 748
40 34 748
34 44 223
44 34 223
34 51 160
51 34 160
35 48 127
48 35 127
35 42 920
42 35 920
35 39 143
39 35 143
35 36 780
36 35 780
35 49 290
49 35 290
35 40 767
40 35 767
35 38 217
38 35 217
36 48 624
48 36 624
36 52 678
52 36 678
36 47 358
47 36 358
36 53 157
53 36 157
36 51 395
51 36 395
36 44 919
44 36 919
37 50 527
50 37 527
37 41 75
41 37 75
37 52 219
52 37 219
37 45 840
45 37 840
37 46 520
46 37 520
38 52 158
52 38 158
38 49 581
49 38 581
38 40 132
40 38 132
38 44 55
44 38 55
39 42 622
42 39 622
40 40 448
40 40 448
40 41 559
41 40 559
40 45 191
45 40 191
40 50 37
50 40 37
40 45 937
45 40 937
41 49 505
49 41 505
41 45 800
45 41 800
41 53 741
53 41 741
41 41 7
41 41 7
41 47 151
47 41 151
42 46 16
46 42 16
42 49 159
49 42 159
42 42 140
42 42 140
42 50 521
50 42 521
43 44 707
44 43 707
43 47 922
47 43 922
43 52 136
52 43 136
45 49 368
49 45 368
45 47 535
47 45 535
45 50 387
50 45 387
46 52 152
52 46 152
46 51 370
51 46 370
47 50 48
50 47 48
49 52 212
52 49 212
