16

0 1 300
1 0 300
0 3 990
3 0 990
0 5 825
5 0 825
0 11 873
11 0 873
0 1 335
1 0 335
0 3 939
3 0 939
0 6 813
6 0 813
0 5 740
5 0 740
1 2 812
2 1 812
1 6 752
6 1 752
1 15 481
15 1 481
1 12 205
12 1 205
1 10 760
10 1 760
1 1 754
1 1 754
1 12 228
12 1 228
1 11 490
11 1 490
1 3 301
3 1 301
2 4 589
4 2 589
2 14 72
14 2 72
2 10 875
10 2 875
3 7 463
7 3 463
3 10 593
10 3 593
3 6 390
6 3 390
3 12 678
12 3 678
3 6 48
6 3 48
3 14 128
14 3 128
3 14 209
14 3 209
3 8 851
8 3 851
4 8 704
8 4 704
4 9 716
9 4 716
4 10 622
10 4 622
4 13 330
13 4 330
5 13 883
13 5 883
5 9 379
9 5 379
5 14 617
14 5 617
6 9 757
9 6 757
6 14 586
14 6 586
6 15 887
15 6 887
6 15 8
15 6 8
6 13 591
13 6 591
6 13 992
13 6 992
7 12 391
12 7 391
7 14 791
14 7 791
7 14 893
14 7 893
7 10 835
10 7 835
7 8 407
8 7 407
7 15 559
15 7 559
7 8 666
8 7 666
7 13 121
13 7 121
8 9 633
9 8 633
8 10 918
10 8 918
8 13 271
13 8 271
8 8 279
8 8 279
8 13 625
13 8 625
8 9 315
9 8 315
9 11 836
11 9 836
9 14 459
14 9 459
9 10 13
10 9 13
9 12 792
12 9 792
9 11 557
11 9 557
10 15 447
15 10 447
11 11 777
11 11 777
11 14 328
14 11 328
11 13 937
13 11 937
12 14 21
14 12 21
12 15 52
15 12 52
12 14 324
14 12 324
12 12 769
12 12 769
13 15 443
15 13 443
13 14 282
14 13 282
