65

0 1 463
1 0 463
0 3 215
3 0 215
0 4 724
4 0 724
0 5 546
5 0 546
0 8 543
8 0 543
0 19 253
19 0 253
0 7 793
7 0 793
0 32 446
32 0 446
0 15 916
15 0 916
0 55 752
55 0 752
0 52 519
52 0 519
0 59 451
59 0 451
0 23 652
23 0 652
0 52 820
52 0 820
0 0 294
0 0 294
0 35 657
35 0 657
0 16 35
16 0 35
0 12 777
12 0 777
0 24 764
24 0 764
0 29 295
29 0 295
0 34 421
34 0 421
0 45 642
45 0 642
0 25 716
25 0 716
0 18 737
18 0 737
1 2 364
2 1 364
1 33 982
33 1 982
1 50 624
50 1 624
1 57 40
57 1 40
1 14 432
14 1 432
1 20 612
20 1 612
1 49 641
49 1 641
1 2 192
2 1 192
1 37 622
37 1 622
1 21 583
21 1 583
1 13 928
13 1 928
1 40 699
40 1 699
1 58 118
58 1 118
1 53 128
53 1 128
1 2 910
2 1 910
1 15 906
15 1 906
1 39 248
39 1 248
1 54 479
54 1 479
2 6 643
6 2 643
2 12 662
12 2 662
2 21 760
21 2 760
2 24 117
24 2 117
2 44 585
44 2 585
2 49 743
49 2 743
2 57 3
57 2 3
2 19 564
19 2 564
2 58 549
58 2 549
2 15 586
15 2 586
2 54 651
54 2 651
2 50 273
50 2 273
2 10 610
10 2 610
2 46 221
46 2 221
2 8 207
8 2 207
2 16 349
16 2 349
2 7 588
7 2 588
2 56 588
56 2 588
2 15 981
15 2 981
2 43 723
43 2 723
2 51 267
51 2 267
2 61 707
61 2 707
2 12 505
12 2 505
2 53 900
53 2 900
2 16 750
16 2 750
2 39 672
39 2 672
2 16 480
16 2 480
2 40 34
40 2 34
3 20 973
20 3 973
3 52 486
52 3 486
3 57 405
57 3 405
3 41 230
41 3 230
3 42 706
42 3 706
3 47 158
47 3 158
3 33 804
33 3 804
3 36 277
36 3 277
3 41 732
41 3 732
3 23 678
23 3 678
3 40 380
40 3 380
3 50 671
50 3 671
3 42 679
42 3 679
3 62 180
62 3 180
3 25 601
25 3 601
3 63 809
63 3 809
4 7 921
7 4 921
4 15 407
15 4 407
4 17 994
17 4 994
4 58 898
58 4 898
4 26 238
26 4 238
4 12 597
12 4 597
4 37 431
37 4 431
4 49 538
49 4 538
4 46 347
46 4 347
4 49 805
49 4 805
4 45 446
45 4 446
4 12 685
12 4 685
4 46 154
46 4 154
4 15 8
15 4 8
4 53 791
53 4 791
4 54 756
54 4 756
5 50 798
50 5 798
5 39 687
39 5 687
5 19 124
19 5 124
5 57 146
57 5 146
5 49 459
49 5 459
5 7 229
7 5 229
5 41 707
41 5 707
5 38 873
38 5 873
6 34 521
34 6 521
6 37 139
37 6 139
6 29 118
29 6 118
6 16 938
16 6 938
6 52 407
52 6 407
6 16 239
16 6 239
6 41 14
41 6 14
6 51 338
51 6 338
6 13 341
13 6 341
6 42 358
42 6 358
6 55 798
55 6 798
6 12 348
12 6 348
6 29 322
29 6 322
6 18 229
18 6 229
6 31 807
31 6 807
6 61 38
61 6 38
7 9 716
9 7 716
7 11 216
11 7 216
7 14 10
14 7 10
7 36 352
36 7 352
7 38 873
38 7 873
7 33 553
33 7 553
7 53 584
53 7 584
7 54 632
54 7 632
7 39 217
39 7 217
7 38 586
38 7 586
7 20 713
20 7 713
7 37 577
37 7 577
7 64 20
64 7 20
8 25 20
25 8 20
8 57 63
57 8 63
8 57 355
57 8 355
8 42 812
42 8 812
8 52 5
52 8 5
8 63 186
63 8 186
8 55 220
55 8 220
8 61 18
61 8 18
9 10 352
10 9 352
9 16 91
16 9 91
9 41 102
41 9 102
9 24 908
24 9 908
9 22 608
22 9 608
9 56 475
56 9 475
9 62 795
62 9 795
9 9 811
9 9 811
9 43 39
43 9 39
9 53 846
53 9 846
10 13 31
13 10 31
10 26 635
26 10 635
10 62 778
62 10 778
10 31 6
31 10 6
10 51 676
51 10 676
10 28 511
28 10 511
10 44 841
44 10 841
10 20 733
20 10 733
10 13 246
13 10 246
10 14 600
14 10 600
10 24 310
24 10 310
11 54 691
54 11 691
11 62 639
62 11 639
11 57 526
57 11 526
11 42 185
42 11 185
11 29 151
29 11 151
11 15 850
15 11 850
11 20 653
20 11 653
11 41 387
41 11 387
12 40 380
40 12 380
12 41 587
41 12 587
12 47 172
47 12 172
12 30 678
30 12 678
12 53 700
53 12 700
12 12 676
12 12 676
12 52 552
52 12 552
12 61 847
61 12 847
12 26 96
26 12 96
13 14 670
14 13 670
13 29 897
29 13 897
13 30 629
30 13 629
13 44 720
44 13 720
13 63 167
63 13 167
13 42 519
42 13 519
13 28 915
28 13 915
13 24 520
24 13 520
13 34 482
34 13 482
13 45 551
45 13 551
13 25 354
25 13 354
13 48 605
48 13 605
13 23 848
23 13 848
13 20 231
20 13 231
13 36 100
36 13 100
13 39 532
39 13 532
13 55 534
55 13 534
13 15 820
15 13 820
13 27 360
27 13 360
13 47 620
47 13 620
13 59 446
59 13 446
14 18 96
18 14 96
14 36 144
36 14 144
14 59 997
59 14 997
14 58 648
58 14 648
14 39 608
39 14 608
14 57 93
57 14 93
14 40 306
40 14 306
14 28 679
28 14 679
14 47 470
47 14 470
14 64 127
64 14 127
14 49 7
49 14 7
14 61 990
61 14 990
14 32 927
32 14 927
14 41 524
41 14 524
14 19 513
19 14 513
14 57 309
57 14 309
14 39 273
39 14 273
14 31 602
31 14 602
14 32 788
32 14 788
14 52 453
52 14 453
15 27 155
27 15 155
15 43 821
43 15 821
15 55 232
55 15 232
15 21 846
21 15 846
15 34 755
34 15 755
15 21 304
21 15 304
15 42 285
42 15 285
15 49 635
49 15 635
15 29 935
29 15 935
15 46 923
46 15 923
15 46 69
46 15 69
15 48 874
48 15 874
15 32 225
32 15 225
15 24 224
24 15 224
16 31 128
31 16 128
16 48 848
48 16 848
16 59 363
59 16 363
16 63 454
63 16 454
16 52 990
52 16 990
16 46 567
46 16 567
16 47 562
47 16 562
16 58 847
58 16 847
16 39 530
39 16 530
17 22 159
22 17 159
17 57 602
57 17 602
17 28 522
28 17 522
17 46 820
46 17 820
17 29 383
29 17 383
17 49 173
49 17 173
17 24 195
24 17 195
17 24 227
24 17 227
17 32 496
32 17 496
17 30 77
30 17 77
17 61 806
61 17 806
17 45 39
45 17 39
17 52 987
52 17 987
17 44 705
44 17 705
17 54 408
54 17 408
18 28 929
28 18 929
18 48 485
48 18 485
18 30 970
30 18 970
18 19 478
19 18 478
18 57 411
57 18 411
18 35 210
35 18 210
18 19 807
19 18 807
18 21 253
21 18 253
18 31 675
31 18 675
18 56 670
56 18 670
18 46 883
46 18 883
18 19 294
19 18 294
18 55 99
55 18 99
18 19 30
19 18 30
18 22 796
22 18 796
18 29 201
29 18 201
18 47 662
47 18 662
18 26 168
26 18 168
19 35 135
35 19 135
19 54 945
54 19 945
19 21 803
21 19 803
19 28 546
28 19 546
19 26 295
26 19 295
19 31 955
31 19 955
19 60 384
60 19 384
19 20 309
20 19 309
20 23 639
23 20 639
20 49 351
49 20 351
20 27 263
27 20 263
20 48 213
48 20 213
20 28 925
28 20 925
20 25 436
25 20 436
20 22 334
22 20 334
20 59 405
59 20 405
20 46 544
46 20 544
20 48 885
48 20 885
20 52 81
52 20 81
20 29 608
29 20 608
20 60 825
60 20 825
20 31 740
31 20 740
20 28 604
28 20 604
20 51 464
51 20 464
20 59 567
59 20 567
20 63 416
63 20 416
20 58 961
58 20 961
20 52 617
52 20 617
21 32 904
32 21 904
21 42 246
42 21 246
21 45 671
45 21 671
21 33 797
33 21 797
21 49 927
49 21 927
21 33 391
33 21 391
21 49 201
49 21 201
21 60 553
60 21 553
21 32 635
32 21 635
21 26 182
26 21 182
22 62 515
62 22 515
22 46 343
46 22 343
22 54 389
54 22 389
22 49 430
49 22 430
22 43 504
43 22 504
22 52 520
52 22 520
22 55 613
55 22 613
22 63 953
63 22 953
22 59 128
59 22 128
22 33 534
33 22 534
22 41 188
41 22 188
22 39 644
39 22 644
22 32 339
32 22 339
22 34 37
34 22 37
23 45 82
45 23 82
23 53 503
53 23 503
23 50 372
50 23 372
23 59 567
59 23 567
23 63 574
63 23 574
23 37 872
37 23 872
23 28 542
28 23 542
23 37 204
37 23 204
23 34 519
34 23 519
24 25 340
25 24 340
24 38 647
38 24 647
24 39 538
39 24 538
24 58 482
58 24 482
24 36 675
36 24 675
24 43 210
43 24 210
24 32 308
32 24 308
24 52 610
52 24 610
24 29 630
29 24 630
24 58 654
58 24 654
24 56 966
56 24 966
24 42 846
42 24 846
25 53 805
53 25 805
25 42 402
42 25 402
25 46 849
46 25 849
25 58 641
58 25 641
25 39 214
39 25 214
25 39 816
39 25 816
25 55 777
55 25 777
25 54 605
54 25 605
25 53 670
53 25 670
26 51 399
51 26 399
26 59 433
59 26 433
26 52 689
52 26 689
26 53 170
53 26 170
26 53 37
53 26 37
26 47 846
47 26 846
26 51 833
51 26 833
27 59 587
59 27 587
27 53 71
53 27 71
27 58 85
58 27 85
27 32 353
32 27 353
27 33 282
33 27 282
27 57 292
57 27 292
27 29 81
29 27 81
27 39 425
39 27 425
28 51 528
51 28 528
28 47 634
47 28 634
28 55 394
55 28 394
28 37 414
37 28 414
28 39 628
39 28 628
28 28 717
28 28 717
28 30 813
30 28 813
28 61 195
61 28 195
28 50 201
50 28 201
29 43 32
43 29 32
29 54 81
54 29 81
29 51 573
51 29 573
29 49 577
49 29 577
29 61 405
61 29 405
29 32 723
32 29 723
29 42 441
42 29 441
29 59 142
59 29 142
29 54 988
54 29 988
30 46 825
46 30 825
30 51 793
51 30 793
30 30 758
30 30 758
30 31 344
31 30 344
30 43 253
43 30 253
30 43 778
43 30 778
30 48 277
48 30 277
30 42 525
42 30 525
30 57 664
57 30 664
31 42 611
42 31 611
31 46 336
46 31 336
31 42 64
42 31 64
31 53 510
53 31 510
31 64 138
64 31 138
31 39 110
39 31 110
32 61 468
61 32 468
32 50 892
50 32 892
32 50 73
50 32 73
32 59 948
59 32 948
32 49 184
49 32 184
33 39 842
39 33 842
33 61 862
61 33 862
33 53 669
53 33 669
33 44 619
44 33 619
33 55 2
55 33 2
33 58 963
58 33 963
33 38 493
38 33 493
33 42 824
42 33 824
34 49 943
49 34 943
34 59 806
59 34 806
34 64 124
64 34 124
34 41 799
41 34 799
34 51 494
51 34 494
34 50 297
50 34 297
34 52 527
52 34 527
35 53 590
53 35 590
35 55 105
55 35 105
35 48 581
48 35 581
35 37 391
37 35 391
35 39 417
39 35 417
35 49 467
49 35 467
35 46 280
46 35 280
35 43 593
43 35 593
35 36 390
36 35 390
36 48 806
48 36 806
36 52 359
52 36 359
36 53 753
53 36 753
36 57 191
57 36 191
36 58 393
58 36 393
37 47 270
47 37 270
37 60 950
60 37 950
37 58 201
58 37 201
37 55 119
55 37 119
37 56 811
56 37 811
37 41 40
41 37 40
37 59 1
59 37 1
37 46 705
46 37 705
38 45 386
45 38 386
38 60 145
60 38 145
38 48 547
48 38 547
38 56 886
56 38 886
39 46 413
46 39 413
39 47 987
47 39 987
39 64 759
64 39 759
39 45 870
45 39 870
39 50 562
50 39 562
39 41 113
41 39 113
40 64 675
64 40 675
40 59 488
59 40 488
40 45 399
45 40 399
40 56 836
56 40 836
40 51 767
51 40 767
40 53 277
53 40 277
40 56 367
56 40 367
41 42 853
42 41 853
41 51 654
51 41 654
41 61 243
61 41 243
42 45 314
45 42 314
42 48 456
48 42 456
42 56 974
56 42 974
42 63 984
63 42 984
42 46 866
46 42 866
42 60 254
60 42 254
42 49 364
49 42 364
42 54 363
54 42 363
42 43 611
43 42 611
43 47 296
47 43 296
43 46 439
46 43 439
43 47 647
47 43 647
44 47 329
47 44 329
44 59 501
59 44 501
44 49 54
49 44 54
44 58 172
58 44 172
44 50 757
50 44 757
45 61 355
61 45 355
45 48 787
48 45 787
45 56 726
56 45 726
45 61 132
61 45 132
46 49 472
49 46 472
46 57 442
57 46 442
46 48 44
48 46 44
46 55 938
55 46 938
46 51 239
51 46 239
47 60 54
60 47 54
47 48 949
48 47 949
47 53 777
53 47 777
48 62 999
62 48 999
48 51 749
51 48 749
48 58 758
58 48 758
48 58 516
58 48 516
48 60 504
60 48 504
48 52 95
52 48 95
49 62 858
62 49 858
49 57 931
57 49 931
49 64 96
64 49 96
49 64 205
64 49 205
49 52 882
52 49 882
50 63 313
63 50 313
50 61 803
61 50 803
50 61 658
61 50 658
50 57 408
57 50 408
50 55 702
55 50 702
51 64 195
64 51 195
51 56 17
56 51 17
51 56 956
56 51 956
51 62 293
62 51 293
52 62 661
62 52 661
52 57 614
57 52 614
52 52 811
52 52 811
54 63 565
63 54 565
54 55 658
55 54 658
54 62 147
62 54 147
56 60 376
60 56 376
56 62 457
62 56 457
56 59 129
59 56 129
57 57 970
57 57 970
57 64 493
64 57 493
58 64 166
64 58 166
58 61 368
61 58 368
58 64 457
64 58 457
59 64 975
64 59 975
59 62 33
62 59 33
61 61 646
61 61 646
62 63 131
63 62 131
