37

0 1 405
1 0 405
0 6 519
6 0 519
0 10 135
10 0 135
0 3 30
3 0 30
0 18 330
18 0 330
0 20 155
20 0 155
0 1 486
1 0 486
0 35 66
35 0 66
1 2 794
2 1 794
1 13 598
13 1 598
1 18 443
18 1 443
1 24 216
24 1 216
1 28 254
28 1 254
1 10 652
10 1 652
1 28 937
28 1 937
1 5 696
5 1 696
1 14 439
14 1 439
2 3 903
3 2 903
2 14 248
14 2 248
2 16 554
16 2 554
2 16 118
16 2 118
2 8 241
8 2 241
2 4 695
4 2 695
2 30 501
30 2 501
2 32 717
32 2 717
2 36 679
36 2 679
2 20 688
20 2 688
3 4 37
4 3 37
3 11 943
11 3 943
3 8 753
8 3 753
3 19 421
19 3 421
3 8 549
8 3 549
3 22 746
22 3 746
4 5 180
5 4 180
4 8 976
8 4 976
4 21 586
21 4 586
4 22 747
22 4 747
4 14 728
14 4 728
4 31 88
31 4 88
4 28 160
28 4 160
4 6 261
6 4 261
4 27 403
27 4 403
5 7 409
7 5 409
5 29 336
29 5 336
5 34 968
34 5 968
5 21 490
21 5 490
5 25 852
25 5 852
6 9 11
9 6 11
6 9 330
9 6 330
6 25 419
25 6 419
6 10 212
10 6 212
7 16 299
16 7 299
7 24 791
24 7 791
7 33 161
33 7 161
8 20 943
20 8 943
8 23 294
23 8 294
8 27 110
27 8 110
8 28 58
28 8 58
8 36 396
36 8 396
8 33 371
33 8 371
9 12 793
12 9 793
9 15 511
15 9 511
9 13 87
13 9 87
9 21 985
21 9 985
9 28 775
28 9 775
9 13 915
13 9 915
9 13 4
13 9 4
10 11 170
11 10 170
10 26 771
26 10 771
10 18 65
18 10 65
10 29 850
29 10 850
10 28 958
28 10 958
10 16 513
16 10 513
11 34 428
34 11 428
11 35 73
35 11 73
11 22 21
22 11 21
11 15 641
15 11 641
12 17 307
17 12 307
12 27 998
27 12 998
12 14 833
14 12 833
12 27 379
27 12 379
12 34 879
34 12 879
12 35 715
35 12 715
12 13 895
13 12 895
12 29 355
29 12 355
12 25 532
25 12 532
12 14 943
14 12 943
13 31 837
31 13 837
13 20 227
20 13 227
13 27 784
27 13 784
13 22 558
22 13 558
13 25 193
25 13 193
13 27 133
27 13 133
14 19 775
19 14 775
14 32 761
32 14 761
14 31 609
31 14 609
14 28 307
28 14 307
14 24 767
24 14 767
14 28 953
28 14 953
15 23 866
23 15 866
15 34 190
34 15 190
15 24 456
24 15 456
15 20 433
20 15 433
16 34 284
34 16 284
16 24 947
24 16 947
17 25 699
25 17 699
17 33 755
33 17 755
17 36 720
36 17 720
17 19 87
19 17 87
17 30 559
30 17 559
18 26 159
26 18 159
18 25 991
25 18 991
18 24 911
24 18 911
19 19 874
19 19 874
20 24 338
24 20 338
20 34 622
34 20 622
21 31 505
31 21 505
21 34 390
34 21 390
21 29 642
29 21 642
21 22 43
22 21 43
21 24 980
24 21 980
21 32 116
32 21 116
22 26 44
26 22 44
22 23 2
23 22 2
22 29 946
29 22 946
23 30 925
30 23 925
23 35 98
35 23 98
23 28 63
28 23 63
23 31 288
31 23 288
23 25 900
25 23 900
23 30 685
30 23 685
24 35 284
35 24 284
24 29 287
29 24 287
26 29 246
29 26 246
26 31 150
31 26 150
26 28 703
28 26 703
27 36 659
36 27 659
27 27 267
27 27 267
28 32 65
32 28 65
29 36 16
36 29 16
30 31 956
31 30 956
33 34 133
34 33 133
35 36 449
36 35 449
