37

0 1 130
1 0 130
0 7 115
7 0 115
0 15 689
15 0 689
0 22 389
22 0 389
0 25 601
25 0 601
0 11 640
11 0 640
0 3 833
3 0 833
0 36 341
36 0 341
0 30 897
30 0 897
0 19 912
19 0 912
0 36 9
36 0 9
0 23 307
23 0 307
0 20 558
20 0 558
0 31 954
31 0 954
0 32 90
32 0 90
0 23 321
23 0 321
0 30 918
30 0 918
0 24 714
24 0 714
0 35 167
35 0 167
0 8 848
8 0 848
0 20 39
20 0 39
0 1 700
1 0 700
0 30 557
30 0 557
0 3 156
3 0 156
0 20 899
20 0 899
1 2 286
2 1 286
1 4 263
4 1 263
1 11 881
11 1 881
1 13 348
13 1 348
1 14 728
14 1 728
1 20 188
20 1 188
1 28 61
28 1 61
1 29 543
29 1 543
1 24 33
24 1 33
1 35 580
35 1 580
1 21 636
21 1 636
1 18 191
18 1 191
1 19 521
19 1 521
1 8 34
8 1 34
1 3 206
3 1 206
1 24 397
24 1 397
1 33 953
33 1 953
1 15 651
15 1 651
1 14 54
14 1 54
1 15 292
15 1 292
1 3 332
3 1 332
1 29 638
29 1 638
1 24 799
24 1 799
1 25 86
25 1 86
1 12 729
12 1 729
1 20 564
20 1 564
1 25 994
25 1 994
1 7 282
7 1 282
1 10 285
10 1 285
1 19 325
19 1 325
1 7 680
7 1 680
1 8 743
8 1 743
1 8 180
8 1 180
1 13 469
13 1 469
1 6 556
6 1 556
1 20 843
20 1 843
2 3 397
3 2 397
2 17 374
17 2 374
2 20 116
20 2 116
2 36 668
36 2 668
2 32 480
32 2 480
2 23 999
23 2 999
2 12 475
12 2 475
2 20 6
20 2 6
2 29 267
29 2 267
2 36 902
36 2 902
2 25 752
25 2 752
2 11 282
11 2 282
2 18 810
18 2 810
2 25 47
25 2 47
2 35 40
35 2 40
2 19 288
19 2 288
3 6 636
6 3 636
3 10 828
10 3 828
3 18 54
18 3 54
3 27 510
27 3 510
3 11 762
11 3 762
3 19 94
19 3 94
3 18 193
18 3 193
3 22 137
22 3 137
3 35 211
35 3 211
3 35 777
35 3 777
3 35 688
35 3 688
3 30 880
30 3 880
3 13 653
13 3 653
3 17 649
17 3 649
3 12 88
12 3 88
3 28 747
28 3 747
3 14 880
14 3 880
3 35 307
35 3 307
3 23 458
23 3 458
3 27 673
27 3 673
3 6 570
6 3 570
3 13 998
13 3 998
3 9 101
9 3 101
3 22 406
22 3 406
3 22 301
22 3 301
3 23 135
23 3 135
3 18 758
18 3 758
3 33 428
33 3 428
3 11 854
11 3 854
3 14 299
14 3 299
3 26 76
26 3 76
3 10 26
10 3 26
3 26 213
26 3 213
3 30 280
30 3 280
4 5 210
5 4 210
4 8 712
8 4 712
4 6 107
6 4 107
4 22 386
22 4 386
4 27 965
27 4 965
4 14 591
14 4 591
4 18 848
18 4 848
4 12 762
12 4 762
4 19 602
19 4 602
4 7 208
7 4 208
4 24 369
24 4 369
4 27 559
27 4 559
4 20 788
20 4 788
4 17 25
17 4 25
4 7 466
7 4 466
4 35 502
35 4 502
4 21 85
21 4 85
4 28 771
28 4 771
4 36 407
36 4 407
4 14 218
14 4 218
5 26 884
26 5 884
5 27 287
27 5 287
5 28 946
28 5 946
5 29 185
29 5 185
5 19 858
19 5 858
5 8 843
8 5 843
5 21 214
21 5 214
5 29 933
29 5 933
5 36 18
36 5 18
5 10 525
10 5 525
5 21 150
21 5 150
5 30 548
30 5 548
5 15 705
15 5 705
5 35 671
35 5 671
5 15 219
15 5 219
5 25 993
25 5 993
5 27 835
27 5 835
5 8 761
8 5 761
5 25 375
25 5 375
5 17 169
17 5 169
5 20 199
20 5 199
5 17 660
17 5 660
6 25 382
25 6 382
6 35 955
35 6 955
6 35 781
35 6 781
6 24 606
24 6 606
6 8 934
8 6 934
6 25 729
25 6 729
6 20 218
20 6 218
6 33 474
33 6 474
6 15 52
15 6 52
6 20 797
20 6 797
6 14 755
14 6 755
6 13 701
13 6 701
6 20 111
20 6 111
6 28 247
28 6 247
6 36 277
36 6 277
7 9 679
9 7 679
7 12 985
12 7 985
7 18 922
18 7 922
7 24 98
24 7 98
7 29 960
29 7 960
7 36 790
36 7 790
7 22 985
22 7 985
7 8 238
8 7 238
7 20 911
20 7 911
7 36 426
36 7 426
7 24 6
24 7 6
7 27 883
27 7 883
7 35 718
35 7 718
7 33 80
33 7 80
7 32 267
32 7 267
7 33 223
33 7 223
7 16 36
16 7 36
7 18 659
18 7 659
7 8 811
8 7 811
7 12 382
12 7 382
7 12 387
12 7 387
7 25 815
25 7 815
7 30 148
30 7 148
7 17 139
17 7 139
7 10 586
10 7 586
8 21 864
21 8 864
8 25 101
25 8 101
8 15 534
15 8 534
8 17 902
17 8 902
8 12 185
12 8 185
8 16 893
16 8 893
8 23 508
23 8 508
8 33 766
33 8 766
8 27 312
27 8 312
8 10 959
10 8 959
8 18 878
18 8 878
8 23 749
23 8 749
8 13 103
13 8 103
8 19 151
19 8 151
8 16 667
16 8 667
8 20 512
20 8 512
8 35 764
35 8 764
8 18 884
18 8 884
9 31 760
31 9 760
9 26 253
26 9 253
9 20 164
20 9 164
9 26 490
26 9 490
9 19 255
19 9 255
9 30 676
30 9 676
9 30 673
30 9 673
9 20 646
20 9 646
9 23 177
23 9 177
9 17 682
17 9 682
9 25 862
25 9 862
9 22 379
22 9 379
9 18 910
18 9 910
9 25 506
25 9 506
9 18 312
18 9 312
10 23 498
23 10 498
10 30 601
30 10 601
10 12 569
12 10 569
10 21 674
21 10 674
10 19 679
19 10 679
10 26 931
26 10 931
10 32 906
32 10 906
10 24 676
24 10 676
10 11 29
11 10 29
10 27 52
27 10 52
10 28 576
28 10 576
10 19 457
19 10 457
10 27 553
27 10 553
10 17 900
17 10 900
10 10 667
10 10 667
11 19 717
19 11 717
11 31 518
31 11 518
11 28 826
28 11 826
11 14 743
14 11 743
11 33 307
33 11 307
11 26 358
26 11 358
11 20 934
20 11 934
11 11 345
11 11 345
11 24 728
24 11 728
11 21 302
21 11 302
11 21 695
21 11 695
11 29 893
29 11 893
12 36 913
36 12 913
12 29 929
29 12 929
12 34 790
34 12 790
12 27 8
27 12 8
12 36 150
36 12 150
12 34 1000
34 12 1000
12 33 762
33 12 762
12 32 179
32 12 179
12 31 589
31 12 589
12 26 76
26 12 76
12 26 384
26 12 384
12 21 615
21 12 615
12 30 582
30 12 582
12 26 562
26 12 562
12 35 153
35 12 153
12 18 984
18 12 984
12 27 156
27 12 156
12 35 902
35 12 902
12 12 114
12 12 114
12 25 492
25 12 492
13 30 260
30 13 260
13 36 764
36 13 764
13 32 381
32 13 381
13 24 765
24 13 765
13 21 671
21 13 671
13 25 595
25 13 595
13 36 404
36 13 404
13 32 497
32 13 497
13 17 576
17 13 576
13 35 140
35 13 140
13 24 591
24 13 591
14 16 529
16 14 529
14 17 462
17 14 462
14 17 525
17 14 525
14 33 614
33 14 614
14 32 979
32 14 979
14 28 570
28 14 570
14 31 461
31 14 461
14 15 646
15 14 646
14 21 707
21 14 707
14 16 543
16 14 543
14 14 338
14 14 338
14 35 698
35 14 698
14 27 567
27 14 567
14 30 986
30 14 986
14 19 71
19 14 71
14 28 487
28 14 487
15 34 681
34 15 681
15 36 395
36 15 395
15 30 251
30 15 251
15 27 189
27 15 189
15 33 97
33 15 97
15 34 790
34 15 790
15 35 250
35 15 250
15 27 828
27 15 828
15 20 802
20 15 802
15 33 805
33 15 805
15 18 8
18 15 8
15 24 58
24 15 58
16 31 335
31 16 335
16 31 421
31 16 421
16 26 263
26 16 263
16 33 910
33 16 910
16 26 346
26 16 346
16 21 820
21 16 820
16 24 172
24 16 172
16 32 229
32 16 229
16 34 994
34 16 994
16 18 580
18 16 580
16 26 782
26 16 782
16 30 726
30 16 726
17 30 801
30 17 801
17 22 361
22 17 361
17 19 305
19 17 305
17 19 862
19 17 862
17 32 391
32 17 391
17 22 930
22 17 930
17 36 597
36 17 597
17 26 272
26 17 272
17 34 616
34 17 616
17 25 765
25 17 765
17 17 768
17 17 768
18 31 596
31 18 596
18 35 436
35 18 436
18 34 909
34 18 909
18 29 709
29 18 709
18 25 89
25 18 89
18 23 568
23 18 568
18 23 906
23 18 906
18 28 215
28 18 215
19 20 318
20 19 318
19 25 688
25 19 688
19 28 776
28 19 776
19 26 665
26 19 665
19 31 162
31 19 162
19 33 952
33 19 952
19 35 965
35 19 965
19 34 400
34 19 400
19 23 924
23 19 924
19 27 8
27 19 8
19 31 921
31 19 921
19 35 132
35 19 132
20 30 603
30 20 603
20 30 647
30 20 647
20 36 69
36 20 69
20 29 222
29 20 222
20 32 45
32 20 45
20 23 411
23 20 411
20 28 272
28 20 272
20 35 785
35 20 785
21 24 792
24 21 792
21 27 407
27 21 407
21 28 202
28 21 202
21 23 808
23 21 808
21 34 189
34 21 189
21 36 863
36 21 863
21 21 517
21 21 517
21 26 882
26 21 882
21 22 776
22 21 776
21 23 468
23 21 468
21 21 123
21 21 123
22 27 35
27 22 35
22 36 286
36 22 286
22 32 303
32 22 303
22 24 177
24 22 177
22 28 790
28 22 790
22 32 752
32 22 752
22 27 959
27 22 959
22 33 953
33 22 953
23 33 410
33 23 410
23 29 346
29 23 346
23 24 888
24 23 888
23 32 192
32 23 192
23 24 944
24 23 944
23 33 125
33 23 125
24 25 597
25 24 597
24 35 320
35 24 320
24 33 405
33 24 405
24 24 843
24 24 843
24 31 219
31 24 219
24 30 650
30 24 650
24 31 125
31 24 125
25 35 426
35 25 426
25 30 153
30 25 153
25 28 313
28 25 313
25 33 671
33 25 671
25 34 709
34 25 709
25 31 136
31 25 136
25 36 874
36 25 874
26 26 919
26 26 919
26 34 31
34 26 31
26 32 324
32 26 324
26 27 869
27 26 869
26 34 764
34 26 764
26 32 51
32 26 51
26 34 420
34 26 420
27 32 401
32 27 401
27 33 989
33 27 989
27 36 643
36 27 643
27 27 960
27 27 960
27 28 346
28 27 346
27 30 190
30 27 190
27 36 674
36 27 674
27 29 417
29 27 417
28 31 970
31 28 970
28 30 208
30 28 208
28 36 699
36 28 699
29 32 887
32 29 887
29 29 632
29 29 632
29 34 942
34 29 942
29 34 287
34 29 287
29 36 303
36 29 303
29 35 735
35 29 735
30 33 227
33 30 227
30 33 402
33 30 402
30 33 652
33 30 652
30 30 761
30 30 761
30 34 223
34 30 223
31 32 190
32 31 190
31 36 893
36 31 893
31 35 340
35 31 340
31 32 337
32 31 337
31 34 204
34 31 204
31 32 500
32 31 500
31 32 766
32 31 766
32 33 879
33 32 879
32 35 822
35 32 822
33 33 854
33 33 854
33 34 441
34 33 441
33 33 553
33 33 553
33 36 976
36 33 976
34 36 573
36 34 573
34 36 276
36 34 276
35 35 653
35 35 653
35 35 801
35 35 801
35 35 939
35 35 939
