48

0 1 531
1 0 531
0 2 298
2 0 298
0 4 674
4 0 674
0 5 600
5 0 600
0 6 551
6 0 551
0 1 324
1 0 324
0 31 666
31 0 666
0 19 972
19 0 972
0 11 976
11 0 976
0 41 93
41 0 93
0 7 224
7 0 224
0 8 467
8 0 467
0 38 103
38 0 103
0 23 328
23 0 328
0 36 335
36 0 335
0 32 546
32 0 546
0 24 599
24 0 599
1 3 303
3 1 303
1 12 214
12 1 214
1 24 697
24 1 697
1 38 270
38 1 270
1 41 1
41 1 1
1 5 334
5 1 334
1 10 926
10 1 926
1 4 532
4 1 532
1 39 965
39 1 965
1 9 796
9 1 796
1 15 18
15 1 18
1 14 491
14 1 491
1 17 714
17 1 714
1 15 908
15 1 908
1 22 911
22 1 911
1 9 249
9 1 249
1 46 94
46 1 94
1 29 885
29 1 885
1 5 177
5 1 177
2 8 430
8 2 430
2 26 527
26 2 527
2 4 533
4 2 533
2 18 230
18 2 230
2 14 198
14 2 198
2 27 436
27 2 436
2 28 761
28 2 761
2 13 411
13 2 411
2 41 549
41 2 549
2 9 739
9 2 739
2 8 214
8 2 214
2 32 46
32 2 46
2 29 603
29 2 603
3 7 825
7 3 825
3 14 190
14 3 190
3 35 664
35 3 664
3 22 275
22 3 275
3 14 343
14 3 343
3 22 126
22 3 126
3 31 90
31 3 90
3 47 38
47 3 38
3 43 205
43 3 205
3 36 485
36 3 485
3 23 896
23 3 896
3 34 840
34 3 840
3 42 620
42 3 620
3 23 135
23 3 135
3 46 468
46 3 468
3 3 984
3 3 984
3 19 695
19 3 695
3 17 392
17 3 392
3 31 799
31 3 799
3 11 406
11 3 406
4 9 408
9 4 408
4 27 927
27 4 927
4 22 15
22 4 15
4 39 2
39 4 2
4 45 344
45 4 344
4 28 879
28 4 879
4 36 361
36 4 361
4 17 71
17 4 71
4 19 986
19 4 986
4 32 276
32 4 276
4 11 282
11 4 282
4 18 181
18 4 181
4 45 845
45 4 845
5 6 435
6 5 435
5 10 371
10 5 371
5 11 844
11 5 844
5 19 950
19 5 950
5 30 179
30 5 179
5 30 387
30 5 387
5 21 384
21 5 384
5 15 172
15 5 172
5 35 623
35 5 623
5 26 944
26 5 944
5 30 859
30 5 859
5 44 533
44 5 533
5 18 940
18 5 940
5 15 445
15 5 445
5 47 990
47 5 990
5 33 79
33 5 79
5 29 788
29 5 788
5 30 890
30 5 890
5 9 109
9 5 109
5 38 343
38 5 343
5 21 924
21 5 924
5 29 441
29 5 441
5 17 764
17 5 764
5 44 426
44 5 426
6 10 227
10 6 227
6 16 410
16 6 410
6 12 510
12 6 510
6 14 279
14 6 279
6 36 955
36 6 955
6 23 31
23 6 31
6 39 741
39 6 741
6 28 27
28 6 27
6 32 383
32 6 383
6 23 896
23 6 896
6 21 597
21 6 597
6 28 416
28 6 416
6 16 309
16 6 309
6 42 884
42 6 884
6 17 539
17 6 539
6 31 335
31 6 335
6 47 304
47 6 304
6 39 670
39 6 670
6 20 885
20 6 885
6 16 991
16 6 991
6 46 305
46 6 305
7 39 683
39 7 683
7 11 643
11 7 643
7 9 368
9 7 368
7 10 967
10 7 967
7 20 695
20 7 695
7 11 868
11 7 868
7 43 521
43 7 521
7 44 105
44 7 105
7 8 964
8 7 964
7 43 808
43 7 808
7 35 10
35 7 10
7 20 544
20 7 544
7 26 394
26 7 394
7 47 398
47 7 398
8 15 52
15 8 52
8 20 91
20 8 91
8 26 2
26 8 2
8 17 350
17 8 350
8 30 275
30 8 275
8 23 780
23 8 780
8 40 398
40 8 398
8 37 885
37 8 885
8 33 950
33 8 950
8 26 760
26 8 760
8 34 434
34 8 434
8 8 619
8 8 619
8 45 864
45 8 864
8 8 919
8 8 919
8 47 336
47 8 336
9 30 580
30 9 580
9 28 259
28 9 259
9 32 328
32 9 328
9 40 587
40 9 587
9 14 340
14 9 340
9 21 806
21 9 806
9 30 904
30 9 904
9 43 755
43 9 755
9 28 146
28 9 146
9 19 880
19 9 880
9 26 542
26 9 542
9 38 621
38 9 621
9 17 535
17 9 535
9 12 354
12 9 354
9 18 460
18 9 460
9 30 783
30 9 783
9 34 649
34 9 649
9 18 423
18 9 423
9 17 215
17 9 215
9 34 555
34 9 555
9 16 262
16 9 262
9 11 84
11 9 84
9 47 179
47 9 179
10 26 397
26 10 397
10 42 871
42 10 871
10 16 56
16 10 56
10 22 848
22 10 848
10 14 83
14 10 83
10 20 866
20 10 866
10 42 48
42 10 48
10 21 236
21 10 236
10 25 751
25 10 751
10 15 80
15 10 80
10 31 524
31 10 524
10 31 326
31 10 326
10 13 943
13 10 943
10 30 581
30 10 581
10 18 409
18 10 409
10 10 707
10 10 707
10 17 223
17 10 223
10 31 503
31 10 503
10 24 51
24 10 51
10 45 311
45 10 311
10 25 449
25 10 449
10 41 915
41 10 915
10 25 65
25 10 65
10 27 100
27 10 100
11 13 492
13 11 492
11 34 74
34 11 74
11 37 679
37 11 679
11 18 494
18 11 494
11 12 923
12 11 923
11 44 798
44 11 798
11 18 763
18 11 763
11 16 538
16 11 538
11 17 88
17 11 88
11 32 407
32 11 407
11 22 947
22 11 947
11 13 391
13 11 391
11 47 361
47 11 361
11 34 642
34 11 642
11 14 246
14 11 246
11 34 125
34 11 125
11 15 630
15 11 630
12 17 879
17 12 879
12 18 47
18 12 47
12 21 879
21 12 879
12 22 982
22 12 982
12 31 501
31 12 501
12 39 20
39 12 20
12 28 520
28 12 520
12 29 112
29 12 112
12 16 720
16 12 720
12 41 951
41 12 951
12 25 748
25 12 748
12 20 16
20 12 16
12 22 688
22 12 688
12 46 341
46 12 341
12 31 819
31 12 819
12 14 247
14 12 247
12 21 579
21 12 579
12 42 654
42 12 654
12 47 295
47 12 295
12 37 961
37 12 961
12 25 720
25 12 720
12 39 329
39 12 329
12 17 415
17 12 415
12 38 705
38 12 705
12 28 250
28 12 250
12 39 231
39 12 231
12 31 532
31 12 532
12 29 934
29 12 934
12 20 751
20 12 751
12 28 751
28 12 751
13 16 609
16 13 609
13 40 852
40 13 852
13 27 260
27 13 260
13 22 55
22 13 55
13 38 651
38 13 651
13 41 346
41 13 346
13 36 342
36 13 342
13 30 201
30 13 201
13 20 454
20 13 454
13 33 640
33 13 640
13 38 503
38 13 503
13 21 424
21 13 424
13 15 975
15 13 975
13 22 9
22 13 9
13 40 124
40 13 124
13 24 719
24 13 719
14 31 857
31 14 857
14 17 352
17 14 352
14 26 187
26 14 187
14 41 742
41 14 742
14 15 55
15 14 55
14 23 443
23 14 443
14 33 240
33 14 240
14 36 955
36 14 955
14 24 783
24 14 783
14 25 955
25 14 955
15 38 904
38 15 904
15 27 413
27 15 413
15 46 788
46 15 788
15 30 876
30 15 876
15 32 646
32 15 646
15 39 821
39 15 821
15 15 407
15 15 407
15 38 840
38 15 840
15 28 973
28 15 973
16 28 768
28 16 768
16 26 230
26 16 230
16 22 275
22 16 275
16 41 299
41 16 299
16 45 661
45 16 661
16 47 606
47 16 606
16 27 488
27 16 488
16 18 100
18 16 100
16 46 43
46 16 43
16 38 358
38 16 358
16 33 458
33 16 458
16 31 105
31 16 105
16 30 678
30 16 678
16 23 400
23 16 400
16 43 385
43 16 385
16 45 71
45 16 71
16 41 477
41 16 477
16 38 318
38 16 318
17 35 995
35 17 995
17 18 481
18 17 481
17 30 686
30 17 686
17 22 634
22 17 634
17 47 708
47 17 708
17 40 416
40 17 416
17 47 281
47 17 281
17 18 94
18 17 94
17 22 745
22 17 745
17 36 902
36 17 902
17 46 604
46 17 604
17 35 21
35 17 21
17 24 508
24 17 508
18 25 75
25 18 75
18 28 183
28 18 183
18 36 61
36 18 61
18 36 272
36 18 272
18 32 191
32 18 191
18 23 918
23 18 918
18 26 668
26 18 668
18 29 823
29 18 823
18 39 34
39 18 34
18 46 990
46 18 990
18 28 817
28 18 817
18 44 24
44 18 24
19 24 374
24 19 374
19 35 688
35 19 688
19 34 181
34 19 181
19 34 90
34 19 90
19 47 657
47 19 657
19 32 778
32 19 778
19 33 509
33 19 509
19 32 267
32 19 267
19 35 215
35 19 215
19 22 317
22 19 317
19 42 277
42 19 277
19 33 201
33 19 201
19 37 872
37 19 872
19 25 808
25 19 808
19 30 999
30 19 999
20 40 10
40 20 10
20 45 889
45 20 889
20 24 516
24 20 516
20 30 977
30 20 977
20 32 874
32 20 874
20 20 103
20 20 103
20 33 123
33 20 123
20 31 395
31 20 395
20 38 957
38 20 957
21 23 550
23 21 550
21 24 812
24 21 812
21 26 931
26 21 931
21 47 828
47 21 828
21 42 43
42 21 43
21 22 733
22 21 733
21 24 860
24 21 860
21 46 509
46 21 509
21 36 866
36 21 866
21 27 465
27 21 465
21 25 948
25 21 948
21 34 500
34 21 500
21 46 964
46 21 964
21 26 355
26 21 355
22 47 868
47 22 868
22 23 666
23 22 666
22 30 171
30 22 171
22 39 830
39 22 830
22 35 739
35 22 739
22 35 974
35 22 974
22 31 543
31 22 543
22 37 61
37 22 61
22 38 320
38 22 320
22 44 503
44 22 503
22 25 912
25 22 912
22 29 831
29 22 831
22 34 558
34 22 558
22 29 334
29 22 334
22 30 768
30 22 768
23 40 372
40 23 372
23 45 888
45 23 888
23 31 287
31 23 287
23 45 773
45 23 773
23 24 884
24 23 884
23 26 872
26 23 872
23 34 100
34 23 100
24 29 82
29 24 82
24 35 310
35 24 310
24 44 143
44 24 143
24 31 578
31 24 578
24 27 500
27 24 500
24 47 284
47 24 284
24 28 388
28 24 388
24 45 158
45 24 158
24 38 931
38 24 931
25 46 851
46 25 851
25 27 891
27 25 891
25 38 325
38 25 325
25 29 435
29 25 435
25 31 202
31 25 202
26 28 685
28 26 685
26 42 753
42 26 753
26 44 407
44 26 407
26 47 943
47 26 943
26 39 869
39 26 869
26 28 259
28 26 259
26 45 872
45 26 872
26 44 870
44 26 870
27 47 115
47 27 115
27 37 683
37 27 683
27 39 781
39 27 781
27 34 749
34 27 749
27 44 733
44 27 733
27 35 83
35 27 83
27 34 147
34 27 147
27 41 877
41 27 877
27 36 995
36 27 995
27 29 209
29 27 209
27 38 374
38 27 374
27 29 671
29 27 671
28 32 479
32 28 479
28 33 637
33 28 637
28 42 181
42 28 181
28 45 57
45 28 57
28 47 398
47 28 398
28 43 609
43 28 609
28 38 902
38 28 902
28 37 100
37 28 100
28 38 878
38 28 878
28 31 762
31 28 762
28 31 318
31 28 318
28 36 601
36 28 601
28 30 367
30 28 367
29 43 772
43 29 772
29 37 233
37 29 233
29 38 538
38 29 538
29 39 981
39 29 981
29 46 725
46 29 725
29 35 257
35 29 257
29 47 948
47 29 948
29 33 82
33 29 82
30 34 434
34 30 434
30 30 587
30 30 587
30 44 691
44 30 691
30 32 628
32 30 628
30 41 283
41 30 283
30 32 757
32 30 757
30 34 741
34 30 741
30 31 236
31 30 236
31 41 521
41 31 521
31 47 558
47 31 558
32 38 356
38 32 356
32 42 542
42 32 542
32 43 736
43 32 736
32 32 688
32 32 688
32 43 965
43 32 965
32 43 936
43 32 936
32 45 918
45 32 918
32 40 945
40 32 945
32 43 339
43 32 339
33 36 642
36 33 642
33 38 514
38 33 514
33 39 695
39 33 695
33 45 154
45 33 154
33 38 949
38 33 949
33 46 83
46 33 83
34 34 155
34 34 155
34 47 845
47 34 845
34 36 391
36 34 391
34 47 237
47 34 237
34 47 707
47 34 707
35 47 695
47 35 695
35 47 813
47 35 813
35 37 607
37 35 607
35 36 271
36 35 271
35 39 643
39 35 643
36 46 940
46 36 940
36 37 191
37 36 191
36 45 429
45 36 429
36 38 872
38 36 872
36 36 515
36 36 515
36 41 187
41 36 187
37 47 63
47 37 63
37 39 252
39 37 252
37 38 844
38 37 844
37 42 214
42 37 214
37 45 23
45 37 23
37 42 417
42 37 417
38 38 189
38 38 189
38 42 299
42 38 299
39 45 643
45 39 643
39 46 211
46 39 211
39 40 406
40 39 406
39 42 53
42 39 53
39 45 729
45 39 729
39 44 729
44 39 729
40 44 152
44 40 152
40 41 684
41 40 684
40 46 965
46 40 965
41 43 835
43 41 835
42 45 338
45 42 338
43 46 168
46 43 168
44 46 528
46 44 528
44 45 514
45 44 514
44 46 783
46 44 783
44 45 930
45 44 930
45 46 771
46 45 771
