27

0 1 638
1 0 638
0 2 914
2 0 914
0 12 102
12 0 102
0 25 437
25 0 437
0 22 217
22 0 217
0 14 153
14 0 153
0 15 799
15 0 799
0 12 413
12 0 413
0 7 643
7 0 643
0 12 421
12 0 421
0 26 936
26 0 936
0 11 6
11 0 6
0 6 494
6 0 494
0 11 776
11 0 776
0 22 54
22 0 54
0 5 746
5 0 746
0 20 314
20 0 314
0 22 180
22 0 180
0 11 944
11 0 944
0 7 186
7 0 186
0 22 136
22 0 136
0 4 174
4 0 174
0 16 862
16 0 862
0 0 975
0 0 975
0 21 450
21 0 450
0 18 72
18 0 72
1 5 643
5 1 643
1 15 693
15 1 693
1 16 118
16 1 118
1 4 498
4 1 498
1 18 184
18 1 184
1 21 967
21 1 967
1 14 199
14 1 199
1 18 876
18 1 876
1 10 926
10 1 926
1 23 614
23 1 614
1 3 692
3 1 692
1 19 420
19 1 420
1 18 898
18 1 898
1 20 799
20 1 799
1 23 979
23 1 979
1 12 667
12 1 667
1 22 625
22 1 625
1 13 124
13 1 124
1 13 657
13 1 657
1 15 158
15 1 158
1 6 886
6 1 886
1 16 223
16 1 223
2 3 753
3 2 753
2 14 163
14 2 163
2 19 119
19 2 119
2 10 672
10 2 672
2 12 458
12 2 458
2 3 246
3 2 246
2 6 574
6 2 574
2 9 901
9 2 901
2 8 729
8 2 729
2 25 154
25 2 154
2 22 364
22 2 364
2 2 933
2 2 933
2 6 193
6 2 193
2 22 722
22 2 722
3 4 890
4 3 890
3 8 375
8 3 375
3 21 984
21 3 984
3 26 838
26 3 838
3 24 579
24 3 579
3 4 273
4 3 273
3 22 614
22 3 614
3 18 271
18 3 271
3 6 756
6 3 756
3 9 797
9 3 797
3 10 393
10 3 393
3 7 29
7 3 29
3 17 582
17 3 582
3 15 256
15 3 256
3 11 179
11 3 179
3 26 955
26 3 955
3 9 854
9 3 854
3 17 169
17 3 169
3 17 383
17 3 383
3 12 139
12 3 139
4 7 457
7 4 457
4 10 536
10 4 536
4 7 110
7 4 110
4 23 452
23 4 452
4 23 199
23 4 199
4 7 121
7 4 121
4 6 185
6 4 185
4 24 358
24 4 358
4 6 205
6 4 205
4 4 485
4 4 485
4 26 711
26 4 711
4 24 467
24 4 467
4 4 951
4 4 951
4 7 118
7 4 118
4 24 289
24 4 289
4 26 280
26 4 280
4 9 995
9 4 995
4 23 780
23 4 780
4 24 496
24 4 496
4 12 249
12 4 249
4 8 200
8 4 200
4 10 23
10 4 23
4 16 138
16 4 138
4 22 847
22 4 847
4 13 687
13 4 687
4 23 522
23 4 522
5 6 665
6 5 665
5 13 831
13 5 831
5 12 447
12 5 447
5 13 24
13 5 24
5 19 323
19 5 323
5 22 251
22 5 251
5 6 153
6 5 153
5 8 811
8 5 811
5 23 472
23 5 472
5 9 675
9 5 675
5 24 884
24 5 884
5 14 531
14 5 531
5 8 864
8 5 864
5 25 120
25 5 120
5 20 449
20 5 449
5 24 123
24 5 123
6 9 952
9 6 952
6 17 168
17 6 168
6 18 831
18 6 831
6 8 162
8 6 162
6 23 509
23 6 509
6 21 290
21 6 290
6 14 196
14 6 196
6 14 431
14 6 431
6 22 724
22 6 724
6 13 429
13 6 429
6 7 69
7 6 69
6 20 70
20 6 70
6 16 929
16 6 929
6 11 196
11 6 196
6 17 547
17 6 547
6 21 159
21 6 159
6 7 687
7 6 687
7 11 41
11 7 41
7 23 973
23 7 973
7 25 395
25 7 395
7 17 431
17 7 431
7 16 762
16 7 762
7 18 445
18 7 445
7 16 672
16 7 672
7 15 907
15 7 907
7 7 594
7 7 594
7 15 132
15 7 132
7 18 213
18 7 213
7 9 223
9 7 223
7 14 763
14 7 763
8 20 124
20 8 124
8 10 597
10 8 597
8 12 865
12 8 865
8 15 353
15 8 353
8 10 98
10 8 98
8 11 341
11 8 341
8 10 64
10 8 64
8 24 614
24 8 614
8 23 677
23 8 677
8 8 167
8 8 167
8 25 250
25 8 250
8 12 619
12 8 619
8 21 322
21 8 322
8 16 304
16 8 304
9 19 53
19 9 53
9 26 69
26 9 69
9 20 118
20 9 118
9 20 981
20 9 981
9 15 252
15 9 252
9 10 836
10 9 836
9 11 515
11 9 515
9 26 337
26 9 337
9 17 640
17 9 640
9 18 871
18 9 871
9 10 759
10 9 759
9 26 452
26 9 452
9 21 106
21 9 106
9 21 806
21 9 806
9 17 46
17 9 46
9 9 761
9 9 761
9 17 840
17 9 840
9 25 788
25 9 788
9 12 339
12 9 339
9 18 859
18 9 859
9 25 690
25 9 690
10 13 936
13 10 936
10 23 448
23 10 448
10 26 15
26 10 15
10 25 54
25 10 54
10 20 110
20 10 110
10 24 807
24 10 807
11 13 423
13 11 423
11 26 796
26 11 796
11 14 620
14 11 620
11 13 795
13 11 795
11 24 243
24 11 243
11 23 33
23 11 33
11 12 769
12 11 769
11 19 86
19 11 86
11 15 42
15 11 42
11 23 319
23 11 319
11 19 145
19 11 145
11 22 829
22 11 829
12 18 225
18 12 225
12 18 641
18 12 641
12 17 603
17 12 603
12 21 84
21 12 84
12 16 53
16 12 53
12 26 160
26 12 160
12 15 940
15 12 940
12 17 70
17 12 70
12 26 842
26 12 842
12 25 165
25 12 165
12 21 304
21 12 304
12 22 733
22 12 733
12 16 128
16 12 128
12 20 742
20 12 742
12 13 478
13 12 478
12 12 59
12 12 59
12 20 702
20 12 702
12 20 938
20 12 938
12 15 892
15 12 892
13 22 994
22 13 994
13 25 39
25 13 39
13 26 846
26 13 846
13 15 180
15 13 180
13 19 938
19 13 938
13 26 912
26 13 912
13 23 837
23 13 837
13 17 591
17 13 591
13 23 312
23 13 312
13 22 660
22 13 660
13 19 319
19 13 319
13 15 547
15 13 547
13 24 32
24 13 32
13 25 621
25 13 621
13 19 111
19 13 111
13 25 456
25 13 456
14 24 286
24 14 286
14 18 375
18 14 375
14 26 776
26 14 776
14 20 337
20 14 337
14 16 312
16 14 312
14 19 398
19 14 398
14 24 642
24 14 642
14 17 662
17 14 662
15 20 617
20 15 617
15 24 575
24 15 575
15 25 77
25 15 77
15 20 277
20 15 277
15 18 435
18 15 435
15 19 204
19 15 204
15 22 313
22 15 313
15 23 326
23 15 326
16 20 933
20 16 933
16 17 273
17 16 273
16 16 371
16 16 371
16 19 230
19 16 230
16 20 309
20 16 309
17 24 704
24 17 704
17 26 647
26 17 647
17 19 990
19 17 990
17 17 490
17 17 490
17 25 670
25 17 670
18 26 679
26 18 679
18 21 681
21 18 681
18 24 206
24 18 206
19 20 497
20 19 497
19 25 923
25 19 923
19 26 272
26 19 272
19 22 161
22 19 161
19 25 896
25 19 896
19 21 171
21 19 171
20 22 548
22 20 548
20 22 371
22 20 371
20 24 944
24 20 944
21 25 738
25 21 738
22 26 423
26 22 423
22 24 412
24 22 412
23 24 972
24 23 972
24 26 765
26 24 765
24 26 708
26 24 708
24 26 96
26 24 96
24 25 842
25 24 842
25 26 54
26 25 54
25 26 206
26 25 206
