46

0 1 884
1 0 884
0 2 73
2 0 73
0 9 389
9 0 389
0 11 380
11 0 380
0 20 744
20 0 744
0 12 807
12 0 807
0 33 807
33 0 807
0 43 246
43 0 246
0 16 727
16 0 727
0 8 252
8 0 252
0 19 198
19 0 198
0 8 720
8 0 720
0 43 357
43 0 357
0 45 610
45 0 610
0 39 314
39 0 314
0 24 495
24 0 495
0 44 561
44 0 561
0 34 605
34 0 605
0 23 658
23 0 658
0 30 950
30 0 950
0 1 734
1 0 734
0 38 292
38 0 292
0 8 10
8 0 10
0 44 540
44 0 540
0 28 228
28 0 228
0 43 62
43 0 62
0 38 439
38 0 439
0 22 243
22 0 243
0 30 751
30 0 751
0 9 932
9 0 932
0 26 380
26 0 380
0 39 127
39 0 127
0 37 97
37 0 97
0 20 810
20 0 810
0 22 54
22 0 54
0 40 83
40 0 83
0 39 494
39 0 494
0 22 274
22 0 274
0 23 961
23 0 961
0 22 859
22 0 859
1 10 832
10 1 832
1 39 243
39 1 243
1 25 538
25 1 538
1 29 291
29 1 291
1 11 344
11 1 344
1 17 629
17 1 629
1 41 739
41 1 739
1 3 215
3 1 215
1 8 711
8 1 711
1 28 279
28 1 279
1 38 854
38 1 854
1 17 697
17 1 697
1 31 852
31 1 852
1 19 760
19 1 760
1 9 192
9 1 192
1 44 188
44 1 188
1 9 466
9 1 466
1 45 314
45 1 314
1 16 955
16 1 955
1 23 559
23 1 559
1 3 794
3 1 794
1 21 566
21 1 566
1 27 469
27 1 469
1 38 845
38 1 845
1 30 755
30 1 755
1 34 580
34 1 580
1 9 868
9 1 868
1 34 623
34 1 623
1 29 952
29 1 952
1 11 314
11 1 314
1 22 831
22 1 831
1 44 719
44 1 719
1 35 897
35 1 897
1 43 680
43 1 680
1 9 971
9 1 971
1 28 972
28 1 972
2 3 537
3 2 537
2 4 223
4 2 223
2 5 928
5 2 928
2 18 508
18 2 508
2 20 154
20 2 154
2 24 820
24 2 820
2 8 916
8 2 916
2 34 936
34 2 936
2 42 748
42 2 748
2 34 828
34 2 828
2 18 797
18 2 797
2 45 637
45 2 637
2 13 740
13 2 740
2 6 99
6 2 99
2 17 66
17 2 66
2 36 136
36 2 136
2 4 198
4 2 198
2 33 811
33 2 811
2 28 460
28 2 460
2 9 109
9 2 109
2 42 95
42 2 95
2 13 616
13 2 616
2 12 493
12 2 493
2 31 149
31 2 149
2 43 373
43 2 373
2 37 300
37 2 300
2 11 510
11 2 510
2 28 518
28 2 518
2 30 882
30 2 882
2 24 444
24 2 444
2 28 447
28 2 447
2 17 638
17 2 638
2 4 881
4 2 881
2 27 828
27 2 828
2 39 638
39 2 638
2 12 830
12 2 830
2 17 159
17 2 159
3 7 621
7 3 621
3 8 154
8 3 154
3 16 589
16 3 589
3 23 742
23 3 742
3 45 773
45 3 773
3 45 576
45 3 576
3 38 836
38 3 836
3 35 920
35 3 920
3 43 377
43 3 377
3 19 562
19 3 562
3 9 459
9 3 459
3 12 371
12 3 371
3 45 784
45 3 784
3 12 738
12 3 738
3 42 899
42 3 899
3 27 48
27 3 48
3 39 426
39 3 426
3 8 912
8 3 912
3 43 76
43 3 76
3 25 247
25 3 247
3 33 711
33 3 711
3 22 612
22 3 612
3 38 198
38 3 198
3 19 877
19 3 877
3 33 932
33 3 932
3 15 853
15 3 853
3 12 727
12 3 727
3 43 273
43 3 273
3 4 435
4 3 435
3 19 136
19 3 136
3 15 57
15 3 57
3 44 814
44 3 814
3 35 675
35 3 675
3 18 490
18 3 490
3 22 10
22 3 10
3 14 632
14 3 632
3 30 811
30 3 811
3 26 597
26 3 597
4 13 253
13 4 253
4 44 190
44 4 190
4 27 510
27 4 510
4 33 91
33 4 91
4 38 364
38 4 364
4 7 476
7 4 476
4 38 77
38 4 77
4 41 173
41 4 173
4 5 529
5 4 529
4 22 424
22 4 424
4 29 70
29 4 70
4 19 729
19 4 729
4 44 8
44 4 8
4 19 733
19 4 733
4 32 617
32 4 617
4 6 529
6 4 529
4 10 100
10 4 100
4 24 612
24 4 612
4 15 827
15 4 827
4 32 759
32 4 759
4 7 313
7 4 313
4 27 902
27 4 902
4 24 457
24 4 457
4 23 505
23 4 505
4 42 303
42 4 303
4 40 435
40 4 435
4 7 897
7 4 897
4 31 547
31 4 547
4 18 846
18 4 846
4 29 108
29 4 108
5 6 265
6 5 265
5 14 788
14 5 788
5 14 77
14 5 77
5 33 677
33 5 677
5 9 498
9 5 498
5 30 138
30 5 138
5 38 959
38 5 959
5 42 700
42 5 700
5 25 233
25 5 233
5 39 63
39 5 63
5 44 184
44 5 184
5 19 470
19 5 470
5 14 451
14 5 451
5 11 376
11 5 376
5 12 822
12 5 822
5 31 711
31 5 711
5 7 846
7 5 846
5 22 606
22 5 606
5 14 646
14 5 646
5 26 681
26 5 681
5 24 848
24 5 848
5 44 370
44 5 370
5 27 368
27 5 368
5 43 973
43 5 973
5 27 280
27 5 280
5 17 890
17 5 890
5 6 581
6 5 581
5 32 734
32 5 734
5 21 15
21 5 15
5 42 708
42 5 708
5 37 64
37 5 64
5 21 806
21 5 806
5 40 311
40 5 311
5 23 617
23 5 617
5 16 231
16 5 231
5 37 933
37 5 933
5 9 408
9 5 408
5 24 984
24 5 984
5 7 84
7 5 84
5 29 107
29 5 107
6 33 408
33 6 408
6 36 868
36 6 868
6 34 307
34 6 307
6 22 767
22 6 767
6 26 84
26 6 84
6 38 648
38 6 648
6 30 345
30 6 345
6 28 89
28 6 89
6 33 840
33 6 840
6 11 316
11 6 316
6 44 367
44 6 367
6 24 430
24 6 430
6 10 952
10 6 952
6 35 238
35 6 238
6 15 208
15 6 208
6 35 949
35 6 949
6 35 741
35 6 741
6 30 259
30 6 259
6 34 273
34 6 273
6 11 580
11 6 580
6 10 145
10 6 145
6 36 824
36 6 824
6 39 467
39 6 467
6 37 168
37 6 168
6 29 981
29 6 981
6 29 832
29 6 832
6 19 540
19 6 540
6 43 415
43 6 415
6 10 185
10 6 185
6 37 928
37 6 928
6 45 832
45 6 832
6 16 910
16 6 910
6 41 219
41 6 219
6 17 737
17 6 737
6 11 983
11 6 983
6 11 11
11 6 11
7 14 885
14 7 885
7 17 948
17 7 948
7 37 718
37 7 718
7 20 563
20 7 563
7 25 10
25 7 10
7 39 267
39 7 267
7 36 875
36 7 875
7 34 218
34 7 218
7 41 869
41 7 869
7 29 228
29 7 228
7 37 777
37 7 777
7 34 157
34 7 157
7 9 278
9 7 278
7 8 315
8 7 315
7 29 830
29 7 830
7 26 208
26 7 208
7 23 978
23 7 978
7 31 638
31 7 638
7 32 568
32 7 568
7 25 873
25 7 873
7 29 476
29 7 476
7 27 790
27 7 790
7 41 369
41 7 369
7 19 987
19 7 987
7 26 735
26 7 735
7 24 971
24 7 971
7 25 240
25 7 240
7 37 664
37 7 664
7 43 4
43 7 4
7 17 507
17 7 507
7 12 989
12 7 989
7 9 34
9 7 34
7 20 525
20 7 525
8 21 356
21 8 356
8 16 270
16 8 270
8 22 569
22 8 569
8 37 721
37 8 721
8 31 491
31 8 491
8 32 911
32 8 911
8 37 428
37 8 428
8 42 991
42 8 991
8 45 984
45 8 984
8 32 30
32 8 30
8 29 43
29 8 43
8 16 360
16 8 360
8 38 49
38 8 49
8 20 316
20 8 316
8 45 563
45 8 563
8 14 653
14 8 653
8 13 181
13 8 181
8 28 696
28 8 696
8 20 5
20 8 5
8 17 143
17 8 143
8 19 248
19 8 248
8 24 768
24 8 768
8 33 973
33 8 973
8 31 13
31 8 13
9 39 9
39 9 9
9 39 275
39 9 275
9 20 656
20 9 656
9 27 376
27 9 376
9 11 829
11 9 829
9 43 227
43 9 227
9 15 996
15 9 996
9 27 673
27 9 673
9 36 334
36 9 334
9 15 8
15 9 8
9 9 535
9 9 535
9 11 205
11 9 205
9 11 447
11 9 447
9 41 25
41 9 25
9 32 157
32 9 157
9 34 928
34 9 928
9 27 157
27 9 157
9 25 561
25 9 561
9 14 728
14 9 728
9 13 945
13 9 945
9 41 777
41 9 777
9 22 930
22 9 930
10 43 5
43 10 5
10 27 570
27 10 570
10 26 442
26 10 442
10 21 314
21 10 314
10 28 626
28 10 626
10 32 361
32 10 361
10 12 605
12 10 605
10 37 546
37 10 546
10 24 640
24 10 640
10 15 541
15 10 541
10 24 318
24 10 318
10 13 637
13 10 637
10 35 466
35 10 466
10 20 131
20 10 131
10 31 655
31 10 655
10 36 363
36 10 363
10 45 250
45 10 250
10 39 761
39 10 761
10 23 562
23 10 562
10 19 261
19 10 261
10 43 758
43 10 758
10 37 959
37 10 959
10 19 509
19 10 509
10 17 569
17 10 569
10 16 753
16 10 753
11 12 910
12 11 910
11 42 281
42 11 281
11 15 219
15 11 219
11 37 340
37 11 340
11 34 757
34 11 757
11 11 572
11 11 572
11 39 26
39 11 26
11 21 371
21 11 371
11 24 446
24 11 446
11 43 738
43 11 738
11 36 558
36 11 558
11 24 31
24 11 31
11 42 575
42 11 575
11 32 947
32 11 947
11 29 281
29 11 281
11 28 760
28 11 760
11 27 454
27 11 454
11 30 444
30 11 444
11 17 601
17 11 601
11 12 513
12 11 513
11 28 73
28 11 73
11 25 97
25 11 97
11 34 471
34 11 471
12 15 724
15 12 724
12 41 256
41 12 256
12 30 440
30 12 440
12 31 524
31 12 524
12 24 42
24 12 42
12 40 490
40 12 490
12 33 125
33 12 125
12 19 374
19 12 374
12 26 587
26 12 587
12 43 378
43 12 378
12 39 867
39 12 867
12 32 235
32 12 235
12 33 320
33 12 320
12 42 258
42 12 258
12 25 742
25 12 742
12 26 510
26 12 510
12 28 819
28 12 819
12 24 913
24 12 913
12 36 813
36 12 813
12 37 751
37 12 751
12 33 334
33 12 334
12 31 922
31 12 922
12 38 363
38 12 363
13 28 394
28 13 394
13 43 92
43 13 92
13 20 811
20 13 811
13 16 516
16 13 516
13 32 872
32 13 872
13 14 453
14 13 453
13 27 324
27 13 324
13 40 455
40 13 455
13 45 582
45 13 582
13 13 639
13 13 639
13 16 160
16 13 160
13 28 305
28 13 305
13 35 796
35 13 796
13 21 421
21 13 421
13 41 898
41 13 898
13 44 152
44 13 152
13 14 231
14 13 231
13 38 160
38 13 160
13 21 939
21 13 939
13 42 626
42 13 626
13 32 393
32 13 393
13 29 404
29 13 404
13 34 422
34 13 422
13 32 73
32 13 73
13 38 243
38 13 243
13 38 790
38 13 790
14 24 915
24 14 915
14 35 566
35 14 566
14 20 765
20 14 765
14 15 24
15 14 24
14 32 760
32 14 760
14 19 729
19 14 729
14 14 492
14 14 492
14 29 722
29 14 722
14 19 894
19 14 894
14 39 343
39 14 343
14 35 155
35 14 155
14 42 826
42 14 826
14 44 825
44 14 825
14 18 265
18 14 265
14 35 913
35 14 913
14 45 499
45 14 499
14 29 316
29 14 316
14 36 581
36 14 581
14 36 815
36 14 815
14 36 646
36 14 646
15 28 345
28 15 345
15 31 320
31 15 320
15 36 260
36 15 260
15 40 422
40 15 422
15 26 718
26 15 718
15 36 317
36 15 317
15 18 331
18 15 331
15 15 889
15 15 889
15 22 965
22 15 965
15 40 884
40 15 884
15 32 169
32 15 169
15 16 879
16 15 879
15 45 556
45 15 556
15 22 593
22 15 593
15 16 329
16 15 329
15 15 834
15 15 834
15 31 610
31 15 610
15 29 357
29 15 357
16 36 611
36 16 611
16 17 66
17 16 66
16 29 276
29 16 276
16 18 124
18 16 124
16 22 736
22 16 736
16 43 573
43 16 573
16 41 834
41 16 834
16 24 674
24 16 674
16 24 807
24 16 807
16 26 928
26 16 928
16 29 284
29 16 284
16 23 899
23 16 899
16 26 382
26 16 382
16 36 993
36 16 993
16 24 235
24 16 235
16 34 285
34 16 285
16 29 19
29 16 19
16 20 936
20 16 936
16 30 729
30 16 729
16 38 379
38 16 379
16 30 444
30 16 444
16 29 568
29 16 568
16 39 653
39 16 653
16 41 971
41 16 971
16 24 269
24 16 269
17 19 766
19 17 766
17 32 430
32 17 430
17 19 250
19 17 250
17 29 44
29 17 44
17 42 452
42 17 452
17 28 212
28 17 212
17 42 103
42 17 103
17 21 217
21 17 217
17 38 407
38 17 407
17 26 702
26 17 702
17 44 792
44 17 792
17 41 563
41 17 563
17 36 442
36 17 442
17 32 206
32 17 206
17 27 992
27 17 992
17 33 863
33 17 863
17 44 448
44 17 448
17 27 174
27 17 174
17 33 950
33 17 950
17 26 146
26 17 146
17 41 640
41 17 640
17 23 294
23 17 294
17 39 57
39 17 57
17 35 776
35 17 776
17 24 653
24 17 653
17 36 968
36 17 968
17 41 675
41 17 675
17 23 648
23 17 648
17 25 992
25 17 992
17 41 413
41 17 413
18 30 592
30 18 592
18 35 29
35 18 29
18 40 582
40 18 582
18 45 869
45 18 869
18 24 604
24 18 604
18 25 921
25 18 921
18 22 731
22 18 731
18 37 923
37 18 923
18 42 201
42 18 201
18 23 629
23 18 629
18 20 56
20 18 56
18 37 838
37 18 838
18 22 299
22 18 299
18 41 202
41 18 202
18 33 434
33 18 434
18 29 487
29 18 487
18 37 388
37 18 388
18 37 501
37 18 501
19 22 346
22 19 346
19 29 977
29 19 977
19 37 404
37 19 404
19 29 142
29 19 142
19 22 935
22 19 935
19 45 205
45 19 205
19 39 528
39 19 528
19 43 366
43 19 366
19 40 649
40 19 649
19 20 530
20 19 530
19 43 981
43 19 981
19 31 38
31 19 38
19 29 81
29 19 81
19 39 631
39 19 631
19 21 791
21 19 791
19 26 11
26 19 11
19 30 144
30 19 144
19 26 986
26 19 986
19 45 311
45 19 311
19 35 264
35 19 264
19 45 145
45 19 145
19 25 333
25 19 333
19 36 200
36 19 200
19 39 261
39 19 261
19 39 48
39 19 48
19 24 619
24 19 619
19 29 635
29 19 635
19 42 502
42 19 502
20 25 569
25 20 569
20 31 720
31 20 720
20 26 952
26 20 952
20 33 794
33 20 794
20 45 240
45 20 240
20 31 540
31 20 540
20 34 286
34 20 286
20 40 683
40 20 683
20 38 427
38 20 427
20 35 743
35 20 743
20 30 584
30 20 584
20 39 958
39 20 958
20 39 201
39 20 201
20 28 786
28 20 786
20 34 81
34 20 81
20 21 197
21 20 197
21 41 438
41 21 438
21 25 663
25 21 663
21 32 825
32 21 825
21 35 953
35 21 953
21 39 652
39 21 652
21 34 283
34 21 283
21 22 42
22 21 42
21 43 275
43 21 275
21 32 417
32 21 417
21 30 510
30 21 510
21 24 819
24 21 819
21 21 191
21 21 191
21 38 706
38 21 706
21 44 865
44 21 865
21 25 939
25 21 939
21 25 601
25 21 601
22 26 952
26 22 952
22 34 532
34 22 532
22 30 378
30 22 378
22 23 727
23 22 727
22 36 533
36 22 533
22 34 516
34 22 516
22 45 780
45 22 780
22 32 75
32 22 75
22 29 913
29 22 913
23 43 881
43 23 881
23 27 605
27 23 605
23 30 788
30 23 788
23 36 258
36 23 258
23 38 575
38 23 575
23 34 418
34 23 418
23 25 423
25 23 423
23 32 946
32 23 946
23 25 718
25 23 718
23 27 897
27 23 897
23 42 797
42 23 797
23 37 265
37 23 265
23 41 469
41 23 469
23 27 397
27 23 397
23 25 819
25 23 819
23 45 479
45 23 479
23 36 433
36 23 433
23 27 62
27 23 62
23 26 573
26 23 573
23 33 109
33 23 109
23 41 289
41 23 289
23 40 135
40 23 135
23 33 917
33 23 917
23 44 792
44 23 792
24 39 484
39 24 484
24 35 199
35 24 199
24 37 59
37 24 59
24 26 454
26 24 454
24 28 242
28 24 242
24 33 510
33 24 510
24 25 882
25 24 882
24 24 645
24 24 645
24 39 523
39 24 523
24 40 457
40 24 457
24 41 833
41 24 833
24 41 528
41 24 528
24 25 765
25 24 765
24 34 10
34 24 10
24 36 234
36 24 234
25 27 137
27 25 137
25 26 26
26 25 26
25 40 660
40 25 660
25 34 33
34 25 33
25 28 593
28 25 593
25 43 530
43 25 530
25 38 311
38 25 311
25 34 384
34 25 384
26 43 333
43 26 333
26 37 928
37 26 928
26 42 444
42 26 444
26 36 547
36 26 547
26 28 14
28 26 14
26 28 834
28 26 834
26 35 378
35 26 378
26 29 938
29 26 938
27 40 523
40 27 523
27 43 204
43 27 204
27 40 771
40 27 771
27 34 557
34 27 557
27 32 437
32 27 437
27 33 311
33 27 311
27 36 942
36 27 942
27 45 129
45 27 129
27 30 644
30 27 644
27 30 120
30 27 120
27 31 394
31 27 394
27 43 811
43 27 811
27 31 529
31 27 529
28 45 399
45 28 399
28 31 840
31 28 840
28 29 696
29 28 696
28 36 486
36 28 486
28 37 393
37 28 393
28 35 533
35 28 533
28 38 14
38 28 14
28 38 21
38 28 21
28 37 818
37 28 818
28 29 498
29 28 498
28 37 609
37 28 609
28 32 101
32 28 101
28 28 427
28 28 427
29 34 184
34 29 184
29 37 325
37 29 325
29 32 673
32 29 673
29 36 731
36 29 731
29 31 272
31 29 272
29 35 864
35 29 864
29 43 516
43 29 516
29 32 935
32 29 935
29 30 373
30 29 373
29 43 482
43 29 482
29 45 470
45 29 470
29 39 423
39 29 423
29 43 85
43 29 85
30 34 647
34 30 647
30 30 406
30 30 406
30 44 945
44 30 945
30 44 558
44 30 558
30 34 784
34 30 784
30 34 896
34 30 896
30 44 361
44 30 361
30 44 229
44 30 229
30 40 913
40 30 913
30 43 38
43 30 38
30 41 993
41 30 993
30 43 907
43 30 907
30 40 860
40 30 860
30 32 843
32 30 843
30 45 214
45 30 214
30 40 976
40 30 976
31 45 774
45 31 774
31 34 354
34 31 354
31 38 802
38 31 802
31 39 795
39 31 795
31 40 821
40 31 821
31 37 893
37 31 893
31 44 625
44 31 625
31 35 548
35 31 548
31 34 963
34 31 963
31 32 717
32 31 717
31 35 807
35 31 807
32 37 803
37 32 803
32 42 939
42 32 939
32 42 750
42 32 750
32 33 604
33 32 604
32 43 422
43 32 422
32 37 159
37 32 159
32 38 244
38 32 244
32 45 728
45 32 728
32 45 159
45 32 159
32 41 349
41 32 349
33 38 125
38 33 125
33 42 97
42 33 97
33 35 929
35 33 929
33 39 221
39 33 221
33 36 248
36 33 248
33 34 80
34 33 80
33 42 295
42 33 295
33 44 148
44 33 148
33 44 482
44 33 482
33 36 967
36 33 967
34 38 948
38 34 948
34 35 968
35 34 968
34 45 405
45 34 405
34 45 382
45 34 382
34 38 616
38 34 616
34 37 406
37 34 406
34 45 117
45 34 117
34 43 382
43 34 382
35 37 669
37 35 669
35 38 364
38 35 364
35 43 267
43 35 267
35 44 960
44 35 960
35 45 944
45 35 944
35 44 878
44 35 878
35 39 728
39 35 728
35 41 39
41 35 39
35 45 430
45 35 430
35 38 548
38 35 548
35 37 505
37 35 505
36 39 456
39 36 456
36 45 386
45 36 386
36 41 846
41 36 846
36 38 451
38 36 451
36 45 297
45 36 297
37 43 229
43 37 229
37 45 961
45 37 961
37 40 333
40 37 333
37 41 868
41 37 868
38 41 873
41 38 873
38 43 782
43 38 782
38 45 29
45 38 29
38 40 195
40 38 195
39 45 345
45 39 345
39 40 605
40 39 605
40 45 566
45 40 566
40 41 933
41 40 933
40 43 989
43 40 989
41 45 358
45 41 358
41 42 352
42 41 352
41 42 855
42 41 855
41 43 306
43 41 306
42 44 949
44 42 949
