69

0 1 108
1 0 108
0 9 302
9 0 302
0 15 776
15 0 776
0 33 502
33 0 502
0 56 493
56 0 493
0 54 829
54 0 829
1 2 148
2 1 148
1 6 804
6 1 804
1 19 61
19 1 61
2 3 865
3 2 865
2 4 362
4 2 362
2 12 577
12 2 577
2 38 483
38 2 483
2 6 571
6 2 571
3 7 713
7 3 713
3 48 96
48 3 96
3 57 662
57 3 662
3 22 707
22 3 707
3 11 393
11 3 393
3 25 510
25 3 510
4 5 278
5 4 278
4 18 915
18 4 915
4 21 402
21 4 402
4 36 132
36 4 132
4 59 738
59 4 738
4 29 244
29 4 244
4 43 865
43 4 865
5 8 262
8 5 262
5 10 10
10 5 10
5 16 822
16 5 822
5 22 156
22 5 156
5 50 849
50 5 849
5 7 721
7 5 721
6 11 528
11 6 528
6 17 782
17 6 782
6 49 517
49 6 517
6 58 17
58 6 17
7 21 421
21 7 421
7 13 557
13 7 557
8 34 829
34 8 829
8 57 324
57 8 324
9 13 260
13 9 260
9 23 733
23 9 733
9 40 683
40 9 683
9 62 201
62 9 201
9 53 702
53 9 702
9 40 533
40 9 533
9 24 316
24 9 316
10 14 672
14 10 672
10 52 892
52 10 892
11 59 647
59 11 647
11 32 453
32 11 453
11 66 116
66 11 116
12 14 561
14 12 561
12 44 881
44 12 881
12 17 567
17 12 567
13 27 9
27 13 9
13 39 674
39 13 674
13 42 732
42 13 732
13 65 40
65 13 40
13 30 927
30 13 927
13 39 767
39 13 767
14 26 35
26 14 35
14 30 167
30 14 167
14 46 721
46 14 721
14 67 387
67 14 387
14 31 466
31 14 466
14 37 452
37 14 452
15 20 139
20 15 139
15 29 136
29 15 136
15 59 872
59 15 872
15 27 345
27 15 345
16 19 355
19 16 355
16 59 116
59 16 116
16 52 699
52 16 699
17 25 623
25 17 623
17 28 736
28 17 736
17 28 639
28 17 639
17 34 803
34 17 803
18 22 835
22 18 835
18 32 380
32 18 380
18 49 630
49 18 630
19 44 150
44 19 150
19 55 884
55 19 884
19 33 372
33 19 372
19 20 785
20 19 785
19 24 274
24 19 274
20 41 835
41 20 835
20 50 343
50 20 343
20 66 96
66 20 96
20 27 101
27 20 101
21 24 761
24 21 761
21 65 720
65 21 720
21 25 596
25 21 596
22 37 958
37 22 958
22 41 842
41 22 842
23 31 731
31 23 731
23 34 984
34 23 984
24 65 233
65 24 233
24 34 945
34 24 945
24 33 603
33 24 603
25 32 91
32 25 91
25 58 440
58 25 440
26 51 199
51 26 199
26 29 213
29 26 213
27 49 704
49 27 704
28 65 422
65 28 422
28 61 234
61 28 234
28 40 748
40 28 748
29 59 323
59 29 323
30 35 416
35 30 416
30 63 388
63 30 388
30 62 974
62 30 974
31 31 210
31 31 210
31 53 550
53 31 550
32 57 94
57 32 94
32 45 275
45 32 275
32 57 74
57 32 74
32 61 529
61 32 529
33 47 591
47 33 591
34 57 141
57 34 141
34 35 254
35 34 254
37 37 997
37 37 997
37 65 849
65 37 849
38 53 170
53 38 170
40 50 889
50 40 889
41 43 805
43 41 805
41 45 656
45 41 656
41 54 168
54 41 168
41 68 673
68 41 673
41 46 71
46 41 71
42 68 396
68 42 396
42 57 6
57 42 6
43 53 913
53 43 913
43 51 504
51 43 504
44 44 893
44 44 893
48 54 596
54 48 596
48 64 712
64 48 712
49 68 466
68 49 466
50 68 236
68 50 236
50 67 771
67 50 771
51 55 354
55 51 354
51 57 859
57 51 859
51 66 632
66 51 632
52 68 217
68 52 217
55 61 407
61 55 407
59 60 488
60 59 488
62 64 748
64 62 748
