58

0 1 683
1 0 683
0 27 140
27 0 140
0 57 335
57 0 335
0 14 597
14 0 597
0 3 489
3 0 489
0 32 81
32 0 81
0 44 46
44 0 46
0 31 559
31 0 559
0 38 643
38 0 643
0 30 39
30 0 39
0 9 634
9 0 634
0 36 901
36 0 901
0 45 887
45 0 887
0 32 489
32 0 489
0 20 502
20 0 502
0 4 190
4 0 190
0 46 694
46 0 694
0 28 436
28 0 436
0 15 921
15 0 921
0 40 739
40 0 739
0 36 288
36 0 288
0 36 291
36 0 291
1 2 763
2 1 763
1 5 944
5 1 944
1 13 125
13 1 125
1 22 336
22 1 336
1 54 443
54 1 443
1 28 555
28 1 555
1 29 560
29 1 560
1 20 454
20 1 454
1 4 297
4 1 297
1 52 989
52 1 989
1 47 138
47 1 138
1 39 943
39 1 943
1 41 918
41 1 918
1 1 128
1 1 128
1 29 210
29 1 210
1 52 345
52 1 345
1 38 305
38 1 305
1 20 257
20 1 257
1 41 171
41 1 171
1 19 626
19 1 626
1 40 145
40 1 145
1 15 895
15 1 895
1 39 52
39 1 52
1 2 256
2 1 256
1 43 193
43 1 193
1 9 547
9 1 547
1 36 686
36 1 686
1 28 68
28 1 68
1 10 507
10 1 507
2 3 578
3 2 578
2 8 65
8 2 65
2 33 49
33 2 49
2 36 652
36 2 652
2 13 821
13 2 821
2 10 17
10 2 17
2 10 700
10 2 700
2 57 113
57 2 113
2 48 237
48 2 237
2 12 86
12 2 86
2 15 247
15 2 247
2 3 88
3 2 88
2 28 567
28 2 567
2 24 381
24 2 381
2 57 648
57 2 648
2 32 820
32 2 820
2 8 478
8 2 478
2 18 628
18 2 628
2 37 126
37 2 126
2 12 754
12 2 754
2 28 932
28 2 932
2 46 76
46 2 76
2 2 828
2 2 828
2 9 235
9 2 235
2 40 753
40 2 753
2 55 914
55 2 914
2 42 860
42 2 860
2 28 699
28 2 699
2 29 245
29 2 245
2 36 28
36 2 28
2 15 380
15 2 380
2 11 358
11 2 358
3 4 75
4 3 75
3 9 719
9 3 719
3 25 820
25 3 820
3 52 727
52 3 727
3 10 50
10 3 50
3 32 649
32 3 649
3 16 546
16 3 546
3 18 229
18 3 229
3 43 947
43 3 947
3 46 626
46 3 626
3 50 830
50 3 830
3 55 616
55 3 616
3 44 513
44 3 513
3 53 843
53 3 843
3 21 375
21 3 375
3 37 172
37 3 172
3 45 139
45 3 139
3 30 479
30 3 479
3 3 140
3 3 140
3 9 828
9 3 828
3 26 45
26 3 45
3 31 554
31 3 554
3 17 678
17 3 678
3 4 510
4 3 510
4 6 210
6 4 210
4 7 771
7 4 771
4 37 347
37 4 347
4 18 162
18 4 162
4 26 400
26 4 400
4 39 426
39 4 426
4 45 67
45 4 67
4 8 60
8 4 60
4 30 61
30 4 61
4 25 73
25 4 73
4 30 406
30 4 406
4 48 167
48 4 167
4 18 865
18 4 865
4 7 521
7 4 521
4 27 226
27 4 226
4 21 456
21 4 456
4 20 467
20 4 467
4 29 84
29 4 84
4 24 743
24 4 743
4 21 376
21 4 376
4 8 72
8 4 72
4 42 955
42 4 955
4 12 22
12 4 22
4 7 734
7 4 734
4 46 113
46 4 113
4 51 985
51 4 985
4 9 198
9 4 198
4 45 460
45 4 460
4 35 863
35 4 863
5 11 174
11 5 174
5 15 466
15 5 466
5 33 376
33 5 376
5 27 124
27 5 124
5 51 372
51 5 372
5 53 33
53 5 33
5 10 266
10 5 266
5 40 535
40 5 535
5 51 601
51 5 601
5 35 705
35 5 705
5 27 206
27 5 206
5 12 530
12 5 530
5 20 930
20 5 930
5 32 324
32 5 324
5 35 120
35 5 120
5 36 939
36 5 939
5 33 665
33 5 665
5 56 401
56 5 401
5 50 298
50 5 298
5 39 101
39 5 101
5 33 574
33 5 574
5 46 584
46 5 584
5 52 655
52 5 655
5 27 520
27 5 520
5 24 434
24 5 434
5 9 815
9 5 815
5 44 411
44 5 411
5 11 665
11 5 665
5 23 985
23 5 985
5 55 745
55 5 745
6 12 96
12 6 96
6 49 89
49 6 89
6 37 849
37 6 849
6 32 647
32 6 647
6 26 904
26 6 904
6 22 642
22 6 642
6 52 400
52 6 400
6 57 483
57 6 483
6 43 923
43 6 923
6 48 224
48 6 224
6 41 379
41 6 379
6 24 509
24 6 509
6 21 442
21 6 442
6 9 557
9 6 557
6 24 441
24 6 441
6 25 656
25 6 656
6 35 998
35 6 998
6 11 436
11 6 436
6 19 864
19 6 864
6 17 785
17 6 785
6 57 363
57 6 363
6 18 560
18 6 560
6 32 579
32 6 579
6 46 918
46 6 918
6 42 890
42 6 890
6 34 235
34 6 235
6 54 436
54 6 436
6 13 885
13 6 885
6 49 647
49 6 647
6 14 381
14 6 381
6 32 1
32 6 1
7 57 382
57 7 382
7 52 471
52 7 471
7 30 747
30 7 747
7 48 457
48 7 457
7 12 528
12 7 528
7 19 758
19 7 758
7 57 482
57 7 482
7 32 811
32 7 811
7 18 225
18 7 225
7 19 938
19 7 938
7 57 289
57 7 289
7 14 899
14 7 899
7 18 907
18 7 907
8 35 220
35 8 220
8 34 91
34 8 91
8 32 238
32 8 238
8 52 333
52 8 333
8 55 561
55 8 561
8 30 209
30 8 209
8 39 133
39 8 133
8 29 173
29 8 173
8 43 514
43 8 514
8 15 297
15 8 297
8 53 586
53 8 586
8 56 654
56 8 654
8 38 328
38 8 328
8 37 167
37 8 167
8 35 976
35 8 976
8 34 185
34 8 185
8 33 698
33 8 698
8 19 213
19 8 213
8 33 822
33 8 822
9 10 413
10 9 413
9 16 963
16 9 963
9 53 769
53 9 769
9 14 359
14 9 359
9 10 187
10 9 187
9 37 361
37 9 361
9 45 630
45 9 630
9 46 404
46 9 404
9 36 420
36 9 420
9 51 366
51 9 366
9 54 518
54 9 518
9 30 491
30 9 491
9 19 691
19 9 691
9 44 75
44 9 75
9 44 18
44 9 18
9 35 442
35 9 442
9 19 582
19 9 582
9 39 859
39 9 859
9 17 677
17 9 677
9 54 867
54 9 867
9 54 180
54 9 180
9 50 818
50 9 818
10 14 770
14 10 770
10 24 285
24 10 285
10 30 65
30 10 65
10 27 179
27 10 179
10 55 674
55 10 674
10 55 559
55 10 559
10 33 667
33 10 667
10 33 751
33 10 751
10 18 381
18 10 381
10 15 765
15 10 765
10 44 146
44 10 146
10 56 26
56 10 26
10 13 578
13 10 578
10 15 380
15 10 380
10 44 212
44 10 212
10 46 594
46 10 594
10 29 523
29 10 523
10 11 137
11 10 137
10 54 84
54 10 84
10 27 860
27 10 860
10 33 850
33 10 850
10 34 572
34 10 572
10 48 62
48 10 62
10 46 511
46 10 511
10 39 754
39 10 754
10 47 688
47 10 688
10 36 866
36 10 866
10 32 155
32 10 155
11 23 872
23 11 872
11 29 76
29 11 76
11 36 860
36 11 860
11 22 726
22 11 726
11 48 188
48 11 188
11 45 400
45 11 400
11 40 452
40 11 452
11 29 291
29 11 291
11 26 936
26 11 936
11 48 621
48 11 621
11 48 156
48 11 156
11 45 187
45 11 187
11 25 698
25 11 698
11 25 420
25 11 420
11 43 514
43 11 514
11 19 639
19 11 639
11 24 824
24 11 824
12 18 258
18 12 258
12 47 591
47 12 591
12 44 109
44 12 109
12 38 645
38 12 645
12 38 760
38 12 760
12 48 313
48 12 313
12 51 894
51 12 894
12 41 718
41 12 718
12 57 724
57 12 724
12 42 431
42 12 431
12 35 260
35 12 260
12 21 771
21 12 771
12 15 974
15 12 974
12 13 204
13 12 204
12 42 984
42 12 984
12 52 766
52 12 766
13 20 908
20 13 908
13 16 645
16 13 645
13 57 577
57 13 577
13 49 599
49 13 599
13 51 179
51 13 179
13 36 593
36 13 593
13 29 55
29 13 55
13 47 629
47 13 629
13 37 423
37 13 423
13 23 598
23 13 598
13 16 43
16 13 43
13 56 469
56 13 469
13 53 291
53 13 291
13 51 210
51 13 210
13 35 671
35 13 671
13 46 532
46 13 532
13 31 718
31 13 718
13 45 295
45 13 295
13 51 885
51 13 885
13 57 140
57 13 140
13 24 502
24 13 502
13 20 443
20 13 443
13 45 184
45 13 184
13 14 360
14 13 360
13 57 154
57 13 154
13 52 362
52 13 362
13 13 859
13 13 859
13 40 766
40 13 766
13 14 679
14 13 679
13 43 809
43 13 809
13 19 827
19 13 827
13 17 17
17 13 17
14 28 474
28 14 474
14 49 176
49 14 176
14 22 705
22 14 705
14 33 476
33 14 476
14 55 48
55 14 48
14 57 640
57 14 640
14 53 490
53 14 490
14 30 267
30 14 267
14 47 679
47 14 679
14 26 390
26 14 390
14 21 228
21 14 228
14 47 326
47 14 326
14 55 782
55 14 782
14 57 128
57 14 128
14 16 828
16 14 828
14 19 350
19 14 350
14 26 843
26 14 843
14 46 748
46 14 748
14 23 751
23 14 751
14 36 776
36 14 776
14 23 219
23 14 219
14 41 2
41 14 2
14 42 578
42 14 578
14 22 325
22 14 325
14 17 393
17 14 393
14 53 119
53 14 119
15 21 527
21 15 527
15 16 82
16 15 82
15 42 337
42 15 337
15 20 229
20 15 229
15 50 435
50 15 435
15 39 465
39 15 465
15 31 559
31 15 559
15 49 790
49 15 790
15 27 21
27 15 21
15 41 330
41 15 330
15 18 509
18 15 509
15 36 681
36 15 681
15 17 469
17 15 469
15 39 694
39 15 694
15 30 541
30 15 541
15 18 979
18 15 979
15 38 434
38 15 434
15 29 428
29 15 428
16 17 283
17 16 283
16 19 71
19 16 71
16 20 95
20 16 95
16 50 342
50 16 342
16 26 863
26 16 863
16 40 779
40 16 779
16 48 98
48 16 98
16 41 73
41 16 73
16 17 347
17 16 347
16 32 175
32 16 175
16 21 783
21 16 783
16 46 669
46 16 669
16 54 241
54 16 241
16 42 551
42 16 551
16 16 678
16 16 678
17 54 471
54 17 471
17 36 1
36 17 1
17 45 887
45 17 887
17 45 56
45 17 56
17 51 596
51 17 596
17 31 542
31 17 542
17 23 50
23 17 50
17 36 996
36 17 996
17 57 166
57 17 166
17 20 2
20 17 2
17 20 796
20 17 796
17 44 57
44 17 57
17 41 530
41 17 530
17 37 735
37 17 735
17 33 100
33 17 100
17 35 150
35 17 150
17 57 983
57 17 983
18 38 305
38 18 305
18 36 488
36 18 488
18 39 649
39 18 649
18 42 753
42 18 753
18 39 698
39 18 698
18 29 440
29 18 440
18 36 66
36 18 66
18 25 990
25 18 990
18 23 626
23 18 626
18 35 88
35 18 88
18 24 876
24 18 876
18 37 985
37 18 985
18 30 904
30 18 904
18 55 343
55 18 343
19 47 87
47 19 87
19 47 338
47 19 338
19 42 466
42 19 466
19 49 534
49 19 534
19 53 284
53 19 284
19 31 212
31 19 212
19 50 439
50 19 439
19 19 665
19 19 665
19 50 28
50 19 28
19 21 561
21 19 561
19 49 560
49 19 560
19 29 638
29 19 638
19 56 19
56 19 19
19 30 418
30 19 418
20 35 932
35 20 932
20 24 950
24 20 950
20 50 470
50 20 470
20 27 139
27 20 139
20 52 304
52 20 304
20 54 683
54 20 683
20 48 143
48 20 143
20 33 121
33 20 121
20 40 471
40 20 471
20 32 900
32 20 900
20 41 247
41 20 247
20 57 954
57 20 954
20 53 897
53 20 897
20 56 795
56 20 795
20 57 590
57 20 590
20 53 234
53 20 234
20 27 146
27 20 146
20 41 630
41 20 630
20 40 269
40 20 269
21 47 586
47 21 586
21 40 399
40 21 399
21 53 128
53 21 128
21 29 441
29 21 441
21 54 586
54 21 586
21 57 857
57 21 857
21 40 638
40 21 638
21 51 755
51 21 755
21 44 126
44 21 126
21 34 921
34 21 921
21 51 27
51 21 27
21 54 81
54 21 81
21 23 360
23 21 360
21 46 422
46 21 422
21 23 480
23 21 480
22 23 355
23 22 355
22 55 352
55 22 352
22 50 545
50 22 545
22 28 735
28 22 735
22 55 21
55 22 21
22 30 68
30 22 68
22 34 956
34 22 956
22 57 761
57 22 761
22 27 763
27 22 763
22 47 613
47 22 613
22 55 212
55 22 212
22 43 981
43 22 981
22 57 898
57 22 898
22 50 347
50 22 347
22 47 405
47 22 405
22 45 499
45 22 499
22 43 358
43 22 358
22 36 463
36 22 463
22 27 493
27 22 493
23 39 389
39 23 389
23 43 220
43 23 220
23 50 773
50 23 773
23 31 344
31 23 344
23 56 88
56 23 88
23 41 371
41 23 371
23 37 460
37 23 460
23 26 160
26 23 160
23 39 513
39 23 513
23 54 928
54 23 928
23 52 934
52 23 934
23 57 768
57 23 768
23 35 39
35 23 39
23 56 905
56 23 905
23 55 300
55 23 300
23 38 650
38 23 650
23 38 36
38 23 36
23 33 90
33 23 90
23 41 871
41 23 871
23 51 248
51 23 248
23 43 749
43 23 749
23 23 74
23 23 74
23 55 955
55 23 955
24 26 285
26 24 285
24 31 276
31 24 276
24 32 819
32 24 819
24 37 19
37 24 19
24 56 415
56 24 415
24 33 582
33 24 582
24 26 52
26 24 52
24 33 579
33 24 579
24 25 77
25 24 77
24 44 59
44 24 59
24 40 190
40 24 190
24 25 687
25 24 687
24 33 120
33 24 120
24 26 235
26 24 235
24 53 141
53 24 141
25 51 127
51 25 127
25 46 645
46 25 645
25 27 364
27 25 364
25 37 915
37 25 915
25 29 655
29 25 655
25 29 378
29 25 378
25 38 608
38 25 608
25 26 237
26 25 237
25 49 14
49 25 14
25 26 197
26 25 197
25 43 49
43 25 49
25 50 823
50 25 823
25 44 472
44 25 472
25 51 660
51 25 660
25 43 615
43 25 615
25 47 879
47 25 879
25 34 601
34 25 601
25 36 116
36 25 116
25 45 657
45 25 657
26 48 216
48 26 216
26 55 262
55 26 262
26 49 419
49 26 419
26 27 504
27 26 504
26 53 788
53 26 788
26 27 8
27 26 8
26 45 596
45 26 596
26 33 395
33 26 395
26 27 348
27 26 348
26 51 788
51 26 788
26 57 607
57 26 607
26 39 742
39 26 742
26 53 617
53 26 617
26 34 520
34 26 520
26 35 847
35 26 847
27 28 918
28 27 918
27 28 64
28 27 64
27 43 625
43 27 625
27 45 333
45 27 333
27 56 840
56 27 840
27 52 465
52 27 465
27 44 575
44 27 575
27 57 315
57 27 315
27 39 348
39 27 348
28 34 863
34 28 863
28 47 749
47 28 749
28 52 135
52 28 135
28 31 951
31 28 951
28 31 66
31 28 66
28 41 756
41 28 756
28 45 581
45 28 581
28 55 367
55 28 367
28 54 402
54 28 402
28 41 165
41 28 165
28 40 936
40 28 936
28 51 640
51 28 640
28 49 757
49 28 757
28 36 528
36 28 528
28 37 833
37 28 833
28 53 546
53 28 546
28 35 172
35 28 172
28 37 653
37 28 653
29 36 377
36 29 377
29 41 850
41 29 850
29 42 991
42 29 991
29 46 110
46 29 110
29 44 448
44 29 448
29 45 943
45 29 943
29 37 761
37 29 761
29 49 306
49 29 306
29 34 652
34 29 652
29 38 542
38 29 542
29 43 288
43 29 288
29 45 236
45 29 236
29 53 462
53 29 462
29 46 724
46 29 724
29 49 344
49 29 344
29 46 341
46 29 341
29 51 913
51 29 913
29 32 61
32 29 61
29 43 112
43 29 112
29 35 14
35 29 14
29 31 307
31 29 307
29 48 291
48 29 291
29 35 516
35 29 516
29 42 205
42 29 205
29 52 579
52 29 579
29 51 741
51 29 741
29 36 846
36 29 846
30 44 137
44 30 137
30 45 241
45 30 241
30 53 617
53 30 617
30 38 493
38 30 493
30 44 981
44 30 981
30 35 277
35 30 277
30 52 710
52 30 710
30 44 489
44 30 489
30 45 69
45 30 69
31 40 592
40 31 592
31 47 554
47 31 554
31 48 13
48 31 13
31 35 500
35 31 500
31 44 164
44 31 164
31 32 517
32 31 517
31 52 48
52 31 48
31 48 507
48 31 507
31 35 376
35 31 376
31 47 946
47 31 946
31 51 724
51 31 724
32 33 94
33 32 94
32 56 906
56 32 906
32 53 522
53 32 522
32 49 164
49 32 164
32 53 928
53 32 928
32 47 488
47 32 488
32 49 660
49 32 660
32 45 23
45 32 23
32 53 858
53 32 858
32 40 812
40 32 812
32 40 187
40 32 187
32 44 628
44 32 628
33 52 691
52 33 691
33 38 602
38 33 602
33 57 993
57 33 993
33 33 147
33 33 147
33 35 131
35 33 131
33 45 461
45 33 461
33 57 844
57 33 844
33 41 871
41 33 871
33 57 867
57 33 867
33 35 726
35 33 726
34 45 228
45 34 228
34 49 656
49 34 656
34 42 355
42 34 355
34 47 199
47 34 199
34 53 438
53 34 438
34 55 90
55 34 90
34 57 759
57 34 759
34 34 338
34 34 338
34 37 19
37 34 19
34 51 778
51 34 778
34 52 185
52 34 185
34 37 975
37 34 975
34 36 269
36 34 269
35 47 889
47 35 889
35 45 651
45 35 651
35 40 691
40 35 691
35 39 905
39 35 905
35 38 222
38 35 222
35 51 230
51 35 230
35 39 175
39 35 175
35 45 666
45 35 666
35 52 888
52 35 888
35 35 919
35 35 919
35 37 595
37 35 595
35 55 869
55 35 869
35 45 580
45 35 580
36 47 216
47 36 216
36 44 106
44 36 106
36 52 201
52 36 201
36 39 574
39 36 574
36 55 43
55 36 43
36 53 642
53 36 642
36 38 13
38 36 13
36 47 586
47 36 586
37 54 596
54 37 596
37 49 961
49 37 961
37 45 951
45 37 951
37 52 648
52 37 648
37 57 881
57 37 881
37 57 320
57 37 320
37 46 973
46 37 973
37 55 929
55 37 929
37 56 588
56 37 588
37 49 620
49 37 620
38 49 618
49 38 618
38 57 410
57 38 410
38 48 720
48 38 720
38 44 883
44 38 883
38 43 690
43 38 690
38 42 421
42 38 421
38 43 353
43 38 353
38 51 362
51 38 362
38 48 66
48 38 66
38 45 328
45 38 328
38 44 676
44 38 676
38 43 81
43 38 81
38 47 715
47 38 715
39 57 408
57 39 408
39 41 718
41 39 718
39 54 458
54 39 458
39 40 459
40 39 459
39 53 198
53 39 198
39 41 978
41 39 978
40 55 434
55 40 434
40 56 376
56 40 376
40 48 267
48 40 267
40 57 991
57 40 991
40 56 855
56 40 855
40 48 431
48 40 431
40 45 106
45 40 106
40 51 15
51 40 15
40 42 557
42 40 557
40 53 102
53 40 102
40 57 716
57 40 716
41 48 247
48 41 247
41 47 176
47 41 176
41 52 943
52 41 943
41 57 986
57 41 986
41 42 513
42 41 513
41 48 338
48 41 338
41 45 460
45 41 460
41 41 57
41 41 57
41 52 272
52 41 272
41 52 258
52 41 258
41 50 560
50 41 560
42 55 158
55 42 158
42 46 746
46 42 746
42 54 999
54 42 999
42 43 804
43 42 804
43 50 8
50 43 8
43 52 597
52 43 597
43 45 488
45 43 488
43 53 292
53 43 292
43 53 104
53 43 104
43 50 494
50 43 494
43 45 830
45 43 830
44 50 212
50 44 212
44 51 352
51 44 352
44 53 324
53 44 324
44 46 760
46 44 760
44 51 611
51 44 611
45 49 459
49 45 459
45 49 407
49 45 407
45 49 936
49 45 936
45 57 41
57 45 41
46 51 858
51 46 858
46 54 891
54 46 891
46 52 306
52 46 306
46 56 930
56 46 930
46 52 251
52 46 251
46 49 749
49 46 749
46 47 671
47 46 671
46 47 909
47 46 909
47 53 444
53 47 444
47 56 852
56 47 852
47 51 500
51 47 500
47 57 989
57 47 989
48 53 495
53 48 495
48 54 48
54 48 48
48 53 122
53 48 122
48 56 20
56 48 20
48 53 244
53 48 244
48 57 717
57 48 717
49 52 123
52 49 123
49 57 585
57 49 585
49 50 423
50 49 423
50 50 65
50 50 65
50 50 665
50 50 665
50 57 451
57 50 451
50 51 6
51 50 6
50 52 159
52 50 159
50 54 383
54 50 383
50 50 466
50 50 466
51 57 809
57 51 809
51 57 877
57 51 877
51 56 258
56 51 258
51 54 595
54 51 595
51 53 741
53 51 741
51 57 405
57 51 405
52 54 514
54 52 514
52 52 312
52 52 312
52 57 38
57 52 38
52 54 360
54 52 360
54 56 26
56 54 26
54 54 340
54 54 340
54 57 130
57 54 130
55 57 342
57 55 342
56 57 553
57 56 553
