76

0 1 295
1 0 295
0 5 989
5 0 989
0 14 859
14 0 859
0 21 93
21 0 93
0 20 233
20 0 233
0 64 323
64 0 323
0 64 66
64 0 66
0 68 404
68 0 404
0 34 808
34 0 808
0 23 526
23 0 526
0 32 749
32 0 749
0 61 443
61 0 443
0 20 232
20 0 232
0 64 655
64 0 655
0 57 533
57 0 533
0 3 349
3 0 349
0 4 385
4 0 385
0 36 425
36 0 425
0 54 98
54 0 98
0 71 676
71 0 676
0 6 531
6 0 531
0 46 701
46 0 701
0 7 246
7 0 246
1 2 638
2 1 638
1 3 652
3 1 652
1 6 813
6 1 813
1 37 286
37 1 286
1 68 188
68 1 188
1 58 592
58 1 592
1 69 653
69 1 653
1 54 247
54 1 247
1 21 148
21 1 148
1 23 535
23 1 535
1 42 632
42 1 632
1 58 953
58 1 953
1 19 305
19 1 305
1 4 729
4 1 729
1 54 883
54 1 883
1 12 224
12 1 224
1 42 422
42 1 422
1 68 478
68 1 478
1 20 6
20 1 6
1 12 65
12 1 65
1 38 496
38 1 496
1 59 332
59 1 332
2 4 638
4 2 638
2 29 250
29 2 250
2 25 463
25 2 463
2 39 464
39 2 464
2 61 571
61 2 571
2 52 730
52 2 730
2 73 443
73 2 443
2 12 745
12 2 745
2 10 379
10 2 379
2 6 734
6 2 734
2 17 1000
17 2 1000
2 14 819
14 2 819
2 7 956
7 2 956
2 23 503
23 2 503
2 13 707
13 2 707
2 65 336
65 2 336
2 73 543
73 2 543
2 20 330
20 2 330
2 66 512
66 2 512
3 63 115
63 3 115
3 58 330
58 3 330
3 67 421
67 3 421
3 53 847
53 3 847
3 54 667
54 3 667
3 46 736
46 3 736
3 19 101
19 3 101
3 24 253
24 3 253
3 40 897
40 3 897
3 29 608
29 3 608
3 21 398
21 3 398
3 19 223
19 3 223
3 63 520
63 3 520
3 8 188
8 3 188
3 18 788
18 3 788
3 60 844
60 3 844
3 71 656
71 3 656
3 14 835
14 3 835
3 17 167
17 3 167
4 16 50
16 4 50
4 27 105
27 4 105
4 32 951
32 4 951
4 13 104
13 4 104
4 53 346
53 4 346
4 33 112
33 4 112
4 65 511
65 4 511
4 73 159
73 4 159
4 11 896
11 4 896
4 33 226
33 4 226
4 51 791
51 4 791
4 55 444
55 4 444
5 8 11
8 5 11
5 9 692
9 5 692
5 22 882
22 5 882
5 45 1000
45 5 1000
5 51 586
51 5 586
5 65 370
65 5 370
5 58 391
58 5 391
5 24 644
24 5 644
5 70 452
70 5 452
5 61 542
61 5 542
5 66 373
66 5 373
5 52 861
52 5 861
5 20 317
20 5 317
5 71 447
71 5 447
6 7 447
7 6 447
6 9 53
9 6 53
6 47 771
47 6 771
6 13 658
13 6 658
6 22 393
22 6 393
6 19 968
19 6 968
6 28 386
28 6 386
6 21 794
21 6 794
6 6 372
6 6 372
6 20 171
20 6 171
6 47 630
47 6 630
6 13 380
13 6 380
6 45 853
45 6 853
6 54 205
54 6 205
7 10 87
10 7 87
7 11 413
11 7 413
7 12 856
12 7 856
7 40 915
40 7 915
7 26 287
26 7 287
7 26 511
26 7 511
7 72 194
72 7 194
7 35 606
35 7 606
7 22 754
22 7 754
7 27 757
27 7 757
7 33 384
33 7 384
7 7 757
7 7 757
7 19 937
19 7 937
7 17 1000
17 7 1000
7 61 86
61 7 86
7 53 647
53 7 647
8 31 102
31 8 102
8 55 284
55 8 284
8 60 613
60 8 613
8 10 558
10 8 558
8 72 303
72 8 303
8 73 482
73 8 482
8 28 656
28 8 656
8 60 855
60 8 855
8 42 32
42 8 32
8 51 903
51 8 903
8 16 799
16 8 799
8 33 531
33 8 531
8 74 814
74 8 814
8 37 541
37 8 541
8 50 528
50 8 528
8 24 115
24 8 115
8 52 658
52 8 658
8 68 612
68 8 612
8 37 224
37 8 224
8 11 993
11 8 993
8 17 836
17 8 836
8 66 204
66 8 204
9 18 819
18 9 819
9 19 129
19 9 129
9 61 631
61 9 631
9 74 401
74 9 401
9 70 250
70 9 250
9 34 572
34 9 572
9 50 108
50 9 108
9 46 103
46 9 103
9 13 729
13 9 729
9 65 89
65 9 89
9 74 573
74 9 573
9 60 948
60 9 948
9 75 92
75 9 92
9 20 322
20 9 322
9 23 219
23 9 219
9 43 326
43 9 326
9 36 238
36 9 238
9 27 495
27 9 495
9 52 923
52 9 923
10 33 411
33 10 411
10 66 174
66 10 174
10 74 350
74 10 350
10 73 17
73 10 17
10 55 598
55 10 598
10 29 953
29 10 953
10 24 403
24 10 403
10 50 475
50 10 475
10 26 339
26 10 339
10 65 704
65 10 704
10 37 371
37 10 371
10 41 960
41 10 960
10 57 679
57 10 679
11 13 587
13 11 587
11 23 856
23 11 856
11 20 114
20 11 114
11 64 959
64 11 959
11 53 135
53 11 135
11 61 650
61 11 650
11 66 47
66 11 47
11 62 498
62 11 498
11 58 506
58 11 506
11 73 271
73 11 271
12 70 831
70 12 831
12 74 544
74 12 544
12 23 582
23 12 582
12 64 657
64 12 657
12 19 258
19 12 258
12 14 731
14 12 731
12 56 307
56 12 307
12 37 656
37 12 656
12 40 676
40 12 676
12 54 108
54 12 108
12 40 33
40 12 33
12 74 555
74 12 555
12 57 8
57 12 8
12 58 388
58 12 388
12 21 828
21 12 828
12 31 99
31 12 99
13 25 153
25 13 153
13 30 276
30 13 276
13 45 265
45 13 265
13 60 392
60 13 392
13 51 496
51 13 496
13 68 649
68 13 649
13 70 506
70 13 506
13 72 44
72 13 44
13 66 834
66 13 834
13 24 202
24 13 202
13 62 598
62 13 598
13 24 582
24 13 582
13 26 396
26 13 396
13 27 307
27 13 307
13 16 331
16 13 331
13 22 490
22 13 490
13 71 965
71 13 965
13 58 999
58 13 999
13 66 277
66 13 277
14 15 544
15 14 544
14 17 923
17 14 923
14 44 227
44 14 227
14 29 462
29 14 462
14 49 331
49 14 331
14 69 968
69 14 968
14 73 451
73 14 451
14 18 227
18 14 227
14 49 915
49 14 915
14 44 266
44 14 266
14 49 97
49 14 97
14 36 810
36 14 810
14 58 899
58 14 899
14 61 845
61 14 845
14 71 779
71 14 779
14 63 47
63 14 47
14 70 488
70 14 488
15 38 329
38 15 329
15 54 284
54 15 284
15 69 380
69 15 380
15 41 835
41 15 835
15 47 940
47 15 940
15 35 83
35 15 83
15 26 840
26 15 840
15 24 174
24 15 174
15 15 516
15 15 516
15 52 478
52 15 478
15 21 469
21 15 469
15 33 956
33 15 956
15 61 562
61 15 562
15 75 388
75 15 388
15 16 258
16 15 258
16 63 668
63 16 668
16 37 721
37 16 721
16 34 474
34 16 474
16 58 700
58 16 700
16 70 688
70 16 688
16 41 944
41 16 944
16 54 953
54 16 953
16 44 30
44 16 30
16 74 966
74 16 966
16 74 702
74 16 702
16 67 119
67 16 119
16 23 462
23 16 462
16 24 634
24 16 634
16 38 669
38 16 669
17 21 664
21 17 664
17 23 913
23 17 913
17 39 763
39 17 763
17 26 534
26 17 534
17 57 322
57 17 322
17 19 652
19 17 652
17 64 989
64 17 989
17 58 168
58 17 168
17 40 795
40 17 795
17 57 638
57 17 638
17 49 354
49 17 354
17 50 625
50 17 625
17 55 15
55 17 15
17 65 1
65 17 1
17 28 872
28 17 872
18 20 462
20 18 462
18 58 131
58 18 131
18 38 305
38 18 305
18 31 439
31 18 439
18 21 333
21 18 333
18 52 486
52 18 486
18 66 652
66 18 652
18 54 432
54 18 432
18 67 933
67 18 933
18 51 69
51 18 69
19 66 476
66 19 476
19 61 348
61 19 348
19 19 336
19 19 336
19 71 269
71 19 269
19 20 671
20 19 671
19 22 111
22 19 111
19 41 71
41 19 71
19 71 921
71 19 921
19 73 233
73 19 233
19 65 692
65 19 692
19 69 514
69 19 514
19 20 349
20 19 349
19 37 56
37 19 56
19 75 634
75 19 634
20 24 383
24 20 383
20 49 644
49 20 644
20 51 329
51 20 329
20 27 714
27 20 714
20 24 381
24 20 381
20 69 712
69 20 712
20 60 104
60 20 104
20 71 323
71 20 323
20 65 76
65 20 76
21 39 400
39 21 400
21 51 983
51 21 983
21 65 315
65 21 315
21 57 118
57 21 118
21 63 679
63 21 679
21 73 1
73 21 1
21 47 58
47 21 58
21 56 287
56 21 287
21 47 623
47 21 623
21 56 863
56 21 863
21 28 685
28 21 685
21 21 415
21 21 415
21 74 986
74 21 986
21 29 173
29 21 173
21 73 159
73 21 159
22 26 917
26 22 917
22 28 337
28 22 337
22 34 930
34 22 930
22 35 865
35 22 865
22 48 488
48 22 488
22 72 909
72 22 909
22 68 913
68 22 913
22 62 409
62 22 409
22 48 620
48 22 620
22 31 113
31 22 113
22 55 996
55 22 996
22 35 483
35 22 483
23 50 169
50 23 169
23 47 174
47 23 174
23 37 52
37 23 52
23 29 473
29 23 473
23 61 361
61 23 361
23 65 356
65 23 356
23 51 318
51 23 318
23 60 651
60 23 651
23 45 849
45 23 849
23 26 394
26 23 394
23 64 856
64 23 856
23 53 218
53 23 218
23 53 984
53 23 984
23 46 427
46 23 427
23 50 294
50 23 294
23 41 917
41 23 917
24 52 37
52 24 37
24 75 239
75 24 239
24 45 714
45 24 714
24 50 620
50 24 620
24 50 482
50 24 482
25 36 249
36 25 249
25 27 755
27 25 755
25 72 352
72 25 352
25 28 814
28 25 814
25 56 436
56 25 436
25 70 494
70 25 494
25 73 943
73 25 943
25 29 722
29 25 722
25 58 839
58 25 839
25 41 786
41 25 786
25 29 185
29 25 185
25 53 301
53 25 301
25 44 37
44 25 37
25 34 874
34 25 874
25 30 352
30 25 352
26 75 286
75 26 286
26 26 458
26 26 458
26 65 163
65 26 163
26 64 29
64 26 29
26 49 10
49 26 10
26 56 820
56 26 820
26 67 405
67 26 405
26 32 33
32 26 33
26 65 880
65 26 880
26 66 259
66 26 259
26 75 828
75 26 828
26 31 262
31 26 262
27 41 122
41 27 122
27 35 848
35 27 848
27 39 819
39 27 819
27 60 405
60 27 405
27 40 984
40 27 984
27 52 761
52 27 761
27 33 144
33 27 144
27 32 964
32 27 964
27 52 748
52 27 748
27 39 406
39 27 406
28 43 78
43 28 78
28 48 896
48 28 896
28 32 108
32 28 108
28 67 300
67 28 300
28 48 77
48 28 77
28 56 91
56 28 91
28 29 665
29 28 665
28 74 688
74 28 688
28 44 487
44 28 487
28 45 10
45 28 10
28 50 884
50 28 884
28 29 628
29 28 628
28 57 199
57 28 199
28 41 880
41 28 880
29 38 399
38 29 399
29 60 747
60 29 747
29 48 890
48 29 890
29 72 327
72 29 327
29 43 847
43 29 847
29 47 617
47 29 617
29 43 272
43 29 272
29 67 793
67 29 793
29 53 821
53 29 821
29 55 926
55 29 926
29 71 153
71 29 153
29 38 50
38 29 50
29 45 874
45 29 874
29 49 724
49 29 724
30 42 307
42 30 307
30 44 212
44 30 212
30 40 645
40 30 645
30 59 125
59 30 125
30 50 161
50 30 161
30 32 192
32 30 192
30 31 122
31 30 122
30 47 400
47 30 400
30 41 602
41 30 602
30 40 287
40 30 287
30 67 818
67 30 818
30 66 386
66 30 386
30 51 539
51 30 539
30 47 484
47 30 484
30 75 432
75 30 432
30 59 874
59 30 874
30 55 373
55 30 373
31 52 256
52 31 256
31 54 555
54 31 555
31 42 921
42 31 921
31 62 899
62 31 899
31 40 179
40 31 179
31 71 950
71 31 950
31 57 874
57 31 874
31 65 917
65 31 917
31 37 21
37 31 21
31 48 652
48 31 652
31 37 634
37 31 634
32 53 378
53 32 378
32 41 63
41 32 63
32 58 296
58 32 296
32 72 691
72 32 691
32 66 99
66 32 99
32 73 843
73 32 843
32 59 783
59 32 783
32 51 254
51 32 254
32 70 410
70 32 410
33 69 154
69 33 154
33 71 406
71 33 406
33 60 138
60 33 138
33 63 50
63 33 50
33 55 117
55 33 117
33 67 457
67 33 457
33 41 592
41 33 592
33 49 66
49 33 66
33 59 156
59 33 156
33 59 259
59 33 259
33 52 964
52 33 964
33 63 126
63 33 126
33 47 45
47 33 45
33 69 804
69 33 804
34 69 262
69 34 262
34 42 481
42 34 481
34 64 300
64 34 300
34 34 636
34 34 636
34 51 308
51 34 308
34 38 958
38 34 958
34 74 462
74 34 462
34 56 776
56 34 776
34 61 834
61 34 834
34 43 523
43 34 523
34 35 531
35 34 531
35 41 967
41 35 967
35 53 975
53 35 975
35 49 549
49 35 549
35 53 527
53 35 527
35 48 840
48 35 840
35 66 334
66 35 334
35 47 876
47 35 876
35 48 796
48 35 796
35 37 234
37 35 234
35 64 216
64 35 216
35 67 108
67 35 108
35 51 660
51 35 660
36 42 429
42 36 429
36 57 363
57 36 363
36 60 59
60 36 59
36 46 932
46 36 932
36 49 170
49 36 170
36 38 134
38 36 134
36 57 926
57 36 926
36 47 810
47 36 810
36 36 76
36 36 76
36 36 749
36 36 749
36 58 814
58 36 814
36 49 415
49 36 415
37 58 282
58 37 282
37 68 190
68 37 190
37 53 408
53 37 408
37 47 403
47 37 403
37 62 399
62 37 399
37 56 313
56 37 313
37 71 562
71 37 562
37 65 602
65 37 602
37 75 149
75 37 149
37 64 710
64 37 710
37 42 616
42 37 616
37 46 980
46 37 980
38 44 611
44 38 611
38 48 181
48 38 181
38 52 205
52 38 205
38 53 373
53 38 373
38 53 2
53 38 2
38 58 692
58 38 692
38 40 364
40 38 364
38 65 703
65 38 703
38 54 57
54 38 57
38 68 333
68 38 333
39 72 511
72 39 511
39 45 542
45 39 542
39 56 814
56 39 814
39 43 576
43 39 576
39 50 822
50 39 822
39 72 510
72 39 510
39 71 799
71 39 799
39 62 179
62 39 179
39 73 153
73 39 153
39 63 150
63 39 150
40 47 994
47 40 994
40 73 943
73 40 943
40 52 495
52 40 495
40 44 842
44 40 842
40 71 643
71 40 643
40 40 686
40 40 686
40 67 344
67 40 344
40 70 704
70 40 704
40 72 919
72 40 919
41 43 301
43 41 301
41 50 37
50 41 37
41 71 537
71 41 537
41 54 466
54 41 466
41 52 168
52 41 168
41 44 434
44 41 434
41 54 124
54 41 124
41 57 473
57 41 473
41 53 851
53 41 851
41 45 708
45 41 708
41 59 445
59 41 445
42 46 914
46 42 914
42 61 964
61 42 964
42 49 204
49 42 204
42 58 74
58 42 74
42 65 749
65 42 749
42 45 912
45 42 912
42 69 530
69 42 530
42 65 715
65 42 715
42 42 663
42 42 663
42 53 827
53 42 827
43 47 915
47 43 915
43 51 186
51 43 186
43 55 523
55 43 523
43 63 904
63 43 904
43 68 157
68 43 157
44 73 784
73 44 784
44 52 58
52 44 58
44 52 688
52 44 688
44 53 275
53 44 275
44 53 783
53 44 783
44 58 690
58 44 690
44 75 904
75 44 904
44 54 13
54 44 13
44 72 327
72 44 327
44 52 90
52 44 90
44 47 402
47 44 402
45 61 780
61 45 780
45 65 861
65 45 861
45 51 80
51 45 80
45 49 713
49 45 713
45 47 52
47 45 52
45 57 812
57 45 812
45 51 295
51 45 295
46 48 897
48 46 897
46 50 535
50 46 535
46 73 727
73 46 727
46 64 6
64 46 6
46 62 724
62 46 724
46 61 993
61 46 993
46 60 293
60 46 293
46 72 788
72 46 788
47 54 158
54 47 158
47 73 407
73 47 407
47 49 616
49 47 616
47 55 69
55 47 69
47 71 842
71 47 842
47 55 614
55 47 614
47 73 778
73 47 778
47 68 785
68 47 785
47 66 396
66 47 396
47 61 89
61 47 89
47 71 647
71 47 647
48 54 943
54 48 943
48 69 292
69 48 292
48 60 482
60 48 482
48 70 481
70 48 481
48 55 510
55 48 510
48 67 790
67 48 790
48 68 341
68 48 341
48 62 109
62 48 109
48 61 435
61 48 435
49 53 475
53 49 475
49 51 856
51 49 856
50 64 815
64 50 815
50 69 824
69 50 824
50 56 951
56 50 951
50 72 195
72 50 195
50 58 683
58 50 683
50 72 678
72 50 678
51 66 630
66 51 630
51 69 197
69 51 197
51 59 92
59 51 92
51 54 301
54 51 301
51 72 487
72 51 487
51 51 1000
51 51 1000
51 65 957
65 51 957
51 63 809
63 51 809
52 68 664
68 52 664
52 73 32
73 52 32
52 57 408
57 52 408
52 66 302
66 52 302
53 57 17
57 53 17
53 71 666
71 53 666
53 69 590
69 53 590
54 75 972
75 54 972
54 70 671
70 54 671
54 56 215
56 54 215
54 74 507
74 54 507
54 59 636
59 54 636
55 56 872
56 55 872
55 59 998
59 55 998
55 62 860
62 55 860
55 65 249
65 55 249
56 61 328
61 56 328
56 61 774
61 56 774
56 64 108
64 56 108
56 63 895
63 56 895
56 58 375
58 56 375
56 57 461
57 56 461
56 75 798
75 56 798
57 73 523
73 57 523
57 72 540
72 57 540
57 62 692
62 57 692
57 65 132
65 57 132
57 75 713
75 57 713
58 74 583
74 58 583
58 64 922
64 58 922
58 70 702
70 58 702
58 75 833
75 58 833
58 68 345
68 58 345
58 72 558
72 58 558
59 63 570
63 59 570
59 60 994
60 59 994
60 74 275
74 60 275
60 73 778
73 60 778
60 74 469
74 60 469
61 70 382
70 61 382
61 64 738
64 61 738
61 73 848
73 61 848
61 71 688
71 61 688
61 66 569
66 61 569
61 68 15
68 61 15
61 70 287
70 61 287
62 67 768
67 62 768
62 73 894
73 62 894
62 69 288
69 62 288
62 72 801
72 62 801
62 65 244
65 62 244
62 65 895
65 62 895
62 71 93
71 62 93
62 72 742
72 62 742
63 73 485
73 63 485
63 63 975
63 63 975
64 71 542
71 64 542
64 69 513
69 64 513
64 69 247
69 64 247
64 68 643
68 64 643
65 68 720
68 65 720
69 74 878
74 69 878
69 69 993
69 69 993
69 74 945
74 69 945
71 75 248
75 71 248
73 73 617
73 73 617
75 75 635
75 75 635
