10

0 1 428
1 0 428
0 2 835
2 0 835
0 6 363
6 0 363
0 7 58
7 0 58
0 9 631
9 0 631
0 1 320
1 0 320
0 4 359
4 0 359
0 9 597
9 0 597
0 7 874
7 0 874
0 8 862
8 0 862
0 5 513
5 0 513
1 3 339
3 1 339
1 5 989
5 1 989
1 8 907
8 1 907
1 1 223
1 1 223
1 6 359
6 1 359
2 4 490
4 2 490
2 8 76
8 2 76
2 3 725
3 2 725
2 2 808
2 2 808
2 4 887
4 2 887
2 4 652
4 2 652
2 5 908
5 2 908
3 4 359
4 3 359
3 4 944
4 3 944
3 5 608
5 3 608
4 5 914
5 4 914
4 5 411
5 4 411
4 4 842
4 4 842
5 8 754
8 5 754
5 8 432
8 5 432
5 6 111
6 5 111
5 9 863
9 5 863
6 9 688
9 6 688
6 9 96
9 6 96
6 6 158
6 6 158
8 9 138
9 8 138
9 9 556
9 9 556
