55

0 1 941
1 0 941
0 2 64
2 0 64
0 7 785
7 0 785
0 10 278
10 0 278
0 38 48
38 0 48
0 25 488
25 0 488
0 46 569
46 0 569
0 11 363
11 0 363
0 50 463
50 0 463
0 27 41
27 0 41
0 8 722
8 0 722
0 7 155
7 0 155
0 18 224
18 0 224
0 41 654
41 0 654
0 52 305
52 0 305
0 26 378
26 0 378
0 17 23
17 0 23
0 47 445
47 0 445
0 44 66
44 0 66
0 19 543
19 0 543
0 27 691
27 0 691
0 10 31
10 0 31
0 16 619
16 0 619
0 1 882
1 0 882
0 43 551
43 0 551
0 21 221
21 0 221
0 38 409
38 0 409
0 53 468
53 0 468
0 48 105
48 0 105
0 21 191
21 0 191
0 16 639
16 0 639
0 30 764
30 0 764
0 9 693
9 0 693
1 3 777
3 1 777
1 5 563
5 1 563
1 20 53
20 1 53
1 21 351
21 1 351
1 40 820
40 1 820
1 42 55
42 1 55
1 52 927
52 1 927
1 9 815
9 1 815
1 22 799
22 1 799
1 15 224
15 1 224
1 16 730
16 1 730
1 42 583
42 1 583
1 15 873
15 1 873
1 36 170
36 1 170
1 3 219
3 1 219
1 27 915
27 1 915
1 20 846
20 1 846
1 26 702
26 1 702
1 2 914
2 1 914
1 46 568
46 1 568
1 7 303
7 1 303
1 13 908
13 1 908
1 41 899
41 1 899
1 12 677
12 1 677
1 18 342
18 1 342
1 23 273
23 1 273
1 37 424
37 1 424
1 38 189
38 1 189
1 30 119
30 1 119
2 4 571
4 2 571
2 13 904
13 2 904
2 19 822
19 2 822
2 46 126
46 2 126
2 38 145
38 2 145
2 22 425
22 2 425
2 54 997
54 2 997
2 50 304
50 2 304
2 53 623
53 2 623
2 38 58
38 2 58
2 23 195
23 2 195
2 23 335
23 2 335
2 27 738
27 2 738
2 15 758
15 2 758
2 47 486
47 2 486
2 32 992
32 2 992
2 16 115
16 2 115
2 42 485
42 2 485
2 10 564
10 2 564
2 45 18
45 2 18
2 25 384
25 2 384
2 17 141
17 2 141
2 15 731
15 2 731
2 25 747
25 2 747
2 32 136
32 2 136
2 46 132
46 2 132
2 54 138
54 2 138
2 36 40
36 2 40
2 43 158
43 2 158
2 14 554
14 2 554
2 27 31
27 2 31
2 9 940
9 2 940
2 52 595
52 2 595
2 41 368
41 2 368
3 24 432
24 3 432
3 50 591
50 3 591
3 5 201
5 3 201
3 5 36
5 3 36
3 52 663
52 3 663
3 16 650
16 3 650
3 16 596
16 3 596
3 34 687
34 3 687
3 29 930
29 3 930
3 36 202
36 3 202
3 49 776
49 3 776
3 15 341
15 3 341
3 24 602
24 3 602
3 39 676
39 3 676
3 51 210
51 3 210
3 5 230
5 3 230
3 14 540
14 3 540
3 26 419
26 3 419
3 43 858
43 3 858
3 42 39
42 3 39
3 26 438
26 3 438
3 18 886
18 3 886
3 19 620
19 3 620
3 10 273
10 3 273
3 3 356
3 3 356
3 40 565
40 3 565
3 34 114
34 3 114
4 8 378
8 4 378
4 9 739
9 4 739
4 17 522
17 4 522
4 30 959
30 4 959
4 36 223
36 4 223
4 31 287
31 4 287
4 16 824
16 4 824
4 9 142
9 4 142
4 37 185
37 4 185
4 48 533
48 4 533
4 54 404
54 4 404
4 21 527
21 4 527
4 35 447
35 4 447
4 53 299
53 4 299
4 40 196
40 4 196
4 31 923
31 4 923
4 28 171
28 4 171
4 37 931
37 4 931
4 36 750
36 4 750
4 37 573
37 4 573
4 7 205
7 4 205
4 15 429
15 4 429
4 42 995
42 4 995
4 10 923
10 4 923
4 17 119
17 4 119
4 21 580
21 4 580
4 17 14
17 4 14
4 43 499
43 4 499
4 40 413
40 4 413
4 54 803
54 4 803
4 13 940
13 4 940
4 47 435
47 4 435
4 26 727
26 4 727
4 5 367
5 4 367
4 33 303
33 4 303
4 33 456
33 4 456
4 24 94
24 4 94
5 6 505
6 5 505
5 11 931
11 5 931
5 53 384
53 5 384
5 16 117
16 5 117
5 52 79
52 5 79
5 43 293
43 5 293
5 33 178
33 5 178
5 14 961
14 5 961
5 26 973
26 5 973
5 14 781
14 5 781
5 40 423
40 5 423
5 39 103
39 5 103
5 32 135
32 5 135
5 12 729
12 5 729
5 46 491
46 5 491
5 28 998
28 5 998
5 29 208
29 5 208
5 11 64
11 5 64
5 47 265
47 5 265
5 49 521
49 5 521
6 24 436
24 6 436
6 47 297
47 6 297
6 50 971
50 6 971
6 18 609
18 6 609
6 9 3
9 6 3
6 18 890
18 6 890
6 31 625
31 6 625
6 24 219
24 6 219
6 29 859
29 6 859
6 9 99
9 6 99
6 12 926
12 6 926
6 37 672
37 6 672
6 49 193
49 6 193
6 44 557
44 6 557
6 34 913
34 6 913
6 38 10
38 6 10
6 19 335
19 6 335
6 34 113
34 6 113
6 27 235
27 6 235
6 25 861
25 6 861
6 22 796
22 6 796
6 34 624
34 6 624
6 46 101
46 6 101
6 21 956
21 6 956
6 25 337
25 6 337
6 52 157
52 6 157
6 6 832
6 6 832
6 52 567
52 6 567
6 51 935
51 6 935
6 51 526
51 6 526
6 34 333
34 6 333
6 14 690
14 6 690
6 20 779
20 6 779
6 28 347
28 6 347
6 33 912
33 6 912
7 35 658
35 7 658
7 49 427
49 7 427
7 46 944
46 7 944
7 36 196
36 7 196
7 46 354
46 7 354
7 50 420
50 7 420
7 44 421
44 7 421
7 48 387
48 7 387
7 39 777
39 7 777
7 35 682
35 7 682
7 20 481
20 7 481
7 7 528
7 7 528
7 54 564
54 7 564
7 33 501
33 7 501
7 32 328
32 7 328
7 46 455
46 7 455
7 31 670
31 7 670
7 25 620
25 7 620
7 51 741
51 7 741
7 22 66
22 7 66
7 18 272
18 7 272
7 16 668
16 7 668
7 46 631
46 7 631
7 34 456
34 7 456
7 35 806
35 7 806
7 11 812
11 7 812
7 34 210
34 7 210
7 50 763
50 7 763
7 22 305
22 7 305
7 51 13
51 7 13
7 21 57
21 7 57
7 16 974
16 7 974
8 22 699
22 8 699
8 52 480
52 8 480
8 24 465
24 8 465
8 9 668
9 8 668
8 23 161
23 8 161
8 39 80
39 8 80
8 21 936
21 8 936
8 9 509
9 8 509
8 37 569
37 8 569
8 10 662
10 8 662
8 29 699
29 8 699
8 52 806
52 8 806
8 10 65
10 8 65
8 48 384
48 8 384
8 15 275
15 8 275
8 9 466
9 8 466
8 45 895
45 8 895
8 12 550
12 8 550
8 54 300
54 8 300
8 11 595
11 8 595
8 27 714
27 8 714
8 54 348
54 8 348
8 13 373
13 8 373
8 54 591
54 8 591
8 36 321
36 8 321
8 26 808
26 8 808
8 11 905
11 8 905
8 50 241
50 8 241
8 14 438
14 8 438
9 14 908
14 9 908
9 34 610
34 9 610
9 44 245
44 9 245
9 37 769
37 9 769
9 49 210
49 9 210
9 29 526
29 9 526
9 27 906
27 9 906
9 13 192
13 9 192
9 25 880
25 9 880
9 45 216
45 9 216
9 18 402
18 9 402
9 22 637
22 9 637
9 30 568
30 9 568
9 40 842
40 9 842
9 48 478
48 9 478
9 17 337
17 9 337
9 21 984
21 9 984
9 38 572
38 9 572
9 52 728
52 9 728
9 25 852
25 9 852
9 19 778
19 9 778
9 43 487
43 9 487
9 23 34
23 9 34
9 31 381
31 9 381
9 11 704
11 9 704
9 25 205
25 9 205
9 51 876
51 9 876
9 31 125
31 9 125
9 20 329
20 9 329
9 40 489
40 9 489
10 11 516
11 10 516
10 20 780
20 10 780
10 48 272
48 10 272
10 27 294
27 10 294
10 33 81
33 10 81
10 41 396
41 10 396
10 38 41
38 10 41
10 47 779
47 10 779
10 31 626
31 10 626
10 27 834
27 10 834
10 39 270
39 10 270
10 39 819
39 10 819
10 35 636
35 10 636
10 31 78
31 10 78
10 21 69
21 10 69
10 25 805
25 10 805
10 52 895
52 10 895
10 46 407
46 10 407
10 15 491
15 10 491
10 42 113
42 10 113
10 54 980
54 10 980
10 42 134
42 10 134
10 30 43
30 10 43
10 35 925
35 10 925
10 14 849
14 10 849
10 29 223
29 10 223
10 17 427
17 10 427
10 23 8
23 10 8
10 47 626
47 10 626
10 35 35
35 10 35
10 44 506
44 10 506
10 46 997
46 10 997
11 12 458
12 11 458
11 15 239
15 11 239
11 45 550
45 11 550
11 35 864
35 11 864
11 43 725
43 11 725
11 43 563
43 11 563
11 19 546
19 11 546
11 30 768
30 11 768
11 54 224
54 11 224
11 12 3
12 11 3
11 26 506
26 11 506
11 15 178
15 11 178
11 23 970
23 11 970
11 11 962
11 11 962
11 12 257
12 11 257
11 47 959
47 11 959
11 22 787
22 11 787
11 40 213
40 11 213
11 13 305
13 11 305
11 23 645
23 11 645
11 20 78
20 11 78
11 22 9
22 11 9
11 12 625
12 11 625
11 27 640
27 11 640
11 32 192
32 11 192
11 27 945
27 11 945
11 54 89
54 11 89
11 35 966
35 11 966
11 15 201
15 11 201
12 23 197
23 12 197
12 49 856
49 12 856
12 24 1000
24 12 1000
12 16 901
16 12 901
12 28 665
28 12 665
12 27 246
27 12 246
12 20 245
20 12 245
12 44 465
44 12 465
12 29 983
29 12 983
12 30 96
30 12 96
12 15 360
15 12 360
12 35 765
35 12 765
12 36 721
36 12 721
12 54 184
54 12 184
12 19 524
19 12 524
12 28 592
28 12 592
13 37 540
37 13 540
13 15 143
15 13 143
13 47 96
47 13 96
13 48 516
48 13 516
13 33 308
33 13 308
13 43 864
43 13 864
13 33 744
33 13 744
13 36 268
36 13 268
13 27 261
27 13 261
13 24 645
24 13 645
13 35 610
35 13 610
13 38 391
38 13 391
13 43 564
43 13 564
13 38 370
38 13 370
13 36 444
36 13 444
13 13 923
13 13 923
13 20 992
20 13 992
13 30 112
30 13 112
13 16 724
16 13 724
13 32 368
32 13 368
13 31 327
31 13 327
13 25 76
25 13 76
13 32 814
32 13 814
13 30 685
30 13 685
14 26 244
26 14 244
14 27 462
27 14 462
14 37 671
37 14 671
14 41 349
41 14 349
14 22 44
22 14 44
14 35 118
35 14 118
14 31 527
31 14 527
14 22 955
22 14 955
14 19 330
19 14 330
14 37 697
37 14 697
14 50 7
50 14 7
14 15 653
15 14 653
14 54 802
54 14 802
14 43 236
43 14 236
14 48 777
48 14 777
14 38 959
38 14 959
14 20 125
20 14 125
14 44 518
44 14 518
14 33 168
33 14 168
14 47 883
47 14 883
14 43 416
43 14 416
15 16 510
16 15 510
15 18 31
18 15 31
15 22 609
22 15 609
15 25 679
25 15 679
15 39 651
39 15 651
15 26 781
26 15 781
15 38 587
38 15 587
15 53 414
53 15 414
15 44 685
44 15 685
15 32 226
32 15 226
15 38 405
38 15 405
15 38 809
38 15 809
15 20 891
20 15 891
15 20 328
20 15 328
15 49 3
49 15 3
15 52 49
52 15 49
15 17 759
17 15 759
15 33 678
33 15 678
15 22 240
22 15 240
15 52 7
52 15 7
15 22 746
22 15 746
15 22 934
22 15 934
16 31 786
31 16 786
16 52 442
52 16 442
16 23 954
23 16 954
16 20 991
20 16 991
16 22 150
22 16 150
16 51 400
51 16 400
16 47 855
47 16 855
16 23 142
23 16 142
16 24 483
24 16 483
16 48 605
48 16 605
16 48 426
48 16 426
16 29 279
29 16 279
16 34 512
34 16 512
16 23 402
23 16 402
16 31 359
31 16 359
16 39 609
39 16 609
16 37 525
37 16 525
16 23 315
23 16 315
17 43 617
43 17 617
17 46 307
46 17 307
17 50 552
50 17 552
17 47 293
47 17 293
17 43 589
43 17 589
17 38 28
38 17 28
17 41 418
41 17 418
17 32 343
32 17 343
17 19 681
19 17 681
17 49 815
49 17 815
17 41 585
41 17 585
17 29 143
29 17 143
17 33 588
33 17 588
17 50 669
50 17 669
17 52 252
52 17 252
17 37 340
37 17 340
17 21 847
21 17 847
17 45 154
45 17 154
17 28 249
28 17 249
17 46 745
46 17 745
17 25 867
25 17 867
17 42 951
42 17 951
17 38 891
38 17 891
18 46 518
46 18 518
18 31 973
31 18 973
18 44 828
44 18 828
18 47 484
47 18 484
18 39 153
39 18 153
18 38 101
38 18 101
18 33 297
33 18 297
18 42 498
42 18 498
18 31 171
31 18 171
18 53 299
53 18 299
18 19 631
19 18 631
18 41 313
41 18 313
18 48 954
48 18 954
18 31 911
31 18 911
18 26 106
26 18 106
18 32 586
32 18 586
18 27 345
27 18 345
18 42 150
42 18 150
18 47 388
47 18 388
18 23 502
23 18 502
18 29 611
29 18 611
18 28 116
28 18 116
19 27 317
27 19 317
19 42 671
42 19 671
19 43 654
43 19 654
19 47 546
47 19 546
19 23 746
23 19 746
19 41 73
41 19 73
19 21 616
21 19 616
19 35 43
35 19 43
19 54 978
54 19 978
19 50 976
50 19 976
19 40 588
40 19 588
19 27 947
27 19 947
19 47 756
47 19 756
19 28 224
28 19 224
19 42 874
42 19 874
19 51 474
51 19 474
19 22 3
22 19 3
19 25 958
25 19 958
19 41 990
41 19 990
20 34 909
34 20 909
20 42 260
42 20 260
20 43 547
43 20 547
20 29 600
29 20 600
20 52 349
52 20 349
20 33 706
33 20 706
20 43 455
43 20 455
20 51 224
51 20 224
20 50 778
50 20 778
20 48 759
48 20 759
20 43 320
43 20 320
20 50 697
50 20 697
20 36 69
36 20 69
20 53 268
53 20 268
20 47 849
47 20 849
20 35 573
35 20 573
20 53 219
53 20 219
20 48 275
48 20 275
20 40 613
40 20 613
20 41 685
41 20 685
21 46 389
46 21 389
21 46 791
46 21 791
21 29 518
29 21 518
21 52 186
52 21 186
21 54 114
54 21 114
21 28 228
28 21 228
21 43 800
43 21 800
21 26 433
26 21 433
21 42 879
42 21 879
21 42 179
42 21 179
21 51 471
51 21 471
21 46 659
46 21 659
21 31 663
31 21 663
21 39 560
39 21 560
21 24 60
24 21 60
21 28 287
28 21 287
22 32 597
32 22 597
22 51 161
51 22 161
22 26 4
26 22 4
22 30 168
30 22 168
22 38 844
38 22 844
22 43 896
43 22 896
22 42 968
42 22 968
22 38 412
38 22 412
22 46 97
46 22 97
22 34 651
34 22 651
22 50 48
50 22 48
22 22 873
22 22 873
22 53 142
53 22 142
22 22 529
22 22 529
22 25 279
25 22 279
22 44 373
44 22 373
22 37 903
37 22 903
22 30 28
30 22 28
22 43 93
43 22 93
22 45 425
45 22 425
22 33 805
33 22 805
22 40 640
40 22 640
22 29 186
29 22 186
22 39 323
39 22 323
22 23 496
23 22 496
23 33 108
33 23 108
23 37 623
37 23 623
23 34 692
34 23 692
23 38 99
38 23 99
23 52 973
52 23 973
23 42 848
42 23 848
23 33 855
33 23 855
23 33 215
33 23 215
23 48 145
48 23 145
23 43 963
43 23 963
23 51 75
51 23 75
23 41 155
41 23 155
23 31 61
31 23 61
23 25 489
25 23 489
23 54 234
54 23 234
24 39 386
39 24 386
24 32 225
32 24 225
24 47 534
47 24 534
25 28 655
28 25 655
25 37 818
37 25 818
25 50 827
50 25 827
25 29 147
29 25 147
25 31 398
31 25 398
25 35 145
35 25 145
25 39 285
39 25 285
25 45 267
45 25 267
25 36 64
36 25 64
25 53 407
53 25 407
25 45 62
45 25 62
25 52 445
52 25 445
25 42 34
42 25 34
25 46 970
46 25 970
25 41 240
41 25 240
25 44 390
44 25 390
25 27 126
27 25 126
25 53 588
53 25 588
25 36 532
36 25 532
26 30 648
30 26 648
26 50 694
50 26 694
26 50 524
50 26 524
26 44 301
44 26 301
26 38 534
38 26 534
26 29 566
29 26 566
26 52 580
52 26 580
26 54 553
54 26 553
26 52 863
52 26 863
26 41 832
41 26 832
26 44 246
44 26 246
26 42 947
42 26 947
26 38 144
38 26 144
26 43 712
43 26 712
26 44 1000
44 26 1000
26 47 185
47 26 185
26 30 362
30 26 362
26 37 381
37 26 381
27 29 122
29 27 122
27 33 155
33 27 155
27 29 900
29 27 900
27 36 138
36 27 138
27 54 954
54 27 954
27 33 313
33 27 313
27 53 338
53 27 338
27 35 301
35 27 301
27 33 650
33 27 650
27 42 575
42 27 575
27 38 60
38 27 60
27 54 241
54 27 241
27 32 960
32 27 960
27 32 50
32 27 50
27 33 858
33 27 858
28 47 794
47 28 794
28 40 241
40 28 241
28 31 454
31 28 454
28 39 528
39 28 528
28 49 936
49 28 936
28 50 318
50 28 318
28 36 605
36 28 605
28 51 853
51 28 853
28 49 124
49 28 124
28 34 8
34 28 8
28 31 612
31 28 612
28 31 548
31 28 548
28 29 350
29 28 350
28 49 185
49 28 185
28 54 137
54 28 137
28 30 841
30 28 841
28 41 980
41 28 980
28 48 365
48 28 365
29 51 812
51 29 812
29 38 916
38 29 916
29 43 444
43 29 444
29 41 914
41 29 914
29 32 768
32 29 768
29 37 125
37 29 125
29 53 767
53 29 767
29 41 315
41 29 315
29 53 335
53 29 335
29 43 907
43 29 907
29 44 357
44 29 357
29 31 808
31 29 808
29 45 927
45 29 927
29 39 624
39 29 624
30 54 596
54 30 596
30 36 761
36 30 761
30 33 232
33 30 232
30 37 297
37 30 297
30 52 784
52 30 784
30 46 870
46 30 870
30 36 89
36 30 89
30 46 848
46 30 848
30 54 158
54 30 158
30 53 747
53 30 747
31 41 94
41 31 94
31 54 539
54 31 539
31 49 263
49 31 263
31 54 212
54 31 212
31 49 136
49 31 136
31 31 220
31 31 220
31 36 687
36 31 687
31 53 208
53 31 208
31 38 194
38 31 194
31 53 116
53 31 116
31 42 880
42 31 880
31 38 56
38 31 56
31 45 631
45 31 631
31 48 848
48 31 848
31 52 784
52 31 784
31 34 23
34 31 23
31 34 241
34 31 241
32 44 373
44 32 373
32 48 870
48 32 870
32 37 371
37 32 371
32 44 656
44 32 656
32 50 800
50 32 800
32 33 494
33 32 494
32 47 614
47 32 614
32 36 885
36 32 885
32 33 82
33 32 82
33 39 771
39 33 771
33 50 973
50 33 973
33 40 737
40 33 737
33 35 753
35 33 753
33 48 668
48 33 668
33 50 329
50 33 329
33 51 879
51 33 879
33 36 261
36 33 261
33 40 933
40 33 933
33 50 169
50 33 169
33 35 189
35 33 189
34 42 340
42 34 340
34 50 577
50 34 577
34 48 843
48 34 843
34 51 721
51 34 721
34 41 830
41 34 830
34 41 337
41 34 337
34 45 501
45 34 501
34 54 300
54 34 300
34 41 941
41 34 941
34 52 956
52 34 956
34 42 721
42 34 721
34 36 853
36 34 853
35 53 804
53 35 804
35 51 909
51 35 909
35 36 419
36 35 419
35 39 42
39 35 42
35 54 884
54 35 884
35 45 361
45 35 361
35 42 73
42 35 73
35 49 494
49 35 494
35 37 506
37 35 506
35 42 319
42 35 319
35 51 375
51 35 375
36 53 104
53 36 104
36 52 682
52 36 682
36 54 426
54 36 426
36 39 335
39 36 335
36 43 336
43 36 336
36 37 367
37 36 367
36 45 816
45 36 816
36 39 649
39 36 649
36 36 774
36 36 774
37 53 370
53 37 370
37 41 98
41 37 98
37 42 82
42 37 82
37 42 68
42 37 68
37 49 219
49 37 219
37 44 734
44 37 734
37 44 371
44 37 371
37 50 641
50 37 641
37 41 577
41 37 577
38 40 818
40 38 818
38 48 442
48 38 442
38 48 435
48 38 435
38 51 423
51 38 423
38 44 232
44 38 232
38 49 349
49 38 349
38 43 257
43 38 257
39 53 463
53 39 463
39 53 876
53 39 876
39 49 615
49 39 615
39 47 638
47 39 638
39 41 743
41 39 743
39 39 786
39 39 786
39 40 207
40 39 207
39 49 475
49 39 475
39 51 755
51 39 755
39 47 524
47 39 524
39 44 197
44 39 197
40 43 591
43 40 591
40 54 752
54 40 752
40 48 313
48 40 313
40 45 913
45 40 913
40 47 311
47 40 311
40 46 605
46 40 605
40 52 554
52 40 554
40 52 251
52 40 251
41 54 681
54 41 681
41 54 224
54 41 224
41 52 713
52 41 713
42 51 884
51 42 884
43 46 850
46 43 850
43 49 886
49 43 886
43 46 321
46 43 321
43 49 198
49 43 198
43 50 731
50 43 731
43 43 953
43 43 953
43 52 980
52 43 980
43 51 747
51 43 747
43 45 634
45 43 634
43 45 857
45 43 857
44 46 644
46 44 644
44 46 970
46 44 970
44 46 545
46 44 545
44 52 568
52 44 568
44 45 981
45 44 981
45 48 185
48 45 185
45 46 657
46 45 657
45 48 913
48 45 913
45 54 229
54 45 229
45 51 602
51 45 602
45 47 404
47 45 404
45 49 258
49 45 258
45 51 593
51 45 593
45 54 1000
54 45 1000
45 50 245
50 45 245
46 50 181
50 46 181
46 50 309
50 46 309
46 51 166
51 46 166
47 54 698
54 47 698
47 49 717
49 47 717
47 51 741
51 47 741
48 54 401
54 48 401
48 49 147
49 48 147
49 50 807
50 49 807
49 54 755
54 49 755
50 53 562
53 50 562
50 51 929
51 50 929
50 52 954
52 50 954
51 53 639
53 51 639
51 52 112
52 51 112
51 51 869
51 51 869
52 53 148
53 52 148
53 54 695
54 53 695
53 53 659
53 53 659
