28

0 1 858
1 0 858
0 2 285
2 0 285
0 3 658
3 0 658
0 4 940
4 0 940
0 8 559
8 0 559
0 4 829
4 0 829
0 27 955
27 0 955
0 25 953
25 0 953
0 4 878
4 0 878
0 9 975
9 0 975
1 6 244
6 1 244
1 7 627
7 1 627
1 13 894
13 1 894
1 6 71
6 1 71
1 20 672
20 1 672
1 4 487
4 1 487
2 5 236
5 2 236
2 9 598
9 2 598
2 10 682
10 2 682
2 4 357
4 2 357
2 4 353
4 2 353
2 5 457
5 2 457
2 26 601
26 2 601
3 17 957
17 3 957
3 15 257
15 3 257
3 7 280
7 3 280
3 21 63
21 3 63
3 20 215
20 3 215
3 13 540
13 3 540
4 11 984
11 4 984
4 26 107
26 4 107
5 17 328
17 5 328
6 20 946
20 6 946
7 14 180
14 7 180
7 24 16
24 7 16
7 27 608
27 7 608
8 11 387
11 8 387
8 23 906
23 8 906
8 17 505
17 8 505
9 12 959
12 9 959
9 27 40
27 9 40
9 19 556
19 9 556
10 16 829
16 10 829
10 12 736
12 10 736
10 14 319
14 10 319
11 19 18
19 11 18
11 20 931
20 11 931
12 18 188
18 12 188
12 16 38
16 12 38
13 26 172
26 13 172
14 15 829
15 14 829
14 21 884
21 14 884
14 22 849
22 14 849
14 15 967
15 14 967
15 20 204
20 15 204
15 25 826
25 15 826
15 24 979
24 15 979
16 18 386
18 16 386
16 21 461
21 16 461
17 19 542
19 17 542
18 19 271
19 18 271
19 23 205
23 19 205
20 24 867
24 20 867
20 23 200
23 20 200
22 25 585
25 22 585
22 23 517
23 22 517
25 27 177
27 25 177
