30

0 1 917
1 0 917
0 5 819
5 0 819
0 22 525
22 0 525
0 11 765
11 0 765
0 26 210
26 0 210
0 29 993
29 0 993
0 16 446
16 0 446
0 20 433
20 0 433
0 15 389
15 0 389
0 29 21
29 0 21
1 2 508
2 1 508
1 4 510
4 1 510
1 13 716
13 1 716
1 15 615
15 1 615
1 21 976
21 1 976
1 13 753
13 1 753
1 10 83
10 1 83
1 22 653
22 1 653
1 20 590
20 1 590
1 27 549
27 1 549
1 27 130
27 1 130
1 12 591
12 1 591
1 29 110
29 1 110
2 3 813
3 2 813
2 6 631
6 2 631
2 23 768
23 2 768
2 29 694
29 2 694
2 11 664
11 2 664
2 23 256
23 2 256
2 15 338
15 2 338
2 6 943
6 2 943
2 11 42
11 2 42
3 7 32
7 3 32
3 9 859
9 3 859
3 10 630
10 3 630
3 13 875
13 3 875
3 18 941
18 3 941
3 20 993
20 3 993
3 9 710
9 3 710
3 23 500
23 3 500
3 8 648
8 3 648
3 29 672
29 3 672
3 25 494
25 3 494
3 17 305
17 3 305
3 20 157
20 3 157
4 18 34
18 4 34
4 4 657
4 4 657
4 29 585
29 4 585
4 14 506
14 4 506
4 20 380
20 4 380
5 10 132
10 5 132
5 27 555
27 5 555
5 10 306
10 5 306
5 10 383
10 5 383
5 13 57
13 5 57
5 13 333
13 5 333
5 26 341
26 5 341
5 7 137
7 5 137
6 8 643
8 6 643
6 12 709
12 6 709
6 22 503
22 6 503
6 23 638
23 6 638
6 18 936
18 6 936
6 15 923
15 6 923
6 21 425
21 6 425
6 28 292
28 6 292
7 11 223
11 7 223
7 29 296
29 7 296
7 25 1000
25 7 1000
7 9 929
9 7 929
7 19 982
19 7 982
7 23 84
23 7 84
8 15 889
15 8 889
8 29 998
29 8 998
8 28 819
28 8 819
8 23 42
23 8 42
8 9 200
9 8 200
9 16 502
16 9 502
9 18 866
18 9 866
9 11 411
11 9 411
9 9 924
9 9 924
9 29 705
29 9 705
9 29 915
29 9 915
9 20 93
20 9 93
10 11 487
11 10 487
10 14 619
14 10 619
10 13 614
13 10 614
10 18 76
18 10 76
10 20 679
20 10 679
11 14 120
14 11 120
11 20 548
20 11 548
11 22 42
22 11 42
11 21 603
21 11 603
11 18 317
18 11 317
11 19 807
19 11 807
11 12 841
12 11 841
11 12 226
12 11 226
11 18 455
18 11 455
11 20 974
20 11 974
11 24 793
24 11 793
11 23 794
23 11 794
11 26 602
26 11 602
12 19 32
19 12 32
12 21 539
21 12 539
12 17 434
17 12 434
12 12 316
12 12 316
12 25 659
25 12 659
12 17 884
17 12 884
12 16 741
16 12 741
13 26 57
26 13 57
13 25 156
25 13 156
13 23 656
23 13 656
13 14 694
14 13 694
13 28 469
28 13 469
13 16 569
16 13 569
13 15 72
15 13 72
14 18 635
18 14 635
14 24 137
24 14 137
14 26 853
26 14 853
14 20 210
20 14 210
14 26 714
26 14 714
14 28 785
28 14 785
15 26 187
26 15 187
15 27 385
27 15 385
16 17 936
17 16 936
16 19 903
19 16 903
16 20 625
20 16 625
16 23 378
23 16 378
16 28 22
28 16 22
16 28 208
28 16 208
16 20 19
20 16 19
16 27 694
27 16 694
17 21 734
21 17 734
17 26 557
26 17 557
17 21 330
21 17 330
17 29 799
29 17 799
17 22 757
22 17 757
17 18 766
18 17 766
18 24 765
24 18 765
18 27 416
27 18 416
18 29 290
29 18 290
20 20 122
20 20 122
21 25 190
25 21 190
21 23 786
23 21 786
21 28 20
28 21 20
22 27 382
27 22 382
22 23 837
23 22 837
23 26 26
26 23 26
23 27 253
27 23 253
23 23 165
23 23 165
24 28 710
28 24 710
25 28 989
28 25 989
25 26 423
26 25 423
26 27 607
27 26 607
27 28 849
28 27 849
27 28 831
28 27 831
28 29 66
29 28 66
