39

0 1 230
1 0 230
0 6 113
6 0 113
0 10 577
10 0 577
0 24 543
24 0 543
0 25 178
25 0 178
0 36 235
36 0 235
0 21 742
21 0 742
0 38 77
38 0 77
0 32 597
32 0 597
0 1 316
1 0 316
0 10 523
10 0 523
0 14 564
14 0 564
0 23 255
23 0 255
0 11 335
11 0 335
0 21 407
21 0 407
0 26 515
26 0 515
0 31 205
31 0 205
0 24 27
24 0 27
0 36 899
36 0 899
0 36 802
36 0 802
0 28 187
28 0 187
0 13 299
13 0 299
0 15 818
15 0 818
0 0 362
0 0 362
0 3 194
3 0 194
1 2 975
2 1 975
1 4 533
4 1 533
1 8 510
8 1 510
1 20 679
20 1 679
1 29 733
29 1 733
1 33 882
33 1 882
1 12 899
12 1 899
1 21 118
21 1 118
1 9 480
9 1 480
1 16 63
16 1 63
1 3 374
3 1 374
1 3 329
3 1 329
1 4 854
4 1 854
1 10 145
10 1 145
1 11 666
11 1 666
1 3 806
3 1 806
1 6 796
6 1 796
1 31 466
31 1 466
1 38 711
38 1 711
1 26 338
26 1 338
1 2 21
2 1 21
1 3 832
3 1 832
1 15 248
15 1 248
1 27 590
27 1 590
1 27 67
27 1 67
1 9 983
9 1 983
1 14 996
14 1 996
1 23 443
23 1 443
2 3 579
3 2 579
2 7 12
7 2 12
2 17 810
17 2 810
2 23 44
23 2 44
2 34 721
34 2 721
2 4 616
4 2 616
2 20 590
20 2 590
2 9 132
9 2 132
2 6 688
6 2 688
2 38 141
38 2 141
2 32 385
32 2 385
2 26 986
26 2 986
2 33 335
33 2 335
2 3 472
3 2 472
2 33 330
33 2 330
2 3 867
3 2 867
2 15 567
15 2 567
2 11 331
11 2 331
2 9 822
9 2 822
2 34 877
34 2 877
2 23 146
23 2 146
2 27 28
27 2 28
2 9 273
9 2 273
2 14 327
14 2 327
2 37 771
37 2 771
2 37 719
37 2 719
2 9 151
9 2 151
2 7 984
7 2 984
2 29 603
29 2 603
2 18 776
18 2 776
3 9 610
9 3 610
3 30 761
30 3 761
3 33 901
33 3 901
3 34 652
34 3 652
3 38 278
38 3 278
3 32 211
32 3 211
3 35 65
35 3 65
3 23 510
23 3 510
3 23 767
23 3 767
3 25 271
25 3 271
3 26 886
26 3 886
3 16 399
16 3 399
3 15 389
15 3 389
3 32 110
32 3 110
3 24 581
24 3 581
3 4 614
4 3 614
3 19 310
19 3 310
3 19 921
19 3 921
3 4 537
4 3 537
3 35 361
35 3 361
3 8 675
8 3 675
3 29 402
29 3 402
3 6 54
6 3 54
3 18 491
18 3 491
3 36 517
36 3 517
3 8 749
8 3 749
3 7 275
7 3 275
3 4 340
4 3 340
4 5 848
5 4 848
4 19 499
19 4 499
4 21 114
21 4 114
4 28 51
28 4 51
4 27 917
27 4 917
4 28 682
28 4 682
4 12 165
12 4 165
4 23 375
23 4 375
4 34 649
34 4 649
4 20 141
20 4 141
4 24 32
24 4 32
4 24 981
24 4 981
4 9 195
9 4 195
4 22 632
22 4 632
4 19 763
19 4 763
4 36 549
36 4 549
4 25 378
25 4 378
4 32 41
32 4 41
4 35 373
35 4 373
4 10 736
10 4 736
4 4 63
4 4 63
4 13 203
13 4 203
4 34 837
34 4 837
4 33 171
33 4 171
4 27 510
27 4 510
4 11 35
11 4 35
4 30 526
30 4 526
4 17 940
17 4 940
4 6 63
6 4 63
4 18 97
18 4 97
4 8 405
8 4 405
4 36 247
36 4 247
4 35 68
35 4 68
5 22 708
22 5 708
5 33 978
33 5 978
5 36 631
36 5 631
5 17 78
17 5 78
5 6 790
6 5 790
5 37 559
37 5 559
5 9 145
9 5 145
5 9 79
9 5 79
5 27 296
27 5 296
5 22 201
22 5 201
5 36 953
36 5 953
5 29 275
29 5 275
5 34 121
34 5 121
5 6 43
6 5 43
5 11 878
11 5 878
5 5 443
5 5 443
5 17 455
17 5 455
5 28 88
28 5 88
5 28 430
28 5 430
5 5 943
5 5 943
5 19 56
19 5 56
5 22 814
22 5 814
5 18 174
18 5 174
5 38 225
38 5 225
5 32 249
32 5 249
5 36 160
36 5 160
5 18 504
18 5 504
5 36 856
36 5 856
5 23 362
23 5 362
5 36 909
36 5 909
5 28 203
28 5 203
5 38 810
38 5 810
6 11 835
11 6 835
6 24 378
24 6 378
6 36 62
36 6 62
6 34 218
34 6 218
6 10 311
10 6 311
6 16 51
16 6 51
6 21 177
21 6 177
6 34 847
34 6 847
6 10 845
10 6 845
6 7 539
7 6 539
6 14 80
14 6 80
6 20 927
20 6 927
6 18 562
18 6 562
6 7 537
7 6 537
6 18 613
18 6 613
6 24 240
24 6 240
6 6 671
6 6 671
6 36 697
36 6 697
6 27 779
27 6 779
6 21 161
21 6 161
6 8 599
8 6 599
7 28 965
28 7 965
7 15 841
15 7 841
7 17 948
17 7 948
7 33 199
33 7 199
7 27 796
27 7 796
7 33 798
33 7 798
7 19 310
19 7 310
7 20 252
20 7 252
7 15 175
15 7 175
7 35 334
35 7 334
7 9 439
9 7 439
7 21 831
21 7 831
7 28 527
28 7 527
7 24 472
24 7 472
7 15 624
15 7 624
7 12 353
12 7 353
7 36 501
36 7 501
7 26 316
26 7 316
7 23 356
23 7 356
8 16 887
16 8 887
8 29 14
29 8 14
8 35 76
35 8 76
8 20 53
20 8 53
8 25 305
25 8 305
8 19 931
19 8 931
8 17 707
17 8 707
8 11 985
11 8 985
8 30 694
30 8 694
8 20 902
20 8 902
8 20 751
20 8 751
8 36 14
36 8 14
8 14 26
14 8 26
8 10 162
10 8 162
8 21 404
21 8 404
8 37 994
37 8 994
8 31 522
31 8 522
8 38 998
38 8 998
8 9 511
9 8 511
8 11 533
11 8 533
8 18 212
18 8 212
8 15 397
15 8 397
9 13 672
13 9 672
9 28 109
28 9 109
9 28 576
28 9 576
9 27 334
27 9 334
9 26 946
26 9 946
9 11 511
11 9 511
9 25 582
25 9 582
9 20 78
20 9 78
9 22 422
22 9 422
9 37 111
37 9 111
9 32 689
32 9 689
9 36 80
36 9 80
9 34 307
34 9 307
9 13 549
13 9 549
9 36 987
36 9 987
10 15 962
15 10 962
10 26 798
26 10 798
10 20 984
20 10 984
10 17 626
17 10 626
10 27 879
27 10 879
10 14 542
14 10 542
10 24 642
24 10 642
10 16 824
16 10 824
10 32 243
32 10 243
10 34 519
34 10 519
10 21 288
21 10 288
10 12 769
12 10 769
10 16 553
16 10 553
10 17 14
17 10 14
10 29 636
29 10 636
10 31 673
31 10 673
10 37 730
37 10 730
10 34 919
34 10 919
10 34 985
34 10 985
10 27 504
27 10 504
11 12 128
12 11 128
11 27 340
27 11 340
11 15 58
15 11 58
11 33 653
33 11 653
11 15 151
15 11 151
11 14 871
14 11 871
11 17 141
17 11 141
11 15 284
15 11 284
11 12 153
12 11 153
11 28 95
28 11 95
11 23 956
23 11 956
11 28 918
28 11 918
11 35 444
35 11 444
11 37 764
37 11 764
11 34 70
34 11 70
11 36 800
36 11 800
11 34 506
34 11 506
12 18 606
18 12 606
12 36 212
36 12 212
12 32 790
32 12 790
12 27 202
27 12 202
12 17 176
17 12 176
12 20 663
20 12 663
12 17 313
17 12 313
12 36 668
36 12 668
12 14 870
14 12 870
12 26 533
26 12 533
12 35 223
35 12 223
12 18 520
18 12 520
12 16 751
16 12 751
12 31 386
31 12 386
12 33 291
33 12 291
12 27 189
27 12 189
12 28 314
28 12 314
12 34 451
34 12 451
12 12 712
12 12 712
12 20 575
20 12 575
12 26 600
26 12 600
12 27 108
27 12 108
13 14 164
14 13 164
13 25 646
25 13 646
13 38 296
38 13 296
13 38 39
38 13 39
13 37 298
37 13 298
13 18 334
18 13 334
13 13 729
13 13 729
13 25 456
25 13 456
13 25 571
25 13 571
13 32 573
32 13 573
13 16 540
16 13 540
13 25 13
25 13 13
13 24 561
24 13 561
13 21 567
21 13 567
14 32 566
32 14 566
14 26 165
26 14 165
14 25 73
25 14 73
14 33 536
33 14 536
14 15 775
15 14 775
14 34 266
34 14 266
14 26 149
26 14 149
14 30 677
30 14 677
14 23 628
23 14 628
14 26 291
26 14 291
14 28 672
28 14 672
14 27 843
27 14 843
14 31 609
31 14 609
14 26 231
26 14 231
14 26 874
26 14 874
14 17 770
17 14 770
14 38 373
38 14 373
14 23 890
23 14 890
15 21 725
21 15 725
15 30 194
30 15 194
15 34 195
34 15 195
15 24 417
24 15 417
15 20 417
20 15 417
15 29 239
29 15 239
15 19 68
19 15 68
15 19 555
19 15 555
15 28 29
28 15 29
15 37 711
37 15 711
15 30 730
30 15 730
15 15 390
15 15 390
15 35 836
35 15 836
15 32 324
32 15 324
15 16 455
16 15 455
15 21 906
21 15 906
15 18 239
18 15 239
15 25 136
25 15 136
15 24 599
24 15 599
16 22 319
22 16 319
16 20 46
20 16 46
16 21 825
21 16 825
16 18 212
18 16 212
16 19 483
19 16 483
16 35 596
35 16 596
16 33 457
33 16 457
16 29 948
29 16 948
16 34 267
34 16 267
16 36 23
36 16 23
16 21 900
21 16 900
16 30 238
30 16 238
16 29 27
29 16 27
17 29 318
29 17 318
17 26 884
26 17 884
17 25 157
25 17 157
17 38 593
38 17 593
17 26 932
26 17 932
17 32 680
32 17 680
17 29 273
29 17 273
17 28 419
28 17 419
17 34 250
34 17 250
17 37 603
37 17 603
17 19 396
19 17 396
17 35 714
35 17 714
17 18 805
18 17 805
17 37 360
37 17 360
18 37 856
37 18 856
18 38 813
38 18 813
18 24 683
24 18 683
18 28 133
28 18 133
18 27 1000
27 18 1000
18 21 737
21 18 737
18 23 251
23 18 251
18 36 700
36 18 700
18 19 799
19 18 799
18 36 43
36 18 43
18 30 367
30 18 367
18 31 720
31 18 720
18 32 634
32 18 634
18 21 459
21 18 459
18 21 190
21 18 190
18 26 737
26 18 737
19 36 735
36 19 735
19 28 280
28 19 280
19 27 344
27 19 344
19 23 693
23 19 693
19 37 402
37 19 402
19 24 419
24 19 419
19 38 452
38 19 452
19 38 44
38 19 44
19 30 885
30 19 885
19 25 565
25 19 565
19 30 447
30 19 447
19 20 793
20 19 793
19 19 446
19 19 446
19 22 21
22 19 21
19 32 922
32 19 922
19 28 255
28 19 255
19 33 589
33 19 589
20 28 601
28 20 601
20 33 51
33 20 51
20 23 274
23 20 274
20 36 497
36 20 497
20 22 256
22 20 256
20 37 947
37 20 947
20 24 151
24 20 151
20 25 58
25 20 58
20 34 39
34 20 39
20 32 531
32 20 531
20 28 363
28 20 363
20 34 35
34 20 35
20 29 791
29 20 791
21 36 62
36 21 62
21 34 394
34 21 394
21 22 842
22 21 842
21 27 969
27 21 969
21 38 745
38 21 745
21 24 968
24 21 968
21 26 728
26 21 728
22 36 957
36 22 957
22 31 938
31 22 938
22 26 688
26 22 688
22 28 774
28 22 774
22 28 674
28 22 674
22 31 62
31 22 62
22 25 47
25 22 47
22 23 928
23 22 928
22 26 287
26 22 287
22 25 110
25 22 110
23 36 353
36 23 353
23 34 21
34 23 21
23 31 832
31 23 832
23 29 459
29 23 459
23 35 613
35 23 613
23 29 418
29 23 418
23 29 712
29 23 712
23 31 116
31 23 116
24 33 735
33 24 735
24 27 96
27 24 96
24 37 119
37 24 119
24 38 529
38 24 529
24 26 113
26 24 113
24 30 943
30 24 943
24 25 692
25 24 692
25 29 478
29 25 478
25 31 67
31 25 67
25 25 42
25 25 42
25 30 43
30 25 43
25 25 185
25 25 185
25 36 702
36 25 702
25 27 428
27 25 428
26 30 146
30 26 146
26 37 65
37 26 65
26 31 319
31 26 319
26 28 931
28 26 931
26 29 46
29 26 46
26 26 85
26 26 85
26 35 594
35 26 594
26 28 958
28 26 958
26 27 554
27 26 554
26 38 612
38 26 612
27 29 614
29 27 614
27 27 956
27 27 956
27 38 758
38 27 758
27 33 10
33 27 10
27 33 741
33 27 741
27 38 35
38 27 35
27 31 90
31 27 90
28 31 285
31 28 285
28 32 129
32 28 129
28 37 210
37 28 210
28 36 665
36 28 665
28 31 584
31 28 584
28 32 732
32 28 732
28 29 258
29 28 258
28 33 435
33 28 435
29 35 341
35 29 341
29 36 667
36 29 667
29 32 762
32 29 762
29 33 203
33 29 203
29 34 885
34 29 885
30 31 573
31 30 573
30 35 242
35 30 242
30 36 194
36 30 194
30 37 824
37 30 824
31 33 105
33 31 105
31 34 437
34 31 437
31 38 504
38 31 504
32 35 655
35 32 655
32 32 199
32 32 199
32 36 784
36 32 784
32 35 447
35 32 447
32 34 851
34 32 851
32 36 998
36 32 998
33 34 430
34 33 430
34 38 72
38 34 72
35 37 134
37 35 134
35 35 473
35 35 473
35 36 78
36 35 78
35 35 611
35 35 611
