95

0 1 685
1 0 685
0 2 144
2 0 144
0 4 512
4 0 512
0 20 632
20 0 632
0 41 669
41 0 669
0 40 18
40 0 18
0 51 274
51 0 274
0 61 612
61 0 612
0 6 230
6 0 230
0 50 524
50 0 524
0 18 240
18 0 240
0 14 657
14 0 657
0 76 791
76 0 791
1 14 923
14 1 923
1 21 877
21 1 877
1 40 623
40 1 623
1 34 830
34 1 830
1 1 513
1 1 513
1 36 500
36 1 500
1 48 59
48 1 59
1 16 607
16 1 607
1 55 749
55 1 749
1 40 655
40 1 655
1 77 451
77 1 451
1 60 698
60 1 698
1 31 373
31 1 373
2 3 443
3 2 443
2 5 909
5 2 909
2 7 855
7 2 855
2 16 725
16 2 725
2 24 913
24 2 913
2 86 761
86 2 761
2 69 671
69 2 671
2 54 842
54 2 842
2 40 146
40 2 146
2 86 634
86 2 634
3 6 218
6 3 218
3 13 27
13 3 27
3 67 497
67 3 497
3 3 824
3 3 824
3 90 148
90 3 148
3 77 270
77 3 270
3 66 33
66 3 33
3 64 524
64 3 524
3 22 30
22 3 30
4 9 80
9 4 80
4 10 334
10 4 334
4 12 127
12 4 127
4 44 347
44 4 347
4 57 276
57 4 276
4 20 291
20 4 291
4 41 900
41 4 900
4 73 313
73 4 313
4 21 726
21 4 726
4 68 690
68 4 690
4 78 656
78 4 656
4 40 5
40 4 5
4 31 214
31 4 214
4 73 85
73 4 85
4 5 244
5 4 244
4 93 864
93 4 864
5 53 414
53 5 414
5 86 908
86 5 908
5 73 970
73 5 970
5 84 647
84 5 647
5 72 281
72 5 281
5 84 970
84 5 970
5 58 688
58 5 688
5 43 769
43 5 769
5 93 991
93 5 991
6 8 959
8 6 959
6 19 287
19 6 287
6 42 454
42 6 454
6 78 197
78 6 197
6 76 263
76 6 263
6 57 846
57 6 846
6 33 673
33 6 673
6 41 544
41 6 544
6 16 168
16 6 168
6 27 182
27 6 182
6 56 24
56 6 24
6 18 971
18 6 971
7 11 668
11 7 668
7 23 204
23 7 204
7 43 373
43 7 373
7 38 317
38 7 317
7 61 867
61 7 867
7 86 526
86 7 526
7 79 732
79 7 732
7 90 420
90 7 420
7 38 903
38 7 903
7 57 562
57 7 562
7 19 581
19 7 581
8 22 492
22 8 492
8 70 518
70 8 518
8 79 353
79 8 353
8 52 468
52 8 468
8 50 283
50 8 283
8 47 834
47 8 834
8 37 820
37 8 820
9 17 618
17 9 618
9 55 886
55 9 886
9 61 926
61 9 926
9 33 201
33 9 201
9 17 220
17 9 220
9 50 181
50 9 181
9 66 454
66 9 454
9 28 463
28 9 463
10 49 503
49 10 503
10 52 532
52 10 532
10 64 272
64 10 272
10 21 280
21 10 280
10 94 150
94 10 150
10 57 653
57 10 653
10 10 752
10 10 752
10 30 972
30 10 972
11 31 823
31 11 823
11 36 344
36 11 344
11 37 496
37 11 496
11 73 65
73 11 65
11 30 717
30 11 717
11 72 988
72 11 988
11 12 383
12 11 383
12 58 779
58 12 779
12 91 290
91 12 290
12 15 390
15 12 390
12 25 207
25 12 207
12 83 833
83 12 833
12 26 123
26 12 123
12 31 390
31 12 390
12 85 473
85 12 473
12 16 603
16 12 603
13 91 77
91 13 77
13 28 459
28 13 459
13 29 167
29 13 167
13 20 701
20 13 701
13 79 677
79 13 677
13 94 8
94 13 8
13 33 840
33 13 840
13 65 967
65 13 967
13 44 444
44 13 444
14 15 220
15 14 220
14 43 236
43 14 236
14 28 707
28 14 707
14 40 778
40 14 778
14 53 70
53 14 70
14 34 794
34 14 794
14 47 150
47 14 150
14 27 839
27 14 839
14 93 968
93 14 968
15 85 635
85 15 635
15 73 30
73 15 30
15 76 556
76 15 556
15 82 506
82 15 506
15 46 113
46 15 113
15 53 975
53 15 975
16 18 540
18 16 540
16 33 938
33 16 938
16 34 282
34 16 282
16 45 793
45 16 793
16 47 795
47 16 795
16 44 985
44 16 985
16 80 773
80 16 773
16 89 167
89 16 167
17 68 99
68 17 99
17 88 31
88 17 31
17 91 891
91 17 891
17 78 453
78 17 453
17 75 549
75 17 549
17 78 940
78 17 940
17 57 583
57 17 583
17 93 699
93 17 699
18 28 407
28 18 407
18 74 905
74 18 905
18 39 519
39 18 519
18 66 860
66 18 860
18 39 122
39 18 122
18 77 626
77 18 626
19 54 437
54 19 437
19 53 830
53 19 830
19 73 204
73 19 204
19 70 780
70 19 780
19 65 255
65 19 255
19 55 975
55 19 975
20 75 654
75 20 654
20 86 370
86 20 370
20 73 603
73 20 603
20 68 200
68 20 200
20 67 281
67 20 281
20 86 727
86 20 727
20 80 467
80 20 467
20 23 274
23 20 274
20 81 239
81 20 239
20 57 451
57 20 451
20 45 306
45 20 306
21 27 710
27 21 710
21 83 743
83 21 743
21 61 679
61 21 679
21 25 916
25 21 916
21 63 181
63 21 181
22 72 367
72 22 367
22 56 386
56 22 386
22 26 382
26 22 382
22 80 574
80 22 574
22 56 950
56 22 950
23 26 585
26 23 585
23 32 299
32 23 299
23 86 911
86 23 911
23 92 615
92 23 615
23 41 262
41 23 262
24 25 50
25 24 50
24 62 507
62 24 507
24 53 229
53 24 229
24 81 934
81 24 934
24 58 327
58 24 327
24 27 17
27 24 17
24 67 342
67 24 342
24 77 640
77 24 640
24 64 325
64 24 325
24 44 750
44 24 750
24 72 754
72 24 754
24 64 878
64 24 878
25 69 592
69 25 592
25 70 289
70 25 289
25 67 358
67 25 358
25 52 310
52 25 310
25 91 355
91 25 355
25 78 126
78 25 126
25 48 906
48 25 906
25 43 452
43 25 452
25 89 798
89 25 798
25 93 629
93 25 629
26 29 414
29 26 414
26 72 63
72 26 63
26 91 214
91 26 214
26 75 694
75 26 694
26 72 322
72 26 322
26 69 698
69 26 698
27 30 56
30 27 56
27 48 315
48 27 315
27 31 539
31 27 539
27 35 668
35 27 668
27 61 641
61 27 641
27 47 674
47 27 674
27 35 963
35 27 963
27 47 908
47 27 908
27 63 28
63 27 28
28 45 206
45 28 206
28 63 902
63 28 902
28 63 393
63 28 393
28 70 608
70 28 608
28 87 594
87 28 594
29 63 65
63 29 65
29 81 18
81 29 18
29 66 223
66 29 223
29 44 927
44 29 927
29 44 930
44 29 930
29 71 288
71 29 288
29 39 514
39 29 514
29 70 500
70 29 500
30 66 306
66 30 306
30 82 963
82 30 963
30 76 643
76 30 643
30 46 879
46 30 879
30 42 469
42 30 469
30 52 286
52 30 286
30 85 496
85 30 496
30 40 834
40 30 834
31 35 848
35 31 848
31 38 36
38 31 36
31 51 53
51 31 53
31 63 265
63 31 265
31 53 677
53 31 677
31 81 501
81 31 501
31 56 711
56 31 711
31 75 88
75 31 88
31 53 800
53 31 800
31 44 967
44 31 967
31 38 636
38 31 636
32 39 671
39 32 671
32 70 94
70 32 94
32 77 159
77 32 159
32 69 406
69 32 406
32 37 567
37 32 567
32 92 546
92 32 546
32 50 701
50 32 701
32 84 57
84 32 57
32 87 754
87 32 754
33 42 710
42 33 710
33 67 778
67 33 778
33 57 402
57 33 402
33 71 744
71 33 744
33 45 173
45 33 173
33 55 975
55 33 975
34 50 750
50 34 750
34 90 761
90 34 761
34 87 408
87 34 408
34 48 990
48 34 990
34 72 910
72 34 910
34 55 998
55 34 998
34 75 160
75 34 160
34 91 501
91 34 501
35 74 464
74 35 464
35 79 528
79 35 528
35 48 120
48 35 120
35 87 165
87 35 165
35 57 350
57 35 350
35 88 311
88 35 311
36 56 219
56 36 219
36 79 936
79 36 936
36 77 467
77 36 467
36 76 839
76 36 839
36 50 631
50 36 631
36 41 897
41 36 897
36 56 267
56 36 267
36 84 482
84 36 482
36 91 803
91 36 803
36 80 640
80 36 640
37 47 847
47 37 847
37 83 592
83 37 592
37 77 791
77 37 791
37 78 988
78 37 988
37 89 606
89 37 606
38 71 229
71 38 229
38 84 594
84 38 594
38 49 142
49 38 142
39 39 243
39 39 243
39 53 600
53 39 600
39 44 807
44 39 807
39 62 608
62 39 608
39 44 120
44 39 120
39 42 710
42 39 710
40 48 999
48 40 999
40 54 54
54 40 54
40 47 413
47 40 413
40 70 483
70 40 483
40 48 302
48 40 302
41 46 320
46 41 320
41 53 726
53 41 726
41 81 613
81 41 613
41 73 956
73 41 956
41 55 484
55 41 484
41 87 265
87 41 265
41 81 606
81 41 606
41 60 881
60 41 881
41 52 21
52 41 21
42 72 150
72 42 150
42 70 30
70 42 30
42 75 134
75 42 134
42 71 942
71 42 942
42 42 999
42 42 999
42 46 138
46 42 138
43 59 101
59 43 101
43 93 114
93 43 114
44 69 347
69 44 347
44 73 364
73 44 364
44 80 520
80 44 520
44 86 282
86 44 282
44 68 275
68 44 275
44 64 463
64 44 463
44 90 122
90 44 122
44 87 321
87 44 321
44 53 608
53 44 608
45 75 511
75 45 511
45 80 59
80 45 59
45 54 243
54 45 243
45 80 253
80 45 253
46 54 709
54 46 709
46 80 52
80 46 52
46 83 134
83 46 134
47 76 547
76 47 547
47 49 837
49 47 837
47 73 201
73 47 201
47 75 940
75 47 940
48 60 23
60 48 23
48 93 973
93 48 973
48 49 960
49 48 960
48 59 805
59 48 805
48 81 279
81 48 279
49 65 334
65 49 334
49 89 920
89 49 920
49 94 431
94 49 431
49 63 686
63 49 686
49 76 696
76 49 696
49 70 623
70 49 623
49 62 990
62 49 990
50 63 627
63 50 627
50 61 704
61 50 704
50 87 52
87 50 52
50 54 367
54 50 367
50 66 590
66 50 590
50 55 696
55 50 696
51 70 904
70 51 904
51 83 789
83 51 789
51 51 994
51 51 994
52 67 117
67 52 117
52 74 918
74 52 918
52 86 358
86 52 358
52 73 285
73 52 285
52 90 913
90 52 913
52 67 70
67 52 70
53 55 722
55 53 722
53 78 144
78 53 144
53 76 907
76 53 907
53 91 371
91 53 371
53 70 475
70 53 475
53 76 823
76 53 823
53 83 252
83 53 252
53 72 291
72 53 291
54 62 290
62 54 290
54 77 887
77 54 887
54 69 452
69 54 452
54 56 522
56 54 522
55 92 31
92 55 31
55 59 594
59 55 594
55 61 340
61 55 340
56 82 290
82 56 290
56 60 82
60 56 82
56 93 604
93 56 604
57 93 786
93 57 786
57 75 629
75 57 629
57 73 946
73 57 946
57 94 419
94 57 419
57 90 531
90 57 531
57 83 445
83 57 445
58 71 371
71 58 371
58 87 483
87 58 483
58 89 550
89 58 550
59 71 811
71 59 811
59 77 421
77 59 421
59 68 211
68 59 211
59 63 169
63 59 169
60 74 763
74 60 763
60 78 40
78 60 40
60 88 28
88 60 28
61 93 488
93 61 488
61 66 375
66 61 375
61 72 741
72 61 741
61 65 710
65 61 710
61 80 507
80 61 507
61 64 650
64 61 650
62 85 539
85 62 539
62 75 908
75 62 908
62 65 83
65 62 83
63 89 643
89 63 643
64 87 513
87 64 513
64 72 409
72 64 409
64 67 666
67 64 666
65 80 91
80 65 91
66 80 964
80 66 964
66 90 948
90 66 948
67 73 757
73 67 757
67 94 218
94 67 218
67 71 116
71 67 116
67 76 264
76 67 264
68 89 738
89 68 738
68 71 960
71 68 960
68 85 281
85 68 281
68 70 907
70 68 907
68 71 787
71 68 787
69 82 965
82 69 965
69 94 635
94 69 635
69 71 370
71 69 370
69 93 367
93 69 367
70 84 779
84 70 779
70 90 110
90 70 110
70 71 671
71 70 671
70 77 988
77 70 988
70 93 920
93 70 920
70 72 987
72 70 987
71 80 946
80 71 946
71 79 583
79 71 583
71 73 918
73 71 918
71 77 639
77 71 639
72 83 776
83 72 776
72 77 856
77 72 856
72 94 796
94 72 796
73 93 181
93 73 181
73 85 71
85 73 71
73 78 351
78 73 351
73 87 323
87 73 323
74 91 263
91 74 263
74 90 538
90 74 538
74 81 581
81 74 581
74 79 625
79 74 625
75 79 574
79 75 574
77 91 255
91 77 255
78 88 534
88 78 534
79 92 286
92 79 286
80 87 148
87 80 148
80 91 797
91 80 797
81 93 819
93 81 819
81 87 395
87 81 395
81 81 821
81 81 821
81 91 870
91 81 870
83 90 995
90 83 995
83 87 778
87 83 778
84 84 131
84 84 131
84 92 138
92 84 138
85 85 429
85 85 429
87 94 545
94 87 545
89 91 883
91 89 883
89 92 85
92 89 85
90 93 46
93 90 46
90 93 906
93 90 906
90 93 914
93 90 914
92 94 586
94 92 586
