86

0 1 107
1 0 107
0 2 612
2 0 612
0 5 16
5 0 16
0 9 816
9 0 816
0 21 388
21 0 388
0 23 937
23 0 937
0 54 26
54 0 26
0 60 939
60 0 939
0 85 623
85 0 623
0 43 614
43 0 614
0 52 107
52 0 107
0 46 689
46 0 689
0 42 488
42 0 488
0 38 688
38 0 688
0 85 84
85 0 84
1 13 118
13 1 118
1 14 668
14 1 668
1 59 364
59 1 364
1 2 60
2 1 60
1 21 419
21 1 419
1 67 33
67 1 33
1 67 262
67 1 262
1 1 694
1 1 694
1 14 344
14 1 344
1 39 660
39 1 660
1 22 225
22 1 225
1 19 418
19 1 418
2 3 493
3 2 493
2 6 90
6 2 90
2 16 67
16 2 67
2 50 877
50 2 877
2 37 696
37 2 696
2 27 109
27 2 109
2 50 304
50 2 304
2 72 76
72 2 76
3 4 106
4 3 106
3 7 616
7 3 616
3 8 565
8 3 565
3 11 2
11 3 2
3 33 677
33 3 677
3 67 336
67 3 336
3 47 22
47 3 22
3 30 535
30 3 535
3 72 331
72 3 331
3 34 47
34 3 47
3 77 33
77 3 33
3 13 263
13 3 263
3 62 273
62 3 273
4 20 955
20 4 955
4 47 10
47 4 10
4 82 663
82 4 663
4 26 126
26 4 126
4 85 312
85 4 312
4 16 333
16 4 333
4 60 150
60 4 150
4 38 361
38 4 361
4 17 613
17 4 613
4 54 784
54 4 784
4 21 865
21 4 865
5 35 682
35 5 682
5 39 222
39 5 222
5 35 838
35 5 838
5 78 236
78 5 236
5 81 697
81 5 697
5 37 300
37 5 300
6 36 349
36 6 349
6 19 439
19 6 439
6 57 506
57 6 506
6 13 516
13 6 516
6 67 185
67 6 185
6 46 225
46 6 225
6 31 900
31 6 900
6 17 861
17 6 861
7 15 23
15 7 23
7 26 244
26 7 244
7 65 762
65 7 762
7 38 27
38 7 27
7 53 782
53 7 782
7 38 978
38 7 978
7 38 487
38 7 487
7 19 365
19 7 365
8 57 417
57 8 417
8 8 260
8 8 260
8 75 866
75 8 866
8 62 680
62 8 680
8 50 683
50 8 683
8 27 624
27 8 624
8 52 565
52 8 565
8 53 340
53 8 340
8 75 735
75 8 735
8 33 767
33 8 767
9 10 897
10 9 897
9 25 129
25 9 129
9 67 860
67 9 860
9 85 943
85 9 943
9 18 928
18 9 928
9 67 758
67 9 758
9 9 434
9 9 434
9 52 464
52 9 464
9 67 786
67 9 786
9 56 649
56 9 649
9 79 318
79 9 318
9 30 465
30 9 465
10 34 949
34 10 949
10 85 67
85 10 67
10 39 821
39 10 821
10 11 316
11 10 316
10 13 669
13 10 669
10 19 87
19 10 87
10 24 307
24 10 307
11 12 763
12 11 763
11 27 970
27 11 970
11 42 885
42 11 885
11 71 12
71 11 12
11 46 906
46 11 906
11 42 342
42 11 342
11 60 461
60 11 461
11 74 498
74 11 498
11 53 52
53 11 52
11 24 994
24 11 994
11 52 791
52 11 791
11 19 325
19 11 325
12 70 63
70 12 63
12 72 867
72 12 867
12 35 84
35 12 84
12 18 167
18 12 167
12 33 208
33 12 208
12 57 290
57 12 290
12 78 858
78 12 858
12 79 504
79 12 504
13 18 868
18 13 868
13 24 351
24 13 351
13 44 168
44 13 168
13 47 361
47 13 361
13 83 523
83 13 523
13 45 776
45 13 776
13 38 734
38 13 734
13 18 860
18 13 860
13 58 183
58 13 183
13 48 66
48 13 66
13 25 396
25 13 396
13 62 566
62 13 566
14 17 594
17 14 594
14 34 521
34 14 521
14 58 426
58 14 426
14 44 505
44 14 505
14 38 267
38 14 267
14 82 749
82 14 749
14 35 559
35 14 559
15 22 745
22 15 745
15 28 605
28 15 605
15 67 544
67 15 544
15 41 261
41 15 261
15 67 244
67 15 244
16 19 618
19 16 618
16 30 319
30 16 319
16 68 181
68 16 181
16 33 175
33 16 175
16 73 359
73 16 359
16 16 270
16 16 270
16 30 158
30 16 158
16 82 593
82 16 593
17 38 322
38 17 322
17 43 909
43 17 909
17 33 337
33 17 337
17 46 192
46 17 192
17 64 268
64 17 268
17 20 746
20 17 746
17 32 808
32 17 808
17 24 804
24 17 804
18 32 145
32 18 145
18 56 740
56 18 740
18 81 157
81 18 157
18 82 436
82 18 436
18 68 377
68 18 377
18 66 666
66 18 666
18 34 545
34 18 545
18 49 784
49 18 784
18 52 665
52 18 665
18 36 365
36 18 365
19 68 186
68 19 186
19 30 124
30 19 124
19 71 834
71 19 834
19 76 733
76 19 733
19 45 12
45 19 12
20 46 167
46 20 167
20 20 843
20 20 843
20 51 367
51 20 367
20 26 645
26 20 645
20 85 778
85 20 778
21 40 630
40 21 630
21 38 718
38 21 718
21 69 224
69 21 224
21 24 154
24 21 154
21 77 787
77 21 787
21 25 165
25 21 165
21 26 154
26 21 154
21 31 746
31 21 746
21 45 947
45 21 947
22 37 328
37 22 328
22 52 650
52 22 650
22 64 386
64 22 386
22 36 776
36 22 776
22 28 429
28 22 429
22 41 345
41 22 345
22 56 39
56 22 39
23 29 806
29 23 806
23 77 465
77 23 465
23 26 710
26 23 710
23 83 690
83 23 690
23 75 379
75 23 379
23 71 655
71 23 655
23 49 29
49 23 29
23 34 499
34 23 499
23 57 971
57 23 971
23 76 610
76 23 610
23 68 235
68 23 235
24 46 714
46 24 714
24 32 79
32 24 79
24 47 667
47 24 667
24 72 709
72 24 709
24 26 980
26 24 980
24 72 270
72 24 270
25 26 850
26 25 850
25 68 479
68 25 479
25 81 546
81 25 546
25 27 138
27 25 138
25 63 77
63 25 77
25 78 525
78 25 525
25 50 653
50 25 653
26 51 722
51 26 722
26 77 502
77 26 502
26 37 595
37 26 595
26 82 959
82 26 959
26 53 784
53 26 784
26 39 443
39 26 443
26 63 610
63 26 610
26 34 594
34 26 594
27 32 377
32 27 377
27 73 670
73 27 670
27 41 960
41 27 960
27 56 543
56 27 543
27 78 254
78 27 254
27 28 956
28 27 956
27 52 767
52 27 767
27 74 11
74 27 11
27 47 680
47 27 680
27 63 888
63 27 888
28 48 482
48 28 482
28 79 887
79 28 887
28 35 677
35 28 677
28 49 162
49 28 162
29 33 942
33 29 942
29 41 281
41 29 281
29 49 519
49 29 519
29 83 206
83 29 206
29 61 248
61 29 248
29 56 642
56 29 642
30 31 139
31 30 139
30 40 348
40 30 348
30 60 143
60 30 143
30 80 243
80 30 243
31 66 957
66 31 957
31 77 973
77 31 973
31 35 370
35 31 370
31 75 607
75 31 607
32 74 662
74 32 662
32 42 579
42 32 579
33 82 830
82 33 830
33 72 262
72 33 262
33 34 598
34 33 598
33 65 882
65 33 882
34 66 171
66 34 171
34 41 696
41 34 696
34 56 122
56 34 122
34 66 478
66 34 478
34 66 12
66 34 12
35 66 905
66 35 905
35 69 738
69 35 738
35 83 99
83 35 99
35 62 603
62 35 603
35 62 922
62 35 922
35 62 139
62 35 139
36 48 410
48 36 410
36 47 695
47 36 695
36 46 303
46 36 303
36 54 658
54 36 658
37 61 773
61 37 773
37 45 52
45 37 52
37 60 816
60 37 816
37 56 293
56 37 293
38 82 24
82 38 24
38 62 788
62 38 788
38 52 779
52 38 779
38 39 849
39 38 849
38 56 657
56 38 657
38 50 460
50 38 460
38 48 735
48 38 735
39 63 402
63 39 402
39 73 104
73 39 104
39 49 657
49 39 657
39 76 498
76 39 498
39 66 433
66 39 433
40 64 240
64 40 240
40 44 157
44 40 157
40 83 458
83 40 458
41 62 857
62 41 857
41 81 132
81 41 132
41 60 60
60 41 60
41 60 237
60 41 237
41 85 525
85 41 525
41 74 289
74 41 289
42 49 852
49 42 852
42 80 493
80 42 493
42 53 710
53 42 710
42 76 313
76 42 313
42 75 467
75 42 467
42 68 684
68 42 684
42 74 2
74 42 2
43 67 637
67 43 637
43 57 906
57 43 906
43 58 470
58 43 470
44 45 685
45 44 685
44 83 228
83 44 228
44 61 224
61 44 224
44 66 873
66 44 873
44 85 93
85 44 93
44 47 614
47 44 614
45 78 825
78 45 825
45 71 363
71 45 363
45 57 784
57 45 784
45 69 424
69 45 424
46 55 108
55 46 108
47 53 971
53 47 971
47 60 386
60 47 386
47 79 638
79 47 638
47 57 441
57 47 441
47 72 866
72 47 866
47 75 205
75 47 205
47 65 790
65 47 790
48 64 325
64 48 325
48 79 705
79 48 705
48 71 834
71 48 834
48 83 889
83 48 889
48 64 673
64 48 673
48 51 82
51 48 82
49 51 207
51 49 207
49 67 643
67 49 643
49 68 281
68 49 281
49 68 971
68 49 971
50 76 945
76 50 945
50 60 313
60 50 313
50 51 758
51 50 758
50 54 616
54 50 616
50 55 183
55 50 183
50 68 978
68 50 978
51 80 305
80 51 305
51 81 506
81 51 506
51 60 311
60 51 311
52 73 260
73 52 260
54 55 477
55 54 477
54 75 195
75 54 195
55 74 125
74 55 125
56 61 943
61 56 943
57 80 772
80 57 772
57 73 521
73 57 521
58 75 173
75 58 173
58 65 230
65 58 230
58 85 889
85 58 889
58 69 285
69 58 285
59 69 972
69 59 972
59 77 385
77 59 385
59 72 525
72 59 525
59 83 105
83 59 105
59 74 721
74 59 721
60 84 47
84 60 47
60 70 278
70 60 278
62 72 879
72 62 879
63 70 411
70 63 411
63 73 431
73 63 431
63 79 946
79 63 946
63 68 598
68 63 598
64 78 42
78 64 42
65 72 933
72 65 933
67 70 958
70 67 958
69 84 758
84 69 758
70 80 514
80 70 514
71 75 366
75 71 366
72 78 668
78 72 668
73 79 880
79 73 880
74 84 222
84 74 222
75 77 486
77 75 486
75 84 926
84 75 926
75 82 93
82 75 93
76 82 16
82 76 16
78 84 27
84 78 27
80 82 955
82 80 955
84 84 370
84 84 370
