45

0 1 422
1 0 422
0 2 796
2 0 796
0 7 839
7 0 839
0 10 184
10 0 184
0 11 544
11 0 544
0 16 797
16 0 797
0 40 510
40 0 510
0 21 410
21 0 410
0 25 393
25 0 393
0 28 607
28 0 607
0 14 144
14 0 144
0 20 404
20 0 404
0 35 26
35 0 26
0 1 48
1 0 48
0 31 154
31 0 154
0 41 93
41 0 93
0 8 515
8 0 515
0 16 833
16 0 833
0 21 653
21 0 653
0 32 688
32 0 688
0 4 321
4 0 321
0 43 65
43 0 65
0 12 466
12 0 466
0 41 162
41 0 162
0 44 230
44 0 230
0 22 991
22 0 991
0 12 87
12 0 87
0 7 498
7 0 498
0 13 436
13 0 436
0 6 788
6 0 788
1 4 261
4 1 261
1 6 534
6 1 534
1 10 784
10 1 784
1 11 90
11 1 90
1 31 353
31 1 353
1 21 622
21 1 622
1 22 432
22 1 432
1 9 705
9 1 705
1 21 597
21 1 597
1 34 95
34 1 95
1 38 938
38 1 938
1 8 903
8 1 903
1 6 667
6 1 667
1 31 631
31 1 631
1 4 614
4 1 614
1 43 779
43 1 779
1 13 156
13 1 156
1 16 592
16 1 592
1 19 705
19 1 705
1 32 770
32 1 770
1 41 599
41 1 599
1 6 77
6 1 77
1 2 542
2 1 542
1 1 711
1 1 711
1 10 854
10 1 854
1 35 735
35 1 735
1 29 731
29 1 731
1 16 159
16 1 159
2 3 834
3 2 834
2 5 343
5 2 343
2 8 739
8 2 739
2 13 296
13 2 296
2 27 292
27 2 292
2 44 349
44 2 349
2 35 815
35 2 815
2 43 550
43 2 550
2 21 192
21 2 192
2 17 806
17 2 806
2 31 885
31 2 885
2 3 897
3 2 897
2 21 614
21 2 614
2 35 588
35 2 588
2 10 92
10 2 92
2 40 872
40 2 872
2 28 105
28 2 105
2 10 23
10 2 23
2 41 420
41 2 420
2 6 264
6 2 264
2 16 79
16 2 79
3 37 611
37 3 611
3 42 75
42 3 75
3 32 84
32 3 84
3 19 470
19 3 470
3 7 265
7 3 265
3 30 224
30 3 224
3 43 764
43 3 764
3 35 961
35 3 961
3 32 195
32 3 195
3 11 201
11 3 201
3 25 120
25 3 120
3 13 32
13 3 32
3 4 978
4 3 978
3 17 797
17 3 797
3 32 633
32 3 633
3 42 71
42 3 71
3 27 513
27 3 513
3 26 584
26 3 584
3 10 53
10 3 53
3 18 715
18 3 715
3 11 286
11 3 286
3 39 817
39 3 817
3 14 922
14 3 922
4 15 984
15 4 984
4 25 950
25 4 950
4 41 657
41 4 657
4 30 599
30 4 599
4 30 24
30 4 24
4 27 192
27 4 192
4 25 640
25 4 640
4 37 557
37 4 557
4 40 499
40 4 499
4 16 685
16 4 685
4 30 885
30 4 885
4 43 778
43 4 778
4 23 931
23 4 931
4 35 82
35 4 82
4 36 165
36 4 165
4 36 53
36 4 53
4 14 409
14 4 409
4 25 335
25 4 335
4 41 25
41 4 25
4 41 265
41 4 265
5 31 477
31 5 477
5 8 755
8 5 755
5 40 142
40 5 142
5 23 242
23 5 242
5 34 607
34 5 607
5 11 964
11 5 964
5 20 828
20 5 828
5 7 227
7 5 227
5 40 601
40 5 601
5 14 390
14 5 390
5 5 777
5 5 777
5 27 324
27 5 324
5 44 491
44 5 491
5 30 445
30 5 445
5 29 924
29 5 924
6 12 293
12 6 293
6 40 973
40 6 973
6 22 786
22 6 786
6 38 111
38 6 111
6 22 590
22 6 590
6 14 855
14 6 855
6 27 997
27 6 997
6 15 618
15 6 618
6 22 48
22 6 48
6 13 823
13 6 823
6 40 17
40 6 17
6 32 16
32 6 16
6 40 113
40 6 113
6 34 506
34 6 506
6 19 433
19 6 433
6 16 193
16 6 193
6 30 451
30 6 451
6 34 773
34 6 773
6 17 201
17 6 201
6 40 70
40 6 70
6 18 606
18 6 606
6 38 39
38 6 39
6 14 219
14 6 219
7 9 887
9 7 887
7 19 405
19 7 405
7 38 718
38 7 718
7 20 189
20 7 189
7 13 706
13 7 706
7 24 217
24 7 217
7 29 731
29 7 731
7 24 550
24 7 550
7 8 288
8 7 288
7 16 871
16 7 871
7 10 72
10 7 72
7 43 307
43 7 307
7 14 787
14 7 787
7 15 720
15 7 720
7 15 710
15 7 710
7 41 322
41 7 322
7 15 641
15 7 641
7 30 847
30 7 847
8 28 340
28 8 340
8 34 724
34 8 724
8 29 537
29 8 537
8 38 624
38 8 624
8 26 946
26 8 946
8 22 109
22 8 109
8 28 812
28 8 812
8 38 942
38 8 942
8 11 186
11 8 186
8 17 805
17 8 805
8 29 450
29 8 450
8 41 83
41 8 83
8 33 965
33 8 965
8 26 164
26 8 164
8 29 179
29 8 179
8 31 477
31 8 477
8 25 637
25 8 637
8 20 601
20 8 601
8 13 364
13 8 364
8 42 118
42 8 118
8 16 116
16 8 116
8 23 126
23 8 126
9 14 778
14 9 778
9 27 254
27 9 254
9 17 91
17 9 91
9 42 378
42 9 378
9 14 365
14 9 365
9 16 651
16 9 651
9 30 985
30 9 985
9 36 965
36 9 965
9 42 100
42 9 100
9 9 785
9 9 785
9 31 334
31 9 334
9 38 14
38 9 14
9 21 497
21 9 497
9 22 192
22 9 192
9 43 724
43 9 724
9 20 347
20 9 347
9 14 471
14 9 471
9 21 234
21 9 234
9 12 432
12 9 432
9 40 859
40 9 859
9 20 764
20 9 764
10 29 716
29 10 716
10 23 623
23 10 623
10 34 753
34 10 753
10 25 396
25 10 396
10 30 1000
30 10 1000
10 23 47
23 10 47
10 10 573
10 10 573
10 17 953
17 10 953
10 25 556
25 10 556
10 37 532
37 10 532
10 25 22
25 10 22
10 38 450
38 10 450
10 17 75
17 10 75
10 13 540
13 10 540
10 15 382
15 10 382
10 38 504
38 10 504
10 21 706
21 10 706
10 15 331
15 10 331
10 18 717
18 10 717
10 27 489
27 10 489
10 19 322
19 10 322
10 15 271
15 10 271
10 12 404
12 10 404
10 25 304
25 10 304
11 23 129
23 11 129
11 28 265
28 11 265
11 22 862
22 11 862
11 14 479
14 11 479
11 22 399
22 11 399
11 15 182
15 11 182
11 16 709
16 11 709
11 23 129
23 11 129
11 37 809
37 11 809
11 18 488
18 11 488
11 34 302
34 11 302
12 43 411
43 12 411
12 31 899
31 12 899
12 15 789
15 12 789
12 29 317
29 12 317
12 32 338
32 12 338
12 27 56
27 12 56
12 29 45
29 12 45
13 18 27
18 13 27
13 42 329
42 13 329
13 35 256
35 13 256
13 14 906
14 13 906
13 21 120
21 13 120
13 36 251
36 13 251
13 38 400
38 13 400
13 17 434
17 13 434
13 23 238
23 13 238
13 15 149
15 13 149
13 14 128
14 13 128
13 44 720
44 13 720
13 39 184
39 13 184
13 38 536
38 13 536
13 39 468
39 13 468
13 42 287
42 13 287
13 18 99
18 13 99
13 29 265
29 13 265
13 15 854
15 13 854
13 32 464
32 13 464
13 39 488
39 13 488
14 18 457
18 14 457
14 39 871
39 14 871
14 35 745
35 14 745
14 34 800
34 14 800
14 40 314
40 14 314
14 23 122
23 14 122
14 37 935
37 14 935
14 22 332
22 14 332
14 40 664
40 14 664
14 20 466
20 14 466
14 17 772
17 14 772
14 34 772
34 14 772
14 25 807
25 14 807
14 22 412
22 14 412
14 27 672
27 14 672
14 37 289
37 14 289
14 35 900
35 14 900
14 29 445
29 14 445
15 18 287
18 15 287
15 20 481
20 15 481
15 21 190
21 15 190
15 33 247
33 15 247
15 17 682
17 15 682
15 35 83
35 15 83
15 26 933
26 15 933
15 21 591
21 15 591
15 42 48
42 15 48
15 24 699
24 15 699
15 41 835
41 15 835
15 29 503
29 15 503
15 21 403
21 15 403
15 38 212
38 15 212
15 33 693
33 15 693
15 20 965
20 15 965
15 44 760
44 15 760
16 17 663
17 16 663
16 20 145
20 16 145
16 26 648
26 16 648
16 43 307
43 16 307
16 31 435
31 16 435
16 27 604
27 16 604
16 43 368
43 16 368
16 16 170
16 16 170
17 35 12
35 17 12
17 43 258
43 17 258
17 27 707
27 17 707
17 29 737
29 17 737
17 23 942
23 17 942
17 35 707
35 17 707
17 30 417
30 17 417
17 30 872
30 17 872
17 29 858
29 17 858
17 33 155
33 17 155
17 24 667
24 17 667
17 24 651
24 17 651
17 26 781
26 17 781
18 24 68
24 18 68
18 31 266
31 18 266
18 24 257
24 18 257
18 30 726
30 18 726
18 30 649
30 18 649
18 37 293
37 18 293
18 28 622
28 18 622
18 21 648
21 18 648
18 34 116
34 18 116
18 19 362
19 18 362
18 19 687
19 18 687
18 28 931
28 18 931
18 38 963
38 18 963
18 24 488
24 18 488
18 21 223
21 18 223
18 38 695
38 18 695
18 32 547
32 18 547
18 33 236
33 18 236
18 31 175
31 18 175
18 41 593
41 18 593
18 31 796
31 18 796
18 36 806
36 18 806
19 30 871
30 19 871
19 34 772
34 19 772
19 23 329
23 19 329
19 32 964
32 19 964
19 44 603
44 19 603
19 22 731
22 19 731
19 29 38
29 19 38
19 24 475
24 19 475
19 26 928
26 19 928
19 38 148
38 19 148
19 33 906
33 19 906
19 31 325
31 19 325
20 27 726
27 20 726
20 38 990
38 20 990
20 31 769
31 20 769
20 22 289
22 20 289
20 44 431
44 20 431
20 37 967
37 20 967
20 21 826
21 20 826
20 29 698
29 20 698
20 21 504
21 20 504
21 22 835
22 21 835
21 41 558
41 21 558
21 37 66
37 21 66
21 23 348
23 21 348
21 36 354
36 21 354
21 31 610
31 21 610
21 25 863
25 21 863
21 38 298
38 21 298
21 44 296
44 21 296
21 34 965
34 21 965
21 36 513
36 21 513
21 30 367
30 21 367
21 43 359
43 21 359
21 27 962
27 21 962
21 37 241
37 21 241
21 31 634
31 21 634
22 26 877
26 22 877
22 22 90
22 22 90
22 25 383
25 22 383
22 25 31
25 22 31
22 33 798
33 22 798
22 43 748
43 22 748
22 36 296
36 22 296
22 33 485
33 22 485
22 42 830
42 22 830
22 40 535
40 22 535
22 24 6
24 22 6
22 39 159
39 22 159
22 40 86
40 22 86
22 32 102
32 22 102
23 32 712
32 23 712
23 32 808
32 23 808
23 41 274
41 23 274
23 44 403
44 23 403
23 25 641
25 23 641
23 36 428
36 23 428
23 40 511
40 23 511
23 36 630
36 23 630
23 29 98
29 23 98
23 39 950
39 23 950
23 32 452
32 23 452
23 44 918
44 23 918
23 43 738
43 23 738
23 41 755
41 23 755
23 31 7
31 23 7
23 44 791
44 23 791
24 29 195
29 24 195
24 27 506
27 24 506
24 35 815
35 24 815
24 31 243
31 24 243
24 42 476
42 24 476
24 36 378
36 24 378
24 35 792
35 24 792
24 40 347
40 24 347
24 38 447
38 24 447
24 43 973
43 24 973
24 40 743
40 24 743
24 28 292
28 24 292
24 28 989
28 24 989
24 29 553
29 24 553
24 28 251
28 24 251
25 38 453
38 25 453
25 36 58
36 25 58
25 27 447
27 25 447
25 33 502
33 25 502
25 25 588
25 25 588
25 37 343
37 25 343
25 38 512
38 25 512
25 39 363
39 25 363
25 28 39
28 25 39
25 42 866
42 25 866
25 37 62
37 25 62
25 33 605
33 25 605
25 42 167
42 25 167
26 36 455
36 26 455
26 39 51
39 26 51
26 27 806
27 26 806
26 37 716
37 26 716
26 41 203
41 26 203
26 36 901
36 26 901
26 34 161
34 26 161
26 39 647
39 26 647
26 44 207
44 26 207
26 26 468
26 26 468
26 27 455
27 26 455
26 28 538
28 26 538
26 42 22
42 26 22
27 38 748
38 27 748
27 31 721
31 27 721
27 43 469
43 27 469
27 39 302
39 27 302
27 39 573
39 27 573
27 44 101
44 27 101
27 29 200
29 27 200
27 44 724
44 27 724
27 42 958
42 27 958
27 32 272
32 27 272
28 29 900
29 28 900
28 39 965
39 28 965
28 32 554
32 28 554
28 29 268
29 28 268
28 33 920
33 28 920
29 35 644
35 29 644
29 44 14
44 29 14
29 41 916
41 29 916
30 42 240
42 30 240
30 34 267
34 30 267
30 43 286
43 30 286
30 44 129
44 30 129
30 33 335
33 30 335
30 32 334
32 30 334
30 43 132
43 30 132
31 33 519
33 31 519
31 44 379
44 31 379
31 41 900
41 31 900
31 36 977
36 31 977
31 31 673
31 31 673
31 42 213
42 31 213
32 38 459
38 32 459
32 40 314
40 32 314
32 39 15
39 32 15
32 36 332
36 32 332
33 35 759
35 33 759
33 36 179
36 33 179
33 38 378
38 33 378
33 34 970
34 33 970
34 40 866
40 34 866
34 39 679
39 34 679
34 42 791
42 34 791
34 37 500
37 34 500
34 38 357
38 34 357
34 38 113
38 34 113
34 44 58
44 34 58
34 44 352
44 34 352
35 37 451
37 35 451
35 36 950
36 35 950
35 39 86
39 35 86
35 39 281
39 35 281
35 37 335
37 35 335
35 38 574
38 35 574
35 37 619
37 35 619
36 37 172
37 36 172
36 36 466
36 36 466
36 44 615
44 36 615
36 41 944
41 36 944
36 43 764
43 36 764
36 40 965
40 36 965
36 40 24
40 36 24
37 37 236
37 37 236
38 44 194
44 38 194
38 42 178
42 38 178
38 39 855
39 38 855
40 41 390
41 40 390
40 44 908
44 40 908
41 42 405
42 41 405
41 44 798
44 41 798
41 44 760
44 41 760
42 43 617
43 42 617
42 43 941
43 42 941
42 42 938
42 42 938
43 44 180
44 43 180
43 43 401
43 43 401
