61

0 1 669
1 0 669
0 2 962
2 0 962
0 3 919
3 0 919
0 5 655
5 0 655
0 42 941
42 0 941
0 6 84
6 0 84
0 0 690
0 0 690
0 3 975
3 0 975
0 18 324
18 0 324
0 11 892
11 0 892
0 48 565
48 0 565
0 59 625
59 0 625
0 37 103
37 0 103
0 12 462
12 0 462
0 20 760
20 0 760
0 2 204
2 0 204
0 5 525
5 0 525
0 31 532
31 0 532
0 38 878
38 0 878
0 45 743
45 0 743
0 13 78
13 0 78
0 19 7
19 0 7
0 39 294
39 0 294
0 55 403
55 0 403
1 39 939
39 1 939
1 59 336
59 1 336
1 54 127
54 1 127
1 21 226
21 1 226
1 50 522
50 1 522
1 52 937
52 1 937
1 47 597
47 1 597
1 39 204
39 1 204
1 33 153
33 1 153
1 21 350
21 1 350
1 32 996
32 1 996
1 14 940
14 1 940
1 4 27
4 1 27
1 38 936
38 1 936
1 55 195
55 1 195
1 10 78
10 1 78
1 47 509
47 1 509
1 24 791
24 1 791
1 58 977
58 1 977
1 45 540
45 1 540
1 36 657
36 1 657
1 42 471
42 1 471
1 52 81
52 1 81
1 9 814
9 1 814
2 33 30
33 2 30
2 16 972
16 2 972
2 42 68
42 2 68
2 30 397
30 2 397
2 46 896
46 2 896
2 13 667
13 2 667
2 33 385
33 2 385
2 54 964
54 2 964
2 21 380
21 2 380
2 49 601
49 2 601
2 25 92
25 2 92
2 30 792
30 2 792
2 19 129
19 2 129
2 38 683
38 2 683
2 26 471
26 2 471
2 45 821
45 2 821
2 10 401
10 2 401
2 55 836
55 2 836
2 10 778
10 2 778
2 26 812
26 2 812
2 7 581
7 2 581
2 53 366
53 2 366
2 46 959
46 2 959
2 40 526
40 2 526
2 12 795
12 2 795
3 4 883
4 3 883
3 6 669
6 3 669
3 40 534
40 3 534
3 29 932
29 3 932
3 35 284
35 3 284
3 59 895
59 3 895
3 50 184
50 3 184
3 50 51
50 3 51
3 36 886
36 3 886
3 15 77
15 3 77
3 25 489
25 3 489
3 8 368
8 3 368
3 47 267
47 3 267
3 52 538
52 3 538
3 15 906
15 3 906
3 26 553
26 3 553
3 53 43
53 3 43
3 53 257
53 3 257
3 42 465
42 3 465
3 40 679
40 3 679
3 28 506
28 3 506
3 5 114
5 3 114
3 9 510
9 3 510
3 34 490
34 3 490
3 22 228
22 3 228
3 46 953
46 3 953
3 9 413
9 3 413
3 48 977
48 3 977
4 10 341
10 4 341
4 22 166
22 4 166
4 28 712
28 4 712
4 52 708
52 4 708
4 28 948
28 4 948
4 29 691
29 4 691
4 8 579
8 4 579
4 19 527
19 4 527
4 34 789
34 4 789
4 33 395
33 4 395
4 57 794
57 4 794
4 42 82
42 4 82
4 16 490
16 4 490
4 58 950
58 4 950
4 8 985
8 4 985
4 22 254
22 4 254
4 21 231
21 4 231
4 57 52
57 4 52
4 6 548
6 4 548
4 49 759
49 4 759
5 8 967
8 5 967
5 9 320
9 5 320
5 11 99
11 5 99
5 12 515
12 5 515
5 13 105
13 5 105
5 36 651
36 5 651
5 15 558
15 5 558
5 29 676
29 5 676
5 21 547
21 5 547
5 44 69
44 5 69
5 22 4
22 5 4
5 26 44
26 5 44
5 14 341
14 5 341
5 15 79
15 5 79
5 21 678
21 5 678
5 38 561
38 5 561
5 44 142
44 5 142
5 40 596
40 5 596
5 14 490
14 5 490
5 6 86
6 5 86
5 57 894
57 5 894
5 6 967
6 5 967
5 27 616
27 5 616
5 59 605
59 5 605
5 6 41
6 5 41
5 23 250
23 5 250
5 20 610
20 5 610
5 39 757
39 5 757
5 19 757
19 5 757
6 7 49
7 6 49
6 56 908
56 6 908
6 23 190
23 6 190
6 13 579
13 6 579
6 60 213
60 6 213
6 23 949
23 6 949
6 19 152
19 6 152
6 48 890
48 6 890
6 29 703
29 6 703
6 42 75
42 6 75
6 26 577
26 6 577
6 23 495
23 6 495
6 45 778
45 6 778
6 8 763
8 6 763
6 23 79
23 6 79
6 45 581
45 6 581
6 26 817
26 6 817
6 16 640
16 6 640
6 14 35
14 6 35
6 41 561
41 6 561
6 22 540
22 6 540
7 27 638
27 7 638
7 35 958
35 7 958
7 18 884
18 7 884
7 37 13
37 7 13
7 41 514
41 7 514
7 13 32
13 7 32
7 49 759
49 7 759
7 38 611
38 7 611
7 52 607
52 7 607
7 39 586
39 7 586
7 53 506
53 7 506
7 43 575
43 7 575
7 59 185
59 7 185
7 23 140
23 7 140
7 29 283
29 7 283
7 16 767
16 7 767
7 53 192
53 7 192
7 44 551
44 7 551
7 57 906
57 7 906
7 42 167
42 7 167
7 29 319
29 7 319
7 16 476
16 7 476
7 58 7
58 7 7
7 51 536
51 7 536
7 49 351
49 7 351
7 36 593
36 7 593
7 29 449
29 7 449
7 54 931
54 7 931
8 15 970
15 8 970
8 16 546
16 8 546
8 51 762
51 8 762
8 44 635
44 8 635
8 28 862
28 8 862
8 39 395
39 8 395
8 9 533
9 8 533
8 27 179
27 8 179
8 33 803
33 8 803
8 36 414
36 8 414
8 57 235
57 8 235
8 51 864
51 8 864
8 10 20
10 8 20
8 22 532
22 8 532
8 52 185
52 8 185
8 17 400
17 8 400
8 57 116
57 8 116
8 55 441
55 8 441
9 45 193
45 9 193
9 13 901
13 9 901
9 47 536
47 9 536
9 27 718
27 9 718
9 30 141
30 9 141
9 40 997
40 9 997
9 49 437
49 9 437
9 60 680
60 9 680
9 50 85
50 9 85
9 59 990
59 9 990
9 34 128
34 9 128
9 17 745
17 9 745
9 24 992
24 9 992
9 39 558
39 9 558
9 53 758
53 9 758
9 34 760
34 9 760
9 11 74
11 9 74
9 59 697
59 9 697
9 59 818
59 9 818
10 19 972
19 10 972
10 24 694
24 10 694
10 30 550
30 10 550
10 29 641
29 10 641
10 22 646
22 10 646
10 45 136
45 10 136
10 55 818
55 10 818
10 58 17
58 10 17
10 41 465
41 10 465
10 16 992
16 10 992
10 50 958
50 10 958
10 17 788
17 10 788
10 48 927
48 10 927
10 49 896
49 10 896
10 15 800
15 10 800
10 42 262
42 10 262
10 49 628
49 10 628
10 15 340
15 10 340
10 21 337
21 10 337
10 34 136
34 10 136
10 11 385
11 10 385
11 14 159
14 11 159
11 31 871
31 11 871
11 32 654
32 11 654
11 42 687
42 11 687
11 56 899
56 11 899
11 14 798
14 11 798
11 41 181
41 11 181
11 27 452
27 11 452
11 60 397
60 11 397
11 31 702
31 11 702
11 38 623
38 11 623
11 18 182
18 11 182
11 18 16
18 11 16
11 42 709
42 11 709
11 37 913
37 11 913
11 27 239
27 11 239
11 50 61
50 11 61
11 29 78
29 11 78
11 57 308
57 11 308
11 49 798
49 11 798
11 36 97
36 11 97
11 35 597
35 11 597
12 17 495
17 12 495
12 18 331
18 12 331
12 25 536
25 12 536
12 25 629
25 12 629
12 49 185
49 12 185
12 30 972
30 12 972
12 52 898
52 12 898
12 16 46
16 12 46
12 26 956
26 12 956
12 26 418
26 12 418
12 30 744
30 12 744
12 32 558
32 12 558
12 50 760
50 12 760
12 28 836
28 12 836
12 13 777
13 12 777
12 12 613
12 12 613
12 58 629
58 12 629
12 44 634
44 12 634
12 16 57
16 12 57
13 49 494
49 13 494
13 58 179
58 13 179
13 24 160
24 13 160
13 18 599
18 13 599
13 43 458
43 13 458
13 32 716
32 13 716
13 20 43
20 13 43
13 56 201
56 13 201
13 48 45
48 13 45
13 40 592
40 13 592
13 35 37
35 13 37
13 57 631
57 13 631
13 40 691
40 13 691
13 49 548
49 13 548
13 21 217
21 13 217
13 53 392
53 13 392
13 59 191
59 13 191
13 39 34
39 13 34
13 47 424
47 13 424
13 31 754
31 13 754
14 23 786
23 14 786
14 49 951
49 14 951
14 34 298
34 14 298
14 43 771
43 14 771
14 15 438
15 14 438
14 45 198
45 14 198
14 34 417
34 14 417
14 26 344
26 14 344
14 26 160
26 14 160
14 35 286
35 14 286
14 47 253
47 14 253
14 20 285
20 14 285
14 22 756
22 14 756
14 21 947
21 14 947
14 29 65
29 14 65
14 55 936
55 14 936
14 50 358
50 14 358
14 22 904
22 14 904
14 23 96
23 14 96
15 24 683
24 15 683
15 38 67
38 15 67
15 34 187
34 15 187
15 30 146
30 15 146
15 55 725
55 15 725
15 40 757
40 15 757
15 31 82
31 15 82
15 22 71
22 15 71
15 21 257
21 15 257
15 36 463
36 15 463
15 55 353
55 15 353
15 15 178
15 15 178
15 55 638
55 15 638
16 19 2
19 16 2
16 21 298
21 16 298
16 31 271
31 16 271
16 18 94
18 16 94
16 21 882
21 16 882
16 33 279
33 16 279
16 32 233
32 16 233
16 32 474
32 16 474
16 24 883
24 16 883
16 30 862
30 16 862
16 33 343
33 16 343
16 59 264
59 16 264
16 18 793
18 16 793
16 28 876
28 16 876
16 59 59
59 16 59
16 56 598
56 16 598
16 39 949
39 16 949
16 17 720
17 16 720
16 47 211
47 16 211
16 19 985
19 16 985
16 17 378
17 16 378
16 44 878
44 16 878
16 28 79
28 16 79
17 20 840
20 17 840
17 30 764
30 17 764
17 50 176
50 17 176
17 35 269
35 17 269
17 33 893
33 17 893
17 59 919
59 17 919
17 32 812
32 17 812
17 19 178
19 17 178
17 59 83
59 17 83
17 35 888
35 17 888
17 53 425
53 17 425
17 42 848
42 17 848
17 60 738
60 17 738
17 41 764
41 17 764
17 22 989
22 17 989
17 25 341
25 17 341
17 45 944
45 17 944
17 17 75
17 17 75
17 36 684
36 17 684
17 39 36
39 17 36
17 23 63
23 17 63
17 53 898
53 17 898
17 49 38
49 17 38
17 33 204
33 17 204
17 52 811
52 17 811
17 23 710
23 17 710
17 29 266
29 17 266
17 35 675
35 17 675
17 42 193
42 17 193
17 50 711
50 17 711
18 37 647
37 18 647
18 53 622
53 18 622
18 34 208
34 18 208
18 24 55
24 18 55
18 37 454
37 18 454
18 38 151
38 18 151
18 46 501
46 18 501
18 23 867
23 18 867
18 33 781
33 18 781
18 18 891
18 18 891
18 49 89
49 18 89
18 30 38
30 18 38
18 41 403
41 18 403
18 41 462
41 18 462
18 31 313
31 18 313
18 57 178
57 18 178
18 50 678
50 18 678
18 49 791
49 18 791
18 46 364
46 18 364
18 45 419
45 18 419
18 24 844
24 18 844
18 35 684
35 18 684
18 19 821
19 18 821
19 32 78
32 19 78
19 34 214
34 19 214
19 35 348
35 19 348
19 41 709
41 19 709
19 53 320
53 19 320
19 42 584
42 19 584
19 52 524
52 19 524
19 30 939
30 19 939
19 26 24
26 19 24
19 34 237
34 19 237
19 53 981
53 19 981
19 26 975
26 19 975
19 42 312
42 19 312
19 36 481
36 19 481
19 23 403
23 19 403
19 27 355
27 19 355
20 26 943
26 20 943
20 41 136
41 20 136
20 37 632
37 20 632
20 37 136
37 20 136
20 21 732
21 20 732
20 25 223
25 20 223
20 50 905
50 20 905
20 31 466
31 20 466
20 50 38
50 20 38
20 45 576
45 20 576
20 46 458
46 20 458
20 54 471
54 20 471
20 24 514
24 20 514
20 60 890
60 20 890
20 44 858
44 20 858
20 42 624
42 20 624
20 24 947
24 20 947
20 24 792
24 20 792
21 23 713
23 21 713
21 29 537
29 21 537
21 54 509
54 21 509
21 30 316
30 21 316
21 50 393
50 21 393
21 27 298
27 21 298
21 44 459
44 21 459
21 24 475
24 21 475
21 54 209
54 21 209
21 60 199
60 21 199
21 29 53
29 21 53
21 48 579
48 21 579
21 26 398
26 21 398
21 36 219
36 21 219
21 57 391
57 21 391
22 35 882
35 22 882
22 59 397
59 22 397
22 23 733
23 22 733
22 55 766
55 22 766
22 35 78
35 22 78
22 29 326
29 22 326
22 30 121
30 22 121
22 48 987
48 22 987
22 40 889
40 22 889
22 33 618
33 22 618
22 35 412
35 22 412
22 25 12
25 22 12
22 46 830
46 22 830
22 29 656
29 22 656
22 54 69
54 22 69
22 27 558
27 22 558
22 41 348
41 22 348
22 32 514
32 22 514
22 31 548
31 22 548
22 45 220
45 22 220
22 48 175
48 22 175
22 52 415
52 22 415
22 37 306
37 22 306
23 42 363
42 23 363
23 26 151
26 23 151
23 35 153
35 23 153
23 29 252
29 23 252
23 51 349
51 23 349
23 56 666
56 23 666
23 57 730
57 23 730
23 42 262
42 23 262
23 44 998
44 23 998
23 41 152
41 23 152
23 27 660
27 23 660
23 49 250
49 23 250
23 46 160
46 23 160
24 32 179
32 24 179
24 44 129
44 24 129
24 48 325
48 24 325
24 32 706
32 24 706
24 44 578
44 24 578
24 57 339
57 24 339
24 33 319
33 24 319
24 40 946
40 24 946
24 50 460
50 24 460
24 30 15
30 24 15
24 32 279
32 24 279
24 25 819
25 24 819
24 50 86
50 24 86
24 58 866
58 24 866
24 58 150
58 24 150
24 57 643
57 24 643
24 44 771
44 24 771
24 36 754
36 24 754
25 45 107
45 25 107
25 46 112
46 25 112
25 26 256
26 25 256
25 38 113
38 25 113
25 54 333
54 25 333
25 34 317
34 25 317
25 35 991
35 25 991
25 52 245
52 25 245
25 27 990
27 25 990
25 56 228
56 25 228
25 49 899
49 25 899
25 50 864
50 25 864
25 37 93
37 25 93
25 51 696
51 25 696
25 48 37
48 25 37
25 52 371
52 25 371
25 32 597
32 25 597
25 42 471
42 25 471
25 49 392
49 25 392
25 52 528
52 25 528
25 59 255
59 25 255
25 53 756
53 25 756
25 57 353
57 25 353
25 33 840
33 25 840
25 38 988
38 25 988
25 54 128
54 25 128
26 42 418
42 26 418
26 47 669
47 26 669
26 36 693
36 26 693
26 40 315
40 26 315
26 57 297
57 26 297
26 29 227
29 26 227
26 49 539
49 26 539
26 53 250
53 26 250
26 51 787
51 26 787
26 31 778
31 26 778
26 55 1000
55 26 1000
26 37 400
37 26 400
26 56 397
56 26 397
26 49 724
49 26 724
26 37 361
37 26 361
27 30 773
30 27 773
27 58 779
58 27 779
27 56 413
56 27 413
27 47 916
47 27 916
27 33 776
33 27 776
27 55 955
55 27 955
27 28 183
28 27 183
27 53 743
53 27 743
27 27 242
27 27 242
27 53 30
53 27 30
28 34 291
34 28 291
28 48 888
48 28 888
28 44 739
44 28 739
28 46 643
46 28 643
28 29 86
29 28 86
28 34 572
34 28 572
28 49 850
49 28 850
28 59 554
59 28 554
28 55 272
55 28 272
28 56 176
56 28 176
28 45 237
45 28 237
28 39 266
39 28 266
29 30 469
30 29 469
29 57 79
57 29 79
29 43 831
43 29 831
29 46 24
46 29 24
29 31 647
31 29 647
29 31 551
31 29 551
29 45 165
45 29 165
29 48 875
48 29 875
29 45 843
45 29 843
29 47 999
47 29 999
29 59 33
59 29 33
29 58 851
58 29 851
29 30 778
30 29 778
29 58 108
58 29 108
29 57 497
57 29 497
29 44 757
44 29 757
29 51 87
51 29 87
29 46 186
46 29 186
30 59 38
59 30 38
30 42 534
42 30 534
30 37 857
37 30 857
30 35 748
35 30 748
30 39 906
39 30 906
30 46 29
46 30 29
30 43 496
43 30 496
30 31 968
31 30 968
30 38 289
38 30 289
31 44 715
44 31 715
31 60 765
60 31 765
31 54 332
54 31 332
31 37 540
37 31 540
31 46 986
46 31 986
31 37 183
37 31 183
31 38 890
38 31 890
32 33 460
33 32 460
32 53 599
53 32 599
32 51 584
51 32 584
32 35 102
35 32 102
32 36 81
36 32 81
32 38 556
38 32 556
33 44 963
44 33 963
33 53 825
53 33 825
33 37 350
37 33 350
33 51 735
51 33 735
33 36 284
36 33 284
33 37 28
37 33 28
33 60 374
60 33 374
33 35 947
35 33 947
33 50 776
50 33 776
33 58 89
58 33 89
34 36 385
36 34 385
34 52 430
52 34 430
34 50 967
50 34 967
34 36 802
36 34 802
34 43 38
43 34 38
34 38 613
38 34 613
34 56 120
56 34 120
34 48 83
48 34 83
34 60 647
60 34 647
34 46 306
46 34 306
35 38 668
38 35 668
35 38 34
38 35 34
35 36 500
36 35 500
35 36 398
36 35 398
35 52 116
52 35 116
35 48 366
48 35 366
35 44 222
44 35 222
35 38 769
38 35 769
35 48 763
48 35 763
36 51 946
51 36 946
36 37 958
37 36 958
36 52 964
52 36 964
36 41 768
41 36 768
36 54 382
54 36 382
36 48 445
48 36 445
36 57 450
57 36 450
36 56 340
56 36 340
36 46 116
46 36 116
36 41 229
41 36 229
36 53 624
53 36 624
37 46 997
46 37 997
37 58 694
58 37 694
37 59 764
59 37 764
37 59 453
59 37 453
37 43 716
43 37 716
37 37 671
37 37 671
38 48 791
48 38 791
38 56 246
56 38 246
38 59 78
59 38 78
38 54 140
54 38 140
38 55 174
55 38 174
38 46 821
46 38 821
38 50 235
50 38 235
38 42 313
42 38 313
38 50 75
50 38 75
38 60 813
60 38 813
39 43 10
43 39 10
39 54 941
54 39 941
39 60 806
60 39 806
39 47 748
47 39 748
39 47 237
47 39 237
39 54 778
54 39 778
39 59 976
59 39 976
39 58 150
58 39 150
40 50 634
50 40 634
40 52 703
52 40 703
40 53 436
53 40 436
40 40 924
40 40 924
40 57 851
57 40 851
40 56 424
56 40 424
40 42 117
42 40 117
40 42 260
42 40 260
40 57 514
57 40 514
40 57 62
57 40 62
40 41 128
41 40 128
40 59 239
59 40 239
41 50 622
50 41 622
41 60 952
60 41 952
41 48 618
48 41 618
41 45 750
45 41 750
41 49 27
49 41 27
42 53 291
53 42 291
42 49 17
49 42 17
42 44 748
44 42 748
42 51 884
51 42 884
42 55 597
55 42 597
42 55 23
55 42 23
42 47 409
47 42 409
42 50 70
50 42 70
42 45 381
45 42 381
42 45 902
45 42 902
43 51 72
51 43 72
43 45 626
45 43 626
43 58 785
58 43 785
43 58 545
58 43 545
43 55 781
55 43 781
43 53 501
53 43 501
43 51 335
51 43 335
44 53 281
53 44 281
44 52 780
52 44 780
44 60 42
60 44 42
44 55 209
55 44 209
45 56 906
56 45 906
45 60 783
60 45 783
45 53 489
53 45 489
45 47 254
47 45 254
45 56 991
56 45 991
45 56 979
56 45 979
45 46 629
46 45 629
46 60 909
60 46 909
46 56 334
56 46 334
46 58 954
58 46 954
46 51 978
51 46 978
46 53 390
53 46 390
46 57 419
57 46 419
46 49 122
49 46 122
47 50 708
50 47 708
47 51 184
51 47 184
47 51 81
51 47 81
47 58 442
58 47 442
47 53 593
53 47 593
47 52 83
52 47 83
48 59 369
59 48 369
48 55 134
55 48 134
48 60 470
60 48 470
48 57 142
57 48 142
49 55 233
55 49 233
49 54 173
54 49 173
49 59 634
59 49 634
50 52 502
52 50 502
50 54 109
54 50 109
50 56 655
56 50 655
50 50 837
50 50 837
50 59 562
59 50 562
51 60 822
60 51 822
51 56 291
56 51 291
52 57 102
57 52 102
53 58 735
58 53 735
53 56 227
56 53 227
53 58 60
58 53 60
53 59 196
59 53 196
54 55 592
55 54 592
54 58 190
58 54 190
54 57 430
57 54 430
54 60 855
60 54 855
55 57 335
57 55 335
55 59 819
59 55 819
55 60 311
60 55 311
55 58 733
58 55 733
57 60 612
60 57 612
58 59 842
59 58 842
59 60 343
60 59 343
