15

0 1 640
1 0 640
0 2 730
2 0 730
0 4 630
4 0 630
0 5 846
5 0 846
0 6 525
6 0 525
0 9 358
9 0 358
0 7 314
7 0 314
0 3 412
3 0 412
1 6 877
6 1 877
1 14 534
14 1 534
1 3 647
3 1 647
2 3 231
3 2 231
2 3 356
3 2 356
2 4 640
4 2 640
2 13 468
13 2 468
2 9 734
9 2 734
2 9 174
9 2 174
3 8 436
8 3 436
3 4 364
4 3 364
3 3 839
3 3 839
3 14 119
14 3 119
4 7 980
7 4 980
4 7 944
7 4 944
5 6 195
6 5 195
5 11 416
11 5 416
6 9 662
9 6 662
7 8 423
8 7 423
7 10 740
10 7 740
7 11 501
11 7 501
7 13 226
13 7 226
8 10 644
10 8 644
9 13 592
13 9 592
9 12 538
12 9 538
10 12 628
12 10 628
10 13 375
13 10 375
10 12 658
12 10 658
10 11 24
11 10 24
11 14 588
14 11 588
13 14 960
14 13 960
