53

0 1 44
1 0 44
0 3 699
3 0 699
0 42 826
42 0 826
0 1 836
1 0 836
0 52 218
52 0 218
0 44 443
44 0 443
0 35 41
35 0 41
0 40 76
40 0 76
0 28 727
28 0 727
0 10 998
10 0 998
0 26 472
26 0 472
0 32 871
32 0 871
0 12 575
12 0 575
0 7 323
7 0 323
0 24 674
24 0 674
0 2 453
2 0 453
0 50 981
50 0 981
0 20 140
20 0 140
1 2 750
2 1 750
1 5 669
5 1 669
1 7 247
7 1 247
1 40 23
40 1 23
1 30 949
30 1 949
1 37 174
37 1 174
1 22 84
22 1 84
1 9 224
9 1 224
1 45 724
45 1 724
1 5 17
5 1 17
1 43 301
43 1 301
1 27 315
27 1 315
1 38 243
38 1 243
1 13 866
13 1 866
1 15 439
15 1 439
2 6 291
6 2 291
2 21 738
21 2 738
2 49 953
49 2 953
2 8 2
8 2 2
2 22 150
22 2 150
2 13 765
13 2 765
2 39 213
39 2 213
2 43 783
43 2 783
2 38 887
38 2 887
2 3 955
3 2 955
2 17 362
17 2 362
2 9 216
9 2 216
3 4 884
4 3 884
3 44 661
44 3 661
3 44 756
44 3 756
3 31 986
31 3 986
3 34 722
34 3 722
3 26 275
26 3 275
3 4 748
4 3 748
3 43 522
43 3 522
3 11 989
11 3 989
3 26 144
26 3 144
3 35 105
35 3 105
3 11 175
11 3 175
3 4 869
4 3 869
3 33 602
33 3 602
3 19 799
19 3 799
3 46 187
46 3 187
3 21 720
21 3 720
3 51 38
51 3 38
4 14 979
14 4 979
4 18 486
18 4 486
4 29 85
29 4 85
4 52 354
52 4 354
4 47 252
47 4 252
4 28 78
28 4 78
4 5 708
5 4 708
4 13 815
13 4 815
4 13 728
13 4 728
4 35 838
35 4 838
4 31 857
31 4 857
4 13 881
13 4 881
4 36 734
36 4 734
4 7 280
7 4 280
4 8 302
8 4 302
4 6 394
6 4 394
4 42 616
42 4 616
4 8 362
8 4 362
5 8 985
8 5 985
5 32 823
32 5 823
5 28 926
28 5 926
5 46 189
46 5 189
5 11 354
11 5 354
5 27 740
27 5 740
5 23 905
23 5 905
5 44 880
44 5 880
5 6 710
6 5 710
5 7 287
7 5 287
5 45 905
45 5 905
5 40 962
40 5 962
5 23 365
23 5 365
5 33 682
33 5 682
5 47 174
47 5 174
5 30 764
30 5 764
5 30 966
30 5 966
5 22 693
22 5 693
6 24 604
24 6 604
6 43 60
43 6 60
6 10 491
10 6 491
6 40 487
40 6 487
6 28 64
28 6 64
6 47 16
47 6 16
6 23 643
23 6 643
6 34 999
34 6 999
6 29 784
29 6 784
6 13 988
13 6 988
6 29 30
29 6 30
6 31 848
31 6 848
6 21 816
21 6 816
6 19 388
19 6 388
6 18 277
18 6 277
6 31 691
31 6 691
6 8 854
8 6 854
6 32 393
32 6 393
6 15 668
15 6 668
7 10 8
10 7 8
7 15 482
15 7 482
7 16 720
16 7 720
7 23 454
23 7 454
7 35 44
35 7 44
7 20 765
20 7 765
7 12 913
12 7 913
7 43 269
43 7 269
7 39 417
39 7 417
7 11 382
11 7 382
7 43 654
43 7 654
7 27 507
27 7 507
7 50 440
50 7 440
7 42 533
42 7 533
7 40 225
40 7 225
7 9 828
9 7 828
7 37 769
37 7 769
7 26 618
26 7 618
7 26 262
26 7 262
7 50 663
50 7 663
7 27 931
27 7 931
7 36 147
36 7 147
7 31 665
31 7 665
8 9 609
9 8 609
8 20 466
20 8 466
8 28 340
28 8 340
8 17 531
17 8 531
8 19 365
19 8 365
8 33 4
33 8 4
8 34 206
34 8 206
8 45 857
45 8 857
8 14 457
14 8 457
8 14 584
14 8 584
8 9 991
9 8 991
8 16 233
16 8 233
8 42 85
42 8 85
8 36 817
36 8 817
8 23 996
23 8 996
8 42 736
42 8 736
8 46 818
46 8 818
8 39 320
39 8 320
8 28 708
28 8 708
8 35 713
35 8 713
9 11 368
11 9 368
9 39 424
39 9 424
9 36 648
36 9 648
9 37 582
37 9 582
9 23 426
23 9 426
9 10 873
10 9 873
9 16 4
16 9 4
9 42 296
42 9 296
9 48 226
48 9 226
9 34 344
34 9 344
9 48 520
48 9 520
9 39 60
39 9 60
9 43 618
43 9 618
9 17 379
17 9 379
9 47 384
47 9 384
9 50 648
50 9 648
9 9 591
9 9 591
9 28 482
28 9 482
9 11 800
11 9 800
9 49 868
49 9 868
9 13 301
13 9 301
10 26 523
26 10 523
10 24 844
24 10 844
10 46 159
46 10 159
10 48 673
48 10 673
10 35 448
35 10 448
10 15 883
15 10 883
11 12 895
12 11 895
11 31 620
31 11 620
11 43 107
43 11 107
11 41 212
41 11 212
11 12 531
12 11 531
11 33 97
33 11 97
11 44 94
44 11 94
11 50 461
50 11 461
11 34 374
34 11 374
11 47 238
47 11 238
11 11 542
11 11 542
11 25 300
25 11 300
12 13 171
13 12 171
12 27 653
27 12 653
12 30 385
30 12 385
12 32 458
32 12 458
12 35 878
35 12 878
12 14 772
14 12 772
12 21 867
21 12 867
12 41 722
41 12 722
12 26 786
26 12 786
12 17 821
17 12 821
12 33 69
33 12 69
12 27 842
27 12 842
12 20 740
20 12 740
13 15 345
15 13 345
13 22 944
22 13 944
13 22 610
22 13 610
13 50 226
50 13 226
13 42 286
42 13 286
13 47 558
47 13 558
13 44 693
44 13 693
13 38 513
38 13 513
13 43 564
43 13 564
13 35 898
35 13 898
13 46 141
46 13 141
14 41 375
41 14 375
14 42 310
42 14 310
14 45 796
45 14 796
14 50 643
50 14 643
14 36 214
36 14 214
14 52 919
52 14 919
14 27 246
27 14 246
14 19 517
19 14 517
14 19 946
19 14 946
14 32 900
32 14 900
15 17 972
17 15 972
15 19 995
19 15 995
15 30 622
30 15 622
15 23 455
23 15 455
15 41 995
41 15 995
15 22 586
22 15 586
15 31 432
31 15 432
15 46 886
46 15 886
15 17 433
17 15 433
15 19 381
19 15 381
16 27 410
27 16 410
16 30 151
30 16 151
16 42 495
42 16 495
16 21 76
21 16 76
16 25 428
25 16 428
16 49 491
49 16 491
16 50 75
50 16 75
16 47 640
47 16 640
17 31 649
31 17 649
17 51 491
51 17 491
17 27 356
27 17 356
17 47 976
47 17 976
17 45 530
45 17 530
17 44 905
44 17 905
17 36 952
36 17 952
17 49 378
49 17 378
17 17 8
17 17 8
17 24 23
24 17 23
18 25 516
25 18 516
18 26 19
26 18 19
18 34 441
34 18 441
18 51 755
51 18 755
18 49 55
49 18 55
18 40 47
40 18 47
18 35 67
35 18 67
18 52 7
52 18 7
18 29 256
29 18 256
18 18 307
18 18 307
18 45 660
45 18 660
18 46 123
46 18 123
18 35 645
35 18 645
19 22 200
22 19 200
19 42 933
42 19 933
19 43 665
43 19 665
19 47 116
47 19 116
19 24 554
24 19 554
19 21 235
21 19 235
19 52 921
52 19 921
19 31 655
31 19 655
19 36 637
36 19 637
19 47 687
47 19 687
19 28 353
28 19 353
19 49 502
49 19 502
19 51 116
51 19 116
19 34 772
34 19 772
19 37 665
37 19 665
19 42 101
42 19 101
19 26 471
26 19 471
20 31 823
31 20 823
20 36 887
36 20 887
20 48 441
48 20 441
20 42 929
42 20 929
20 22 770
22 20 770
20 36 386
36 20 386
20 46 419
46 20 419
20 33 966
33 20 966
20 29 320
29 20 320
20 31 640
31 20 640
20 33 443
33 20 443
20 35 951
35 20 951
21 51 828
51 21 828
21 51 778
51 21 778
21 39 245
39 21 245
21 42 666
42 21 666
21 45 264
45 21 264
21 22 943
22 21 943
21 42 795
42 21 795
21 23 802
23 21 802
21 35 397
35 21 397
21 41 417
41 21 417
21 35 657
35 21 657
21 45 119
45 21 119
21 34 700
34 21 700
22 33 815
33 22 815
22 34 68
34 22 68
22 29 429
29 22 429
22 31 43
31 22 43
22 30 512
30 22 512
22 22 564
22 22 564
22 28 283
28 22 283
22 43 129
43 22 129
22 34 844
34 22 844
22 35 858
35 22 858
22 38 992
38 22 992
22 47 730
47 22 730
22 39 487
39 22 487
23 27 995
27 23 995
23 50 783
50 23 783
23 49 342
49 23 342
23 28 784
28 23 784
23 52 623
52 23 623
23 52 150
52 23 150
23 27 669
27 23 669
23 30 681
30 23 681
23 47 996
47 23 996
23 42 728
42 23 728
23 36 409
36 23 409
24 48 533
48 24 533
24 28 216
28 24 216
24 29 781
29 24 781
24 28 920
28 24 920
24 26 893
26 24 893
24 50 995
50 24 995
25 38 864
38 25 864
25 31 638
31 25 638
25 26 893
26 25 893
25 40 828
40 25 828
25 28 395
28 25 395
25 28 804
28 25 804
25 50 296
50 25 296
25 40 525
40 25 525
25 30 288
30 25 288
25 34 317
34 25 317
26 36 548
36 26 548
26 29 920
29 26 920
26 44 111
44 26 111
26 52 131
52 26 131
26 26 173
26 26 173
26 45 219
45 26 219
26 45 918
45 26 918
26 51 508
51 26 508
27 44 501
44 27 501
27 31 169
31 27 169
27 41 858
41 27 858
27 32 171
32 27 171
28 40 746
40 28 746
28 34 624
34 28 624
28 38 82
38 28 82
28 36 663
36 28 663
28 46 789
46 28 789
28 29 355
29 28 355
28 30 632
30 28 632
28 28 220
28 28 220
28 49 402
49 28 402
29 52 233
52 29 233
29 33 158
33 29 158
29 39 29
39 29 29
30 35 361
35 30 361
30 39 806
39 30 806
30 44 614
44 30 614
30 42 411
42 30 411
30 38 241
38 30 241
30 36 103
36 30 103
30 43 764
43 30 764
30 34 193
34 30 193
31 38 867
38 31 867
31 34 302
34 31 302
31 39 899
39 31 899
32 41 647
41 32 647
32 45 252
45 32 252
32 34 491
34 32 491
32 41 575
41 32 575
32 42 296
42 32 296
32 50 920
50 32 920
32 42 257
42 32 257
33 36 497
36 33 497
33 46 532
46 33 532
33 35 914
35 33 914
33 40 950
40 33 950
33 44 937
44 33 937
33 52 446
52 33 446
33 39 690
39 33 690
33 49 983
49 33 983
34 50 776
50 34 776
35 37 367
37 35 367
35 49 381
49 35 381
35 48 503
48 35 503
35 36 867
36 35 867
36 37 496
37 36 496
36 47 26
47 36 26
36 38 635
38 36 635
36 41 800
41 36 800
36 37 999
37 36 999
36 48 610
48 36 610
36 51 174
51 36 174
36 52 380
52 36 380
37 39 805
39 37 805
37 42 921
42 37 921
37 47 526
47 37 526
37 43 426
43 37 426
37 42 460
42 37 460
38 44 313
44 38 313
38 51 728
51 38 728
38 49 344
49 38 344
39 49 450
49 39 450
39 43 424
43 39 424
39 47 183
47 39 183
39 40 791
40 39 791
40 41 940
41 40 940
40 49 260
49 40 260
40 51 968
51 40 968
41 44 503
44 41 503
41 51 314
51 41 314
42 49 451
49 42 451
42 46 490
46 42 490
45 46 302
46 45 302
45 51 628
51 45 628
46 50 559
50 46 559
46 51 177
51 46 177
47 49 337
49 47 337
47 49 848
49 47 848
48 51 21
51 48 21
48 51 429
51 48 429
48 49 607
49 48 607
49 52 959
52 49 959
50 52 782
52 50 782
