15

0 1 197
1 0 197
0 2 642
2 0 642
0 12 250
12 0 250
0 1 667
1 0 667
0 5 602
5 0 602
0 4 550
4 0 550
0 8 891
8 0 891
0 11 760
11 0 760
0 4 152
4 0 152
1 2 190
2 1 190
1 11 767
11 1 767
1 10 647
10 1 647
1 6 544
6 1 544
1 4 739
4 1 739
1 11 98
11 1 98
2 3 371
3 2 371
2 5 768
5 2 768
2 10 505
10 2 505
2 12 972
12 2 972
2 13 939
13 2 939
2 14 163
14 2 163
2 5 437
5 2 437
2 12 625
12 2 625
2 10 189
10 2 189
2 5 67
5 2 67
2 8 297
8 2 297
2 14 55
14 2 55
3 4 742
4 3 742
3 6 436
6 3 436
3 5 708
5 3 708
3 14 763
14 3 763
3 14 891
14 3 891
3 3 838
3 3 838
3 10 754
10 3 754
3 14 522
14 3 522
4 7 918
7 4 918
4 8 425
8 4 425
4 14 221
14 4 221
5 13 749
13 5 749
5 7 719
7 5 719
5 10 123
10 5 123
5 9 114
9 5 114
5 9 991
9 5 991
6 6 259
6 6 259
6 14 394
14 6 394
6 9 281
9 6 281
6 8 985
8 6 985
6 9 61
9 6 61
6 12 257
12 6 257
6 7 994
7 6 994
7 9 997
9 7 997
7 13 685
13 7 685
7 14 38
14 7 38
7 12 943
12 7 943
7 7 575
7 7 575
9 9 806
9 9 806
10 14 988
14 10 988
11 11 329
11 11 329
13 13 687
13 13 687
