58

0 1 836
1 0 836
0 2 111
2 0 111
0 4 242
4 0 242
0 5 957
5 0 957
0 8 246
8 0 246
0 17 137
17 0 137
0 21 221
21 0 221
0 27 731
27 0 731
0 31 959
31 0 959
0 53 138
53 0 138
0 27 256
27 0 256
0 48 446
48 0 446
0 17 287
17 0 287
0 20 108
20 0 108
0 13 687
13 0 687
0 2 104
2 0 104
0 40 260
40 0 260
1 3 925
3 1 925
1 11 833
11 1 833
1 43 72
43 1 72
1 21 103
21 1 103
1 17 6
17 1 6
1 1 668
1 1 668
1 53 424
53 1 424
2 16 701
16 2 701
2 30 566
30 2 566
2 48 407
48 2 407
2 53 623
53 2 623
2 35 782
35 2 782
2 31 305
31 2 305
2 17 577
17 2 577
2 3 748
3 2 748
2 12 358
12 2 358
2 5 2
5 2 2
3 14 712
14 3 712
3 23 135
23 3 135
3 54 174
54 3 174
3 30 926
30 3 926
3 33 674
33 3 674
3 44 590
44 3 590
3 46 608
46 3 608
3 54 403
54 3 403
4 6 738
6 4 738
4 9 700
9 4 700
4 20 862
20 4 862
4 12 278
12 4 278
4 36 719
36 4 719
4 13 55
13 4 55
4 44 128
44 4 128
4 18 907
18 4 907
4 21 623
21 4 623
4 23 72
23 4 72
4 28 597
28 4 597
4 41 547
41 4 547
5 10 240
10 5 240
5 18 886
18 5 886
5 18 109
18 5 109
5 41 508
41 5 508
5 37 237
37 5 237
5 33 434
33 5 434
5 52 922
52 5 922
5 21 249
21 5 249
5 42 916
42 5 916
6 7 297
7 6 297
6 25 444
25 6 444
6 28 940
28 6 940
6 8 795
8 6 795
6 43 820
43 6 820
6 13 481
13 6 481
6 55 68
55 6 68
6 47 214
47 6 214
7 24 135
24 7 135
7 11 307
11 7 307
7 8 926
8 7 926
8 13 301
13 8 301
8 33 533
33 8 533
8 28 891
28 8 891
8 17 697
17 8 697
8 42 383
42 8 383
8 49 222
49 8 222
8 54 294
54 8 294
8 41 81
41 8 81
9 55 311
55 9 311
9 15 451
15 9 451
9 35 311
35 9 311
9 44 816
44 9 816
9 51 959
51 9 959
9 12 227
12 9 227
9 13 841
13 9 841
10 12 945
12 10 945
10 15 80
15 10 80
10 24 594
24 10 594
10 35 973
35 10 973
10 44 629
44 10 629
10 51 350
51 10 350
10 20 300
20 10 300
10 13 932
13 10 932
10 10 446
10 10 446
11 34 618
34 11 618
11 45 751
45 11 751
11 19 722
19 11 722
11 21 380
21 11 380
12 25 613
25 12 613
12 23 694
23 12 694
12 34 23
34 12 23
12 49 512
49 12 512
12 39 31
39 12 31
12 52 902
52 12 902
12 48 325
48 12 325
12 52 101
52 12 101
13 19 803
19 13 803
13 41 738
41 13 738
13 46 915
46 13 915
13 54 414
54 13 414
13 47 466
47 13 466
13 33 839
33 13 839
13 18 265
18 13 265
13 37 131
37 13 131
13 16 801
16 13 801
14 32 919
32 14 919
14 41 190
41 14 190
14 56 440
56 14 440
14 18 183
18 14 183
14 32 282
32 14 282
14 45 792
45 14 792
14 41 589
41 14 589
14 17 825
17 14 825
15 36 741
36 15 741
15 45 835
45 15 835
15 40 393
40 15 393
15 45 135
45 15 135
15 41 880
41 15 880
15 22 261
22 15 261
15 27 976
27 15 976
15 44 278
44 15 278
16 39 778
39 16 778
16 21 312
21 16 312
16 55 327
55 16 327
16 25 220
25 16 220
16 49 377
49 16 377
16 16 42
16 16 42
17 38 542
38 17 542
17 44 680
44 17 680
17 44 630
44 17 630
17 27 757
27 17 757
17 52 316
52 17 316
17 25 517
25 17 517
17 46 596
46 17 596
17 44 170
44 17 170
18 50 607
50 18 607
18 34 490
34 18 490
18 30 398
30 18 398
19 30 107
30 19 107
19 26 461
26 19 461
19 41 116
41 19 116
19 21 596
21 19 596
19 33 922
33 19 922
20 22 576
22 20 576
20 34 416
34 20 416
20 52 640
52 20 640
20 38 780
38 20 780
20 54 684
54 20 684
20 31 482
31 20 482
20 21 225
21 20 225
20 24 366
24 20 366
20 51 493
51 20 493
21 26 771
26 21 771
21 54 589
54 21 589
21 39 613
39 21 613
21 37 260
37 21 260
22 37 388
37 22 388
22 23 246
23 22 246
23 34 412
34 23 412
23 35 444
35 23 444
23 37 761
37 23 761
23 39 420
39 23 420
24 52 772
52 24 772
24 48 344
48 24 344
24 38 164
38 24 164
24 45 408
45 24 408
25 40 253
40 25 253
25 43 579
43 25 579
25 46 678
46 25 678
25 49 911
49 25 911
25 35 39
35 25 39
25 50 761
50 25 761
25 54 960
54 25 960
25 52 355
52 25 355
26 38 291
38 26 291
26 35 185
35 26 185
26 50 385
50 26 385
27 49 939
49 27 939
27 27 222
27 27 222
27 45 894
45 27 894
28 29 747
29 28 747
28 51 438
51 28 438
28 48 255
48 28 255
28 41 48
41 28 48
28 51 50
51 28 50
28 57 910
57 28 910
29 38 571
38 29 571
29 56 317
56 29 317
29 51 465
51 29 465
29 35 240
35 29 240
30 31 565
31 30 565
30 51 142
51 30 142
30 52 598
52 30 598
31 52 760
52 31 760
31 34 856
34 31 856
32 50 215
50 32 215
32 50 364
50 32 364
33 42 669
42 33 669
33 54 720
54 33 720
34 44 741
44 34 741
34 45 299
45 34 299
34 51 964
51 34 964
35 39 691
39 35 691
35 49 491
49 35 491
35 44 915
44 35 915
35 49 949
49 35 949
36 44 231
44 36 231
36 57 890
57 36 890
36 51 33
51 36 33
37 56 212
56 37 212
37 55 2
55 37 2
37 44 429
44 37 429
38 46 918
46 38 918
38 53 174
53 38 174
38 46 940
46 38 940
38 46 894
46 38 894
38 57 779
57 38 779
39 42 648
42 39 648
39 45 963
45 39 963
40 46 274
46 40 274
41 51 401
51 41 401
41 46 187
46 41 187
41 43 441
43 41 441
41 49 335
49 41 335
42 46 245
46 42 245
43 47 911
47 43 911
43 48 17
48 43 17
43 55 298
55 43 298
44 52 125
52 44 125
44 53 913
53 44 913
44 49 267
49 44 267
44 51 293
51 44 293
45 51 682
51 45 682
45 54 355
54 45 355
45 50 603
50 45 603
46 50 860
50 46 860
46 47 715
47 46 715
46 50 718
50 46 718
47 51 110
51 47 110
49 54 644
54 49 644
51 57 347
57 51 347
53 55 160
55 53 160
