57

0 1 240
1 0 240
0 2 261
2 0 261
0 3 259
3 0 259
0 7 664
7 0 664
0 37 585
37 0 585
0 24 664
24 0 664
0 50 911
50 0 911
0 21 405
21 0 405
0 47 751
47 0 751
0 54 668
54 0 668
0 25 760
25 0 760
0 10 202
10 0 202
0 49 569
49 0 569
0 43 748
43 0 748
1 9 695
9 1 695
1 40 977
40 1 977
1 54 919
54 1 919
1 32 379
32 1 379
1 14 568
14 1 568
1 45 354
45 1 354
1 26 440
26 1 440
1 40 899
40 1 899
1 5 323
5 1 323
1 16 282
16 1 282
1 20 430
20 1 430
1 39 352
39 1 352
1 7 913
7 1 913
1 50 359
50 1 359
1 13 540
13 1 540
1 42 344
42 1 344
1 5 496
5 1 496
1 26 769
26 1 769
1 48 885
48 1 885
1 56 863
56 1 863
1 34 859
34 1 859
1 2 488
2 1 488
1 19 947
19 1 947
1 6 710
6 1 710
1 40 929
40 1 929
1 55 782
55 1 782
1 47 442
47 1 442
1 9 501
9 1 501
1 27 90
27 1 90
1 20 905
20 1 905
1 31 740
31 1 740
2 4 12
4 2 12
2 6 652
6 2 652
2 10 23
10 2 23
2 20 176
20 2 176
2 17 381
17 2 381
2 37 409
37 2 409
2 18 872
18 2 872
2 3 860
3 2 860
2 17 412
17 2 412
2 18 442
18 2 442
2 26 639
26 2 639
2 13 126
13 2 126
2 4 397
4 2 397
2 55 807
55 2 807
2 21 265
21 2 265
2 16 134
16 2 134
2 27 48
27 2 48
2 8 6
8 2 6
2 33 231
33 2 231
3 5 489
5 3 489
3 18 276
18 3 276
3 49 291
49 3 291
3 51 935
51 3 935
3 49 866
49 3 866
3 17 792
17 3 792
3 56 909
56 3 909
3 28 169
28 3 169
3 44 880
44 3 880
3 28 118
28 3 118
3 27 440
27 3 440
3 17 951
17 3 951
3 47 202
47 3 202
3 50 503
50 3 503
3 55 394
55 3 394
4 13 889
13 4 889
4 21 560
21 4 560
4 22 337
22 4 337
4 24 561
24 4 561
4 46 311
46 4 311
4 48 742
48 4 742
4 29 968
29 4 968
4 25 892
25 4 892
4 13 499
13 4 499
4 23 114
23 4 114
4 22 675
22 4 675
4 45 597
45 4 597
4 13 328
13 4 328
4 8 533
8 4 533
4 15 596
15 4 596
4 54 452
54 4 452
4 25 163
25 4 163
4 44 855
44 4 855
5 12 17
12 5 17
5 48 540
48 5 540
5 16 753
16 5 753
5 39 38
39 5 38
5 6 49
6 5 49
5 30 349
30 5 349
5 39 638
39 5 638
5 10 492
10 5 492
5 33 544
33 5 544
5 39 544
39 5 544
5 49 760
49 5 760
5 32 208
32 5 208
5 21 912
21 5 912
5 24 333
24 5 333
5 56 803
56 5 803
5 36 625
36 5 625
5 27 53
27 5 53
5 55 150
55 5 150
5 38 392
38 5 392
5 40 373
40 5 373
5 24 817
24 5 817
6 51 286
51 6 286
6 22 116
22 6 116
6 47 238
47 6 238
6 17 650
17 6 650
6 54 372
54 6 372
6 27 26
27 6 26
6 50 387
50 6 387
6 46 567
46 6 567
6 30 253
30 6 253
6 26 272
26 6 272
6 52 978
52 6 978
6 43 206
43 6 206
6 26 392
26 6 392
6 44 21
44 6 21
6 31 319
31 6 319
6 38 379
38 6 379
6 7 613
7 6 613
6 9 135
9 6 135
6 17 482
17 6 482
6 31 435
31 6 435
6 36 746
36 6 746
6 10 79
10 6 79
6 55 639
55 6 639
7 8 150
8 7 150
7 11 205
11 7 205
7 17 269
17 7 269
7 28 100
28 7 100
7 8 498
8 7 498
7 28 475
28 7 475
7 35 803
35 7 803
7 27 65
27 7 65
7 43 234
43 7 234
7 25 791
25 7 791
7 32 227
32 7 227
7 14 57
14 7 57
7 27 577
27 7 577
7 37 790
37 7 790
7 47 831
47 7 831
7 34 12
34 7 12
7 13 258
13 7 258
7 14 935
14 7 935
7 49 45
49 7 45
8 52 42
52 8 42
8 45 789
45 8 789
8 17 343
17 8 343
8 9 406
9 8 406
8 51 772
51 8 772
8 21 134
21 8 134
8 49 928
49 8 928
8 32 650
32 8 650
8 50 575
50 8 575
8 19 360
19 8 360
8 9 216
9 8 216
8 42 79
42 8 79
8 9 915
9 8 915
8 18 553
18 8 553
8 44 385
44 8 385
8 14 243
14 8 243
8 52 148
52 8 148
8 14 570
14 8 570
8 47 863
47 8 863
9 14 827
14 9 827
9 16 600
16 9 600
9 34 978
34 9 978
9 39 792
39 9 792
9 54 938
54 9 938
9 36 495
36 9 495
9 26 801
26 9 801
9 39 768
39 9 768
9 21 771
21 9 771
9 28 119
28 9 119
9 13 787
13 9 787
9 39 664
39 9 664
9 40 373
40 9 373
9 44 75
44 9 75
9 56 677
56 9 677
10 41 767
41 10 767
10 52 121
52 10 121
10 26 458
26 10 458
10 10 307
10 10 307
10 18 159
18 10 159
10 46 166
46 10 166
10 33 653
33 10 653
10 50 188
50 10 188
10 12 904
12 10 904
10 17 22
17 10 22
10 46 191
46 10 191
10 43 848
43 10 848
10 26 26
26 10 26
10 25 651
25 10 651
10 41 460
41 10 460
10 29 483
29 10 483
10 24 613
24 10 613
10 30 651
30 10 651
10 55 962
55 10 962
11 25 689
25 11 689
11 31 417
31 11 417
11 46 445
46 11 445
11 20 78
20 11 78
11 48 999
48 11 999
11 40 914
40 11 914
11 30 590
30 11 590
11 12 912
12 11 912
11 50 955
50 11 955
11 30 6
30 11 6
11 19 679
19 11 679
11 20 305
20 11 305
11 11 272
11 11 272
11 55 442
55 11 442
11 48 443
48 11 443
11 26 609
26 11 609
12 43 223
43 12 223
12 45 477
45 12 477
12 43 506
43 12 506
12 18 783
18 12 783
12 14 764
14 12 764
12 39 889
39 12 889
12 26 559
26 12 559
12 49 146
49 12 146
12 50 884
50 12 884
12 51 992
51 12 992
12 38 281
38 12 281
12 26 671
26 12 671
12 26 532
26 12 532
12 29 353
29 12 353
12 45 521
45 12 521
12 26 162
26 12 162
12 13 125
13 12 125
13 15 168
15 13 168
13 31 932
31 13 932
13 37 336
37 13 336
13 43 116
43 13 116
13 36 616
36 13 616
13 32 309
32 13 309
13 54 651
54 13 651
13 31 334
31 13 334
13 31 326
31 13 326
13 36 471
36 13 471
13 42 189
42 13 189
13 49 643
49 13 643
13 52 861
52 13 861
13 42 461
42 13 461
13 35 664
35 13 664
14 26 762
26 14 762
14 29 985
29 14 985
14 14 148
14 14 148
14 15 141
15 14 141
14 23 361
23 14 361
14 17 698
17 14 698
14 50 731
50 14 731
14 21 415
21 14 415
14 39 352
39 14 352
14 24 376
24 14 376
14 19 920
19 14 920
14 41 526
41 14 526
14 21 610
21 14 610
14 34 127
34 14 127
15 19 78
19 15 78
15 38 909
38 15 909
15 24 160
24 15 160
15 55 139
55 15 139
15 36 497
36 15 497
15 17 273
17 15 273
15 48 880
48 15 880
15 18 160
18 15 160
15 56 976
56 15 976
15 49 48
49 15 48
15 25 313
25 15 313
15 38 696
38 15 696
15 24 451
24 15 451
16 36 782
36 16 782
16 19 940
19 16 940
16 53 543
53 16 543
16 19 1000
19 16 1000
16 40 441
40 16 441
16 41 877
41 16 877
16 49 952
49 16 952
16 53 158
53 16 158
16 49 52
49 16 52
16 44 203
44 16 203
16 31 996
31 16 996
16 30 931
30 16 931
16 33 845
33 16 845
16 52 339
52 16 339
16 53 192
53 16 192
16 55 765
55 16 765
16 25 537
25 16 537
16 42 262
42 16 262
16 51 763
51 16 763
16 37 287
37 16 287
16 51 380
51 16 380
16 19 108
19 16 108
17 35 186
35 17 186
17 35 178
35 17 178
17 31 25
31 17 25
17 37 817
37 17 817
17 40 387
40 17 387
17 25 6
25 17 6
17 40 950
40 17 950
17 39 467
39 17 467
17 33 817
33 17 817
17 17 485
17 17 485
17 34 589
34 17 589
17 46 207
46 17 207
17 56 586
56 17 586
18 34 135
34 18 135
18 41 100
41 18 100
18 36 435
36 18 435
18 32 555
32 18 555
18 49 286
49 18 286
18 32 835
32 18 835
18 51 354
51 18 354
18 20 546
20 18 546
18 39 439
39 18 439
18 48 408
48 18 408
18 52 370
52 18 370
18 29 702
29 18 702
18 26 615
26 18 615
18 49 692
49 18 692
19 44 613
44 19 613
19 22 867
22 19 867
19 26 115
26 19 115
19 49 222
49 19 222
19 46 335
46 19 335
19 26 241
26 19 241
19 28 119
28 19 119
19 21 787
21 19 787
19 37 810
37 19 810
19 37 146
37 19 146
20 44 233
44 20 233
20 32 251
32 20 251
20 37 702
37 20 702
20 31 874
31 20 874
20 51 99
51 20 99
20 37 829
37 20 829
20 37 735
37 20 735
20 21 687
21 20 687
20 56 937
56 20 937
20 52 66
52 20 66
20 52 725
52 20 725
20 46 213
46 20 213
20 31 688
31 20 688
20 54 386
54 20 386
21 31 269
31 21 269
21 28 538
28 21 538
21 51 750
51 21 750
21 31 523
31 21 523
21 26 746
26 21 746
21 21 926
21 21 926
21 41 252
41 21 252
21 24 937
24 21 937
21 51 486
51 21 486
21 29 998
29 21 998
21 48 363
48 21 363
22 23 371
23 22 371
22 35 937
35 22 937
22 23 316
23 22 316
22 37 144
37 22 144
22 36 184
36 22 184
22 41 51
41 22 51
22 32 420
32 22 420
22 22 365
22 22 365
22 53 288
53 22 288
22 23 235
23 22 235
22 51 134
51 22 134
22 41 867
41 22 867
22 54 158
54 22 158
22 24 875
24 22 875
23 24 386
24 23 386
23 29 513
29 23 513
23 51 415
51 23 415
23 42 208
42 23 208
23 41 241
41 23 241
23 49 110
49 23 110
23 32 719
32 23 719
23 25 509
25 23 509
23 32 602
32 23 602
23 44 845
44 23 845
23 50 972
50 23 972
23 31 91
31 23 91
24 27 210
27 24 210
24 38 858
38 24 858
24 31 990
31 24 990
24 54 598
54 24 598
24 24 420
24 24 420
24 40 721
40 24 721
24 56 316
56 24 316
24 50 846
50 24 846
24 49 163
49 24 163
24 52 735
52 24 735
24 56 38
56 24 38
24 42 357
42 24 357
24 35 432
35 24 432
24 36 388
36 24 388
24 27 866
27 24 866
24 38 589
38 24 589
25 37 163
37 25 163
25 42 157
42 25 157
25 56 421
56 25 421
25 52 61
52 25 61
25 31 195
31 25 195
25 49 489
49 25 489
25 44 31
44 25 31
25 50 819
50 25 819
25 44 618
44 25 618
25 52 732
52 25 732
25 40 551
40 25 551
25 33 347
33 25 347
26 30 831
30 26 831
26 45 13
45 26 13
26 39 858
39 26 858
26 45 593
45 26 593
26 42 273
42 26 273
26 31 228
31 26 228
26 27 753
27 26 753
26 33 486
33 26 486
26 39 540
39 26 540
26 40 763
40 26 763
26 51 986
51 26 986
26 50 225
50 26 225
26 38 225
38 26 225
26 54 697
54 26 697
26 34 322
34 26 322
26 50 681
50 26 681
26 39 939
39 26 939
26 54 848
54 26 848
27 30 345
30 27 345
27 38 339
38 27 339
27 53 498
53 27 498
27 39 295
39 27 295
27 44 21
44 27 21
27 30 842
30 27 842
27 41 161
41 27 161
27 49 839
49 27 839
27 29 284
29 27 284
27 36 619
36 27 619
27 39 397
39 27 397
27 49 410
49 27 410
28 32 585
32 28 585
28 33 222
33 28 222
28 36 335
36 28 335
28 55 589
55 28 589
28 35 504
35 28 504
28 43 943
43 28 943
28 32 489
32 28 489
28 37 500
37 28 500
28 42 949
42 28 949
28 38 431
38 28 431
29 53 217
53 29 217
29 29 736
29 29 736
29 46 742
46 29 742
29 45 92
45 29 92
30 47 919
47 30 919
30 37 165
37 30 165
30 39 871
39 30 871
30 45 277
45 30 277
30 39 649
39 30 649
30 41 735
41 30 735
30 44 536
44 30 536
31 40 792
40 31 792
31 45 286
45 31 286
31 39 326
39 31 326
31 49 466
49 31 466
31 36 750
36 31 750
32 44 549
44 32 549
32 49 363
49 32 363
32 39 293
39 32 293
32 55 589
55 32 589
32 53 620
53 32 620
32 41 40
41 32 40
32 39 688
39 32 688
32 56 881
56 32 881
32 48 219
48 32 219
32 35 181
35 32 181
32 41 238
41 32 238
32 45 26
45 32 26
33 43 221
43 33 221
33 43 300
43 33 300
33 51 404
51 33 404
33 54 588
54 33 588
33 53 35
53 33 35
33 43 221
43 33 221
33 48 42
48 33 42
33 55 429
55 33 429
33 47 998
47 33 998
33 55 937
55 33 937
33 52 671
52 33 671
33 55 387
55 33 387
34 51 816
51 34 816
34 39 589
39 34 589
34 35 475
35 34 475
34 41 967
41 34 967
34 39 364
39 34 364
34 39 300
39 34 300
34 37 155
37 34 155
35 40 221
40 35 221
35 39 327
39 35 327
35 40 538
40 35 538
35 49 638
49 35 638
36 44 310
44 36 310
36 40 595
40 36 595
37 40 677
40 37 677
37 49 194
49 37 194
37 44 236
44 37 236
37 43 757
43 37 757
37 50 294
50 37 294
37 43 427
43 37 427
37 52 829
52 37 829
37 54 748
54 37 748
38 50 911
50 38 911
38 39 882
39 38 882
38 55 82
55 38 82
38 54 814
54 38 814
38 38 713
38 38 713
38 41 970
41 38 970
38 40 216
40 38 216
38 38 708
38 38 708
38 56 402
56 38 402
38 53 908
53 38 908
39 54 770
54 39 770
39 40 283
40 39 283
39 52 484
52 39 484
39 56 448
56 39 448
39 41 744
41 39 744
39 44 270
44 39 270
39 45 41
45 39 41
39 52 696
52 39 696
40 46 512
46 40 512
40 52 206
52 40 206
40 55 189
55 40 189
40 48 981
48 40 981
40 51 909
51 40 909
41 41 335
41 41 335
41 45 141
45 41 141
41 50 73
50 41 73
41 46 92
46 41 92
42 49 327
49 42 327
42 54 486
54 42 486
42 48 994
48 42 994
42 51 654
51 42 654
43 49 855
49 43 855
43 54 876
54 43 876
43 56 800
56 43 800
43 49 856
49 43 856
43 46 396
46 43 396
43 55 795
55 43 795
43 53 470
53 43 470
43 54 870
54 43 870
43 46 440
46 43 440
44 56 69
56 44 69
44 46 308
46 44 308
45 54 35
54 45 35
46 56 70
56 46 70
46 48 213
48 46 213
47 53 346
53 47 346
47 47 478
47 47 478
47 51 616
51 47 616
47 56 522
56 47 522
47 56 28
56 47 28
47 52 88
52 47 88
48 54 908
54 48 908
48 54 788
54 48 788
48 51 609
51 48 609
48 49 350
49 48 350
49 56 40
56 49 40
50 56 487
56 50 487
50 54 74
54 50 74
51 55 386
55 51 386
51 56 937
56 51 937
51 53 800
53 51 800
52 56 64
56 52 64
54 55 211
55 54 211
55 56 875
56 55 875
55 56 814
56 55 814
