67

0 1 512
1 0 512
0 2 355
2 0 355
0 49 634
49 0 634
0 63 960
63 0 960
0 37 868
37 0 868
0 47 316
47 0 316
0 57 522
57 0 522
0 19 653
19 0 653
0 64 459
64 0 459
0 6 610
6 0 610
0 11 140
11 0 140
0 42 671
42 0 671
0 34 169
34 0 169
0 31 859
31 0 859
0 9 772
9 0 772
0 23 127
23 0 127
0 61 955
61 0 955
0 26 696
26 0 696
0 19 494
19 0 494
1 3 585
3 1 585
1 4 881
4 1 881
1 5 232
5 1 232
1 7 834
7 1 834
1 10 477
10 1 477
1 21 428
21 1 428
1 65 388
65 1 388
1 50 48
50 1 48
1 6 291
6 1 291
1 43 611
43 1 611
1 10 319
10 1 319
1 38 593
38 1 593
1 65 263
65 1 263
1 37 665
37 1 665
1 4 988
4 1 988
1 9 216
9 1 216
1 2 392
2 1 392
1 21 56
21 1 56
1 39 219
39 1 219
1 19 981
19 1 981
1 48 680
48 1 680
1 58 601
58 1 601
1 7 816
7 1 816
1 3 992
3 1 992
1 22 502
22 1 502
1 47 628
47 1 628
1 33 302
33 1 302
1 50 771
50 1 771
1 46 706
46 1 706
2 6 302
6 2 302
2 9 633
9 2 633
2 8 708
8 2 708
2 41 781
41 2 781
2 53 190
53 2 190
2 49 643
49 2 643
2 14 195
14 2 195
2 46 234
46 2 234
2 21 159
21 2 159
2 16 16
16 2 16
2 55 265
55 2 265
2 34 444
34 2 444
2 23 199
23 2 199
2 6 181
6 2 181
2 50 586
50 2 586
2 40 840
40 2 840
2 25 906
25 2 906
2 39 882
39 2 882
2 64 527
64 2 527
2 60 936
60 2 936
3 8 404
8 3 404
3 59 959
59 3 959
3 36 651
36 3 651
3 49 823
49 3 823
3 46 129
46 3 129
3 12 147
12 3 147
3 63 183
63 3 183
3 30 309
30 3 309
3 14 547
14 3 547
3 52 528
52 3 528
3 40 789
40 3 789
3 53 9
53 3 9
3 14 436
14 3 436
3 28 133
28 3 133
3 9 849
9 3 849
3 28 863
28 3 863
3 29 75
29 3 75
4 14 344
14 4 344
4 47 497
47 4 497
4 63 503
63 4 503
4 61 820
61 4 820
4 11 48
11 4 48
4 19 257
19 4 257
4 18 363
18 4 363
4 21 740
21 4 740
4 36 659
36 4 659
4 4 247
4 4 247
4 8 310
8 4 310
4 46 297
46 4 297
4 48 310
48 4 310
4 8 18
8 4 18
4 22 528
22 4 528
4 20 289
20 4 289
4 42 481
42 4 481
4 49 1000
49 4 1000
4 55 251
55 4 251
4 47 937
47 4 937
4 6 767
6 4 767
5 16 480
16 5 480
5 17 199
17 5 199
5 32 449
32 5 449
5 58 700
58 5 700
5 61 206
61 5 206
5 53 43
53 5 43
5 30 38
30 5 38
5 27 299
27 5 299
5 54 85
54 5 85
5 16 652
16 5 652
5 43 208
43 5 208
5 22 490
22 5 490
5 33 789
33 5 789
5 39 252
39 5 252
5 40 898
40 5 898
5 29 885
29 5 885
5 44 565
44 5 565
5 7 787
7 5 787
5 51 497
51 5 497
5 19 361
19 5 361
5 30 383
30 5 383
5 38 202
38 5 202
5 31 173
31 5 173
5 50 376
50 5 376
5 15 315
15 5 315
5 6 677
6 5 677
6 25 190
25 6 190
6 43 104
43 6 104
6 65 854
65 6 854
6 13 830
13 6 830
6 57 980
57 6 980
6 60 601
60 6 601
6 11 862
11 6 862
6 49 799
49 6 799
6 30 557
30 6 557
6 24 216
24 6 216
6 48 963
48 6 963
6 53 888
53 6 888
6 18 746
18 6 746
6 49 51
49 6 51
6 27 408
27 6 408
6 47 724
47 6 724
7 23 759
23 7 759
7 36 330
36 7 330
7 64 470
64 7 470
7 54 924
54 7 924
7 19 959
19 7 959
7 37 971
37 7 971
7 11 643
11 7 643
7 10 826
10 7 826
7 30 210
30 7 210
7 46 446
46 7 446
7 18 740
18 7 740
7 44 655
44 7 655
7 64 276
64 7 276
7 14 60
14 7 60
7 16 370
16 7 370
7 58 142
58 7 142
7 50 250
50 7 250
7 18 895
18 7 895
8 11 628
11 8 628
8 57 436
57 8 436
8 30 775
30 8 775
8 45 708
45 8 708
8 8 568
8 8 568
8 46 597
46 8 597
8 29 533
29 8 533
8 32 37
32 8 37
8 60 456
60 8 456
8 54 396
54 8 396
8 21 573
21 8 573
8 29 209
29 8 209
8 28 692
28 8 692
8 29 589
29 8 589
8 28 442
28 8 442
8 41 579
41 8 579
8 15 865
15 8 865
8 36 868
36 8 868
8 61 607
61 8 607
8 34 185
34 8 185
8 10 792
10 8 792
8 15 746
15 8 746
9 13 349
13 9 349
9 14 991
14 9 991
9 36 641
36 9 641
9 18 93
18 9 93
9 47 331
47 9 331
9 59 187
59 9 187
9 58 381
58 9 381
9 28 52
28 9 52
9 54 661
54 9 661
9 9 577
9 9 577
9 36 271
36 9 271
9 10 720
10 9 720
9 29 658
29 9 658
9 35 838
35 9 838
9 42 150
42 9 150
9 62 736
62 9 736
9 51 14
51 9 14
9 61 997
61 9 997
9 63 487
63 9 487
9 60 434
60 9 434
9 31 461
31 9 461
10 18 949
18 10 949
10 30 888
30 10 888
10 31 684
31 10 684
10 38 367
38 10 367
10 45 446
45 10 446
10 63 121
63 10 121
10 47 322
47 10 322
10 49 379
49 10 379
10 55 916
55 10 916
10 64 332
64 10 332
10 20 233
20 10 233
10 18 991
18 10 991
10 49 172
49 10 172
10 11 311
11 10 311
10 65 978
65 10 978
10 63 342
63 10 342
10 58 279
58 10 279
10 29 871
29 10 871
10 27 681
27 10 681
10 64 892
64 10 892
10 22 982
22 10 982
10 37 632
37 10 632
10 33 436
33 10 436
10 10 416
10 10 416
10 24 335
24 10 335
10 49 683
49 10 683
11 12 604
12 11 604
11 24 386
24 11 386
11 59 941
59 11 941
11 54 489
54 11 489
11 47 641
47 11 641
11 14 914
14 11 914
11 38 555
38 11 555
11 42 757
42 11 757
11 65 168
65 11 168
11 17 959
17 11 959
11 43 243
43 11 243
11 18 768
18 11 768
11 32 877
32 11 877
11 12 243
12 11 243
11 51 569
51 11 569
11 17 776
17 11 776
11 59 757
59 11 757
12 28 192
28 12 192
12 63 418
63 12 418
12 45 671
45 12 671
12 60 50
60 12 50
12 18 331
18 12 331
12 29 41
29 12 41
12 37 176
37 12 176
12 50 879
50 12 879
12 23 490
23 12 490
12 35 62
35 12 62
12 38 471
38 12 471
12 19 29
19 12 29
12 23 138
23 12 138
12 28 766
28 12 766
12 45 640
45 12 640
12 20 660
20 12 660
12 52 904
52 12 904
12 50 793
50 12 793
13 15 709
15 13 709
13 19 472
19 13 472
13 20 230
20 13 230
13 54 71
54 13 71
13 14 274
14 13 274
13 50 734
50 13 734
13 63 728
63 13 728
13 64 481
64 13 481
13 61 781
61 13 781
13 58 20
58 13 20
13 42 276
42 13 276
13 22 388
22 13 388
13 29 646
29 13 646
13 38 128
38 13 128
13 52 213
52 13 213
13 63 163
63 13 163
13 58 834
58 13 834
14 62 270
62 14 270
14 34 891
34 14 891
14 37 835
37 14 835
14 29 205
29 14 205
14 32 582
32 14 582
14 57 301
57 14 301
14 39 286
39 14 286
14 56 307
56 14 307
14 40 877
40 14 877
14 56 804
56 14 804
14 59 577
59 14 577
14 16 3
16 14 3
14 23 672
23 14 672
14 26 5
26 14 5
15 53 237
53 15 237
15 54 925
54 15 925
15 25 751
25 15 751
15 64 658
64 15 658
15 17 632
17 15 632
15 25 273
25 15 273
15 30 844
30 15 844
15 50 727
50 15 727
15 15 947
15 15 947
15 30 358
30 15 358
15 60 481
60 15 481
15 54 941
54 15 941
15 26 319
26 15 319
15 24 742
24 15 742
15 40 959
40 15 959
15 43 8
43 15 8
15 54 594
54 15 594
15 18 214
18 15 214
15 65 143
65 15 143
15 35 499
35 15 499
16 34 397
34 16 397
16 37 946
37 16 946
16 40 997
40 16 997
16 29 495
29 16 495
16 61 254
61 16 254
16 57 967
57 16 967
16 53 430
53 16 430
16 41 307
41 16 307
16 16 189
16 16 189
16 41 813
41 16 813
16 57 192
57 16 192
16 25 224
25 16 224
16 50 826
50 16 826
16 34 760
34 16 760
16 42 897
42 16 897
16 40 595
40 16 595
16 35 491
35 16 491
16 16 597
16 16 597
16 28 890
28 16 890
16 43 72
43 16 72
16 45 137
45 16 137
17 26 293
26 17 293
17 65 462
65 17 462
17 22 900
22 17 900
17 61 27
61 17 27
17 39 781
39 17 781
17 54 121
54 17 121
17 26 397
26 17 397
17 25 398
25 17 398
17 25 661
25 17 661
17 53 502
53 17 502
17 30 17
30 17 17
17 32 202
32 17 202
17 65 626
65 17 626
17 39 550
39 17 550
17 38 612
38 17 612
17 41 377
41 17 377
17 46 756
46 17 756
17 19 449
19 17 449
17 26 287
26 17 287
17 52 767
52 17 767
17 45 175
45 17 175
17 22 135
22 17 135
17 62 143
62 17 143
18 26 454
26 18 454
18 44 219
44 18 219
18 20 266
20 18 266
18 37 543
37 18 543
18 18 643
18 18 643
18 65 977
65 18 977
18 22 764
22 18 764
18 59 171
59 18 171
18 19 10
19 18 10
18 20 772
20 18 772
18 19 950
19 18 950
18 46 517
46 18 517
18 40 789
40 18 789
18 51 333
51 18 333
18 47 532
47 18 532
18 37 500
37 18 500
18 41 327
41 18 327
18 55 931
55 18 931
18 22 509
22 18 509
18 24 930
24 18 930
19 56 541
56 19 541
19 62 982
62 19 982
19 47 116
47 19 116
19 50 860
50 19 860
19 66 43
66 19 43
19 41 525
41 19 525
19 40 64
40 19 64
19 27 305
27 19 305
19 23 972
23 19 972
19 24 717
24 19 717
19 33 748
33 19 748
19 46 205
46 19 205
19 46 627
46 19 627
19 45 725
45 19 725
19 22 35
22 19 35
19 60 92
60 19 92
20 22 481
22 20 481
20 44 362
44 20 362
20 66 913
66 20 913
20 26 480
26 20 480
20 40 242
40 20 242
20 41 880
41 20 880
20 28 532
28 20 532
20 23 933
23 20 933
20 21 840
21 20 840
20 59 80
59 20 80
20 35 132
35 20 132
20 38 304
38 20 304
20 48 407
48 20 407
20 63 631
63 20 631
20 65 641
65 20 641
20 22 44
22 20 44
20 62 107
62 20 107
21 27 846
27 21 846
21 27 280
27 21 280
21 23 569
23 21 569
21 62 757
62 21 757
21 58 908
58 21 908
21 29 197
29 21 197
21 24 970
24 21 970
21 51 421
51 21 421
21 28 787
28 21 787
21 40 374
40 21 374
21 32 542
32 21 542
21 21 643
21 21 643
21 27 672
27 21 672
21 56 392
56 21 392
21 43 115
43 21 115
22 55 548
55 22 548
22 29 166
29 22 166
22 58 405
58 22 405
22 51 124
51 22 124
22 63 590
63 22 590
22 32 370
32 22 370
22 31 372
31 22 372
22 62 988
62 22 988
22 32 377
32 22 377
22 63 272
63 22 272
22 29 900
29 22 900
22 27 128
27 22 128
22 42 503
42 22 503
22 51 97
51 22 97
23 29 303
29 23 303
23 33 631
33 23 631
23 50 701
50 23 701
23 55 118
55 23 118
23 44 320
44 23 320
23 48 712
48 23 712
23 65 616
65 23 616
23 62 225
62 23 225
23 42 853
42 23 853
23 36 950
36 23 950
23 40 934
40 23 934
23 58 612
58 23 612
23 25 215
25 23 215
23 37 340
37 23 340
23 26 859
26 23 859
24 25 139
25 24 139
24 27 971
27 24 971
24 47 842
47 24 842
24 29 842
29 24 842
24 26 174
26 24 174
24 32 486
32 24 486
24 45 841
45 24 841
24 40 590
40 24 590
24 24 663
24 24 663
24 34 223
34 24 223
24 47 300
47 24 300
25 48 999
48 25 999
25 44 474
44 25 474
25 47 941
47 25 941
25 66 183
66 25 183
25 25 763
25 25 763
25 48 70
48 25 70
25 40 102
40 25 102
25 47 68
47 25 68
25 35 570
35 25 570
25 41 851
41 25 851
25 34 394
34 25 394
25 66 127
66 25 127
25 31 234
31 25 234
25 65 256
65 25 256
25 46 748
46 25 748
26 39 906
39 26 906
26 60 899
60 26 899
26 60 41
60 26 41
26 49 709
49 26 709
26 53 529
53 26 529
26 47 808
47 26 808
26 26 161
26 26 161
26 59 416
59 26 416
26 47 414
47 26 414
26 45 746
45 26 746
26 51 809
51 26 809
26 65 304
65 26 304
26 33 675
33 26 675
26 49 557
49 26 557
27 42 85
42 27 85
27 36 544
36 27 544
27 65 115
65 27 115
27 33 46
33 27 46
27 52 95
52 27 95
27 60 979
60 27 979
27 60 42
60 27 42
27 37 2
37 27 2
27 63 526
63 27 526
27 52 798
52 27 798
27 32 232
32 27 232
27 49 683
49 27 683
28 43 813
43 28 813
28 43 279
43 28 279
28 31 401
31 28 401
28 35 663
35 28 663
28 62 900
62 28 900
28 44 829
44 28 829
28 37 438
37 28 438
28 45 557
45 28 557
28 64 515
64 28 515
28 52 60
52 28 60
28 60 63
60 28 63
28 33 628
33 28 628
29 51 475
51 29 475
29 35 554
35 29 554
29 58 190
58 29 190
29 41 365
41 29 365
29 43 96
43 29 96
29 54 258
54 29 258
29 66 710
66 29 710
29 61 819
61 29 819
29 49 991
49 29 991
29 37 689
37 29 689
30 54 995
54 30 995
30 65 946
65 30 946
30 36 163
36 30 163
30 40 374
40 30 374
30 43 203
43 30 203
30 37 982
37 30 982
30 60 741
60 30 741
30 37 527
37 30 527
30 43 908
43 30 908
31 56 434
56 31 434
31 34 871
34 31 871
31 62 275
62 31 275
31 31 953
31 31 953
31 63 96
63 31 96
31 44 145
44 31 145
31 63 652
63 31 652
31 53 376
53 31 376
31 52 69
52 31 69
31 38 152
38 31 152
32 48 964
48 32 964
32 48 981
48 32 981
32 59 414
59 32 414
32 57 501
57 32 501
32 66 294
66 32 294
32 55 594
55 32 594
33 35 28
35 33 28
33 49 450
49 33 450
33 58 540
58 33 540
33 61 13
61 33 13
33 43 654
43 33 654
33 51 980
51 33 980
33 62 639
62 33 639
33 46 38
46 33 38
33 63 987
63 33 987
33 56 272
56 33 272
33 42 637
42 33 637
34 41 141
41 34 141
34 46 383
46 34 383
34 38 410
38 34 410
34 60 865
60 34 865
34 60 433
60 34 433
34 63 835
63 34 835
34 45 662
45 34 662
34 66 506
66 34 506
34 66 780
66 34 780
34 46 366
46 34 366
34 39 984
39 34 984
35 42 540
42 35 540
35 44 117
44 35 117
35 59 415
59 35 415
35 52 815
52 35 815
35 44 304
44 35 304
35 54 635
54 35 635
35 59 251
59 35 251
35 36 186
36 35 186
35 52 598
52 35 598
36 46 191
46 36 191
36 36 617
36 36 617
36 45 833
45 36 833
36 48 853
48 36 853
36 51 189
51 36 189
36 62 711
62 36 711
36 46 528
46 36 528
36 51 960
51 36 960
36 43 589
43 36 589
36 59 602
59 36 602
36 51 277
51 36 277
36 43 469
43 36 469
36 47 845
47 36 845
36 42 488
42 36 488
36 52 19
52 36 19
37 64 890
64 37 890
37 56 546
56 37 546
37 62 820
62 37 820
37 43 343
43 37 343
37 53 362
53 37 362
37 66 356
66 37 356
37 40 482
40 37 482
37 58 846
58 37 846
37 59 528
59 37 528
38 63 142
63 38 142
38 51 258
51 38 258
38 43 438
43 38 438
38 42 622
42 38 622
38 43 792
43 38 792
38 59 284
59 38 284
38 51 924
51 38 924
38 60 363
60 38 363
39 52 341
52 39 341
39 46 570
46 39 570
39 43 326
43 39 326
39 53 530
53 39 530
39 40 294
40 39 294
39 51 601
51 39 601
39 41 388
41 39 388
40 47 618
47 40 618
40 43 737
43 40 737
40 46 351
46 40 351
40 58 333
58 40 333
40 49 754
49 40 754
40 43 355
43 40 355
40 42 387
42 40 387
40 57 513
57 40 513
40 51 228
51 40 228
40 53 109
53 40 109
40 42 358
42 40 358
40 51 637
51 40 637
40 51 481
51 40 481
40 60 72
60 40 72
40 58 522
58 40 522
40 44 733
44 40 733
41 49 813
49 41 813
41 61 517
61 41 517
41 51 123
51 41 123
41 60 816
60 41 816
41 44 217
44 41 217
41 60 942
60 41 942
41 52 650
52 41 650
41 46 653
46 41 653
41 44 551
44 41 551
41 55 565
55 41 565
42 47 567
47 42 567
42 60 150
60 42 150
42 51 182
51 42 182
42 59 705
59 42 705
43 51 681
51 43 681
43 50 623
50 43 623
43 64 806
64 43 806
43 44 491
44 43 491
43 63 741
63 43 741
43 54 94
54 43 94
43 65 629
65 43 629
43 55 935
55 43 935
44 57 187
57 44 187
44 61 415
61 44 415
45 49 257
49 45 257
45 47 580
47 45 580
45 53 400
53 45 400
45 62 900
62 45 900
45 62 151
62 45 151
45 53 774
53 45 774
45 54 271
54 45 271
45 66 789
66 45 789
45 60 336
60 45 336
45 54 968
54 45 968
45 46 47
46 45 47
46 56 128
56 46 128
46 47 825
47 46 825
46 60 279
60 46 279
46 57 805
57 46 805
46 47 174
47 46 174
46 62 974
62 46 974
46 60 662
60 46 662
46 58 440
58 46 440
47 56 716
56 47 716
47 66 881
66 47 881
47 62 338
62 47 338
48 62 949
62 48 949
48 58 933
58 48 933
48 55 223
55 48 223
48 63 770
63 48 770
49 57 673
57 49 673
49 59 631
59 49 631
49 65 903
65 49 903
49 66 336
66 49 336
49 57 179
57 49 179
49 57 271
57 49 271
49 63 801
63 49 801
49 52 707
52 49 707
49 53 195
53 49 195
50 52 667
52 50 667
50 64 686
64 50 686
50 51 12
51 50 12
50 62 372
62 50 372
50 60 605
60 50 605
51 64 355
64 51 355
51 59 118
59 51 118
52 64 789
64 52 789
52 56 403
56 52 403
52 62 529
62 52 529
52 62 343
62 52 343
52 63 878
63 52 878
53 55 312
55 53 312
53 64 661
64 53 661
53 62 875
62 53 875
54 57 741
57 54 741
54 61 83
61 54 83
55 57 744
57 55 744
55 57 904
57 55 904
55 62 317
62 55 317
55 66 371
66 55 371
55 66 395
66 55 395
55 60 993
60 55 993
56 61 193
61 56 193
56 66 695
66 56 695
56 62 541
62 56 541
56 65 737
65 56 737
56 58 169
58 56 169
57 66 298
66 57 298
58 66 684
66 58 684
58 59 909
59 58 909
58 59 209
59 58 209
59 61 481
61 59 481
60 62 949
62 60 949
60 65 25
65 60 25
61 66 181
66 61 181
62 66 211
66 62 211
64 66 908
66 64 908
