88

0 1 576
1 0 576
0 2 907
2 0 907
0 7 182
7 0 182
0 37 649
37 0 649
0 42 851
42 0 851
0 56 150
56 0 150
0 61 579
61 0 579
0 28 296
28 0 296
0 16 378
16 0 378
0 12 446
12 0 446
0 48 584
48 0 584
0 85 680
85 0 680
0 9 352
9 0 352
0 54 855
54 0 855
0 19 821
19 0 821
0 74 25
74 0 25
0 38 340
38 0 340
0 7 828
7 0 828
0 22 908
22 0 908
0 70 560
70 0 560
1 6 140
6 1 140
1 21 804
21 1 804
1 45 115
45 1 115
1 41 736
41 1 736
1 28 704
28 1 704
1 35 706
35 1 706
1 63 960
63 1 960
1 39 426
39 1 426
1 41 206
41 1 206
1 80 534
80 1 534
1 9 366
9 1 366
1 7 830
7 1 830
1 73 192
73 1 192
1 27 887
27 1 887
1 45 594
45 1 594
1 24 735
24 1 735
1 67 372
67 1 372
1 6 235
6 1 235
1 48 402
48 1 402
2 3 730
3 2 730
2 4 749
4 2 749
2 54 598
54 2 598
2 49 829
49 2 829
2 65 240
65 2 240
2 26 835
26 2 835
2 54 554
54 2 554
2 65 707
65 2 707
2 25 7
25 2 7
2 18 675
18 2 675
2 22 768
22 2 768
3 5 814
5 3 814
3 9 57
9 3 57
3 40 595
40 3 595
3 41 689
41 3 689
3 17 617
17 3 617
3 25 30
25 3 30
3 76 202
76 3 202
3 53 263
53 3 263
3 52 612
52 3 612
3 63 4
63 3 4
3 77 166
77 3 166
3 67 930
67 3 930
3 24 818
24 3 818
3 71 859
71 3 859
3 5 469
5 3 469
3 55 678
55 3 678
3 75 800
75 3 800
4 24 970
24 4 970
4 35 198
35 4 198
4 49 899
49 4 899
4 7 953
7 4 953
4 73 249
73 4 249
4 75 533
75 4 533
4 27 249
27 4 249
4 55 723
55 4 723
4 49 757
49 4 757
5 10 872
10 5 872
5 82 235
82 5 235
5 35 533
35 5 533
5 9 396
9 5 396
5 82 11
82 5 11
5 46 310
46 5 310
5 31 765
31 5 765
5 56 83
56 5 83
5 47 815
47 5 815
5 63 124
63 5 124
6 8 522
8 6 522
6 20 727
20 6 727
6 9 849
9 6 849
6 16 131
16 6 131
6 14 557
14 6 557
6 58 594
58 6 594
6 8 409
8 6 409
7 13 942
13 7 942
7 14 344
14 7 344
7 71 419
71 7 419
7 34 922
34 7 922
7 66 893
66 7 893
7 23 228
23 7 228
7 54 64
54 7 64
7 39 963
39 7 963
7 41 951
41 7 951
7 21 622
21 7 622
7 8 488
8 7 488
7 46 11
46 7 11
7 28 244
28 7 244
7 45 842
45 7 842
7 47 858
47 7 858
8 39 726
39 8 726
8 49 545
49 8 545
8 83 563
83 8 563
8 55 675
55 8 675
8 14 967
14 8 967
8 26 866
26 8 866
8 22 752
22 8 752
9 11 969
11 9 969
9 18 950
18 9 950
9 23 143
23 9 143
9 26 174
26 9 174
9 27 623
27 9 623
9 20 21
20 9 21
9 78 603
78 9 603
9 43 209
43 9 209
9 36 823
36 9 823
9 35 292
35 9 292
9 42 324
42 9 324
9 60 307
60 9 307
9 16 519
16 9 519
9 65 743
65 9 743
9 64 845
64 9 845
10 12 967
12 10 967
10 28 616
28 10 616
10 30 600
30 10 600
10 36 741
36 10 741
10 53 713
53 10 713
10 12 688
12 10 688
10 56 37
56 10 37
10 62 156
62 10 156
10 62 968
62 10 968
10 11 22
11 10 22
10 56 580
56 10 580
10 15 246
15 10 246
10 85 913
85 10 913
11 16 701
16 11 701
11 86 554
86 11 554
11 41 234
41 11 234
11 61 711
61 11 711
11 36 992
36 11 992
11 17 838
17 11 838
11 25 139
25 11 139
11 19 71
19 11 71
11 72 163
72 11 163
11 65 807
65 11 807
11 52 715
52 11 715
11 58 550
58 11 550
11 17 656
17 11 656
12 55 931
55 12 931
12 67 763
67 12 763
12 69 881
69 12 881
12 81 671
81 12 671
12 23 749
23 12 749
12 31 33
31 12 33
12 54 829
54 12 829
13 15 429
15 13 429
13 19 37
19 13 37
13 82 207
82 13 207
13 30 954
30 13 954
13 34 924
34 13 924
13 69 695
69 13 695
13 49 787
49 13 787
14 17 470
17 14 470
14 38 321
38 14 321
14 64 675
64 14 675
14 46 389
46 14 389
14 41 507
41 14 507
14 20 563
20 14 563
14 44 710
44 14 710
14 52 41
52 14 41
14 35 952
35 14 952
15 52 991
52 15 991
15 68 491
68 15 491
15 16 430
16 15 430
15 63 440
63 15 440
15 55 71
55 15 71
15 42 436
42 15 436
15 83 231
83 15 231
15 22 156
22 15 156
15 54 910
54 15 910
15 76 50
76 15 50
15 84 547
84 15 547
15 50 273
50 15 273
15 30 305
30 15 305
15 34 449
34 15 449
15 64 798
64 15 798
15 56 245
56 15 245
15 74 119
74 15 119
16 62 436
62 16 436
16 31 149
31 16 149
16 57 111
57 16 111
16 76 357
76 16 357
16 21 660
21 16 660
16 63 392
63 16 392
16 42 479
42 16 479
16 44 762
44 16 762
16 61 577
61 16 577
16 54 894
54 16 894
17 34 685
34 17 685
17 66 110
66 17 110
17 32 520
32 17 520
17 47 246
47 17 246
17 57 737
57 17 737
17 38 397
38 17 397
17 60 962
60 17 962
17 79 593
79 17 593
17 80 587
80 17 587
17 18 844
18 17 844
17 20 588
20 17 588
17 74 340
74 17 340
17 73 459
73 17 459
17 78 23
78 17 23
18 32 651
32 18 651
18 50 476
50 18 476
18 19 305
19 18 305
18 29 127
29 18 127
18 85 841
85 18 841
18 33 620
33 18 620
18 60 377
60 18 377
18 22 770
22 18 770
18 74 300
74 18 300
18 58 836
58 18 836
18 43 390
43 18 390
18 75 589
75 18 589
18 35 871
35 18 871
18 38 790
38 18 790
18 46 534
46 18 534
18 86 610
86 18 610
19 22 395
22 19 395
19 33 699
33 19 699
19 54 621
54 19 621
19 63 354
63 19 354
19 47 667
47 19 667
19 69 574
69 19 574
19 25 696
25 19 696
19 30 187
30 19 187
19 31 870
31 19 870
19 55 605
55 19 605
19 75 226
75 19 226
19 55 827
55 19 827
19 84 18
84 19 18
19 83 327
83 19 327
19 29 516
29 19 516
20 73 573
73 20 573
20 36 582
36 20 582
20 85 721
85 20 721
20 71 121
71 20 121
20 79 568
79 20 568
20 64 245
64 20 245
20 75 370
75 20 370
20 84 543
84 20 543
20 29 250
29 20 250
21 25 311
25 21 311
21 46 549
46 21 549
21 34 663
34 21 663
21 50 765
50 21 765
21 25 940
25 21 940
21 28 481
28 21 481
21 83 253
83 21 253
22 36 235
36 22 235
22 35 666
35 22 666
22 68 812
68 22 812
22 68 907
68 22 907
22 86 63
86 22 63
22 24 855
24 22 855
22 30 119
30 22 119
22 85 537
85 22 537
23 76 724
76 23 724
23 49 936
49 23 936
23 61 386
61 23 386
23 83 517
83 23 517
23 58 465
58 23 465
23 33 898
33 23 898
23 75 145
75 23 145
24 43 333
43 24 333
24 48 937
48 24 937
24 29 280
29 24 280
24 66 443
66 24 443
24 79 288
79 24 288
24 36 547
36 24 547
24 67 873
67 24 873
24 44 91
44 24 91
24 85 166
85 24 166
25 47 428
47 25 428
25 85 968
85 25 968
25 48 464
48 25 464
25 52 465
52 25 465
25 34 162
34 25 162
25 30 960
30 25 960
25 62 852
62 25 852
25 56 312
56 25 312
25 83 68
83 25 68
25 27 654
27 25 654
25 47 50
47 25 50
26 39 559
39 26 559
26 59 527
59 26 527
26 33 669
33 26 669
26 54 442
54 26 442
26 39 19
39 26 19
26 36 969
36 26 969
27 87 799
87 27 799
27 49 816
49 27 816
27 68 239
68 27 239
27 80 846
80 27 846
27 35 321
35 27 321
27 72 765
72 27 765
27 39 23
39 27 23
27 66 498
66 27 498
27 71 499
71 27 499
27 56 445
56 27 445
28 29 848
29 28 848
28 76 181
76 28 181
28 47 671
47 28 671
28 74 619
74 28 619
28 54 531
54 28 531
28 49 704
49 28 704
28 31 485
31 28 485
29 78 925
78 29 925
29 32 488
32 29 488
29 35 287
35 29 287
29 82 11
82 29 11
29 72 162
72 29 162
29 72 532
72 29 532
29 72 141
72 29 141
30 31 432
31 30 432
30 51 391
51 30 391
30 80 206
80 30 206
30 79 833
79 30 833
30 68 245
68 30 245
30 44 691
44 30 691
30 68 954
68 30 954
30 87 141
87 30 141
31 81 697
81 31 697
31 71 617
71 31 617
31 80 511
80 31 511
31 58 354
58 31 354
31 62 781
62 31 781
31 32 937
32 31 937
31 40 462
40 31 462
31 54 730
54 31 730
31 73 161
73 31 161
31 36 74
36 31 74
32 58 250
58 32 250
32 86 315
86 32 315
32 37 914
37 32 914
33 78 893
78 33 893
33 39 374
39 33 374
33 82 318
82 33 318
33 40 821
40 33 821
33 79 861
79 33 861
33 48 336
48 33 336
34 74 333
74 34 333
34 43 308
43 34 308
34 47 954
47 34 954
34 42 245
42 34 245
34 47 64
47 34 64
34 74 474
74 34 474
34 76 487
76 34 487
35 67 676
67 35 676
35 86 198
86 35 198
35 60 93
60 35 93
35 76 550
76 35 550
35 38 456
38 35 456
35 58 954
58 35 954
35 43 854
43 35 854
35 77 227
77 35 227
36 59 571
59 36 571
36 49 163
49 36 163
37 47 307
47 37 307
37 66 204
66 37 204
37 55 609
55 37 609
37 40 650
40 37 650
38 72 255
72 38 255
38 67 437
67 38 437
38 77 334
77 38 334
38 53 138
53 38 138
39 77 343
77 39 343
39 41 429
41 39 429
39 74 383
74 39 383
39 63 249
63 39 249
39 77 651
77 39 651
40 44 946
44 40 946
40 67 819
67 40 819
40 54 89
54 40 89
40 68 734
68 40 734
40 61 586
61 40 586
40 78 822
78 40 822
40 46 611
46 40 611
40 52 656
52 40 656
41 85 776
85 41 776
41 64 706
64 41 706
41 77 788
77 41 788
41 80 492
80 41 492
42 79 269
79 42 269
42 55 143
55 42 143
42 61 452
61 42 452
42 64 435
64 42 435
42 43 249
43 42 249
42 43 645
43 42 645
43 57 586
57 43 586
43 78 214
78 43 214
43 48 573
48 43 573
43 47 141
47 43 141
43 51 92
51 43 92
43 79 326
79 43 326
44 81 722
81 44 722
44 70 869
70 44 869
44 53 334
53 44 334
44 87 144
87 44 144
44 69 952
69 44 952
44 73 624
73 44 624
44 76 157
76 44 157
45 60 993
60 45 993
45 83 851
83 45 851
45 51 425
51 45 425
45 82 300
82 45 300
45 81 116
81 45 116
45 79 514
79 45 514
45 73 213
73 45 213
46 86 126
86 46 126
46 48 953
48 46 953
46 61 972
61 46 972
47 73 276
73 47 276
47 51 499
51 47 499
47 49 42
49 47 42
47 55 356
55 47 356
47 78 350
78 47 350
48 64 644
64 48 644
48 60 19
60 48 19
48 72 340
72 48 340
49 55 632
55 49 632
49 53 915
53 49 915
49 76 487
76 49 487
49 84 717
84 49 717
50 53 58
53 50 58
51 60 716
60 51 716
51 56 512
56 51 512
51 84 255
84 51 255
51 57 483
57 51 483
51 72 45
72 51 45
52 70 435
70 52 435
52 72 214
72 52 214
52 81 146
81 52 146
52 53 319
53 52 319
52 76 147
76 52 147
52 70 255
70 52 255
53 77 714
77 53 714
54 65 954
65 54 954
54 57 822
57 54 822
54 55 263
55 54 263
54 70 307
70 54 307
54 81 508
81 54 508
55 70 469
70 55 469
55 80 367
80 55 367
55 84 936
84 55 936
55 75 39
75 55 39
56 65 428
65 56 428
57 73 184
73 57 184
58 74 875
74 58 875
58 78 931
78 58 931
59 75 437
75 59 437
59 79 580
79 59 580
60 83 491
83 60 491
61 65 714
65 61 714
61 81 632
81 61 632
61 85 401
85 61 401
61 71 116
71 61 116
61 69 376
69 61 376
61 69 127
69 61 127
62 84 97
84 62 97
62 76 960
76 62 960
62 62 202
62 62 202
63 67 755
67 63 755
63 66 680
66 63 680
64 79 534
79 64 534
64 77 381
77 64 381
64 85 56
85 64 56
64 65 220
65 64 220
65 80 970
80 65 970
65 77 217
77 65 217
65 70 23
70 65 23
66 70 545
70 66 545
66 73 762
73 66 762
66 73 653
73 66 653
67 84 319
84 67 319
67 85 537
85 67 537
67 68 410
68 67 410
67 74 446
74 67 446
67 74 828
74 67 828
68 75 212
75 68 212
69 74 446
74 69 446
70 81 770
81 70 770
71 82 862
82 71 862
71 78 926
78 71 926
71 84 439
84 71 439
72 77 108
77 72 108
72 84 565
84 72 565
73 74 990
74 73 990
73 74 629
74 73 629
74 75 278
75 74 278
75 83 588
83 75 588
75 84 439
84 75 439
75 83 606
83 75 606
76 80 734
80 76 734
77 77 987
77 77 987
79 84 447
84 79 447
79 87 913
87 79 913
79 79 464
79 79 464
80 81 596
81 80 596
80 83 848
83 80 848
81 82 212
82 81 212
81 84 973
84 81 973
83 85 314
85 83 314
