100

0 1 414
1 0 414
0 3 355
3 0 355
0 31 766
31 0 766
0 33 942
33 0 942
0 51 126
51 0 126
0 40 892
40 0 892
0 32 71
32 0 71
0 35 582
35 0 582
0 65 647
65 0 647
0 97 765
97 0 765
0 71 894
71 0 894
0 1 407
1 0 407
0 0 907
0 0 907
0 8 281
8 0 281
1 2 528
2 1 528
1 5 742
5 1 742
1 40 574
40 1 574
1 43 236
43 1 236
1 61 295
61 1 295
1 17 797
17 1 797
1 69 624
69 1 624
1 33 487
33 1 487
1 23 857
23 1 857
1 37 938
37 1 938
1 38 577
38 1 577
1 52 518
52 1 518
2 4 894
4 2 894
2 27 640
27 2 640
2 41 915
41 2 915
2 61 572
61 2 572
2 42 610
42 2 610
2 54 880
54 2 880
2 73 713
73 2 713
2 60 502
60 2 502
2 71 992
71 2 992
2 86 485
86 2 485
3 15 998
15 3 998
3 17 9
17 3 9
3 42 119
42 3 119
3 76 626
76 3 626
3 65 450
65 3 450
3 52 332
52 3 332
3 68 594
68 3 594
3 56 281
56 3 281
3 43 517
43 3 517
3 37 515
37 3 515
3 7 610
7 3 610
3 76 394
76 3 394
3 48 173
48 3 173
3 19 952
19 3 952
3 42 126
42 3 126
4 7 251
7 4 251
4 58 289
58 4 289
4 8 142
8 4 142
4 96 534
96 4 534
4 13 968
13 4 968
4 21 931
21 4 931
4 92 216
92 4 216
4 74 460
74 4 460
5 6 342
6 5 342
5 8 635
8 5 635
5 9 952
9 5 952
5 14 572
14 5 572
5 32 989
32 5 989
5 81 768
81 5 768
5 77 504
77 5 504
5 33 184
33 5 184
5 46 532
46 5 532
5 12 619
12 5 619
5 92 494
92 5 494
5 82 178
82 5 178
5 64 816
64 5 816
5 86 382
86 5 382
5 39 145
39 5 145
6 13 219
13 6 219
6 49 624
49 6 624
6 85 885
85 6 885
6 55 645
55 6 645
6 53 439
53 6 439
6 36 795
36 6 795
6 29 344
29 6 344
7 11 632
11 7 632
7 20 947
20 7 947
7 30 612
30 7 612
7 78 338
78 7 338
7 79 569
79 7 569
7 35 417
35 7 417
7 93 825
93 7 825
7 91 229
91 7 229
7 54 509
54 7 509
7 43 139
43 7 139
7 43 316
43 7 316
8 10 908
10 8 908
8 16 948
16 8 948
8 18 975
18 8 975
8 37 761
37 8 761
8 62 28
62 8 28
8 17 907
17 8 907
8 66 162
66 8 162
8 13 115
13 8 115
8 36 504
36 8 504
8 76 13
76 8 13
8 15 707
15 8 707
8 73 659
73 8 659
8 81 942
81 8 942
8 12 523
12 8 523
9 12 887
12 9 887
9 19 922
19 9 922
9 82 199
82 9 199
9 96 523
96 9 523
9 87 395
87 9 395
9 56 762
56 9 762
9 55 812
55 9 812
9 17 201
17 9 201
9 65 845
65 9 845
9 78 957
78 9 957
9 23 337
23 9 337
9 39 620
39 9 620
9 78 534
78 9 534
9 26 384
26 9 384
9 60 852
60 9 852
10 39 59
39 10 59
10 38 35
38 10 35
10 40 28
40 10 28
10 41 992
41 10 992
10 22 861
22 10 861
10 24 346
24 10 346
10 40 116
40 10 116
11 92 894
92 11 894
11 63 565
63 11 565
11 55 405
55 11 405
11 86 173
86 11 173
12 66 280
66 12 280
12 52 938
52 12 938
12 24 987
24 12 987
12 61 195
61 12 195
12 37 388
37 12 388
12 19 536
19 12 536
12 84 603
84 12 603
12 72 612
72 12 612
12 46 181
46 12 181
13 22 236
22 13 236
13 64 798
64 13 798
13 21 486
21 13 486
13 26 276
26 13 276
13 56 5
56 13 5
13 31 899
31 13 899
14 53 808
53 14 808
14 89 435
89 14 435
14 48 934
48 14 934
14 74 549
74 14 549
14 35 675
35 14 675
14 40 601
40 14 601
14 66 872
66 14 872
14 98 668
98 14 668
14 45 958
45 14 958
15 36 6
36 15 6
15 66 633
66 15 633
15 66 159
66 15 159
15 88 430
88 15 430
15 77 752
77 15 752
16 23 68
23 16 68
16 26 855
26 16 855
16 71 886
71 16 886
16 50 491
50 16 491
16 99 547
99 16 547
16 84 718
84 16 718
16 57 449
57 16 449
16 70 124
70 16 124
16 49 758
49 16 758
16 50 871
50 16 871
16 98 64
98 16 64
16 77 474
77 16 474
16 44 301
44 16 301
17 69 141
69 17 141
17 46 987
46 17 987
17 64 191
64 17 191
17 77 372
77 17 372
17 31 667
31 17 667
17 21 646
21 17 646
17 50 215
50 17 215
17 62 44
62 17 44
17 85 786
85 17 786
18 25 341
25 18 341
18 56 327
56 18 327
18 93 234
93 18 234
18 69 808
69 18 808
18 87 621
87 18 621
18 63 110
63 18 110
18 38 267
38 18 267
18 61 821
61 18 821
19 21 206
21 19 206
19 33 997
33 19 997
19 45 399
45 19 399
19 47 490
47 19 490
19 48 794
48 19 794
19 78 934
78 19 934
19 80 436
80 19 436
19 68 610
68 19 610
19 74 519
74 19 519
20 34 584
34 20 584
20 35 412
35 20 412
20 87 581
87 20 581
20 63 232
63 20 232
20 73 673
73 20 673
20 30 82
30 20 82
20 54 367
54 20 367
20 42 570
42 20 570
20 88 254
88 20 254
20 41 794
41 20 794
20 83 33
83 20 33
20 98 655
98 20 655
20 70 325
70 20 325
21 24 283
24 21 283
21 67 485
67 21 485
21 87 684
87 21 684
21 73 715
73 21 715
21 58 622
58 21 622
21 48 456
48 21 456
21 73 512
73 21 512
21 57 562
57 21 562
21 51 703
51 21 703
22 65 81
65 22 81
22 68 815
68 22 815
22 33 573
33 22 573
22 53 238
53 22 238
22 76 403
76 22 403
22 24 214
24 22 214
22 30 734
30 22 734
23 29 618
29 23 618
23 60 626
60 23 626
23 88 326
88 23 326
23 98 499
98 23 499
23 66 663
66 23 663
23 53 663
53 23 663
23 25 449
25 23 449
23 30 86
30 23 86
23 55 846
55 23 846
23 90 650
90 23 650
23 42 590
42 23 590
24 28 605
28 24 605
24 46 180
46 24 180
24 78 171
78 24 171
24 85 405
85 24 405
24 45 701
45 24 701
24 44 39
44 24 39
24 95 868
95 24 868
24 40 419
40 24 419
24 32 28
32 24 28
25 44 332
44 25 332
25 34 183
34 25 183
25 45 182
45 25 182
25 79 31
79 25 31
25 36 602
36 25 602
25 36 149
36 25 149
25 25 587
25 25 587
25 46 484
46 25 484
25 49 668
49 25 668
25 50 450
50 25 450
25 86 638
86 25 638
26 42 667
42 26 667
26 29 912
29 26 912
26 72 858
72 26 858
26 77 998
77 26 998
26 30 384
30 26 384
26 35 702
35 26 702
26 28 20
28 26 20
26 53 873
53 26 873
27 38 381
38 27 381
27 77 196
77 27 196
27 36 393
36 27 393
27 35 503
35 27 503
27 39 796
39 27 796
28 55 858
55 28 858
28 97 297
97 28 297
28 67 330
67 28 330
28 84 878
84 28 878
28 44 30
44 28 30
28 91 917
91 28 917
28 77 241
77 28 241
29 57 737
57 29 737
29 91 867
91 29 867
29 52 841
52 29 841
29 99 784
99 29 784
29 57 212
57 29 212
29 92 980
92 29 980
29 96 349
96 29 349
30 94 343
94 30 343
30 95 463
95 30 463
30 67 257
67 30 257
30 77 10
77 30 10
30 90 463
90 30 463
30 84 907
84 30 907
30 46 941
46 30 941
30 32 662
32 30 662
30 59 679
59 30 679
30 67 962
67 30 962
31 76 34
76 31 34
31 34 450
34 31 450
31 56 85
56 31 85
31 92 310
92 31 310
31 82 584
82 31 584
31 47 519
47 31 519
31 62 467
62 31 467
31 76 363
76 31 363
32 48 988
48 32 988
32 70 124
70 32 124
32 91 370
91 32 370
32 46 299
46 32 299
32 35 364
35 32 364
32 59 715
59 32 715
32 52 287
52 32 287
32 71 243
71 32 243
32 88 560
88 32 560
33 36 146
36 33 146
33 38 333
38 33 333
33 65 794
65 33 794
33 54 156
54 33 156
33 89 733
89 33 733
33 59 301
59 33 301
33 59 195
59 33 195
33 80 424
80 33 424
34 72 151
72 34 151
34 63 612
63 34 612
34 59 220
59 34 220
34 68 301
68 34 301
34 96 232
96 34 232
34 83 922
83 34 922
34 53 373
53 34 373
34 66 205
66 34 205
35 59 296
59 35 296
35 62 765
62 35 765
35 54 194
54 35 194
35 48 153
48 35 153
35 64 62
64 35 62
35 83 938
83 35 938
35 48 15
48 35 15
36 86 883
86 36 883
36 48 900
48 36 900
36 60 519
60 36 519
36 91 497
91 36 497
36 94 995
94 36 995
36 60 731
60 36 731
36 99 685
99 36 685
37 51 660
51 37 660
37 99 76
99 37 76
37 55 244
55 37 244
37 38 158
38 37 158
38 79 222
79 38 222
38 62 887
62 38 887
38 44 434
44 38 434
38 70 314
70 38 314
38 75 347
75 38 347
38 66 324
66 38 324
38 68 942
68 38 942
39 88 604
88 39 604
39 52 625
52 39 625
39 91 634
91 39 634
39 90 44
90 39 44
40 59 18
59 40 18
40 51 202
51 40 202
40 79 302
79 40 302
40 56 23
56 40 23
40 44 545
44 40 545
40 53 542
53 40 542
40 89 890
89 40 890
40 91 845
91 40 845
41 82 204
82 41 204
41 72 410
72 41 410
41 53 884
53 41 884
41 96 402
96 41 402
42 52 732
52 42 732
42 66 908
66 42 908
42 94 177
94 42 177
42 84 893
84 42 893
42 54 672
54 42 672
43 99 543
99 43 543
43 98 578
98 43 578
43 66 39
66 43 39
43 54 527
54 43 527
43 94 509
94 43 509
43 48 966
48 43 966
44 74 210
74 44 210
44 64 851
64 44 851
44 70 114
70 44 114
44 86 48
86 44 48
44 61 97
61 44 97
44 64 809
64 44 809
44 93 94
93 44 94
45 54 799
54 45 799
45 63 611
63 45 611
45 51 385
51 45 385
45 62 696
62 45 696
45 47 755
47 45 755
45 82 392
82 45 392
46 50 635
50 46 635
46 75 524
75 46 524
46 72 929
72 46 929
46 61 284
61 46 284
46 71 939
71 46 939
47 95 317
95 47 317
47 57 756
57 47 756
47 94 636
94 47 636
47 62 876
62 47 876
47 92 945
92 47 945
47 71 2
71 47 2
47 72 685
72 47 685
48 74 725
74 48 725
48 78 949
78 48 949
48 96 924
96 48 924
48 90 986
90 48 986
48 68 483
68 48 483
49 57 709
57 49 709
49 50 374
50 49 374
49 52 822
52 49 822
49 68 902
68 49 902
49 94 616
94 49 616
49 58 494
58 49 494
49 87 386
87 49 386
49 75 5
75 49 5
49 79 391
79 49 391
49 72 656
72 49 656
49 60 661
60 49 661
50 52 133
52 50 133
50 76 94
76 50 94
50 87 848
87 50 848
50 59 371
59 50 371
51 62 502
62 51 502
51 54 308
54 51 308
52 77 451
77 52 451
52 62 922
62 52 922
52 67 917
67 52 917
52 80 398
80 52 398
52 59 980
59 52 980
52 79 690
79 52 690
53 68 332
68 53 332
53 58 442
58 53 442
53 92 701
92 53 701
53 84 534
84 53 534
54 86 22
86 54 22
54 77 912
77 54 912
54 56 880
56 54 880
54 92 370
92 54 370
55 75 529
75 55 529
55 76 511
76 55 511
55 67 863
67 55 863
55 73 262
73 55 262
55 84 188
84 55 188
56 90 230
90 56 230
56 70 719
70 56 719
56 90 66
90 56 66
57 86 644
86 57 644
57 87 958
87 57 958
57 73 270
73 57 270
57 88 392
88 57 392
58 95 294
95 58 294
59 92 652
92 59 652
59 65 230
65 59 230
59 68 278
68 59 278
59 94 868
94 59 868
59 98 295
98 59 295
59 89 542
89 59 542
59 82 838
82 59 838
60 79 521
79 60 521
60 88 816
88 60 816
60 95 258
95 60 258
60 87 776
87 60 776
60 86 417
86 60 417
61 84 852
84 61 852
62 88 345
88 62 345
62 93 838
93 62 838
62 63 156
63 62 156
62 68 602
68 62 602
63 73 459
73 63 459
63 64 250
64 63 250
63 95 844
95 63 844
63 95 303
95 63 303
64 97 398
97 64 398
64 75 79
75 64 79
64 79 362
79 64 362
64 76 54
76 64 54
64 76 862
76 64 862
64 99 528
99 64 528
65 67 948
67 65 948
65 77 702
77 65 702
66 71 824
71 66 824
66 91 81
91 66 81
66 66 535
66 66 535
67 89 12
89 67 12
67 97 233
97 67 233
67 77 758
77 67 758
69 84 358
84 69 358
69 87 55
87 69 55
69 80 686
80 69 686
70 86 520
86 70 520
70 73 429
73 70 429
71 98 855
98 71 855
72 80 172
80 72 172
72 74 986
74 72 986
72 93 378
93 72 378
73 86 528
86 73 528
73 91 717
91 73 717
74 82 552
82 74 552
74 97 23
97 74 23
74 81 65
81 74 65
74 83 696
83 74 696
74 89 260
89 74 260
75 82 813
82 75 813
75 91 10
91 75 10
75 87 595
87 75 595
75 82 621
82 75 621
75 90 111
90 75 111
76 78 442
78 76 442
76 82 298
82 76 298
76 99 712
99 76 712
77 96 371
96 77 371
77 95 374
95 77 374
77 92 419
92 77 419
77 88 891
88 77 891
78 90 619
90 78 619
78 90 233
90 78 233
80 95 595
95 80 595
81 83 170
83 81 170
81 84 738
84 81 738
82 92 730
92 82 730
82 95 156
95 82 156
82 94 255
94 82 255
82 89 666
89 82 666
84 99 551
99 84 551
84 86 821
86 84 821
85 90 536
90 85 536
85 96 147
96 85 147
85 86 942
86 85 942
86 99 767
99 86 767
86 96 164
96 86 164
86 92 258
92 86 258
90 95 197
95 90 197
93 97 982
97 93 982
94 94 5
94 94 5
