31

0 1 964
1 0 964
0 2 311
2 0 311
0 3 449
3 0 449
0 4 563
4 0 563
0 26 320
26 0 320
0 4 749
4 0 749
0 28 778
28 0 778
0 26 281
26 0 281
0 21 341
21 0 341
0 21 429
21 0 429
0 20 381
20 0 381
0 21 392
21 0 392
0 3 475
3 0 475
0 14 376
14 0 376
0 25 511
25 0 511
0 28 440
28 0 440
1 8 613
8 1 613
1 10 117
10 1 117
1 8 620
8 1 620
1 21 899
21 1 899
1 17 323
17 1 323
1 23 715
23 1 715
1 1 549
1 1 549
1 8 286
8 1 286
1 13 892
13 1 892
1 16 631
16 1 631
1 26 574
26 1 574
1 16 410
16 1 410
1 22 515
22 1 515
1 18 57
18 1 57
2 5 145
5 2 145
2 13 422
13 2 422
2 21 707
21 2 707
2 23 86
23 2 86
2 19 563
19 2 563
2 8 204
8 2 204
2 22 218
22 2 218
2 13 276
13 2 276
2 9 748
9 2 748
3 25 422
25 3 422
3 28 996
28 3 996
3 28 906
28 3 906
3 28 113
28 3 113
3 9 402
9 3 402
3 20 551
20 3 551
3 22 537
22 3 537
3 28 548
28 3 548
3 11 820
11 3 820
3 16 296
16 3 296
3 6 400
6 3 400
3 10 88
10 3 88
4 6 979
6 4 979
4 30 385
30 4 385
4 15 287
15 4 287
4 20 863
20 4 863
4 21 304
21 4 304
4 29 686
29 4 686
4 18 855
18 4 855
4 21 913
21 4 913
4 18 9
18 4 9
4 30 817
30 4 817
4 17 219
17 4 219
4 19 424
19 4 424
5 7 782
7 5 782
5 11 271
11 5 271
5 17 879
17 5 879
5 27 87
27 5 87
5 16 817
16 5 817
5 18 830
18 5 830
5 30 774
30 5 774
5 9 206
9 5 206
5 7 454
7 5 454
5 10 546
10 5 546
5 21 659
21 5 659
5 27 429
27 5 429
5 19 811
19 5 811
5 12 306
12 5 306
5 28 389
28 5 389
5 8 126
8 5 126
5 11 843
11 5 843
5 29 299
29 5 299
5 7 84
7 5 84
5 8 228
8 5 228
5 7 190
7 5 190
5 29 251
29 5 251
6 9 876
9 6 876
6 12 384
12 6 384
6 15 67
15 6 67
6 19 380
19 6 380
6 25 719
25 6 719
6 18 348
18 6 348
6 9 144
9 6 144
6 15 352
15 6 352
6 22 755
22 6 755
6 12 381
12 6 381
6 18 392
18 6 392
6 21 786
21 6 786
7 13 107
13 7 107
7 29 288
29 7 288
7 27 15
27 7 15
8 10 842
10 8 842
8 21 487
21 8 487
8 10 853
10 8 853
8 27 906
27 8 906
8 24 778
24 8 778
8 9 931
9 8 931
8 29 324
29 8 324
8 22 763
22 8 763
9 30 109
30 9 109
9 21 182
21 9 182
9 22 711
22 9 711
9 29 340
29 9 340
9 30 184
30 9 184
9 18 352
18 9 352
9 14 663
14 9 663
9 20 944
20 9 944
9 29 732
29 9 732
9 21 350
21 9 350
10 16 156
16 10 156
10 16 792
16 10 792
10 27 419
27 10 419
10 28 441
28 10 441
10 18 566
18 10 566
10 26 73
26 10 73
10 29 582
29 10 582
10 30 885
30 10 885
11 30 633
30 11 633
11 20 320
20 11 320
11 14 454
14 11 454
11 21 979
21 11 979
11 12 427
12 11 427
11 30 705
30 11 705
11 13 92
13 11 92
11 19 82
19 11 82
11 30 279
30 11 279
12 20 570
20 12 570
12 16 878
16 12 878
12 14 123
14 12 123
12 29 623
29 12 623
12 21 764
21 12 764
12 20 257
20 12 257
13 14 496
14 13 496
13 24 729
24 13 729
13 22 87
22 13 87
13 24 49
24 13 49
14 18 915
18 14 915
14 29 51
29 14 51
14 26 702
26 14 702
14 24 478
24 14 478
14 23 811
23 14 811
14 23 567
23 14 567
14 24 377
24 14 377
15 19 413
19 15 413
15 25 677
25 15 677
15 30 410
30 15 410
15 26 79
26 15 79
16 18 746
18 16 746
16 24 246
24 16 246
16 29 746
29 16 746
16 22 770
22 16 770
16 19 318
19 16 318
17 20 946
20 17 946
17 19 702
19 17 702
17 29 276
29 17 276
17 26 791
26 17 791
17 19 176
19 17 176
17 19 805
19 17 805
17 26 326
26 17 326
17 26 146
26 17 146
17 18 26
18 17 26
18 23 586
23 18 586
18 19 911
19 18 911
18 25 981
25 18 981
18 25 770
25 18 770
19 20 569
20 19 569
19 30 876
30 19 876
19 23 391
23 19 391
19 26 456
26 19 456
19 30 728
30 19 728
20 25 390
25 20 390
20 30 185
30 20 185
20 28 336
28 20 336
20 27 240
27 20 240
20 22 31
22 20 31
21 22 987
22 21 987
21 28 47
28 21 47
21 28 835
28 21 835
21 30 379
30 21 379
21 26 920
26 21 920
21 29 9
29 21 9
22 29 950
29 22 950
22 22 898
22 22 898
22 27 530
27 22 530
22 29 493
29 22 493
23 24 591
24 23 591
24 26 19
26 24 19
24 29 928
29 24 928
24 28 555
28 24 555
24 30 367
30 24 367
25 30 571
30 25 571
25 27 324
27 25 324
25 25 973
25 25 973
25 28 16
28 25 16
25 30 763
30 25 763
29 30 577
30 29 577
29 30 840
30 29 840
