55

0 1 905
1 0 905
0 2 688
2 0 688
0 6 630
6 0 630
0 9 544
9 0 544
0 14 695
14 0 695
0 24 217
24 0 217
0 36 667
36 0 667
0 37 224
37 0 224
0 47 86
47 0 86
0 6 703
6 0 703
0 9 967
9 0 967
0 3 201
3 0 201
0 36 998
36 0 998
0 12 776
12 0 776
0 30 628
30 0 628
0 54 755
54 0 755
0 11 414
11 0 414
0 42 691
42 0 691
0 34 635
34 0 635
0 1 551
1 0 551
0 13 916
13 0 916
0 20 894
20 0 894
0 41 645
41 0 645
0 29 982
29 0 982
0 26 195
26 0 195
0 35 320
35 0 320
0 47 757
47 0 757
1 4 691
4 1 691
1 11 22
11 1 22
1 33 490
33 1 490
1 34 39
34 1 39
1 47 218
47 1 218
1 38 441
38 1 441
1 12 283
12 1 283
1 25 724
25 1 724
1 31 505
31 1 505
1 16 200
16 1 200
1 7 279
7 1 279
1 24 385
24 1 385
1 24 581
24 1 581
1 50 971
50 1 971
1 33 238
33 1 238
1 41 230
41 1 230
1 5 412
5 1 412
1 4 392
4 1 392
1 32 839
32 1 839
1 8 394
8 1 394
1 51 408
51 1 408
1 24 670
24 1 670
1 21 178
21 1 178
1 46 299
46 1 299
2 3 395
3 2 395
2 15 434
15 2 434
2 19 147
19 2 147
2 40 815
40 2 815
2 28 87
28 2 87
2 21 528
21 2 528
2 38 86
38 2 86
2 16 818
16 2 818
2 23 582
23 2 582
2 4 975
4 2 975
2 31 591
31 2 591
2 20 425
20 2 425
2 6 676
6 2 676
2 26 941
26 2 941
2 21 527
21 2 527
2 21 412
21 2 412
2 31 225
31 2 225
2 54 671
54 2 671
2 45 340
45 2 340
2 24 403
24 2 403
2 36 16
36 2 16
2 26 952
26 2 952
2 45 144
45 2 144
2 49 887
49 2 887
2 35 720
35 2 720
2 18 95
18 2 95
2 20 220
20 2 220
2 19 996
19 2 996
2 53 933
53 2 933
2 15 979
15 2 979
3 8 661
8 3 661
3 52 7
52 3 7
3 41 14
41 3 14
3 6 424
6 3 424
3 7 886
7 3 886
3 17 751
17 3 751
3 23 179
23 3 179
3 22 239
22 3 239
3 49 21
49 3 21
3 41 693
41 3 693
3 43 818
43 3 818
3 32 408
32 3 408
3 32 660
32 3 660
3 26 608
26 3 608
3 40 848
40 3 848
3 26 64
26 3 64
4 5 801
5 4 801
4 7 845
7 4 845
4 18 188
18 4 188
4 31 18
31 4 18
4 36 314
36 4 314
4 22 119
22 4 119
4 43 263
43 4 263
4 26 79
26 4 79
4 34 41
34 4 41
4 31 124
31 4 124
4 40 907
40 4 907
4 37 200
37 4 200
4 48 624
48 4 624
4 10 975
10 4 975
4 9 729
9 4 729
4 21 944
21 4 944
4 47 331
47 4 331
4 27 220
27 4 220
4 8 101
8 4 101
4 49 77
49 4 77
4 47 431
47 4 431
4 42 942
42 4 942
4 29 338
29 4 338
4 53 226
53 4 226
4 13 783
13 4 783
4 44 697
44 4 697
5 28 135
28 5 135
5 31 723
31 5 723
5 6 587
6 5 587
5 22 135
22 5 135
5 42 830
42 5 830
5 30 807
30 5 807
5 34 267
34 5 267
5 38 536
38 5 536
5 30 188
30 5 188
5 25 990
25 5 990
5 10 331
10 5 331
5 44 738
44 5 738
5 35 888
35 5 888
5 53 670
53 5 670
5 31 798
31 5 798
5 20 671
20 5 671
5 54 240
54 5 240
5 16 209
16 5 209
5 21 354
21 5 354
6 20 694
20 6 694
6 44 579
44 6 579
6 7 622
7 6 622
6 49 926
49 6 926
6 20 917
20 6 917
6 43 208
43 6 208
6 45 224
45 6 224
6 53 447
53 6 447
6 8 90
8 6 90
6 22 251
22 6 251
6 8 521
8 6 521
6 28 515
28 6 515
6 51 97
51 6 97
6 44 270
44 6 270
6 35 74
35 6 74
6 23 610
23 6 610
6 45 987
45 6 987
6 41 354
41 6 354
6 53 515
53 6 515
6 22 485
22 6 485
6 27 488
27 6 488
6 17 939
17 6 939
6 12 221
12 6 221
6 29 942
29 6 942
6 7 540
7 6 540
7 10 993
10 7 993
7 13 513
13 7 513
7 16 43
16 7 43
7 21 287
21 7 287
7 22 8
22 7 8
7 25 800
25 7 800
7 30 484
30 7 484
7 50 13
50 7 13
7 47 287
47 7 287
7 36 765
36 7 765
7 17 590
17 7 590
7 38 922
38 7 922
7 15 940
15 7 940
7 35 747
35 7 747
7 53 923
53 7 923
7 19 477
19 7 477
7 25 456
25 7 456
7 15 973
15 7 973
7 10 706
10 7 706
7 34 770
34 7 770
7 28 874
28 7 874
7 47 683
47 7 683
7 52 480
52 7 480
7 40 459
40 7 459
7 52 392
52 7 392
7 28 191
28 7 191
7 47 411
47 7 411
7 26 412
26 7 412
7 25 252
25 7 252
7 15 246
15 7 246
7 36 473
36 7 473
7 43 343
43 7 343
7 30 189
30 7 189
7 20 738
20 7 738
7 36 988
36 7 988
7 25 552
25 7 552
7 28 439
28 7 439
7 12 386
12 7 386
7 35 927
35 7 927
7 29 507
29 7 507
7 42 253
42 7 253
7 25 868
25 7 868
8 53 390
53 8 390
8 46 454
46 8 454
8 37 361
37 8 361
8 21 452
21 8 452
8 54 269
54 8 269
8 23 376
23 8 376
8 10 927
10 8 927
8 49 656
49 8 656
8 44 763
44 8 763
8 52 722
52 8 722
8 51 464
51 8 464
8 33 812
33 8 812
8 15 341
15 8 341
8 26 786
26 8 786
8 30 177
30 8 177
8 39 455
39 8 455
8 51 82
51 8 82
8 11 602
11 8 602
9 22 672
22 9 672
9 39 381
39 9 381
9 15 993
15 9 993
9 37 965
37 9 965
9 16 551
16 9 551
9 38 692
38 9 692
9 43 15
43 9 15
9 26 355
26 9 355
9 38 713
38 9 713
9 23 574
23 9 574
9 25 505
25 9 505
9 35 71
35 9 71
9 48 837
48 9 837
9 23 239
23 9 239
9 41 796
41 9 796
9 17 2
17 9 2
9 33 156
33 9 156
9 12 287
12 9 287
10 38 642
38 10 642
10 40 926
40 10 926
10 15 390
15 10 390
10 23 717
23 10 717
10 12 477
12 10 477
10 14 25
14 10 25
10 32 764
32 10 764
10 34 445
34 10 445
10 11 54
11 10 54
10 43 970
43 10 970
10 52 339
52 10 339
10 21 897
21 10 897
10 26 860
26 10 860
10 52 790
52 10 790
10 48 200
48 10 200
10 35 944
35 10 944
11 12 215
12 11 215
11 31 726
31 11 726
11 30 349
30 11 349
11 14 874
14 11 874
11 48 79
48 11 79
11 12 803
12 11 803
11 52 106
52 11 106
11 25 243
25 11 243
11 30 781
30 11 781
11 45 679
45 11 679
11 14 912
14 11 912
11 16 293
16 11 293
11 24 808
24 11 808
11 51 109
51 11 109
11 15 348
15 11 348
11 11 167
11 11 167
11 15 345
15 11 345
11 28 241
28 11 241
11 46 544
46 11 544
11 49 476
49 11 476
11 13 828
13 11 828
11 27 579
27 11 579
11 48 704
48 11 704
11 45 496
45 11 496
11 21 720
21 11 720
11 40 36
40 11 36
12 45 876
45 12 876
12 49 943
49 12 943
12 42 719
42 12 719
12 49 465
49 12 465
12 18 772
18 12 772
12 20 71
20 12 71
12 23 559
23 12 559
12 20 921
20 12 921
12 26 153
26 12 153
12 48 115
48 12 115
12 34 320
34 12 320
12 51 846
51 12 846
12 32 287
32 12 287
12 38 904
38 12 904
12 34 993
34 12 993
13 27 929
27 13 929
13 14 493
14 13 493
13 31 596
31 13 596
13 16 828
16 13 828
13 22 858
22 13 858
13 21 24
21 13 24
13 48 469
48 13 469
13 40 437
40 13 437
13 38 993
38 13 993
13 54 53
54 13 53
13 20 91
20 13 91
13 27 812
27 13 812
13 26 656
26 13 656
13 18 870
18 13 870
13 50 463
50 13 463
13 46 733
46 13 733
13 51 9
51 13 9
13 37 106
37 13 106
13 54 267
54 13 267
13 49 849
49 13 849
13 46 581
46 13 581
14 35 396
35 14 396
14 18 798
18 14 798
14 38 149
38 14 149
14 49 641
49 14 641
14 36 129
36 14 129
14 47 884
47 14 884
14 27 819
27 14 819
14 44 655
44 14 655
14 47 72
47 14 72
14 22 211
22 14 211
14 34 377
34 14 377
14 50 282
50 14 282
14 44 517
44 14 517
14 22 957
22 14 957
14 30 779
30 14 779
14 30 599
30 14 599
14 22 314
22 14 314
14 29 591
29 14 591
14 36 539
36 14 539
14 53 397
53 14 397
14 39 665
39 14 665
14 36 53
36 14 53
14 28 467
28 14 467
14 23 165
23 14 165
14 44 292
44 14 292
15 17 443
17 15 443
15 26 311
26 15 311
15 22 604
22 15 604
15 24 5
24 15 5
15 39 246
39 15 246
15 54 129
54 15 129
15 34 536
34 15 536
15 26 366
26 15 366
15 50 174
50 15 174
15 35 209
35 15 209
15 45 794
45 15 794
15 50 773
50 15 773
15 54 943
54 15 943
15 35 302
35 15 302
15 17 253
17 15 253
15 53 989
53 15 989
15 37 881
37 15 881
15 27 358
27 15 358
16 29 890
29 16 890
16 48 562
48 16 562
16 17 591
17 16 591
16 23 780
23 16 780
16 32 847
32 16 847
16 27 251
27 16 251
16 29 635
29 16 635
16 38 859
38 16 859
16 39 74
39 16 74
16 50 861
50 16 861
16 49 696
49 16 696
16 21 924
21 16 924
16 27 706
27 16 706
16 34 796
34 16 796
16 30 57
30 16 57
16 30 756
30 16 756
17 23 327
23 17 327
17 50 17
50 17 17
17 18 834
18 17 834
17 21 226
21 17 226
17 20 998
20 17 998
17 37 814
37 17 814
17 34 853
34 17 853
17 38 367
38 17 367
17 43 499
43 17 499
17 38 473
38 17 473
17 38 283
38 17 283
17 19 150
19 17 150
17 17 973
17 17 973
17 44 262
44 17 262
17 32 855
32 17 855
17 22 924
22 17 924
17 32 333
32 17 333
17 42 829
42 17 829
17 32 627
32 17 627
18 28 716
28 18 716
18 25 459
25 18 459
18 30 133
30 18 133
18 39 841
39 18 841
18 41 657
41 18 657
18 38 56
38 18 56
18 27 599
27 18 599
18 25 966
25 18 966
18 37 477
37 18 477
18 39 420
39 18 420
18 18 100
18 18 100
18 18 159
18 18 159
18 39 72
39 18 72
18 52 316
52 18 316
18 33 553
33 18 553
18 28 128
28 18 128
18 39 953
39 18 953
18 38 636
38 18 636
19 28 85
28 19 85
19 41 142
41 19 142
19 32 293
32 19 293
19 37 408
37 19 408
19 53 643
53 19 643
19 51 319
51 19 319
19 37 631
37 19 631
19 30 66
30 19 66
19 54 921
54 19 921
19 22 576
22 19 576
19 23 832
23 19 832
19 48 352
48 19 352
19 38 922
38 19 922
20 20 130
20 20 130
20 20 179
20 20 179
20 24 13
24 20 13
20 26 281
26 20 281
20 36 616
36 20 616
20 49 780
49 20 780
20 30 126
30 20 126
20 51 886
51 20 886
20 32 75
32 20 75
20 36 563
36 20 563
20 53 50
53 20 50
20 25 606
25 20 606
20 25 622
25 20 622
20 43 363
43 20 363
20 20 836
20 20 836
20 52 877
52 20 877
20 26 759
26 20 759
20 37 586
37 20 586
20 34 239
34 20 239
20 36 177
36 20 177
20 36 453
36 20 453
21 22 253
22 21 253
21 43 121
43 21 121
21 33 315
33 21 315
21 34 563
34 21 563
21 54 35
54 21 35
21 37 855
37 21 855
21 53 271
53 21 271
21 42 752
42 21 752
21 37 709
37 21 709
21 43 558
43 21 558
22 43 431
43 22 431
22 32 858
32 22 858
22 28 4
28 22 4
22 41 777
41 22 777
22 42 254
42 22 254
22 44 539
44 22 539
22 46 58
46 22 58
22 24 472
24 22 472
22 41 174
41 22 174
22 44 41
44 22 41
22 52 436
52 22 436
22 37 658
37 22 658
22 37 700
37 22 700
22 39 383
39 22 383
22 23 235
23 22 235
22 38 682
38 22 682
22 39 439
39 22 439
22 51 639
51 22 639
22 37 367
37 22 367
22 47 204
47 22 204
22 27 465
27 22 465
22 53 124
53 22 124
22 38 204
38 22 204
22 28 956
28 22 956
22 25 473
25 22 473
23 28 436
28 23 436
23 39 149
39 23 149
23 40 352
40 23 352
23 32 756
32 23 756
23 43 433
43 23 433
23 47 726
47 23 726
23 45 969
45 23 969
23 36 373
36 23 373
23 42 338
42 23 338
23 48 249
48 23 249
23 25 858
25 23 858
23 24 934
24 23 934
23 45 608
45 23 608
23 33 280
33 23 280
23 49 559
49 23 559
23 29 153
29 23 153
24 38 610
38 24 610
24 50 379
50 24 379
24 37 599
37 24 599
24 29 396
29 24 396
24 47 46
47 24 46
24 52 571
52 24 571
24 30 732
30 24 732
25 39 687
39 25 687
25 42 339
42 25 339
25 50 123
50 25 123
25 35 579
35 25 579
25 45 481
45 25 481
25 45 145
45 25 145
25 45 780
45 25 780
25 51 120
51 25 120
25 42 846
42 25 846
25 43 41
43 25 41
25 51 224
51 25 224
26 33 419
33 26 419
26 52 698
52 26 698
26 38 682
38 26 682
26 40 135
40 26 135
26 52 619
52 26 619
26 32 744
32 26 744
26 53 351
53 26 351
26 50 362
50 26 362
26 30 33
30 26 33
26 39 96
39 26 96
26 49 787
49 26 787
26 51 883
51 26 883
26 35 318
35 26 318
26 38 348
38 26 348
26 38 687
38 26 687
27 39 456
39 27 456
27 42 201
42 27 201
27 39 72
39 27 72
27 28 662
28 27 662
27 51 987
51 27 987
27 37 248
37 27 248
27 45 717
45 27 717
27 41 940
41 27 940
27 39 239
39 27 239
27 32 680
32 27 680
27 43 146
43 27 146
27 42 817
42 27 817
28 54 618
54 28 618
28 29 66
29 28 66
28 35 507
35 28 507
28 48 731
48 28 731
28 47 492
47 28 492
28 42 570
42 28 570
28 36 900
36 28 900
28 48 617
48 28 617
28 36 167
36 28 167
28 54 91
54 28 91
28 52 521
52 28 521
28 36 221
36 28 221
28 40 876
40 28 876
28 47 51
47 28 51
28 40 739
40 28 739
28 42 391
42 28 391
28 38 123
38 28 123
28 33 189
33 28 189
28 34 722
34 28 722
28 38 632
38 28 632
28 47 117
47 28 117
28 28 490
28 28 490
29 32 144
32 29 144
29 40 679
40 29 679
29 53 407
53 29 407
29 49 727
49 29 727
29 52 512
52 29 512
29 54 791
54 29 791
29 52 935
52 29 935
29 54 457
54 29 457
29 51 521
51 29 521
29 51 649
51 29 649
29 37 140
37 29 140
29 32 846
32 29 846
29 35 97
35 29 97
29 38 688
38 29 688
29 46 366
46 29 366
29 49 352
49 29 352
29 29 87
29 29 87
29 39 939
39 29 939
29 54 37
54 29 37
29 32 588
32 29 588
29 47 638
47 29 638
29 37 835
37 29 835
29 51 524
51 29 524
29 38 713
38 29 713
30 47 442
47 30 442
30 50 323
50 30 323
30 51 236
51 30 236
30 49 403
49 30 403
30 35 476
35 30 476
30 54 301
54 30 301
30 45 93
45 30 93
30 41 192
41 30 192
31 38 353
38 31 353
31 54 371
54 31 371
31 45 603
45 31 603
31 49 242
49 31 242
31 37 475
37 31 475
31 39 336
39 31 336
31 40 216
40 31 216
31 37 346
37 31 346
31 34 647
34 31 647
31 47 527
47 31 527
31 51 85
51 31 85
31 38 78
38 31 78
32 41 151
41 32 151
32 36 404
36 32 404
32 47 546
47 32 546
32 47 818
47 32 818
32 54 924
54 32 924
32 50 476
50 32 476
32 32 94
32 32 94
32 46 2
46 32 2
32 40 205
40 32 205
32 43 702
43 32 702
32 52 844
52 32 844
32 39 936
39 32 936
32 37 697
37 32 697
32 48 554
48 32 554
33 44 899
44 33 899
33 34 768
34 33 768
33 38 846
38 33 846
33 53 70
53 33 70
33 38 456
38 33 456
33 46 938
46 33 938
34 38 345
38 34 345
34 39 224
39 34 224
34 36 24
36 34 24
34 45 630
45 34 630
34 43 526
43 34 526
34 40 318
40 34 318
34 50 411
50 34 411
34 44 110
44 34 110
34 43 825
43 34 825
34 49 503
49 34 503
34 48 55
48 34 55
35 46 147
46 35 147
35 49 461
49 35 461
35 53 428
53 35 428
35 52 188
52 35 188
35 42 561
42 35 561
35 47 853
47 35 853
35 41 865
41 35 865
35 37 804
37 35 804
36 40 223
40 36 223
36 50 843
50 36 843
36 52 125
52 36 125
36 51 417
51 36 417
37 48 850
48 37 850
37 44 537
44 37 537
37 39 166
39 37 166
37 53 560
53 37 560
37 45 844
45 37 844
37 53 631
53 37 631
37 44 653
44 37 653
37 44 567
44 37 567
37 44 265
44 37 265
37 43 254
43 37 254
38 51 90
51 38 90
38 40 389
40 38 389
38 40 217
40 38 217
38 45 994
45 38 994
38 45 908
45 38 908
38 51 714
51 38 714
38 40 305
40 38 305
38 48 649
48 38 649
38 45 336
45 38 336
39 51 748
51 39 748
39 43 294
43 39 294
40 45 453
45 40 453
40 42 999
42 40 999
40 41 932
41 40 932
40 47 7
47 40 7
40 47 841
47 40 841
40 48 472
48 40 472
40 42 285
42 40 285
41 43 1
43 41 1
41 50 26
50 41 26
42 53 193
53 42 193
42 44 226
44 42 226
42 48 516
48 42 516
42 49 20
49 42 20
42 43 275
43 42 275
42 45 561
45 42 561
42 52 805
52 42 805
42 49 121
49 42 121
42 44 157
44 42 157
43 45 387
45 43 387
43 44 924
44 43 924
43 47 351
47 43 351
43 52 912
52 43 912
44 45 402
45 44 402
44 51 17
51 44 17
44 46 383
46 44 383
44 47 929
47 44 929
44 47 731
47 44 731
44 51 625
51 44 625
45 52 126
52 45 126
45 54 983
54 45 983
45 51 925
51 45 925
45 48 234
48 45 234
46 47 8
47 46 8
46 54 853
54 46 853
46 50 68
50 46 68
46 51 324
51 46 324
46 50 376
50 46 376
46 48 677
48 46 677
47 48 873
48 47 873
47 52 692
52 47 692
47 53 645
53 47 645
48 52 719
52 48 719
48 49 174
49 48 174
49 51 50
51 49 50
49 51 544
51 49 544
49 53 796
53 49 796
51 53 402
53 51 402
51 52 623
52 51 623
53 54 654
54 53 654
53 54 167
54 53 167
