20

0 1 998
1 0 998
0 2 703
2 0 703
0 5 793
5 0 793
0 8 993
8 0 993
0 3 689
3 0 689
0 11 862
11 0 862
0 15 832
15 0 832
0 17 673
17 0 673
0 19 304
19 0 304
0 15 888
15 0 888
0 5 64
5 0 64
0 16 651
16 0 651
1 4 431
4 1 431
1 6 703
6 1 703
1 14 298
14 1 298
1 15 416
15 1 416
1 4 454
4 1 454
1 2 905
2 1 905
1 6 76
6 1 76
1 16 588
16 1 588
1 19 942
19 1 942
2 3 566
3 2 566
2 8 314
8 2 314
2 6 769
6 2 769
2 16 119
16 2 119
2 4 132
4 2 132
2 9 896
9 2 896
3 7 715
7 3 715
3 15 525
15 3 525
3 8 66
8 3 66
3 16 860
16 3 860
4 9 735
9 4 735
4 6 943
6 4 943
4 12 380
12 4 380
4 13 79
13 4 79
5 11 74
11 5 74
5 12 793
12 5 793
5 14 517
14 5 517
5 13 877
13 5 877
5 11 600
11 5 600
5 7 70
7 5 70
6 14 564
14 6 564
6 18 342
18 6 342
6 10 658
10 6 658
6 7 343
7 6 343
6 9 872
9 6 872
7 10 699
10 7 699
7 14 434
14 7 434
7 17 997
17 7 997
7 9 889
9 7 889
8 9 342
9 8 342
8 9 33
9 8 33
8 8 283
8 8 283
8 8 665
8 8 665
8 18 933
18 8 933
9 16 334
16 9 334
9 16 588
16 9 588
9 14 953
14 9 953
10 17 125
17 10 125
11 13 400
13 11 400
11 18 583
18 11 583
11 19 165
19 11 165
11 18 947
18 11 947
11 16 763
16 11 763
12 19 818
19 12 818
12 12 801
12 12 801
12 15 698
15 12 698
12 13 707
13 12 707
13 19 280
19 13 280
13 18 762
18 13 762
13 14 105
14 13 105
15 19 648
19 15 648
