33

0 1 467
1 0 467
0 2 622
2 0 622
0 3 969
3 0 969
0 5 452
5 0 452
0 9 85
9 0 85
0 6 350
6 0 350
0 9 180
9 0 180
0 17 827
17 0 827
0 18 504
18 0 504
0 7 909
7 0 909
1 4 216
4 1 216
1 6 166
6 1 166
1 7 405
7 1 405
1 11 529
11 1 529
1 13 517
13 1 517
1 27 11
27 1 11
1 14 785
14 1 785
1 26 674
26 1 674
2 15 815
15 2 815
2 5 569
5 2 569
2 7 790
7 2 790
2 24 557
24 2 557
2 14 362
14 2 362
2 13 867
13 2 867
2 26 324
26 2 324
2 29 852
29 2 852
3 12 577
12 3 577
3 20 230
20 3 230
3 29 879
29 3 879
3 13 226
13 3 226
4 14 867
14 4 867
4 24 342
24 4 342
4 19 404
19 4 404
4 20 84
20 4 84
4 29 386
29 4 386
4 11 816
11 4 816
4 28 515
28 4 515
4 4 580
4 4 580
5 8 111
8 5 111
5 12 567
12 5 567
5 26 617
26 5 617
5 29 713
29 5 713
5 13 589
13 5 589
5 20 543
20 5 543
5 11 388
11 5 388
5 26 563
26 5 563
6 18 571
18 6 571
6 12 580
12 6 580
6 7 593
7 6 593
6 28 529
28 6 529
6 13 200
13 6 200
7 28 21
28 7 21
7 20 831
20 7 831
7 12 530
12 7 530
7 31 532
31 7 532
7 17 304
17 7 304
7 19 518
19 7 518
7 12 267
12 7 267
8 10 384
10 8 384
8 14 976
14 8 976
8 13 709
13 8 709
8 13 108
13 8 108
8 17 404
17 8 404
8 16 804
16 8 804
8 28 683
28 8 683
8 27 438
27 8 438
9 19 691
19 9 691
9 29 713
29 9 713
9 15 37
15 9 37
9 18 446
18 9 446
9 30 955
30 9 955
9 29 215
29 9 215
9 30 558
30 9 558
10 22 13
22 10 13
10 25 360
25 10 360
10 14 489
14 10 489
10 30 124
30 10 124
11 16 210
16 11 210
11 17 363
17 11 363
11 32 182
32 11 182
11 20 400
20 11 400
11 16 615
16 11 615
12 17 265
17 12 265
12 12 51
12 12 51
12 16 223
16 12 223
12 32 350
32 12 350
13 23 359
23 13 359
13 16 274
16 13 274
13 30 390
30 13 390
14 25 141
25 14 141
14 27 400
27 14 400
14 24 638
24 14 638
14 16 725
16 14 725
14 21 762
21 14 762
15 32 358
32 15 358
15 16 423
16 15 423
15 30 635
30 15 635
16 30 80
30 16 80
17 32 331
32 17 331
17 32 735
32 17 735
17 22 578
22 17 578
17 32 674
32 17 674
18 23 768
23 18 768
18 28 123
28 18 123
19 21 280
21 19 280
20 21 995
21 20 995
20 30 963
30 20 963
21 26 30
26 21 30
21 27 52
27 21 52
21 26 961
26 21 961
21 27 211
27 21 211
22 24 530
24 22 530
23 25 384
25 23 384
23 30 216
30 23 216
25 27 751
27 25 751
29 31 456
31 29 456
29 31 646
31 29 646
