46

0 1 703
1 0 703
0 5 248
5 0 248
0 22 417
22 0 417
0 34 115
34 0 115
0 16 311
16 0 311
0 33 521
33 0 521
0 45 961
45 0 961
0 15 52
15 0 52
0 6 770
6 0 770
0 42 613
42 0 613
0 14 272
14 0 272
0 12 98
12 0 98
0 3 912
3 0 912
0 35 273
35 0 273
0 18 171
18 0 171
0 32 690
32 0 690
0 44 783
44 0 783
0 5 628
5 0 628
0 36 294
36 0 294
0 34 726
34 0 726
0 6 794
6 0 794
0 34 360
34 0 360
0 4 895
4 0 895
1 2 668
2 1 668
1 4 543
4 1 543
1 6 484
6 1 484
1 9 861
9 1 861
1 10 531
10 1 531
1 15 943
15 1 943
1 45 267
45 1 267
1 45 914
45 1 914
1 7 930
7 1 930
1 30 319
30 1 319
1 7 103
7 1 103
1 4 394
4 1 394
1 21 629
21 1 629
1 19 542
19 1 542
1 26 974
26 1 974
1 8 807
8 1 807
1 26 545
26 1 545
1 6 276
6 1 276
1 38 580
38 1 580
1 18 292
18 1 292
1 19 567
19 1 567
1 31 41
31 1 41
1 35 693
35 1 693
2 3 789
3 2 789
2 12 459
12 2 459
2 13 4
13 2 4
2 21 996
21 2 996
2 22 165
22 2 165
2 29 692
29 2 692
2 10 370
10 2 370
2 45 312
45 2 312
2 34 383
34 2 383
2 36 39
36 2 39
2 12 568
12 2 568
2 34 262
34 2 262
2 19 958
19 2 958
2 18 916
18 2 916
2 30 437
30 2 437
2 38 358
38 2 358
2 39 632
39 2 632
2 37 212
37 2 212
2 25 501
25 2 501
2 27 712
27 2 712
2 6 353
6 2 353
2 11 329
11 2 329
2 30 495
30 2 495
2 25 928
25 2 928
2 39 261
39 2 261
2 17 914
17 2 914
3 8 953
8 3 953
3 14 612
14 3 612
3 16 29
16 3 29
3 26 252
26 3 252
3 11 60
11 3 60
3 39 344
39 3 344
3 16 825
16 3 825
3 14 381
14 3 381
3 22 48
22 3 48
3 11 830
11 3 830
3 6 917
6 3 917
3 5 902
5 3 902
3 15 172
15 3 172
3 5 397
5 3 397
3 26 895
26 3 895
3 19 86
19 3 86
3 42 293
42 3 293
3 39 983
39 3 983
3 11 118
11 3 118
3 16 282
16 3 282
3 36 477
36 3 477
3 44 752
44 3 752
3 39 472
39 3 472
3 41 609
41 3 609
3 44 939
44 3 939
3 6 207
6 3 207
3 26 455
26 3 455
4 41 762
41 4 762
4 44 509
44 4 509
4 16 11
16 4 11
4 13 664
13 4 664
4 22 940
22 4 940
4 42 499
42 4 499
4 41 14
41 4 14
4 18 845
18 4 845
4 42 656
42 4 656
4 26 884
26 4 884
4 10 386
10 4 386
4 37 464
37 4 464
4 32 745
32 4 745
4 27 988
27 4 988
4 8 814
8 4 814
4 36 877
36 4 877
4 35 172
35 4 172
4 11 208
11 4 208
4 36 44
36 4 44
4 30 398
30 4 398
4 21 867
21 4 867
4 27 944
27 4 944
4 5 680
5 4 680
5 7 142
7 5 142
5 25 480
25 5 480
5 28 389
28 5 389
5 25 637
25 5 637
5 45 740
45 5 740
5 41 329
41 5 329
5 24 692
24 5 692
5 38 75
38 5 75
5 33 218
33 5 218
5 12 968
12 5 968
5 39 534
39 5 534
5 15 570
15 5 570
5 31 509
31 5 509
5 33 73
33 5 73
5 12 597
12 5 597
5 12 449
12 5 449
5 34 363
34 5 363
5 13 671
13 5 671
5 44 457
44 5 457
5 33 204
33 5 204
5 30 510
30 5 510
5 11 185
11 5 185
5 9 520
9 5 520
6 17 161
17 6 161
6 17 890
17 6 890
6 28 963
28 6 963
6 28 287
28 6 287
6 22 643
22 6 643
6 22 960
22 6 960
6 18 226
18 6 226
6 6 991
6 6 991
6 6 328
6 6 328
6 38 763
38 6 763
6 34 685
34 6 685
6 37 9
37 6 9
6 9 930
9 6 930
6 11 598
11 6 598
6 37 164
37 6 164
6 32 705
32 6 705
6 24 4
24 6 4
6 11 463
11 6 463
6 10 777
10 6 777
6 17 675
17 6 675
6 37 937
37 6 937
6 34 675
34 6 675
6 31 512
31 6 512
7 9 569
9 7 569
7 25 654
25 7 654
7 21 334
21 7 334
7 34 197
34 7 197
7 43 685
43 7 685
7 8 820
8 7 820
7 17 826
17 7 826
7 30 884
30 7 884
7 27 554
27 7 554
7 35 963
35 7 963
7 42 484
42 7 484
7 33 981
33 7 981
7 41 751
41 7 751
7 11 724
11 7 724
7 26 254
26 7 254
7 36 483
36 7 483
7 21 8
21 7 8
7 37 565
37 7 565
7 36 805
36 7 805
7 11 221
11 7 221
8 18 345
18 8 345
8 20 637
20 8 637
8 16 607
16 8 607
8 21 944
21 8 944
8 34 15
34 8 15
8 28 489
28 8 489
8 33 748
33 8 748
8 36 696
36 8 696
8 16 304
16 8 304
8 39 99
39 8 99
8 9 404
9 8 404
8 33 782
33 8 782
8 14 459
14 8 459
8 18 974
18 8 974
8 9 150
9 8 150
8 13 115
13 8 115
8 37 661
37 8 661
8 15 128
15 8 128
8 13 809
13 8 809
8 12 2
12 8 2
8 45 657
45 8 657
8 33 588
33 8 588
8 26 732
26 8 732
8 32 38
32 8 38
8 31 249
31 8 249
8 40 928
40 8 928
8 32 741
32 8 741
9 30 254
30 9 254
9 38 718
38 9 718
9 22 90
22 9 90
9 35 27
35 9 27
9 24 985
24 9 985
9 30 408
30 9 408
9 37 193
37 9 193
9 21 968
21 9 968
9 45 355
45 9 355
9 12 819
12 9 819
9 42 684
42 9 684
9 31 70
31 9 70
9 19 786
19 9 786
9 35 684
35 9 684
9 32 644
32 9 644
9 30 623
30 9 623
9 17 316
17 9 316
9 18 229
18 9 229
9 42 79
42 9 79
9 11 167
11 9 167
10 11 880
11 10 880
10 10 218
10 10 218
10 15 474
15 10 474
10 15 334
15 10 334
10 13 770
13 10 770
10 45 236
45 10 236
10 18 606
18 10 606
10 27 124
27 10 124
10 35 240
35 10 240
10 16 319
16 10 319
10 19 572
19 10 572
10 36 460
36 10 460
10 29 12
29 10 12
10 31 300
31 10 300
10 17 208
17 10 208
10 32 432
32 10 432
11 19 162
19 11 162
11 42 969
42 11 969
11 44 211
44 11 211
11 30 436
30 11 436
11 40 665
40 11 665
11 15 937
15 11 937
11 38 413
38 11 413
11 16 5
16 11 5
11 41 378
41 11 378
11 34 900
34 11 900
11 14 596
14 11 596
11 39 602
39 11 602
11 16 703
16 11 703
11 41 983
41 11 983
11 35 867
35 11 867
11 26 258
26 11 258
11 35 532
35 11 532
11 12 176
12 11 176
12 26 614
26 12 614
12 34 288
34 12 288
12 43 423
43 12 423
12 33 485
33 12 485
12 22 402
22 12 402
12 25 98
25 12 98
12 23 742
23 12 742
12 37 907
37 12 907
12 25 673
25 12 673
12 15 629
15 12 629
12 21 162
21 12 162
12 38 491
38 12 491
12 17 337
17 12 337
12 45 112
45 12 112
13 17 858
17 13 858
13 24 718
24 13 718
13 42 723
42 13 723
13 42 121
42 13 121
13 22 260
22 13 260
13 17 746
17 13 746
13 19 63
19 13 63
13 16 95
16 13 95
13 28 564
28 13 564
13 40 632
40 13 632
13 27 955
27 13 955
13 23 394
23 13 394
13 24 806
24 13 806
13 41 278
41 13 278
13 36 641
36 13 641
13 18 907
18 13 907
13 29 785
29 13 785
13 29 18
29 13 18
13 42 819
42 13 819
13 39 324
39 13 324
13 28 965
28 13 965
13 16 344
16 13 344
14 32 90
32 14 90
14 29 754
29 14 754
14 31 752
31 14 752
14 29 226
29 14 226
14 34 203
34 14 203
14 35 481
35 14 481
14 32 185
32 14 185
14 39 783
39 14 783
14 34 337
34 14 337
14 34 881
34 14 881
14 35 971
35 14 971
15 28 850
28 15 850
15 37 235
37 15 235
15 43 20
43 15 20
15 43 208
43 15 208
15 37 670
37 15 670
15 39 965
39 15 965
15 40 144
40 15 144
15 38 316
38 15 316
15 40 515
40 15 515
15 23 96
23 15 96
15 42 401
42 15 401
15 18 183
18 15 183
15 25 952
25 15 952
15 25 380
25 15 380
15 27 252
27 15 252
15 27 332
27 15 332
15 21 208
21 15 208
15 21 875
21 15 875
15 39 755
39 15 755
15 21 938
21 15 938
15 24 786
24 15 786
15 35 649
35 15 649
16 31 423
31 16 423
16 36 793
36 16 793
16 30 436
30 16 436
16 32 482
32 16 482
16 28 336
28 16 336
16 44 939
44 16 939
16 37 479
37 16 479
16 16 169
16 16 169
16 25 647
25 16 647
16 44 920
44 16 920
16 35 147
35 16 147
16 20 285
20 16 285
16 29 115
29 16 115
16 39 145
39 16 145
16 17 219
17 16 219
16 25 849
25 16 849
16 22 669
22 16 669
17 35 445
35 17 445
17 40 817
40 17 817
17 45 404
45 17 404
17 21 579
21 17 579
17 40 186
40 17 186
17 23 35
23 17 35
17 42 199
42 17 199
17 34 717
34 17 717
17 45 892
45 17 892
17 18 422
18 17 422
17 20 381
20 17 381
18 26 46
26 18 46
18 30 451
30 18 451
18 44 428
44 18 428
18 43 733
43 18 733
18 19 670
19 18 670
18 19 729
19 18 729
18 38 202
38 18 202
18 19 456
19 18 456
18 32 283
32 18 283
18 25 189
25 18 189
18 20 838
20 18 838
18 40 76
40 18 76
18 25 816
25 18 816
18 41 955
41 18 955
18 32 951
32 18 951
19 38 373
38 19 373
19 34 868
34 19 868
19 21 345
21 19 345
19 42 777
42 19 777
19 44 528
44 19 528
19 33 220
33 19 220
19 34 178
34 19 178
19 37 378
37 19 378
19 19 335
19 19 335
19 24 736
24 19 736
19 29 996
29 19 996
19 42 605
42 19 605
19 27 816
27 19 816
19 22 438
22 19 438
19 31 201
31 19 201
20 31 996
31 20 996
20 28 8
28 20 8
20 44 36
44 20 36
20 39 388
39 20 388
20 34 103
34 20 103
20 34 69
34 20 69
20 43 649
43 20 649
20 23 844
23 20 844
21 23 497
23 21 497
21 33 680
33 21 680
21 24 958
24 21 958
21 26 671
26 21 671
21 42 475
42 21 475
21 43 492
43 21 492
21 45 118
45 21 118
21 40 83
40 21 83
21 29 461
29 21 461
21 28 233
28 21 233
21 34 413
34 21 413
21 37 456
37 21 456
21 41 221
41 21 221
21 37 645
37 21 645
21 26 295
26 21 295
21 32 558
32 21 558
21 30 448
30 21 448
22 43 829
43 22 829
22 30 961
30 22 961
22 42 203
42 22 203
22 27 239
27 22 239
22 33 821
33 22 821
22 24 49
24 22 49
22 23 322
23 22 322
22 28 432
28 22 432
22 36 537
36 22 537
22 42 388
42 22 388
22 42 593
42 22 593
22 45 875
45 22 875
22 43 20
43 22 20
22 45 881
45 22 881
22 34 185
34 22 185
23 35 176
35 23 176
23 41 392
41 23 392
23 45 252
45 23 252
23 24 934
24 23 934
23 28 312
28 23 312
23 44 918
44 23 918
23 36 735
36 23 735
23 24 759
24 23 759
23 34 277
34 23 277
23 30 251
30 23 251
23 23 388
23 23 388
23 34 128
34 23 128
23 42 729
42 23 729
24 44 758
44 24 758
24 36 368
36 24 368
24 36 288
36 24 288
24 26 184
26 24 184
24 29 781
29 24 781
24 24 614
24 24 614
24 44 446
44 24 446
24 44 153
44 24 153
25 27 132
27 25 132
25 29 332
29 25 332
25 41 877
41 25 877
25 43 179
43 25 179
25 38 299
38 25 299
25 41 324
41 25 324
25 44 107
44 25 107
25 26 59
26 25 59
25 43 361
43 25 361
25 30 282
30 25 282
26 37 544
37 26 544
26 37 103
37 26 103
26 44 781
44 26 781
26 27 531
27 26 531
26 35 299
35 26 299
26 45 39
45 26 39
26 30 187
30 26 187
26 34 361
34 26 361
26 33 661
33 26 661
26 35 533
35 26 533
26 39 659
39 26 659
26 40 621
40 26 621
26 44 576
44 26 576
26 31 745
31 26 745
26 39 67
39 26 67
27 41 962
41 27 962
27 30 795
30 27 795
27 43 841
43 27 841
27 35 351
35 27 351
27 35 831
35 27 831
28 42 293
42 28 293
28 43 54
43 28 54
28 35 29
35 28 29
28 35 166
35 28 166
28 34 517
34 28 517
28 30 573
30 28 573
28 42 280
42 28 280
28 39 697
39 28 697
28 35 966
35 28 966
29 32 754
32 29 754
29 40 294
40 29 294
29 31 718
31 29 718
29 40 926
40 29 926
29 37 328
37 29 328
29 33 468
33 29 468
29 39 403
39 29 403
29 36 283
36 29 283
29 43 53
43 29 53
29 43 374
43 29 374
30 33 924
33 30 924
30 45 848
45 30 848
30 33 218
33 30 218
30 42 35
42 30 35
30 44 234
44 30 234
30 45 609
45 30 609
30 43 763
43 30 763
30 38 93
38 30 93
30 34 57
34 30 57
31 31 397
31 31 397
31 41 298
41 31 298
31 39 39
39 31 39
31 32 934
32 31 934
31 41 190
41 31 190
31 32 840
32 31 840
31 34 686
34 31 686
31 36 333
36 31 333
31 38 713
38 31 713
31 43 278
43 31 278
31 32 47
32 31 47
31 34 130
34 31 130
31 32 819
32 31 819
31 36 501
36 31 501
31 38 388
38 31 388
32 34 697
34 32 697
32 36 841
36 32 841
32 45 433
45 32 433
32 42 450
42 32 450
32 33 525
33 32 525
33 42 88
42 33 88
33 40 952
40 33 952
33 43 475
43 33 475
33 39 356
39 33 356
33 41 274
41 33 274
33 43 803
43 33 803
33 43 961
43 33 961
33 37 269
37 33 269
33 38 397
38 33 397
33 34 226
34 33 226
34 39 209
39 34 209
34 38 640
38 34 640
34 39 997
39 34 997
34 40 760
40 34 760
34 44 605
44 34 605
34 40 553
40 34 553
34 42 447
42 34 447
34 42 94
42 34 94
34 40 858
40 34 858
35 43 833
43 35 833
35 40 724
40 35 724
35 39 679
39 35 679
35 42 594
42 35 594
35 40 962
40 35 962
35 37 622
37 35 622
35 39 224
39 35 224
35 43 579
43 35 579
35 40 716
40 35 716
36 39 478
39 36 478
36 38 186
38 36 186
36 36 504
36 36 504
37 42 254
42 37 254
37 44 390
44 37 390
37 40 505
40 37 505
37 44 158
44 37 158
38 45 84
45 38 84
38 41 306
41 38 306
38 41 648
41 38 648
38 38 390
38 38 390
38 43 524
43 38 524
38 43 955
43 38 955
38 43 681
43 38 681
38 45 919
45 38 919
39 43 576
43 39 576
39 45 778
45 39 778
40 45 712
45 40 712
41 45 670
45 41 670
41 42 73
42 41 73
41 44 652
44 41 652
41 41 637
41 41 637
42 45 41
45 42 41
43 44 924
44 43 924
45 45 477
45 45 477
