69

0 1 77
1 0 77
0 4 195
4 0 195
0 51 737
51 0 737
0 65 6
65 0 6
0 41 824
41 0 824
0 0 84
0 0 84
1 2 876
2 1 876
1 3 370
3 1 370
1 56 798
56 1 798
1 61 688
61 1 688
2 5 504
5 2 504
2 11 572
11 2 572
2 64 790
64 2 790
2 9 750
9 2 750
3 7 69
7 3 69
3 19 994
19 3 994
3 25 326
25 3 326
3 26 331
26 3 331
3 48 583
48 3 583
3 68 410
68 3 410
3 34 519
34 3 519
4 8 275
8 4 275
4 21 557
21 4 557
4 40 94
40 4 94
4 22 332
22 4 332
5 6 267
6 5 267
5 9 325
9 5 325
5 27 973
27 5 973
5 28 718
28 5 718
5 29 760
29 5 760
5 60 267
60 5 267
5 25 259
25 5 259
5 8 704
8 5 704
6 10 699
10 6 699
6 12 905
12 6 905
6 15 818
15 6 818
6 7 90
7 6 90
6 64 180
64 6 180
7 17 876
17 7 876
7 38 692
38 7 692
7 62 377
62 7 377
8 18 299
18 8 299
8 30 863
30 8 863
9 58 529
58 9 529
9 14 429
14 9 429
9 53 690
53 9 690
9 27 19
27 9 19
10 14 211
14 10 211
11 63 714
63 11 714
11 23 502
23 11 502
11 23 109
23 11 109
12 13 584
13 12 584
12 16 496
16 12 496
12 25 509
25 12 509
12 18 720
18 12 720
12 43 829
43 12 829
13 59 523
59 13 523
13 46 828
46 13 828
14 48 301
48 14 301
14 54 251
54 14 251
15 32 36
32 15 36
15 38 127
38 15 127
15 50 46
50 15 46
16 22 840
22 16 840
16 31 678
31 16 678
16 35 931
35 16 931
16 33 930
33 16 930
16 61 816
61 16 816
17 20 502
20 17 502
17 61 232
61 17 232
17 65 413
65 17 413
17 39 765
39 17 765
18 43 834
43 18 834
19 67 979
67 19 979
19 44 171
44 19 171
19 28 944
28 19 944
20 23 980
23 20 980
20 34 705
34 20 705
20 41 144
41 20 144
20 45 552
45 20 552
21 37 852
37 21 852
21 43 248
43 21 248
21 47 528
47 21 528
21 45 615
45 21 615
22 24 986
24 22 986
22 42 818
42 22 818
22 47 459
47 22 459
22 54 33
54 22 33
22 60 92
60 22 92
23 65 186
65 23 186
23 29 53
29 23 53
23 53 934
53 23 934
24 36 101
36 24 101
24 39 261
39 24 261
24 31 388
31 24 388
24 59 595
59 24 595
24 60 63
60 24 63
25 44 720
44 25 720
26 66 766
66 26 766
26 50 340
50 26 340
27 45 216
45 27 216
27 62 742
62 27 742
27 51 106
51 27 106
28 30 78
30 28 78
28 33 436
33 28 436
28 49 753
49 28 753
28 60 494
60 28 494
29 32 501
32 29 501
29 53 454
53 29 454
29 33 986
33 29 986
30 46 809
46 30 809
30 57 596
57 30 596
30 46 443
46 30 443
32 53 985
53 32 985
33 67 449
67 33 449
35 40 394
40 35 394
35 56 28
56 35 28
36 45 198
45 36 198
37 50 362
50 37 362
37 66 824
66 37 824
39 68 49
68 39 49
39 63 846
63 39 846
39 64 957
64 39 957
43 52 266
52 43 266
43 61 992
61 43 992
44 47 635
47 44 635
45 52 852
52 45 852
45 46 404
46 45 404
46 59 760
59 46 760
48 68 631
68 48 631
48 61 567
61 48 567
49 63 741
63 49 741
49 60 804
60 49 804
52 59 948
59 52 948
54 55 706
55 54 706
55 61 509
61 55 509
56 64 724
64 56 724
57 64 54
64 57 54
63 65 617
65 63 617
63 64 462
64 63 462
