88

0 1 588
1 0 588
0 2 821
2 0 821
0 6 755
6 0 755
0 8 982
8 0 982
0 39 162
39 0 162
1 15 836
15 1 836
1 26 204
26 1 204
1 47 68
47 1 68
1 27 454
27 1 454
1 16 698
16 1 698
2 3 703
3 2 703
2 5 882
5 2 882
2 12 575
12 2 575
2 53 703
53 2 703
2 62 94
62 2 94
2 63 453
63 2 453
3 4 409
4 3 409
3 51 916
51 3 916
4 17 620
17 4 620
4 20 64
20 4 64
4 22 167
22 4 167
4 56 780
56 4 780
4 38 155
38 4 155
5 7 22
7 5 22
5 11 802
11 5 802
5 59 331
59 5 331
5 54 978
54 5 978
5 58 598
58 5 598
6 10 748
10 6 748
6 81 777
81 6 777
7 9 196
9 7 196
7 16 342
16 7 342
7 26 641
26 7 641
8 25 610
25 8 610
8 67 862
67 8 862
8 85 690
85 8 690
9 21 983
21 9 983
9 32 579
32 9 579
10 13 907
13 10 907
10 42 544
42 10 544
11 18 427
18 11 427
11 32 737
32 11 737
11 36 676
36 11 676
11 49 743
49 11 743
11 43 815
43 11 815
12 14 255
14 12 255
12 28 570
28 12 570
12 86 853
86 12 853
12 62 157
62 12 157
12 85 615
85 12 615
13 61 256
61 13 256
14 29 172
29 14 172
14 67 938
67 14 938
14 77 716
77 14 716
15 19 147
19 15 147
15 23 409
23 15 409
15 27 762
27 15 762
16 67 53
67 16 53
17 24 83
24 17 83
17 54 233
54 17 233
18 30 814
30 18 814
18 30 793
30 18 793
19 31 790
31 19 790
19 41 404
41 19 404
19 86 332
86 19 332
21 34 216
34 21 216
21 38 491
38 21 491
21 58 849
58 21 849
21 41 368
41 21 368
23 68 542
68 23 542
23 72 422
72 23 422
23 65 187
65 23 187
24 42 149
42 24 149
24 66 67
66 24 67
25 48 462
48 25 462
25 57 999
57 25 999
25 73 899
73 25 899
25 62 424
62 25 424
26 82 306
82 26 306
26 75 702
75 26 702
27 58 216
58 27 216
27 70 295
70 27 295
27 50 319
50 27 319
28 50 705
50 28 705
28 37 708
37 28 708
29 52 228
52 29 228
29 64 218
64 29 218
31 33 987
33 31 987
31 37 755
37 31 755
31 87 410
87 31 410
31 32 693
32 31 693
32 35 64
35 32 64
33 40 333
40 33 333
35 44 789
44 35 789
35 76 375
76 35 375
35 38 5
38 35 5
36 43 923
43 36 923
36 45 666
45 36 666
37 66 857
66 37 857
39 51 128
51 39 128
43 84 97
84 43 97
43 63 340
63 43 340
43 62 605
62 43 605
44 46 414
46 44 414
44 63 979
63 44 979
44 66 149
66 44 149
45 62 501
62 45 501
45 84 986
84 45 986
46 72 233
72 46 233
46 80 141
80 46 141
46 57 51
57 46 51
46 52 736
52 46 736
47 65 880
65 47 880
49 71 437
71 49 437
53 55 264
55 53 264
53 60 536
60 53 536
54 81 761
81 54 761
54 79 314
79 54 314
56 75 623
75 56 623
56 79 229
79 56 229
57 80 920
80 57 920
57 80 278
80 57 278
60 69 475
69 60 475
61 70 451
70 61 451
62 63 784
63 62 784
63 79 406
79 63 406
67 74 457
74 67 457
68 70 243
70 68 243
68 69 984
69 68 984
69 77 613
77 69 613
69 85 105
85 69 105
70 71 912
71 70 912
73 78 830
78 73 830
75 84 112
84 75 112
80 83 995
83 80 995
