44

0 1 289
1 0 289
0 4 156
4 0 156
0 35 962
35 0 962
0 37 677
37 0 677
0 42 58
42 0 58
0 9 910
9 0 910
0 15 337
15 0 337
0 1 393
1 0 393
0 27 459
27 0 459
0 2 917
2 0 917
0 28 10
28 0 10
0 11 493
11 0 493
0 43 10
43 0 10
0 30 364
30 0 364
0 27 183
27 0 183
0 21 397
21 0 397
0 7 961
7 0 961
0 26 662
26 0 662
0 23 204
23 0 204
0 18 264
18 0 264
0 21 937
21 0 937
0 36 139
36 0 139
0 33 882
33 0 882
0 2 691
2 0 691
0 35 996
35 0 996
0 18 900
18 0 900
1 2 320
2 1 320
1 5 564
5 1 564
1 18 655
18 1 655
1 23 543
23 1 543
1 6 182
6 1 182
1 37 932
37 1 932
1 23 185
23 1 185
1 13 517
13 1 517
1 32 894
32 1 894
1 10 108
10 1 108
1 19 647
19 1 647
1 17 828
17 1 828
1 18 144
18 1 144
1 23 869
23 1 869
1 2 62
2 1 62
1 28 839
28 1 839
1 22 898
22 1 898
1 38 133
38 1 133
1 9 93
9 1 93
1 17 678
17 1 678
1 29 552
29 1 552
1 38 436
38 1 436
1 28 543
28 1 543
1 13 657
13 1 657
1 3 821
3 1 821
1 20 347
20 1 347
1 28 11
28 1 11
1 9 45
9 1 45
1 26 538
26 1 538
1 5 200
5 1 200
1 40 400
40 1 400
1 11 985
11 1 985
1 40 95
40 1 95
2 3 112
3 2 112
2 6 992
6 2 992
2 26 670
26 2 670
2 23 923
23 2 923
2 7 952
7 2 952
2 41 992
41 2 992
2 5 894
5 2 894
2 35 616
35 2 616
2 24 429
24 2 429
2 10 55
10 2 55
2 41 635
41 2 635
2 29 313
29 2 313
2 35 100
35 2 100
2 7 912
7 2 912
2 35 303
35 2 303
2 24 627
24 2 627
2 32 217
32 2 217
2 16 213
16 2 213
2 30 309
30 2 309
2 23 296
23 2 296
2 32 412
32 2 412
2 2 371
2 2 371
2 33 448
33 2 448
2 21 276
21 2 276
2 8 531
8 2 531
2 25 463
25 2 463
2 25 311
25 2 311
3 35 831
35 3 831
3 42 910
42 3 910
3 10 827
10 3 827
3 27 534
27 3 534
3 13 280
13 3 280
3 4 456
4 3 456
3 10 253
10 3 253
3 28 706
28 3 706
3 29 612
29 3 612
3 42 795
42 3 795
3 20 844
20 3 844
3 16 62
16 3 62
3 26 516
26 3 516
3 24 29
24 3 29
3 21 374
21 3 374
3 11 465
11 3 465
4 8 438
8 4 438
4 27 302
27 4 302
4 31 182
31 4 182
4 42 459
42 4 459
4 4 413
4 4 413
4 27 474
27 4 474
4 23 94
23 4 94
4 5 57
5 4 57
4 40 641
40 4 641
4 10 530
10 4 530
4 22 193
22 4 193
4 7 211
7 4 211
4 25 427
25 4 427
4 5 827
5 4 827
4 17 499
17 4 499
4 37 99
37 4 99
4 18 633
18 4 633
4 13 185
13 4 185
4 26 918
26 4 918
4 19 43
19 4 43
4 10 629
10 4 629
5 42 5
42 5 5
5 14 126
14 5 126
5 30 463
30 5 463
5 28 784
28 5 784
5 25 410
25 5 410
5 5 505
5 5 505
5 21 73
21 5 73
5 26 382
26 5 382
5 39 167
39 5 167
5 37 670
37 5 670
5 37 431
37 5 431
5 19 190
19 5 190
5 6 313
6 5 313
5 24 507
24 5 507
5 42 139
42 5 139
5 17 745
17 5 745
6 7 418
7 6 418
6 20 247
20 6 247
6 24 227
24 6 227
6 19 38
19 6 38
6 9 231
9 6 231
6 10 544
10 6 544
6 7 631
7 6 631
6 28 440
28 6 440
6 8 191
8 6 191
6 14 48
14 6 48
6 40 128
40 6 128
6 41 236
41 6 236
6 30 560
30 6 560
6 18 16
18 6 16
6 8 388
8 6 388
6 6 342
6 6 342
6 25 931
25 6 931
6 23 657
23 6 657
6 15 436
15 6 436
6 24 635
24 6 635
6 24 845
24 6 845
7 9 243
9 7 243
7 11 118
11 7 118
7 20 658
20 7 658
7 22 686
22 7 686
7 32 625
32 7 625
7 42 292
42 7 292
7 41 373
41 7 373
7 16 615
16 7 615
7 25 373
25 7 373
7 10 72
10 7 72
7 8 33
8 7 33
7 12 501
12 7 501
7 34 460
34 7 460
7 40 456
40 7 456
7 31 703
31 7 703
7 17 771
17 7 771
7 28 935
28 7 935
7 26 581
26 7 581
7 30 233
30 7 233
8 10 10
10 8 10
8 12 795
12 8 795
8 16 63
16 8 63
8 19 909
19 8 909
8 22 480
22 8 480
8 32 39
32 8 39
8 23 702
23 8 702
8 18 686
18 8 686
8 34 294
34 8 294
8 41 599
41 8 599
8 18 545
18 8 545
8 10 430
10 8 430
8 34 347
34 8 347
8 37 736
37 8 736
8 28 730
28 8 730
8 16 986
16 8 986
8 21 500
21 8 500
8 14 936
14 8 936
8 8 85
8 8 85
8 42 487
42 8 487
8 40 185
40 8 185
8 19 454
19 8 454
8 25 440
25 8 440
8 17 807
17 8 807
9 13 406
13 9 406
9 42 87
42 9 87
9 37 332
37 9 332
9 23 987
23 9 987
9 20 84
20 9 84
9 11 588
11 9 588
9 37 379
37 9 379
9 11 599
11 9 599
9 16 268
16 9 268
9 16 488
16 9 488
9 24 967
24 9 967
9 21 629
21 9 629
9 9 955
9 9 955
9 35 889
35 9 889
9 28 459
28 9 459
9 15 304
15 9 304
10 19 972
19 10 972
10 29 836
29 10 836
10 42 63
42 10 63
10 29 911
29 10 911
10 20 560
20 10 560
10 38 505
38 10 505
10 22 330
22 10 330
10 23 799
23 10 799
10 11 108
11 10 108
10 16 655
16 10 655
10 26 310
26 10 310
10 33 190
33 10 190
10 41 472
41 10 472
10 31 43
31 10 43
10 39 214
39 10 214
10 14 110
14 10 110
10 17 176
17 10 176
10 27 221
27 10 221
10 20 137
20 10 137
10 41 536
41 10 536
10 24 83
24 10 83
10 28 73
28 10 73
10 11 195
11 10 195
10 22 491
22 10 491
10 40 660
40 10 660
10 27 737
27 10 737
10 39 307
39 10 307
10 35 758
35 10 758
10 11 892
11 10 892
10 18 758
18 10 758
11 15 173
15 11 173
11 30 718
30 11 718
11 30 989
30 11 989
11 22 652
22 11 652
11 32 58
32 11 58
11 30 302
30 11 302
11 37 439
37 11 439
11 31 53
31 11 53
11 23 988
23 11 988
11 40 574
40 11 574
11 15 963
15 11 963
11 13 706
13 11 706
12 34 208
34 12 208
12 31 556
31 12 556
12 23 746
23 12 746
12 41 202
41 12 202
12 21 81
21 12 81
12 42 779
42 12 779
12 35 98
35 12 98
12 37 922
37 12 922
12 25 142
25 12 142
12 40 504
40 12 504
12 26 475
26 12 475
12 30 550
30 12 550
12 23 430
23 12 430
12 20 380
20 12 380
12 19 942
19 12 942
12 26 145
26 12 145
12 29 967
29 12 967
12 23 182
23 12 182
12 16 42
16 12 42
12 43 78
43 12 78
12 38 862
38 12 862
12 13 497
13 12 497
12 25 23
25 12 23
13 14 172
14 13 172
13 22 305
22 13 305
13 32 598
32 13 598
13 35 347
35 13 347
13 22 826
22 13 826
13 29 63
29 13 63
13 18 817
18 13 817
13 24 907
24 13 907
13 43 791
43 13 791
13 25 269
25 13 269
13 13 799
13 13 799
13 19 928
19 13 928
13 31 288
31 13 288
13 42 290
42 13 290
13 24 417
24 13 417
14 21 562
21 14 562
14 30 398
30 14 398
14 29 718
29 14 718
14 28 90
28 14 90
14 43 753
43 14 753
14 29 807
29 14 807
14 36 164
36 14 164
14 33 411
33 14 411
14 40 727
40 14 727
14 17 250
17 14 250
15 17 363
17 15 363
15 30 892
30 15 892
15 43 537
43 15 537
15 22 778
22 15 778
15 25 911
25 15 911
15 37 172
37 15 172
15 38 689
38 15 689
15 17 162
17 15 162
15 20 396
20 15 396
15 34 583
34 15 583
15 27 178
27 15 178
15 30 545
30 15 545
15 19 496
19 15 496
15 32 259
32 15 259
15 17 172
17 15 172
15 24 212
24 15 212
15 30 415
30 15 415
15 18 855
18 15 855
15 43 747
43 15 747
15 40 958
40 15 958
15 38 941
38 15 941
15 43 466
43 15 466
16 39 273
39 16 273
16 36 50
36 16 50
16 18 597
18 16 597
16 34 750
34 16 750
16 20 541
20 16 541
16 30 139
30 16 139
16 37 540
37 16 540
16 40 776
40 16 776
16 21 393
21 16 393
16 16 183
16 16 183
16 25 661
25 16 661
16 30 883
30 16 883
16 26 901
26 16 901
16 23 6
23 16 6
17 17 983
17 17 983
17 25 930
25 17 930
17 43 825
43 17 825
17 28 491
28 17 491
17 21 449
21 17 449
17 41 670
41 17 670
17 34 436
34 17 436
17 28 415
28 17 415
17 40 379
40 17 379
17 29 957
29 17 957
17 30 720
30 17 720
17 30 982
30 17 982
17 42 701
42 17 701
18 32 645
32 18 645
18 39 903
39 18 903
18 27 39
27 18 39
18 26 727
26 18 727
18 28 68
28 18 68
18 29 726
29 18 726
18 37 887
37 18 887
18 26 460
26 18 460
18 33 143
33 18 143
18 38 619
38 18 619
18 38 520
38 18 520
18 37 789
37 18 789
18 38 508
38 18 508
19 28 932
28 19 932
19 40 147
40 19 147
19 41 740
41 19 740
19 40 704
40 19 704
19 37 985
37 19 985
19 24 412
24 19 412
19 42 626
42 19 626
19 40 393
40 19 393
19 27 911
27 19 911
19 20 202
20 19 202
19 38 720
38 19 720
19 21 133
21 19 133
19 32 189
32 19 189
19 29 287
29 19 287
19 24 250
24 19 250
20 34 514
34 20 514
20 40 741
40 20 741
20 41 665
41 20 665
20 25 467
25 20 467
20 22 494
22 20 494
20 24 186
24 20 186
20 27 57
27 20 57
20 43 166
43 20 166
20 40 472
40 20 472
20 27 611
27 20 611
20 34 270
34 20 270
20 31 716
31 20 716
21 26 319
26 21 319
21 31 584
31 21 584
21 29 6
29 21 6
21 42 283
42 21 283
21 31 443
31 21 443
21 30 346
30 21 346
21 30 388
30 21 388
21 28 746
28 21 746
21 34 287
34 21 287
21 42 73
42 21 73
21 22 136
22 21 136
21 26 805
26 21 805
21 34 751
34 21 751
21 23 832
23 21 832
21 40 598
40 21 598
21 22 676
22 21 676
21 34 753
34 21 753
21 23 985
23 21 985
21 42 485
42 21 485
21 38 364
38 21 364
21 34 891
34 21 891
22 29 668
29 22 668
22 43 305
43 22 305
22 37 125
37 22 125
22 42 454
42 22 454
22 39 223
39 22 223
22 32 962
32 22 962
22 37 271
37 22 271
23 41 81
41 23 81
23 40 723
40 23 723
23 34 371
34 23 371
23 40 176
40 23 176
23 38 957
38 23 957
23 42 869
42 23 869
23 37 828
37 23 828
23 30 257
30 23 257
23 30 183
30 23 183
23 31 334
31 23 334
23 37 73
37 23 73
23 40 736
40 23 736
23 38 746
38 23 746
23 26 993
26 23 993
23 30 506
30 23 506
24 25 336
25 24 336
24 42 930
42 24 930
24 25 34
25 24 34
24 30 756
30 24 756
24 33 90
33 24 90
24 28 428
28 24 428
24 24 26
24 24 26
24 36 38
36 24 38
24 35 352
35 24 352
24 33 516
33 24 516
24 42 105
42 24 105
24 42 303
42 24 303
24 29 716
29 24 716
24 40 350
40 24 350
24 31 532
31 24 532
24 34 616
34 24 616
25 38 89
38 25 89
25 39 648
39 25 648
25 27 497
27 25 497
25 41 721
41 25 721
25 37 882
37 25 882
25 41 903
41 25 903
25 25 202
25 25 202
25 30 139
30 25 139
25 34 40
34 25 40
25 26 213
26 25 213
25 37 965
37 25 965
25 40 272
40 25 272
25 38 672
38 25 672
25 41 620
41 25 620
26 38 760
38 26 760
26 37 466
37 26 466
26 37 491
37 26 491
26 43 785
43 26 785
26 43 716
43 26 716
26 31 309
31 26 309
26 38 566
38 26 566
26 32 310
32 26 310
26 42 373
42 26 373
26 41 169
41 26 169
26 36 351
36 26 351
26 37 793
37 26 793
27 43 815
43 27 815
27 35 436
35 27 436
27 28 866
28 27 866
27 33 284
33 27 284
27 39 777
39 27 777
27 30 348
30 27 348
27 34 78
34 27 78
27 42 44
42 27 44
27 28 742
28 27 742
27 28 215
28 27 215
28 33 643
33 28 643
28 37 338
37 28 338
28 40 878
40 28 878
28 40 284
40 28 284
28 28 181
28 28 181
28 36 948
36 28 948
28 42 763
42 28 763
28 31 344
31 28 344
29 31 302
31 29 302
29 39 420
39 29 420
29 34 439
34 29 439
29 36 473
36 29 473
29 43 971
43 29 971
29 33 308
33 29 308
29 31 692
31 29 692
29 38 564
38 29 564
29 30 403
30 29 403
30 43 895
43 30 895
30 40 91
40 30 91
30 41 258
41 30 258
30 35 419
35 30 419
30 31 702
31 30 702
30 34 471
34 30 471
30 36 851
36 30 851
30 34 188
34 30 188
31 34 931
34 31 931
31 36 294
36 31 294
31 36 527
36 31 527
31 39 298
39 31 298
31 37 865
37 31 865
31 38 501
38 31 501
31 40 324
40 31 324
31 40 777
40 31 777
31 36 374
36 31 374
32 33 996
33 32 996
32 34 582
34 32 582
32 39 413
39 32 413
32 42 203
42 32 203
32 35 918
35 32 918
32 42 960
42 32 960
32 42 281
42 32 281
32 37 471
37 32 471
32 33 370
33 32 370
33 33 539
33 33 539
33 40 133
40 33 133
33 34 708
34 33 708
33 38 241
38 33 241
33 43 528
43 33 528
34 36 148
36 34 148
34 43 28
43 34 28
34 34 865
34 34 865
34 34 72
34 34 72
34 39 705
39 34 705
34 42 818
42 34 818
34 38 977
38 34 977
34 43 55
43 34 55
34 38 403
38 34 403
35 41 52
41 35 52
35 43 242
43 35 242
35 36 367
36 35 367
35 40 718
40 35 718
35 41 694
41 35 694
35 39 707
39 35 707
36 38 426
38 36 426
36 40 73
40 36 73
37 43 110
43 37 110
37 39 483
39 37 483
38 40 998
40 38 998
38 39 313
39 38 313
38 43 284
43 38 284
38 41 230
41 38 230
39 42 582
42 39 582
39 42 964
42 39 964
40 42 793
42 40 793
40 42 767
42 40 767
41 42 333
42 41 333
42 43 512
43 42 512
