54

0 1 932
1 0 932
0 41 43
41 0 43
0 30 489
30 0 489
0 25 304
25 0 304
0 32 572
32 0 572
0 45 63
45 0 63
0 1 233
1 0 233
0 53 46
53 0 46
0 12 498
12 0 498
0 29 975
29 0 975
0 50 923
50 0 923
0 3 359
3 0 359
0 52 950
52 0 950
0 32 518
32 0 518
0 5 369
5 0 369
0 35 670
35 0 670
0 31 913
31 0 913
0 45 350
45 0 350
0 11 523
11 0 523
1 2 331
2 1 331
1 4 854
4 1 854
1 6 235
6 1 235
1 7 157
7 1 157
1 16 636
16 1 636
1 21 972
21 1 972
1 24 393
24 1 393
1 45 862
45 1 862
1 29 939
29 1 939
1 26 195
26 1 195
1 45 45
45 1 45
1 51 587
51 1 587
1 42 71
42 1 71
1 11 52
11 1 52
1 10 533
10 1 533
1 39 855
39 1 855
1 42 702
42 1 702
1 50 467
50 1 467
1 31 896
31 1 896
1 15 38
15 1 38
1 24 509
24 1 509
1 8 674
8 1 674
1 9 951
9 1 951
1 31 588
31 1 588
1 35 732
35 1 732
2 3 257
3 2 257
2 47 274
47 2 274
2 5 571
5 2 571
2 15 60
15 2 60
2 17 923
17 2 923
2 12 185
12 2 185
2 43 652
43 2 652
2 16 696
16 2 696
2 25 403
25 2 403
2 10 897
10 2 897
2 45 174
45 2 174
2 9 646
9 2 646
2 52 516
52 2 516
2 51 111
51 2 111
2 35 537
35 2 537
2 18 90
18 2 90
2 39 248
39 2 248
2 24 17
24 2 17
2 5 427
5 2 427
3 9 95
9 3 95
3 25 432
25 3 432
3 46 242
46 3 242
3 41 880
41 3 880
3 26 387
26 3 387
3 49 669
49 3 669
3 12 553
12 3 553
3 36 267
36 3 267
3 6 587
6 3 587
3 43 106
43 3 106
3 32 843
32 3 843
3 32 540
32 3 540
4 5 245
5 4 245
4 47 20
47 4 20
4 6 843
6 4 843
4 7 154
7 4 154
4 36 717
36 4 717
4 26 144
26 4 144
4 23 844
23 4 844
4 22 761
22 4 761
4 25 912
25 4 912
4 34 26
34 4 26
4 34 287
34 4 287
5 19 473
19 5 473
5 28 984
28 5 984
5 37 150
37 5 150
5 27 554
27 5 554
5 23 217
23 5 217
5 46 828
46 5 828
5 19 214
19 5 214
5 50 371
50 5 371
5 40 788
40 5 788
5 16 108
16 5 108
5 21 447
21 5 447
5 25 355
25 5 355
5 8 54
8 5 54
5 26 143
26 5 143
5 35 90
35 5 90
6 8 377
8 6 377
6 28 159
28 6 159
6 18 562
18 6 562
6 13 570
13 6 570
6 20 246
20 6 246
6 38 942
38 6 942
6 8 41
8 6 41
6 45 174
45 6 174
6 46 673
46 6 673
6 31 408
31 6 408
6 17 751
17 6 751
6 11 618
11 6 618
6 34 175
34 6 175
6 46 64
46 6 64
6 19 799
19 6 799
6 51 226
51 6 226
6 46 934
46 6 934
6 11 904
11 6 904
6 37 335
37 6 335
7 10 479
10 7 479
7 14 502
14 7 502
7 27 668
27 7 668
7 20 128
20 7 128
7 48 37
48 7 37
7 46 2
46 7 2
7 32 603
32 7 603
7 8 406
8 7 406
7 16 737
16 7 737
7 26 28
26 7 28
7 15 310
15 7 310
7 28 391
28 7 391
7 52 431
52 7 431
7 33 906
33 7 906
7 49 178
49 7 178
7 51 698
51 7 698
7 22 561
22 7 561
8 12 719
12 8 719
8 18 678
18 8 678
8 47 272
47 8 272
8 9 270
9 8 270
8 18 166
18 8 166
8 26 600
26 8 600
8 23 94
23 8 94
8 28 147
28 8 147
8 11 997
11 8 997
8 12 474
12 8 474
8 21 940
21 8 940
8 13 291
13 8 291
8 28 212
28 8 212
8 25 944
25 8 944
8 15 249
15 8 249
8 50 507
50 8 507
8 32 667
32 8 667
8 25 702
25 8 702
8 24 946
24 8 946
8 49 436
49 8 436
8 14 146
14 8 146
8 43 242
43 8 242
9 31 305
31 9 305
9 46 73
46 9 73
9 30 835
30 9 835
9 19 944
19 9 944
9 51 150
51 9 150
9 10 679
10 9 679
9 25 468
25 9 468
9 42 908
42 9 908
9 18 227
18 9 227
9 35 403
35 9 403
9 17 884
17 9 884
9 33 437
33 9 437
9 16 592
16 9 592
9 46 959
46 9 959
10 11 676
11 10 676
10 21 890
21 10 890
10 14 625
14 10 625
10 28 466
28 10 466
10 37 422
37 10 422
10 39 268
39 10 268
10 33 45
33 10 45
10 16 499
16 10 499
10 17 519
17 10 519
10 34 692
34 10 692
10 15 67
15 10 67
10 13 386
13 10 386
10 11 332
11 10 332
10 22 925
22 10 925
10 25 299
25 10 299
10 39 521
39 10 521
10 47 150
47 10 150
10 39 861
39 10 861
11 16 917
16 11 917
11 19 606
19 11 606
11 34 212
34 11 212
11 31 969
31 11 969
11 38 946
38 11 946
11 17 640
17 11 640
11 41 517
41 11 517
11 24 369
24 11 369
12 13 268
13 12 268
12 20 522
20 12 522
12 29 503
29 12 503
12 49 555
49 12 555
12 25 713
25 12 713
12 26 135
26 12 135
12 14 964
14 12 964
12 38 7
38 12 7
12 23 460
23 12 460
12 51 463
51 12 463
12 20 412
20 12 412
13 15 947
15 13 947
13 32 656
32 13 656
13 18 986
18 13 986
13 25 750
25 13 750
13 49 11
49 13 11
13 28 35
28 13 35
13 37 550
37 13 550
13 29 60
29 13 60
13 51 1000
51 13 1000
13 25 494
25 13 494
13 48 948
48 13 948
13 21 159
21 13 159
13 52 95
52 13 95
13 15 28
15 13 28
14 50 398
50 14 398
14 37 318
37 14 318
14 47 573
47 14 573
14 47 263
47 14 263
14 29 512
29 14 512
14 20 722
20 14 722
14 24 302
24 14 302
14 14 824
14 14 824
15 23 404
23 15 404
15 36 934
36 15 934
15 38 95
38 15 95
15 41 164
41 15 164
15 18 172
18 15 172
15 35 430
35 15 430
15 31 449
31 15 449
15 49 885
49 15 885
15 46 115
46 15 115
15 38 844
38 15 844
15 35 599
35 15 599
15 37 903
37 15 903
15 30 952
30 15 952
15 42 79
42 15 79
15 45 777
45 15 777
16 17 958
17 16 958
16 33 247
33 16 247
16 47 508
47 16 508
16 53 876
53 16 876
16 48 424
48 16 424
16 49 253
49 16 253
16 20 302
20 16 302
16 25 969
25 16 969
16 46 423
46 16 423
16 43 633
43 16 633
16 25 675
25 16 675
16 19 949
19 16 949
16 50 178
50 16 178
16 29 539
29 16 539
16 32 48
32 16 48
16 32 234
32 16 234
16 36 923
36 16 923
16 35 453
35 16 453
16 39 254
39 16 254
16 38 569
38 16 569
16 36 245
36 16 245
17 22 903
22 17 903
17 40 698
40 17 698
17 24 679
24 17 679
17 43 987
43 17 987
17 36 794
36 17 794
17 42 163
42 17 163
17 46 746
46 17 746
17 42 381
42 17 381
17 21 690
21 17 690
17 33 175
33 17 175
17 35 975
35 17 975
17 26 984
26 17 984
18 42 55
42 18 55
18 51 241
51 18 241
18 41 174
41 18 174
18 53 322
53 18 322
18 20 190
20 18 190
18 44 1
44 18 1
18 30 293
30 18 293
18 47 793
47 18 793
18 22 192
22 18 192
18 48 160
48 18 160
18 41 565
41 18 565
18 42 874
42 18 874
19 51 142
51 19 142
19 35 472
35 19 472
19 25 266
25 19 266
19 46 337
46 19 337
19 42 299
42 19 299
19 43 806
43 19 806
19 44 838
44 19 838
19 27 735
27 19 735
19 32 212
32 19 212
19 39 550
39 19 550
19 50 424
50 19 424
19 35 798
35 19 798
19 35 239
35 19 239
19 46 444
46 19 444
20 29 677
29 20 677
20 36 640
36 20 640
20 25 101
25 20 101
20 48 779
48 20 779
20 34 516
34 20 516
20 38 236
38 20 236
20 39 422
39 20 422
20 38 379
38 20 379
20 39 214
39 20 214
20 53 464
53 20 464
20 39 190
39 20 190
21 27 798
27 21 798
21 23 946
23 21 946
21 28 589
28 21 589
21 25 414
25 21 414
21 25 845
25 21 845
21 39 192
39 21 192
21 53 62
53 21 62
21 43 356
43 21 356
21 24 502
24 21 502
21 36 48
36 21 48
21 46 407
46 21 407
21 52 902
52 21 902
22 34 771
34 22 771
22 22 727
22 22 727
22 30 554
30 22 554
22 34 16
34 22 16
22 32 450
32 22 450
22 40 829
40 22 829
22 29 931
29 22 931
22 28 746
28 22 746
22 29 760
29 22 760
23 30 144
30 23 144
23 41 136
41 23 136
23 30 779
30 23 779
23 52 832
52 23 832
23 29 705
29 23 705
23 42 357
42 23 357
23 51 163
51 23 163
23 37 261
37 23 261
23 50 180
50 23 180
23 31 426
31 23 426
23 45 373
45 23 373
24 53 953
53 24 953
24 45 599
45 24 599
24 31 748
31 24 748
24 30 701
30 24 701
24 43 413
43 24 413
24 41 84
41 24 84
24 37 445
37 24 445
24 25 937
25 24 937
25 26 908
26 25 908
25 48 706
48 25 706
25 30 945
30 25 945
25 42 61
42 25 61
25 25 243
25 25 243
25 38 114
38 25 114
25 50 699
50 25 699
25 27 206
27 25 206
25 29 245
29 25 245
25 26 403
26 25 403
25 53 996
53 25 996
25 29 103
29 25 103
25 46 353
46 25 353
26 30 789
30 26 789
26 34 356
34 26 356
26 35 945
35 26 945
26 52 994
52 26 994
26 36 624
36 26 624
26 50 347
50 26 347
26 28 7
28 26 7
26 50 853
50 26 853
26 45 612
45 26 612
26 28 466
28 26 466
26 43 250
43 26 250
26 42 784
42 26 784
26 46 443
46 26 443
26 48 640
48 26 640
26 28 85
28 26 85
26 39 66
39 26 66
26 40 958
40 26 958
26 43 54
43 26 54
27 40 906
40 27 906
27 48 663
48 27 663
27 44 466
44 27 466
27 47 221
47 27 221
27 49 20
49 27 20
27 28 940
28 27 940
27 43 448
43 27 448
27 37 512
37 27 512
27 38 76
38 27 76
28 45 822
45 28 822
28 45 796
45 28 796
28 29 191
29 28 191
28 30 650
30 28 650
28 36 470
36 28 470
28 53 961
53 28 961
28 51 704
51 28 704
28 38 863
38 28 863
28 32 635
32 28 635
28 38 79
38 28 79
28 35 928
35 28 928
28 43 827
43 28 827
28 51 390
51 28 390
28 28 46
28 28 46
28 48 91
48 28 91
28 53 566
53 28 566
28 30 986
30 28 986
29 35 204
35 29 204
29 50 440
50 29 440
29 41 119
41 29 119
30 39 140
39 30 140
30 52 772
52 30 772
30 50 778
50 30 778
30 38 364
38 30 364
30 35 71
35 30 71
30 34 432
34 30 432
30 36 704
36 30 704
30 40 256
40 30 256
30 48 350
48 30 350
30 43 427
43 30 427
30 44 297
44 30 297
30 33 159
33 30 159
30 39 55
39 30 55
30 49 798
49 30 798
31 51 694
51 31 694
31 32 740
32 31 740
31 41 402
41 31 402
31 47 641
47 31 641
31 37 166
37 31 166
31 49 916
49 31 916
31 46 340
46 31 340
31 35 501
35 31 501
31 38 510
38 31 510
31 37 682
37 31 682
31 39 743
39 31 743
32 43 217
43 32 217
33 38 495
38 33 495
33 37 432
37 33 432
33 35 980
35 33 980
33 37 227
37 33 227
33 36 817
36 33 817
34 48 122
48 34 122
34 35 955
35 34 955
34 36 688
36 34 688
34 43 415
43 34 415
34 46 188
46 34 188
34 49 634
49 34 634
34 48 797
48 34 797
34 45 306
45 34 306
34 41 301
41 34 301
35 40 291
40 35 291
35 40 340
40 35 340
35 48 944
48 35 944
35 44 486
44 35 486
36 53 968
53 36 968
36 40 455
40 36 455
36 43 864
43 36 864
36 52 506
52 36 506
36 49 347
49 36 347
36 46 44
46 36 44
37 39 337
39 37 337
37 41 895
41 37 895
37 41 257
41 37 257
37 46 110
46 37 110
37 43 565
43 37 565
38 44 279
44 38 279
38 46 18
46 38 18
38 38 273
38 38 273
38 43 519
43 38 519
38 48 174
48 38 174
38 49 557
49 38 557
38 44 927
44 38 927
39 48 853
48 39 853
39 47 768
47 39 768
39 41 841
41 39 841
40 50 286
50 40 286
40 47 633
47 40 633
40 42 557
42 40 557
40 52 355
52 40 355
40 51 554
51 40 554
40 45 713
45 40 713
40 42 223
42 40 223
40 50 181
50 40 181
40 41 463
41 40 463
41 42 954
42 41 954
41 46 639
46 41 639
41 45 794
45 41 794
42 43 270
43 42 270
42 49 605
49 42 605
42 44 955
44 42 955
43 49 337
49 43 337
43 47 262
47 43 262
43 46 401
46 43 401
43 53 139
53 43 139
45 46 646
46 45 646
45 53 217
53 45 217
45 53 33
53 45 33
45 48 406
48 45 406
45 49 598
49 45 598
46 46 169
46 46 169
46 46 150
46 46 150
46 47 508
47 46 508
46 49 630
49 46 630
46 50 30
50 46 30
47 49 226
49 47 226
47 48 626
48 47 626
47 49 834
49 47 834
48 51 279
51 48 279
51 51 363
51 51 363
52 52 86
52 52 86
52 52 11
52 52 11
