79

0 1 339
1 0 339
0 2 403
2 0 403
0 39 896
39 0 896
0 58 51
58 0 51
0 59 803
59 0 803
0 0 605
0 0 605
0 22 210
22 0 210
0 25 850
25 0 850
0 61 321
61 0 321
0 9 744
9 0 744
0 19 706
19 0 706
0 31 261
31 0 261
0 25 773
25 0 773
1 3 757
3 1 757
1 7 693
7 1 693
1 24 454
24 1 454
1 25 181
25 1 181
1 72 742
72 1 742
1 76 515
76 1 515
1 31 898
31 1 898
1 2 43
2 1 43
1 72 216
72 1 216
1 70 339
70 1 339
1 4 124
4 1 124
1 74 345
74 1 345
1 32 392
32 1 392
2 14 720
14 2 720
2 22 974
22 2 974
2 26 271
26 2 271
2 9 361
9 2 361
2 66 297
66 2 297
2 19 367
19 2 367
2 68 290
68 2 290
2 8 472
8 2 472
2 26 889
26 2 889
2 61 173
61 2 173
2 15 935
15 2 935
2 76 424
76 2 424
2 3 770
3 2 770
3 4 710
4 3 710
3 5 359
5 3 359
3 6 349
6 3 349
3 11 904
11 3 904
3 65 571
65 3 571
3 48 426
48 3 426
3 4 543
4 3 543
3 57 718
57 3 718
3 62 660
62 3 660
3 23 444
23 3 444
3 40 664
40 3 664
3 8 354
8 3 354
3 75 622
75 3 622
3 56 525
56 3 525
3 20 233
20 3 233
3 10 763
10 3 763
3 33 921
33 3 921
3 27 98
27 3 98
4 37 348
37 4 348
4 53 199
53 4 199
4 31 586
31 4 586
4 41 527
41 4 527
4 49 935
49 4 935
4 68 388
68 4 388
4 77 577
77 4 577
4 29 711
29 4 711
4 62 499
62 4 499
4 18 434
18 4 434
5 12 321
12 5 321
5 35 343
35 5 343
5 36 915
36 5 915
5 40 434
40 5 434
5 32 65
32 5 65
5 60 125
60 5 125
5 70 375
70 5 375
5 28 472
28 5 472
5 21 217
21 5 217
5 58 391
58 5 391
5 29 156
29 5 156
5 27 697
27 5 697
6 9 637
9 6 637
6 10 523
10 6 523
6 21 70
21 6 70
6 48 879
48 6 879
6 73 879
73 6 879
6 51 821
51 6 821
6 7 880
7 6 880
6 17 271
17 6 271
6 18 177
18 6 177
6 41 525
41 6 525
6 28 771
28 6 771
7 8 869
8 7 869
7 15 690
15 7 690
7 55 673
55 7 673
7 18 183
18 7 183
7 67 195
67 7 195
7 38 977
38 7 977
8 23 137
23 8 137
8 28 960
28 8 960
8 38 195
38 8 195
8 67 341
67 8 341
8 78 879
78 8 879
8 70 562
70 8 562
8 35 803
35 8 803
8 36 928
36 8 928
8 18 102
18 8 102
9 48 994
48 9 994
9 51 451
51 9 451
9 55 253
55 9 253
9 17 497
17 9 497
9 39 900
39 9 900
9 41 36
41 9 36
9 52 654
52 9 654
9 63 186
63 9 186
9 25 903
25 9 903
9 53 618
53 9 618
9 69 225
69 9 225
9 20 243
20 9 243
9 25 165
25 9 165
9 68 986
68 9 986
9 36 277
36 9 277
9 68 128
68 9 128
9 60 930
60 9 930
10 16 743
16 10 743
10 29 466
29 10 466
10 69 138
69 10 138
10 62 332
62 10 332
10 46 889
46 10 889
10 78 943
78 10 943
10 29 33
29 10 33
10 46 364
46 10 364
10 32 278
32 10 278
10 33 486
33 10 486
10 61 982
61 10 982
10 21 363
21 10 363
10 35 179
35 10 179
10 63 156
63 10 156
11 13 459
13 11 459
11 21 759
21 11 759
11 46 531
46 11 531
11 51 378
51 11 378
11 18 126
18 11 126
11 14 471
14 11 471
11 37 409
37 11 409
11 30 771
30 11 771
11 47 185
47 11 185
11 20 75
20 11 75
11 59 22
59 11 22
12 44 348
44 12 348
12 16 326
16 12 326
12 30 656
30 12 656
12 32 166
32 12 166
12 78 227
78 12 227
12 35 243
35 12 243
12 12 889
12 12 889
12 43 825
43 12 825
12 39 74
39 12 74
12 57 216
57 12 216
12 70 502
70 12 502
13 18 68
18 13 68
13 19 439
19 13 439
13 20 110
20 13 110
13 32 269
32 13 269
13 37 287
37 13 287
13 44 649
44 13 649
13 46 588
46 13 588
13 61 26
61 13 26
13 49 592
49 13 592
13 57 859
57 13 859
13 70 670
70 13 670
13 76 738
76 13 738
13 38 670
38 13 670
13 59 305
59 13 305
14 58 201
58 14 201
14 61 61
61 14 61
14 17 673
17 14 673
14 29 246
29 14 246
14 54 496
54 14 496
14 53 923
53 14 923
14 35 219
35 14 219
14 64 444
64 14 444
15 51 745
51 15 745
15 16 35
16 15 35
15 36 528
36 15 528
15 76 782
76 15 782
15 21 405
21 15 405
15 40 647
40 15 647
15 56 424
56 15 424
15 53 887
53 15 887
15 18 848
18 15 848
15 71 319
71 15 319
16 17 703
17 16 703
16 49 538
49 16 538
16 62 304
62 16 304
16 29 152
29 16 152
16 24 674
24 16 674
16 51 134
51 16 134
16 44 198
44 16 198
16 20 455
20 16 455
16 40 862
40 16 862
17 69 564
69 17 564
17 34 593
34 17 593
17 55 954
55 17 954
17 39 661
39 17 661
17 47 202
47 17 202
18 74 813
74 18 813
18 64 658
64 18 658
18 63 811
63 18 811
18 26 217
26 18 217
18 74 799
74 18 799
18 35 848
35 18 848
19 27 901
27 19 901
19 35 776
35 19 776
19 42 212
42 19 212
19 58 943
58 19 943
19 55 232
55 19 232
19 43 436
43 19 436
19 35 895
35 19 895
19 68 106
68 19 106
19 56 39
56 19 39
19 71 149
71 19 149
20 54 979
54 20 979
20 21 490
21 20 490
20 74 834
74 20 834
20 42 87
42 20 87
20 58 191
58 20 191
20 43 502
43 20 502
21 45 822
45 21 822
21 49 751
49 21 751
21 76 897
76 21 897
21 42 48
42 21 48
21 75 246
75 21 246
21 50 289
50 21 289
21 26 278
26 21 278
21 31 928
31 21 928
21 36 429
36 21 429
21 23 336
23 21 336
21 41 25
41 21 25
21 52 140
52 21 140
22 68 56
68 22 56
22 30 993
30 22 993
22 77 656
77 22 656
22 36 794
36 22 794
22 57 234
57 22 234
23 37 382
37 23 382
23 46 744
46 23 744
23 62 43
62 23 43
23 30 397
30 23 397
23 63 420
63 23 420
23 25 795
25 23 795
23 47 285
47 23 285
23 23 303
23 23 303
23 68 80
68 23 80
24 66 854
66 24 854
24 25 94
25 24 94
24 55 740
55 24 740
24 59 563
59 24 563
24 29 977
29 24 977
24 70 689
70 24 689
24 27 449
27 24 449
24 67 782
67 24 782
24 64 926
64 24 926
24 46 210
46 24 210
24 74 940
74 24 940
25 30 430
30 25 430
25 30 85
30 25 85
25 54 495
54 25 495
25 46 320
46 25 320
26 32 875
32 26 875
26 30 540
30 26 540
26 28 72
28 26 72
26 73 597
73 26 597
27 31 23
31 27 23
27 71 815
71 27 815
27 78 295
78 27 295
27 57 558
57 27 558
27 67 530
67 27 530
27 52 391
52 27 391
27 31 714
31 27 714
27 53 194
53 27 194
27 49 683
49 27 683
27 61 155
61 27 155
27 66 783
66 27 783
27 71 922
71 27 922
28 61 530
61 28 530
28 58 483
58 28 483
28 66 787
66 28 787
28 48 241
48 28 241
28 31 599
31 28 599
28 70 561
70 28 561
28 75 618
75 28 618
28 63 949
63 28 949
29 33 690
33 29 690
29 50 711
50 29 711
29 70 164
70 29 164
29 76 938
76 29 938
29 72 244
72 29 244
29 60 317
60 29 317
29 73 141
73 29 141
29 39 286
39 29 286
29 31 261
31 29 261
29 49 198
49 29 198
29 72 620
72 29 620
29 33 551
33 29 551
30 34 854
34 30 854
30 47 479
47 30 479
30 38 24
38 30 24
30 55 349
55 30 349
30 69 265
69 30 265
30 69 723
69 30 723
30 31 333
31 30 333
30 69 400
69 30 400
30 67 354
67 30 354
30 52 396
52 30 396
30 37 176
37 30 176
30 48 989
48 30 989
30 47 69
47 30 69
30 76 182
76 30 182
31 46 680
46 31 680
31 72 616
72 31 616
31 57 308
57 31 308
31 66 500
66 31 500
31 71 265
71 31 265
31 74 153
74 31 153
31 45 620
45 31 620
31 48 369
48 31 369
32 42 608
42 32 608
32 76 503
76 32 503
32 54 825
54 32 825
32 76 408
76 32 408
32 66 583
66 32 583
32 66 549
66 32 549
32 65 492
65 32 492
33 51 728
51 33 728
33 39 196
39 33 196
33 68 200
68 33 200
33 40 542
40 33 542
33 72 792
72 33 792
33 39 632
39 33 632
33 55 705
55 33 705
33 71 553
71 33 553
34 41 838
41 34 838
34 52 192
52 34 192
34 53 205
53 34 205
34 53 519
53 34 519
34 64 860
64 34 860
34 63 905
63 34 905
34 71 794
71 34 794
34 75 530
75 34 530
34 70 110
70 34 110
35 51 479
51 35 479
35 77 686
77 35 686
36 43 142
43 36 142
36 52 204
52 36 204
36 65 779
65 36 779
36 42 251
42 36 251
36 74 588
74 36 588
36 60 292
60 36 292
37 57 176
57 37 176
37 43 195
43 37 195
37 78 540
78 37 540
37 37 169
37 37 169
37 37 81
37 37 81
37 74 761
74 37 761
38 44 918
44 38 918
38 62 961
62 38 961
38 57 405
57 38 405
38 50 613
50 38 613
38 53 169
53 38 169
38 42 431
42 38 431
38 60 927
60 38 927
38 55 164
55 38 164
38 71 483
71 38 483
38 73 381
73 38 381
38 69 95
69 38 95
39 60 596
60 39 596
39 75 704
75 39 704
39 58 59
58 39 59
39 48 525
48 39 525
39 54 774
54 39 774
39 42 699
42 39 699
39 49 937
49 39 937
40 77 322
77 40 322
40 52 768
52 40 768
40 44 540
44 40 540
40 43 543
43 40 543
41 73 487
73 41 487
41 66 188
66 41 188
41 55 636
55 41 636
41 49 270
49 41 270
41 51 627
51 41 627
41 55 829
55 41 829
41 76 871
76 41 871
42 61 254
61 42 254
42 42 762
42 42 762
42 75 271
75 42 271
42 76 135
76 42 135
42 49 252
49 42 252
42 77 561
77 42 561
43 69 570
69 43 570
43 70 984
70 43 984
43 49 475
49 43 475
43 56 94
56 43 94
43 44 421
44 43 421
43 48 618
48 43 618
44 54 412
54 44 412
44 69 715
69 44 715
44 70 56
70 44 56
44 62 834
62 44 834
44 58 535
58 44 535
44 71 234
71 44 234
44 78 582
78 44 582
44 60 582
60 44 582
45 56 171
56 45 171
45 70 601
70 45 601
45 67 145
67 45 145
45 48 566
48 45 566
45 70 63
70 45 63
46 61 55
61 46 55
46 64 938
64 46 938
46 49 351
49 46 351
46 55 192
55 46 192
46 77 191
77 46 191
47 71 195
71 47 195
47 50 948
50 47 948
47 58 291
58 47 291
47 77 916
77 47 916
48 55 129
55 48 129
48 74 368
74 48 368
48 69 181
69 48 181
48 52 508
52 48 508
48 76 481
76 48 481
49 50 629
50 49 629
49 75 389
75 49 389
49 71 260
71 49 260
49 53 791
53 49 791
49 61 113
61 49 113
49 63 364
63 49 364
50 77 145
77 50 145
50 50 98
50 50 98
50 64 757
64 50 757
50 75 787
75 50 787
50 55 133
55 50 133
50 61 761
61 50 761
50 59 350
59 50 350
50 74 444
74 50 444
51 77 854
77 51 854
51 57 828
57 51 828
51 71 292
71 51 292
52 54 300
54 52 300
52 69 558
69 52 558
52 54 128
54 52 128
52 77 21
77 52 21
52 72 88
72 52 88
52 78 536
78 52 536
52 64 99
64 52 99
52 64 472
64 52 472
53 64 449
64 53 449
53 54 254
54 53 254
53 64 519
64 53 519
53 69 731
69 53 731
54 64 321
64 54 321
54 63 409
63 54 409
54 77 358
77 54 358
54 61 691
61 54 691
55 59 848
59 55 848
55 63 92
63 55 92
55 67 570
67 55 570
56 59 57
59 56 57
56 66 2
66 56 2
56 74 963
74 56 963
56 75 967
75 56 967
56 57 993
57 56 993
57 72 150
72 57 150
57 58 274
58 57 274
57 63 239
63 57 239
58 71 69
71 58 69
58 71 991
71 58 991
58 61 477
61 58 477
58 63 75
63 58 75
58 59 579
59 58 579
59 65 789
65 59 789
59 62 957
62 59 957
59 64 494
64 59 494
60 66 391
66 60 391
62 73 61
73 62 61
62 75 64
75 62 64
63 72 758
72 63 758
63 78 536
78 63 536
63 72 185
72 63 185
63 74 974
74 63 974
63 73 688
73 63 688
64 64 366
64 64 366
64 75 649
75 64 649
64 75 267
75 64 267
65 72 236
72 65 236
65 73 91
73 65 91
66 76 488
76 66 488
66 78 305
78 66 305
67 75 206
75 67 206
67 74 549
74 67 549
68 77 56
77 68 56
68 77 456
77 68 456
68 68 485
68 68 485
68 77 324
77 68 324
68 70 432
70 68 432
69 70 596
70 69 596
70 72 113
72 70 113
70 73 887
73 70 887
71 72 862
72 71 862
73 74 845
74 73 845
75 76 467
76 75 467
