84

0 1 543
1 0 543
0 2 42
2 0 42
0 3 236
3 0 236
0 42 77
42 0 77
0 73 154
73 0 154
0 76 69
76 0 69
0 60 12
60 0 12
0 1 655
1 0 655
1 8 67
8 1 67
1 31 165
31 1 165
1 32 364
32 1 364
1 44 932
44 1 932
1 65 506
65 1 506
1 69 326
69 1 326
1 75 176
75 1 176
1 41 343
41 1 343
1 56 162
56 1 162
1 18 133
18 1 133
1 65 928
65 1 928
1 80 24
80 1 24
2 36 126
36 2 126
2 82 822
82 2 822
2 61 857
61 2 857
2 20 408
20 2 408
2 67 346
67 2 346
2 83 485
83 2 485
2 54 200
54 2 200
2 53 990
53 2 990
2 52 656
52 2 656
2 19 241
19 2 241
2 17 284
17 2 284
3 4 740
4 3 740
3 5 340
5 3 340
3 6 736
6 3 736
3 7 441
7 3 441
3 71 380
71 3 380
3 83 742
83 3 742
3 36 621
36 3 621
3 17 132
17 3 132
3 83 101
83 3 101
3 39 825
39 3 825
4 11 597
11 4 597
4 20 754
20 4 754
4 59 190
59 4 190
4 29 805
29 4 805
4 52 593
52 4 593
4 70 472
70 4 472
4 37 19
37 4 19
4 56 644
56 4 644
4 47 899
47 4 899
4 49 654
49 4 654
4 18 88
18 4 88
4 76 134
76 4 134
4 12 863
12 4 863
4 60 389
60 4 389
5 10 83
10 5 83
5 12 71
12 5 71
5 14 641
14 5 641
5 15 505
15 5 505
5 75 914
75 5 914
5 64 716
64 5 716
5 53 214
53 5 214
5 8 755
8 5 755
5 25 880
25 5 880
5 23 49
23 5 49
6 9 657
9 6 657
6 13 304
13 6 304
6 28 510
28 6 510
6 46 417
46 6 417
6 21 917
21 6 917
6 18 273
18 6 273
6 9 801
9 6 801
6 62 430
62 6 430
6 62 657
62 6 657
6 45 533
45 6 533
6 55 725
55 6 725
6 60 94
60 6 94
6 80 847
80 6 847
6 82 578
82 6 578
7 22 213
22 7 213
7 30 500
30 7 500
7 33 629
33 7 629
7 26 92
26 7 92
7 61 142
61 7 142
7 78 407
78 7 407
7 18 786
18 7 786
7 12 635
12 7 635
7 62 751
62 7 751
7 54 870
54 7 870
7 42 819
42 7 819
8 18 766
18 8 766
8 49 172
49 8 172
8 80 398
80 8 398
8 50 485
50 8 485
8 65 333
65 8 333
8 82 836
82 8 836
8 23 693
23 8 693
8 22 714
22 8 714
9 60 158
60 9 158
10 21 115
21 10 115
10 25 446
25 10 446
10 27 219
27 10 219
10 39 716
39 10 716
10 55 336
55 10 336
10 43 493
43 10 493
10 72 303
72 10 303
10 32 465
32 10 465
10 27 783
27 10 783
10 33 164
33 10 164
10 52 351
52 10 351
11 19 80
19 11 80
11 24 501
24 11 501
11 29 269
29 11 269
11 33 226
33 11 226
11 68 872
68 11 872
11 72 900
72 11 900
11 41 444
41 11 444
11 31 491
31 11 491
11 23 145
23 11 145
11 76 106
76 11 106
11 67 495
67 11 495
12 16 694
16 12 694
12 26 545
26 12 545
12 37 252
37 12 252
12 35 69
35 12 69
12 21 168
21 12 168
12 21 50
21 12 50
12 55 535
55 12 535
12 43 838
43 12 838
12 31 56
31 12 56
12 14 461
14 12 461
13 54 480
54 13 480
13 37 299
37 13 299
13 13 805
13 13 805
13 29 72
29 13 72
13 42 885
42 13 885
13 35 130
35 13 130
13 31 754
31 13 754
13 52 35
52 13 35
14 44 65
44 14 65
14 28 616
28 14 616
14 48 504
48 14 504
14 81 484
81 14 484
15 17 930
17 15 930
15 30 101
30 15 101
15 19 334
19 15 334
15 49 119
49 15 119
15 32 369
32 15 369
15 63 373
63 15 373
16 61 215
61 16 215
16 29 821
29 16 821
16 43 787
43 16 787
16 42 154
42 16 154
16 26 73
26 16 73
16 24 388
24 16 388
16 22 413
22 16 413
17 52 257
52 17 257
17 68 262
68 17 262
17 82 982
82 17 982
17 47 580
47 17 580
17 77 817
77 17 817
17 33 330
33 17 330
17 31 19
31 17 19
17 43 290
43 17 290
17 81 774
81 17 774
17 21 900
21 17 900
18 67 831
67 18 831
18 21 129
21 18 129
18 40 69
40 18 69
18 25 173
25 18 173
18 53 167
53 18 167
18 20 793
20 18 793
18 64 333
64 18 333
18 24 325
24 18 325
18 19 932
19 18 932
19 31 399
31 19 399
19 28 642
28 19 642
19 62 460
62 19 460
19 70 102
70 19 102
19 42 602
42 19 602
20 45 811
45 20 811
20 50 648
50 20 648
20 54 52
54 20 52
20 32 183
32 20 183
20 43 350
43 20 350
20 68 73
68 20 73
20 65 69
65 20 69
20 82 227
82 20 227
21 23 285
23 21 285
21 56 991
56 21 991
21 58 587
58 21 587
21 34 199
34 21 199
21 76 672
76 21 672
21 63 250
63 21 250
21 76 627
76 21 627
21 22 485
22 21 485
22 38 619
38 22 619
22 81 510
81 22 510
22 82 451
82 22 451
22 36 677
36 22 677
23 47 284
47 23 284
23 53 525
53 23 525
23 56 413
56 23 413
23 66 621
66 23 621
23 51 870
51 23 870
23 50 872
50 23 872
24 55 773
55 24 773
24 38 570
38 24 570
24 66 804
66 24 804
24 45 670
45 24 670
24 63 971
63 24 971
24 54 748
54 24 748
25 36 580
36 25 580
25 79 651
79 25 651
25 60 797
60 25 797
25 54 964
54 25 964
26 81 106
81 26 106
26 82 636
82 26 636
26 31 150
31 26 150
26 33 310
33 26 310
27 34 789
34 27 789
27 38 670
38 27 670
27 35 51
35 27 51
27 71 656
71 27 656
27 59 693
59 27 693
27 80 823
80 27 823
27 75 95
75 27 95
28 42 411
42 28 411
28 55 202
55 28 202
28 56 755
56 28 755
28 54 524
54 28 524
28 50 162
50 28 162
28 56 144
56 28 144
28 28 830
28 28 830
28 32 86
32 28 86
28 36 89
36 28 89
29 82 55
82 29 55
29 29 737
29 29 737
29 78 468
78 29 468
29 63 984
63 29 984
29 76 147
76 29 147
29 35 302
35 29 302
29 33 442
33 29 442
29 76 351
76 29 351
29 53 291
53 29 291
30 56 962
56 30 962
30 44 563
44 30 563
30 73 38
73 30 38
31 73 162
73 31 162
31 46 796
46 31 796
31 49 281
49 31 281
31 59 359
59 31 359
31 70 426
70 31 426
31 37 503
37 31 503
31 42 447
42 31 447
32 35 998
35 32 998
32 82 236
82 32 236
32 38 670
38 32 670
32 77 105
77 32 105
32 53 923
53 32 923
33 53 176
53 33 176
33 54 730
54 33 730
33 62 763
62 33 763
33 51 836
51 33 836
33 38 387
38 33 387
33 69 741
69 33 741
34 37 794
37 34 794
34 62 650
62 34 650
35 40 595
40 35 595
35 41 175
41 35 175
35 57 63
57 35 63
35 44 990
44 35 990
35 35 200
35 35 200
35 61 529
61 35 529
36 52 251
52 36 251
36 75 115
75 36 115
36 82 980
82 36 980
36 41 981
41 36 981
37 65 709
65 37 709
38 43 693
43 38 693
38 40 737
40 38 737
38 46 830
46 38 830
38 65 400
65 38 400
38 55 138
55 38 138
38 62 477
62 38 477
38 40 772
40 38 772
39 48 480
48 39 480
39 81 358
81 39 358
39 66 72
66 39 72
39 44 755
44 39 755
40 55 171
55 40 171
40 50 627
50 40 627
40 45 310
45 40 310
40 44 392
44 40 392
40 80 682
80 40 682
41 77 818
77 41 818
41 61 954
61 41 954
41 61 722
61 41 722
41 61 172
61 41 172
42 51 482
51 42 482
42 72 389
72 42 389
42 74 523
74 42 523
42 42 226
42 42 226
42 75 33
75 42 33
42 56 458
56 42 458
43 62 378
62 43 378
43 61 296
61 43 296
43 80 343
80 43 343
43 83 587
83 43 587
44 57 370
57 44 370
44 65 925
65 44 925
45 58 564
58 45 564
45 64 314
64 45 314
45 48 461
48 45 461
46 56 962
56 46 962
46 68 857
68 46 857
47 70 838
70 47 838
47 83 858
83 47 858
47 77 909
77 47 909
47 56 426
56 47 426
47 50 454
50 47 454
48 79 555
79 48 555
48 60 131
60 48 131
48 62 402
62 48 402
49 79 478
79 49 478
49 56 485
56 49 485
50 50 989
50 50 989
50 67 782
67 50 782
51 60 442
60 51 442
51 72 876
72 51 876
52 74 958
74 52 958
52 75 177
75 52 177
52 73 708
73 52 708
54 66 76
66 54 76
54 72 615
72 54 615
54 63 765
63 54 765
55 66 111
66 55 111
55 75 608
75 55 608
55 75 846
75 55 846
55 77 269
77 55 269
56 78 749
78 56 749
56 62 798
62 56 798
57 76 334
76 57 334
57 79 743
79 57 743
57 75 20
75 57 20
57 73 216
73 57 216
57 64 443
64 57 443
58 66 518
66 58 518
58 76 253
76 58 253
59 62 776
62 59 776
60 64 279
64 60 279
60 70 577
70 60 577
60 83 808
83 60 808
60 66 369
66 60 369
62 63 499
63 62 499
62 63 258
63 62 258
63 80 385
80 63 385
63 69 581
69 63 581
64 70 7
70 64 7
65 76 678
76 65 678
65 80 923
80 65 923
66 82 382
82 66 382
66 69 342
69 66 342
66 80 958
80 66 958
66 81 670
81 66 670
66 74 840
74 66 840
67 69 185
69 67 185
68 76 657
76 68 657
68 79 164
79 68 164
68 83 485
83 68 485
69 70 689
70 69 689
69 72 262
72 69 262
69 79 12
79 69 12
69 73 108
73 69 108
70 75 479
75 70 479
70 72 751
72 70 751
70 76 43
76 70 43
70 80 103
80 70 103
74 77 933
77 74 933
