89

0 1 732
1 0 732
0 42 428
42 0 428
0 22 543
22 0 543
0 3 80
3 0 80
0 52 57
52 0 57
0 42 552
42 0 552
0 21 126
21 0 126
0 34 1
34 0 1
0 84 610
84 0 610
0 8 947
8 0 947
0 21 255
21 0 255
0 60 803
60 0 803
0 24 859
24 0 859
0 54 2
54 0 2
0 5 366
5 0 366
0 6 722
6 0 722
0 67 52
67 0 52
1 2 714
2 1 714
1 10 465
10 1 465
1 11 98
11 1 98
1 16 60
16 1 60
1 22 570
22 1 570
1 64 361
64 1 361
1 88 95
88 1 95
1 45 142
45 1 142
1 15 673
15 1 673
1 87 966
87 1 966
1 77 989
77 1 989
1 62 777
62 1 777
1 74 263
74 1 263
1 77 321
77 1 321
1 42 668
42 1 668
1 67 239
67 1 239
1 75 62
75 1 62
1 38 252
38 1 252
1 65 586
65 1 586
1 43 794
43 1 794
1 38 272
38 1 272
2 3 699
3 2 699
2 85 613
85 2 613
2 53 410
53 2 410
2 70 44
70 2 44
2 53 61
53 2 61
2 61 928
61 2 928
2 14 991
14 2 991
2 44 315
44 2 315
2 58 519
58 2 519
2 4 150
4 2 150
2 14 563
14 2 563
2 46 451
46 2 451
2 15 568
15 2 568
2 4 372
4 2 372
2 47 291
47 2 291
3 4 333
4 3 333
3 8 107
8 3 107
3 20 879
20 3 879
3 36 143
36 3 143
3 54 692
54 3 692
3 27 773
27 3 773
3 74 492
74 3 492
3 33 209
33 3 209
3 8 761
8 3 761
3 45 148
45 3 148
3 37 935
37 3 935
3 58 581
58 3 581
3 42 554
42 3 554
3 55 401
55 3 401
3 49 583
49 3 583
3 42 202
42 3 202
3 62 231
62 3 231
3 40 740
40 3 740
3 83 416
83 3 416
3 24 573
24 3 573
3 66 69
66 3 69
3 57 308
57 3 308
3 3 711
3 3 711
3 43 370
43 3 370
3 22 59
22 3 59
4 5 979
5 4 979
4 7 797
7 4 797
4 9 295
9 4 295
4 59 780
59 4 780
4 77 146
77 4 146
4 80 27
80 4 27
4 48 774
48 4 774
4 67 773
67 4 773
4 43 243
43 4 243
4 57 694
57 4 694
4 61 711
61 4 711
4 51 360
51 4 360
4 24 564
24 4 564
4 64 589
64 4 589
4 70 357
70 4 357
5 6 774
6 5 774
5 14 673
14 5 673
5 28 500
28 5 500
5 48 935
48 5 935
5 6 514
6 5 514
5 29 552
29 5 552
5 83 392
83 5 392
5 14 286
14 5 286
5 87 570
87 5 570
5 51 145
51 5 145
5 66 818
66 5 818
5 6 798
6 5 798
5 71 31
71 5 31
5 79 560
79 5 560
5 63 375
63 5 375
5 86 826
86 5 826
5 21 464
21 5 464
5 14 997
14 5 997
5 82 247
82 5 247
5 62 618
62 5 618
5 8 91
8 5 91
6 13 994
13 6 994
6 15 672
15 6 672
6 17 248
17 6 248
6 34 192
34 6 192
6 81 952
81 6 952
6 87 225
87 6 225
6 73 932
73 6 932
6 36 825
36 6 825
6 43 147
43 6 147
6 30 259
30 6 259
6 29 907
29 6 907
6 49 432
49 6 432
6 34 946
34 6 946
6 84 819
84 6 819
6 50 737
50 6 737
6 40 479
40 6 479
6 77 186
77 6 186
6 38 213
38 6 213
6 69 301
69 6 301
6 63 686
63 6 686
7 31 621
31 7 621
7 86 182
86 7 182
7 54 881
54 7 881
7 26 876
26 7 876
7 24 869
24 7 869
7 65 432
65 7 432
7 10 876
10 7 876
7 44 403
44 7 403
7 15 233
15 7 233
7 73 589
73 7 589
7 13 158
13 7 158
8 18 622
18 8 622
8 21 413
21 8 413
8 9 891
9 8 891
8 75 789
75 8 789
8 18 349
18 8 349
8 36 585
36 8 585
8 32 104
32 8 104
8 59 240
59 8 240
8 20 900
20 8 900
8 10 927
10 8 927
9 27 843
27 9 843
9 33 864
33 9 864
9 35 609
35 9 609
9 43 230
43 9 230
9 58 738
58 9 738
9 67 852
67 9 852
9 29 520
29 9 520
9 26 633
26 9 633
9 49 798
49 9 798
9 79 47
79 9 47
9 57 367
57 9 367
9 29 188
29 9 188
9 44 123
44 9 123
9 16 54
16 9 54
9 18 657
18 9 657
9 29 25
29 9 25
9 56 616
56 9 616
9 82 158
82 9 158
9 18 910
18 9 910
10 12 676
12 10 676
10 20 200
20 10 200
10 23 89
23 10 89
10 23 585
23 10 585
10 61 445
61 10 445
10 18 449
18 10 449
10 15 208
15 10 208
10 12 805
12 10 805
10 11 25
11 10 25
10 32 125
32 10 125
10 32 884
32 10 884
10 32 47
32 10 47
11 30 262
30 11 262
11 61 799
61 11 799
11 37 872
37 11 872
11 66 546
66 11 546
11 74 70
74 11 70
11 46 40
46 11 40
11 15 588
15 11 588
11 41 250
41 11 250
11 17 699
17 11 699
11 17 389
17 11 389
12 58 863
58 12 863
12 73 872
73 12 872
12 77 19
77 12 19
12 37 232
37 12 232
12 32 866
32 12 866
12 88 542
88 12 542
12 35 465
35 12 465
12 23 340
23 12 340
12 26 37
26 12 37
12 44 850
44 12 850
13 65 508
65 13 508
13 39 734
39 13 734
13 59 713
59 13 713
13 71 294
71 13 294
13 33 379
33 13 379
13 65 214
65 13 214
13 22 699
22 13 699
13 27 691
27 13 691
13 39 406
39 13 406
13 49 68
49 13 68
13 82 869
82 13 869
13 33 420
33 13 420
13 48 913
48 13 913
13 70 901
70 13 901
13 16 590
16 13 590
13 40 843
40 13 843
14 19 953
19 14 953
14 50 400
50 14 400
14 34 328
34 14 328
14 28 856
28 14 856
14 70 913
70 14 913
14 65 746
65 14 746
14 71 587
71 14 587
14 54 154
54 14 154
14 69 942
69 14 942
14 86 307
86 14 307
15 23 824
23 15 824
15 50 453
50 15 453
15 34 331
34 15 331
15 67 952
67 15 952
15 87 732
87 15 732
15 22 800
22 15 800
15 64 981
64 15 981
15 76 310
76 15 310
15 18 212
18 15 212
15 54 141
54 15 141
15 30 466
30 15 466
15 26 14
26 15 14
15 87 251
87 15 251
15 27 692
27 15 692
15 32 227
32 15 227
16 25 512
25 16 512
16 52 174
52 16 174
16 34 951
34 16 951
16 48 66
48 16 66
16 46 857
46 16 857
16 42 294
42 16 294
16 60 657
60 16 657
16 65 818
65 16 818
16 81 572
81 16 572
16 48 381
48 16 381
17 24 600
24 17 600
17 29 298
29 17 298
17 79 194
79 17 194
17 31 831
31 17 831
17 81 698
81 17 698
17 73 831
73 17 831
17 37 107
37 17 107
17 83 495
83 17 495
17 64 33
64 17 33
17 50 870
50 17 870
17 59 127
59 17 127
17 47 780
47 17 780
17 63 215
63 17 215
17 69 37
69 17 37
17 47 651
47 17 651
18 40 246
40 18 246
18 72 482
72 18 482
18 23 488
23 18 488
18 21 293
21 18 293
18 48 127
48 18 127
18 43 826
43 18 826
18 25 779
25 18 779
18 69 114
69 18 114
18 78 475
78 18 475
18 38 177
38 18 177
18 73 571
73 18 571
18 53 26
53 18 26
18 22 390
22 18 390
19 47 654
47 19 654
19 40 776
40 19 776
19 75 264
75 19 264
19 56 754
56 19 754
19 55 429
55 19 429
19 41 544
41 19 544
19 76 406
76 19 406
19 71 552
71 19 552
19 27 374
27 19 374
19 74 241
74 19 241
19 26 198
26 19 198
19 38 987
38 19 987
19 20 461
20 19 461
20 46 591
46 20 591
20 60 430
60 20 430
20 27 181
27 20 181
20 56 985
56 20 985
20 82 373
82 20 373
20 88 571
88 20 571
20 80 75
80 20 75
20 39 403
39 20 403
20 64 878
64 20 878
20 44 4
44 20 4
21 76 910
76 21 910
21 44 995
44 21 995
21 31 328
31 21 328
21 36 131
36 21 131
21 44 107
44 21 107
21 66 249
66 21 249
21 57 989
57 21 989
21 53 946
53 21 946
21 60 123
60 21 123
21 41 213
41 21 213
21 24 882
24 21 882
21 74 161
74 21 161
21 27 435
27 21 435
22 26 548
26 22 548
22 87 109
87 22 109
22 26 366
26 22 366
22 23 903
23 22 903
22 26 553
26 22 553
22 83 256
83 22 256
22 75 747
75 22 747
22 44 612
44 22 612
22 85 615
85 22 615
22 80 26
80 22 26
22 29 321
29 22 321
22 44 887
44 22 887
23 36 121
36 23 121
23 66 323
66 23 323
23 58 649
58 23 649
23 72 527
72 23 527
23 70 251
70 23 251
23 47 99
47 23 99
23 81 302
81 23 302
23 61 315
61 23 315
23 44 280
44 23 280
23 24 404
24 23 404
23 61 981
61 23 981
23 28 462
28 23 462
24 44 709
44 24 709
24 69 325
69 24 325
24 78 342
78 24 342
24 74 753
74 24 753
24 37 494
37 24 494
24 73 120
73 24 120
24 47 84
47 24 84
24 27 886
27 24 886
24 59 121
59 24 121
25 38 673
38 25 673
25 68 725
68 25 725
25 73 532
73 25 532
25 70 432
70 25 432
25 84 261
84 25 261
25 38 540
38 25 540
25 77 314
77 25 314
25 60 275
60 25 275
25 50 461
50 25 461
25 53 758
53 25 758
25 53 179
53 25 179
25 71 94
71 25 94
25 32 977
32 25 977
26 71 645
71 26 645
26 44 430
44 26 430
26 31 944
31 26 944
26 42 382
42 26 382
26 88 600
88 26 600
26 76 167
76 26 167
27 37 753
37 27 753
27 51 365
51 27 365
27 76 869
76 27 869
27 71 499
71 27 499
27 41 429
41 27 429
27 63 239
63 27 239
27 82 349
82 27 349
27 59 257
59 27 257
27 29 897
29 27 897
27 39 673
39 27 673
28 66 577
66 28 577
28 29 788
29 28 788
28 48 180
48 28 180
28 58 661
58 28 661
28 30 565
30 28 565
28 54 890
54 28 890
28 44 417
44 28 417
28 50 914
50 28 914
28 87 200
87 28 200
28 32 876
32 28 876
28 32 222
32 28 222
28 39 322
39 28 322
29 62 590
62 29 590
29 60 648
60 29 648
29 86 636
86 29 636
29 56 488
56 29 488
29 77 670
77 29 670
29 48 19
48 29 19
29 72 189
72 29 189
29 83 642
83 29 642
29 70 287
70 29 287
30 82 915
82 30 915
30 56 309
56 30 309
30 55 821
55 30 821
30 66 841
66 30 841
30 67 630
67 30 630
30 71 638
71 30 638
30 33 344
33 30 344
30 88 159
88 30 159
30 51 915
51 30 915
30 35 526
35 30 526
30 52 375
52 30 375
30 78 425
78 30 425
30 59 391
59 30 391
30 35 14
35 30 14
30 40 885
40 30 885
31 32 31
32 31 31
31 45 495
45 31 495
31 75 513
75 31 513
31 56 887
56 31 887
31 67 452
67 31 452
31 71 601
71 31 601
31 80 325
80 31 325
31 37 700
37 31 700
31 40 31
40 31 31
31 78 517
78 31 517
31 69 388
69 31 388
31 78 940
78 31 940
31 55 647
55 31 647
31 74 113
74 31 113
32 53 375
53 32 375
32 70 546
70 32 546
32 81 836
81 32 836
32 54 724
54 32 724
32 37 696
37 32 696
32 61 760
61 32 760
32 44 373
44 32 373
32 45 8
45 32 8
32 38 852
38 32 852
32 51 228
51 32 228
32 41 941
41 32 941
33 88 500
88 33 500
33 83 467
83 33 467
33 77 702
77 33 702
33 35 436
35 33 436
33 69 879
69 33 879
33 65 175
65 33 175
33 86 975
86 33 975
33 36 298
36 33 298
33 86 113
86 33 113
34 52 334
52 34 334
34 52 108
52 34 108
34 58 208
58 34 208
34 50 113
50 34 113
34 82 921
82 34 921
34 43 583
43 34 583
34 87 182
87 34 182
35 49 35
49 35 35
35 67 961
67 35 961
35 50 187
50 35 187
35 55 891
55 35 891
35 60 862
60 35 862
35 68 173
68 35 173
35 36 745
36 35 745
35 85 63
85 35 63
36 61 561
61 36 561
36 49 18
49 36 18
36 86 707
86 36 707
36 40 994
40 36 994
36 64 629
64 36 629
37 39 46
39 37 46
37 57 369
57 37 369
37 74 715
74 37 715
37 86 688
86 37 688
37 81 414
81 37 414
37 77 150
77 37 150
37 38 892
38 37 892
37 68 517
68 37 517
37 40 812
40 37 812
37 42 937
42 37 937
37 38 12
38 37 12
37 41 926
41 37 926
37 38 967
38 37 967
38 41 947
41 38 947
38 87 263
87 38 263
38 46 91
46 38 91
38 46 903
46 38 903
38 74 638
74 38 638
38 59 424
59 38 424
38 74 34
74 38 34
39 63 644
63 39 644
39 68 613
68 39 613
39 67 475
67 39 475
39 73 245
73 39 245
39 70 214
70 39 214
39 80 58
80 39 58
39 40 218
40 39 218
39 70 187
70 39 187
39 85 182
85 39 182
39 74 473
74 39 473
40 71 147
71 40 147
40 68 625
68 40 625
40 67 224
67 40 224
40 54 322
54 40 322
40 62 824
62 40 824
40 65 172
65 40 172
40 40 800
40 40 800
40 69 335
69 40 335
41 54 588
54 41 588
41 67 185
67 41 185
41 48 15
48 41 15
41 74 629
74 41 629
41 76 462
76 41 462
41 58 720
58 41 720
41 49 567
49 41 567
41 54 660
54 41 660
41 76 436
76 41 436
42 60 615
60 42 615
42 66 862
66 42 862
42 43 373
43 42 373
43 84 548
84 43 548
43 47 955
47 43 955
43 83 233
83 43 233
43 69 486
69 43 486
43 85 493
85 43 493
43 66 8
66 43 8
43 59 203
59 43 203
44 46 212
46 44 212
44 56 289
56 44 289
44 46 162
46 44 162
44 57 384
57 44 384
45 73 241
73 45 241
45 57 66
57 45 66
45 86 449
86 45 449
45 56 338
56 45 338
45 79 316
79 45 316
45 60 427
60 45 427
45 62 155
62 45 155
45 77 266
77 45 266
45 54 387
54 45 387
45 84 199
84 45 199
45 71 787
71 45 787
45 87 354
87 45 354
45 82 604
82 45 604
46 55 546
55 46 546
46 77 530
77 46 530
46 50 569
50 46 569
46 53 951
53 46 951
46 53 886
53 46 886
46 81 488
81 46 488
47 72 92
72 47 92
47 58 618
58 47 618
47 60 642
60 47 642
47 80 351
80 47 351
47 83 14
83 47 14
47 69 527
69 47 527
47 80 416
80 47 416
47 50 925
50 47 925
48 50 758
50 48 758
48 76 530
76 48 530
48 79 636
79 48 636
48 50 974
50 48 974
48 63 214
63 48 214
48 51 63
51 48 63
48 84 867
84 48 867
48 70 271
70 48 271
49 64 417
64 49 417
49 84 508
84 49 508
49 63 869
63 49 869
49 72 361
72 49 361
49 88 403
88 49 403
49 83 404
83 49 404
49 62 636
62 49 636
49 52 333
52 49 333
49 83 182
83 49 182
49 52 214
52 49 214
50 81 570
81 50 570
50 74 595
74 50 595
50 65 824
65 50 824
50 78 473
78 50 473
50 71 517
71 50 517
50 71 87
71 50 87
50 50 812
50 50 812
50 76 82
76 50 82
50 83 768
83 50 768
51 80 253
80 51 253
51 60 444
60 51 444
51 83 606
83 51 606
51 51 679
51 51 679
51 88 606
88 51 606
52 56 344
56 52 344
52 73 264
73 52 264
52 70 625
70 52 625
52 82 600
82 52 600
52 80 242
80 52 242
52 54 669
54 52 669
52 86 557
86 52 557
52 78 6
78 52 6
53 66 150
66 53 150
53 81 402
81 53 402
53 68 935
68 53 935
53 60 526
60 53 526
53 65 518
65 53 518
54 55 206
55 54 206
54 80 983
80 54 983
54 62 514
62 54 514
54 87 844
87 54 844
54 84 512
84 54 512
54 65 350
65 54 350
54 61 347
61 54 347
55 67 62
67 55 62
55 55 904
55 55 904
55 83 188
83 55 188
55 79 272
79 55 272
56 73 972
73 56 972
56 76 346
76 56 346
56 78 269
78 56 269
56 88 476
88 56 476
56 85 426
85 56 426
57 60 542
60 57 542
57 85 620
85 57 620
57 84 328
84 57 328
57 61 551
61 57 551
57 82 653
82 57 653
57 59 325
59 57 325
57 63 188
63 57 188
58 74 186
74 58 186
58 61 601
61 58 601
58 74 459
74 58 459
59 83 585
83 59 585
59 65 863
65 59 863
59 60 612
60 59 612
60 80 214
80 60 214
60 67 209
67 60 209
60 84 594
84 60 594
60 63 69
63 60 69
60 64 873
64 60 873
60 63 962
63 60 962
60 79 769
79 60 769
61 77 291
77 61 291
61 83 460
83 61 460
61 67 195
67 61 195
62 68 149
68 62 149
62 76 130
76 62 130
62 87 273
87 62 273
62 86 223
86 62 223
63 77 312
77 63 312
63 87 546
87 63 546
63 77 125
77 63 125
63 87 67
87 63 67
63 86 337
86 63 337
63 70 97
70 63 97
64 72 882
72 64 882
64 86 773
86 64 773
64 67 18
67 64 18
65 77 320
77 65 320
66 81 581
81 66 581
66 67 641
67 66 641
66 67 891
67 66 891
66 71 448
71 66 448
66 76 923
76 66 923
67 80 111
80 67 111
67 86 290
86 67 290
67 72 717
72 67 717
67 86 559
86 67 559
68 79 829
79 68 829
68 86 681
86 68 681
69 85 879
85 69 879
69 83 888
83 69 888
69 81 787
81 69 787
70 73 279
73 70 279
70 88 940
88 70 940
70 75 143
75 70 143
70 86 327
86 70 327
70 72 295
72 70 295
71 83 933
83 71 933
71 73 194
73 71 194
71 79 610
79 71 610
72 81 698
81 72 698
72 86 646
86 72 646
72 85 687
85 72 687
72 76 951
76 72 951
73 83 273
83 73 273
73 80 507
80 73 507
73 77 422
77 73 422
74 78 755
78 74 755
74 84 27
84 74 27
74 77 979
77 74 979
76 79 800
79 76 800
77 87 543
87 77 543
77 88 237
88 77 237
77 88 999
88 77 999
78 84 701
84 78 701
79 86 34
86 79 34
80 81 761
81 80 761
80 84 741
84 80 741
80 88 803
88 80 803
82 82 794
82 82 794
83 85 694
85 83 694
84 85 785
85 84 785
