33

0 1 854
1 0 854
0 3 793
3 0 793
0 4 18
4 0 18
0 28 626
28 0 626
1 2 112
2 1 112
1 10 787
10 1 787
1 20 982
20 1 982
1 27 495
27 1 495
1 6 923
6 1 923
2 8 557
8 2 557
2 12 155
12 2 155
3 24 860
24 3 860
3 10 243
10 3 243
4 5 729
5 4 729
5 6 271
6 5 271
5 7 393
7 5 393
7 9 167
9 7 167
8 14 154
14 8 154
8 15 914
15 8 914
8 17 227
17 8 227
9 11 521
11 9 521
9 19 465
19 9 465
10 18 476
18 10 476
10 29 104
29 10 104
11 16 486
16 11 486
11 22 382
22 11 382
11 23 1
23 11 1
12 13 795
13 12 795
12 32 510
32 12 510
14 21 933
21 14 933
19 30 894
30 19 894
21 25 507
25 21 507
21 26 930
26 21 930
24 32 551
32 24 551
26 31 330
31 26 330
