11

0 1 211
1 0 211
0 2 441
2 0 441
0 3 400
3 0 400
0 4 638
4 0 638
0 6 919
6 0 919
0 6 557
6 0 557
0 4 998
4 0 998
0 1 180
1 0 180
0 7 374
7 0 374
0 4 753
4 0 753
0 5 249
5 0 249
1 5 860
5 1 860
1 10 307
10 1 307
1 2 765
2 1 765
1 3 11
3 1 11
1 8 596
8 1 596
1 9 762
9 1 762
1 5 819
5 1 819
1 2 570
2 1 570
1 4 765
4 1 765
2 6 220
6 2 220
2 4 517
4 2 517
2 4 950
4 2 950
2 6 389
6 2 389
2 10 958
10 2 958
2 6 205
6 2 205
2 4 391
4 2 391
2 7 598
7 2 598
2 3 449
3 2 449
3 9 370
9 3 370
3 3 170
3 3 170
4 9 245
9 4 245
4 7 138
7 4 138
4 5 596
5 4 596
4 10 731
10 4 731
5 7 881
7 5 881
5 7 662
7 5 662
5 7 83
7 5 83
6 8 238
8 6 238
6 8 805
8 6 805
6 7 338
7 6 338
6 8 471
8 6 471
7 9 217
9 7 217
