30

0 1 706
1 0 706
0 5 97
5 0 97
0 13 650
13 0 650
0 21 921
21 0 921
0 23 415
23 0 415
0 18 818
18 0 818
0 1 819
1 0 819
0 16 586
16 0 586
0 21 698
21 0 698
0 21 5
21 0 5
1 2 385
2 1 385
1 20 55
20 1 55
1 22 881
22 1 881
1 4 791
4 1 791
1 5 773
5 1 773
1 7 138
7 1 138
1 22 211
22 1 211
1 25 554
25 1 554
1 25 490
25 1 490
1 22 738
22 1 738
2 3 615
3 2 615
2 6 262
6 2 262
2 10 713
10 2 713
2 24 312
24 2 312
2 9 735
9 2 735
2 25 35
25 2 35
2 22 142
22 2 142
2 18 427
18 2 427
2 16 428
16 2 428
2 23 189
23 2 189
2 8 106
8 2 106
2 14 559
14 2 559
2 21 906
21 2 906
2 9 845
9 2 845
2 15 162
15 2 162
3 4 991
4 3 991
3 12 565
12 3 565
3 26 6
26 3 6
3 26 513
26 3 513
3 12 323
12 3 323
3 17 281
17 3 281
3 6 625
6 3 625
3 15 512
15 3 512
3 21 394
21 3 394
3 9 340
9 3 340
3 21 623
21 3 623
3 11 350
11 3 350
3 16 342
16 3 342
4 11 531
11 4 531
4 15 151
15 4 151
4 26 273
26 4 273
4 24 843
24 4 843
4 10 251
10 4 251
4 8 326
8 4 326
4 27 195
27 4 195
4 18 401
18 4 401
4 28 774
28 4 774
4 17 601
17 4 601
5 8 327
8 5 327
5 25 811
25 5 811
5 14 363
14 5 363
5 15 549
15 5 549
5 24 984
24 5 984
5 12 974
12 5 974
5 25 49
25 5 49
5 13 154
13 5 154
5 11 167
11 5 167
5 12 225
12 5 225
5 21 784
21 5 784
5 28 166
28 5 166
6 7 4
7 6 4
6 12 211
12 6 211
6 14 960
14 6 960
6 18 59
18 6 59
6 18 466
18 6 466
6 27 615
27 6 615
6 13 214
13 6 214
6 7 600
7 6 600
6 8 280
8 6 280
6 25 137
25 6 137
6 7 745
7 6 745
6 12 196
12 6 196
6 24 81
24 6 81
7 16 525
16 7 525
7 20 123
20 7 123
7 9 980
9 7 980
7 19 468
19 7 468
7 28 944
28 7 944
7 11 451
11 7 451
7 8 46
8 7 46
7 25 890
25 7 890
7 12 327
12 7 327
7 12 103
12 7 103
7 8 922
8 7 922
7 24 717
24 7 717
8 9 852
9 8 852
8 23 362
23 8 362
8 24 305
24 8 305
8 19 769
19 8 769
8 27 239
27 8 239
9 21 564
21 9 564
9 18 173
18 9 173
9 21 234
21 9 234
9 16 506
16 9 506
9 15 298
15 9 298
9 11 8
11 9 8
9 19 455
19 9 455
9 12 318
12 9 318
9 14 439
14 9 439
9 12 242
12 9 242
9 11 859
11 9 859
9 26 378
26 9 378
10 12 215
12 10 215
10 25 565
25 10 565
10 20 285
20 10 285
10 18 63
18 10 63
10 11 14
11 10 14
10 11 380
11 10 380
11 18 288
18 11 288
11 29 551
29 11 551
11 29 642
29 11 642
11 14 634
14 11 634
11 26 256
26 11 256
11 18 158
18 11 158
11 19 105
19 11 105
11 18 976
18 11 976
11 27 418
27 11 418
12 12 49
12 12 49
12 25 532
25 12 532
12 28 172
28 12 172
12 19 20
19 12 20
12 14 425
14 12 425
12 16 314
16 12 314
12 27 74
27 12 74
13 27 623
27 13 623
13 18 508
18 13 508
13 23 88
23 13 88
13 27 375
27 13 375
13 20 483
20 13 483
14 17 686
17 14 686
14 24 849
24 14 849
14 17 777
17 14 777
14 25 257
25 14 257
15 15 807
15 15 807
15 25 979
25 15 979
15 20 225
20 15 225
15 23 419
23 15 419
15 17 141
17 15 141
15 24 548
24 15 548
16 19 75
19 16 75
16 22 334
22 16 334
16 20 945
20 16 945
16 22 668
22 16 668
16 25 445
25 16 445
16 17 574
17 16 574
16 20 918
20 16 918
17 25 591
25 17 591
18 20 569
20 18 569
18 26 98
26 18 98
18 24 731
24 18 731
19 22 199
22 19 199
19 29 557
29 19 557
19 20 283
20 19 283
19 22 555
22 19 555
19 22 987
22 19 987
20 28 363
28 20 363
20 29 359
29 20 359
20 23 139
23 20 139
20 28 455
28 20 455
21 29 228
29 21 228
21 26 787
26 21 787
21 22 890
22 21 890
22 23 989
23 22 989
22 29 790
29 22 790
22 25 504
25 22 504
24 27 137
27 24 137
24 26 802
26 24 802
24 25 335
25 24 335
25 25 581
25 25 581
25 29 976
29 25 976
26 29 946
29 26 946
27 28 395
28 27 395
27 27 883
27 27 883
27 28 86
28 27 86
