72

0 1 53
1 0 53
0 2 717
2 0 717
0 5 998
5 0 998
0 8 264
8 0 264
0 24 852
24 0 852
0 57 45
57 0 45
0 42 335
42 0 335
0 61 108
61 0 108
0 65 808
65 0 808
0 55 564
55 0 564
0 57 422
57 0 422
0 49 455
49 0 455
0 35 730
35 0 730
0 48 903
48 0 903
0 15 875
15 0 875
0 49 632
49 0 632
0 30 555
30 0 555
1 14 570
14 1 570
1 20 668
20 1 668
1 45 355
45 1 355
1 29 505
29 1 505
1 2 283
2 1 283
1 55 151
55 1 151
1 4 773
4 1 773
1 14 619
14 1 619
1 12 651
12 1 651
1 46 214
46 1 214
1 54 610
54 1 610
1 42 465
42 1 465
1 7 715
7 1 715
1 23 673
23 1 673
1 32 949
32 1 949
1 39 243
39 1 243
1 37 275
37 1 275
1 30 791
30 1 791
1 38 720
38 1 720
2 3 930
3 2 930
2 4 324
4 2 324
2 16 631
16 2 631
2 43 327
43 2 327
2 64 565
64 2 565
2 31 434
31 2 434
2 40 970
40 2 970
2 37 226
37 2 226
2 14 420
14 2 420
2 31 185
31 2 185
2 13 97
13 2 97
2 2 364
2 2 364
2 2 967
2 2 967
3 6 977
6 3 977
3 33 357
33 3 357
3 59 108
59 3 108
3 35 758
35 3 758
3 46 12
46 3 12
3 51 713
51 3 713
3 60 231
60 3 231
3 32 331
32 3 331
3 11 143
11 3 143
3 23 910
23 3 910
3 38 411
38 3 411
3 46 423
46 3 423
3 67 771
67 3 771
3 28 965
28 3 965
3 10 175
10 3 175
4 11 541
11 4 541
4 65 195
65 4 195
4 34 20
34 4 20
4 64 708
64 4 708
4 56 326
56 4 326
4 15 32
15 4 32
4 47 103
47 4 103
4 13 132
13 4 132
4 46 380
46 4 380
4 9 512
9 4 512
4 6 212
6 4 212
4 41 799
41 4 799
4 49 14
49 4 14
4 40 343
40 4 343
5 7 685
7 5 685
5 9 266
9 5 266
5 18 499
18 5 499
5 68 513
68 5 513
5 17 826
17 5 826
5 14 1000
14 5 1000
5 53 201
53 5 201
5 43 235
43 5 235
5 33 369
33 5 369
5 70 303
70 5 303
5 17 863
17 5 863
5 49 228
49 5 228
5 58 678
58 5 678
5 28 58
28 5 58
6 13 531
13 6 531
6 17 356
17 6 356
6 69 68
69 6 68
6 45 501
45 6 501
6 67 411
67 6 411
6 18 418
18 6 418
6 22 741
22 6 741
6 22 917
22 6 917
6 33 860
33 6 860
6 26 707
26 6 707
6 58 566
58 6 566
6 14 706
14 6 706
6 52 536
52 6 536
6 68 908
68 6 908
6 63 783
63 6 783
6 30 237
30 6 237
6 71 90
71 6 90
6 48 868
48 6 868
6 63 99
63 6 99
6 60 18
60 6 18
7 15 741
15 7 741
7 19 29
19 7 29
7 38 361
38 7 361
7 40 373
40 7 373
7 23 652
23 7 652
7 54 972
54 7 972
7 23 441
23 7 441
7 31 620
31 7 620
7 68 382
68 7 382
7 37 617
37 7 617
7 60 799
60 7 799
7 63 540
63 7 540
7 68 806
68 7 806
7 61 890
61 7 890
7 53 133
53 7 133
8 12 732
12 8 732
8 53 678
53 8 678
8 24 961
24 8 961
8 27 323
27 8 323
8 38 56
38 8 56
8 49 471
49 8 471
8 61 829
61 8 829
8 61 366
61 8 366
8 71 999
71 8 999
8 26 500
26 8 500
8 52 396
52 8 396
8 22 870
22 8 870
8 33 805
33 8 805
9 10 247
10 9 247
9 28 821
28 9 821
9 39 897
39 9 897
9 71 342
71 9 342
9 24 253
24 9 253
9 43 681
43 9 681
10 32 335
32 10 335
10 66 493
66 10 493
10 33 835
33 10 835
10 46 874
46 10 874
10 20 1000
20 10 1000
10 24 117
24 10 117
10 54 276
54 10 276
10 20 351
20 10 351
10 27 943
27 10 943
10 41 536
41 10 536
10 47 484
47 10 484
10 26 273
26 10 273
10 65 530
65 10 530
11 65 446
65 11 446
11 67 936
67 11 936
11 57 848
57 11 848
11 67 111
67 11 111
11 43 490
43 11 490
11 25 809
25 11 809
11 59 866
59 11 866
11 28 5
28 11 5
11 64 515
64 11 515
11 33 118
33 11 118
11 22 743
22 11 743
12 47 100
47 12 100
12 26 359
26 12 359
12 44 712
44 12 712
12 40 696
40 12 696
12 57 45
57 12 45
12 66 766
66 12 766
12 63 835
63 12 835
12 36 832
36 12 832
12 53 733
53 12 733
12 69 436
69 12 436
13 25 695
25 13 695
13 57 834
57 13 834
13 18 474
18 13 474
13 56 472
56 13 472
13 60 390
60 13 390
13 38 913
38 13 913
13 43 563
43 13 563
13 36 74
36 13 74
13 51 644
51 13 644
13 65 375
65 13 375
13 38 579
38 13 579
13 58 505
58 13 505
13 48 37
48 13 37
13 58 43
58 13 43
13 15 607
15 13 607
14 27 583
27 14 583
14 29 312
29 14 312
14 41 670
41 14 670
14 21 465
21 14 465
14 44 967
44 14 967
14 65 26
65 14 26
14 59 959
59 14 959
14 71 696
71 14 696
14 69 509
69 14 509
14 70 305
70 14 305
14 45 19
45 14 19
14 67 230
67 14 230
14 61 266
61 14 266
15 21 329
21 15 329
15 22 866
22 15 866
15 70 212
70 15 212
15 26 613
26 15 613
15 58 525
58 15 525
15 37 342
37 15 342
15 69 135
69 15 135
15 28 670
28 15 670
16 42 640
42 16 640
16 32 293
32 16 293
16 57 408
57 16 408
16 30 424
30 16 424
16 22 422
22 16 422
16 33 932
33 16 932
16 18 154
18 16 154
16 45 875
45 16 875
17 22 865
22 17 865
17 40 369
40 17 369
17 51 387
51 17 387
17 71 740
71 17 740
17 69 262
69 17 262
17 37 475
37 17 475
17 50 783
50 17 783
17 52 733
52 17 733
17 67 728
67 17 728
18 31 273
31 18 273
18 44 830
44 18 830
18 33 158
33 18 158
18 20 561
20 18 561
18 33 62
33 18 62
18 42 277
42 18 277
18 33 991
33 18 991
18 25 172
25 18 172
18 45 760
45 18 760
18 60 161
60 18 161
18 66 18
66 18 18
19 33 287
33 19 287
19 36 121
36 19 121
19 38 140
38 19 140
20 36 120
36 20 120
20 65 263
65 20 263
20 25 891
25 20 891
20 26 682
26 20 682
20 33 218
33 20 218
20 71 474
71 20 474
20 60 459
60 20 459
20 66 131
66 20 131
20 63 919
63 20 919
21 26 409
26 21 409
21 51 792
51 21 792
21 64 877
64 21 877
21 65 763
65 21 763
21 68 442
68 21 442
21 32 298
32 21 298
21 62 38
62 21 38
21 51 895
51 21 895
21 67 91
67 21 91
21 43 553
43 21 553
21 29 390
29 21 390
21 54 168
54 21 168
22 23 63
23 22 63
22 28 846
28 22 846
22 48 20
48 22 20
22 57 558
57 22 558
22 49 843
49 22 843
22 67 132
67 22 132
22 57 818
57 22 818
22 40 973
40 22 973
22 29 312
29 22 312
22 59 499
59 22 499
22 59 777
59 22 777
22 29 454
29 22 454
23 58 707
58 23 707
23 62 693
62 23 693
23 28 700
28 23 700
23 59 329
59 23 329
23 61 399
61 23 399
23 44 171
44 23 171
23 70 699
70 23 699
23 23 7
23 23 7
23 46 935
46 23 935
24 35 419
35 24 419
24 55 605
55 24 605
24 49 157
49 24 157
24 35 66
35 24 66
24 59 520
59 24 520
24 27 908
27 24 908
24 58 78
58 24 78
24 32 718
32 24 718
24 55 291
55 24 291
24 24 916
24 24 916
25 30 761
30 25 761
25 27 310
27 25 310
25 34 88
34 25 88
25 28 606
28 25 606
25 25 52
25 25 52
25 55 731
55 25 731
25 69 508
69 25 508
25 37 482
37 25 482
25 33 691
33 25 691
26 44 109
44 26 109
26 49 377
49 26 377
26 69 590
69 26 590
26 63 293
63 26 293
26 59 823
59 26 823
26 70 901
70 26 901
26 48 503
48 26 503
26 41 229
41 26 229
26 70 463
70 26 463
27 46 99
46 27 99
27 63 753
63 27 753
27 58 188
58 27 188
27 34 220
34 27 220
27 59 212
59 27 212
27 69 521
69 27 521
27 68 890
68 27 890
28 30 692
30 28 692
28 49 453
49 28 453
28 49 60
49 28 60
28 33 736
33 28 736
28 49 561
49 28 561
28 42 69
42 28 69
28 48 179
48 28 179
29 39 597
39 29 597
29 34 101
34 29 101
29 37 179
37 29 179
29 37 533
37 29 533
29 40 415
40 29 415
30 34 856
34 30 856
30 33 797
33 30 797
30 48 505
48 30 505
30 48 788
48 30 788
30 35 392
35 30 392
30 49 154
49 30 154
31 56 948
56 31 948
31 70 131
70 31 131
31 54 556
54 31 556
31 58 632
58 31 632
31 60 872
60 31 872
31 40 785
40 31 785
32 48 51
48 32 51
32 56 745
56 32 745
32 61 930
61 32 930
32 57 368
57 32 368
32 67 459
67 32 459
33 37 361
37 33 361
33 45 805
45 33 805
33 36 274
36 33 274
33 39 348
39 33 348
33 69 813
69 33 813
33 67 25
67 33 25
33 40 109
40 33 109
33 52 301
52 33 301
33 52 597
52 33 597
33 60 781
60 33 781
34 60 502
60 34 502
34 61 819
61 34 819
34 38 306
38 34 306
34 60 870
60 34 870
35 45 878
45 35 878
35 71 843
71 35 843
35 39 174
39 35 174
35 56 799
56 35 799
36 65 211
65 36 211
36 38 340
38 36 340
36 37 934
37 36 934
36 66 952
66 36 952
36 47 525
47 36 525
36 54 616
54 36 616
37 48 40
48 37 40
37 40 84
40 37 84
37 56 228
56 37 228
37 63 923
63 37 923
37 51 436
51 37 436
37 42 175
42 37 175
37 62 929
62 37 929
38 62 888
62 38 888
38 65 192
65 38 192
38 50 238
50 38 238
38 67 961
67 38 961
39 59 44
59 39 44
39 62 832
62 39 832
39 66 816
66 39 816
39 50 625
50 39 625
39 62 576
62 39 576
40 52 484
52 40 484
40 62 269
62 40 269
40 66 865
66 40 865
40 42 666
42 40 666
41 50 50
50 41 50
41 54 156
54 41 156
41 54 926
54 41 926
41 62 594
62 41 594
41 45 419
45 41 419
41 60 814
60 41 814
41 50 503
50 41 503
41 66 560
66 41 560
42 71 930
71 42 930
43 61 175
61 43 175
43 68 575
68 43 575
43 48 583
48 43 583
43 63 280
63 43 280
43 63 311
63 43 311
43 60 535
60 43 535
43 68 384
68 43 384
44 56 640
56 44 640
44 57 551
57 44 551
44 44 622
44 44 622
44 49 378
49 44 378
45 54 379
54 45 379
45 50 297
50 45 297
45 59 940
59 45 940
45 64 717
64 45 717
45 47 739
47 45 739
45 70 621
70 45 621
46 55 515
55 46 515
47 71 840
71 47 840
47 69 507
69 47 507
47 60 72
60 47 72
47 52 580
52 47 580
47 69 128
69 47 128
47 60 728
60 47 728
48 52 39
52 48 39
48 69 909
69 48 909
49 56 100
56 49 100
49 51 962
51 49 962
50 65 97
65 50 97
50 50 378
50 50 378
50 69 848
69 50 848
51 60 818
60 51 818
51 71 718
71 51 718
51 55 675
55 51 675
51 55 236
55 51 236
51 59 71
59 51 71
52 53 987
53 52 987
52 59 594
59 52 594
52 71 589
71 52 589
53 69 29
69 53 29
53 58 716
58 53 716
53 70 16
70 53 16
54 57 17
57 54 17
54 65 737
65 54 737
54 70 358
70 54 358
55 71 888
71 55 888
56 69 528
69 56 528
56 57 826
57 56 826
56 61 534
61 56 534
57 65 750
65 57 750
57 68 512
68 57 512
57 71 558
71 57 558
58 64 10
64 58 10
58 58 425
58 58 425
58 66 5
66 58 5
58 65 506
65 58 506
59 62 144
62 59 144
59 65 628
65 59 628
61 64 913
64 61 913
63 70 4
70 63 4
64 70 578
70 64 578
64 65 443
65 64 443
64 71 295
71 64 295
67 70 430
70 67 430
69 70 409
70 69 409
69 69 389
69 69 389
