66

0 1 697
1 0 697
0 3 381
3 0 381
0 15 75
15 0 75
0 34 293
34 0 293
0 37 174
37 0 174
0 46 11
46 0 11
0 32 125
32 0 125
0 15 140
15 0 140
0 5 941
5 0 941
0 49 947
49 0 947
0 64 827
64 0 827
0 43 321
43 0 321
0 31 563
31 0 563
0 18 362
18 0 362
0 7 829
7 0 829
0 57 34
57 0 34
0 48 507
48 0 507
0 44 31
44 0 31
0 2 880
2 0 880
1 2 788
2 1 788
1 6 642
6 1 642
1 7 756
7 1 756
1 13 946
13 1 946
1 10 192
10 1 192
1 50 924
50 1 924
1 55 242
55 1 242
1 44 748
44 1 748
1 37 173
37 1 173
1 10 527
10 1 527
1 64 783
64 1 783
1 18 39
18 1 39
1 34 991
34 1 991
1 42 131
42 1 131
1 60 129
60 1 129
2 4 502
4 2 502
2 18 641
18 2 641
2 43 292
43 2 292
2 13 299
13 2 299
2 20 511
20 2 511
2 23 723
23 2 723
2 20 435
20 2 435
2 63 345
63 2 345
2 40 412
40 2 412
2 10 618
10 2 618
2 11 969
11 2 969
2 54 969
54 2 969
2 18 77
18 2 77
2 25 223
25 2 223
2 35 41
35 2 41
3 12 924
12 3 924
3 46 37
46 3 37
3 61 594
61 3 594
3 49 368
49 3 368
3 15 657
15 3 657
3 22 54
22 3 54
3 24 705
24 3 705
3 43 189
43 3 189
3 37 314
37 3 314
3 41 306
41 3 306
3 31 178
31 3 178
3 21 318
21 3 318
4 5 924
5 4 924
4 53 118
53 4 118
4 35 463
35 4 463
4 16 805
16 4 805
4 64 818
64 4 818
4 10 929
10 4 929
4 35 596
35 4 596
4 56 496
56 4 496
4 12 950
12 4 950
4 48 115
48 4 115
5 53 942
53 5 942
5 20 114
20 5 114
5 30 151
30 5 151
5 41 97
41 5 97
5 36 331
36 5 331
5 11 542
11 5 542
5 8 26
8 5 26
5 9 491
9 5 491
5 14 825
14 5 825
5 39 636
39 5 636
5 39 128
39 5 128
5 32 948
32 5 948
6 8 526
8 6 526
6 10 588
10 6 588
6 20 900
20 6 900
6 22 432
22 6 432
6 24 85
24 6 85
6 57 434
57 6 434
6 30 217
30 6 217
6 45 593
45 6 593
6 31 524
31 6 524
6 57 857
57 6 857
6 61 132
61 6 132
6 35 616
35 6 616
6 32 169
32 6 169
6 35 112
35 6 112
6 54 156
54 6 156
6 7 433
7 6 433
6 16 32
16 6 32
6 58 823
58 6 823
6 19 581
19 6 581
6 7 479
7 6 479
6 27 795
27 6 795
7 9 108
9 7 108
7 14 79
14 7 79
7 21 755
21 7 755
7 36 287
36 7 287
7 56 599
56 7 599
7 65 523
65 7 523
7 42 64
42 7 64
7 43 531
43 7 531
7 16 770
16 7 770
7 7 701
7 7 701
7 23 577
23 7 577
7 22 723
22 7 723
7 33 17
33 7 17
7 20 345
20 7 345
7 31 634
31 7 634
7 59 871
59 7 871
8 11 660
11 8 660
8 19 838
19 8 838
8 23 729
23 8 729
8 55 558
55 8 558
8 48 990
48 8 990
8 29 157
29 8 157
8 39 52
39 8 52
8 35 262
35 8 262
8 29 161
29 8 161
8 25 961
25 8 961
8 24 9
24 8 9
8 56 199
56 8 199
8 48 354
48 8 354
9 28 843
28 9 843
9 64 29
64 9 29
9 38 324
38 9 324
9 56 109
56 9 109
9 10 122
10 9 122
9 16 58
16 9 58
9 44 189
44 9 189
9 31 867
31 9 867
9 58 653
58 9 653
9 31 62
31 9 62
9 20 169
20 9 169
9 55 508
55 9 508
9 28 25
28 9 25
9 44 212
44 9 212
10 33 589
33 10 589
10 48 647
48 10 647
10 59 135
59 10 135
10 55 768
55 10 768
10 17 996
17 10 996
10 61 761
61 10 761
10 45 846
45 10 846
10 34 948
34 10 948
11 38 227
38 11 227
11 56 441
56 11 441
11 33 171
33 11 171
11 17 97
17 11 97
11 25 648
25 11 648
11 37 806
37 11 806
11 45 357
45 11 357
11 52 721
52 11 721
11 61 413
61 11 413
11 56 365
56 11 365
11 19 864
19 11 864
11 24 893
24 11 893
12 17 101
17 12 101
12 27 459
27 12 459
12 56 824
56 12 824
12 24 540
24 12 540
12 42 540
42 12 540
12 45 659
45 12 659
12 62 44
62 12 44
12 48 504
48 12 504
12 18 213
18 12 213
12 44 836
44 12 836
12 17 421
17 12 421
12 29 643
29 12 643
13 39 85
39 13 85
13 34 596
34 13 596
13 47 611
47 13 611
13 46 890
46 13 890
13 49 273
49 13 273
13 47 839
47 13 839
13 63 402
63 13 402
13 58 394
58 13 394
13 51 636
51 13 636
13 30 346
30 13 346
13 43 692
43 13 692
14 16 764
16 14 764
14 32 801
32 14 801
14 42 199
42 14 199
14 49 468
49 14 468
14 37 40
37 14 40
14 40 856
40 14 856
14 42 71
42 14 71
14 64 894
64 14 894
14 42 829
42 14 829
14 56 597
56 14 597
14 65 366
65 14 366
14 45 977
45 14 977
14 55 706
55 14 706
15 36 343
36 15 343
15 62 353
62 15 353
15 60 872
60 15 872
15 31 164
31 15 164
15 21 614
21 15 614
15 43 328
43 15 328
15 39 241
39 15 241
15 48 67
48 15 67
15 25 990
25 15 990
15 55 414
55 15 414
15 25 121
25 15 121
15 35 926
35 15 926
15 55 57
55 15 57
15 48 70
48 15 70
16 51 731
51 16 731
16 64 696
64 16 696
16 64 697
64 16 697
16 49 919
49 16 919
16 35 641
35 16 641
16 31 168
31 16 168
16 39 386
39 16 386
16 37 515
37 16 515
16 23 201
23 16 201
16 52 412
52 16 412
16 44 119
44 16 119
17 29 987
29 17 987
17 30 541
30 17 541
17 35 715
35 17 715
17 17 719
17 17 719
17 27 215
27 17 215
17 50 39
50 17 39
17 29 277
29 17 277
17 18 715
18 17 715
17 52 782
52 17 782
17 29 743
29 17 743
17 57 127
57 17 127
17 56 670
56 17 670
18 26 454
26 18 454
18 65 369
65 18 369
18 59 147
59 18 147
18 49 570
49 18 570
18 27 802
27 18 802
18 59 402
59 18 402
18 48 158
48 18 158
18 60 905
60 18 905
18 37 768
37 18 768
18 18 84
18 18 84
18 33 248
33 18 248
18 53 607
53 18 607
18 55 553
55 18 553
18 35 478
35 18 478
19 40 570
40 19 570
19 19 512
19 19 512
19 36 300
36 19 300
19 37 396
37 19 396
19 49 949
49 19 949
19 42 255
42 19 255
19 36 808
36 19 808
19 41 905
41 19 905
19 26 560
26 19 560
19 32 249
32 19 249
20 23 475
23 20 475
20 51 473
51 20 473
20 29 372
29 20 372
20 56 373
56 20 373
20 38 277
38 20 277
20 24 71
24 20 71
20 33 867
33 20 867
20 61 192
61 20 192
20 41 102
41 20 102
20 41 845
41 20 845
20 62 115
62 20 115
20 62 702
62 20 702
21 52 369
52 21 369
21 49 663
49 21 663
21 45 341
45 21 341
21 56 138
56 21 138
21 29 352
29 21 352
21 49 661
49 21 661
21 24 236
24 21 236
22 46 246
46 22 246
22 39 176
39 22 176
22 38 794
38 22 794
22 24 724
24 22 724
22 24 758
24 22 758
22 58 852
58 22 852
22 65 360
65 22 360
22 59 394
59 22 394
22 51 30
51 22 30
22 55 806
55 22 806
23 44 831
44 23 831
23 63 740
63 23 740
23 34 748
34 23 748
23 49 399
49 23 399
23 60 728
60 23 728
24 25 908
25 24 908
24 63 768
63 24 768
24 24 752
24 24 752
24 40 609
40 24 609
24 56 782
56 24 782
24 48 419
48 24 419
24 48 408
48 24 408
24 49 236
49 24 236
24 30 512
30 24 512
24 37 455
37 24 455
24 63 210
63 24 210
25 30 473
30 25 473
25 61 315
61 25 315
25 65 567
65 25 567
25 56 827
56 25 827
25 62 341
62 25 341
25 35 776
35 25 776
25 46 229
46 25 229
25 55 504
55 25 504
25 36 679
36 25 679
25 30 913
30 25 913
26 30 50
30 26 50
26 49 68
49 26 68
26 59 30
59 26 30
26 38 283
38 26 283
26 46 286
46 26 286
26 62 361
62 26 361
26 36 126
36 26 126
27 65 378
65 27 378
27 33 375
33 27 375
27 50 878
50 27 878
27 60 723
60 27 723
27 29 168
29 27 168
27 52 54
52 27 54
27 47 432
47 27 432
27 38 151
38 27 151
27 36 163
36 27 163
27 45 505
45 27 505
27 51 434
51 27 434
27 48 986
48 27 986
28 51 59
51 28 59
28 48 963
48 28 963
28 64 437
64 28 437
28 58 108
58 28 108
28 56 765
56 28 765
28 29 520
29 28 520
28 30 525
30 28 525
28 34 28
34 28 28
28 55 515
55 28 515
28 57 763
57 28 763
28 31 5
31 28 5
28 52 375
52 28 375
29 35 740
35 29 740
29 41 159
41 29 159
29 49 317
49 29 317
29 45 323
45 29 323
29 57 165
57 29 165
29 48 203
48 29 203
29 43 607
43 29 607
29 46 549
46 29 549
29 54 656
54 29 656
29 44 434
44 29 434
29 40 914
40 29 914
29 58 460
58 29 460
29 61 847
61 29 847
29 32 661
32 29 661
30 31 537
31 30 537
30 39 802
39 30 802
30 52 431
52 30 431
30 53 650
53 30 650
30 53 6
53 30 6
30 33 421
33 30 421
30 58 492
58 30 492
30 58 748
58 30 748
30 36 169
36 30 169
30 46 466
46 30 466
30 39 585
39 30 585
30 59 773
59 30 773
30 33 651
33 30 651
31 40 272
40 31 272
31 63 789
63 31 789
31 60 87
60 31 87
31 65 694
65 31 694
32 44 366
44 32 366
32 48 224
48 32 224
32 63 807
63 32 807
32 45 2
45 32 2
32 56 34
56 32 34
32 35 20
35 32 20
32 47 43
47 32 43
32 60 808
60 32 808
32 32 742
32 32 742
32 55 396
55 32 396
32 35 824
35 32 824
33 48 918
48 33 918
33 40 94
40 33 94
33 56 257
56 33 257
33 59 96
59 33 96
33 34 230
34 33 230
33 53 7
53 33 7
33 65 904
65 33 904
34 56 282
56 34 282
34 53 195
53 34 195
34 64 948
64 34 948
34 47 455
47 34 455
34 43 629
43 34 629
34 46 528
46 34 528
35 46 301
46 35 301
35 54 773
54 35 773
35 60 983
60 35 983
35 39 286
39 35 286
35 53 488
53 35 488
35 58 344
58 35 344
36 45 598
45 36 598
36 61 520
61 36 520
36 45 220
45 36 220
36 60 101
60 36 101
36 63 68
63 36 68
36 44 791
44 36 791
36 58 538
58 36 538
36 51 721
51 36 721
36 60 438
60 36 438
37 56 824
56 37 824
37 49 424
49 37 424
37 62 494
62 37 494
37 60 364
60 37 364
37 54 220
54 37 220
37 54 44
54 37 44
37 49 303
49 37 303
38 54 418
54 38 418
38 47 892
47 38 892
38 65 466
65 38 466
38 39 238
39 38 238
38 54 225
54 38 225
38 51 543
51 38 543
39 43 29
43 39 29
39 57 231
57 39 231
39 50 90
50 39 90
39 56 820
56 39 820
40 54 862
54 40 862
40 49 41
49 40 41
40 52 558
52 40 558
40 50 550
50 40 550
40 44 751
44 40 751
40 54 167
54 40 167
41 50 516
50 41 516
41 57 199
57 41 199
41 50 258
50 41 258
41 46 935
46 41 935
41 46 878
46 41 878
41 53 893
53 41 893
42 47 530
47 42 530
42 50 675
50 42 675
42 64 350
64 42 350
42 60 333
60 42 333
42 59 332
59 42 332
42 54 879
54 42 879
43 50 505
50 43 505
43 64 931
64 43 931
43 48 752
48 43 752
44 62 475
62 44 475
44 54 937
54 44 937
44 51 593
51 44 593
44 48 458
48 44 458
44 50 682
50 44 682
44 52 151
52 44 151
45 51 958
51 45 958
45 60 306
60 45 306
45 49 266
49 45 266
45 61 635
61 45 635
45 58 950
58 45 950
45 50 806
50 45 806
46 51 958
51 46 958
46 59 989
59 46 989
46 52 484
52 46 484
46 64 421
64 46 421
47 57 258
57 47 258
47 60 119
60 47 119
47 50 297
50 47 297
47 48 585
48 47 585
47 56 707
56 47 707
47 56 123
56 47 123
47 49 304
49 47 304
48 65 566
65 48 566
48 63 73
63 48 73
48 62 163
62 48 163
48 49 406
49 48 406
49 61 547
61 49 547
49 62 881
62 49 881
49 50 783
50 49 783
49 57 918
57 49 918
49 56 44
56 49 44
49 63 906
63 49 906
49 60 925
60 49 925
50 51 83
51 50 83
51 65 297
65 51 297
51 55 427
55 51 427
51 56 579
56 51 579
52 55 595
55 52 595
52 58 269
58 52 269
53 58 745
58 53 745
53 59 433
59 53 433
53 65 686
65 53 686
53 59 713
59 53 713
53 60 706
60 53 706
53 64 9
64 53 9
53 55 375
55 53 375
53 63 16
63 53 16
53 62 747
62 53 747
54 64 705
64 54 705
54 59 546
59 54 546
55 60 290
60 55 290
55 59 580
59 55 580
55 59 979
59 55 979
55 63 798
63 55 798
56 59 839
59 56 839
56 58 683
58 56 683
57 60 571
60 57 571
62 64 548
64 62 548
62 65 539
65 62 539
64 65 210
65 64 210
