62

0 1 47
1 0 47
0 3 888
3 0 888
0 13 812
13 0 812
0 19 380
19 0 380
0 27 710
27 0 710
0 20 647
20 0 647
0 50 67
50 0 67
0 47 716
47 0 716
0 34 684
34 0 684
0 48 759
48 0 759
0 37 378
37 0 378
0 34 254
34 0 254
0 9 46
9 0 46
0 52 985
52 0 985
0 5 404
5 0 404
0 2 372
2 0 372
0 22 950
22 0 950
0 13 111
13 0 111
0 12 845
12 0 845
0 14 753
14 0 753
0 47 126
47 0 126
0 37 9
37 0 9
0 41 342
41 0 342
0 19 662
19 0 662
0 40 500
40 0 500
0 11 383
11 0 383
0 13 105
13 0 105
0 20 240
20 0 240
0 45 602
45 0 602
0 27 655
27 0 655
1 2 929
2 1 929
1 5 209
5 1 209
1 12 585
12 1 585
1 15 253
15 1 253
1 32 739
32 1 739
1 58 881
58 1 881
1 25 214
25 1 214
1 31 702
31 1 702
1 14 951
14 1 951
1 30 803
30 1 803
1 4 312
4 1 312
1 5 160
5 1 160
1 57 670
57 1 670
1 4 27
4 1 27
1 35 694
35 1 694
1 43 887
43 1 887
1 16 537
16 1 537
1 34 299
34 1 299
1 36 120
36 1 120
1 35 283
35 1 283
1 11 215
11 1 215
1 39 868
39 1 868
1 52 553
52 1 553
1 16 262
16 1 262
1 28 684
28 1 684
1 8 205
8 1 205
1 29 365
29 1 365
2 6 145
6 2 145
2 9 916
9 2 916
2 10 349
10 2 349
2 24 63
24 2 63
2 56 806
56 2 806
2 50 492
50 2 492
2 43 474
43 2 474
2 10 914
10 2 914
2 27 845
27 2 845
2 12 39
12 2 39
2 29 290
29 2 290
2 41 277
41 2 277
2 22 69
22 2 69
2 52 651
52 2 651
2 5 943
5 2 943
2 34 210
34 2 210
2 26 185
26 2 185
2 56 148
56 2 148
2 47 655
47 2 655
2 35 511
35 2 511
2 34 187
34 2 187
3 4 285
4 3 285
3 7 484
7 3 484
3 40 573
40 3 573
3 17 406
17 3 406
3 60 152
60 3 152
3 61 212
61 3 212
3 22 750
22 3 750
3 27 936
27 3 936
3 15 416
15 3 416
3 52 423
52 3 423
3 43 683
43 3 683
3 9 846
9 3 846
3 19 676
19 3 676
3 38 117
38 3 117
3 7 966
7 3 966
3 43 613
43 3 613
3 28 376
28 3 376
3 60 679
60 3 679
3 10 156
10 3 156
3 19 661
19 3 661
4 16 693
16 4 693
4 23 477
23 4 477
4 31 629
31 4 629
4 34 117
34 4 117
4 60 800
60 4 800
4 33 55
33 4 55
4 50 807
50 4 807
4 34 166
34 4 166
4 35 900
35 4 900
4 43 312
43 4 312
4 59 901
59 4 901
4 35 449
35 4 449
4 5 318
5 4 318
4 23 124
23 4 124
4 22 758
22 4 758
4 49 993
49 4 993
4 18 701
18 4 701
4 30 300
30 4 300
4 59 514
59 4 514
4 15 897
15 4 897
4 53 552
53 4 552
4 34 363
34 4 363
4 20 322
20 4 322
5 8 781
8 5 781
5 14 916
14 5 916
5 28 997
28 5 997
5 44 330
44 5 330
5 57 790
57 5 790
5 27 526
27 5 526
5 21 297
21 5 297
5 53 595
53 5 595
5 26 833
26 5 833
5 9 823
9 5 823
5 16 974
16 5 974
5 17 478
17 5 478
5 17 410
17 5 410
5 22 783
22 5 783
5 17 512
17 5 512
5 27 85
27 5 85
5 43 238
43 5 238
5 26 929
26 5 929
5 13 241
13 5 241
5 34 438
34 5 438
5 50 77
50 5 77
5 39 195
39 5 195
5 10 647
10 5 647
5 61 552
61 5 552
5 53 942
53 5 942
5 8 220
8 5 220
5 17 378
17 5 378
6 42 959
42 6 959
6 39 764
39 6 764
6 44 966
44 6 966
6 52 260
52 6 260
6 49 199
49 6 199
6 49 768
49 6 768
6 34 227
34 6 227
6 18 370
18 6 370
6 13 199
13 6 199
6 36 443
36 6 443
6 57 571
57 6 571
6 60 378
60 6 378
6 52 247
52 6 247
6 22 144
22 6 144
6 55 163
55 6 163
6 31 819
31 6 819
6 44 807
44 6 807
7 17 842
17 7 842
7 33 100
33 7 100
7 43 58
43 7 58
7 45 389
45 7 389
7 22 36
22 7 36
7 58 531
58 7 531
7 38 703
38 7 703
7 61 37
61 7 37
7 23 125
23 7 125
7 17 488
17 7 488
7 39 885
39 7 885
8 11 292
11 8 292
8 17 448
17 8 448
8 34 150
34 8 150
8 38 66
38 8 66
8 34 210
34 8 210
8 50 895
50 8 895
8 15 336
15 8 336
8 33 901
33 8 901
8 32 44
32 8 44
8 27 979
27 8 979
8 45 276
45 8 276
8 37 217
37 8 217
8 41 421
41 8 421
8 44 640
44 8 640
8 51 970
51 8 970
8 18 195
18 8 195
8 54 292
54 8 292
9 25 333
25 9 333
9 61 711
61 9 711
9 31 811
31 9 811
9 56 817
56 9 817
9 51 904
51 9 904
9 28 37
28 9 37
9 46 517
46 9 517
9 16 831
16 9 831
9 14 179
14 9 179
9 50 13
50 9 13
9 32 479
32 9 479
9 37 88
37 9 88
10 19 598
19 10 598
10 55 584
55 10 584
10 14 593
14 10 593
10 26 502
26 10 502
10 21 818
21 10 818
10 29 598
29 10 598
10 54 628
54 10 628
10 50 328
50 10 328
10 33 591
33 10 591
10 34 262
34 10 262
10 58 415
58 10 415
10 18 939
18 10 939
10 10 202
10 10 202
10 54 302
54 10 302
10 42 805
42 10 805
11 59 602
59 11 602
11 44 112
44 11 112
11 18 101
18 11 101
11 45 476
45 11 476
11 30 800
30 11 800
11 11 164
11 11 164
11 39 778
39 11 778
11 27 908
27 11 908
11 30 180
30 11 180
11 50 207
50 11 207
11 57 683
57 11 683
11 25 934
25 11 934
11 20 767
20 11 767
11 54 231
54 11 231
12 16 939
16 12 939
12 15 547
15 12 547
12 37 220
37 12 220
12 47 646
47 12 646
12 34 782
34 12 782
12 17 433
17 12 433
12 50 252
50 12 252
12 21 170
21 12 170
12 30 528
30 12 528
12 28 465
28 12 465
12 28 753
28 12 753
12 18 513
18 12 513
12 42 859
42 12 859
12 52 165
52 12 165
13 46 828
46 13 828
13 51 368
51 13 368
13 22 165
22 13 165
13 29 961
29 13 961
13 38 631
38 13 631
13 46 644
46 13 644
13 25 573
25 13 573
13 60 868
60 13 868
13 51 272
51 13 272
13 20 381
20 13 381
13 47 211
47 13 211
13 39 354
39 13 354
13 48 952
48 13 952
13 51 15
51 13 15
13 32 257
32 13 257
13 33 727
33 13 727
13 52 145
52 13 145
13 45 526
45 13 526
13 43 274
43 13 274
13 49 886
49 13 886
14 26 846
26 14 846
14 30 238
30 14 238
14 41 181
41 14 181
14 33 723
33 14 723
14 42 601
42 14 601
14 33 196
33 14 196
14 59 24
59 14 24
14 51 748
51 14 748
14 40 498
40 14 498
14 39 100
39 14 100
14 31 260
31 14 260
14 27 811
27 14 811
14 31 666
31 14 666
14 61 97
61 14 97
14 17 401
17 14 401
14 41 851
41 14 851
14 24 481
24 14 481
14 32 484
32 14 484
14 46 485
46 14 485
14 17 990
17 14 990
14 54 140
54 14 140
14 55 330
55 14 330
14 17 301
17 14 301
14 58 411
58 14 411
14 15 677
15 14 677
14 41 232
41 14 232
15 18 543
18 15 543
15 20 420
20 15 420
15 41 649
41 15 649
15 48 433
48 15 433
15 19 410
19 15 410
15 47 653
47 15 653
15 49 774
49 15 774
15 33 823
33 15 823
15 16 296
16 15 296
15 27 539
27 15 539
15 54 831
54 15 831
15 39 399
39 15 399
15 23 974
23 15 974
15 50 899
50 15 899
15 21 671
21 15 671
15 18 554
18 15 554
15 31 187
31 15 187
15 56 588
56 15 588
15 56 278
56 15 278
15 25 243
25 15 243
15 51 927
51 15 927
15 29 161
29 15 161
16 35 657
35 16 657
16 46 764
46 16 764
16 31 175
31 16 175
16 28 195
28 16 195
16 43 819
43 16 819
16 31 925
31 16 925
16 31 633
31 16 633
16 48 194
48 16 194
16 53 647
53 16 647
16 56 704
56 16 704
16 17 586
17 16 586
16 54 203
54 16 203
16 22 961
22 16 961
16 50 456
50 16 456
16 45 256
45 16 256
16 50 533
50 16 533
16 49 358
49 16 358
16 25 499
25 16 499
16 38 450
38 16 450
17 21 319
21 17 319
17 30 494
30 17 494
17 27 536
27 17 536
17 35 552
35 17 552
17 44 344
44 17 344
17 40 334
40 17 334
17 52 783
52 17 783
17 18 72
18 17 72
17 27 12
27 17 12
17 31 713
31 17 713
17 61 23
61 17 23
17 44 894
44 17 894
17 21 789
21 17 789
18 22 145
22 18 145
18 50 927
50 18 927
18 48 406
48 18 406
18 59 951
59 18 951
18 43 305
43 18 305
18 36 248
36 18 248
18 44 415
44 18 415
18 56 798
56 18 798
18 37 87
37 18 87
18 44 246
44 18 246
18 27 625
27 18 625
18 37 705
37 18 705
18 59 620
59 18 620
19 48 253
48 19 253
19 24 741
24 19 741
19 57 83
57 19 83
19 42 83
42 19 83
19 43 597
43 19 597
19 32 586
32 19 586
19 26 580
26 19 580
19 28 895
28 19 895
19 43 97
43 19 97
19 43 905
43 19 905
20 49 440
49 20 440
20 45 639
45 20 639
20 50 790
50 20 790
20 32 364
32 20 364
20 28 297
28 20 297
20 54 249
54 20 249
20 40 498
40 20 498
20 49 386
49 20 386
20 37 187
37 20 187
20 29 212
29 20 212
20 29 558
29 20 558
20 42 960
42 20 960
20 36 901
36 20 901
20 61 246
61 20 246
20 55 782
55 20 782
20 36 945
36 20 945
20 40 417
40 20 417
21 54 483
54 21 483
21 32 463
32 21 463
21 59 98
59 21 98
21 25 983
25 21 983
21 29 193
29 21 193
21 53 163
53 21 163
21 36 515
36 21 515
21 31 310
31 21 310
21 49 20
49 21 20
21 32 526
32 21 526
21 55 599
55 21 599
21 56 770
56 21 770
21 52 698
52 21 698
21 61 366
61 21 366
21 56 844
56 21 844
21 29 303
29 21 303
21 52 644
52 21 644
21 32 989
32 21 989
22 57 348
57 22 348
22 60 476
60 22 476
22 31 727
31 22 727
22 46 816
46 22 816
22 41 95
41 22 95
22 41 512
41 22 512
22 34 956
34 22 956
22 59 710
59 22 710
22 61 141
61 22 141
22 52 49
52 22 49
22 41 324
41 22 324
23 30 620
30 23 620
23 57 977
57 23 977
23 35 286
35 23 286
23 29 890
29 23 890
23 37 591
37 23 591
23 45 799
45 23 799
23 47 440
47 23 440
23 50 669
50 23 669
23 24 931
24 23 931
23 61 266
61 23 266
23 45 235
45 23 235
23 43 520
43 23 520
23 29 963
29 23 963
23 61 125
61 23 125
23 51 4
51 23 4
23 43 345
43 23 345
24 29 201
29 24 201
24 41 91
41 24 91
24 54 448
54 24 448
24 57 215
57 24 215
24 43 631
43 24 631
24 52 571
52 24 571
24 51 116
51 24 116
24 56 334
56 24 334
24 37 971
37 24 971
24 38 408
38 24 408
24 52 663
52 24 663
24 51 504
51 24 504
24 45 503
45 24 503
24 56 514
56 24 514
24 25 926
25 24 926
24 47 349
47 24 349
24 53 225
53 24 225
24 58 442
58 24 442
24 49 701
49 24 701
24 32 645
32 24 645
25 39 114
39 25 114
25 51 289
51 25 289
25 34 539
34 25 539
25 40 99
40 25 99
25 46 982
46 25 982
25 52 454
52 25 454
25 42 107
42 25 107
25 60 485
60 25 485
25 40 554
40 25 554
25 52 349
52 25 349
25 52 515
52 25 515
25 38 175
38 25 175
25 59 810
59 25 810
25 38 207
38 25 207
25 37 614
37 25 614
25 31 550
31 25 550
25 35 24
35 25 24
26 36 274
36 26 274
26 46 684
46 26 684
26 27 845
27 26 845
26 53 589
53 26 589
26 33 23
33 26 23
26 49 251
49 26 251
26 32 571
32 26 571
26 47 556
47 26 556
26 28 185
28 26 185
26 31 164
31 26 164
26 30 743
30 26 743
26 38 449
38 26 449
26 56 230
56 26 230
26 38 115
38 26 115
26 54 95
54 26 95
26 55 279
55 26 279
27 43 645
43 27 645
27 30 826
30 27 826
27 51 804
51 27 804
27 54 757
54 27 757
27 38 195
38 27 195
27 45 620
45 27 620
27 60 982
60 27 982
27 35 523
35 27 523
27 29 700
29 27 700
27 39 88
39 27 88
27 57 995
57 27 995
27 36 681
36 27 681
27 49 593
49 27 593
27 29 532
29 27 532
27 54 306
54 27 306
27 34 977
34 27 977
28 49 296
49 28 296
28 32 628
32 28 628
28 54 948
54 28 948
28 44 80
44 28 80
28 57 951
57 28 951
28 39 980
39 28 980
28 37 179
37 28 179
28 46 355
46 28 355
28 54 820
54 28 820
28 60 881
60 28 881
28 39 661
39 28 661
28 55 580
55 28 580
28 60 815
60 28 815
28 36 625
36 28 625
28 30 453
30 28 453
28 56 99
56 28 99
28 57 375
57 28 375
28 42 265
42 28 265
28 52 704
52 28 704
28 55 832
55 28 832
29 45 298
45 29 298
29 50 972
50 29 972
29 35 203
35 29 203
29 44 796
44 29 796
29 42 156
42 29 156
29 47 147
47 29 147
29 33 797
33 29 797
29 47 117
47 29 117
29 33 562
33 29 562
29 31 625
31 29 625
29 52 386
52 29 386
29 41 446
41 29 446
29 45 181
45 29 181
29 50 202
50 29 202
29 50 435
50 29 435
30 40 499
40 30 499
30 42 941
42 30 941
30 50 489
50 30 489
30 41 973
41 30 973
30 37 461
37 30 461
30 53 645
53 30 645
30 57 319
57 30 319
30 46 678
46 30 678
30 52 62
52 30 62
30 58 664
58 30 664
30 31 114
31 30 114
30 34 57
34 30 57
31 37 634
37 31 634
31 44 479
44 31 479
31 41 79
41 31 79
31 54 505
54 31 505
31 52 878
52 31 878
31 40 601
40 31 601
31 44 266
44 31 266
31 32 776
32 31 776
31 37 988
37 31 988
31 49 636
49 31 636
31 50 474
50 31 474
31 42 820
42 31 820
31 34 324
34 31 324
31 60 639
60 31 639
31 39 973
39 31 973
31 35 134
35 31 134
32 45 823
45 32 823
32 57 925
57 32 925
32 41 683
41 32 683
32 37 797
37 32 797
32 44 178
44 32 178
32 58 790
58 32 790
32 56 904
56 32 904
32 33 112
33 32 112
32 51 899
51 32 899
32 44 826
44 32 826
32 51 423
51 32 423
32 56 737
56 32 737
32 44 995
44 32 995
32 42 547
42 32 547
33 50 57
50 33 57
33 60 338
60 33 338
33 59 872
59 33 872
33 35 210
35 33 210
33 44 710
44 33 710
33 60 426
60 33 426
33 58 492
58 33 492
33 34 379
34 33 379
34 39 875
39 34 875
34 46 493
46 34 493
34 41 527
41 34 527
34 39 947
39 34 947
34 59 636
59 34 636
35 52 951
52 35 951
35 52 541
52 35 541
35 41 701
41 35 701
35 45 775
45 35 775
35 43 380
43 35 380
35 53 34
53 35 34
35 51 342
51 35 342
35 38 312
38 35 312
35 52 474
52 35 474
35 60 610
60 35 610
35 45 670
45 35 670
35 36 127
36 35 127
35 40 645
40 35 645
35 36 671
36 35 671
36 38 52
38 36 52
36 48 978
48 36 978
36 52 465
52 36 465
36 44 39
44 36 39
36 48 350
48 36 350
36 58 127
58 36 127
36 42 687
42 36 687
36 47 591
47 36 591
36 58 202
58 36 202
36 58 782
58 36 782
36 52 931
52 36 931
36 39 801
39 36 801
36 61 885
61 36 885
36 46 235
46 36 235
37 56 60
56 37 60
37 55 250
55 37 250
37 39 888
39 37 888
37 48 439
48 37 439
37 49 729
49 37 729
38 44 615
44 38 615
38 55 364
55 38 364
38 45 390
45 38 390
38 61 652
61 38 652
38 53 836
53 38 836
38 40 685
40 38 685
38 43 613
43 38 613
38 56 271
56 38 271
38 58 906
58 38 906
38 54 690
54 38 690
38 44 422
44 38 422
38 38 217
38 38 217
38 59 684
59 38 684
39 39 878
39 39 878
39 46 75
46 39 75
39 54 200
54 39 200
40 61 426
61 40 426
40 54 21
54 40 21
40 50 421
50 40 421
40 60 501
60 40 501
40 41 234
41 40 234
41 50 583
50 41 583
41 42 544
42 41 544
41 61 961
61 41 961
41 45 869
45 41 869
41 42 261
42 41 261
41 48 59
48 41 59
41 58 829
58 41 829
41 46 25
46 41 25
41 48 180
48 41 180
41 47 564
47 41 564
41 60 617
60 41 617
41 43 207
43 41 207
41 53 532
53 41 532
41 49 16
49 41 16
41 50 843
50 41 843
42 56 667
56 42 667
42 47 137
47 42 137
42 45 531
45 42 531
42 54 721
54 42 721
42 54 117
54 42 117
42 45 495
45 42 495
42 47 499
47 42 499
42 61 418
61 42 418
42 60 580
60 42 580
42 56 821
56 42 821
42 57 172
57 42 172
42 59 681
59 42 681
43 46 742
46 43 742
43 54 937
54 43 937
43 47 532
47 43 532
43 59 927
59 43 927
43 57 800
57 43 800
43 51 523
51 43 523
43 55 427
55 43 427
43 58 105
58 43 105
44 57 356
57 44 356
44 57 941
57 44 941
44 52 113
52 44 113
44 45 490
45 44 490
44 53 795
53 44 795
44 49 876
49 44 876
45 55 689
55 45 689
45 61 715
61 45 715
45 50 524
50 45 524
45 55 121
55 45 121
45 61 821
61 45 821
45 61 183
61 45 183
45 51 981
51 45 981
45 51 923
51 45 923
46 47 329
47 46 329
46 58 211
58 46 211
46 51 261
51 46 261
46 46 358
46 46 358
46 61 52
61 46 52
47 61 851
61 47 851
47 53 698
53 47 698
47 53 667
53 47 667
47 48 755
48 47 755
48 54 584
54 48 584
48 55 569
55 48 569
48 56 14
56 48 14
48 51 453
51 48 453
49 53 98
53 49 98
49 55 271
55 49 271
49 51 179
51 49 179
49 60 162
60 49 162
49 52 847
52 49 847
49 55 939
55 49 939
50 61 658
61 50 658
50 50 793
50 50 793
50 53 689
53 50 689
50 54 581
54 50 581
50 61 660
61 50 660
50 53 533
53 50 533
50 59 136
59 50 136
51 53 826
53 51 826
51 60 67
60 51 67
51 57 187
57 51 187
51 58 928
58 51 928
51 52 725
52 51 725
52 56 121
56 52 121
52 56 797
56 52 797
53 55 514
55 53 514
53 57 554
57 53 554
53 59 75
59 53 75
54 61 638
61 54 638
54 60 245
60 54 245
54 57 944
57 54 944
54 59 518
59 54 518
55 56 983
56 55 983
55 56 966
56 55 966
55 59 798
59 55 798
55 61 73
61 55 73
56 59 18
59 56 18
56 60 390
60 56 390
57 59 238
59 57 238
58 60 340
60 58 340
59 61 294
61 59 294
