55

0 1 908
1 0 908
0 3 753
3 0 753
0 28 753
28 0 753
1 2 625
2 1 625
1 4 644
4 1 644
1 42 42
42 1 42
2 9 343
9 2 343
2 11 313
11 2 313
2 39 619
39 2 619
3 7 15
7 3 15
3 16 323
16 3 323
4 5 694
5 4 694
4 25 667
25 4 667
4 32 61
32 4 61
4 35 505
35 4 505
5 6 375
6 5 375
5 40 277
40 5 277
5 27 834
27 5 834
5 6 651
6 5 651
6 8 277
8 6 277
6 10 689
10 6 689
6 15 829
15 6 829
6 18 483
18 6 483
6 46 192
46 6 192
7 31 631
31 7 631
7 33 399
33 7 399
8 12 110
12 8 110
9 13 474
13 9 474
9 34 307
34 9 307
10 17 284
17 10 284
10 53 371
53 10 371
11 36 47
36 11 47
11 39 904
39 11 904
11 41 217
41 11 217
12 19 445
19 12 445
12 21 56
21 12 56
12 27 157
27 12 157
12 24 905
24 12 905
13 14 499
14 13 499
13 22 113
22 13 113
13 22 453
22 13 453
14 41 603
41 14 603
17 20 198
20 17 198
17 33 81
33 17 81
19 27 302
27 19 302
20 23 14
23 20 14
20 24 40
24 20 40
20 29 609
29 20 609
20 51 68
51 20 68
21 26 947
26 21 947
21 23 681
23 21 681
25 30 529
30 25 529
25 38 696
38 25 696
27 37 274
37 27 274
27 43 64
43 27 64
27 44 743
44 27 743
29 39 718
39 29 718
32 40 762
40 32 762
35 45 447
45 35 447
35 51 239
51 35 239
35 37 169
37 35 169
37 47 859
47 37 859
37 49 857
49 37 857
40 44 875
44 40 875
42 48 305
48 42 305
46 50 817
50 46 817
46 54 319
54 46 319
48 52 911
52 48 911
