43

0 1 522
1 0 522
0 2 687
2 0 687
0 4 144
4 0 144
0 8 67
8 0 67
0 10 968
10 0 968
0 39 596
39 0 596
0 12 86
12 0 86
0 14 716
14 0 716
0 9 283
9 0 283
0 1 615
1 0 615
0 5 887
5 0 887
0 14 185
14 0 185
0 5 654
5 0 654
0 9 812
9 0 812
0 9 717
9 0 717
0 0 796
0 0 796
0 19 940
19 0 940
0 17 374
17 0 374
0 36 928
36 0 928
0 22 979
22 0 979
0 31 234
31 0 234
0 35 429
35 0 429
0 36 17
36 0 17
0 9 859
9 0 859
0 41 215
41 0 215
0 41 212
41 0 212
0 17 260
17 0 260
0 13 768
13 0 768
0 11 61
11 0 61
0 25 726
25 0 726
0 34 801
34 0 801
1 6 635
6 1 635
1 19 711
19 1 711
1 41 994
41 1 994
1 34 131
34 1 131
1 39 456
39 1 456
1 19 202
19 1 202
1 14 567
14 1 567
1 24 445
24 1 445
1 34 338
34 1 338
1 30 158
30 1 158
1 34 664
34 1 664
1 19 543
19 1 543
1 19 698
19 1 698
1 27 282
27 1 282
1 36 684
36 1 684
1 25 522
25 1 522
1 8 665
8 1 665
1 15 577
15 1 577
1 25 467
25 1 467
1 10 690
10 1 690
1 22 506
22 1 506
1 25 139
25 1 139
1 9 985
9 1 985
1 27 470
27 1 470
1 35 494
35 1 494
1 27 236
27 1 236
1 6 18
6 1 18
1 10 13
10 1 13
1 22 488
22 1 488
2 3 376
3 2 376
2 7 839
7 2 839
2 13 816
13 2 816
2 31 998
31 2 998
2 22 522
22 2 522
2 5 375
5 2 375
2 8 268
8 2 268
2 20 609
20 2 609
2 34 381
34 2 381
2 23 179
23 2 179
2 19 800
19 2 800
2 37 106
37 2 106
2 8 525
8 2 525
2 8 251
8 2 251
2 28 998
28 2 998
2 39 176
39 2 176
2 10 543
10 2 543
2 37 597
37 2 597
2 6 106
6 2 106
2 24 750
24 2 750
2 29 132
29 2 132
2 14 807
14 2 807
2 16 577
16 2 577
3 9 949
9 3 949
3 20 708
20 3 708
3 38 240
38 3 240
3 4 278
4 3 278
3 38 9
38 3 9
3 41 573
41 3 573
3 5 188
5 3 188
3 14 149
14 3 149
3 18 147
18 3 147
3 20 497
20 3 497
3 30 143
30 3 143
3 22 665
22 3 665
3 29 603
29 3 603
3 38 493
38 3 493
3 35 435
35 3 435
3 9 397
9 3 397
3 4 801
4 3 801
3 13 990
13 3 990
3 38 457
38 3 457
3 40 825
40 3 825
3 28 49
28 3 49
3 17 327
17 3 327
3 6 71
6 3 71
3 28 282
28 3 282
3 8 879
8 3 879
3 6 619
6 3 619
3 39 809
39 3 809
3 18 483
18 3 483
3 9 69
9 3 69
3 32 536
32 3 536
3 40 962
40 3 962
4 5 195
5 4 195
4 22 833
22 4 833
4 23 195
23 4 195
4 42 325
42 4 325
4 39 843
39 4 843
4 14 690
14 4 690
4 41 347
41 4 347
4 9 596
9 4 596
4 18 208
18 4 208
4 33 724
33 4 724
4 25 376
25 4 376
4 39 548
39 4 548
4 22 764
22 4 764
4 30 173
30 4 173
4 26 245
26 4 245
4 18 611
18 4 611
4 30 940
30 4 940
4 7 430
7 4 430
4 21 244
21 4 244
4 27 636
27 4 636
4 9 232
9 4 232
4 20 95
20 4 95
4 38 21
38 4 21
4 29 56
29 4 56
4 9 730
9 4 730
4 5 967
5 4 967
4 36 948
36 4 948
4 17 11
17 4 11
4 34 185
34 4 185
4 27 156
27 4 156
4 29 110
29 4 110
4 41 796
41 4 796
4 31 982
31 4 982
4 16 697
16 4 697
4 15 226
15 4 226
4 42 41
42 4 41
4 10 402
10 4 402
4 11 58
11 4 58
4 5 861
5 4 861
4 38 145
38 4 145
4 39 947
39 4 947
5 16 7
16 5 7
5 35 702
35 5 702
5 20 334
20 5 334
5 24 663
24 5 663
5 12 5
12 5 5
5 38 31
38 5 31
5 30 627
30 5 627
5 10 148
10 5 148
5 25 475
25 5 475
5 27 450
27 5 450
5 36 400
36 5 400
5 29 457
29 5 457
5 26 610
26 5 610
5 23 347
23 5 347
5 28 611
28 5 611
5 8 962
8 5 962
5 25 474
25 5 474
5 10 527
10 5 527
5 13 149
13 5 149
5 38 260
38 5 260
5 14 430
14 5 430
5 13 958
13 5 958
5 12 263
12 5 263
5 16 367
16 5 367
5 22 424
22 5 424
5 29 881
29 5 881
5 35 790
35 5 790
5 34 722
34 5 722
6 28 898
28 6 898
6 34 576
34 6 576
6 28 630
28 6 630
6 19 430
19 6 430
6 30 527
30 6 527
6 10 818
10 6 818
6 36 772
36 6 772
6 23 75
23 6 75
6 30 65
30 6 65
6 10 136
10 6 136
6 19 928
19 6 928
6 31 422
31 6 422
6 10 119
10 6 119
6 12 332
12 6 332
6 20 136
20 6 136
6 24 2
24 6 2
6 8 327
8 6 327
6 32 965
32 6 965
6 21 2
21 6 2
6 8 397
8 6 397
6 13 719
13 6 719
6 12 547
12 6 547
6 16 501
16 6 501
6 18 236
18 6 236
6 8 109
8 6 109
6 18 61
18 6 61
6 8 745
8 6 745
6 27 225
27 6 225
6 23 799
23 6 799
6 11 949
11 6 949
6 7 882
7 6 882
6 25 740
25 6 740
6 7 648
7 6 648
6 29 943
29 6 943
7 15 137
15 7 137
7 37 403
37 7 403
7 30 841
30 7 841
7 35 77
35 7 77
7 28 55
28 7 55
7 29 657
29 7 657
7 36 279
36 7 279
7 29 440
29 7 440
7 19 424
19 7 424
7 8 987
8 7 987
7 40 802
40 7 802
7 39 696
39 7 696
7 38 851
38 7 851
7 17 30
17 7 30
7 38 210
38 7 210
7 21 37
21 7 37
7 10 294
10 7 294
7 41 144
41 7 144
7 27 608
27 7 608
7 36 180
36 7 180
7 22 50
22 7 50
7 40 107
40 7 107
7 21 867
21 7 867
7 26 195
26 7 195
7 8 740
8 7 740
7 27 819
27 7 819
7 27 810
27 7 810
8 14 254
14 8 254
8 34 812
34 8 812
8 40 539
40 8 539
8 21 924
21 8 924
8 10 559
10 8 559
8 29 782
29 8 782
8 32 410
32 8 410
8 14 52
14 8 52
8 37 398
37 8 398
8 22 370
22 8 370
8 30 12
30 8 12
8 34 440
34 8 440
8 29 829
29 8 829
8 10 471
10 8 471
8 20 352
20 8 352
8 29 564
29 8 564
8 20 731
20 8 731
8 31 512
31 8 512
8 39 841
39 8 841
8 34 190
34 8 190
8 38 292
38 8 292
8 24 589
24 8 589
8 27 188
27 8 188
8 42 233
42 8 233
9 10 203
10 9 203
9 25 786
25 9 786
9 17 261
17 9 261
9 15 57
15 9 57
9 28 403
28 9 403
9 20 688
20 9 688
9 39 781
39 9 781
9 12 907
12 9 907
9 33 645
33 9 645
9 32 203
32 9 203
9 10 107
10 9 107
9 30 168
30 9 168
9 28 350
28 9 350
9 25 388
25 9 388
9 26 964
26 9 964
9 38 448
38 9 448
9 24 498
24 9 498
9 15 717
15 9 717
9 10 422
10 9 422
9 27 249
27 9 249
9 33 472
33 9 472
9 18 874
18 9 874
9 10 802
10 9 802
9 25 634
25 9 634
9 28 356
28 9 356
9 34 360
34 9 360
9 15 283
15 9 283
10 11 183
11 10 183
10 12 303
12 10 303
10 15 510
15 10 510
10 29 974
29 10 974
10 41 324
41 10 324
10 13 271
13 10 271
10 42 320
42 10 320
10 17 927
17 10 927
10 13 246
13 10 246
10 12 433
12 10 433
10 27 434
27 10 434
10 35 391
35 10 391
10 29 64
29 10 64
10 38 554
38 10 554
10 35 272
35 10 272
10 22 620
22 10 620
10 30 245
30 10 245
10 27 686
27 10 686
10 15 146
15 10 146
10 16 39
16 10 39
10 35 362
35 10 362
10 23 255
23 10 255
10 19 537
19 10 537
10 29 5
29 10 5
10 18 656
18 10 656
10 12 353
12 10 353
10 38 417
38 10 417
10 40 228
40 10 228
10 21 87
21 10 87
10 14 859
14 10 859
10 35 367
35 10 367
10 12 211
12 10 211
11 20 398
20 11 398
11 24 405
24 11 405
11 30 955
30 11 955
11 42 968
42 11 968
11 12 161
12 11 161
11 31 24
31 11 24
11 36 385
36 11 385
11 20 121
20 11 121
11 12 914
12 11 914
11 26 653
26 11 653
11 21 980
21 11 980
11 27 577
27 11 577
11 42 966
42 11 966
11 14 632
14 11 632
11 39 160
39 11 160
11 17 989
17 11 989
11 38 832
38 11 832
11 29 779
29 11 779
11 21 330
21 11 330
11 16 243
16 11 243
11 25 500
25 11 500
11 32 501
32 11 501
11 23 996
23 11 996
11 30 164
30 11 164
11 21 213
21 11 213
11 29 218
29 11 218
12 18 90
18 12 90
12 21 435
21 12 435
12 26 165
26 12 165
12 28 322
28 12 322
12 30 918
30 12 918
12 33 983
33 12 983
12 31 890
31 12 890
12 16 335
16 12 335
12 32 553
32 12 553
12 34 495
34 12 495
12 12 11
12 12 11
12 34 155
34 12 155
12 42 849
42 12 849
12 15 487
15 12 487
12 21 716
21 12 716
12 20 217
20 12 217
12 26 3
26 12 3
12 32 7
32 12 7
12 41 69
41 12 69
12 33 593
33 12 593
12 14 106
14 12 106
12 21 976
21 12 976
12 33 135
33 12 135
13 17 790
17 13 790
13 40 760
40 13 760
13 23 611
23 13 611
13 18 761
18 13 761
13 39 563
39 13 563
13 19 276
19 13 276
13 29 102
29 13 102
13 36 30
36 13 30
13 36 992
36 13 992
13 20 529
20 13 529
13 39 218
39 13 218
13 23 447
23 13 447
13 25 191
25 13 191
13 35 736
35 13 736
13 28 958
28 13 958
13 26 312
26 13 312
13 33 320
33 13 320
13 33 197
33 13 197
13 27 191
27 13 191
13 33 301
33 13 301
13 35 821
35 13 821
13 28 629
28 13 629
13 36 292
36 13 292
13 22 620
22 13 620
13 37 683
37 13 683
13 30 874
30 13 874
13 28 950
28 13 950
13 14 403
14 13 403
14 15 891
15 14 891
14 23 327
23 14 327
14 15 867
15 14 867
14 27 406
27 14 406
14 24 413
24 14 413
14 36 440
36 14 440
14 18 447
18 14 447
14 15 882
15 14 882
14 26 131
26 14 131
14 32 866
32 14 866
14 37 423
37 14 423
14 35 949
35 14 949
14 32 89
32 14 89
14 36 403
36 14 403
14 29 505
29 14 505
14 17 327
17 14 327
14 31 833
31 14 833
14 36 620
36 14 620
14 33 612
33 14 612
15 26 460
26 15 460
15 27 337
27 15 337
15 29 287
29 15 287
15 22 45
22 15 45
15 22 52
22 15 52
15 20 34
20 15 34
15 42 464
42 15 464
15 19 337
19 15 337
15 16 157
16 15 157
15 32 895
32 15 895
15 31 97
31 15 97
15 24 926
24 15 926
15 32 891
32 15 891
15 39 313
39 15 313
15 30 797
30 15 797
15 27 710
27 15 710
15 25 864
25 15 864
15 17 524
17 15 524
15 41 750
41 15 750
15 42 811
42 15 811
15 25 539
25 15 539
15 29 139
29 15 139
15 41 785
41 15 785
15 25 553
25 15 553
15 26 249
26 15 249
15 34 943
34 15 943
15 35 148
35 15 148
15 20 140
20 15 140
15 24 605
24 15 605
16 27 708
27 16 708
16 22 156
22 16 156
16 16 26
16 16 26
16 35 106
35 16 106
16 42 13
42 16 13
16 29 466
29 16 466
16 29 642
29 16 642
16 21 88
21 16 88
16 35 505
35 16 505
16 30 945
30 16 945
16 41 168
41 16 168
16 27 364
27 16 364
16 33 891
33 16 891
16 28 28
28 16 28
16 40 305
40 16 305
16 27 253
27 16 253
16 34 214
34 16 214
16 28 502
28 16 502
16 38 861
38 16 861
16 24 903
24 16 903
16 30 778
30 16 778
16 36 927
36 16 927
16 36 19
36 16 19
16 38 235
38 16 235
16 40 809
40 16 809
16 22 478
22 16 478
17 23 187
23 17 187
17 35 810
35 17 810
17 36 244
36 17 244
17 19 551
19 17 551
17 39 880
39 17 880
17 25 481
25 17 481
17 42 925
42 17 925
17 31 793
31 17 793
17 42 929
42 17 929
17 18 255
18 17 255
17 28 185
28 17 185
17 32 105
32 17 105
17 27 844
27 17 844
17 34 184
34 17 184
17 19 584
19 17 584
17 38 543
38 17 543
17 31 444
31 17 444
17 39 217
39 17 217
17 32 913
32 17 913
17 22 704
22 17 704
17 31 647
31 17 647
17 34 541
34 17 541
17 41 948
41 17 948
17 40 997
40 17 997
17 40 476
40 17 476
17 36 332
36 17 332
18 28 661
28 18 661
18 41 414
41 18 414
18 31 980
31 18 980
18 25 666
25 18 666
18 42 64
42 18 64
18 24 829
24 18 829
18 24 511
24 18 511
18 22 409
22 18 409
18 36 251
36 18 251
18 33 928
33 18 928
18 18 268
18 18 268
18 22 263
22 18 263
18 39 137
39 18 137
18 20 86
20 18 86
18 23 757
23 18 757
18 29 630
29 18 630
18 23 184
23 18 184
18 28 253
28 18 253
18 25 413
25 18 413
18 37 744
37 18 744
18 37 770
37 18 770
18 37 181
37 18 181
18 22 281
22 18 281
18 28 661
28 18 661
19 41 402
41 19 402
19 31 330
31 19 330
19 34 657
34 19 657
19 42 925
42 19 925
19 37 262
37 19 262
19 41 970
41 19 970
19 38 657
38 19 657
19 40 156
40 19 156
19 28 278
28 19 278
19 19 617
19 19 617
19 23 154
23 19 154
19 38 102
38 19 102
19 26 609
26 19 609
19 35 942
35 19 942
19 23 901
23 19 901
19 36 803
36 19 803
19 35 978
35 19 978
19 39 202
39 19 202
19 22 594
22 19 594
19 35 396
35 19 396
20 33 616
33 20 616
20 36 882
36 20 882
20 40 410
40 20 410
20 28 776
28 20 776
20 39 491
39 20 491
20 28 486
28 20 486
20 39 384
39 20 384
20 31 695
31 20 695
20 21 887
21 20 887
20 23 3
23 20 3
20 33 183
33 20 183
20 38 741
38 20 741
20 39 910
39 20 910
20 41 539
41 20 539
20 23 136
23 20 136
20 39 437
39 20 437
20 37 743
37 20 743
20 31 664
31 20 664
20 25 541
25 20 541
20 37 517
37 20 517
20 21 676
21 20 676
20 38 493
38 20 493
21 29 279
29 21 279
21 33 103
33 21 103
21 40 95
40 21 95
21 22 641
22 21 641
21 37 176
37 21 176
21 34 473
34 21 473
21 26 500
26 21 500
21 26 574
26 21 574
21 21 383
21 21 383
21 41 215
41 21 215
21 29 148
29 21 148
21 26 472
26 21 472
21 30 929
30 21 929
21 40 560
40 21 560
21 29 743
29 21 743
21 42 713
42 21 713
21 33 497
33 21 497
21 26 525
26 21 525
22 34 908
34 22 908
22 32 179
32 22 179
22 42 891
42 22 891
22 32 800
32 22 800
22 28 549
28 22 549
22 41 876
41 22 876
22 27 544
27 22 544
22 38 118
38 22 118
22 23 247
23 22 247
23 42 605
42 23 605
23 41 332
41 23 332
23 32 826
32 23 826
23 25 487
25 23 487
23 29 743
29 23 743
23 37 482
37 23 482
23 25 275
25 23 275
23 39 183
39 23 183
23 39 870
39 23 870
24 38 7
38 24 7
24 27 372
27 24 372
24 28 304
28 24 304
24 29 353
29 24 353
24 42 486
42 24 486
24 28 255
28 24 255
24 26 323
26 24 323
24 37 307
37 24 307
24 28 57
28 24 57
24 30 971
30 24 971
24 38 345
38 24 345
24 40 693
40 24 693
24 37 303
37 24 303
24 38 227
38 24 227
24 34 923
34 24 923
25 37 524
37 25 524
25 37 716
37 25 716
25 40 202
40 25 202
25 29 774
29 25 774
25 38 668
38 25 668
25 27 513
27 25 513
25 35 512
35 25 512
26 39 755
39 26 755
26 33 514
33 26 514
26 30 438
30 26 438
26 39 667
39 26 667
27 42 490
42 27 490
27 36 708
36 27 708
27 35 461
35 27 461
27 31 971
31 27 971
27 37 138
37 27 138
27 32 95
32 27 95
27 39 587
39 27 587
27 41 17
41 27 17
27 30 641
30 27 641
27 37 331
37 27 331
27 32 223
32 27 223
28 32 518
32 28 518
28 40 540
40 28 540
28 38 346
38 28 346
28 29 711
29 28 711
28 32 55
32 28 55
28 41 991
41 28 991
28 31 993
31 28 993
28 31 739
31 28 739
29 40 460
40 29 460
29 33 276
33 29 276
29 36 133
36 29 133
29 39 54
39 29 54
30 39 319
39 30 319
30 40 836
40 30 836
30 33 17
33 30 17
30 32 810
32 30 810
30 36 869
36 30 869
30 35 802
35 30 802
30 38 939
38 30 939
30 41 356
41 30 356
30 40 289
40 30 289
30 30 306
30 30 306
31 31 166
31 31 166
31 36 546
36 31 546
31 33 611
33 31 611
31 35 181
35 31 181
31 42 706
42 31 706
31 42 509
42 31 509
31 31 182
31 31 182
31 32 985
32 31 985
31 37 544
37 31 544
31 37 766
37 31 766
31 41 856
41 31 856
31 41 5
41 31 5
31 40 414
40 31 414
32 40 164
40 32 164
32 36 974
36 32 974
32 41 862
41 32 862
32 32 723
32 32 723
32 35 557
35 32 557
32 38 893
38 32 893
32 33 869
33 32 869
32 39 428
39 32 428
32 34 613
34 32 613
33 39 281
39 33 281
33 35 989
35 33 989
33 41 922
41 33 922
33 37 85
37 33 85
33 41 913
41 33 913
34 41 171
41 34 171
34 42 602
42 34 602
34 38 583
38 34 583
34 40 15
40 34 15
34 40 920
40 34 920
34 39 519
39 34 519
34 36 107
36 34 107
34 34 410
34 34 410
35 36 155
36 35 155
35 41 224
41 35 224
35 42 745
42 35 745
35 40 70
40 35 70
35 36 293
36 35 293
35 36 605
36 35 605
35 39 670
39 35 670
35 39 400
39 35 400
36 37 662
37 36 662
36 40 721
40 36 721
36 39 224
39 36 224
37 39 318
39 37 318
37 38 917
38 37 917
37 41 536
41 37 536
37 41 555
41 37 555
37 40 429
40 37 429
38 40 989
40 38 989
38 41 428
41 38 428
38 40 640
40 38 640
38 42 989
42 38 989
39 40 208
40 39 208
39 41 764
41 39 764
39 39 848
39 39 848
39 40 324
40 39 324
40 41 139
41 40 139
40 42 649
42 40 649
41 41 855
41 41 855
41 41 834
41 41 834
41 42 764
42 41 764
41 41 948
41 41 948
