23

0 1 859
1 0 859
0 2 628
2 0 628
0 3 16
3 0 16
0 14 637
14 0 637
0 17 941
17 0 941
0 20 458
20 0 458
0 6 302
6 0 302
0 19 354
19 0 354
0 13 762
13 0 762
0 6 489
6 0 489
0 18 967
18 0 967
0 19 344
19 0 344
0 11 758
11 0 758
0 15 465
15 0 465
1 6 540
6 1 540
1 8 360
8 1 360
1 6 348
6 1 348
1 5 88
5 1 88
1 3 966
3 1 966
1 3 306
3 1 306
1 3 163
3 1 163
1 16 253
16 1 253
1 12 304
12 1 304
1 8 110
8 1 110
1 5 481
5 1 481
1 22 109
22 1 109
1 17 253
17 1 253
1 7 834
7 1 834
1 10 185
10 1 185
1 11 81
11 1 81
1 10 331
10 1 331
1 10 956
10 1 956
1 20 851
20 1 851
1 6 92
6 1 92
1 4 938
4 1 938
1 8 962
8 1 962
1 21 290
21 1 290
1 2 592
2 1 592
2 4 70
4 2 70
2 22 256
22 2 256
2 9 738
9 2 738
2 18 67
18 2 67
2 3 88
3 2 88
2 5 894
5 2 894
2 18 184
18 2 184
2 15 184
15 2 184
2 6 3
6 2 3
2 20 625
20 2 625
2 13 538
13 2 538
2 5 864
5 2 864
2 22 22
22 2 22
2 13 255
13 2 255
2 3 469
3 2 469
2 17 845
17 2 845
2 12 332
12 2 332
2 8 746
8 2 746
2 8 522
8 2 522
2 14 225
14 2 225
2 12 17
12 2 17
2 13 791
13 2 791
2 6 610
6 2 610
2 12 642
12 2 642
2 17 142
17 2 142
3 5 881
5 3 881
3 18 602
18 3 602
3 12 517
12 3 517
3 7 424
7 3 424
3 9 655
9 3 655
3 13 36
13 3 36
3 18 380
18 3 380
3 8 868
8 3 868
3 22 953
22 3 953
3 13 851
13 3 851
3 4 969
4 3 969
3 3 590
3 3 590
3 3 484
3 3 484
3 11 475
11 3 475
3 10 502
10 3 502
3 6 196
6 3 196
3 9 508
9 3 508
3 5 736
5 3 736
3 10 725
10 3 725
4 12 277
12 4 277
4 13 983
13 4 983
4 16 98
16 4 98
4 17 560
17 4 560
4 9 247
9 4 247
4 10 933
10 4 933
4 7 170
7 4 170
4 8 562
8 4 562
4 9 636
9 4 636
4 9 525
9 4 525
4 13 514
13 4 514
4 5 555
5 4 555
4 13 918
13 4 918
4 17 8
17 4 8
4 8 608
8 4 608
4 14 873
14 4 873
4 16 449
16 4 449
4 16 492
16 4 492
4 22 152
22 4 152
5 9 43
9 5 43
5 17 343
17 5 343
5 16 567
16 5 567
5 10 584
10 5 584
5 9 848
9 5 848
5 17 100
17 5 100
5 18 480
18 5 480
5 17 998
17 5 998
5 12 865
12 5 865
5 9 376
9 5 376
5 18 507
18 5 507
5 17 489
17 5 489
6 7 816
7 6 816
6 11 438
11 6 438
6 13 750
13 6 750
6 22 284
22 6 284
6 12 366
12 6 366
6 8 319
8 6 319
6 15 689
15 6 689
6 14 429
14 6 429
6 9 577
9 6 577
6 14 409
14 6 409
6 18 876
18 6 876
6 9 804
9 6 804
6 6 944
6 6 944
6 8 39
8 6 39
7 15 283
15 7 283
7 21 978
21 7 978
7 12 718
12 7 718
7 21 957
21 7 957
7 9 532
9 7 532
8 10 723
10 8 723
8 19 979
19 8 979
8 19 683
19 8 683
8 11 595
11 8 595
8 12 68
12 8 68
8 9 318
9 8 318
8 13 371
13 8 371
8 17 695
17 8 695
8 14 537
14 8 537
8 8 638
8 8 638
8 12 424
12 8 424
8 21 162
21 8 162
9 10 719
10 9 719
9 19 726
19 9 726
9 20 202
20 9 202
9 18 216
18 9 216
9 11 528
11 9 528
9 12 426
12 9 426
9 16 461
16 9 461
9 21 557
21 9 557
9 17 714
17 9 714
9 13 100
13 9 100
9 16 239
16 9 239
9 17 833
17 9 833
9 9 747
9 9 747
10 20 255
20 10 255
10 18 679
18 10 679
10 20 619
20 10 619
10 18 780
18 10 780
10 16 785
16 10 785
10 13 226
13 10 226
10 19 372
19 10 372
10 20 123
20 10 123
10 13 884
13 10 884
10 19 43
19 10 43
10 21 957
21 10 957
10 13 195
13 10 195
11 18 744
18 11 744
11 18 752
18 11 752
11 14 752
14 11 752
11 17 257
17 11 257
11 20 16
20 11 16
11 14 228
14 11 228
11 13 206
13 11 206
11 16 794
16 11 794
11 20 207
20 11 207
11 15 6
15 11 6
11 12 614
12 11 614
11 20 887
20 11 887
11 19 43
19 11 43
11 20 469
20 11 469
11 13 51
13 11 51
12 18 544
18 12 544
12 19 402
19 12 402
12 13 250
13 12 250
12 16 157
16 12 157
12 15 438
15 12 438
12 17 784
17 12 784
13 15 535
15 13 535
13 14 781
14 13 781
13 16 702
16 13 702
13 20 206
20 13 206
13 15 115
15 13 115
14 15 665
15 14 665
14 15 925
15 14 925
14 18 27
18 14 27
14 20 589
20 14 589
14 20 225
20 14 225
14 15 572
15 14 572
14 18 974
18 14 974
15 21 52
21 15 52
15 18 577
18 15 577
15 20 534
20 15 534
15 21 917
21 15 917
15 20 176
20 15 176
16 16 843
16 16 843
16 16 491
16 16 491
16 18 704
18 16 704
16 21 860
21 16 860
16 19 530
19 16 530
16 20 952
20 16 952
16 17 936
17 16 936
16 21 697
21 16 697
16 21 643
21 16 643
16 22 935
22 16 935
16 16 317
16 16 317
17 19 681
19 17 681
17 19 894
19 17 894
17 17 364
17 17 364
17 18 41
18 17 41
17 20 13
20 17 13
18 18 239
18 18 239
18 21 992
21 18 992
18 19 159
19 18 159
18 20 57
20 18 57
18 21 159
21 18 159
19 22 755
22 19 755
19 20 197
20 19 197
19 21 137
21 19 137
19 21 809
21 19 809
20 21 666
21 20 666
20 21 365
21 20 365
20 21 330
21 20 330
20 22 688
22 20 688
20 20 661
20 20 661
21 22 76
22 21 76
