89

0 1 92
1 0 92
0 21 409
21 0 409
0 38 299
38 0 299
0 48 182
48 0 182
0 76 213
76 0 213
0 26 38
26 0 38
0 44 903
44 0 903
0 67 580
67 0 580
0 84 814
84 0 814
0 11 104
11 0 104
0 27 459
27 0 459
0 50 447
50 0 447
0 23 64
23 0 64
0 18 462
18 0 462
0 27 893
27 0 893
0 85 952
85 0 952
0 87 841
87 0 841
0 9 155
9 0 155
0 58 30
58 0 30
0 35 55
35 0 55
0 72 333
72 0 333
0 18 893
18 0 893
1 2 711
2 1 711
1 6 744
6 1 744
1 44 655
44 1 655
1 3 821
3 1 821
1 82 744
82 1 744
1 49 604
49 1 604
1 71 752
71 1 752
1 87 364
87 1 364
1 59 690
59 1 690
1 13 981
13 1 981
1 30 724
30 1 724
1 61 390
61 1 390
1 19 25
19 1 25
1 46 661
46 1 661
1 57 116
57 1 116
1 49 90
49 1 90
1 65 776
65 1 776
1 79 2
79 1 2
1 33 804
33 1 804
1 78 971
78 1 971
1 76 521
76 1 521
1 19 147
19 1 147
1 67 642
67 1 642
1 42 334
42 1 334
1 42 555
42 1 555
1 10 257
10 1 257
1 52 1
52 1 1
1 2 979
2 1 979
2 3 701
3 2 701
2 8 576
8 2 576
2 61 917
61 2 917
2 74 381
74 2 381
2 82 861
82 2 861
2 25 434
25 2 434
2 32 103
32 2 103
2 11 80
11 2 80
2 3 917
3 2 917
2 70 52
70 2 52
2 21 50
21 2 50
2 43 382
43 2 382
2 27 400
27 2 400
2 49 51
49 2 51
2 30 454
30 2 454
2 69 90
69 2 90
2 32 428
32 2 428
2 35 352
35 2 352
2 36 866
36 2 866
2 2 320
2 2 320
3 4 940
4 3 940
3 7 798
7 3 798
3 11 122
11 3 122
3 18 919
18 3 919
3 26 818
26 3 818
3 41 520
41 3 520
3 40 443
40 3 443
3 69 365
69 3 365
3 53 854
53 3 854
3 22 264
22 3 264
3 86 742
86 3 742
3 66 303
66 3 303
3 3 818
3 3 818
3 60 803
60 3 803
3 83 857
83 3 857
3 35 697
35 3 697
3 46 908
46 3 908
3 11 530
11 3 530
3 77 312
77 3 312
3 37 95
37 3 95
3 20 133
20 3 133
3 8 291
8 3 291
3 17 247
17 3 247
4 5 86
5 4 86
4 10 227
10 4 227
4 70 926
70 4 926
4 78 566
78 4 566
4 83 66
83 4 66
4 64 661
64 4 661
4 12 153
12 4 153
4 24 383
24 4 383
4 48 13
48 4 13
4 6 275
6 4 275
4 62 470
62 4 470
4 62 265
62 4 265
4 35 177
35 4 177
4 87 306
87 4 306
4 13 893
13 4 893
4 50 43
50 4 43
4 57 77
57 4 77
4 39 203
39 4 203
4 87 157
87 4 157
4 67 522
67 4 522
4 48 161
48 4 161
4 72 627
72 4 627
4 56 853
56 4 853
4 45 724
45 4 724
4 13 284
13 4 284
4 22 23
22 4 23
4 53 738
53 4 738
5 22 947
22 5 947
5 30 534
30 5 534
5 11 319
11 5 319
5 81 20
81 5 20
5 70 617
70 5 617
5 71 263
71 5 263
5 15 508
15 5 508
5 11 838
11 5 838
5 29 8
29 5 8
5 52 408
52 5 408
5 37 36
37 5 36
5 82 894
82 5 894
5 12 78
12 5 78
5 67 673
67 5 673
5 31 201
31 5 201
5 59 220
59 5 220
5 68 541
68 5 541
5 36 438
36 5 438
5 71 434
71 5 434
5 54 776
54 5 776
5 25 472
25 5 472
6 28 622
28 6 622
6 51 417
51 6 417
6 32 783
32 6 783
6 29 227
29 6 227
6 41 821
41 6 821
6 37 627
37 6 627
6 67 456
67 6 456
6 63 301
63 6 301
6 42 560
42 6 560
6 33 375
33 6 375
6 81 588
81 6 588
6 22 111
22 6 111
6 32 459
32 6 459
6 88 40
88 6 40
6 81 240
81 6 240
6 47 143
47 6 143
6 44 325
44 6 325
6 19 723
19 6 723
6 77 189
77 6 189
6 74 970
74 6 970
6 6 582
6 6 582
7 13 881
13 7 881
7 42 714
42 7 714
7 57 996
57 7 996
7 22 505
22 7 505
7 35 773
35 7 773
7 51 680
51 7 680
7 64 866
64 7 866
7 80 542
80 7 542
7 39 388
39 7 388
7 61 289
61 7 289
7 13 485
13 7 485
7 54 848
54 7 848
7 57 546
57 7 546
7 15 83
15 7 83
7 50 22
50 7 22
7 19 957
19 7 957
7 75 96
75 7 96
7 21 660
21 7 660
7 68 690
68 7 690
7 20 563
20 7 563
8 9 358
9 8 358
8 12 434
12 8 434
8 19 754
19 8 754
8 55 679
55 8 679
8 56 651
56 8 651
8 50 30
50 8 30
8 67 538
67 8 538
8 84 949
84 8 949
8 45 578
45 8 578
8 88 940
88 8 940
8 63 638
63 8 638
8 23 231
23 8 231
8 43 768
43 8 768
8 12 633
12 8 633
8 25 135
25 8 135
8 49 851
49 8 851
8 68 31
68 8 31
8 44 5
44 8 5
8 19 789
19 8 789
8 44 5
44 8 5
8 79 675
79 8 675
8 76 952
76 8 952
9 14 586
14 9 586
9 16 96
16 9 96
9 12 572
12 9 572
9 77 474
77 9 474
9 47 415
47 9 415
9 80 278
80 9 278
9 11 167
11 9 167
9 26 847
26 9 847
9 55 701
55 9 701
9 23 371
23 9 371
9 87 33
87 9 33
9 41 935
41 9 935
9 69 841
69 9 841
9 38 40
38 9 40
10 60 20
60 10 20
10 55 910
55 10 910
10 40 229
40 10 229
10 16 822
16 10 822
10 34 527
34 10 527
10 79 651
79 10 651
10 16 28
16 10 28
10 77 533
77 10 533
10 55 333
55 10 333
10 73 697
73 10 697
10 19 227
19 10 227
10 42 284
42 10 284
10 71 492
71 10 492
10 63 992
63 10 992
10 60 717
60 10 717
10 41 769
41 10 769
10 21 663
21 10 663
11 20 413
20 11 413
11 64 373
64 11 373
11 35 200
35 11 200
11 40 620
40 11 620
11 30 251
30 11 251
11 40 268
40 11 268
11 16 421
16 11 421
11 60 14
60 11 14
11 41 494
41 11 494
11 72 789
72 11 789
11 40 569
40 11 569
11 75 840
75 11 840
11 49 568
49 11 568
11 32 768
32 11 768
11 18 497
18 11 497
11 23 841
23 11 841
11 35 190
35 11 190
11 68 139
68 11 139
11 72 980
72 11 980
11 70 676
70 11 676
11 12 997
12 11 997
11 77 378
77 11 378
12 15 718
15 12 718
12 25 687
25 12 687
12 41 5
41 12 5
12 32 523
32 12 523
12 78 28
78 12 28
12 85 362
85 12 362
12 68 345
68 12 345
12 25 328
25 12 328
12 52 974
52 12 974
12 55 571
55 12 571
12 34 995
34 12 995
12 41 167
41 12 167
12 22 344
22 12 344
12 41 618
41 12 618
12 79 225
79 12 225
13 45 347
45 13 347
13 49 975
49 13 975
13 51 505
51 13 505
13 41 296
41 13 296
13 38 935
38 13 935
13 82 624
82 13 624
13 18 873
18 13 873
13 67 829
67 13 829
13 76 857
76 13 857
13 84 982
84 13 982
13 54 317
54 13 317
13 88 189
88 13 189
13 13 976
13 13 976
13 74 421
74 13 421
13 81 961
81 13 961
14 17 335
17 14 335
14 46 637
46 14 637
14 66 441
66 14 441
14 45 910
45 14 910
14 46 228
46 14 228
14 86 224
86 14 224
14 51 435
51 14 435
14 70 539
70 14 539
14 78 861
78 14 861
14 58 140
58 14 140
14 31 248
31 14 248
14 17 532
17 14 532
14 17 276
17 14 276
15 29 433
29 15 433
15 32 494
32 15 494
15 17 596
17 15 596
15 43 443
43 15 443
15 69 586
69 15 586
15 81 702
81 15 702
15 35 755
35 15 755
15 74 803
74 15 803
15 75 579
75 15 579
15 64 799
64 15 799
15 31 809
31 15 809
15 69 207
69 15 207
15 37 690
37 15 690
15 54 120
54 15 120
15 68 939
68 15 939
15 68 389
68 15 389
15 38 264
38 15 264
15 65 505
65 15 505
15 78 285
78 15 285
16 33 721
33 16 721
16 39 383
39 16 383
16 40 796
40 16 796
16 88 896
88 16 896
16 70 514
70 16 514
16 22 632
22 16 632
16 21 738
21 16 738
16 27 477
27 16 477
16 72 852
72 16 852
16 84 514
84 16 514
16 33 554
33 16 554
16 32 231
32 16 231
16 63 987
63 16 987
16 60 35
60 16 35
16 45 559
45 16 559
16 52 744
52 16 744
17 37 290
37 17 290
17 79 146
79 17 146
17 48 144
48 17 144
17 77 675
77 17 675
17 33 550
33 17 550
17 30 467
30 17 467
17 42 463
42 17 463
17 51 714
51 17 714
17 18 442
18 17 442
17 29 15
29 17 15
17 53 529
53 17 529
17 44 19
44 17 19
17 80 896
80 17 896
17 48 91
48 17 91
17 64 481
64 17 481
17 55 864
55 17 864
17 68 636
68 17 636
17 51 408
51 17 408
18 24 514
24 18 514
18 28 181
28 18 181
18 64 936
64 18 936
18 43 617
43 18 617
18 49 115
49 18 115
18 66 529
66 18 529
18 66 478
66 18 478
18 49 723
49 18 723
18 67 958
67 18 958
18 51 490
51 18 490
18 74 496
74 18 496
18 58 29
58 18 29
18 47 141
47 18 141
18 67 724
67 18 724
18 61 464
61 18 464
18 88 419
88 18 419
18 83 547
83 18 547
19 27 16
27 19 16
19 52 617
52 19 617
19 70 164
70 19 164
19 47 40
47 19 40
19 62 457
62 19 457
19 32 901
32 19 901
19 62 353
62 19 353
19 56 366
56 19 366
19 59 621
59 19 621
19 19 38
19 19 38
19 88 548
88 19 548
20 36 83
36 20 83
20 77 533
77 20 533
20 67 129
67 20 129
20 28 390
28 20 390
20 53 160
53 20 160
20 78 641
78 20 641
20 65 471
65 20 471
20 47 228
47 20 228
20 60 856
60 20 856
20 29 965
29 20 965
20 53 177
53 20 177
20 34 748
34 20 748
20 85 680
85 20 680
20 55 366
55 20 366
20 60 121
60 20 121
20 66 415
66 20 415
20 87 894
87 20 894
20 57 276
57 20 276
20 46 133
46 20 133
20 81 286
81 20 286
20 80 705
80 20 705
21 31 122
31 21 122
21 64 37
64 21 37
21 25 184
25 21 184
21 66 386
66 21 386
21 70 481
70 21 481
21 86 534
86 21 534
21 87 135
87 21 135
21 44 169
44 21 169
21 85 454
85 21 454
22 23 331
23 22 331
22 73 526
73 22 526
22 63 644
63 22 644
22 48 385
48 22 385
22 48 231
48 22 231
22 74 609
74 22 609
22 41 857
41 22 857
22 41 630
41 22 630
22 26 999
26 22 999
22 47 60
47 22 60
22 58 993
58 22 993
22 45 766
45 22 766
22 88 605
88 22 605
22 69 749
69 22 749
22 30 479
30 22 479
22 56 181
56 22 181
23 46 558
46 23 558
23 75 279
75 23 279
23 43 165
43 23 165
23 65 475
65 23 475
23 50 59
50 23 59
23 82 640
82 23 640
23 33 760
33 23 760
23 31 510
31 23 510
23 51 724
51 23 724
23 41 419
41 23 419
23 49 840
49 23 840
23 28 184
28 23 184
23 44 892
44 23 892
23 43 959
43 23 959
23 26 880
26 23 880
23 73 999
73 23 999
23 46 306
46 23 306
24 65 106
65 24 106
24 80 355
80 24 355
24 66 695
66 24 695
24 28 626
28 24 626
24 42 128
42 24 128
24 54 760
54 24 760
24 55 399
55 24 399
25 80 566
80 25 566
25 36 845
36 25 845
25 59 239
59 25 239
25 64 6
64 25 6
25 83 610
83 25 610
25 69 139
69 25 139
25 70 886
70 25 886
25 88 811
88 25 811
25 84 176
84 25 176
25 46 525
46 25 525
25 65 713
65 25 713
25 82 180
82 25 180
25 68 952
68 25 952
25 83 378
83 25 378
25 49 495
49 25 495
26 58 442
58 26 442
26 48 837
48 26 837
26 87 317
87 26 317
26 65 428
65 26 428
26 71 692
71 26 692
26 57 368
57 26 368
26 50 88
50 26 88
26 87 456
87 26 456
26 48 804
48 26 804
26 82 922
82 26 922
26 75 816
75 26 816
26 63 59
63 26 59
26 27 598
27 26 598
26 87 852
87 26 852
26 41 838
41 26 838
26 68 183
68 26 183
26 48 316
48 26 316
26 29 282
29 26 282
26 66 247
66 26 247
26 59 668
59 26 668
26 37 56
37 26 56
26 30 450
30 26 450
26 27 162
27 26 162
26 47 291
47 26 291
27 85 244
85 27 244
27 71 762
71 27 762
27 82 524
82 27 524
27 44 259
44 27 259
27 81 825
81 27 825
27 58 763
58 27 763
27 54 51
54 27 51
27 57 323
57 27 323
27 42 210
42 27 210
27 55 548
55 27 548
27 72 548
72 27 548
27 84 876
84 27 876
27 42 565
42 27 565
28 35 246
35 28 246
28 74 583
74 28 583
28 54 487
54 28 487
28 63 284
63 28 284
28 80 450
80 28 450
28 47 955
47 28 955
28 44 624
44 28 624
28 75 97
75 28 97
28 44 712
44 28 712
28 52 904
52 28 904
28 50 959
50 28 959
29 43 787
43 29 787
29 50 584
50 29 584
29 62 846
62 29 846
29 39 486
39 29 486
29 44 227
44 29 227
29 48 979
48 29 979
29 39 558
39 29 558
29 63 472
63 29 472
29 38 110
38 29 110
29 37 820
37 29 820
29 64 299
64 29 299
29 51 37
51 29 37
29 54 775
54 29 775
29 43 890
43 29 890
30 51 546
51 30 546
30 79 780
79 30 780
30 31 576
31 30 576
30 52 436
52 30 436
30 73 683
73 30 683
30 65 632
65 30 632
30 81 18
81 30 18
30 63 321
63 30 321
30 44 928
44 30 928
30 54 550
54 30 550
30 67 326
67 30 326
30 54 985
54 30 985
30 55 244
55 30 244
30 65 3
65 30 3
30 67 49
67 30 49
30 79 226
79 30 226
30 55 338
55 30 338
30 41 668
41 30 668
30 39 542
39 30 542
31 59 268
59 31 268
31 87 836
87 31 836
31 82 122
82 31 122
31 65 945
65 31 945
31 57 19
57 31 19
31 84 315
84 31 315
31 71 809
71 31 809
31 77 965
77 31 965
31 43 751
43 31 751
31 36 488
36 31 488
31 59 265
59 31 265
31 63 958
63 31 958
31 47 562
47 31 562
31 35 782
35 31 782
31 63 298
63 31 298
31 36 975
36 31 975
31 86 215
86 31 215
31 78 439
78 31 439
31 38 615
38 31 615
31 78 868
78 31 868
32 34 389
34 32 389
32 47 569
47 32 569
32 54 323
54 32 323
32 78 715
78 32 715
32 73 527
73 32 527
32 79 801
79 32 801
32 82 606
82 32 606
32 53 271
53 32 271
32 64 981
64 32 981
32 62 851
62 32 851
32 54 391
54 32 391
32 36 57
36 32 57
32 82 328
82 32 328
33 61 312
61 33 312
33 56 230
56 33 230
33 51 422
51 33 422
33 69 488
69 33 488
33 56 202
56 33 202
33 87 775
87 33 775
33 61 409
61 33 409
33 74 169
74 33 169
33 68 540
68 33 540
33 76 615
76 33 615
33 61 782
61 33 782
33 36 694
36 33 694
33 39 706
39 33 706
34 77 31
77 34 31
34 83 740
83 34 740
34 73 575
73 34 575
34 57 695
57 34 695
34 64 882
64 34 882
34 76 235
76 34 235
34 51 914
51 34 914
34 34 215
34 34 215
34 88 682
88 34 682
34 86 741
86 34 741
34 68 868
68 34 868
34 76 779
76 34 779
34 67 59
67 34 59
34 83 380
83 34 380
34 66 928
66 34 928
34 70 519
70 34 519
34 68 998
68 34 998
34 70 589
70 34 589
35 51 56
51 35 56
35 57 791
57 35 791
35 67 498
67 35 498
35 77 788
77 35 788
35 52 713
52 35 713
35 54 782
54 35 782
35 73 811
73 35 811
35 71 515
71 35 515
35 58 982
58 35 982
35 60 909
60 35 909
35 53 182
53 35 182
35 87 756
87 35 756
35 54 265
54 35 265
35 77 343
77 35 343
36 68 527
68 36 527
36 56 147
56 36 147
36 66 574
66 36 574
36 75 776
75 36 776
36 51 962
51 36 962
36 75 495
75 36 495
36 60 374
60 36 374
36 77 414
77 36 414
36 81 560
81 36 560
36 49 842
49 36 842
36 88 348
88 36 348
36 50 60
50 36 60
36 73 220
73 36 220
37 67 989
67 37 989
37 54 430
54 37 430
37 85 393
85 37 393
37 77 389
77 37 389
37 77 264
77 37 264
37 65 716
65 37 716
37 69 599
69 37 599
38 81 953
81 38 953
38 49 196
49 38 196
38 82 331
82 38 331
38 42 706
42 38 706
38 71 668
71 38 668
38 41 842
41 38 842
38 87 263
87 38 263
38 54 633
54 38 633
38 57 428
57 38 428
38 69 902
69 38 902
38 57 812
57 38 812
38 53 187
53 38 187
38 60 56
60 38 56
38 68 451
68 38 451
39 43 549
43 39 549
39 64 139
64 39 139
39 42 699
42 39 699
39 43 41
43 39 41
39 58 688
58 39 688
39 87 892
87 39 892
39 71 393
71 39 393
39 77 937
77 39 937
39 46 484
46 39 484
39 50 625
50 39 625
40 41 511
41 40 511
40 88 353
88 40 353
40 52 354
52 40 354
40 68 906
68 40 906
40 50 415
50 40 415
40 60 769
60 40 769
40 65 244
65 40 244
40 87 547
87 40 547
40 74 901
74 40 901
40 85 65
85 40 65
40 87 43
87 40 43
40 41 482
41 40 482
41 60 798
60 41 798
41 65 848
65 41 848
41 87 843
87 41 843
41 69 788
69 41 788
41 64 302
64 41 302
41 54 122
54 41 122
41 79 686
79 41 686
41 70 681
70 41 681
41 68 16
68 41 16
41 49 577
49 41 577
41 80 783
80 41 783
41 66 705
66 41 705
41 44 900
44 41 900
41 58 404
58 41 404
41 50 327
50 41 327
42 82 251
82 42 251
42 75 915
75 42 915
42 66 626
66 42 626
42 68 132
68 42 132
42 69 930
69 42 930
42 59 286
59 42 286
42 57 615
57 42 615
42 75 725
75 42 725
43 69 30
69 43 30
43 58 862
58 43 862
43 61 802
61 43 802
43 70 924
70 43 924
43 80 427
80 43 427
43 69 242
69 43 242
43 57 401
57 43 401
43 79 507
79 43 507
43 48 980
48 43 980
43 55 533
55 43 533
44 58 338
58 44 338
44 67 367
67 44 367
44 63 77
63 44 77
44 60 19
60 44 19
44 78 118
78 44 118
44 71 191
71 44 191
44 84 251
84 44 251
45 68 944
68 45 944
45 84 998
84 45 998
45 86 226
86 45 226
45 68 436
68 45 436
45 66 893
66 45 893
45 65 181
65 45 181
45 67 794
67 45 794
45 46 910
46 45 910
45 73 706
73 45 706
46 81 472
81 46 472
46 55 54
55 46 54
46 81 631
81 46 631
46 85 556
85 46 556
46 66 17
66 46 17
46 88 265
88 46 265
46 65 789
65 46 789
46 80 765
80 46 765
46 69 384
69 46 384
46 60 9
60 46 9
46 74 658
74 46 658
46 57 831
57 46 831
47 84 8
84 47 8
47 72 739
72 47 739
47 72 761
72 47 761
47 58 887
58 47 887
47 63 455
63 47 455
47 56 159
56 47 159
47 72 922
72 47 922
47 80 42
80 47 42
47 53 624
53 47 624
48 74 425
74 48 425
48 77 928
77 48 928
48 55 720
55 48 720
48 81 349
81 48 349
48 63 869
63 48 869
48 77 299
77 48 299
48 61 625
61 48 625
48 84 627
84 48 627
48 69 508
69 48 508
48 59 473
59 48 473
48 82 950
82 48 950
49 71 365
71 49 365
49 67 138
67 49 138
49 63 640
63 49 640
49 71 965
71 49 965
49 61 320
61 49 320
49 54 179
54 49 179
49 70 182
70 49 182
49 58 451
58 49 451
49 68 676
68 49 676
49 80 199
80 49 199
49 64 763
64 49 763
49 55 308
55 49 308
49 71 416
71 49 416
50 53 654
53 50 654
50 61 391
61 50 391
50 66 861
66 50 861
50 88 505
88 50 505
50 85 556
85 50 556
50 62 806
62 50 806
50 63 599
63 50 599
50 71 881
71 50 881
50 80 740
80 50 740
50 53 906
53 50 906
51 83 908
83 51 908
51 70 342
70 51 342
51 60 722
60 51 722
51 71 798
71 51 798
51 87 847
87 51 847
51 74 897
74 51 897
51 53 88
53 51 88
51 54 295
54 51 295
51 71 537
71 51 537
51 85 788
85 51 788
51 80 521
80 51 521
52 72 57
72 52 57
52 57 828
57 52 828
52 80 347
80 52 347
52 78 480
78 52 480
52 64 992
64 52 992
52 71 153
71 52 153
52 67 179
67 52 179
52 54 721
54 52 721
52 61 797
61 52 797
53 63 464
63 53 464
53 64 638
64 53 638
53 54 375
54 53 375
53 87 761
87 53 761
53 59 75
59 53 75
53 66 665
66 53 665
54 73 124
73 54 124
54 84 220
84 54 220
54 75 446
75 54 446
54 74 403
74 54 403
54 64 938
64 54 938
54 61 864
61 54 864
54 82 563
82 54 563
54 55 398
55 54 398
54 79 370
79 54 370
54 64 915
64 54 915
54 83 13
83 54 13
55 61 896
61 55 896
55 58 348
58 55 348
55 68 452
68 55 452
55 71 238
71 55 238
55 82 383
82 55 383
55 68 377
68 55 377
56 58 163
58 56 163
56 88 705
88 56 705
56 75 317
75 56 317
56 76 823
76 56 823
56 75 798
75 56 798
56 77 158
77 56 158
57 75 569
75 57 569
57 66 415
66 57 415
57 79 447
79 57 447
57 67 91
67 57 91
57 87 490
87 57 490
57 65 431
65 57 431
57 71 598
71 57 598
57 63 453
63 57 453
57 83 196
83 57 196
58 88 551
88 58 551
58 77 492
77 58 492
58 82 215
82 58 215
58 59 643
59 58 643
58 70 510
70 58 510
58 66 196
66 58 196
58 64 116
64 58 116
58 76 44
76 58 44
59 83 769
83 59 769
59 61 713
61 59 713
59 82 635
82 59 635
59 65 587
65 59 587
59 74 200
74 59 200
59 73 548
73 59 548
59 61 88
61 59 88
59 60 474
60 59 474
59 73 745
73 59 745
59 88 934
88 59 934
59 84 260
84 59 260
59 81 621
81 59 621
59 60 123
60 59 123
59 62 959
62 59 959
60 66 949
66 60 949
61 76 57
76 61 57
61 64 854
64 61 854
61 83 980
83 61 980
61 79 226
79 61 226
61 81 120
81 61 120
62 81 382
81 62 382
62 78 936
78 62 936
63 72 979
72 63 979
63 84 212
84 63 212
63 85 354
85 63 354
63 68 741
68 63 741
63 63 56
63 63 56
63 70 417
70 63 417
64 74 197
74 64 197
64 73 853
73 64 853
65 86 228
86 65 228
65 74 579
74 65 579
65 69 564
69 65 564
65 67 113
67 65 113
65 74 460
74 65 460
65 68 955
68 65 955
65 65 768
65 65 768
65 71 646
71 65 646
65 67 24
67 65 24
65 70 446
70 65 446
66 71 2
71 66 2
66 71 296
71 66 296
66 82 30
82 66 30
66 78 35
78 66 35
66 82 262
82 66 262
67 67 898
67 67 898
67 72 677
72 67 677
67 73 94
73 67 94
68 81 67
81 68 67
68 84 374
84 68 374
68 88 252
88 68 252
69 81 512
81 69 512
69 86 709
86 69 709
69 74 867
74 69 867
69 85 938
85 69 938
70 72 664
72 70 664
71 85 960
85 71 960
71 86 60
86 71 60
71 72 23
72 71 23
71 77 664
77 71 664
72 86 12
86 72 12
72 81 188
81 72 188
72 83 908
83 72 908
72 76 341
76 72 341
72 86 208
86 72 208
73 88 981
88 73 981
73 75 790
75 73 790
73 73 685
73 73 685
73 77 738
77 73 738
74 75 947
75 74 947
74 88 701
88 74 701
74 80 57
80 74 57
74 87 597
87 74 597
75 79 285
79 75 285
75 82 938
82 75 938
75 83 472
83 75 472
76 76 222
76 76 222
76 84 434
84 76 434
76 77 961
77 76 961
77 80 632
80 77 632
77 81 337
81 77 337
77 80 927
80 77 927
79 82 669
82 79 669
79 81 384
81 79 384
80 87 982
87 80 982
81 82 239
82 81 239
82 82 204
82 82 204
82 87 193
87 82 193
83 85 89
85 83 89
83 84 86
84 83 86
84 85 508
85 84 508
85 88 419
88 85 419
85 85 403
85 85 403
85 87 396
87 85 396
