42

0 1 910
1 0 910
0 2 528
2 0 528
0 3 669
3 0 669
0 4 953
4 0 953
0 8 812
8 0 812
0 22 685
22 0 685
0 4 5
4 0 5
0 17 356
17 0 356
0 17 843
17 0 843
0 14 816
14 0 816
0 24 527
24 0 527
0 40 790
40 0 790
0 40 974
40 0 974
0 1 577
1 0 577
0 36 2
36 0 2
0 10 569
10 0 569
0 14 412
14 0 412
0 9 535
9 0 535
0 27 631
27 0 631
0 16 628
16 0 628
0 16 842
16 0 842
0 31 547
31 0 547
0 22 242
22 0 242
0 40 505
40 0 505
0 13 34
13 0 34
0 9 142
9 0 142
0 1 125
1 0 125
1 10 711
10 1 711
1 14 808
14 1 808
1 20 377
20 1 377
1 31 257
31 1 257
1 32 112
32 1 112
1 30 262
30 1 262
1 29 964
29 1 964
1 6 84
6 1 84
1 7 721
7 1 721
1 14 348
14 1 348
1 36 12
36 1 12
1 10 848
10 1 848
1 34 517
34 1 517
1 23 536
23 1 536
1 3 187
3 1 187
1 27 207
27 1 207
1 11 95
11 1 95
1 3 379
3 1 379
1 40 763
40 1 763
1 22 845
22 1 845
1 35 505
35 1 505
1 3 929
3 1 929
1 34 730
34 1 730
1 35 734
35 1 734
1 20 953
20 1 953
1 19 802
19 1 802
2 32 237
32 2 237
2 4 130
4 2 130
2 33 424
33 2 424
2 5 235
5 2 235
2 19 611
19 2 611
2 28 723
28 2 723
2 9 196
9 2 196
2 36 329
36 2 329
2 30 882
30 2 882
2 7 778
7 2 778
2 23 563
23 2 563
2 38 144
38 2 144
2 38 31
38 2 31
2 39 461
39 2 461
2 28 421
28 2 421
2 4 374
4 2 374
2 18 526
18 2 526
2 25 23
25 2 23
2 29 473
29 2 473
2 27 400
27 2 400
2 2 689
2 2 689
2 41 225
41 2 225
2 23 135
23 2 135
2 21 713
21 2 713
2 7 283
7 2 283
2 37 669
37 2 669
3 5 56
5 3 56
3 7 921
7 3 921
3 16 403
16 3 403
3 17 991
17 3 991
3 22 534
22 3 534
3 10 888
10 3 888
3 7 913
7 3 913
3 40 787
40 3 787
3 9 841
9 3 841
3 32 612
32 3 612
3 10 42
10 3 42
3 14 941
14 3 941
3 25 733
25 3 733
3 40 677
40 3 677
3 19 479
19 3 479
3 38 750
38 3 750
3 22 975
22 3 975
3 15 693
15 3 693
3 15 20
15 3 20
3 14 573
14 3 573
3 9 112
9 3 112
3 31 244
31 3 244
3 18 193
18 3 193
3 29 976
29 3 976
3 24 352
24 3 352
4 6 216
6 4 216
4 9 969
9 4 969
4 5 298
5 4 298
4 4 346
4 4 346
4 20 759
20 4 759
4 36 747
36 4 747
4 17 172
17 4 172
4 38 26
38 4 26
4 40 596
40 4 596
4 29 113
29 4 113
4 24 836
24 4 836
4 13 310
13 4 310
4 24 113
24 4 113
4 22 886
22 4 886
4 25 620
25 4 620
4 17 569
17 4 569
4 20 936
20 4 936
5 23 244
23 5 244
5 25 232
25 5 232
5 33 721
33 5 721
5 32 538
32 5 538
5 21 651
21 5 651
5 28 171
28 5 171
5 26 41
26 5 41
5 34 901
34 5 901
5 27 941
27 5 941
5 22 905
22 5 905
5 37 448
37 5 448
5 39 511
39 5 511
5 30 433
30 5 433
5 9 355
9 5 355
5 13 957
13 5 957
5 17 355
17 5 355
5 25 228
25 5 228
6 15 83
15 6 83
6 38 874
38 6 874
6 34 141
34 6 141
6 11 862
11 6 862
6 15 953
15 6 953
6 11 817
11 6 817
6 9 891
9 6 891
6 14 439
14 6 439
6 7 474
7 6 474
6 20 946
20 6 946
6 30 258
30 6 258
6 24 832
24 6 832
6 30 473
30 6 473
6 24 319
24 6 319
6 38 863
38 6 863
6 25 109
25 6 109
6 41 750
41 6 750
6 28 597
28 6 597
6 9 867
9 6 867
6 28 922
28 6 922
7 41 301
41 7 301
7 9 588
9 7 588
7 20 20
20 7 20
7 32 406
32 7 406
7 16 339
16 7 339
7 25 569
25 7 569
7 40 357
40 7 357
7 37 251
37 7 251
7 39 407
39 7 407
7 13 598
13 7 598
7 27 212
27 7 212
7 38 431
38 7 431
7 40 775
40 7 775
7 26 499
26 7 499
7 40 526
40 7 526
7 33 734
33 7 734
7 37 449
37 7 449
7 31 202
31 7 202
7 34 302
34 7 302
8 12 57
12 8 57
8 13 404
13 8 404
8 17 794
17 8 794
8 30 100
30 8 100
8 25 385
25 8 385
8 9 364
9 8 364
8 30 904
30 8 904
8 36 57
36 8 57
8 26 317
26 8 317
8 15 385
15 8 385
8 21 46
21 8 46
8 34 455
34 8 455
8 33 748
33 8 748
8 14 127
14 8 127
8 22 199
22 8 199
8 40 746
40 8 746
8 23 461
23 8 461
8 15 475
15 8 475
8 18 584
18 8 584
9 11 615
11 9 615
9 26 344
26 9 344
9 23 594
23 9 594
9 37 679
37 9 679
9 25 560
25 9 560
9 24 915
24 9 915
9 38 428
38 9 428
9 35 374
35 9 374
9 33 292
33 9 292
9 17 185
17 9 185
9 27 840
27 9 840
9 35 697
35 9 697
9 24 586
24 9 586
9 36 987
36 9 987
9 24 511
24 9 511
9 9 188
9 9 188
9 34 984
34 9 984
9 34 380
34 9 380
9 17 688
17 9 688
9 23 921
23 9 921
9 10 713
10 9 713
9 37 24
37 9 24
9 9 218
9 9 218
9 35 906
35 9 906
9 18 97
18 9 97
9 18 309
18 9 309
10 31 836
31 10 836
10 32 631
32 10 631
10 32 826
32 10 826
10 10 759
10 10 759
10 18 732
18 10 732
10 14 930
14 10 930
10 24 611
24 10 611
10 32 97
32 10 97
10 36 425
36 10 425
10 30 870
30 10 870
10 27 414
27 10 414
10 40 656
40 10 656
10 17 956
17 10 956
10 19 30
19 10 30
10 13 404
13 10 404
10 37 251
37 10 251
10 11 193
11 10 193
10 34 512
34 10 512
10 41 538
41 10 538
10 32 886
32 10 886
10 37 282
37 10 282
10 27 667
27 10 667
10 20 714
20 10 714
10 31 330
31 10 330
10 12 706
12 10 706
11 28 591
28 11 591
11 31 252
31 11 252
11 20 770
20 11 770
11 23 968
23 11 968
11 19 563
19 11 563
11 29 978
29 11 978
11 34 107
34 11 107
11 27 374
27 11 374
11 13 918
13 11 918
11 18 469
18 11 469
11 16 784
16 11 784
11 33 610
33 11 610
11 36 150
36 11 150
11 30 613
30 11 613
11 14 956
14 11 956
11 17 88
17 11 88
11 19 26
19 11 26
11 21 91
21 11 91
12 28 798
28 12 798
12 27 354
27 12 354
12 17 722
17 12 722
12 18 322
18 12 322
12 37 490
37 12 490
12 14 527
14 12 527
12 36 524
36 12 524
12 19 184
19 12 184
12 15 656
15 12 656
12 39 487
39 12 487
12 35 208
35 12 208
12 17 876
17 12 876
12 29 669
29 12 669
13 18 661
18 13 661
13 21 820
21 13 820
13 24 80
24 13 80
13 24 619
24 13 619
13 26 501
26 13 501
13 37 810
37 13 810
13 16 375
16 13 375
13 32 690
32 13 690
13 27 752
27 13 752
13 19 521
19 13 521
13 37 975
37 13 975
13 16 7
16 13 7
13 18 718
18 13 718
13 39 155
39 13 155
13 33 155
33 13 155
13 31 13
31 13 13
13 25 483
25 13 483
13 27 132
27 13 132
13 14 427
14 13 427
13 33 267
33 13 267
13 41 657
41 13 657
13 41 88
41 13 88
13 40 947
40 13 947
13 29 832
29 13 832
14 34 62
34 14 62
14 22 149
22 14 149
14 15 407
15 14 407
14 37 98
37 14 98
14 36 195
36 14 195
14 28 926
28 14 926
14 27 860
27 14 860
14 37 186
37 14 186
14 32 823
32 14 823
14 31 544
31 14 544
14 20 628
20 14 628
15 19 869
19 15 869
15 29 565
29 15 565
15 26 583
26 15 583
15 38 525
38 15 525
15 27 846
27 15 846
15 27 244
27 15 244
15 27 152
27 15 152
15 33 502
33 15 502
15 25 311
25 15 311
15 20 841
20 15 841
15 38 20
38 15 20
15 25 715
25 15 715
15 33 859
33 15 859
15 22 710
22 15 710
15 37 229
37 15 229
15 35 795
35 15 795
15 35 127
35 15 127
16 25 489
25 16 489
16 22 252
22 16 252
16 31 840
31 16 840
16 29 545
29 16 545
16 18 598
18 16 598
16 40 12
40 16 12
16 33 236
33 16 236
16 27 609
27 16 609
16 38 164
38 16 164
16 39 45
39 16 45
16 30 100
30 16 100
16 21 363
21 16 363
16 32 184
32 16 184
16 26 664
26 16 664
16 25 171
25 16 171
17 36 129
36 17 129
17 39 384
39 17 384
17 23 300
23 17 300
17 36 358
36 17 358
17 23 706
23 17 706
17 39 363
39 17 363
17 37 997
37 17 997
17 28 816
28 17 816
18 19 776
19 18 776
18 35 336
35 18 336
18 37 283
37 18 283
18 35 840
35 18 840
18 23 566
23 18 566
18 28 103
28 18 103
18 23 664
23 18 664
18 26 330
26 18 330
18 25 395
25 18 395
18 32 657
32 18 657
18 39 481
39 18 481
18 41 947
41 18 947
18 41 425
41 18 425
18 41 691
41 18 691
19 38 831
38 19 831
19 40 295
40 19 295
19 33 895
33 19 895
19 19 881
19 19 881
19 40 67
40 19 67
19 22 232
22 19 232
19 27 245
27 19 245
19 22 340
22 19 340
19 28 617
28 19 617
19 41 467
41 19 467
19 22 419
22 19 419
19 39 85
39 19 85
19 35 90
35 19 90
19 26 191
26 19 191
19 26 692
26 19 692
19 20 594
20 19 594
19 41 535
41 19 535
19 37 709
37 19 709
20 38 918
38 20 918
20 29 154
29 20 154
20 24 280
24 20 280
20 32 314
32 20 314
20 23 80
23 20 80
20 31 518
31 20 518
20 29 422
29 20 422
20 40 546
40 20 546
20 25 673
25 20 673
20 32 301
32 20 301
20 40 725
40 20 725
20 30 758
30 20 758
20 25 54
25 20 54
21 35 767
35 21 767
21 33 225
33 21 225
21 33 371
33 21 371
21 28 475
28 21 475
21 37 999
37 21 999
21 35 801
35 21 801
21 25 21
25 21 21
21 26 174
26 21 174
21 26 974
26 21 974
21 28 959
28 21 959
21 21 65
21 21 65
21 33 456
33 21 456
21 39 898
39 21 898
21 31 17
31 21 17
21 29 130
29 21 130
21 34 75
34 21 75
21 38 345
38 21 345
21 35 507
35 21 507
22 33 704
33 22 704
22 24 64
24 22 64
22 23 40
23 22 40
22 41 54
41 22 54
22 37 307
37 22 307
22 26 30
26 22 30
22 24 347
24 22 347
22 25 614
25 22 614
22 33 354
33 22 354
23 27 603
27 23 603
23 33 176
33 23 176
23 24 699
24 23 699
23 33 642
33 23 642
23 37 790
37 23 790
23 27 436
27 23 436
23 34 420
34 23 420
23 35 790
35 23 790
23 35 775
35 23 775
24 35 112
35 24 112
24 28 57
28 24 57
24 41 428
41 24 428
24 32 885
32 24 885
24 28 79
28 24 79
24 37 224
37 24 224
24 38 916
38 24 916
24 28 104
28 24 104
24 40 477
40 24 477
24 25 226
25 24 226
24 39 94
39 24 94
24 36 449
36 24 449
24 35 841
35 24 841
24 37 127
37 24 127
25 37 476
37 25 476
25 34 835
34 25 835
25 28 506
28 25 506
25 41 851
41 25 851
25 40 674
40 25 674
26 31 424
31 26 424
26 40 98
40 26 98
26 28 803
28 26 803
26 41 689
41 26 689
26 37 989
37 26 989
26 33 206
33 26 206
26 41 874
41 26 874
26 28 222
28 26 222
26 36 633
36 26 633
26 41 637
41 26 637
26 31 617
31 26 617
26 30 242
30 26 242
26 29 152
29 26 152
27 28 997
28 27 997
27 37 938
37 27 938
27 40 264
40 27 264
27 33 342
33 27 342
27 40 239
40 27 239
27 29 883
29 27 883
27 31 472
31 27 472
27 30 55
30 27 55
27 34 879
34 27 879
28 30 197
30 28 197
28 41 486
41 28 486
28 35 653
35 28 653
28 41 287
41 28 287
28 35 774
35 28 774
28 28 935
28 28 935
28 34 56
34 28 56
28 41 894
41 28 894
28 40 821
40 28 821
29 29 133
29 29 133
29 35 344
35 29 344
29 36 871
36 29 871
29 30 386
30 29 386
29 30 265
30 29 265
29 30 412
30 29 412
29 31 426
31 29 426
30 35 586
35 30 586
30 41 476
41 30 476
30 39 702
39 30 702
30 31 674
31 30 674
30 32 258
32 30 258
30 40 159
40 30 159
30 35 790
35 30 790
30 36 61
36 30 61
30 38 108
38 30 108
30 39 613
39 30 613
31 39 386
39 31 386
31 38 559
38 31 559
31 36 469
36 31 469
31 32 793
32 31 793
31 32 840
32 31 840
31 37 1000
37 31 1000
32 32 468
32 32 468
32 39 416
39 32 416
32 39 811
39 32 811
32 32 490
32 32 490
32 41 567
41 32 567
32 33 802
33 32 802
33 39 717
39 33 717
33 40 917
40 33 917
33 36 836
36 33 836
33 41 889
41 33 889
33 34 135
34 33 135
34 38 509
38 34 509
34 39 43
39 34 43
34 36 339
36 34 339
34 37 941
37 34 941
35 36 848
36 35 848
35 41 791
41 35 791
35 36 641
36 35 641
35 37 329
37 35 329
35 41 621
41 35 621
35 40 701
40 35 701
36 41 674
41 36 674
36 38 715
38 36 715
36 37 885
37 36 885
36 38 422
38 36 422
36 39 327
39 36 327
36 40 517
40 36 517
37 41 697
41 37 697
37 37 288
37 37 288
37 38 443
38 37 443
37 41 31
41 37 31
38 38 421
38 38 421
39 40 2
40 39 2
39 41 353
41 39 353
39 41 295
41 39 295
40 41 373
41 40 373
