30

0 1 431
1 0 431
0 3 759
3 0 759
0 12 352
12 0 352
0 14 924
14 0 924
0 29 760
29 0 760
0 28 692
28 0 692
0 22 749
22 0 749
0 2 380
2 0 380
0 8 881
8 0 881
0 20 76
20 0 76
0 0 308
0 0 308
0 22 414
22 0 414
0 3 163
3 0 163
0 5 420
5 0 420
0 17 991
17 0 991
1 2 734
2 1 734
1 5 291
5 1 291
1 24 895
24 1 895
1 28 352
28 1 352
1 17 710
17 1 710
1 5 796
5 1 796
1 16 788
16 1 788
1 20 237
20 1 237
2 6 845
6 2 845
2 8 139
8 2 139
2 27 78
27 2 78
2 13 626
13 2 626
2 5 175
5 2 175
2 14 40
14 2 40
2 9 583
9 2 583
2 22 525
22 2 525
2 24 774
24 2 774
2 10 908
10 2 908
2 28 912
28 2 912
3 4 569
4 3 569
3 7 124
7 3 124
3 23 611
23 3 611
3 11 950
11 3 950
3 29 148
29 3 148
3 5 398
5 3 398
3 29 167
29 3 167
3 27 818
27 3 818
3 8 229
8 3 229
3 12 720
12 3 720
3 29 87
29 3 87
3 5 945
5 3 945
4 11 484
11 4 484
4 29 711
29 4 711
4 13 114
13 4 114
4 13 664
13 4 664
4 29 618
29 4 618
4 29 735
29 4 735
4 27 852
27 4 852
4 29 980
29 4 980
4 12 657
12 4 657
5 16 945
16 5 945
5 24 487
24 5 487
5 21 264
21 5 264
5 14 590
14 5 590
5 25 227
25 5 227
5 18 360
18 5 360
6 21 234
21 6 234
6 14 559
14 6 559
6 19 709
19 6 709
6 7 103
7 6 103
6 21 980
21 6 980
6 29 438
29 6 438
6 18 225
18 6 225
6 13 818
13 6 818
6 27 528
27 6 528
7 9 482
9 7 482
7 10 966
10 7 966
7 23 739
23 7 739
7 13 224
13 7 224
7 25 188
25 7 188
7 28 247
28 7 247
7 23 549
23 7 549
7 8 445
8 7 445
8 13 732
13 8 732
8 28 654
28 8 654
8 13 726
13 8 726
8 29 557
29 8 557
8 19 101
19 8 101
8 14 946
14 8 946
9 21 918
21 9 918
9 17 373
17 9 373
9 23 39
23 9 39
9 25 503
25 9 503
10 17 196
17 10 196
10 27 177
27 10 177
10 19 767
19 10 767
10 10 258
10 10 258
10 16 630
16 10 630
11 15 729
15 11 729
11 20 225
20 11 225
11 16 684
16 11 684
11 21 96
21 11 96
11 29 38
29 11 38
11 21 456
21 11 456
11 29 441
29 11 441
12 28 867
28 12 867
12 16 381
16 12 381
12 14 412
14 12 412
12 18 694
18 12 694
12 15 347
15 12 347
12 29 443
29 12 443
13 16 559
16 13 559
13 15 35
15 13 35
13 26 952
26 13 952
13 26 883
26 13 883
13 29 399
29 13 399
13 25 298
25 13 298
14 19 742
19 14 742
14 15 26
15 14 26
14 21 681
21 14 681
14 24 394
24 14 394
14 20 623
20 14 623
15 18 261
18 15 261
15 26 701
26 15 701
15 17 180
17 15 180
16 21 126
21 16 126
16 29 534
29 16 534
16 26 346
26 16 346
16 26 116
26 16 116
17 19 916
19 17 916
17 26 905
26 17 905
17 23 299
23 17 299
17 27 452
27 17 452
17 22 283
22 17 283
18 22 525
22 18 525
18 23 125
23 18 125
18 26 766
26 18 766
18 18 169
18 18 169
19 29 511
29 19 511
19 27 314
27 19 314
19 27 646
27 19 646
19 25 932
25 19 932
19 26 571
26 19 571
20 23 134
23 20 134
20 28 681
28 20 681
20 27 264
27 20 264
20 22 309
22 20 309
20 22 391
22 20 391
21 25 554
25 21 554
21 24 431
24 21 431
21 26 983
26 21 983
21 26 966
26 21 966
22 26 227
26 22 227
22 26 275
26 22 275
22 26 734
26 22 734
23 25 876
25 23 876
23 24 706
24 23 706
23 26 835
26 23 835
23 29 905
29 23 905
24 28 681
28 24 681
24 25 554
25 24 554
24 26 571
26 24 571
24 27 266
27 24 266
25 29 720
29 25 720
26 27 54
27 26 54
26 27 872
27 26 872
27 29 985
29 27 985
