16

0 1 702
1 0 702
0 3 610
3 0 610
0 4 975
4 0 975
0 12 624
12 0 624
0 1 3
1 0 3
0 8 398
8 0 398
0 11 668
11 0 668
0 1 678
1 0 678
0 11 797
11 0 797
0 6 981
6 0 981
0 12 990
12 0 990
0 5 580
5 0 580
1 2 427
2 1 427
1 8 203
8 1 203
1 6 295
6 1 295
1 2 379
2 1 379
1 9 362
9 1 362
1 7 297
7 1 297
1 8 716
8 1 716
1 2 644
2 1 644
1 13 511
13 1 511
1 12 378
12 1 378
1 5 114
5 1 114
2 5 220
5 2 220
2 6 395
6 2 395
2 10 940
10 2 940
2 4 497
4 2 497
2 11 175
11 2 175
2 6 850
6 2 850
2 3 525
3 2 525
2 12 770
12 2 770
2 2 591
2 2 591
2 13 765
13 2 765
3 7 576
7 3 576
3 14 713
14 3 713
3 15 360
15 3 360
3 13 220
13 3 220
3 10 31
10 3 31
3 11 349
11 3 349
3 12 355
12 3 355
3 9 403
9 3 403
3 15 789
15 3 789
3 6 114
6 3 114
3 7 181
7 3 181
3 5 490
5 3 490
3 14 692
14 3 692
3 15 289
15 3 289
3 5 948
5 3 948
3 15 613
15 3 613
3 12 443
12 3 443
4 9 704
9 4 704
4 6 280
6 4 280
4 15 376
15 4 376
4 7 261
7 4 261
4 5 726
5 4 726
4 8 746
8 4 746
4 13 896
13 4 896
4 8 505
8 4 505
4 13 487
13 4 487
4 13 63
13 4 63
4 15 412
15 4 412
4 9 472
9 4 472
4 14 866
14 4 866
5 13 413
13 5 413
5 14 943
14 5 943
5 8 520
8 5 520
5 14 876
14 5 876
5 11 30
11 5 30
5 6 659
6 5 659
5 9 399
9 5 399
6 10 851
10 6 851
6 8 649
8 6 649
6 14 833
14 6 833
6 14 294
14 6 294
6 12 408
12 6 408
6 9 777
9 6 777
6 8 322
8 6 322
7 12 636
12 7 636
7 13 35
13 7 35
7 8 61
8 7 61
7 15 384
15 7 384
7 12 329
12 7 329
7 11 159
11 7 159
7 13 1000
13 7 1000
7 15 896
15 7 896
8 14 893
14 8 893
8 10 394
10 8 394
8 13 281
13 8 281
8 10 614
10 8 614
9 13 377
13 9 377
9 15 475
15 9 475
9 13 371
13 9 371
9 15 571
15 9 571
9 15 757
15 9 757
9 10 295
10 9 295
9 11 832
11 9 832
9 10 618
10 9 618
10 11 592
11 10 592
10 15 986
15 10 986
10 15 214
15 10 214
11 13 749
13 11 749
12 15 621
15 12 621
12 13 175
13 12 175
13 13 315
13 13 315
13 15 307
15 13 307
14 14 376
14 14 376
