43

0 1 493
1 0 493
0 5 309
5 0 309
0 21 730
21 0 730
0 25 811
25 0 811
0 15 40
15 0 40
0 31 57
31 0 57
0 30 819
30 0 819
0 27 705
27 0 705
0 24 76
24 0 76
0 24 243
24 0 243
0 32 496
32 0 496
0 41 897
41 0 897
0 10 3
10 0 3
0 33 685
33 0 685
0 35 662
35 0 662
0 35 698
35 0 698
0 11 648
11 0 648
0 15 897
15 0 897
0 1 777
1 0 777
0 27 120
27 0 120
1 2 459
2 1 459
1 4 862
4 1 862
1 7 801
7 1 801
1 8 904
8 1 904
1 14 802
14 1 802
1 32 973
32 1 973
1 32 100
32 1 100
1 7 791
7 1 791
1 6 452
6 1 452
1 40 693
40 1 693
1 37 969
37 1 969
1 40 748
40 1 748
1 27 36
27 1 36
1 40 539
40 1 539
1 15 122
15 1 122
1 34 695
34 1 695
1 14 731
14 1 731
1 20 821
20 1 821
1 39 274
39 1 274
2 3 983
3 2 983
2 9 105
9 2 105
2 26 406
26 2 406
2 31 421
31 2 421
2 7 668
7 2 668
2 35 19
35 2 19
2 10 188
10 2 188
2 36 761
36 2 761
2 28 259
28 2 259
2 8 423
8 2 423
2 39 309
39 2 309
2 25 172
25 2 172
2 22 927
22 2 927
2 10 555
10 2 555
2 31 886
31 2 886
2 34 290
34 2 290
2 32 70
32 2 70
2 35 260
35 2 260
2 38 543
38 2 543
2 18 309
18 2 309
2 42 552
42 2 552
2 35 887
35 2 887
2 8 381
8 2 381
2 42 800
42 2 800
2 12 154
12 2 154
2 9 491
9 2 491
3 6 564
6 3 564
3 40 470
40 3 470
3 35 331
35 3 331
3 28 778
28 3 778
3 21 145
21 3 145
3 5 268
5 3 268
3 19 826
19 3 826
3 16 648
16 3 648
3 37 535
37 3 535
3 26 740
26 3 740
3 22 458
22 3 458
3 4 849
4 3 849
3 31 642
31 3 642
3 3 549
3 3 549
3 3 629
3 3 629
3 29 432
29 3 432
3 42 982
42 3 982
3 37 432
37 3 432
3 24 602
24 3 602
3 42 780
42 3 780
3 37 251
37 3 251
3 34 382
34 3 382
4 12 285
12 4 285
4 15 550
15 4 550
4 32 880
32 4 880
4 11 178
11 4 178
4 40 489
40 4 489
4 35 58
35 4 58
4 22 882
22 4 882
4 24 167
24 4 167
4 17 326
17 4 326
4 10 925
10 4 925
4 11 96
11 4 96
4 24 707
24 4 707
4 17 238
17 4 238
4 38 5
38 4 5
4 27 938
27 4 938
4 36 820
36 4 820
4 41 782
41 4 782
5 10 78
10 5 78
5 19 752
19 5 752
5 37 509
37 5 509
5 41 166
41 5 166
5 40 311
40 5 311
5 36 784
36 5 784
5 33 541
33 5 541
5 27 112
27 5 112
5 14 59
14 5 59
5 31 835
31 5 835
5 17 796
17 5 796
5 19 656
19 5 656
5 40 674
40 5 674
5 11 519
11 5 519
5 12 669
12 5 669
5 25 657
25 5 657
6 11 826
11 6 826
6 13 104
13 6 104
6 13 384
13 6 384
6 8 723
8 6 723
6 32 263
32 6 263
6 12 513
12 6 513
6 21 183
21 6 183
6 10 958
10 6 958
7 38 898
38 7 898
7 25 248
25 7 248
7 19 175
19 7 175
7 17 927
17 7 927
7 34 175
34 7 175
7 31 743
31 7 743
7 22 625
22 7 625
7 29 347
29 7 347
7 24 440
24 7 440
7 12 487
12 7 487
7 10 96
10 7 96
7 14 158
14 7 158
8 28 969
28 8 969
8 29 201
29 8 201
8 10 697
10 8 697
8 28 295
28 8 295
8 8 778
8 8 778
8 17 235
17 8 235
8 38 932
38 8 932
8 18 753
18 8 753
8 33 985
33 8 985
8 14 336
14 8 336
8 10 390
10 8 390
8 28 309
28 8 309
8 26 726
26 8 726
8 36 474
36 8 474
8 19 137
19 8 137
8 23 384
23 8 384
8 11 352
11 8 352
8 10 753
10 8 753
9 22 216
22 9 216
9 28 832
28 9 832
9 32 159
32 9 159
9 22 513
22 9 513
9 11 21
11 9 21
9 10 672
10 9 672
9 42 920
42 9 920
9 35 990
35 9 990
9 12 30
12 9 30
9 15 692
15 9 692
9 27 761
27 9 761
9 34 586
34 9 586
10 40 601
40 10 601
10 25 342
25 10 342
10 35 33
35 10 33
10 14 779
14 10 779
10 42 851
42 10 851
10 12 877
12 10 877
10 39 649
39 10 649
10 35 859
35 10 859
10 42 859
42 10 859
10 39 303
39 10 303
10 20 892
20 10 892
10 26 662
26 10 662
10 42 95
42 10 95
10 19 362
19 10 362
10 38 740
38 10 740
11 18 257
18 11 257
11 23 487
23 11 487
11 36 337
36 11 337
11 38 89
38 11 89
11 36 134
36 11 134
11 31 494
31 11 494
11 35 828
35 11 828
11 22 899
22 11 899
11 29 600
29 11 600
11 16 520
16 11 520
11 13 453
13 11 453
11 31 667
31 11 667
11 21 86
21 11 86
11 16 999
16 11 999
11 37 660
37 11 660
12 17 729
17 12 729
12 31 229
31 12 229
12 33 312
33 12 312
12 36 698
36 12 698
12 42 836
42 12 836
12 32 550
32 12 550
12 33 474
33 12 474
12 35 323
35 12 323
12 14 186
14 12 186
12 31 219
31 12 219
12 23 352
23 12 352
12 26 179
26 12 179
12 13 58
13 12 58
12 14 799
14 12 799
12 16 371
16 12 371
13 16 467
16 13 467
13 27 498
27 13 498
13 40 407
40 13 407
13 38 215
38 13 215
13 35 747
35 13 747
13 27 312
27 13 312
13 42 855
42 13 855
13 23 586
23 13 586
13 18 246
18 13 246
13 26 463
26 13 463
14 20 362
20 14 362
14 40 921
40 14 921
14 22 647
22 14 647
14 40 824
40 14 824
14 16 795
16 14 795
14 14 430
14 14 430
14 18 38
18 14 38
14 27 431
27 14 431
14 23 233
23 14 233
14 37 175
37 14 175
14 14 33
14 14 33
14 19 722
19 14 722
14 23 172
23 14 172
14 19 392
19 14 392
15 28 95
28 15 95
15 35 282
35 15 282
15 18 118
18 15 118
15 40 741
40 15 741
15 38 308
38 15 308
15 22 979
22 15 979
15 21 512
21 15 512
15 19 500
19 15 500
16 24 302
24 16 302
16 23 358
23 16 358
16 23 654
23 16 654
16 20 320
20 16 320
16 39 785
39 16 785
16 40 715
40 16 715
17 23 827
23 17 827
17 18 102
18 17 102
17 42 998
42 17 998
17 40 944
40 17 944
17 35 400
35 17 400
17 21 223
21 17 223
17 33 880
33 17 880
17 35 816
35 17 816
17 17 257
17 17 257
17 24 215
24 17 215
17 37 123
37 17 123
18 33 54
33 18 54
18 38 158
38 18 158
18 34 130
34 18 130
18 30 564
30 18 564
18 20 589
20 18 589
18 27 846
27 18 846
18 37 149
37 18 149
18 35 176
35 18 176
18 39 888
39 18 888
18 42 419
42 18 419
18 34 497
34 18 497
18 41 651
41 18 651
18 25 361
25 18 361
18 35 477
35 18 477
18 39 39
39 18 39
18 28 553
28 18 553
18 30 174
30 18 174
19 30 834
30 19 834
19 32 250
32 19 250
19 23 568
23 19 568
19 28 618
28 19 618
19 20 736
20 19 736
19 24 5
24 19 5
19 30 233
30 19 233
19 39 690
39 19 690
19 23 504
23 19 504
20 29 764
29 20 764
20 27 188
27 20 188
20 35 100
35 20 100
20 21 241
21 20 241
20 33 966
33 20 966
20 37 665
37 20 665
20 21 739
21 20 739
20 33 689
33 20 689
21 41 890
41 21 890
21 37 155
37 21 155
21 34 612
34 21 612
21 39 463
39 21 463
22 29 760
29 22 760
22 39 934
39 22 934
22 39 726
39 22 726
22 22 181
22 22 181
22 30 857
30 22 857
22 30 498
30 22 498
22 30 378
30 22 378
22 36 568
36 22 568
22 39 215
39 22 215
23 30 624
30 23 624
23 41 388
41 23 388
23 39 913
39 23 913
23 30 920
30 23 920
24 33 120
33 24 120
24 30 746
30 24 746
24 39 943
39 24 943
25 39 130
39 25 130
25 31 55
31 25 55
25 39 668
39 25 668
25 40 462
40 25 462
25 42 852
42 25 852
25 26 245
26 25 245
26 41 956
41 26 956
26 35 436
35 26 436
26 27 257
27 26 257
26 31 604
31 26 604
26 31 267
31 26 267
26 42 244
42 26 244
27 42 929
42 27 929
27 35 325
35 27 325
27 42 821
42 27 821
27 30 718
30 27 718
27 30 217
30 27 217
27 27 165
27 27 165
28 32 258
32 28 258
28 28 929
28 28 929
28 38 878
38 28 878
28 40 24
40 28 24
28 42 296
42 28 296
28 36 341
36 28 341
28 36 608
36 28 608
28 36 86
36 28 86
29 33 667
33 29 667
30 32 776
32 30 776
30 35 928
35 30 928
30 37 246
37 30 246
30 42 48
42 30 48
30 30 139
30 30 139
30 33 996
33 30 996
30 30 109
30 30 109
30 40 351
40 30 351
30 30 587
30 30 587
31 33 599
33 31 599
31 39 643
39 31 643
32 34 309
34 32 309
32 34 395
34 32 395
32 37 735
37 32 735
32 34 179
34 32 179
33 36 157
36 33 157
33 35 813
35 33 813
33 42 597
42 33 597
33 37 80
37 33 80
34 38 580
38 34 580
34 37 712
37 34 712
34 41 922
41 34 922
35 37 943
37 35 943
35 41 254
41 35 254
36 38 950
38 36 950
37 37 857
37 37 857
37 40 129
40 37 129
37 40 630
40 37 630
38 39 777
39 38 777
38 40 697
40 38 697
38 40 915
40 38 915
39 39 519
39 39 519
40 41 465
41 40 465
