37

0 1 48
1 0 48
0 2 219
2 0 219
0 3 586
3 0 586
0 5 396
5 0 396
0 9 446
9 0 446
0 10 781
10 0 781
0 14 484
14 0 484
0 11 816
11 0 816
0 28 935
28 0 935
0 8 861
8 0 861
0 13 630
13 0 630
0 33 730
33 0 730
0 23 326
23 0 326
0 3 137
3 0 137
0 9 777
9 0 777
0 13 713
13 0 713
0 16 215
16 0 215
0 11 621
11 0 621
0 16 150
16 0 150
0 13 301
13 0 301
0 23 167
23 0 167
0 23 274
23 0 274
0 13 340
13 0 340
0 35 876
35 0 876
0 19 459
19 0 459
0 5 911
5 0 911
0 15 911
15 0 911
0 16 413
16 0 413
0 9 596
9 0 596
0 14 785
14 0 785
0 12 300
12 0 300
0 10 569
10 0 569
0 17 710
17 0 710
0 0 296
0 0 296
0 19 304
19 0 304
0 1 312
1 0 312
0 1 80
1 0 80
0 29 414
29 0 414
1 7 596
7 1 596
1 11 723
11 1 723
1 26 474
26 1 474
1 8 339
8 1 339
1 29 30
29 1 30
1 6 681
6 1 681
1 30 447
30 1 447
1 10 166
10 1 166
1 21 881
21 1 881
1 15 959
15 1 959
1 27 738
27 1 738
1 36 174
36 1 174
1 3 613
3 1 613
1 21 336
21 1 336
1 7 890
7 1 890
1 7 855
7 1 855
1 35 819
35 1 819
1 4 190
4 1 190
1 12 45
12 1 45
1 12 864
12 1 864
1 10 434
10 1 434
1 8 695
8 1 695
1 20 681
20 1 681
1 32 758
32 1 758
1 7 597
7 1 597
2 29 630
29 2 630
2 30 34
30 2 34
2 19 158
19 2 158
2 16 557
16 2 557
2 18 505
18 2 505
2 17 233
17 2 233
2 17 484
17 2 484
2 32 369
32 2 369
2 11 375
11 2 375
2 3 814
3 2 814
2 5 886
5 2 886
2 14 30
14 2 30
2 14 944
14 2 944
2 11 83
11 2 83
2 11 651
11 2 651
2 16 92
16 2 92
2 23 548
23 2 548
2 35 635
35 2 635
2 17 637
17 2 637
2 33 881
33 2 881
2 33 68
33 2 68
2 11 258
11 2 258
2 22 951
22 2 951
2 35 621
35 2 621
2 22 706
22 2 706
2 22 277
22 2 277
2 26 926
26 2 926
2 3 943
3 2 943
2 22 64
22 2 64
3 4 90
4 3 90
3 8 243
8 3 243
3 22 381
22 3 381
3 33 575
33 3 575
3 29 410
29 3 410
3 35 235
35 3 235
3 27 950
27 3 950
3 33 547
33 3 547
3 13 539
13 3 539
3 17 575
17 3 575
3 27 681
27 3 681
3 12 635
12 3 635
3 10 365
10 3 365
3 34 755
34 3 755
3 10 991
10 3 991
3 32 467
32 3 467
3 24 115
24 3 115
3 31 198
31 3 198
3 12 861
12 3 861
3 32 680
32 3 680
3 21 384
21 3 384
3 15 694
15 3 694
3 21 319
21 3 319
4 15 482
15 4 482
4 17 165
17 4 165
4 11 635
11 4 635
4 13 945
13 4 945
4 21 47
21 4 47
4 27 77
27 4 77
4 29 49
29 4 49
4 21 810
21 4 810
4 9 525
9 4 525
4 20 641
20 4 641
4 5 289
5 4 289
4 16 878
16 4 878
4 24 442
24 4 442
4 28 164
28 4 164
4 36 504
36 4 504
4 28 124
28 4 124
4 14 260
14 4 260
4 21 573
21 4 573
4 35 750
35 4 750
4 5 805
5 4 805
4 14 224
14 4 224
4 18 559
18 4 559
4 5 155
5 4 155
4 5 821
5 4 821
4 33 28
33 4 28
4 34 380
34 4 380
4 25 816
25 4 816
4 36 847
36 4 847
4 30 759
30 4 759
5 6 297
6 5 297
5 12 766
12 5 766
5 19 211
19 5 211
5 11 16
11 5 16
5 5 456
5 5 456
5 18 277
18 5 277
5 19 198
19 5 198
5 17 398
17 5 398
5 30 830
30 5 830
5 18 786
18 5 786
5 12 60
12 5 60
5 33 47
33 5 47
5 35 935
35 5 935
5 34 925
34 5 925
5 9 560
9 5 560
5 9 528
9 5 528
5 16 803
16 5 803
5 33 708
33 5 708
5 18 509
18 5 509
5 10 682
10 5 682
5 11 796
11 5 796
5 15 935
15 5 935
5 8 496
8 5 496
5 17 152
17 5 152
5 25 230
25 5 230
5 31 419
31 5 419
5 34 808
34 5 808
5 8 867
8 5 867
6 16 935
16 6 935
6 19 138
19 6 138
6 23 600
23 6 600
6 26 799
26 6 799
6 20 792
20 6 792
6 14 658
14 6 658
6 36 299
36 6 299
6 28 670
28 6 670
6 9 842
9 6 842
6 23 444
23 6 444
6 16 449
16 6 449
6 14 614
14 6 614
6 33 781
33 6 781
6 18 887
18 6 887
6 33 296
33 6 296
6 33 872
33 6 872
6 8 143
8 6 143
6 12 704
12 6 704
6 24 658
24 6 658
7 9 269
9 7 269
7 12 639
12 7 639
7 24 137
24 7 137
7 20 211
20 7 211
7 12 799
12 7 799
7 13 536
13 7 536
7 26 556
26 7 556
7 33 4
33 7 4
7 21 557
21 7 557
7 8 663
8 7 663
7 12 288
12 7 288
7 18 334
18 7 334
7 7 131
7 7 131
7 19 530
19 7 530
7 33 138
33 7 138
7 16 374
16 7 374
7 23 560
23 7 560
7 22 151
22 7 151
7 33 571
33 7 571
7 10 570
10 7 570
7 25 619
25 7 619
7 26 469
26 7 469
7 14 809
14 7 809
7 22 150
22 7 150
8 8 336
8 8 336
8 27 261
27 8 261
8 36 834
36 8 834
8 25 279
25 8 279
8 20 551
20 8 551
8 17 917
17 8 917
8 34 433
34 8 433
8 35 649
35 8 649
8 33 473
33 8 473
8 31 710
31 8 710
8 28 580
28 8 580
8 30 315
30 8 315
8 8 122
8 8 122
8 14 480
14 8 480
8 9 786
9 8 786
8 11 502
11 8 502
8 16 98
16 8 98
8 13 183
13 8 183
8 9 280
9 8 280
8 32 327
32 8 327
8 9 724
9 8 724
9 18 601
18 9 601
9 20 340
20 9 340
9 9 198
9 9 198
9 29 955
29 9 955
9 19 352
19 9 352
9 10 926
10 9 926
9 12 398
12 9 398
9 11 299
11 9 299
9 22 837
22 9 837
9 34 397
34 9 397
9 35 865
35 9 865
9 25 850
25 9 850
9 12 206
12 9 206
9 25 97
25 9 97
9 30 332
30 9 332
9 32 340
32 9 340
10 21 676
21 10 676
10 26 268
26 10 268
10 23 236
23 10 236
10 33 243
33 10 243
10 22 57
22 10 57
10 25 214
25 10 214
10 36 183
36 10 183
10 32 118
32 10 118
10 25 145
25 10 145
10 27 52
27 10 52
10 18 521
18 10 521
10 11 131
11 10 131
10 13 149
13 10 149
10 20 119
20 10 119
11 25 516
25 11 516
11 35 828
35 11 828
11 20 197
20 11 197
11 33 903
33 11 903
11 30 130
30 11 130
11 34 591
34 11 591
11 17 161
17 11 161
11 21 145
21 11 145
11 23 324
23 11 324
11 15 618
15 11 618
11 27 509
27 11 509
11 27 428
27 11 428
11 32 767
32 11 767
11 14 156
14 11 156
11 25 653
25 11 653
11 26 304
26 11 304
11 13 752
13 11 752
11 24 690
24 11 690
11 30 687
30 11 687
11 29 246
29 11 246
11 25 700
25 11 700
12 13 553
13 12 553
12 20 809
20 12 809
12 20 726
20 12 726
12 20 594
20 12 594
12 20 687
20 12 687
12 15 386
15 12 386
12 27 649
27 12 649
12 17 178
17 12 178
12 19 112
19 12 112
12 30 607
30 12 607
12 34 469
34 12 469
13 29 401
29 13 401
13 36 317
36 13 317
13 18 779
18 13 779
13 35 864
35 13 864
13 16 571
16 13 571
13 30 119
30 13 119
13 21 931
21 13 931
13 29 977
29 13 977
13 26 569
26 13 569
13 25 761
25 13 761
13 29 784
29 13 784
14 32 348
32 14 348
14 36 942
36 14 942
14 21 357
21 14 357
14 30 852
30 14 852
14 15 788
15 14 788
14 31 233
31 14 233
14 20 552
20 14 552
14 27 246
27 14 246
14 24 814
24 14 814
14 20 762
20 14 762
14 25 356
25 14 356
14 19 192
19 14 192
14 35 469
35 14 469
14 33 348
33 14 348
14 28 160
28 14 160
14 24 780
24 14 780
14 32 44
32 14 44
14 35 649
35 14 649
15 26 86
26 15 86
15 29 317
29 15 317
15 17 590
17 15 590
15 19 814
19 15 814
15 19 108
19 15 108
15 33 36
33 15 36
15 24 641
24 15 641
15 35 563
35 15 563
16 22 52
22 16 52
16 25 84
25 16 84
16 34 805
34 16 805
16 36 195
36 16 195
16 29 711
29 16 711
16 25 294
25 16 294
16 19 120
19 16 120
16 33 268
33 16 268
16 23 449
23 16 449
16 33 179
33 16 179
16 28 274
28 16 274
17 31 699
31 17 699
17 25 925
25 17 925
17 24 93
24 17 93
17 28 241
28 17 241
17 18 416
18 17 416
17 20 338
20 17 338
17 34 23
34 17 23
17 22 503
22 17 503
17 31 518
31 17 518
17 30 35
30 17 35
17 21 968
21 17 968
17 36 575
36 17 575
17 19 712
19 17 712
17 18 626
18 17 626
17 23 30
23 17 30
17 35 531
35 17 531
17 18 877
18 17 877
17 29 332
29 17 332
17 18 21
18 17 21
17 17 298
17 17 298
18 21 65
21 18 65
18 28 783
28 18 783
18 34 31
34 18 31
18 26 355
26 18 355
18 30 326
30 18 326
18 19 323
19 18 323
18 31 156
31 18 156
18 25 393
25 18 393
18 29 951
29 18 951
18 27 460
27 18 460
19 27 764
27 19 764
19 26 984
26 19 984
19 29 830
29 19 830
19 21 618
21 19 618
19 27 233
27 19 233
19 28 903
28 19 903
19 24 61
24 19 61
19 20 101
20 19 101
19 34 887
34 19 887
19 29 264
29 19 264
19 28 530
28 19 530
19 34 181
34 19 181
19 34 541
34 19 541
19 27 100
27 19 100
19 24 655
24 19 655
20 34 220
34 20 220
20 31 718
31 20 718
20 23 719
23 20 719
20 27 579
27 20 579
20 36 440
36 20 440
20 21 800
21 20 800
20 24 903
24 20 903
20 33 198
33 20 198
21 24 197
24 21 197
21 28 398
28 21 398
21 28 110
28 21 110
21 23 941
23 21 941
21 34 423
34 21 423
21 30 936
30 21 936
21 25 985
25 21 985
21 36 548
36 21 548
21 26 923
26 21 923
21 36 332
36 21 332
21 29 89
29 21 89
22 23 378
23 22 378
22 23 334
23 22 334
22 31 324
31 22 324
22 30 395
30 22 395
22 30 194
30 22 194
22 35 588
35 22 588
22 31 205
31 22 205
22 25 25
25 22 25
22 29 632
29 22 632
22 23 249
23 22 249
22 30 842
30 22 842
22 36 655
36 22 655
23 29 463
29 23 463
23 24 46
24 23 46
23 28 531
28 23 531
23 26 162
26 23 162
23 33 842
33 23 842
23 35 126
35 23 126
23 34 483
34 23 483
23 31 626
31 23 626
23 31 925
31 23 925
23 28 83
28 23 83
23 36 277
36 23 277
24 31 386
31 24 386
24 35 260
35 24 260
24 29 271
29 24 271
24 27 730
27 24 730
24 34 668
34 24 668
24 28 806
28 24 806
24 31 280
31 24 280
24 29 35
29 24 35
24 27 806
27 24 806
25 25 579
25 25 579
25 27 170
27 25 170
25 29 742
29 25 742
25 29 285
29 25 285
25 27 195
27 25 195
25 33 33
33 25 33
25 35 259
35 25 259
25 29 568
29 25 568
25 28 679
28 25 679
25 26 697
26 25 697
26 36 619
36 26 619
26 29 937
29 26 937
26 30 302
30 26 302
26 31 612
31 26 612
26 29 431
29 26 431
27 30 389
30 27 389
27 36 22
36 27 22
27 33 853
33 27 853
27 35 791
35 27 791
27 34 608
34 27 608
27 33 736
33 27 736
27 27 822
27 27 822
27 28 869
28 27 869
27 29 594
29 27 594
28 36 732
36 28 732
28 33 235
33 28 235
28 30 412
30 28 412
28 34 951
34 28 951
28 28 31
28 28 31
28 34 836
34 28 836
28 35 120
35 28 120
28 29 451
29 28 451
28 30 61
30 28 61
28 35 950
35 28 950
29 34 444
34 29 444
29 30 315
30 29 315
29 31 95
31 29 95
29 29 935
29 29 935
29 33 327
33 29 327
29 30 922
30 29 922
29 34 454
34 29 454
29 35 733
35 29 733
29 33 110
33 29 110
30 36 790
36 30 790
30 31 906
31 30 906
30 36 796
36 30 796
30 34 189
34 30 189
31 35 403
35 31 403
31 34 20
34 31 20
31 32 394
32 31 394
31 33 94
33 31 94
32 33 880
33 32 880
32 36 8
36 32 8
32 33 738
33 32 738
32 35 975
35 32 975
32 32 122
32 32 122
32 32 471
32 32 471
32 35 359
35 32 359
33 36 276
36 33 276
33 34 772
34 33 772
34 36 699
36 34 699
34 35 465
35 34 465
34 36 697
36 34 697
34 36 882
36 34 882
35 36 262
36 35 262
36 36 637
36 36 637
36 36 545
36 36 545
