100

0 1 497
1 0 497
0 4 898
4 0 898
0 7 884
7 0 884
0 31 481
31 0 481
0 33 861
33 0 861
0 43 644
43 0 644
0 10 852
10 0 852
0 84 570
84 0 570
0 36 18
36 0 18
0 63 171
63 0 171
0 7 714
7 0 714
0 1 911
1 0 911
0 9 853
9 0 853
1 2 68
2 1 68
1 3 677
3 1 677
1 20 66
20 1 66
1 32 497
32 1 497
1 44 792
44 1 792
1 44 304
44 1 304
1 76 789
76 1 789
1 23 511
23 1 511
1 16 772
16 1 772
2 29 674
29 2 674
2 47 904
47 2 904
2 38 195
38 2 195
2 2 43
2 2 43
2 54 408
54 2 408
2 82 533
82 2 533
2 60 410
60 2 410
2 43 664
43 2 664
2 82 296
82 2 296
2 62 651
62 2 651
2 70 713
70 2 713
3 9 665
9 3 665
3 12 27
12 3 27
3 14 227
14 3 227
3 21 122
21 3 122
3 40 574
40 3 574
3 17 1000
17 3 1000
3 15 242
15 3 242
3 13 317
13 3 317
3 55 456
55 3 456
3 85 931
85 3 931
3 16 654
16 3 654
3 11 84
11 3 84
4 5 950
5 4 950
4 6 958
6 4 958
4 10 985
10 4 985
4 17 419
17 4 419
4 57 424
57 4 424
4 63 861
63 4 861
4 37 302
37 4 302
4 23 472
23 4 472
4 81 428
81 4 428
4 43 17
43 4 17
4 33 201
33 4 201
4 57 997
57 4 997
4 37 86
37 4 86
4 59 922
59 4 922
4 95 874
95 4 874
5 8 572
8 5 572
5 39 860
39 5 860
5 42 33
42 5 33
5 42 541
42 5 541
5 40 692
40 5 692
5 75 710
75 5 710
5 84 544
84 5 544
6 11 717
11 6 717
6 13 819
13 6 819
6 34 89
34 6 89
6 35 746
35 6 746
6 73 301
73 6 301
6 75 8
75 6 8
6 97 970
97 6 970
6 83 37
83 6 37
7 24 787
24 7 787
7 53 944
53 7 944
7 86 160
86 7 160
7 71 833
71 7 833
8 18 930
18 8 930
8 22 183
22 8 183
8 23 320
23 8 320
8 59 373
59 8 373
8 23 764
23 8 764
8 17 526
17 8 526
8 98 166
98 8 166
8 9 965
9 8 965
8 34 542
34 8 542
9 28 819
28 9 819
9 20 529
20 9 529
9 51 401
51 9 401
9 68 860
68 9 860
9 11 781
11 9 781
10 15 715
15 10 715
10 11 536
11 10 536
10 82 13
82 10 13
10 15 467
15 10 467
10 35 398
35 10 398
10 49 143
49 10 143
10 40 875
40 10 875
11 41 73
41 11 73
11 57 839
57 11 839
11 37 303
37 11 303
11 42 64
42 11 64
11 37 488
37 11 488
11 68 929
68 11 929
12 62 366
62 12 366
12 92 765
92 12 765
12 78 274
78 12 274
12 51 256
51 12 256
12 59 66
59 12 66
12 90 665
90 12 665
12 70 638
70 12 638
12 70 648
70 12 648
12 30 49
30 12 49
12 90 981
90 12 981
13 79 35
79 13 35
13 58 262
58 13 262
13 70 278
70 13 278
14 16 952
16 14 952
14 45 590
45 14 590
14 82 98
82 14 98
14 72 550
72 14 550
14 90 544
90 14 544
14 25 248
25 14 248
14 81 768
81 14 768
14 26 538
26 14 538
14 34 212
34 14 212
14 58 540
58 14 540
14 87 956
87 14 956
15 42 124
42 15 124
15 55 421
55 15 421
15 60 548
60 15 548
15 54 999
54 15 999
15 50 227
50 15 227
15 85 479
85 15 479
15 46 778
46 15 778
15 93 633
93 15 633
15 93 878
93 15 878
15 67 111
67 15 111
15 91 678
91 15 678
15 98 296
98 15 296
15 25 132
25 15 132
15 49 442
49 15 442
15 83 778
83 15 778
15 20 454
20 15 454
16 25 499
25 16 499
16 27 448
27 16 448
16 67 337
67 16 337
16 69 877
69 16 877
16 22 455
22 16 455
16 50 723
50 16 723
16 57 541
57 16 541
16 31 202
31 16 202
16 74 949
74 16 949
16 54 400
54 16 400
17 69 942
69 17 942
17 95 683
95 17 683
17 78 473
78 17 473
17 81 815
81 17 815
17 98 113
98 17 113
17 22 309
22 17 309
17 56 94
56 17 94
17 48 659
48 17 659
17 58 322
58 17 322
17 56 829
56 17 829
17 96 997
96 17 997
18 19 938
19 18 938
18 81 935
81 18 935
18 69 161
69 18 161
18 69 593
69 18 593
18 83 827
83 18 827
18 95 371
95 18 371
18 46 534
46 18 534
18 22 544
22 18 544
19 20 630
20 19 630
19 69 463
69 19 463
19 56 281
56 19 281
19 74 674
74 19 674
19 69 928
69 19 928
19 36 683
36 19 683
19 28 167
28 19 167
20 86 881
86 20 881
20 97 225
97 20 225
20 48 537
48 20 537
20 50 484
50 20 484
20 40 877
40 20 877
20 60 401
60 20 401
20 64 946
64 20 946
21 56 840
56 21 840
21 93 447
93 21 447
21 52 200
52 21 200
21 75 191
75 21 191
21 49 258
49 21 258
21 33 943
33 21 943
21 61 468
61 21 468
21 86 176
86 21 176
21 47 566
47 21 566
22 54 142
54 22 142
22 68 350
68 22 350
22 44 99
44 22 99
23 30 169
30 23 169
23 98 57
98 23 57
23 95 556
95 23 556
23 90 545
90 23 545
23 58 162
58 23 162
23 86 640
86 23 640
23 48 104
48 23 104
23 50 612
50 23 612
23 32 600
32 23 600
24 26 963
26 24 963
24 37 48
37 24 48
24 66 881
66 24 881
24 51 199
51 24 199
24 68 39
68 24 39
24 77 253
77 24 253
24 60 478
60 24 478
24 87 148
87 24 148
24 71 408
71 24 408
25 46 460
46 25 460
25 36 287
36 25 287
25 67 988
67 25 988
25 49 734
49 25 734
25 32 895
32 25 895
25 84 128
84 25 128
25 95 749
95 25 749
26 48 281
48 26 281
26 54 109
54 26 109
26 36 468
36 26 468
26 53 121
53 26 121
26 62 591
62 26 591
26 29 335
29 26 335
26 35 740
35 26 740
26 48 562
48 26 562
27 36 657
36 27 657
27 39 283
39 27 283
27 82 253
82 27 253
27 88 997
88 27 997
27 28 466
28 27 466
27 72 532
72 27 532
27 72 147
72 27 147
27 32 654
32 27 654
27 76 501
76 27 501
27 41 733
41 27 733
27 45 146
45 27 146
28 38 807
38 28 807
28 75 811
75 28 811
28 67 444
67 28 444
28 40 297
40 28 297
28 54 87
54 28 87
28 84 484
84 28 484
28 37 934
37 28 934
28 50 47
50 28 47
28 78 677
78 28 677
28 34 828
34 28 828
29 91 381
91 29 381
29 98 742
98 29 742
29 35 972
35 29 972
29 48 833
48 29 833
30 53 216
53 30 216
30 85 508
85 30 508
30 51 395
51 30 395
31 67 439
67 31 439
31 99 834
99 31 834
31 68 921
68 31 921
31 76 633
76 31 633
31 99 901
99 31 901
32 57 458
57 32 458
32 78 675
78 32 675
32 66 292
66 32 292
33 73 783
73 33 783
33 84 563
84 33 563
33 78 154
78 33 154
33 60 573
60 33 573
33 79 60
79 33 60
34 51 952
51 34 952
34 86 915
86 34 915
34 91 466
91 34 466
34 90 184
90 34 184
34 45 187
45 34 187
34 54 120
54 34 120
34 77 473
77 34 473
34 44 716
44 34 716
35 52 478
52 35 478
35 80 442
80 35 442
35 88 449
88 35 449
35 76 647
76 35 647
35 55 717
55 35 717
35 37 95
37 35 95
35 88 370
88 35 370
35 70 437
70 35 437
35 70 73
70 35 73
35 68 292
68 35 292
35 47 76
47 35 76
35 39 199
39 35 199
35 64 555
64 35 555
36 64 26
64 36 26
36 63 396
63 36 396
36 59 135
59 36 135
37 78 264
78 37 264
37 38 124
38 37 124
37 70 869
70 37 869
38 99 228
99 38 228
38 87 84
87 38 84
38 76 224
76 38 224
38 70 956
70 38 956
39 92 899
92 39 899
40 77 739
77 40 739
40 60 819
60 40 819
41 93 841
93 41 841
41 97 932
97 41 932
41 42 110
42 41 110
41 44 900
44 41 900
41 63 118
63 41 118
41 57 747
57 41 747
41 62 952
62 41 952
41 74 598
74 41 598
41 48 745
48 41 745
42 61 570
61 42 570
42 73 366
73 42 366
42 87 479
87 42 479
42 81 165
81 42 165
42 73 636
73 42 636
43 49 245
49 43 245
43 86 119
86 43 119
43 45 841
45 43 841
43 49 965
49 43 965
43 78 464
78 43 464
43 53 202
53 43 202
44 50 214
50 44 214
44 50 787
50 44 787
44 98 477
98 44 477
44 69 717
69 44 717
44 49 791
49 44 791
45 74 188
74 45 188
45 85 145
85 45 145
45 78 643
78 45 643
45 88 277
88 45 277
45 58 757
58 45 757
45 52 435
52 45 435
45 53 956
53 45 956
46 50 671
50 46 671
46 83 980
83 46 980
47 53 351
53 47 351
47 77 313
77 47 313
47 48 398
48 47 398
47 80 704
80 47 704
48 66 735
66 48 735
48 81 407
81 48 407
48 76 25
76 48 25
49 83 811
83 49 811
49 71 978
71 49 978
49 86 99
86 49 99
49 67 296
67 49 296
49 65 385
65 49 385
49 86 913
86 49 913
50 75 852
75 50 852
50 58 286
58 50 286
50 75 308
75 50 308
50 92 727
92 50 727
51 56 159
56 51 159
51 85 708
85 51 708
51 65 343
65 51 343
51 86 932
86 51 932
51 53 831
53 51 831
51 89 959
89 51 959
51 60 566
60 51 566
52 91 142
91 52 142
52 66 806
66 52 806
52 77 181
77 52 181
53 58 467
58 53 467
53 65 568
65 53 568
53 64 444
64 53 444
54 84 736
84 54 736
54 75 583
75 54 583
54 84 687
84 54 687
54 96 568
96 54 568
54 69 629
69 54 629
54 66 58
66 54 58
55 76 107
76 55 107
55 95 463
95 55 463
55 63 69
63 55 69
55 97 122
97 55 122
55 77 809
77 55 809
55 66 307
66 55 307
56 71 657
71 56 657
56 93 978
93 56 978
56 73 405
73 56 405
56 74 418
74 56 418
57 84 651
84 57 651
57 58 566
58 57 566
57 60 356
60 57 356
57 75 399
75 57 399
57 67 861
67 57 861
57 67 303
67 57 303
57 92 908
92 57 908
57 79 533
79 57 533
58 68 947
68 58 947
58 70 990
70 58 990
58 77 289
77 58 289
58 60 528
60 58 528
58 88 879
88 58 879
58 80 696
80 58 696
59 70 345
70 59 345
59 78 763
78 59 763
59 69 161
69 59 161
59 75 708
75 59 708
59 67 323
67 59 323
59 98 300
98 59 300
60 68 450
68 60 450
60 94 95
94 60 95
60 91 799
91 60 799
61 76 694
76 61 694
62 64 979
64 62 979
62 72 615
72 62 615
62 78 406
78 62 406
62 92 10
92 62 10
62 95 90
95 62 90
63 79 436
79 63 436
63 74 341
74 63 341
63 75 79
75 63 79
63 80 681
80 63 681
63 83 309
83 63 309
64 97 645
97 64 645
64 87 223
87 64 223
64 65 702
65 64 702
65 79 9
79 65 9
65 97 585
97 65 585
65 85 834
85 65 834
65 67 1
67 65 1
66 83 176
83 66 176
66 72 277
72 66 277
66 86 217
86 66 217
66 93 873
93 66 873
67 68 327
68 67 327
68 87 412
87 68 412
68 81 6
81 68 6
68 70 771
70 68 771
68 93 816
93 68 816
68 93 620
93 68 620
68 78 17
78 68 17
69 90 507
90 69 507
69 84 380
84 69 380
69 86 881
86 69 881
69 83 826
83 69 826
69 80 133
80 69 133
69 79 670
79 69 670
69 87 449
87 69 449
71 77 990
77 71 990
71 81 216
81 71 216
72 83 952
83 72 952
72 76 210
76 72 210
72 97 964
97 72 964
73 88 283
88 73 283
73 77 744
77 73 744
74 88 710
88 74 710
74 80 154
80 74 154
74 80 324
80 74 324
75 96 461
96 75 461
76 97 606
97 76 606
76 93 320
93 76 320
79 85 113
85 79 113
79 82 489
82 79 489
80 89 879
89 80 879
80 89 172
89 80 172
80 93 671
93 80 671
82 91 344
91 82 344
82 95 440
95 82 440
83 91 268
91 83 268
83 98 551
98 83 551
84 94 240
94 84 240
84 90 114
90 84 114
84 93 668
93 84 668
85 86 410
86 85 410
87 99 615
99 87 615
87 96 361
96 87 361
87 94 562
94 87 562
87 91 30
91 87 30
87 92 602
92 87 602
87 90 445
90 87 445
88 94 836
94 88 836
89 95 693
95 89 693
89 91 885
91 89 885
89 96 33
96 89 33
89 97 778
97 89 778
91 98 809
98 91 809
91 94 732
94 91 732
95 98 830
98 95 830
95 96 610
96 95 610
