15

0 1 729
1 0 729
0 2 962
2 0 962
0 6 784
6 0 784
0 10 380
10 0 380
0 11 897
11 0 897
0 4 534
4 0 534
0 8 683
8 0 683
0 9 722
9 0 722
0 5 838
5 0 838
0 2 192
2 0 192
0 5 918
5 0 918
0 7 669
7 0 669
1 9 945
9 1 945
1 8 415
8 1 415
1 2 434
2 1 434
1 2 868
2 1 868
1 3 121
3 1 121
2 3 86
3 2 86
2 4 686
4 2 686
2 5 630
5 2 630
2 8 146
8 2 146
2 10 935
10 2 935
2 12 548
12 2 548
2 12 512
12 2 512
2 14 443
14 2 443
2 4 395
4 2 395
3 7 269
7 3 269
3 11 475
11 3 475
3 12 337
12 3 337
3 11 620
11 3 620
3 4 824
4 3 824
3 7 131
7 3 131
3 5 109
5 3 109
4 5 636
5 4 636
4 14 648
14 4 648
4 14 334
14 4 334
4 14 872
14 4 872
4 13 673
13 4 673
5 11 946
11 5 946
5 14 941
14 5 941
5 10 508
10 5 508
5 8 318
8 5 318
5 10 665
10 5 665
5 13 524
13 5 524
6 12 399
12 6 399
6 14 363
14 6 363
6 10 965
10 6 965
6 13 777
13 6 777
6 12 599
12 6 599
6 8 265
8 6 265
7 13 755
13 7 755
7 11 676
11 7 676
7 8 384
8 7 384
7 11 910
11 7 910
7 9 9
9 7 9
7 13 122
13 7 122
8 14 403
14 8 403
9 9 385
9 9 385
9 14 271
14 9 271
9 13 914
13 9 914
9 11 845
11 9 845
10 12 286
12 10 286
10 14 678
14 10 678
10 14 908
14 10 908
10 10 682
10 10 682
10 11 887
11 10 887
10 14 973
14 10 973
11 13 896
13 11 896
11 12 287
12 11 287
11 12 389
12 11 389
11 13 926
13 11 926
11 12 106
12 11 106
12 13 735
13 12 735
12 12 777
12 12 777
12 14 112
14 12 112
13 14 943
14 13 943
