30

0 1 36
1 0 36
0 2 390
2 0 390
0 7 558
7 0 558
0 16 402
16 0 402
0 26 773
26 0 773
0 1 604
1 0 604
0 22 119
22 0 119
0 25 38
25 0 38
0 25 811
25 0 811
0 10 434
10 0 434
0 26 87
26 0 87
0 13 444
13 0 444
0 24 315
24 0 315
0 17 679
17 0 679
0 14 566
14 0 566
0 10 694
10 0 694
0 9 667
9 0 667
0 9 88
9 0 88
0 11 636
11 0 636
0 22 13
22 0 13
1 11 412
11 1 412
1 27 195
27 1 195
1 6 186
6 1 186
1 11 726
11 1 726
1 14 889
14 1 889
1 15 910
15 1 910
1 27 691
27 1 691
1 29 168
29 1 168
1 28 351
28 1 351
1 4 108
4 1 108
1 5 657
5 1 657
1 29 713
29 1 713
2 3 953
3 2 953
2 5 309
5 2 309
2 17 35
17 2 35
2 18 773
18 2 773
2 18 133
18 2 133
2 16 235
16 2 235
2 2 535
2 2 535
2 29 641
29 2 641
2 17 881
17 2 881
2 14 331
14 2 331
2 7 220
7 2 220
2 22 180
22 2 180
2 10 960
10 2 960
2 12 266
12 2 266
2 11 610
11 2 610
2 26 543
26 2 543
2 3 27
3 2 27
2 3 838
3 2 838
2 12 556
12 2 556
2 19 214
19 2 214
2 7 784
7 2 784
2 14 266
14 2 266
2 20 49
20 2 49
2 7 95
7 2 95
2 8 244
8 2 244
2 18 224
18 2 224
3 4 333
4 3 333
3 8 763
8 3 763
3 12 678
12 3 678
3 8 167
8 3 167
3 23 385
23 3 385
3 25 816
25 3 816
3 11 122
11 3 122
3 21 159
21 3 159
3 21 73
21 3 73
3 10 987
10 3 987
3 25 971
25 3 971
3 24 494
24 3 494
3 18 194
18 3 194
3 18 827
18 3 827
3 12 186
12 3 186
3 14 556
14 3 556
3 12 519
12 3 519
3 12 925
12 3 925
3 15 145
15 3 145
3 28 130
28 3 130
3 24 819
24 3 819
3 19 752
19 3 752
3 10 987
10 3 987
3 23 629
23 3 629
3 16 167
16 3 167
3 29 17
29 3 17
3 10 669
10 3 669
3 6 405
6 3 405
4 6 351
6 4 351
4 9 145
9 4 145
4 20 838
20 4 838
4 28 715
28 4 715
4 29 642
29 4 642
4 10 588
10 4 588
4 14 286
14 4 286
4 5 445
5 4 445
4 15 653
15 4 653
4 16 384
16 4 384
4 8 217
8 4 217
4 10 507
10 4 507
4 11 94
11 4 94
4 13 698
13 4 698
4 26 384
26 4 384
4 6 562
6 4 562
4 8 112
8 4 112
4 12 884
12 4 884
4 26 539
26 4 539
4 27 673
27 4 673
4 13 148
13 4 148
4 7 455
7 4 455
5 13 551
13 5 551
5 19 129
19 5 129
5 27 42
27 5 42
5 9 406
9 5 406
5 26 113
26 5 113
5 23 605
23 5 605
5 16 423
16 5 423
5 14 696
14 5 696
5 20 162
20 5 162
5 18 626
18 5 626
5 29 552
29 5 552
5 5 253
5 5 253
5 23 428
23 5 428
5 11 783
11 5 783
5 24 744
24 5 744
5 12 309
12 5 309
6 25 115
25 6 115
6 22 856
22 6 856
6 11 736
11 6 736
6 9 176
9 6 176
6 14 945
14 6 945
6 14 976
14 6 976
6 15 287
15 6 287
6 26 234
26 6 234
6 16 868
16 6 868
6 17 616
17 6 616
6 16 961
16 6 961
6 29 285
29 6 285
6 18 610
18 6 610
6 21 382
21 6 382
6 16 21
16 6 21
6 25 734
25 6 734
6 9 298
9 6 298
7 10 85
10 7 85
7 21 796
21 7 796
7 23 40
23 7 40
7 21 358
21 7 358
7 27 880
27 7 880
7 29 923
29 7 923
7 11 110
11 7 110
7 24 480
24 7 480
7 12 614
12 7 614
7 12 624
12 7 624
7 18 247
18 7 247
7 22 671
22 7 671
7 12 416
12 7 416
7 11 547
11 7 547
8 14 856
14 8 856
8 24 292
24 8 292
8 26 143
26 8 143
8 13 487
13 8 487
8 27 146
27 8 146
8 29 314
29 8 314
8 21 394
21 8 394
8 13 231
13 8 231
8 19 237
19 8 237
8 25 822
25 8 822
8 10 283
10 8 283
8 11 960
11 8 960
8 14 277
14 8 277
8 19 995
19 8 995
8 26 612
26 8 612
8 14 55
14 8 55
8 25 713
25 8 713
8 27 436
27 8 436
8 12 71
12 8 71
9 27 540
27 9 540
9 27 25
27 9 25
9 28 452
28 9 452
9 13 886
13 9 886
9 22 311
22 9 311
9 20 282
20 9 282
9 25 297
25 9 297
9 29 642
29 9 642
9 13 983
13 9 983
9 14 472
14 9 472
9 12 358
12 9 358
9 24 167
24 9 167
9 28 104
28 9 104
9 25 873
25 9 873
9 10 627
10 9 627
9 28 925
28 9 925
9 15 649
15 9 649
9 25 985
25 9 985
9 26 337
26 9 337
9 16 300
16 9 300
9 11 840
11 9 840
9 20 755
20 9 755
9 29 270
29 9 270
10 15 11
15 10 11
10 10 241
10 10 241
10 21 295
21 10 295
10 16 503
16 10 503
10 29 992
29 10 992
10 22 956
22 10 956
10 23 877
23 10 877
10 28 774
28 10 774
10 12 224
12 10 224
10 21 667
21 10 667
10 21 972
21 10 972
10 18 336
18 10 336
10 26 308
26 10 308
10 25 522
25 10 522
10 19 62
19 10 62
10 29 123
29 10 123
10 25 473
25 10 473
10 19 114
19 10 114
11 11 612
11 11 612
11 13 649
13 11 649
11 18 650
18 11 650
11 17 655
17 11 655
11 22 551
22 11 551
11 13 699
13 11 699
11 14 342
14 11 342
11 11 521
11 11 521
11 12 353
12 11 353
11 18 133
18 11 133
11 18 297
18 11 297
11 17 102
17 11 102
11 26 677
26 11 677
11 24 721
24 11 721
11 27 799
27 11 799
11 14 579
14 11 579
11 15 878
15 11 878
12 20 339
20 12 339
12 28 105
28 12 105
12 18 21
18 12 21
12 13 436
13 12 436
12 29 331
29 12 331
12 19 467
19 12 467
12 14 396
14 12 396
12 27 65
27 12 65
12 28 491
28 12 491
12 21 918
21 12 918
12 16 187
16 12 187
12 14 655
14 12 655
13 27 367
27 13 367
13 29 238
29 13 238
13 14 827
14 13 827
13 18 944
18 13 944
13 21 37
21 13 37
13 18 592
18 13 592
13 25 941
25 13 941
13 25 599
25 13 599
13 23 690
23 13 690
13 22 656
22 13 656
13 27 415
27 13 415
13 16 657
16 13 657
14 22 600
22 14 600
14 16 774
16 14 774
14 22 456
22 14 456
14 14 294
14 14 294
14 16 408
16 14 408
15 21 988
21 15 988
15 29 103
29 15 103
15 18 429
18 15 429
15 23 996
23 15 996
15 22 293
22 15 293
15 29 533
29 15 533
15 22 298
22 15 298
15 20 579
20 15 579
15 28 757
28 15 757
15 20 13
20 15 13
15 17 38
17 15 38
15 28 369
28 15 369
15 27 314
27 15 314
16 29 335
29 16 335
16 26 260
26 16 260
16 23 166
23 16 166
16 17 988
17 16 988
16 24 56
24 16 56
16 18 706
18 16 706
16 21 364
21 16 364
16 16 257
16 16 257
16 16 988
16 16 988
16 20 968
20 16 968
16 27 22
27 16 22
17 18 912
18 17 912
17 22 57
22 17 57
17 21 230
21 17 230
17 27 753
27 17 753
17 17 739
17 17 739
17 20 163
20 17 163
17 21 920
21 17 920
18 29 805
29 18 805
18 28 923
28 18 923
18 24 392
24 18 392
18 23 362
23 18 362
18 28 425
28 18 425
18 25 151
25 18 151
18 24 120
24 18 120
18 22 453
22 18 453
19 27 628
27 19 628
19 27 399
27 19 399
19 20 697
20 19 697
19 20 494
20 19 494
19 23 696
23 19 696
19 29 146
29 19 146
19 26 722
26 19 722
19 20 211
20 19 211
19 28 369
28 19 369
20 22 926
22 20 926
20 26 677
26 20 677
20 24 307
24 20 307
20 26 754
26 20 754
20 27 493
27 20 493
21 23 671
23 21 671
21 27 152
27 21 152
21 27 448
27 21 448
21 28 480
28 21 480
21 23 561
23 21 561
21 27 14
27 21 14
21 25 137
25 21 137
21 22 282
22 21 282
21 23 824
23 21 824
22 28 180
28 22 180
22 27 141
27 22 141
22 27 579
27 22 579
22 29 95
29 22 95
22 23 217
23 22 217
22 26 392
26 22 392
23 29 671
29 23 671
23 26 214
26 23 214
23 24 548
24 23 548
23 24 943
24 23 943
23 25 857
25 23 857
24 27 971
27 24 971
24 25 69
25 24 69
25 28 122
28 25 122
26 29 929
29 26 929
26 28 383
28 26 383
26 29 178
29 26 178
26 26 202
26 26 202
26 26 990
26 26 990
26 26 933
26 26 933
27 28 354
28 27 354
27 29 108
29 27 108
27 28 935
28 27 935
27 28 793
28 27 793
28 29 739
29 28 739
