40

0 1 958
1 0 958
0 2 724
2 0 724
0 3 579
3 0 579
0 11 624
11 0 624
0 9 468
9 0 468
0 21 809
21 0 809
0 4 38
4 0 38
0 38 782
38 0 782
0 33 639
33 0 639
0 22 950
22 0 950
0 24 232
24 0 232
0 29 910
29 0 910
0 24 932
24 0 932
1 7 163
7 1 163
1 24 687
24 1 687
1 9 48
9 1 48
1 23 496
23 1 496
2 5 921
5 2 921
2 6 577
6 2 577
2 13 603
13 2 603
2 34 486
34 2 486
2 38 844
38 2 844
2 16 615
16 2 615
3 4 171
4 3 171
3 13 814
13 3 814
3 3 196
3 3 196
3 6 632
6 3 632
3 37 925
37 3 925
3 6 297
6 3 297
4 17 475
17 4 475
4 35 630
35 4 630
4 29 83
29 4 83
4 33 832
33 4 832
4 39 998
39 4 998
4 26 272
26 4 272
4 15 60
15 4 60
4 36 177
36 4 177
4 26 428
26 4 428
5 10 119
10 5 119
5 18 288
18 5 288
5 19 210
19 5 210
5 22 639
22 5 639
5 27 943
27 5 943
5 34 576
34 5 576
6 8 548
8 6 548
6 16 995
16 6 995
6 30 531
30 6 531
6 28 328
28 6 328
6 33 633
33 6 633
6 7 16
7 6 16
6 29 140
29 6 140
6 8 793
8 6 793
6 38 989
38 6 989
6 25 315
25 6 315
6 38 966
38 6 966
7 9 529
9 7 529
7 36 205
36 7 205
7 32 59
32 7 59
7 10 717
10 7 717
8 39 603
39 8 603
8 29 804
29 8 804
8 29 218
29 8 218
8 28 331
28 8 331
8 12 180
12 8 180
9 12 858
12 9 858
9 26 100
26 9 100
9 14 598
14 9 598
9 22 518
22 9 518
9 31 374
31 9 374
9 20 915
20 9 915
9 13 428
13 9 428
10 26 729
26 10 729
10 12 896
12 10 896
10 17 173
17 10 173
11 37 134
37 11 134
11 23 135
23 11 135
11 29 146
29 11 146
11 28 942
28 11 942
11 31 377
31 11 377
11 39 475
39 11 475
12 28 414
28 12 414
12 30 838
30 12 838
12 23 773
23 12 773
13 14 880
14 13 880
13 15 698
15 13 698
13 17 362
17 13 362
13 38 541
38 13 541
13 14 367
14 13 367
14 23 434
23 14 434
14 20 78
20 14 78
14 20 899
20 14 899
15 36 855
36 15 855
15 38 290
38 15 290
15 33 709
33 15 709
15 30 933
30 15 933
15 38 363
38 15 363
16 29 907
29 16 907
16 18 598
18 16 598
16 34 301
34 16 301
17 23 276
23 17 276
17 36 178
36 17 178
17 24 583
24 17 583
17 22 586
22 17 586
17 18 453
18 17 453
17 17 614
17 17 614
18 21 90
21 18 90
18 25 955
25 18 955
18 34 958
34 18 958
19 20 192
20 19 192
19 27 945
27 19 945
19 22 563
22 19 563
19 38 193
38 19 193
19 23 480
23 19 480
20 30 773
30 20 773
20 32 256
32 20 256
21 28 166
28 21 166
21 32 183
32 21 183
22 32 94
32 22 94
22 34 357
34 22 357
22 34 135
34 22 135
22 25 48
25 22 48
22 32 780
32 22 780
23 24 18
24 23 18
23 33 584
33 23 584
23 27 830
27 23 830
23 28 43
28 23 43
25 29 337
29 25 337
25 37 919
37 25 919
25 32 950
32 25 950
26 35 113
35 26 113
26 31 291
31 26 291
26 39 492
39 26 492
28 36 299
36 28 299
29 31 544
31 29 544
29 37 400
37 29 400
31 37 403
37 31 403
34 39 596
39 34 596
35 39 471
39 35 471
36 38 379
38 36 379
37 37 639
37 37 639
38 39 581
39 38 581
