96

0 1 803
1 0 803
0 2 620
2 0 620
0 3 205
3 0 205
0 7 353
7 0 353
0 9 663
9 0 663
0 10 50
10 0 50
0 22 890
22 0 890
0 38 827
38 0 827
0 53 212
53 0 212
0 19 921
19 0 921
0 71 28
71 0 28
0 31 56
31 0 56
0 62 328
62 0 328
0 16 659
16 0 659
0 59 155
59 0 155
0 43 190
43 0 190
1 37 840
37 1 840
1 51 890
51 1 890
1 60 799
60 1 799
1 35 726
35 1 726
2 5 972
5 2 972
2 8 256
8 2 256
2 18 615
18 2 615
2 20 649
20 2 649
2 19 673
19 2 673
2 90 673
90 2 673
2 32 776
32 2 776
3 4 105
4 3 105
3 6 144
6 3 144
3 50 534
50 3 534
3 69 794
69 3 794
3 24 940
24 3 940
3 22 930
22 3 930
4 11 379
11 4 379
4 15 638
15 4 638
4 23 808
23 4 808
4 35 331
35 4 331
4 82 53
82 4 53
4 23 534
23 4 534
4 79 145
79 4 145
4 82 131
82 4 131
4 45 13
45 4 13
5 14 236
14 5 236
5 21 869
21 5 869
5 52 744
52 5 744
5 10 419
10 5 419
5 40 28
40 5 28
6 25 448
25 6 448
6 33 749
33 6 749
6 57 387
57 6 387
6 44 676
44 6 676
6 61 732
61 6 732
8 29 732
29 8 732
8 44 771
44 8 771
8 15 690
15 8 690
8 15 876
15 8 876
8 32 18
32 8 18
8 65 324
65 8 324
8 62 171
62 8 171
8 93 808
93 8 808
9 12 754
12 9 754
9 49 578
49 9 578
9 50 72
50 9 72
10 27 383
27 10 383
10 30 773
30 10 773
10 68 903
68 10 903
10 86 281
86 10 281
10 64 63
64 10 63
11 26 769
26 11 769
11 87 33
87 11 33
11 38 501
38 11 501
11 14 763
14 11 763
11 21 535
21 11 535
12 13 852
13 12 852
12 41 376
41 12 376
12 48 31
48 12 31
12 64 126
64 12 126
12 52 362
52 12 362
12 19 429
19 12 429
13 46 316
46 13 316
13 39 374
39 13 374
13 59 314
59 13 314
13 18 698
18 13 698
13 21 68
21 13 68
13 21 297
21 13 297
13 56 631
56 13 631
13 18 963
18 13 963
14 17 711
17 14 711
14 73 67
73 14 67
14 79 750
79 14 750
15 16 156
16 15 156
15 43 919
43 15 919
15 56 761
56 15 761
15 63 121
63 15 121
15 59 272
59 15 272
15 42 483
42 15 483
15 49 172
49 15 172
16 45 602
45 16 602
16 81 880
81 16 880
17 19 456
19 17 456
17 42 749
42 17 749
17 72 411
72 17 411
17 45 1000
45 17 1000
17 58 502
58 17 502
18 94 494
94 18 494
18 90 453
90 18 453
18 83 414
83 18 414
19 36 725
36 19 725
19 76 872
76 19 872
20 24 270
24 20 270
20 28 839
28 20 839
20 55 494
55 20 494
20 85 468
85 20 468
20 87 186
87 20 186
21 32 949
32 21 949
21 69 328
69 21 328
21 42 801
42 21 801
21 63 597
63 21 597
22 61 826
61 22 826
22 88 40
88 22 40
22 88 86
88 22 86
23 31 803
31 23 803
23 66 583
66 23 583
24 87 475
87 24 475
25 54 790
54 25 790
25 65 952
65 25 952
25 45 765
45 25 765
26 40 521
40 26 521
26 78 1000
78 26 1000
26 89 459
89 26 459
26 46 266
46 26 266
26 92 113
92 26 113
26 40 153
40 26 153
28 39 867
39 28 867
28 74 324
74 28 324
28 62 462
62 28 462
29 51 316
51 29 316
29 37 37
37 29 37
29 83 644
83 29 644
29 80 336
80 29 336
30 71 521
71 30 521
31 34 148
34 31 148
31 60 838
60 31 838
31 44 32
44 31 32
31 62 405
62 31 405
31 90 797
90 31 797
31 81 787
81 31 787
31 58 360
58 31 360
32 32 893
32 32 893
32 76 291
76 32 291
33 94 95
94 33 95
33 40 425
40 33 425
34 45 353
45 34 353
34 78 876
78 34 876
35 91 920
91 35 920
35 60 66
60 35 66
35 95 549
95 35 549
35 54 945
54 35 945
36 92 131
92 36 131
38 47 916
47 38 916
38 53 701
53 38 701
38 68 989
68 38 989
38 73 943
73 38 943
38 52 468
52 38 468
39 52 268
52 39 268
39 84 437
84 39 437
39 84 498
84 39 498
40 77 525
77 40 525
40 48 386
48 40 386
40 61 204
61 40 204
40 78 853
78 40 853
41 91 314
91 41 314
41 81 114
81 41 114
42 49 206
49 42 206
42 44 53
44 42 53
42 55 924
55 42 924
42 75 453
75 42 453
43 58 642
58 43 642
43 80 424
80 43 424
43 89 593
89 43 593
43 84 19
84 43 19
43 87 258
87 43 258
44 57 155
57 44 155
44 82 723
82 44 723
45 70 735
70 45 735
45 61 975
61 45 975
45 88 8
88 45 8
45 91 392
91 45 392
47 75 170
75 47 170
47 86 874
86 47 874
47 93 898
93 47 898
47 66 896
66 47 896
48 90 888
90 48 888
48 88 321
88 48 321
48 51 435
51 48 435
49 53 239
53 49 239
49 71 147
71 49 147
49 81 556
81 49 556
49 80 453
80 49 453
51 77 563
77 51 563
52 59 815
59 52 815
52 89 457
89 52 457
54 77 945
77 54 945
54 65 535
65 54 535
54 57 823
57 54 823
54 74 434
74 54 434
55 73 495
73 55 495
55 82 70
82 55 70
56 85 871
85 56 871
56 77 197
77 56 197
57 67 754
67 57 754
58 83 948
83 58 948
58 60 242
60 58 242
60 70 982
70 60 982
60 82 653
82 60 653
60 90 168
90 60 168
61 62 426
62 61 426
62 81 18
81 62 18
62 64 612
64 62 612
63 66 335
66 63 335
63 85 821
85 63 821
63 66 251
66 63 251
63 80 82
80 63 82
64 92 410
92 64 410
65 82 241
82 65 241
65 74 779
74 65 779
65 69 595
69 65 595
66 74 68
74 66 68
68 86 298
86 68 298
68 83 897
83 68 897
69 89 597
89 69 597
71 95 791
95 71 791
71 88 790
88 71 790
71 72 80
72 71 80
73 84 476
84 73 476
73 89 262
89 73 262
74 93 954
93 74 954
74 74 521
74 74 521
75 95 797
95 75 797
75 91 17
91 75 17
77 79 281
79 77 281
79 90 403
90 79 403
80 94 201
94 80 201
82 84 716
84 82 716
85 87 195
87 85 195
87 88 392
88 87 392
87 95 251
95 87 251
89 90 794
90 89 794
90 95 434
95 90 434
90 92 232
92 90 232
