75

0 1 210
1 0 210
0 3 77
3 0 77
0 9 905
9 0 905
0 14 908
14 0 908
0 46 244
46 0 244
0 0 599
0 0 599
0 52 66
52 0 66
0 60 992
60 0 992
0 10 575
10 0 575
0 67 892
67 0 892
0 57 995
57 0 995
0 36 449
36 0 449
0 19 481
19 0 481
0 44 19
44 0 19
0 17 297
17 0 297
0 64 700
64 0 700
0 4 191
4 0 191
0 62 638
62 0 638
0 8 669
8 0 669
0 7 27
7 0 27
0 32 358
32 0 358
1 2 350
2 1 350
1 35 153
35 1 153
1 10 660
10 1 660
1 57 76
57 1 76
1 33 728
33 1 728
1 61 109
61 1 109
1 45 367
45 1 367
1 9 850
9 1 850
1 51 346
51 1 346
1 59 937
59 1 937
1 52 430
52 1 430
1 74 523
74 1 523
1 51 611
51 1 611
1 39 983
39 1 983
1 72 281
72 1 281
1 45 477
45 1 477
1 70 108
70 1 108
1 32 149
32 1 149
1 52 784
52 1 784
1 24 270
24 1 270
2 6 120
6 2 120
2 13 603
13 2 603
2 28 999
28 2 999
2 59 681
59 2 681
2 7 70
7 2 70
2 68 911
68 2 911
2 71 508
71 2 508
2 49 773
49 2 773
2 53 30
53 2 30
2 47 533
47 2 533
2 72 497
72 2 497
2 27 641
27 2 641
2 28 267
28 2 267
2 44 810
44 2 810
2 72 258
72 2 258
2 69 525
69 2 525
2 19 204
19 2 204
2 26 675
26 2 675
2 49 58
49 2 58
2 19 329
19 2 329
2 70 32
70 2 32
2 7 761
7 2 761
3 4 760
4 3 760
3 7 47
7 3 47
3 10 221
10 3 221
3 11 249
11 3 249
3 23 661
23 3 661
3 24 668
24 3 668
3 63 776
63 3 776
3 60 916
60 3 916
3 52 61
52 3 61
3 54 858
54 3 858
3 12 471
12 3 471
3 53 139
53 3 139
3 22 914
22 3 914
3 5 122
5 3 122
3 17 739
17 3 739
3 37 62
37 3 62
3 51 452
51 3 452
3 4 605
4 3 605
3 73 912
73 3 912
3 5 634
5 3 634
3 33 225
33 3 225
3 68 949
68 3 949
3 7 711
7 3 711
3 48 410
48 3 410
3 38 55
38 3 55
3 34 304
34 3 304
3 11 625
11 3 625
3 4 828
4 3 828
4 5 715
5 4 715
4 12 606
12 4 606
4 19 476
19 4 476
4 68 486
68 4 486
4 32 897
32 4 897
4 57 366
57 4 366
4 27 780
27 4 780
4 42 482
42 4 482
4 43 841
43 4 841
4 64 743
64 4 743
4 53 597
53 4 597
4 11 742
11 4 742
4 67 260
67 4 260
4 34 129
34 4 129
4 32 146
32 4 146
4 32 593
32 4 593
4 65 531
65 4 531
5 31 129
31 5 129
5 40 886
40 5 886
5 13 22
13 5 22
5 59 896
59 5 896
5 10 913
10 5 913
5 44 473
44 5 473
5 27 382
27 5 382
5 47 170
47 5 170
5 33 780
33 5 780
5 30 321
30 5 321
5 15 312
15 5 312
5 68 361
68 5 361
5 10 420
10 5 420
5 57 959
57 5 959
5 61 270
61 5 270
5 56 272
56 5 272
5 59 430
59 5 430
5 54 332
54 5 332
5 32 704
32 5 704
5 73 463
73 5 463
5 59 801
59 5 801
6 68 727
68 6 727
6 72 848
72 6 848
6 36 2
36 6 2
6 30 667
30 6 667
6 28 152
28 6 152
6 46 791
46 6 791
6 26 97
26 6 97
6 7 950
7 6 950
6 29 843
29 6 843
6 9 856
9 6 856
6 7 98
7 6 98
6 62 187
62 6 187
6 20 376
20 6 376
6 51 997
51 6 997
6 10 717
10 6 717
6 38 644
38 6 644
6 66 191
66 6 191
6 8 59
8 6 59
6 45 197
45 6 197
6 60 235
60 6 235
6 49 949
49 6 949
6 28 17
28 6 17
6 35 557
35 6 557
6 23 101
23 6 101
6 23 381
23 6 381
6 17 430
17 6 430
6 27 964
27 6 964
7 8 410
8 7 410
7 17 776
17 7 776
7 35 415
35 7 415
7 35 760
35 7 760
7 22 654
22 7 654
7 37 602
37 7 602
7 74 722
74 7 722
7 55 378
55 7 378
7 26 238
26 7 238
7 11 903
11 7 903
7 53 422
53 7 422
7 51 548
51 7 548
7 58 62
58 7 62
7 17 772
17 7 772
7 47 235
47 7 235
7 64 410
64 7 410
7 9 878
9 7 878
7 7 784
7 7 784
7 21 275
21 7 275
7 7 632
7 7 632
7 62 491
62 7 491
7 68 423
68 7 423
7 35 432
35 7 432
7 67 262
67 7 262
7 25 42
25 7 42
7 67 397
67 7 397
7 36 785
36 7 785
7 71 203
71 7 203
7 54 716
54 7 716
7 16 659
16 7 659
7 63 559
63 7 559
8 70 31
70 8 31
8 63 765
63 8 765
8 50 257
50 8 257
8 10 270
10 8 270
8 13 254
13 8 254
8 61 246
61 8 246
8 72 889
72 8 889
8 45 438
45 8 438
8 60 126
60 8 126
8 49 374
49 8 374
8 68 777
68 8 777
8 64 986
64 8 986
8 55 254
55 8 254
8 72 228
72 8 228
8 67 941
67 8 941
8 34 385
34 8 385
8 10 578
10 8 578
8 27 358
27 8 358
8 57 396
57 8 396
8 48 122
48 8 122
8 24 964
24 8 964
8 26 370
26 8 370
8 56 476
56 8 476
8 65 392
65 8 392
8 62 58
62 8 58
8 20 989
20 8 989
8 73 331
73 8 331
8 13 214
13 8 214
8 51 959
51 8 959
8 29 649
29 8 649
8 74 102
74 8 102
9 27 909
27 9 909
9 73 520
73 9 520
9 12 495
12 9 495
9 48 265
48 9 265
9 16 802
16 9 802
9 46 732
46 9 732
9 53 430
53 9 430
9 32 950
32 9 950
9 35 103
35 9 103
9 17 185
17 9 185
9 19 116
19 9 116
9 46 235
46 9 235
9 19 577
19 9 577
9 33 931
33 9 931
9 34 747
34 9 747
9 28 102
28 9 102
9 14 398
14 9 398
10 18 505
18 10 505
10 70 481
70 10 481
10 10 528
10 10 528
10 50 94
50 10 94
10 60 798
60 10 798
10 58 677
58 10 677
10 25 180
25 10 180
10 21 543
21 10 543
10 39 213
39 10 213
10 19 429
19 10 429
10 50 475
50 10 475
10 16 522
16 10 522
10 31 557
31 10 557
10 57 215
57 10 215
11 16 841
16 11 841
11 48 986
48 11 986
11 64 469
64 11 469
11 67 669
67 11 669
11 53 562
53 11 562
11 15 771
15 11 771
11 27 101
27 11 101
11 64 779
64 11 779
11 44 677
44 11 677
11 30 385
30 11 385
11 17 437
17 11 437
11 61 355
61 11 355
11 65 423
65 11 423
11 49 790
49 11 790
11 22 845
22 11 845
11 40 19
40 11 19
11 34 1
34 11 1
12 15 49
15 12 49
12 44 851
44 12 851
12 62 476
62 12 476
12 46 533
46 12 533
12 63 872
63 12 872
12 14 946
14 12 946
12 32 906
32 12 906
12 41 180
41 12 180
12 21 859
21 12 859
12 64 886
64 12 886
12 40 56
40 12 56
12 49 309
49 12 309
13 25 343
25 13 343
13 36 818
36 13 818
13 28 893
28 13 893
13 70 992
70 13 992
13 47 183
47 13 183
13 14 217
14 13 217
13 56 684
56 13 684
13 20 172
20 13 172
13 61 560
61 13 560
13 66 446
66 13 446
13 28 470
28 13 470
13 27 128
27 13 128
13 64 469
64 13 469
13 22 124
22 13 124
13 40 187
40 13 187
13 36 932
36 13 932
14 21 287
21 14 287
14 65 330
65 14 330
14 48 415
48 14 415
14 33 960
33 14 960
14 45 948
45 14 948
14 73 855
73 14 855
14 66 261
66 14 261
14 48 473
48 14 473
14 26 479
26 14 479
14 74 927
74 14 927
14 31 476
31 14 476
14 15 392
15 14 392
14 30 606
30 14 606
14 42 492
42 14 492
14 34 791
34 14 791
14 55 590
55 14 590
14 22 628
22 14 628
14 39 431
39 14 431
14 36 451
36 14 451
14 61 111
61 14 111
14 43 449
43 14 449
14 49 544
49 14 544
14 66 233
66 14 233
14 54 311
54 14 311
14 47 875
47 14 875
14 16 155
16 14 155
14 14 457
14 14 457
14 38 476
38 14 476
15 32 340
32 15 340
15 49 467
49 15 467
15 51 855
51 15 855
15 41 711
41 15 711
15 16 135
16 15 135
15 54 895
54 15 895
15 36 159
36 15 159
15 73 429
73 15 429
15 27 783
27 15 783
15 23 183
23 15 183
15 28 358
28 15 358
15 16 811
16 15 811
15 32 977
32 15 977
15 22 698
22 15 698
15 56 657
56 15 657
15 53 659
53 15 659
15 62 544
62 15 544
15 56 684
56 15 684
15 53 507
53 15 507
15 64 543
64 15 543
15 45 57
45 15 57
15 42 50
42 15 50
15 31 5
31 15 5
15 61 259
61 15 259
15 36 381
36 15 381
15 51 57
51 15 57
15 26 519
26 15 519
15 39 381
39 15 381
16 26 807
26 16 807
16 42 261
42 16 261
16 29 450
29 16 450
16 72 449
72 16 449
16 31 75
31 16 75
16 61 83
61 16 83
16 73 993
73 16 993
16 18 665
18 16 665
16 61 183
61 16 183
16 47 801
47 16 801
16 57 464
57 16 464
16 67 554
67 16 554
16 64 143
64 16 143
16 39 947
39 16 947
16 34 806
34 16 806
16 38 221
38 16 221
16 51 462
51 16 462
16 51 575
51 16 575
16 28 172
28 16 172
16 73 290
73 16 290
16 72 331
72 16 331
16 39 951
39 16 951
16 19 837
19 16 837
16 39 289
39 16 289
17 62 474
62 17 474
17 33 984
33 17 984
17 55 635
55 17 635
17 62 421
62 17 421
17 50 451
50 17 451
17 28 965
28 17 965
17 35 326
35 17 326
17 71 218
71 17 218
17 43 433
43 17 433
17 41 160
41 17 160
17 56 426
56 17 426
17 26 163
26 17 163
17 52 807
52 17 807
17 68 485
68 17 485
17 53 640
53 17 640
17 18 264
18 17 264
17 50 599
50 17 599
17 34 865
34 17 865
17 52 9
52 17 9
17 21 298
21 17 298
17 50 415
50 17 415
17 44 919
44 17 919
17 58 976
58 17 976
17 66 190
66 17 190
17 44 605
44 17 605
17 72 209
72 17 209
17 50 923
50 17 923
17 73 232
73 17 232
17 51 252
51 17 252
17 23 680
23 17 680
17 27 478
27 17 478
17 62 166
62 17 166
18 20 421
20 18 421
18 22 347
22 18 347
18 38 570
38 18 570
18 41 924
41 18 924
18 31 665
31 18 665
18 39 493
39 18 493
18 67 234
67 18 234
18 37 187
37 18 187
18 23 902
23 18 902
18 66 951
66 18 951
18 29 530
29 18 530
18 71 47
71 18 47
18 68 759
68 18 759
18 61 442
61 18 442
18 72 735
72 18 735
18 42 660
42 18 660
18 73 747
73 18 747
18 62 513
62 18 513
18 19 76
19 18 76
18 39 734
39 18 734
18 42 40
42 18 40
18 65 164
65 18 164
18 53 542
53 18 542
18 20 765
20 18 765
19 29 785
29 19 785
19 57 190
57 19 190
19 61 734
61 19 734
19 33 461
33 19 461
19 73 620
73 19 620
19 69 796
69 19 796
19 49 143
49 19 143
19 26 481
26 19 481
19 56 358
56 19 358
19 19 755
19 19 755
19 61 402
61 19 402
19 36 829
36 19 829
19 31 104
31 19 104
20 74 92
74 20 92
20 47 164
47 20 164
20 38 723
38 20 723
20 21 89
21 20 89
20 20 362
20 20 362
20 46 66
46 20 66
20 51 808
51 20 808
20 53 910
53 20 910
20 66 454
66 20 454
20 43 600
43 20 600
20 30 187
30 20 187
20 33 425
33 20 425
20 22 713
22 20 713
20 24 406
24 20 406
20 43 575
43 20 575
20 52 565
52 20 565
20 48 335
48 20 335
20 68 729
68 20 729
20 63 543
63 20 543
21 27 150
27 21 150
21 45 933
45 21 933
21 55 928
55 21 928
21 38 666
38 21 666
21 50 812
50 21 812
21 52 526
52 21 526
21 58 396
58 21 396
21 39 469
39 21 469
21 50 887
50 21 887
21 60 196
60 21 196
21 47 868
47 21 868
21 31 41
31 21 41
21 26 978
26 21 978
21 27 239
27 21 239
21 46 615
46 21 615
21 51 618
51 21 618
21 23 805
23 21 805
21 55 533
55 21 533
21 35 286
35 21 286
21 65 676
65 21 676
21 42 491
42 21 491
21 49 837
49 21 837
21 41 945
41 21 945
22 56 292
56 22 292
22 24 84
24 22 84
22 29 199
29 22 199
22 42 51
42 22 51
22 72 754
72 22 754
22 36 678
36 22 678
22 39 90
39 22 90
22 66 947
66 22 947
22 37 814
37 22 814
22 55 379
55 22 379
22 50 109
50 22 109
22 70 304
70 22 304
22 71 538
71 22 538
22 45 488
45 22 488
22 61 862
61 22 862
22 45 548
45 22 548
22 35 109
35 22 109
22 36 263
36 22 263
23 43 644
43 23 644
23 42 905
42 23 905
23 66 434
66 23 434
23 42 874
42 23 874
23 44 381
44 23 381
23 26 907
26 23 907
23 60 436
60 23 436
23 48 488
48 23 488
23 47 802
47 23 802
23 59 241
59 23 241
23 24 186
24 23 186
23 63 791
63 23 791
23 23 295
23 23 295
23 37 260
37 23 260
24 61 255
61 24 255
24 64 586
64 24 586
24 44 397
44 24 397
24 43 607
43 24 607
24 66 53
66 24 53
24 69 299
69 24 299
24 60 611
60 24 611
24 36 101
36 24 101
24 45 917
45 24 917
24 30 939
30 24 939
25 37 835
37 25 835
25 44 989
44 25 989
25 39 257
39 25 257
25 59 360
59 25 360
25 28 183
28 25 183
25 48 556
48 25 556
25 38 866
38 25 866
25 73 782
73 25 782
25 46 779
46 25 779
25 63 796
63 25 796
25 66 655
66 25 655
25 48 733
48 25 733
25 33 673
33 25 673
25 56 506
56 25 506
25 28 347
28 25 347
25 69 207
69 25 207
25 52 605
52 25 605
25 50 944
50 25 944
25 32 50
32 25 50
25 56 785
56 25 785
26 34 975
34 26 975
26 67 390
67 26 390
26 61 434
61 26 434
26 39 774
39 26 774
26 62 501
62 26 501
26 57 539
57 26 539
26 39 989
39 26 989
26 68 640
68 26 640
26 66 557
66 26 557
26 52 394
52 26 394
26 38 933
38 26 933
26 69 876
69 26 876
26 60 59
60 26 59
26 35 249
35 26 249
26 51 721
51 26 721
26 47 673
47 26 673
26 48 941
48 26 941
27 46 574
46 27 574
27 67 710
67 27 710
27 43 565
43 27 565
27 49 192
49 27 192
27 59 4
59 27 4
27 60 998
60 27 998
27 60 884
60 27 884
27 66 536
66 27 536
27 50 113
50 27 113
27 66 351
66 27 351
27 63 968
63 27 968
27 67 950
67 27 950
27 57 348
57 27 348
27 58 41
58 27 41
27 52 674
52 27 674
27 36 462
36 27 462
28 30 70
30 28 70
28 33 322
33 28 322
28 58 401
58 28 401
28 72 710
72 28 710
28 40 329
40 28 329
28 72 317
72 28 317
28 46 731
46 28 731
28 74 734
74 28 734
28 52 134
52 28 134
28 70 108
70 28 108
28 39 389
39 28 389
28 54 471
54 28 471
28 62 754
62 28 754
28 53 137
53 28 137
28 35 361
35 28 361
28 50 837
50 28 837
28 52 417
52 28 417
28 60 438
60 28 438
28 60 684
60 28 684
29 55 300
55 29 300
29 62 817
62 29 817
29 47 810
47 29 810
29 72 935
72 29 935
29 55 429
55 29 429
29 35 475
35 29 475
29 33 189
33 29 189
29 45 88
45 29 88
29 30 103
30 29 103
29 68 249
68 29 249
29 34 283
34 29 283
29 39 467
39 29 467
29 62 48
62 29 48
29 30 11
30 29 11
29 72 494
72 29 494
29 67 632
67 29 632
30 31 537
31 30 537
30 39 904
39 30 904
30 36 92
36 30 92
30 38 728
38 30 728
30 73 328
73 30 328
30 52 924
52 30 924
30 68 189
68 30 189
30 72 486
72 30 486
30 73 243
73 30 243
30 49 544
49 30 544
30 58 807
58 30 807
30 34 728
34 30 728
30 71 620
71 30 620
30 41 149
41 30 149
30 68 237
68 30 237
30 38 448
38 30 448
31 36 89
36 31 89
31 47 647
47 31 647
31 50 13
50 31 13
31 63 618
63 31 618
31 39 551
39 31 551
31 47 575
47 31 575
31 51 189
51 31 189
31 32 184
32 31 184
31 70 28
70 31 28
31 39 344
39 31 344
31 69 907
69 31 907
31 63 949
63 31 949
31 36 583
36 31 583
31 62 48
62 31 48
32 62 558
62 32 558
32 66 624
66 32 624
32 36 545
36 32 545
32 47 675
47 32 675
32 48 61
48 32 61
32 36 329
36 32 329
32 48 498
48 32 498
32 35 399
35 32 399
32 54 243
54 32 243
32 73 169
73 32 169
32 74 412
74 32 412
33 60 561
60 33 561
33 74 542
74 33 542
33 46 850
46 33 850
33 52 788
52 33 788
33 56 824
56 33 824
33 37 537
37 33 537
33 35 236
35 33 236
33 69 231
69 33 231
33 71 967
71 33 967
33 35 756
35 33 756
33 49 697
49 33 697
33 43 112
43 33 112
33 40 33
40 33 33
33 64 369
64 33 369
34 62 194
62 34 194
34 73 820
73 34 820
34 53 906
53 34 906
34 51 376
51 34 376
34 52 794
52 34 794
34 36 796
36 34 796
34 61 695
61 34 695
34 66 106
66 34 106
34 59 968
59 34 968
34 55 217
55 34 217
34 51 139
51 34 139
34 65 216
65 34 216
35 39 647
39 35 647
35 54 136
54 35 136
35 67 117
67 35 117
35 45 297
45 35 297
35 57 645
57 35 645
35 63 17
63 35 17
35 36 123
36 35 123
35 57 301
57 35 301
35 73 55
73 35 55
35 53 699
53 35 699
35 67 489
67 35 489
35 55 585
55 35 585
35 52 698
52 35 698
36 52 658
52 36 658
36 49 587
49 36 587
36 51 297
51 36 297
36 51 519
51 36 519
36 52 130
52 36 130
36 48 255
48 36 255
36 68 486
68 36 486
36 74 286
74 36 286
36 47 162
47 36 162
36 65 847
65 36 847
36 73 801
73 36 801
36 38 101
38 36 101
36 69 909
69 36 909
36 43 522
43 36 522
36 52 817
52 36 817
36 47 671
47 36 671
36 42 349
42 36 349
37 68 427
68 37 427
37 74 732
74 37 732
37 65 47
65 37 47
37 51 478
51 37 478
37 62 404
62 37 404
37 46 27
46 37 27
37 60 816
60 37 816
37 52 384
52 37 384
37 58 334
58 37 334
37 45 448
45 37 448
37 46 283
46 37 283
37 74 588
74 37 588
37 41 652
41 37 652
37 74 755
74 37 755
38 61 166
61 38 166
38 72 149
72 38 149
38 38 515
38 38 515
38 39 901
39 38 901
38 68 811
68 38 811
38 43 714
43 38 714
38 72 461
72 38 461
38 50 540
50 38 540
38 43 942
43 38 942
38 70 759
70 38 759
38 52 858
52 38 858
39 73 947
73 39 947
39 74 435
74 39 435
39 42 949
42 39 949
39 46 127
46 39 127
39 62 300
62 39 300
39 73 957
73 39 957
40 62 924
62 40 924
40 73 76
73 40 76
40 58 245
58 40 245
40 59 959
59 40 959
40 52 124
52 40 124
40 44 309
44 40 309
40 73 951
73 40 951
40 57 489
57 40 489
40 71 23
71 40 23
40 43 341
43 40 341
40 43 289
43 40 289
40 47 208
47 40 208
40 55 489
55 40 489
41 53 836
53 41 836
41 74 21
74 41 21
41 50 626
50 41 626
41 74 523
74 41 523
41 73 55
73 41 55
41 55 694
55 41 694
41 58 320
58 41 320
41 42 250
42 41 250
41 53 570
53 41 570
41 51 609
51 41 609
41 65 29
65 41 29
42 47 579
47 42 579
42 48 679
48 42 679
42 50 404
50 42 404
42 52 951
52 42 951
42 72 125
72 42 125
42 61 539
61 42 539
42 63 906
63 42 906
42 50 504
50 42 504
42 47 585
47 42 585
42 65 851
65 42 851
42 50 861
50 42 861
42 48 144
48 42 144
43 53 445
53 43 445
43 66 11
66 43 11
43 68 628
68 43 628
43 65 396
65 43 396
43 66 460
66 43 460
43 73 266
73 43 266
43 57 859
57 43 859
43 62 574
62 43 574
43 50 426
50 43 426
43 49 601
49 43 601
43 66 843
66 43 843
44 51 498
51 44 498
44 56 908
56 44 908
44 58 526
58 44 526
44 69 5
69 44 5
44 50 285
50 44 285
44 53 136
53 44 136
44 66 181
66 44 181
44 59 289
59 44 289
45 62 763
62 45 763
45 71 245
71 45 245
45 63 474
63 45 474
45 54 919
54 45 919
45 52 123
52 45 123
45 50 589
50 45 589
45 53 610
53 45 610
45 52 208
52 45 208
45 66 389
66 45 389
45 53 766
53 45 766
45 74 479
74 45 479
46 59 21
59 46 21
46 59 423
59 46 423
46 50 725
50 46 725
46 50 3
50 46 3
46 58 975
58 46 975
46 73 670
73 46 670
46 52 87
52 46 87
46 54 130
54 46 130
46 62 4
62 46 4
46 58 859
58 46 859
46 74 142
74 46 142
46 70 877
70 46 877
46 62 610
62 46 610
46 58 24
58 46 24
47 48 408
48 47 408
47 56 604
56 47 604
47 71 518
71 47 518
47 51 745
51 47 745
47 50 248
50 47 248
47 61 489
61 47 489
48 59 725
59 48 725
48 58 188
58 48 188
48 54 439
54 48 439
48 67 269
67 48 269
48 68 585
68 48 585
48 74 764
74 48 764
48 62 512
62 48 512
48 66 582
66 48 582
48 50 729
50 48 729
48 56 537
56 48 537
48 67 777
67 48 777
49 69 24
69 49 24
49 68 941
68 49 941
49 55 774
55 49 774
49 60 302
60 49 302
49 59 885
59 49 885
49 58 933
58 49 933
49 73 501
73 49 501
49 54 337
54 49 337
49 61 326
61 49 326
49 56 600
56 49 600
50 62 530
62 50 530
50 56 395
56 50 395
50 64 669
64 50 669
50 56 148
56 50 148
51 56 504
56 51 504
51 61 493
61 51 493
51 58 79
58 51 79
51 65 989
65 51 989
51 57 709
57 51 709
52 66 556
66 52 556
52 71 48
71 52 48
52 59 358
59 52 358
52 64 163
64 52 163
52 64 871
64 52 871
52 52 377
52 52 377
52 69 728
69 52 728
52 56 979
56 52 979
52 63 364
63 52 364
53 72 858
72 53 858
53 67 533
67 53 533
53 72 747
72 53 747
53 54 877
54 53 877
53 59 897
59 53 897
53 66 113
66 53 113
53 56 151
56 53 151
53 57 335
57 53 335
53 66 765
66 53 765
54 66 474
66 54 474
54 69 266
69 54 266
54 69 355
69 54 355
54 71 905
71 54 905
54 63 593
63 54 593
54 73 473
73 54 473
55 73 309
73 55 309
55 74 230
74 55 230
55 61 37
61 55 37
55 58 466
58 55 466
55 62 292
62 55 292
56 74 4
74 56 4
56 70 830
70 56 830
56 71 103
71 56 103
56 66 919
66 56 919
56 62 23
62 56 23
56 61 731
61 56 731
57 70 70
70 57 70
57 62 597
62 57 597
57 71 41
71 57 41
57 63 537
63 57 537
57 72 273
72 57 273
58 62 863
62 58 863
58 61 136
61 58 136
59 60 810
60 59 810
59 69 814
69 59 814
59 62 826
62 59 826
59 61 499
61 59 499
60 70 967
70 60 967
60 61 449
61 60 449
60 74 876
74 60 876
60 63 346
63 60 346
60 63 931
63 60 931
60 72 579
72 60 579
60 64 259
64 60 259
60 71 578
71 60 578
60 71 564
71 60 564
61 71 484
71 61 484
61 62 839
62 61 839
61 72 648
72 61 648
61 69 315
69 61 315
61 61 957
61 61 957
61 69 317
69 61 317
61 63 306
63 61 306
62 71 782
71 62 782
62 66 186
66 62 186
62 65 836
65 62 836
62 73 657
73 62 657
62 74 172
74 62 172
62 63 333
63 62 333
63 63 660
63 63 660
63 65 731
65 63 731
63 74 962
74 63 962
63 66 742
66 63 742
64 64 290
64 64 290
65 66 736
66 65 736
65 66 504
66 65 504
66 69 338
69 66 338
66 69 209
69 66 209
66 73 866
73 66 866
66 70 974
70 66 974
67 72 486
72 67 486
67 67 476
67 67 476
67 70 664
70 67 664
68 69 952
69 68 952
68 74 886
74 68 886
68 69 674
69 68 674
68 71 426
71 68 426
68 74 422
74 68 422
69 73 181
73 69 181
70 70 838
70 70 838
70 73 593
73 70 593
70 73 567
73 70 567
71 73 481
73 71 481
