22

0 1 989
1 0 989
0 12 331
12 0 331
0 17 373
17 0 373
0 0 260
0 0 260
0 19 716
19 0 716
0 20 177
20 0 177
0 12 468
12 0 468
0 1 959
1 0 959
0 1 268
1 0 268
0 8 244
8 0 244
1 2 988
2 1 988
1 4 585
4 1 585
1 5 481
5 1 481
1 19 132
19 1 132
1 13 653
13 1 653
1 8 25
8 1 25
1 5 796
5 1 796
1 20 152
20 1 152
1 8 860
8 1 860
1 2 886
2 1 886
1 15 439
15 1 439
2 3 305
3 2 305
2 6 376
6 2 376
2 7 338
7 2 338
2 16 721
16 2 721
2 10 626
10 2 626
2 14 981
14 2 981
2 12 878
12 2 878
2 7 298
7 2 298
2 3 123
3 2 123
2 14 357
14 2 357
2 12 708
12 2 708
2 7 966
7 2 966
2 4 932
4 2 932
2 12 573
12 2 573
2 12 157
12 2 157
2 8 31
8 2 31
3 9 411
9 3 411
3 19 595
19 3 595
3 15 801
15 3 801
3 4 41
4 3 41
3 12 204
12 3 204
3 13 539
13 3 539
3 11 422
11 3 422
3 5 44
5 3 44
4 17 7
17 4 7
4 8 541
8 4 541
4 11 214
11 4 214
4 10 229
10 4 229
4 13 657
13 4 657
4 9 379
9 4 379
4 12 434
12 4 434
4 10 627
10 4 627
5 11 44
11 5 44
5 7 656
7 5 656
5 10 311
10 5 311
5 11 79
11 5 79
5 9 843
9 5 843
5 5 629
5 5 629
5 6 37
6 5 37
5 17 921
17 5 921
5 13 940
13 5 940
5 21 10
21 5 10
5 5 767
5 5 767
5 16 651
16 5 651
6 13 155
13 6 155
6 18 730
18 6 730
6 21 50
21 6 50
6 11 796
11 6 796
6 16 564
16 6 564
6 15 909
15 6 909
6 20 731
20 6 731
6 21 71
21 6 71
6 14 24
14 6 24
6 11 772
11 6 772
6 17 727
17 6 727
6 10 546
10 6 546
7 8 957
8 7 957
7 18 891
18 7 891
7 20 269
20 7 269
7 21 455
21 7 455
7 15 458
15 7 458
7 15 716
15 7 716
8 14 905
14 8 905
8 11 489
11 8 489
8 20 11
20 8 11
8 15 285
15 8 285
8 18 173
18 8 173
8 8 666
8 8 666
9 10 575
10 9 575
9 21 859
21 9 859
9 12 557
12 9 557
9 19 888
19 9 888
9 10 786
10 9 786
9 14 751
14 9 751
9 18 954
18 9 954
9 20 325
20 9 325
10 11 292
11 10 292
10 14 864
14 10 864
10 17 77
17 10 77
10 16 538
16 10 538
11 21 423
21 11 423
11 16 272
16 11 272
11 13 248
13 11 248
11 11 425
11 11 425
11 13 879
13 11 879
11 16 814
16 11 814
11 13 49
13 11 49
11 14 753
14 11 753
12 18 276
18 12 276
12 20 442
20 12 442
13 15 301
15 13 301
13 19 303
19 13 303
14 15 667
15 14 667
14 17 840
17 14 840
14 20 489
20 14 489
15 19 770
19 15 770
15 21 486
21 15 486
15 16 809
16 15 809
15 18 718
18 15 718
15 17 282
17 15 282
16 20 303
20 16 303
17 20 597
20 17 597
17 18 104
18 17 104
17 20 168
20 17 168
18 19 25
19 18 25
20 21 581
21 20 581
20 21 979
21 20 979
