59

0 1 219
1 0 219
0 3 500
3 0 500
0 4 495
4 0 495
0 10 198
10 0 198
0 24 765
24 0 765
0 44 317
44 0 317
0 31 865
31 0 865
0 26 909
26 0 909
0 32 252
32 0 252
0 22 242
22 0 242
0 3 247
3 0 247
0 19 66
19 0 66
0 24 391
24 0 391
0 45 462
45 0 462
0 43 687
43 0 687
0 5 2
5 0 2
0 58 271
58 0 271
0 34 552
34 0 552
0 4 911
4 0 911
0 8 650
8 0 650
0 55 42
55 0 42
0 58 383
58 0 383
0 30 33
30 0 33
0 45 74
45 0 74
0 28 732
28 0 732
1 2 610
2 1 610
1 8 680
8 1 680
1 44 668
44 1 668
1 22 550
22 1 550
1 46 120
46 1 120
1 4 753
4 1 753
1 33 100
33 1 100
1 22 811
22 1 811
1 53 256
53 1 256
1 5 789
5 1 789
1 45 426
45 1 426
1 37 866
37 1 866
1 17 621
17 1 621
1 22 954
22 1 954
2 26 820
26 2 820
2 34 960
34 2 960
2 49 480
49 2 480
2 58 737
58 2 737
2 58 37
58 2 37
2 12 397
12 2 397
2 10 30
10 2 30
2 28 671
28 2 671
2 25 40
25 2 40
2 45 783
45 2 783
2 31 949
31 2 949
2 14 51
14 2 51
2 23 223
23 2 223
2 37 309
37 2 309
2 9 254
9 2 254
2 21 985
21 2 985
2 22 735
22 2 735
2 29 982
29 2 982
2 24 866
24 2 866
2 23 954
23 2 954
2 22 137
22 2 137
3 5 901
5 3 901
3 6 441
6 3 441
3 7 725
7 3 725
3 9 349
9 3 349
3 15 528
15 3 528
3 17 604
17 3 604
3 22 58
22 3 58
3 29 479
29 3 479
3 51 522
51 3 522
3 18 531
18 3 531
3 47 132
47 3 132
3 47 889
47 3 889
3 4 54
4 3 54
3 4 226
4 3 226
3 3 693
3 3 693
3 41 915
41 3 915
3 38 936
38 3 936
3 28 840
28 3 840
3 29 849
29 3 849
3 24 354
24 3 354
3 37 407
37 3 407
4 14 328
14 4 328
4 40 140
40 4 140
4 32 390
32 4 390
4 34 143
34 4 143
4 22 776
22 4 776
4 26 522
26 4 522
4 49 545
49 4 545
4 15 355
15 4 355
4 21 322
21 4 322
4 28 902
28 4 902
4 43 875
43 4 875
5 12 315
12 5 315
5 18 32
18 5 32
5 41 74
41 5 74
5 16 234
16 5 234
5 30 585
30 5 585
5 52 76
52 5 76
5 53 381
53 5 381
5 14 469
14 5 469
5 27 467
27 5 467
5 8 855
8 5 855
5 36 43
36 5 43
5 11 27
11 5 27
5 19 436
19 5 436
5 41 993
41 5 993
5 46 825
46 5 825
5 43 450
43 5 450
5 30 902
30 5 902
5 47 734
47 5 734
6 41 953
41 6 953
6 30 497
30 6 497
6 32 212
32 6 212
6 49 266
49 6 266
6 38 50
38 6 50
6 12 480
12 6 480
6 15 160
15 6 160
6 21 163
21 6 163
6 50 410
50 6 410
6 23 951
23 6 951
6 47 124
47 6 124
6 49 916
49 6 916
6 29 274
29 6 274
6 39 336
39 6 336
6 52 875
52 6 875
6 45 117
45 6 117
7 21 167
21 7 167
7 57 722
57 7 722
7 31 523
31 7 523
7 16 364
16 7 364
7 14 901
14 7 901
7 17 274
17 7 274
7 56 741
56 7 741
7 47 840
47 7 840
7 47 114
47 7 114
7 56 116
56 7 116
7 47 623
47 7 623
7 54 446
54 7 446
7 24 503
24 7 503
8 35 853
35 8 853
8 37 696
37 8 696
8 18 181
18 8 181
8 9 271
9 8 271
8 12 480
12 8 480
8 34 994
34 8 994
8 11 230
11 8 230
8 35 326
35 8 326
8 45 705
45 8 705
8 32 425
32 8 425
8 14 550
14 8 550
8 25 408
25 8 408
8 52 453
52 8 453
8 55 864
55 8 864
8 47 240
47 8 240
8 48 3
48 8 3
8 22 736
22 8 736
9 20 981
20 9 981
9 23 222
23 9 222
9 53 385
53 9 385
9 55 739
55 9 739
9 50 140
50 9 140
9 9 469
9 9 469
9 22 523
22 9 523
9 47 245
47 9 245
9 19 415
19 9 415
9 44 467
44 9 467
9 49 34
49 9 34
9 10 598
10 9 598
9 44 53
44 9 53
9 26 212
26 9 212
9 39 965
39 9 965
9 49 97
49 9 97
9 27 282
27 9 282
9 20 934
20 9 934
9 51 286
51 9 286
9 22 696
22 9 696
9 32 241
32 9 241
9 17 637
17 9 637
9 31 998
31 9 998
9 24 16
24 9 16
9 13 513
13 9 513
10 11 277
11 10 277
10 13 245
13 10 245
10 32 594
32 10 594
10 37 90
37 10 90
10 38 860
38 10 860
10 47 725
47 10 725
10 20 957
20 10 957
10 28 597
28 10 597
10 15 162
15 10 162
10 14 6
14 10 6
11 48 977
48 11 977
11 30 666
30 11 666
11 55 504
55 11 504
11 19 355
19 11 355
11 26 241
26 11 241
11 48 852
48 11 852
11 11 467
11 11 467
11 26 222
26 11 222
11 42 44
42 11 44
11 43 29
43 11 29
11 50 467
50 11 467
11 29 893
29 11 893
11 50 425
50 11 425
11 12 329
12 11 329
11 42 894
42 11 894
12 30 119
30 12 119
12 34 249
34 12 249
12 18 377
18 12 377
12 49 84
49 12 84
12 32 614
32 12 614
12 20 232
20 12 232
12 32 168
32 12 168
12 31 392
31 12 392
12 58 344
58 12 344
12 28 937
28 12 937
12 16 485
16 12 485
12 52 99
52 12 99
12 44 165
44 12 165
12 24 563
24 12 563
12 19 201
19 12 201
12 26 295
26 12 295
13 33 546
33 13 546
13 39 912
39 13 912
13 24 841
24 13 841
13 17 622
17 13 622
13 46 396
46 13 396
13 55 628
55 13 628
13 20 264
20 13 264
14 16 95
16 14 95
14 19 489
19 14 489
14 28 758
28 14 758
14 38 962
38 14 962
14 48 912
48 14 912
14 47 59
47 14 59
14 43 124
43 14 124
14 23 87
23 14 87
14 27 555
27 14 555
14 51 511
51 14 511
14 16 49
16 14 49
14 16 779
16 14 779
14 58 35
58 14 35
15 50 415
50 15 415
15 18 173
18 15 173
15 22 138
22 15 138
15 51 877
51 15 877
15 52 290
52 15 290
15 39 557
39 15 557
15 15 820
15 15 820
15 19 429
19 15 429
15 27 576
27 15 576
15 46 889
46 15 889
15 57 336
57 15 336
15 29 651
29 15 651
16 56 135
56 16 135
16 17 940
17 16 940
16 58 414
58 16 414
16 45 374
45 16 374
16 29 544
29 16 544
16 55 25
55 16 25
16 38 38
38 16 38
16 37 96
37 16 96
16 16 617
16 16 617
17 38 847
38 17 847
17 50 402
50 17 402
17 50 367
50 17 367
17 42 193
42 17 193
17 21 256
21 17 256
17 24 586
24 17 586
17 23 35
23 17 35
17 58 139
58 17 139
17 35 561
35 17 561
17 27 211
27 17 211
17 52 308
52 17 308
18 31 848
31 18 848
18 52 609
52 18 609
18 39 901
39 18 901
18 18 660
18 18 660
18 32 69
32 18 69
18 25 221
25 18 221
18 26 743
26 18 743
18 32 801
32 18 801
18 39 558
39 18 558
18 42 163
42 18 163
18 27 936
27 18 936
18 22 447
22 18 447
18 37 563
37 18 563
18 47 534
47 18 534
18 19 37
19 18 37
18 40 995
40 18 995
18 26 450
26 18 450
19 51 216
51 19 216
19 24 731
24 19 731
19 40 80
40 19 80
19 50 862
50 19 862
19 45 681
45 19 681
19 31 607
31 19 607
19 41 481
41 19 481
19 48 324
48 19 324
19 38 693
38 19 693
19 34 543
34 19 543
19 46 919
46 19 919
19 58 827
58 19 827
19 38 188
38 19 188
19 19 863
19 19 863
19 53 143
53 19 143
20 25 148
25 20 148
20 56 28
56 20 28
20 41 455
41 20 455
20 25 703
25 20 703
20 58 856
58 20 856
20 50 567
50 20 567
20 29 380
29 20 380
20 32 672
32 20 672
20 45 860
45 20 860
20 39 222
39 20 222
20 21 551
21 20 551
20 44 739
44 20 739
20 38 72
38 20 72
20 27 65
27 20 65
20 26 519
26 20 519
21 45 568
45 21 568
21 50 732
50 21 732
21 51 966
51 21 966
21 42 926
42 21 926
21 35 317
35 21 317
21 44 836
44 21 836
21 49 650
49 21 650
22 39 704
39 22 704
22 29 393
29 22 393
22 39 867
39 22 867
22 33 542
33 22 542
22 46 412
46 22 412
23 33 970
33 23 970
23 42 931
42 23 931
23 43 439
43 23 439
23 47 479
47 23 479
23 39 891
39 23 891
23 34 453
34 23 453
23 28 745
28 23 745
23 23 211
23 23 211
23 24 760
24 23 760
23 54 678
54 23 678
23 45 479
45 23 479
23 29 636
29 23 636
23 51 61
51 23 61
23 25 63
25 23 63
24 48 927
48 24 927
24 41 674
41 24 674
24 31 84
31 24 84
24 46 541
46 24 541
24 40 581
40 24 581
24 40 76
40 24 76
24 52 108
52 24 108
25 41 578
41 25 578
25 55 28
55 25 28
25 48 880
48 25 880
25 44 634
44 25 634
25 56 276
56 25 276
25 38 5
38 25 5
25 51 574
51 25 574
25 55 20
55 25 20
25 37 503
37 25 503
26 27 178
27 26 178
26 58 46
58 26 46
26 42 694
42 26 694
26 34 896
34 26 896
26 37 750
37 26 750
27 38 2
38 27 2
27 52 480
52 27 480
27 39 782
39 27 782
27 40 812
40 27 812
27 54 16
54 27 16
27 35 690
35 27 690
27 49 766
49 27 766
27 58 230
58 27 230
27 56 845
56 27 845
27 30 454
30 27 454
27 38 590
38 27 590
27 56 161
56 27 161
28 33 660
33 28 660
28 43 762
43 28 762
28 56 528
56 28 528
28 47 136
47 28 136
28 33 812
33 28 812
28 48 365
48 28 365
28 56 217
56 28 217
29 46 477
46 29 477
29 53 445
53 29 445
29 36 239
36 29 239
29 35 408
35 29 408
29 50 253
50 29 253
29 36 337
36 29 337
30 35 943
35 30 943
30 57 865
57 30 865
30 57 281
57 30 281
30 37 946
37 30 946
30 54 277
54 30 277
30 57 796
57 30 796
30 35 842
35 30 842
30 57 348
57 30 348
31 43 888
43 31 888
31 48 27
48 31 27
31 41 684
41 31 684
31 58 260
58 31 260
31 54 514
54 31 514
32 49 799
49 32 799
32 54 533
54 32 533
32 38 942
38 32 942
32 40 940
40 32 940
32 54 570
54 32 570
32 58 588
58 32 588
32 37 175
37 32 175
32 50 363
50 32 363
32 49 514
49 32 514
32 41 842
41 32 842
32 56 40
56 32 40
32 48 917
48 32 917
33 40 898
40 33 898
33 43 438
43 33 438
33 36 890
36 33 890
33 48 727
48 33 727
33 38 609
38 33 609
33 44 309
44 33 309
33 36 81
36 33 81
34 36 839
36 34 839
34 39 309
39 34 309
34 51 808
51 34 808
34 42 320
42 34 320
34 45 287
45 34 287
34 40 576
40 34 576
34 45 860
45 34 860
35 54 510
54 35 510
35 42 880
42 35 880
35 56 226
56 35 226
35 50 739
50 35 739
35 44 755
44 35 755
35 57 252
57 35 252
35 56 321
56 35 321
35 58 817
58 35 817
35 51 285
51 35 285
35 53 493
53 35 493
36 48 800
48 36 800
36 45 743
45 36 743
36 40 549
40 36 549
36 38 959
38 36 959
36 50 819
50 36 819
37 46 966
46 37 966
37 45 812
45 37 812
37 53 18
53 37 18
37 42 932
42 37 932
37 51 447
51 37 447
37 53 818
53 37 818
37 55 842
55 37 842
38 58 886
58 38 886
38 54 530
54 38 530
38 50 871
50 38 871
38 49 114
49 38 114
38 49 219
49 38 219
38 57 814
57 38 814
38 58 977
58 38 977
38 50 581
50 38 581
38 55 845
55 38 845
39 55 421
55 39 421
39 40 909
40 39 909
39 56 741
56 39 741
39 41 721
41 39 721
39 47 67
47 39 67
40 43 60
43 40 60
40 44 807
44 40 807
40 53 573
53 40 573
40 54 892
54 40 892
41 51 141
51 41 141
41 44 858
44 41 858
41 57 988
57 41 988
41 43 499
43 41 499
41 48 462
48 41 462
41 52 789
52 41 789
41 48 853
48 41 853
42 44 110
44 42 110
42 47 301
47 42 301
42 57 94
57 42 94
43 52 991
52 43 991
43 50 592
50 43 592
43 47 838
47 43 838
44 56 847
56 44 847
44 51 853
51 44 853
44 55 69
55 44 69
45 55 489
55 45 489
45 49 664
49 45 664
45 51 412
51 45 412
45 58 561
58 45 561
45 51 44
51 45 44
46 55 607
55 46 607
46 54 117
54 46 117
46 47 709
47 46 709
47 50 580
50 47 580
47 50 53
50 47 53
47 50 972
50 47 972
47 53 153
53 47 153
47 52 414
52 47 414
47 47 176
47 47 176
47 52 284
52 47 284
47 54 156
54 47 156
47 52 243
52 47 243
48 49 827
49 48 827
48 50 688
50 48 688
49 53 874
53 49 874
50 50 861
50 50 861
50 53 640
53 50 640
51 53 704
53 51 704
52 54 46
54 52 46
53 56 426
56 53 426
54 57 177
57 54 177
54 57 382
57 54 382
