96

0 1 533
1 0 533
0 2 952
2 0 952
0 11 909
11 0 909
0 77 270
77 0 270
0 32 985
32 0 985
1 6 248
6 1 248
1 9 350
9 1 350
1 10 748
10 1 748
1 15 254
15 1 254
1 21 762
21 1 762
1 28 830
28 1 830
2 3 898
3 2 898
2 14 651
14 2 651
2 63 754
63 2 754
2 21 236
21 2 236
2 38 820
38 2 820
2 31 142
31 2 142
3 4 324
4 3 324
3 5 402
5 3 402
3 8 579
8 3 579
3 36 784
36 3 784
3 76 938
76 3 938
3 64 822
64 3 822
3 18 946
18 3 946
3 86 563
86 3 563
4 20 954
20 4 954
4 45 507
45 4 507
4 55 251
55 4 251
4 74 419
74 4 419
4 46 221
46 4 221
4 51 562
51 4 562
4 23 763
23 4 763
5 51 371
51 5 371
5 47 205
47 5 205
5 26 981
26 5 981
6 7 264
7 6 264
6 26 932
26 6 932
6 27 692
27 6 692
6 85 353
85 6 353
6 55 187
55 6 187
6 37 966
37 6 966
6 70 635
70 6 635
6 92 37
92 6 37
6 17 31
17 6 31
7 12 243
12 7 243
7 38 615
38 7 615
7 65 410
65 7 410
7 34 610
34 7 610
7 82 836
82 7 836
8 22 936
22 8 936
8 79 326
79 8 326
8 58 440
58 8 440
8 30 62
30 8 62
8 37 779
37 8 779
9 16 875
16 9 875
9 17 584
17 9 584
9 48 284
48 9 284
9 89 725
89 9 725
9 66 27
66 9 27
9 54 332
54 9 332
9 35 208
35 9 208
11 13 372
13 11 372
11 47 246
47 11 246
11 89 162
89 11 162
12 49 957
49 12 957
12 48 389
48 12 389
13 23 648
23 13 648
13 59 774
59 13 774
13 74 504
74 13 504
13 76 486
76 13 486
13 57 431
57 13 431
14 18 639
18 14 639
14 19 561
19 14 561
14 29 167
29 14 167
14 60 165
60 14 165
14 95 761
95 14 761
14 88 920
88 14 920
14 62 940
62 14 940
15 39 572
39 15 572
15 58 581
58 15 581
15 48 96
48 15 96
15 76 360
76 15 360
16 59 676
59 16 676
17 34 420
34 17 420
17 91 349
91 17 349
17 48 434
48 17 434
18 87 412
87 18 412
18 55 18
55 18 18
18 61 920
61 18 920
19 94 498
94 19 498
19 78 408
78 19 408
19 95 231
95 19 231
20 53 355
53 20 355
20 61 608
61 20 608
20 35 424
35 20 424
20 21 997
21 20 997
20 76 913
76 20 913
21 25 556
25 21 556
21 33 879
33 21 879
21 56 220
56 21 220
21 57 964
57 21 964
21 64 640
64 21 640
21 80 941
80 21 941
22 24 292
24 22 292
22 32 405
32 22 405
22 40 394
40 22 394
22 95 987
95 22 987
22 35 922
35 22 922
22 86 39
86 22 39
23 82 695
82 23 695
24 37 203
37 24 203
25 31 250
31 25 250
25 35 20
35 25 20
25 43 327
43 25 327
25 44 937
44 25 937
26 42 78
42 26 78
26 85 251
85 26 251
27 30 210
30 27 210
27 37 858
37 27 858
28 50 537
50 28 537
28 45 490
45 28 490
28 51 68
51 28 68
28 64 82
64 28 82
28 57 458
57 28 458
29 78 108
78 29 108
29 35 329
35 29 329
29 37 335
37 29 335
30 34 716
34 30 716
30 65 248
65 30 248
31 75 494
75 31 494
31 75 408
75 31 408
32 87 797
87 32 797
33 69 81
69 33 81
34 67 106
67 34 106
34 54 677
54 34 677
34 57 436
57 34 436
35 49 892
49 35 892
35 61 621
61 35 621
35 73 9
73 35 9
35 80 629
80 35 629
35 92 472
92 35 472
36 46 250
46 36 250
36 68 62
68 36 62
36 79 48
79 36 48
36 82 73
82 36 73
37 41 758
41 37 758
37 42 638
42 37 638
37 44 723
44 37 723
37 69 942
69 37 942
37 95 302
95 37 302
37 80 164
80 37 164
38 52 690
52 38 690
38 88 923
88 38 923
38 60 22
60 38 22
38 72 213
72 38 213
38 90 528
90 38 528
39 73 92
73 39 92
39 62 997
62 39 997
39 79 290
79 39 290
39 91 637
91 39 637
40 54 485
54 40 485
42 88 890
88 42 890
42 88 786
88 42 786
43 87 936
87 43 936
43 44 262
44 43 262
44 83 594
83 44 594
45 84 310
84 45 310
46 93 706
93 46 706
46 91 520
91 46 520
47 70 633
70 47 633
47 69 440
69 47 440
47 70 378
70 47 378
48 75 30
75 48 30
48 94 175
94 48 175
49 94 845
94 49 845
50 79 152
79 50 152
51 72 249
72 51 249
51 55 13
55 51 13
51 89 860
89 51 860
51 81 470
81 51 470
52 89 466
89 52 466
53 62 590
62 53 590
53 87 3
87 53 3
54 83 264
83 54 264
55 60 904
60 55 904
55 82 624
82 55 624
56 66 100
66 56 100
56 71 708
71 56 708
57 59 55
59 57 55
58 74 158
74 58 158
59 60 133
60 59 133
59 73 861
73 59 861
60 91 23
91 60 23
62 81 462
81 62 462
63 71 943
71 63 943
63 90 871
90 63 871
64 90 686
90 64 686
64 67 566
67 64 566
64 68 98
68 64 98
64 94 469
94 64 469
65 80 489
80 65 489
66 77 427
77 66 427
68 74 46
74 68 46
69 80 968
80 69 968
69 86 183
86 69 183
70 74 130
74 70 130
70 84 735
84 70 735
70 77 258
77 70 258
72 93 289
93 72 289
73 78 25
78 73 25
75 88 827
88 75 827
76 92 431
92 76 431
79 83 473
83 79 473
79 87 668
87 79 668
80 91 125
91 80 125
85 89 203
89 85 203
85 94 867
94 85 867
87 91 682
91 87 682
88 94 107
94 88 107
89 93 552
93 89 552
94 95 292
95 94 292
