92

0 1 841
1 0 841
0 2 532
2 0 532
0 5 738
5 0 738
0 11 599
11 0 599
0 16 460
16 0 460
0 28 605
28 0 605
1 8 994
8 1 994
1 18 810
18 1 810
1 29 679
29 1 679
1 64 322
64 1 322
1 39 370
39 1 370
1 2 316
2 1 316
1 78 296
78 1 296
1 89 455
89 1 455
1 79 704
79 1 704
1 76 450
76 1 450
1 80 723
80 1 723
1 79 428
79 1 428
1 76 660
76 1 660
1 8 348
8 1 348
1 5 697
5 1 697
1 56 448
56 1 448
1 24 371
24 1 371
1 29 411
29 1 411
1 45 115
45 1 115
1 53 648
53 1 648
1 48 477
48 1 477
1 60 8
60 1 8
2 3 87
3 2 87
2 6 787
6 2 787
2 7 174
7 2 174
2 19 223
19 2 223
2 43 795
43 2 795
2 43 310
43 2 310
2 77 246
77 2 246
2 81 390
81 2 390
2 68 137
68 2 137
2 68 711
68 2 711
2 8 372
8 2 372
2 78 863
78 2 863
3 4 173
4 3 173
3 13 730
13 3 730
3 34 347
34 3 347
3 44 711
44 3 711
3 4 179
4 3 179
3 24 15
24 3 15
3 26 501
26 3 501
3 39 741
39 3 741
3 53 698
53 3 698
3 56 856
56 3 856
3 78 203
78 3 203
3 41 22
41 3 22
3 55 124
55 3 124
3 23 443
23 3 443
3 71 304
71 3 304
3 61 216
61 3 216
3 90 649
90 3 649
3 4 265
4 3 265
3 39 857
39 3 857
4 25 232
25 4 232
4 40 783
40 4 783
4 62 532
62 4 532
4 85 332
85 4 332
4 45 451
45 4 451
4 4 56
4 4 56
4 89 874
89 4 874
4 41 21
41 4 21
4 37 123
37 4 123
5 17 522
17 5 522
5 63 266
63 5 266
5 13 955
13 5 955
5 12 197
12 5 197
5 38 245
38 5 245
5 54 838
54 5 838
5 10 137
10 5 137
5 55 956
55 5 956
5 47 281
47 5 281
5 75 424
75 5 424
5 26 430
26 5 430
5 72 56
72 5 56
5 22 366
22 5 366
5 50 804
50 5 804
5 90 970
90 5 970
6 10 646
10 6 646
6 21 457
21 6 457
6 90 923
90 6 923
6 10 26
10 6 26
6 14 74
14 6 74
6 24 165
24 6 165
6 12 552
12 6 552
6 72 441
72 6 441
6 39 25
39 6 25
6 91 281
91 6 281
6 71 609
71 6 609
7 9 100
9 7 100
7 31 286
31 7 286
7 37 96
37 7 96
7 76 562
76 7 562
7 7 448
7 7 448
7 23 352
23 7 352
7 35 482
35 7 482
7 25 434
25 7 434
7 42 882
42 7 882
7 66 433
66 7 433
7 58 784
58 7 784
8 53 140
53 8 140
8 75 429
75 8 429
8 72 340
72 8 340
8 77 179
77 8 179
8 53 600
53 8 600
8 38 69
38 8 69
8 21 860
21 8 860
8 69 511
69 8 511
8 27 913
27 8 913
9 12 584
12 9 584
9 20 308
20 9 308
9 28 945
28 9 945
9 38 69
38 9 69
9 75 508
75 9 508
9 39 210
39 9 210
9 23 734
23 9 734
9 30 778
30 9 778
9 34 426
34 9 426
9 64 659
64 9 659
9 88 923
88 9 923
9 75 53
75 9 53
10 26 271
26 10 271
10 39 200
39 10 200
10 47 131
47 10 131
10 65 633
65 10 633
10 36 703
36 10 703
10 15 732
15 10 732
10 47 515
47 10 515
10 61 294
61 10 294
10 81 462
81 10 462
10 29 960
29 10 960
10 17 288
17 10 288
10 73 351
73 10 351
11 24 848
24 11 848
11 59 984
59 11 984
11 75 205
75 11 205
11 16 875
16 11 875
11 73 239
73 11 239
11 15 286
15 11 286
11 78 969
78 11 969
11 14 378
14 11 378
11 74 27
74 11 27
11 37 666
37 11 666
11 29 50
29 11 50
12 14 423
14 12 423
12 29 692
29 12 692
12 35 644
35 12 644
12 14 825
14 12 825
12 21 390
21 12 390
12 39 566
39 12 566
12 66 178
66 12 178
12 22 723
22 12 723
12 75 766
75 12 766
12 48 710
48 12 710
12 70 539
70 12 539
13 42 62
42 13 62
13 67 722
67 13 722
13 50 249
50 13 249
13 16 64
16 13 64
13 68 966
68 13 966
13 20 448
20 13 448
13 14 154
14 13 154
13 47 295
47 13 295
13 50 365
50 13 365
14 15 820
15 14 820
14 36 992
36 14 992
14 54 554
54 14 554
14 22 20
22 14 20
15 27 784
27 15 784
15 30 100
30 15 100
15 51 819
51 15 819
15 88 657
88 15 657
15 84 137
84 15 137
15 34 49
34 15 49
15 18 77
18 15 77
15 51 568
51 15 568
15 80 431
80 15 431
15 69 423
69 15 423
15 79 521
79 15 521
15 69 236
69 15 236
15 74 647
74 15 647
15 70 564
70 15 564
16 22 468
22 16 468
16 48 165
48 16 165
16 52 808
52 16 808
16 80 359
80 16 359
16 49 361
49 16 361
16 81 618
81 16 618
16 30 465
30 16 465
16 68 641
68 16 641
17 41 944
41 17 944
17 53 652
53 17 652
17 62 966
62 17 966
17 71 259
71 17 259
17 71 134
71 17 134
17 50 536
50 17 536
17 52 614
52 17 614
17 79 406
79 17 406
18 23 175
23 18 175
18 72 548
72 18 548
18 84 445
84 18 445
18 78 507
78 18 507
18 67 687
67 18 687
18 74 978
74 18 978
18 29 981
29 18 981
18 89 783
89 18 783
18 38 594
38 18 594
19 40 429
40 19 429
19 30 524
30 19 524
19 45 245
45 19 245
19 74 236
74 19 236
19 47 548
47 19 548
19 44 23
44 19 23
20 76 561
76 20 561
20 88 541
88 20 541
20 30 567
30 20 567
20 29 186
29 20 186
20 25 26
25 20 26
20 89 670
89 20 670
20 85 749
85 20 749
20 72 297
72 20 297
20 75 984
75 20 984
20 79 854
79 20 854
21 49 76
49 21 76
21 48 464
48 21 464
21 26 200
26 21 200
21 56 636
56 21 636
21 65 98
65 21 98
21 50 903
50 21 903
21 87 549
87 21 549
21 47 175
47 21 175
21 57 837
57 21 837
21 34 859
34 21 859
21 32 631
32 21 631
21 56 638
56 21 638
22 33 278
33 22 278
22 64 939
64 22 939
22 38 925
38 22 925
22 85 690
85 22 690
22 39 832
39 22 832
22 23 754
23 22 754
22 58 91
58 22 91
22 89 377
89 22 377
23 36 717
36 23 717
23 42 237
42 23 237
23 40 362
40 23 362
23 58 223
58 23 223
23 48 653
48 23 653
23 48 633
48 23 633
23 90 707
90 23 707
23 66 289
66 23 289
23 41 48
41 23 48
24 35 935
35 24 935
24 48 976
48 24 976
24 68 263
68 24 263
24 25 816
25 24 816
24 83 694
83 24 694
24 52 245
52 24 245
24 61 335
61 24 335
24 48 757
48 24 757
24 53 513
53 24 513
24 79 759
79 24 759
25 69 810
69 25 810
25 83 759
83 25 759
25 87 355
87 25 355
25 85 321
85 25 321
25 64 162
64 25 162
25 86 384
86 25 384
25 64 497
64 25 497
26 32 736
32 26 736
26 78 294
78 26 294
26 61 693
61 26 693
26 33 256
33 26 256
26 29 62
29 26 62
26 68 769
68 26 769
26 83 404
83 26 404
26 45 617
45 26 617
27 39 271
39 27 271
27 86 221
86 27 221
27 81 570
81 27 570
27 31 695
31 27 695
27 62 750
62 27 750
27 85 630
85 27 630
27 38 938
38 27 938
28 46 393
46 28 393
28 78 540
78 28 540
28 90 684
90 28 684
28 87 999
87 28 999
28 46 900
46 28 900
28 89 981
89 28 981
28 30 336
30 28 336
28 76 742
76 28 742
28 45 157
45 28 157
28 32 409
32 28 409
28 91 424
91 28 424
28 52 968
52 28 968
28 89 307
89 28 307
28 30 619
30 28 619
28 48 591
48 28 591
29 44 540
44 29 540
29 50 372
50 29 372
29 46 485
46 29 485
29 88 727
88 29 727
29 33 914
33 29 914
29 45 519
45 29 519
29 54 290
54 29 290
30 79 758
79 30 758
30 40 367
40 30 367
30 69 495
69 30 495
30 45 603
45 30 603
30 37 747
37 30 747
30 55 204
55 30 204
30 83 912
83 30 912
30 45 874
45 30 874
30 49 865
49 30 865
30 55 312
55 30 312
30 88 562
88 30 562
30 47 458
47 30 458
31 39 878
39 31 878
31 67 863
67 31 863
31 56 671
56 31 671
31 51 16
51 31 16
31 62 75
62 31 75
31 72 939
72 31 939
31 79 825
79 31 825
31 33 349
33 31 349
31 77 489
77 31 489
32 45 57
45 32 57
32 61 364
61 32 364
32 55 605
55 32 605
32 37 598
37 32 598
32 61 719
61 32 719
32 72 972
72 32 972
32 35 947
35 32 947
32 78 65
78 32 65
32 60 291
60 32 291
32 60 782
60 32 782
33 65 126
65 33 126
33 63 985
63 33 985
33 50 663
50 33 663
33 76 824
76 33 824
33 64 852
64 33 852
33 35 472
35 33 472
33 50 702
50 33 702
33 40 724
40 33 724
34 67 329
67 34 329
34 68 602
68 34 602
34 62 629
62 34 629
34 71 794
71 34 794
34 82 129
82 34 129
34 45 251
45 34 251
34 69 733
69 34 733
34 53 110
53 34 110
34 72 530
72 34 530
35 48 388
48 35 388
35 57 243
57 35 243
35 74 563
74 35 563
35 60 865
60 35 865
35 57 195
57 35 195
35 40 651
40 35 651
36 63 731
63 36 731
36 75 543
75 36 543
36 48 586
48 36 586
36 46 398
46 36 398
36 45 730
45 36 730
36 77 558
77 36 558
36 82 555
82 36 555
36 55 535
55 36 535
36 51 563
51 36 563
37 56 737
56 37 737
37 53 62
53 37 62
37 79 921
79 37 921
37 43 639
43 37 639
37 79 941
79 37 941
37 66 284
66 37 284
38 85 15
85 38 15
38 39 85
39 38 85
38 45 593
45 38 593
39 86 836
86 39 836
39 75 975
75 39 975
39 89 610
89 39 610
39 48 272
48 39 272
39 76 522
76 39 522
39 76 297
76 39 297
39 67 692
67 39 692
39 44 271
44 39 271
39 64 801
64 39 801
39 46 136
46 39 136
40 61 696
61 40 696
40 52 979
52 40 979
40 55 273
55 40 273
41 67 577
67 41 577
41 82 269
82 41 269
41 88 998
88 41 998
41 72 696
72 41 696
41 45 945
45 41 945
41 67 677
67 41 677
41 90 841
90 41 841
41 46 627
46 41 627
42 57 27
57 42 27
42 82 320
82 42 320
42 72 939
72 42 939
42 49 742
49 42 742
42 46 33
46 42 33
43 73 679
73 43 679
43 47 748
47 43 748
43 44 248
44 43 248
43 62 203
62 43 203
43 70 93
70 43 93
43 61 587
61 43 587
44 54 275
54 44 275
44 65 901
65 44 901
44 75 188
75 44 188
45 55 195
55 45 195
45 66 464
66 45 464
45 63 168
63 45 168
45 82 572
82 45 572
45 89 181
89 45 181
45 50 971
50 45 971
45 57 782
57 45 782
45 84 281
84 45 281
46 49 34
49 46 34
46 73 683
73 46 683
46 75 533
75 46 533
46 57 674
57 46 674
46 82 920
82 46 920
46 49 885
49 46 885
47 52 645
52 47 645
47 60 102
60 47 102
47 65 477
65 47 477
47 61 600
61 47 600
47 77 870
77 47 870
47 91 597
91 47 597
48 83 908
83 48 908
48 80 592
80 48 592
48 91 289
91 48 289
49 88 404
88 49 404
49 56 685
56 49 685
49 58 697
58 49 697
49 78 798
78 49 798
49 71 822
71 49 822
49 75 726
75 49 726
50 58 873
58 50 873
50 53 524
53 50 524
50 64 800
64 50 800
50 50 405
50 50 405
50 60 584
60 50 584
51 53 845
53 51 845
51 58 935
58 51 935
51 73 888
73 51 888
52 63 624
63 52 624
52 88 821
88 52 821
52 85 700
85 52 700
53 70 282
70 53 282
53 86 812
86 53 812
53 85 343
85 53 343
53 89 184
89 53 184
53 65 82
65 53 82
53 67 814
67 53 814
53 58 1
58 53 1
54 62 715
62 54 715
54 86 722
86 54 722
54 58 948
58 54 948
54 60 514
60 54 514
54 60 814
60 54 814
54 89 841
89 54 841
55 75 302
75 55 302
55 76 819
76 55 819
55 68 486
68 55 486
55 58 649
58 55 649
55 89 106
89 55 106
55 62 668
62 55 668
55 73 314
73 55 314
56 71 615
71 56 615
56 81 674
81 56 674
56 76 723
76 56 723
56 59 496
59 56 496
56 82 322
82 56 322
56 66 819
66 56 819
56 58 197
58 56 197
56 78 3
78 56 3
56 74 31
74 56 31
57 91 899
91 57 899
57 70 48
70 57 48
57 68 922
68 57 922
57 57 736
57 57 736
57 67 407
67 57 407
57 67 698
67 57 698
58 77 101
77 58 101
58 66 1
66 58 1
58 73 584
73 58 584
58 66 41
66 58 41
59 74 319
74 59 319
59 61 426
61 59 426
59 64 751
64 59 751
60 77 512
77 60 512
60 71 204
71 60 204
60 73 848
73 60 848
61 87 139
87 61 139
61 71 145
71 61 145
62 89 584
89 62 584
62 75 663
75 62 663
62 63 393
63 62 393
63 64 590
64 63 590
63 71 274
71 63 274
64 78 411
78 64 411
64 68 646
68 64 646
66 80 346
80 66 346
66 87 204
87 66 204
66 72 782
72 66 782
66 83 962
83 66 962
66 86 975
86 66 975
67 89 646
89 67 646
67 78 782
78 67 782
67 83 919
83 67 919
67 68 914
68 67 914
68 74 771
74 68 771
68 81 336
81 68 336
68 83 378
83 68 378
68 88 216
88 68 216
69 89 369
89 69 369
69 83 642
83 69 642
70 72 544
72 70 544
70 75 627
75 70 627
71 79 718
79 71 718
72 85 983
85 72 983
72 82 967
82 72 967
72 81 431
81 72 431
73 78 687
78 73 687
76 80 393
80 76 393
76 86 550
86 76 550
79 88 616
88 79 616
79 81 816
81 79 816
79 88 224
88 79 224
79 86 530
86 79 530
80 90 609
90 80 609
82 89 471
89 82 471
82 82 948
82 82 948
84 84 134
84 84 134
85 87 765
87 85 765
86 90 867
90 86 867
