21

0 1 890
1 0 890
0 2 494
2 0 494
0 7 614
7 0 614
0 6 158
6 0 158
0 6 726
6 0 726
0 7 318
7 0 318
0 20 531
20 0 531
0 3 975
3 0 975
0 1 937
1 0 937
1 6 4
6 1 4
1 17 535
17 1 535
1 13 526
13 1 526
1 17 527
17 1 527
1 8 345
8 1 345
1 2 953
2 1 953
1 18 646
18 1 646
1 2 190
2 1 190
2 3 936
3 2 936
2 4 289
4 2 289
2 9 431
9 2 431
2 15 624
15 2 624
2 17 219
17 2 219
2 2 558
2 2 558
3 4 214
4 3 214
3 15 511
15 3 511
3 10 95
10 3 95
3 13 499
13 3 499
4 5 512
5 4 512
4 8 643
8 4 643
4 9 900
9 4 900
4 11 59
11 4 59
4 15 483
15 4 483
4 6 74
6 4 74
4 6 604
6 4 604
4 13 473
13 4 473
4 12 187
12 4 187
4 4 293
4 4 293
5 10 136
10 5 136
5 13 173
13 5 173
5 10 414
10 5 414
5 19 357
19 5 357
6 12 583
12 6 583
6 17 931
17 6 931
6 18 104
18 6 104
6 14 559
14 6 559
6 18 745
18 6 745
7 10 832
10 7 832
7 18 463
18 7 463
7 20 574
20 7 574
8 18 244
18 8 244
8 19 24
19 8 24
8 18 688
18 8 688
8 13 824
13 8 824
8 16 489
16 8 489
9 17 60
17 9 60
10 13 979
13 10 979
10 11 194
11 10 194
11 13 832
13 11 832
11 18 757
18 11 757
11 19 19
19 11 19
11 17 721
17 11 721
11 15 535
15 11 535
11 11 711
11 11 711
11 20 248
20 11 248
12 14 431
14 12 431
12 16 285
16 12 285
12 14 577
14 12 577
12 16 327
16 12 327
12 20 854
20 12 854
12 15 87
15 12 87
13 20 39
20 13 39
13 17 931
17 13 931
14 16 162
16 14 162
15 17 738
17 15 738
15 19 178
19 15 178
16 19 734
19 16 734
16 19 653
19 16 653
