50

0 1 692
1 0 692
0 3 482
3 0 482
0 5 292
5 0 292
0 9 640
9 0 640
0 35 271
35 0 271
0 37 349
37 0 349
0 41 515
41 0 515
0 6 666
6 0 666
0 39 230
39 0 230
0 47 885
47 0 885
0 29 754
29 0 754
0 10 615
10 0 615
0 11 823
11 0 823
0 5 3
5 0 3
0 25 778
25 0 778
0 23 978
23 0 978
0 7 132
7 0 132
0 9 961
9 0 961
0 19 71
19 0 71
0 3 191
3 0 191
0 11 491
11 0 491
0 21 966
21 0 966
0 26 23
26 0 23
1 2 655
2 1 655
1 7 405
7 1 405
1 10 209
10 1 209
1 12 769
12 1 769
1 15 56
15 1 56
1 38 905
38 1 905
1 27 381
27 1 381
1 4 253
4 1 253
1 13 806
13 1 806
1 23 946
23 1 946
1 27 986
27 1 986
1 49 330
49 1 330
1 2 787
2 1 787
1 3 342
3 1 342
1 23 240
23 1 240
1 18 513
18 1 513
1 20 444
20 1 444
2 26 944
26 2 944
2 28 236
28 2 236
2 14 893
14 2 893
2 18 873
18 2 873
2 42 232
42 2 232
2 4 66
4 2 66
2 33 993
33 2 993
2 14 56
14 2 56
2 10 776
10 2 776
2 21 277
21 2 277
2 7 823
7 2 823
2 9 813
9 2 813
2 40 886
40 2 886
2 49 104
49 2 104
2 14 167
14 2 167
2 18 369
18 2 369
2 35 1000
35 2 1000
3 4 731
4 3 731
3 17 882
17 3 882
3 33 560
33 3 560
3 30 842
30 3 842
3 22 767
22 3 767
3 34 622
34 3 622
3 33 388
33 3 388
3 19 339
19 3 339
3 26 380
26 3 380
3 12 937
12 3 937
3 10 342
10 3 342
3 38 989
38 3 989
3 32 284
32 3 284
3 27 584
27 3 584
3 20 819
20 3 819
3 47 684
47 3 684
3 43 405
43 3 405
3 28 998
28 3 998
3 37 204
37 3 204
3 33 496
33 3 496
3 26 813
26 3 813
3 5 564
5 3 564
4 6 248
6 4 248
4 46 161
46 4 161
4 33 91
33 4 91
4 32 215
32 4 215
4 20 897
20 4 897
4 14 162
14 4 162
4 43 178
43 4 178
4 19 808
19 4 808
4 24 827
24 4 827
4 9 247
9 4 247
4 23 573
23 4 573
4 27 817
27 4 817
4 12 978
12 4 978
4 21 561
21 4 561
4 5 522
5 4 522
4 34 76
34 4 76
4 36 341
36 4 341
4 32 655
32 4 655
4 49 282
49 4 282
4 47 792
47 4 792
4 17 65
17 4 65
4 47 307
47 4 307
4 41 273
41 4 273
5 11 266
11 5 266
5 18 389
18 5 389
5 20 202
20 5 202
5 21 186
21 5 186
5 23 929
23 5 929
5 11 28
11 5 28
5 14 526
14 5 526
5 42 631
42 5 631
5 16 623
16 5 623
5 43 812
43 5 812
5 21 953
21 5 953
5 16 903
16 5 903
5 30 593
30 5 593
5 30 635
30 5 635
5 42 402
42 5 402
5 10 845
10 5 845
5 23 78
23 5 78
5 20 273
20 5 273
5 9 117
9 5 117
5 22 575
22 5 575
5 34 686
34 5 686
5 37 228
37 5 228
5 27 134
27 5 134
5 40 717
40 5 717
5 8 317
8 5 317
6 8 944
8 6 944
6 29 590
29 6 590
6 24 459
24 6 459
6 44 913
44 6 913
6 19 323
19 6 323
6 20 829
20 6 829
6 16 81
16 6 81
6 19 347
19 6 347
6 22 157
22 6 157
6 43 117
43 6 117
6 37 149
37 6 149
6 15 729
15 6 729
6 15 102
15 6 102
6 13 859
13 6 859
6 43 920
43 6 920
6 45 491
45 6 491
7 39 900
39 7 900
7 8 17
8 7 17
7 11 255
11 7 255
7 15 389
15 7 389
7 31 611
31 7 611
7 42 596
42 7 596
7 34 137
34 7 137
7 40 358
40 7 358
7 10 353
10 7 353
7 35 453
35 7 453
7 9 349
9 7 349
7 37 921
37 7 921
8 14 147
14 8 147
8 42 368
42 8 368
8 47 663
47 8 663
8 31 336
31 8 336
8 32 534
32 8 534
8 28 919
28 8 919
8 33 829
33 8 829
8 25 316
25 8 316
8 18 774
18 8 774
8 29 449
29 8 449
8 16 25
16 8 25
8 20 201
20 8 201
8 35 608
35 8 608
8 12 218
12 8 218
8 28 385
28 8 385
8 45 490
45 8 490
9 19 788
19 9 788
9 24 254
24 9 254
9 36 48
36 9 48
9 37 436
37 9 436
9 28 239
28 9 239
9 13 933
13 9 933
9 17 205
17 9 205
9 19 82
19 9 82
9 26 735
26 9 735
9 14 236
14 9 236
9 27 165
27 9 165
10 13 218
13 10 218
10 45 982
45 10 982
10 13 376
13 10 376
10 39 432
39 10 432
10 19 319
19 10 319
10 47 869
47 10 869
10 46 140
46 10 140
10 14 109
14 10 109
10 18 332
18 10 332
10 43 218
43 10 218
10 40 186
40 10 186
10 17 81
17 10 81
11 36 617
36 11 617
11 47 587
47 11 587
11 13 753
13 11 753
11 25 414
25 11 414
11 47 520
47 11 520
11 49 47
49 11 47
11 29 883
29 11 883
11 31 998
31 11 998
11 31 704
31 11 704
11 25 382
25 11 382
11 27 523
27 11 523
11 47 387
47 11 387
11 42 764
42 11 764
11 45 416
45 11 416
12 35 309
35 12 309
12 37 732
37 12 732
12 20 482
20 12 482
12 16 928
16 12 928
12 45 163
45 12 163
12 18 624
18 12 624
12 31 400
31 12 400
12 39 749
39 12 749
12 23 76
23 12 76
12 15 42
15 12 42
12 30 386
30 12 386
12 16 655
16 12 655
12 18 625
18 12 625
13 16 894
16 13 894
13 30 521
30 13 521
13 45 540
45 13 540
13 45 534
45 13 534
13 38 975
38 13 975
13 19 83
19 13 83
13 27 151
27 13 151
13 37 722
37 13 722
13 20 758
20 13 758
13 23 819
23 13 819
13 34 460
34 13 460
13 16 722
16 13 722
13 34 366
34 13 366
13 35 733
35 13 733
13 34 240
34 13 240
13 37 637
37 13 637
13 18 428
18 13 428
14 44 171
44 14 171
14 34 329
34 14 329
14 39 787
39 14 787
14 22 151
22 14 151
14 30 10
30 14 10
14 24 523
24 14 523
14 15 470
15 14 470
14 30 510
30 14 510
14 36 846
36 14 846
14 25 580
25 14 580
14 47 849
47 14 849
14 23 495
23 14 495
14 21 445
21 14 445
15 23 170
23 15 170
15 49 624
49 15 624
15 46 567
46 15 567
15 38 214
38 15 214
15 17 932
17 15 932
15 22 903
22 15 903
15 26 756
26 15 756
15 43 884
43 15 884
16 35 208
35 16 208
16 20 157
20 16 157
16 29 71
29 16 71
16 41 252
41 16 252
16 35 429
35 16 429
16 29 382
29 16 382
16 38 100
38 16 100
16 49 580
49 16 580
16 49 24
49 16 24
16 49 914
49 16 914
16 34 441
34 16 441
16 27 488
27 16 488
16 25 904
25 16 904
16 23 211
23 16 211
16 17 340
17 16 340
16 16 69
16 16 69
16 23 560
23 16 560
16 47 245
47 16 245
17 21 780
21 17 780
17 20 655
20 17 655
17 40 621
40 17 621
17 38 355
38 17 355
17 22 58
22 17 58
17 42 188
42 17 188
17 23 899
23 17 899
17 27 374
27 17 374
18 25 924
25 18 924
18 44 545
44 18 545
18 24 332
24 18 332
18 22 340
22 18 340
18 39 834
39 18 834
18 39 334
39 18 334
18 27 898
27 18 898
18 44 509
44 18 509
18 26 880
26 18 880
18 35 917
35 18 917
18 32 404
32 18 404
18 49 668
49 18 668
18 24 646
24 18 646
18 48 871
48 18 871
18 39 552
39 18 552
18 36 851
36 18 851
19 27 893
27 19 893
19 33 111
33 19 111
19 35 792
35 19 792
19 36 938
36 19 938
19 32 69
32 19 69
19 41 202
41 19 202
19 48 442
48 19 442
19 34 612
34 19 612
19 38 722
38 19 722
19 36 253
36 19 253
19 29 241
29 19 241
19 45 229
45 19 229
20 31 874
31 20 874
20 43 371
43 20 371
20 43 756
43 20 756
20 21 435
21 20 435
20 21 243
21 20 243
20 36 399
36 20 399
20 41 769
41 20 769
20 41 657
41 20 657
20 29 436
29 20 436
20 49 411
49 20 411
20 37 386
37 20 386
20 44 526
44 20 526
20 36 37
36 20 37
20 45 51
45 20 51
20 28 975
28 20 975
20 33 768
33 20 768
20 22 626
22 20 626
20 45 213
45 20 213
20 22 775
22 20 775
21 22 567
22 21 567
21 28 366
28 21 366
21 48 695
48 21 695
21 49 305
49 21 305
21 49 223
49 21 223
21 22 888
22 21 888
21 40 852
40 21 852
21 41 287
41 21 287
21 43 844
43 21 844
21 41 812
41 21 812
21 27 682
27 21 682
22 34 103
34 22 103
22 33 793
33 22 793
22 42 268
42 22 268
22 23 750
23 22 750
22 30 286
30 22 286
22 24 247
24 22 247
22 32 63
32 22 63
22 32 581
32 22 581
23 29 482
29 23 482
23 45 867
45 23 867
23 42 418
42 23 418
23 37 33
37 23 33
23 26 480
26 23 480
23 41 35
41 23 35
23 38 218
38 23 218
23 49 192
49 23 192
23 38 149
38 23 149
24 30 119
30 24 119
24 41 215
41 24 215
24 46 116
46 24 116
24 37 367
37 24 367
24 39 502
39 24 502
24 48 191
48 24 191
24 26 449
26 24 449
24 32 822
32 24 822
24 25 327
25 24 327
24 32 461
32 24 461
24 43 365
43 24 365
24 26 327
26 24 327
24 32 129
32 24 129
25 36 999
36 25 999
25 45 424
45 25 424
25 35 473
35 25 473
25 37 870
37 25 870
25 25 793
25 25 793
25 44 822
44 25 822
25 47 344
47 25 344
25 34 128
34 25 128
25 48 431
48 25 431
25 32 821
32 25 821
25 35 896
35 25 896
25 26 250
26 25 250
25 46 444
46 25 444
26 31 23
31 26 23
26 38 881
38 26 881
26 27 839
27 26 839
26 35 221
35 26 221
26 40 237
40 26 237
26 39 480
39 26 480
27 33 478
33 27 478
27 31 557
31 27 557
27 28 169
28 27 169
27 49 418
49 27 418
27 45 589
45 27 589
27 39 113
39 27 113
27 30 450
30 27 450
27 40 85
40 27 85
28 32 683
32 28 683
28 29 576
29 28 576
28 31 438
31 28 438
28 45 900
45 28 900
28 33 109
33 28 109
28 32 460
32 28 460
28 34 981
34 28 981
28 35 346
35 28 346
28 38 632
38 28 632
29 31 454
31 29 454
29 32 513
32 29 513
29 41 213
41 29 213
29 36 973
36 29 973
29 30 343
30 29 343
30 44 464
44 30 464
30 35 675
35 30 675
30 49 401
49 30 401
30 32 757
32 30 757
30 45 319
45 30 319
31 42 776
42 31 776
31 44 292
44 31 292
31 39 341
39 31 341
31 48 924
48 31 924
31 34 364
34 31 364
31 33 486
33 31 486
31 42 885
42 31 885
32 48 317
48 32 317
32 41 517
41 32 517
32 48 73
48 32 73
32 40 3
40 32 3
33 41 251
41 33 251
33 47 294
47 33 294
33 46 276
46 33 276
34 38 643
38 34 643
34 36 51
36 34 51
34 48 574
48 34 574
34 47 133
47 34 133
34 46 838
46 34 838
34 42 613
42 34 613
35 48 362
48 35 362
35 47 73
47 35 73
35 41 526
41 35 526
35 42 384
42 35 384
35 46 982
46 35 982
36 42 723
42 36 723
36 42 768
42 36 768
36 46 490
46 36 490
36 39 607
39 36 607
36 46 226
46 36 226
36 45 815
45 36 815
37 40 432
40 37 432
37 46 682
46 37 682
37 49 183
49 37 183
37 39 899
39 37 899
38 39 246
39 38 246
38 42 672
42 38 672
38 40 173
40 38 173
38 48 343
48 38 343
38 48 292
48 38 292
38 46 621
46 38 621
39 46 289
46 39 289
39 49 560
49 39 560
39 46 636
46 39 636
39 40 497
40 39 497
40 43 894
43 40 894
40 49 658
49 40 658
40 46 420
46 40 420
41 47 794
47 41 794
42 49 682
49 42 682
43 45 522
45 43 522
43 47 912
47 43 912
43 48 593
48 43 593
43 48 391
48 43 391
44 46 60
46 44 60
44 48 72
48 44 72
44 45 784
45 44 784
45 49 332
49 45 332
45 49 138
49 45 138
46 47 327
47 46 327
47 48 332
48 47 332
48 48 574
48 48 574
