21

0 1 713
1 0 713
0 2 863
2 0 863
0 10 232
10 0 232
0 16 338
16 0 338
0 7 905
7 0 905
0 1 225
1 0 225
0 19 795
19 0 795
0 3 946
3 0 946
0 19 407
19 0 407
0 6 251
6 0 251
0 4 993
4 0 993
0 5 38
5 0 38
0 2 395
2 0 395
0 16 827
16 0 827
0 0 940
0 0 940
0 19 463
19 0 463
0 1 727
1 0 727
0 7 206
7 0 206
0 19 914
19 0 914
0 19 332
19 0 332
0 1 591
1 0 591
0 6 986
6 0 986
1 3 576
3 1 576
1 8 129
8 1 129
1 14 450
14 1 450
1 1 342
1 1 342
1 18 759
18 1 759
1 12 870
12 1 870
1 20 663
20 1 663
1 5 624
5 1 624
1 13 509
13 1 509
1 2 199
2 1 199
1 1 282
1 1 282
1 11 352
11 1 352
1 5 681
5 1 681
1 7 818
7 1 818
1 4 279
4 1 279
1 2 570
2 1 570
1 10 994
10 1 994
1 5 899
5 1 899
1 7 299
7 1 299
2 15 891
15 2 891
2 11 899
11 2 899
2 18 556
18 2 556
2 9 564
9 2 564
2 8 597
8 2 597
2 19 507
19 2 507
2 18 16
18 2 16
2 19 323
19 2 323
2 6 209
6 2 209
2 18 708
18 2 708
2 15 752
15 2 752
2 9 327
9 2 327
2 4 92
4 2 92
2 13 235
13 2 235
3 4 967
4 3 967
3 6 614
6 3 614
3 7 260
7 3 260
3 4 659
4 3 659
3 11 30
11 3 30
3 20 345
20 3 345
3 3 738
3 3 738
3 6 613
6 3 613
3 14 967
14 3 967
3 19 423
19 3 423
3 10 125
10 3 125
3 17 877
17 3 877
3 11 758
11 3 758
4 5 746
5 4 746
4 13 228
13 4 228
4 6 420
6 4 420
4 9 853
9 4 853
4 11 119
11 4 119
4 4 34
4 4 34
4 10 708
10 4 708
4 13 692
13 4 692
4 9 898
9 4 898
4 17 913
17 4 913
4 4 761
4 4 761
4 11 522
11 4 522
4 9 31
9 4 31
5 11 865
11 5 865
5 12 40
12 5 40
5 8 421
8 5 421
5 17 107
17 5 107
5 11 504
11 5 504
5 18 907
18 5 907
5 17 456
17 5 456
5 15 314
15 5 314
5 8 402
8 5 402
5 14 670
14 5 670
5 17 476
17 5 476
5 9 533
9 5 533
5 15 662
15 5 662
5 7 874
7 5 874
6 12 667
12 6 667
6 16 454
16 6 454
6 18 162
18 6 162
6 18 250
18 6 250
6 15 192
15 6 192
7 9 295
9 7 295
7 11 639
11 7 639
7 17 89
17 7 89
7 20 910
20 7 910
7 18 629
18 7 629
8 15 719
15 8 719
8 16 285
16 8 285
8 18 716
18 8 716
8 11 68
11 8 68
8 8 662
8 8 662
8 14 592
14 8 592
8 12 540
12 8 540
8 13 658
13 8 658
8 20 162
20 8 162
8 9 661
9 8 661
8 19 179
19 8 179
8 9 519
9 8 519
8 13 557
13 8 557
9 17 50
17 9 50
9 19 131
19 9 131
9 10 987
10 9 987
9 10 300
10 9 300
9 19 413
19 9 413
9 17 815
17 9 815
9 10 817
10 9 817
9 18 918
18 9 918
9 19 786
19 9 786
9 18 484
18 9 484
9 9 665
9 9 665
9 13 844
13 9 844
9 13 841
13 9 841
9 17 779
17 9 779
9 18 119
18 9 119
9 19 945
19 9 945
10 20 6
20 10 6
10 20 353
20 10 353
10 18 549
18 10 549
10 12 335
12 10 335
10 17 473
17 10 473
10 17 871
17 10 871
10 14 235
14 10 235
10 16 138
16 10 138
10 19 860
19 10 860
11 17 413
17 11 413
11 20 138
20 11 138
11 11 23
11 11 23
11 20 333
20 11 333
11 16 798
16 11 798
11 18 878
18 11 878
11 17 875
17 11 875
11 16 734
16 11 734
11 19 335
19 11 335
12 13 897
13 12 897
12 17 589
17 12 589
13 20 293
20 13 293
13 20 724
20 13 724
13 20 129
20 13 129
13 16 593
16 13 593
13 20 348
20 13 348
14 19 251
19 14 251
14 17 518
17 14 518
14 18 449
18 14 449
14 18 859
18 14 859
14 16 965
16 14 965
14 20 335
20 14 335
15 16 965
16 15 965
15 16 678
16 15 678
16 17 271
17 16 271
16 18 488
18 16 488
16 18 563
18 16 563
17 20 420
20 17 420
17 18 43
18 17 43
17 18 910
18 17 910
18 20 932
20 18 932
19 19 109
19 19 109
19 20 569
20 19 569
