15

0 1 483
1 0 483
0 1 525
1 0 525
0 10 767
10 0 767
0 1 757
1 0 757
0 14 89
14 0 89
0 12 96
12 0 96
0 13 270
13 0 270
0 3 314
3 0 314
0 7 233
7 0 233
0 6 456
6 0 456
1 2 465
2 1 465
1 3 152
3 1 152
1 6 552
6 1 552
1 10 218
10 1 218
1 13 933
13 1 933
1 8 693
8 1 693
1 7 965
7 1 965
1 8 597
8 1 597
1 1 719
1 1 719
1 3 310
3 1 310
1 8 341
8 1 341
1 11 606
11 1 606
1 13 284
13 1 284
1 5 929
5 1 929
1 12 214
12 1 214
1 2 55
2 1 55
1 8 479
8 1 479
1 14 437
14 1 437
2 5 42
5 2 42
2 7 545
7 2 545
2 9 564
9 2 564
2 12 675
12 2 675
2 8 713
8 2 713
2 3 117
3 2 117
2 11 273
11 2 273
2 5 323
5 2 323
2 5 385
5 2 385
2 14 553
14 2 553
2 5 991
5 2 991
2 14 923
14 2 923
2 10 880
10 2 880
2 11 749
11 2 749
3 4 226
4 3 226
3 11 432
11 3 432
3 4 791
4 3 791
3 9 588
9 3 588
3 5 87
5 3 87
3 4 106
4 3 106
3 8 547
8 3 547
3 11 86
11 3 86
4 12 128
12 4 128
4 9 244
9 4 244
4 13 782
13 4 782
4 5 995
5 4 995
4 12 387
12 4 387
4 12 885
12 4 885
4 13 389
13 4 389
4 5 245
5 4 245
4 11 276
11 4 276
4 11 829
11 4 829
5 8 692
8 5 692
5 9 163
9 5 163
5 8 775
8 5 775
5 9 610
9 5 610
5 8 132
8 5 132
5 6 757
6 5 757
6 11 132
11 6 132
6 13 17
13 6 17
6 11 532
11 6 532
6 10 119
10 6 119
6 7 845
7 6 845
7 7 567
7 7 567
7 14 435
14 7 435
7 9 186
9 7 186
7 12 575
12 7 575
7 14 412
14 7 412
7 14 169
14 7 169
7 8 838
8 7 838
7 10 558
10 7 558
8 14 869
14 8 869
8 10 53
10 8 53
8 13 326
13 8 326
8 11 562
11 8 562
8 14 274
14 8 274
8 9 666
9 8 666
8 8 908
8 8 908
8 14 754
14 8 754
8 10 404
10 8 404
9 14 89
14 9 89
9 9 67
9 9 67
9 11 970
11 9 970
10 10 910
10 10 910
10 11 433
11 10 433
11 12 790
12 11 790
11 12 764
12 11 764
11 11 202
11 11 202
11 12 571
12 11 571
11 12 682
12 11 682
12 12 77
12 12 77
12 13 930
13 12 930
