89

0 1 46
1 0 46
0 2 499
2 0 499
0 5 272
5 0 272
0 38 887
38 0 887
0 61 924
61 0 924
0 41 585
41 0 585
0 30 552
30 0 552
0 73 340
73 0 340
0 19 439
19 0 439
0 28 437
28 0 437
1 35 830
35 1 830
1 40 51
40 1 51
1 49 613
49 1 613
1 20 93
20 1 93
1 21 173
21 1 173
2 3 5
3 2 5
2 4 512
4 2 512
2 73 538
73 2 538
2 78 629
78 2 629
2 69 134
69 2 134
2 34 683
34 2 683
2 86 45
86 2 45
3 7 720
7 3 720
3 14 489
14 3 489
3 27 340
27 3 340
3 60 912
60 3 912
3 84 482
84 3 482
3 25 994
25 3 994
3 56 65
56 3 65
4 6 519
6 4 519
4 37 397
37 4 397
4 70 852
70 4 852
4 62 885
62 4 885
4 54 449
54 4 449
4 62 757
62 4 757
4 51 150
51 4 150
4 53 216
53 4 216
4 30 796
30 4 796
4 11 225
11 4 225
4 27 575
27 4 575
5 8 473
8 5 473
5 9 999
9 5 999
5 10 351
10 5 351
5 80 358
80 5 358
5 24 762
24 5 762
5 18 746
18 5 746
6 21 393
21 6 393
6 52 364
52 6 364
6 29 340
29 6 340
6 71 269
71 6 269
6 40 897
40 6 897
6 82 966
82 6 966
6 35 15
35 6 15
6 35 802
35 6 802
7 16 163
16 7 163
7 23 157
23 7 157
7 14 303
14 7 303
7 17 148
17 7 148
7 86 989
86 7 989
8 17 886
17 8 886
8 64 231
64 8 231
8 10 457
10 8 457
9 12 159
12 9 159
9 22 729
22 9 729
9 28 776
28 9 776
9 80 117
80 9 117
9 34 613
34 9 613
9 81 233
81 9 233
9 46 374
46 9 374
9 52 391
52 9 391
9 77 10
77 9 10
10 11 936
11 10 936
10 43 42
43 10 42
10 26 396
26 10 396
11 13 492
13 11 492
11 15 534
15 11 534
11 45 960
45 11 960
11 50 488
50 11 488
11 15 42
15 11 42
11 84 218
84 11 218
11 33 207
33 11 207
11 19 309
19 11 309
11 30 93
30 11 93
11 25 708
25 11 708
11 37 446
37 11 446
12 19 516
19 12 516
12 20 135
20 12 135
12 29 95
29 12 95
12 48 865
48 12 865
13 34 215
34 13 215
13 71 214
71 13 214
14 31 914
31 14 914
14 32 913
32 14 913
14 33 199
33 14 199
14 74 545
74 14 545
14 83 571
83 14 571
14 79 412
79 14 412
14 72 294
72 14 294
14 66 81
66 14 81
15 47 165
47 15 165
15 87 814
87 15 814
15 26 290
26 15 290
15 62 673
62 15 673
16 59 627
59 16 627
16 74 948
74 16 948
17 18 790
18 17 790
17 25 150
25 17 150
17 71 133
71 17 133
17 70 291
70 17 291
17 69 272
69 17 272
17 42 359
42 17 359
18 59 854
59 18 854
18 84 724
84 18 724
18 23 443
23 18 443
18 68 930
68 18 930
18 45 338
45 18 338
19 88 634
88 19 634
19 37 647
37 19 647
19 67 174
67 19 174
19 54 553
54 19 553
19 27 842
27 19 842
20 46 472
46 20 472
20 48 611
48 20 611
20 64 943
64 20 943
20 82 921
82 20 921
20 23 352
23 20 352
20 27 107
27 20 107
20 52 633
52 20 633
20 37 992
37 20 992
21 41 749
41 21 749
21 55 657
55 21 657
21 58 380
58 21 380
21 88 418
88 21 418
21 65 621
65 21 621
21 42 670
42 21 670
22 24 531
24 22 531
22 41 79
41 22 79
22 53 274
53 22 274
22 75 215
75 22 215
22 35 994
35 22 994
23 36 626
36 23 626
23 58 977
58 23 977
23 34 248
34 23 248
23 62 438
62 23 438
23 45 889
45 23 889
23 35 173
35 23 173
23 33 623
33 23 623
23 76 134
76 23 134
23 60 984
60 23 984
24 42 962
42 24 962
24 81 455
81 24 455
24 81 820
81 24 820
24 41 818
41 24 818
24 44 327
44 24 327
24 38 552
38 24 552
25 26 572
26 25 572
25 84 597
84 25 597
25 40 755
40 25 755
26 85 444
85 26 444
26 66 912
66 26 912
26 38 839
38 26 839
26 30 807
30 26 807
26 57 716
57 26 716
27 77 496
77 27 496
27 72 532
72 27 532
28 30 474
30 28 474
29 39 59
39 29 59
29 65 783
65 29 783
30 39 812
39 30 812
30 77 684
77 30 684
30 64 665
64 30 665
30 47 695
47 30 695
30 31 649
31 30 649
31 39 742
39 31 742
31 61 686
61 31 686
31 50 169
50 31 169
31 84 122
84 31 122
32 51 293
51 32 293
32 54 903
54 32 903
32 50 339
50 32 339
33 57 689
57 33 689
33 69 665
69 33 665
33 35 302
35 33 302
34 65 210
65 34 210
34 75 174
75 34 174
34 67 873
67 34 873
34 83 811
83 34 811
35 53 39
53 35 39
36 49 601
49 36 601
36 51 864
51 36 864
37 72 480
72 37 480
37 73 41
73 37 41
37 86 806
86 37 806
37 58 608
58 37 608
37 43 616
43 37 616
38 43 628
43 38 628
38 44 719
44 38 719
38 79 86
79 38 86
39 68 160
68 39 160
39 58 417
58 39 417
40 67 988
67 40 988
40 61 183
61 40 183
40 58 62
58 40 62
41 54 440
54 41 440
41 53 837
53 41 837
42 47 28
47 42 28
42 88 921
88 42 921
43 66 267
66 43 267
43 82 823
82 43 823
43 54 703
54 43 703
43 73 105
73 43 105
44 78 276
78 44 276
44 82 918
82 44 918
44 66 550
66 44 550
44 81 143
81 44 143
45 76 29
76 45 29
46 58 428
58 46 428
46 65 289
65 46 289
46 79 166
79 46 166
46 80 684
80 46 684
47 85 807
85 47 807
47 71 159
71 47 159
48 77 363
77 48 363
49 62 711
62 49 711
49 63 515
63 49 515
49 50 900
50 49 900
50 56 297
56 50 297
51 63 135
63 51 135
51 85 346
85 51 346
52 79 185
79 52 185
52 55 785
55 52 785
52 85 1000
85 52 1000
52 53 673
53 52 673
52 76 912
76 52 912
53 66 422
66 53 422
53 74 315
74 53 315
53 74 679
74 53 679
54 56 893
56 54 893
55 88 253
88 55 253
56 88 141
88 56 141
56 61 446
61 56 446
58 77 193
77 58 193
58 87 617
87 58 617
59 87 443
87 59 443
59 66 962
66 59 962
59 80 967
80 59 967
60 68 233
68 60 233
60 78 153
78 60 153
62 71 299
71 62 299
63 73 30
73 63 30
63 63 206
63 63 206
63 73 836
73 63 836
64 81 176
81 64 176
65 85 952
85 65 952
66 85 934
85 66 934
66 76 885
76 66 885
66 71 467
71 66 467
66 74 358
74 66 358
67 68 674
68 67 674
69 78 933
78 69 933
69 75 806
75 69 806
70 88 285
88 70 285
71 74 54
74 71 54
72 77 777
77 72 777
72 78 769
78 72 769
73 80 615
80 73 615
73 76 305
76 73 305
73 88 133
88 73 133
74 75 925
75 74 925
75 88 141
88 75 141
75 86 26
86 75 26
77 78 569
78 77 569
