35

0 1 155
1 0 155
0 2 672
2 0 672
0 3 101
3 0 101
0 7 729
7 0 729
0 2 473
2 0 473
0 11 429
11 0 429
0 30 79
30 0 79
0 16 860
16 0 860
0 12 321
12 0 321
0 19 513
19 0 513
0 28 68
28 0 68
0 20 244
20 0 244
0 3 889
3 0 889
0 15 303
15 0 303
0 28 511
28 0 511
0 18 781
18 0 781
0 10 28
10 0 28
0 22 605
22 0 605
0 16 211
16 0 211
0 19 985
19 0 985
1 11 987
11 1 987
1 9 14
9 1 14
1 16 269
16 1 269
1 17 519
17 1 519
1 26 893
26 1 893
1 11 72
11 1 72
1 5 423
5 1 423
1 19 816
19 1 816
1 30 834
30 1 834
1 6 558
6 1 558
1 20 755
20 1 755
1 7 677
7 1 677
1 12 716
12 1 716
1 18 431
18 1 431
1 9 214
9 1 214
2 16 448
16 2 448
2 25 641
25 2 641
2 22 693
22 2 693
2 17 476
17 2 476
2 23 622
23 2 622
2 5 125
5 2 125
2 8 229
8 2 229
2 21 515
21 2 515
2 27 487
27 2 487
2 5 291
5 2 291
2 3 143
3 2 143
2 23 279
23 2 279
2 6 849
6 2 849
2 7 557
7 2 557
2 21 646
21 2 646
2 18 707
18 2 707
2 7 285
7 2 285
2 4 624
4 2 624
2 26 925
26 2 925
2 10 72
10 2 72
2 32 201
32 2 201
2 22 986
22 2 986
2 27 379
27 2 379
2 13 535
13 2 535
2 29 466
29 2 466
3 4 952
4 3 952
3 23 489
23 3 489
3 30 973
30 3 973
3 32 734
32 3 734
3 22 304
22 3 304
3 28 477
28 3 477
3 16 618
16 3 618
3 5 88
5 3 88
3 34 541
34 3 541
3 30 674
30 3 674
3 29 604
29 3 604
3 5 453
5 3 453
3 31 521
31 3 521
3 23 63
23 3 63
3 12 667
12 3 667
3 31 182
31 3 182
3 34 318
34 3 318
3 3 669
3 3 669
3 22 215
22 3 215
3 34 491
34 3 491
3 25 292
25 3 292
3 17 736
17 3 736
3 8 294
8 3 294
3 10 859
10 3 859
3 7 817
7 3 817
4 5 303
5 4 303
4 13 986
13 4 986
4 29 757
29 4 757
4 10 860
10 4 860
4 32 223
32 4 223
4 17 279
17 4 279
4 14 180
14 4 180
4 25 480
25 4 480
4 19 208
19 4 208
4 32 488
32 4 488
4 23 319
23 4 319
4 24 960
24 4 960
4 24 493
24 4 493
4 16 517
16 4 517
4 10 194
10 4 194
4 21 349
21 4 349
4 27 493
27 4 493
4 5 777
5 4 777
4 17 937
17 4 937
4 25 611
25 4 611
4 22 941
22 4 941
4 16 439
16 4 439
4 31 364
31 4 364
4 34 384
34 4 384
5 6 6
6 5 6
5 23 503
23 5 503
5 14 274
14 5 274
5 26 660
26 5 660
5 34 506
34 5 506
5 11 664
11 5 664
5 22 193
22 5 193
5 24 913
24 5 913
5 10 227
10 5 227
5 17 188
17 5 188
5 29 929
29 5 929
5 13 183
13 5 183
5 5 848
5 5 848
5 12 474
12 5 474
5 29 781
29 5 781
5 8 944
8 5 944
5 30 116
30 5 116
5 8 64
8 5 64
6 9 227
9 6 227
6 34 731
34 6 731
6 31 454
31 6 454
6 31 764
31 6 764
6 13 726
13 6 726
6 28 722
28 6 722
6 21 925
21 6 925
6 15 807
15 6 807
6 14 81
14 6 81
6 7 775
7 6 775
6 21 716
21 6 716
6 29 97
29 6 97
6 6 139
6 6 139
6 27 497
27 6 497
6 30 628
30 6 628
6 11 672
11 6 672
6 17 584
17 6 584
6 32 616
32 6 616
6 30 109
30 6 109
7 8 291
8 7 291
7 12 624
12 7 624
7 22 305
22 7 305
7 30 196
30 7 196
7 14 58
14 7 58
7 29 871
29 7 871
7 30 671
30 7 671
7 24 71
24 7 71
7 30 533
30 7 533
7 23 112
23 7 112
7 20 533
20 7 533
7 10 47
10 7 47
7 26 695
26 7 695
7 25 924
25 7 924
7 15 135
15 7 135
7 14 656
14 7 656
8 20 623
20 8 623
8 32 881
32 8 881
8 21 60
21 8 60
8 29 866
29 8 866
8 18 409
18 8 409
8 13 875
13 8 875
8 10 370
10 8 370
8 14 203
14 8 203
8 12 821
12 8 821
8 10 563
10 8 563
8 31 571
31 8 571
8 9 881
9 8 881
8 14 495
14 8 495
8 14 563
14 8 563
9 10 933
10 9 933
9 14 221
14 9 221
9 19 315
19 9 315
9 17 617
17 9 617
9 29 269
29 9 269
9 19 43
19 9 43
9 23 738
23 9 738
9 34 741
34 9 741
9 10 232
10 9 232
9 14 610
14 9 610
9 10 147
10 9 147
9 13 898
13 9 898
9 12 943
12 9 943
9 24 166
24 9 166
9 29 326
29 9 326
9 26 688
26 9 688
9 17 777
17 9 777
9 30 311
30 9 311
9 14 353
14 9 353
9 29 224
29 9 224
9 21 160
21 9 160
9 26 864
26 9 864
10 17 679
17 10 679
10 18 253
18 10 253
10 34 859
34 10 859
10 12 745
12 10 745
10 18 467
18 10 467
10 26 570
26 10 570
10 24 256
24 10 256
10 28 693
28 10 693
10 17 723
17 10 723
10 22 80
22 10 80
10 21 937
21 10 937
10 13 691
13 10 691
11 33 694
33 11 694
11 23 747
23 11 747
11 17 101
17 11 101
11 19 421
19 11 421
11 14 678
14 11 678
11 25 488
25 11 488
11 32 804
32 11 804
11 21 360
21 11 360
11 29 850
29 11 850
11 15 967
15 11 967
11 29 404
29 11 404
11 31 820
31 11 820
12 15 290
15 12 290
12 16 842
16 12 842
12 13 40
13 12 40
12 34 143
34 12 143
12 20 883
20 12 883
12 24 841
24 12 841
12 29 375
29 12 375
12 13 824
13 12 824
12 28 647
28 12 647
12 24 604
24 12 604
12 14 910
14 12 910
12 15 850
15 12 850
12 30 561
30 12 561
12 16 609
16 12 609
12 22 221
22 12 221
12 16 761
16 12 761
12 19 910
19 12 910
12 34 172
34 12 172
12 29 78
29 12 78
12 25 909
25 12 909
12 15 387
15 12 387
13 20 551
20 13 551
13 26 592
26 13 592
13 19 962
19 13 962
13 29 394
29 13 394
13 18 238
18 13 238
13 17 744
17 13 744
13 31 419
31 13 419
13 26 350
26 13 350
13 15 586
15 13 586
13 25 553
25 13 553
13 24 85
24 13 85
14 32 830
32 14 830
14 25 64
25 14 64
14 31 322
31 14 322
14 25 408
25 14 408
14 20 495
20 14 495
14 19 186
19 14 186
14 27 762
27 14 762
14 19 393
19 14 393
14 26 361
26 14 361
14 32 321
32 14 321
14 32 35
32 14 35
14 27 498
27 14 498
14 24 383
24 14 383
14 18 807
18 14 807
14 25 24
25 14 24
14 18 819
18 14 819
14 19 674
19 14 674
14 26 176
26 14 176
15 16 815
16 15 815
15 30 913
30 15 913
15 19 880
19 15 880
15 19 150
19 15 150
15 20 13
20 15 13
15 16 484
16 15 484
15 19 953
19 15 953
15 23 702
23 15 702
15 28 30
28 15 30
15 18 51
18 15 51
15 18 995
18 15 995
15 28 741
28 15 741
15 24 753
24 15 753
15 34 104
34 15 104
15 25 414
25 15 414
15 23 151
23 15 151
15 27 510
27 15 510
16 32 209
32 16 209
16 21 713
21 16 713
16 28 536
28 16 536
16 34 381
34 16 381
16 30 551
30 16 551
16 23 811
23 16 811
16 20 259
20 16 259
16 26 997
26 16 997
16 31 563
31 16 563
17 17 998
17 17 998
17 30 227
30 17 227
17 21 932
21 17 932
17 25 952
25 17 952
17 29 437
29 17 437
18 24 262
24 18 262
18 21 515
21 18 515
18 20 826
20 18 826
18 30 816
30 18 816
18 22 119
22 18 119
18 19 27
19 18 27
18 26 271
26 18 271
18 25 146
25 18 146
18 24 202
24 18 202
18 21 979
21 18 979
18 32 892
32 18 892
19 28 379
28 19 379
19 32 357
32 19 357
19 26 75
26 19 75
19 20 870
20 19 870
19 25 377
25 19 377
19 21 338
21 19 338
19 31 368
31 19 368
19 24 342
24 19 342
19 22 62
22 19 62
19 19 224
19 19 224
19 31 81
31 19 81
19 32 204
32 19 204
19 25 272
25 19 272
19 23 132
23 19 132
19 24 657
24 19 657
20 21 177
21 20 177
20 26 361
26 20 361
20 27 855
27 20 855
20 33 738
33 20 738
20 24 627
24 20 627
20 22 871
22 20 871
20 26 145
26 20 145
20 26 5
26 20 5
20 27 909
27 20 909
21 26 981
26 21 981
21 27 418
27 21 418
21 31 437
31 21 437
22 24 885
24 22 885
22 25 250
25 22 250
22 33 474
33 22 474
22 31 681
31 22 681
22 31 944
31 22 944
22 29 175
29 22 175
22 26 154
26 22 154
22 24 166
24 22 166
22 25 814
25 22 814
22 32 855
32 22 855
22 27 355
27 22 355
22 23 911
23 22 911
22 29 139
29 22 139
22 30 619
30 22 619
23 32 469
32 23 469
23 24 713
24 23 713
23 27 634
27 23 634
23 24 272
24 23 272
23 33 109
33 23 109
23 24 356
24 23 356
24 32 421
32 24 421
24 32 84
32 24 84
24 34 576
34 24 576
24 29 651
29 24 651
24 27 374
27 24 374
24 32 639
32 24 639
24 24 140
24 24 140
25 27 575
27 25 575
25 29 987
29 25 987
25 31 669
31 25 669
25 26 601
26 25 601
25 26 485
26 25 485
26 29 400
29 26 400
26 27 164
27 26 164
26 30 69
30 26 69
27 31 431
31 27 431
27 31 782
31 27 782
27 28 724
28 27 724
27 27 754
27 27 754
27 30 422
30 27 422
27 29 528
29 27 528
27 34 148
34 27 148
27 30 400
30 27 400
28 32 591
32 28 591
28 32 897
32 28 897
28 32 975
32 28 975
29 32 585
32 29 585
29 31 23
31 29 23
30 34 570
34 30 570
30 34 826
34 30 826
31 32 918
32 31 918
32 34 781
34 32 781
32 34 403
34 32 403
