25

0 1 228
1 0 228
0 2 670
2 0 670
0 3 516
3 0 516
0 12 459
12 0 459
0 4 865
4 0 865
0 8 102
8 0 102
0 24 102
24 0 102
0 20 501
20 0 501
0 16 831
16 0 831
0 21 626
21 0 626
0 6 291
6 0 291
0 16 736
16 0 736
0 9 709
9 0 709
0 2 431
2 0 431
0 22 487
22 0 487
0 3 137
3 0 137
0 3 948
3 0 948
0 9 105
9 0 105
0 11 617
11 0 617
0 18 448
18 0 448
0 14 734
14 0 734
0 21 478
21 0 478
0 18 846
18 0 846
0 7 809
7 0 809
0 16 469
16 0 469
0 16 491
16 0 491
0 19 763
19 0 763
0 22 871
22 0 871
1 11 692
11 1 692
1 12 798
12 1 798
1 6 257
6 1 257
1 14 405
14 1 405
1 3 959
3 1 959
1 16 542
16 1 542
1 23 945
23 1 945
1 13 209
13 1 209
1 15 54
15 1 54
1 9 757
9 1 757
1 5 461
5 1 461
1 4 441
4 1 441
1 23 972
23 1 972
1 5 146
5 1 146
2 4 154
4 2 154
2 23 395
23 2 395
2 20 702
20 2 702
2 10 811
10 2 811
2 10 370
10 2 370
2 8 682
8 2 682
2 15 25
15 2 25
2 8 250
8 2 250
2 23 62
23 2 62
2 17 231
17 2 231
2 18 597
18 2 597
2 18 603
18 2 603
2 20 724
20 2 724
2 18 179
18 2 179
2 8 491
8 2 491
3 6 150
6 3 150
3 10 428
10 3 428
3 14 818
14 3 818
3 14 820
14 3 820
3 5 256
5 3 256
3 8 258
8 3 258
3 13 150
13 3 150
3 22 342
22 3 342
3 8 267
8 3 267
3 13 202
13 3 202
3 14 831
14 3 831
3 23 65
23 3 65
3 14 822
14 3 822
3 18 684
18 3 684
3 8 608
8 3 608
3 19 1
19 3 1
3 4 525
4 3 525
3 24 821
24 3 821
3 12 740
12 3 740
3 4 364
4 3 364
3 11 770
11 3 770
3 4 236
4 3 236
3 15 436
15 3 436
3 21 788
21 3 788
4 5 584
5 4 584
4 9 888
9 4 888
4 18 13
18 4 13
4 20 382
20 4 382
4 16 915
16 4 915
4 13 454
13 4 454
4 22 545
22 4 545
4 7 678
7 4 678
4 7 163
7 4 163
4 22 933
22 4 933
4 11 260
11 4 260
4 11 450
11 4 450
4 24 603
24 4 603
4 8 914
8 4 914
4 21 747
21 4 747
4 12 759
12 4 759
4 8 134
8 4 134
4 21 467
21 4 467
4 23 702
23 4 702
4 12 102
12 4 102
5 17 371
17 5 371
5 10 15
10 5 15
5 19 86
19 5 86
5 15 249
15 5 249
5 20 664
20 5 664
5 15 9
15 5 9
5 19 879
19 5 879
5 23 794
23 5 794
5 11 243
11 5 243
5 17 13
17 5 13
5 15 832
15 5 832
5 20 427
20 5 427
5 22 324
22 5 324
5 21 820
21 5 820
5 13 945
13 5 945
5 18 17
18 5 17
5 6 118
6 5 118
5 11 132
11 5 132
5 12 206
12 5 206
5 10 581
10 5 581
6 7 340
7 6 340
6 16 138
16 6 138
6 24 307
24 6 307
6 10 215
10 6 215
6 9 810
9 6 810
6 22 477
22 6 477
6 17 666
17 6 666
6 23 137
23 6 137
6 7 942
7 6 942
6 9 967
9 6 967
6 12 572
12 6 572
6 6 936
6 6 936
6 20 344
20 6 344
6 8 586
8 6 586
7 8 537
8 7 537
7 13 483
13 7 483
7 15 854
15 7 854
7 22 938
22 7 938
7 12 334
12 7 334
7 8 799
8 7 799
7 14 761
14 7 761
7 21 703
21 7 703
7 13 540
13 7 540
7 15 474
15 7 474
7 23 736
23 7 736
7 23 944
23 7 944
8 14 783
14 8 783
8 24 152
24 8 152
8 9 753
9 8 753
8 15 218
15 8 218
8 11 215
11 8 215
8 22 620
22 8 620
8 16 154
16 8 154
8 13 570
13 8 570
8 16 264
16 8 264
8 18 272
18 8 272
8 11 297
11 8 297
8 11 189
11 8 189
8 19 878
19 8 878
8 21 985
21 8 985
8 15 78
15 8 78
9 24 368
24 9 368
9 21 572
21 9 572
9 20 333
20 9 333
9 24 500
24 9 500
9 17 237
17 9 237
9 13 371
13 9 371
9 17 646
17 9 646
9 16 125
16 9 125
9 19 142
19 9 142
9 14 130
14 9 130
9 21 741
21 9 741
9 21 368
21 9 368
10 24 323
24 10 323
10 16 830
16 10 830
10 24 146
24 10 146
10 19 991
19 10 991
10 15 509
15 10 509
10 21 633
21 10 633
10 22 935
22 10 935
10 20 407
20 10 407
10 23 996
23 10 996
10 12 584
12 10 584
11 21 263
21 11 263
11 19 376
19 11 376
11 24 869
24 11 869
11 23 807
23 11 807
11 14 910
14 11 910
11 12 657
12 11 657
11 21 384
21 11 384
11 14 643
14 11 643
11 12 714
12 11 714
11 24 471
24 11 471
11 24 362
24 11 362
11 12 684
12 11 684
11 17 938
17 11 938
11 13 607
13 11 607
11 12 533
12 11 533
11 23 822
23 11 822
11 12 948
12 11 948
12 13 642
13 12 642
12 23 159
23 12 159
12 14 799
14 12 799
12 12 865
12 12 865
12 23 449
23 12 449
12 20 710
20 12 710
12 23 554
23 12 554
12 21 305
21 12 305
12 15 450
15 12 450
12 15 229
15 12 229
13 19 500
19 13 500
13 24 621
24 13 621
13 23 562
23 13 562
13 16 235
16 13 235
13 18 426
18 13 426
13 24 968
24 13 968
13 15 488
15 13 488
13 24 431
24 13 431
13 19 498
19 13 498
13 22 626
22 13 626
14 15 838
15 14 838
14 19 579
19 14 579
14 15 605
15 14 605
14 20 810
20 14 810
14 18 275
18 14 275
14 14 840
14 14 840
14 17 247
17 14 247
14 22 39
22 14 39
14 19 482
19 14 482
14 24 250
24 14 250
14 18 307
18 14 307
15 20 435
20 15 435
15 20 617
20 15 617
15 19 554
19 15 554
15 21 17
21 15 17
15 17 837
17 15 837
15 20 293
20 15 293
15 18 53
18 15 53
16 16 393
16 16 393
16 17 467
17 16 467
16 16 419
16 16 419
16 18 460
18 16 460
16 17 869
17 16 869
16 19 645
19 16 645
16 22 81
22 16 81
17 20 979
20 17 979
17 24 517
24 17 517
17 23 826
23 17 826
17 24 780
24 17 780
18 21 212
21 18 212
18 20 390
20 18 390
18 24 929
24 18 929
18 20 489
20 18 489
18 23 515
23 18 515
18 23 271
23 18 271
18 19 879
19 18 879
18 21 162
21 18 162
19 22 518
22 19 518
19 24 647
24 19 647
19 23 486
23 19 486
19 21 137
21 19 137
19 23 621
23 19 621
20 21 215
21 20 215
21 21 125
21 21 125
22 24 568
24 22 568
22 22 984
22 22 984
