31

0 1 985
1 0 985
0 2 170
2 0 170
0 3 38
3 0 38
0 10 935
10 0 935
0 13 798
13 0 798
0 26 239
26 0 239
0 12 599
12 0 599
0 30 2
30 0 2
0 25 71
25 0 71
0 19 94
19 0 94
0 3 188
3 0 188
1 15 648
15 1 648
1 19 440
19 1 440
1 5 212
5 1 212
1 24 642
24 1 642
1 12 631
12 1 631
1 29 815
29 1 815
1 2 137
2 1 137
1 14 383
14 1 383
1 18 899
18 1 899
1 23 32
23 1 32
1 28 877
28 1 877
2 4 704
4 2 704
2 6 226
6 2 226
2 16 763
16 2 763
2 6 412
6 2 412
2 3 788
3 2 788
2 16 215
16 2 215
2 15 782
15 2 782
2 24 52
24 2 52
2 19 484
19 2 484
2 18 63
18 2 63
2 12 435
12 2 435
2 26 700
26 2 700
2 9 275
9 2 275
2 29 722
29 2 722
2 11 143
11 2 143
2 11 503
11 2 503
3 5 155
5 3 155
3 29 995
29 3 995
3 23 550
23 3 550
3 19 533
19 3 533
3 5 529
5 3 529
3 14 263
14 3 263
3 15 645
15 3 645
3 7 239
7 3 239
3 13 306
13 3 306
4 7 155
7 4 155
4 8 385
8 4 385
4 11 49
11 4 49
4 24 75
24 4 75
4 28 703
28 4 703
4 8 586
8 4 586
4 18 827
18 4 827
4 6 44
6 4 44
4 30 12
30 4 12
4 17 905
17 4 905
4 29 442
29 4 442
5 17 513
17 5 513
5 18 340
18 5 340
5 11 978
11 5 978
5 12 298
12 5 298
5 15 894
15 5 894
5 13 714
13 5 714
5 6 409
6 5 409
5 7 764
7 5 764
5 13 839
13 5 839
5 22 740
22 5 740
5 22 313
22 5 313
6 26 829
26 6 829
6 19 215
19 6 215
6 26 956
26 6 956
6 12 592
12 6 592
6 10 446
10 6 446
6 17 452
17 6 452
6 28 988
28 6 988
6 26 319
26 6 319
6 15 768
15 6 768
6 19 844
19 6 844
6 8 387
8 6 387
6 28 666
28 6 666
7 9 485
9 7 485
7 20 770
20 7 770
7 28 77
28 7 77
7 26 247
26 7 247
7 15 309
15 7 309
7 20 54
20 7 54
7 13 797
13 7 797
7 22 778
22 7 778
7 9 430
9 7 430
7 21 947
21 7 947
7 19 291
19 7 291
7 15 120
15 7 120
7 25 852
25 7 852
7 12 183
12 7 183
8 13 751
13 8 751
8 16 136
16 8 136
8 9 759
9 8 759
8 29 572
29 8 572
8 12 853
12 8 853
8 8 167
8 8 167
8 29 225
29 8 225
8 9 360
9 8 360
8 13 631
13 8 631
8 30 450
30 8 450
8 28 241
28 8 241
8 14 354
14 8 354
8 22 233
22 8 233
8 10 337
10 8 337
8 28 150
28 8 150
8 9 901
9 8 901
9 18 431
18 9 431
9 10 160
10 9 160
9 13 844
13 9 844
9 24 297
24 9 297
9 19 110
19 9 110
9 24 76
24 9 76
10 12 121
12 10 121
10 14 562
14 10 562
10 16 203
16 10 203
10 23 941
23 10 941
10 22 219
22 10 219
10 12 818
12 10 818
10 15 365
15 10 365
10 22 881
22 10 881
10 20 891
20 10 891
10 29 798
29 10 798
11 29 963
29 11 963
11 22 525
22 11 525
11 13 488
13 11 488
11 12 821
12 11 821
11 19 71
19 11 71
11 21 41
21 11 41
11 20 315
20 11 315
11 27 655
27 11 655
12 23 614
23 12 614
12 24 493
24 12 493
12 30 543
30 12 543
12 23 464
23 12 464
12 22 967
22 12 967
12 26 47
26 12 47
12 19 38
19 12 38
12 17 30
17 12 30
13 19 785
19 13 785
13 29 984
29 13 984
13 14 631
14 13 631
13 19 8
19 13 8
13 15 385
15 13 385
13 27 616
27 13 616
13 24 370
24 13 370
13 25 122
25 13 122
14 29 7
29 14 7
14 17 249
17 14 249
14 24 276
24 14 276
14 27 261
27 14 261
14 26 260
26 14 260
14 21 818
21 14 818
14 14 846
14 14 846
14 23 242
23 14 242
15 21 3
21 15 3
15 28 639
28 15 639
15 27 512
27 15 512
15 17 54
17 15 54
15 27 458
27 15 458
15 27 331
27 15 331
16 27 889
27 16 889
16 17 31
17 16 31
16 18 237
18 16 237
16 16 366
16 16 366
17 25 377
25 17 377
17 29 132
29 17 132
17 26 883
26 17 883
17 19 768
19 17 768
17 18 204
18 17 204
17 27 12
27 17 12
18 22 767
22 18 767
18 20 669
20 18 669
18 25 54
25 18 54
18 26 123
26 18 123
18 21 10
21 18 10
19 29 670
29 19 670
19 22 141
22 19 141
19 21 463
21 19 463
19 29 481
29 19 481
19 27 93
27 19 93
19 28 220
28 19 220
20 27 115
27 20 115
20 21 531
21 20 531
21 24 497
24 21 497
21 30 321
30 21 321
21 28 908
28 21 908
22 22 173
22 22 173
22 25 566
25 22 566
22 30 807
30 22 807
23 28 195
28 23 195
23 30 866
30 23 866
23 27 315
27 23 315
24 29 756
29 24 756
24 26 749
26 24 749
25 26 733
26 25 733
26 30 821
30 26 821
26 30 736
30 26 736
26 30 949
30 26 949
28 30 379
30 28 379
