38

0 1 767
1 0 767
0 3 818
3 0 818
0 14 795
14 0 795
0 11 371
11 0 371
0 21 939
21 0 939
0 26 79
26 0 79
0 25 313
25 0 313
0 23 570
23 0 570
0 27 870
27 0 870
0 19 308
19 0 308
0 37 875
37 0 875
0 9 761
9 0 761
0 34 868
34 0 868
0 3 727
3 0 727
0 31 676
31 0 676
0 10 540
10 0 540
0 3 425
3 0 425
0 20 936
20 0 936
0 28 107
28 0 107
0 27 564
27 0 564
0 33 879
33 0 879
0 9 620
9 0 620
0 27 595
27 0 595
0 37 844
37 0 844
0 15 547
15 0 547
0 37 950
37 0 950
0 16 646
16 0 646
0 5 80
5 0 80
0 11 19
11 0 19
1 2 726
2 1 726
1 4 777
4 1 777
1 7 198
7 1 198
1 8 562
8 1 562
1 10 367
10 1 367
1 24 842
24 1 842
1 35 364
35 1 364
1 34 83
34 1 83
1 19 263
19 1 263
1 34 466
34 1 466
1 19 531
19 1 531
1 36 301
36 1 301
1 32 47
32 1 47
1 4 731
4 1 731
1 3 773
3 1 773
1 3 285
3 1 285
1 16 64
16 1 64
1 24 333
24 1 333
1 28 296
28 1 296
1 33 791
33 1 791
1 7 584
7 1 584
1 15 515
15 1 515
1 22 284
22 1 284
1 20 694
20 1 694
1 10 470
10 1 470
1 30 580
30 1 580
1 19 108
19 1 108
1 4 280
4 1 280
1 18 19
18 1 19
1 12 794
12 1 794
1 24 909
24 1 909
1 34 971
34 1 971
1 23 247
23 1 247
2 15 682
15 2 682
2 14 749
14 2 749
2 15 177
15 2 177
2 11 120
11 2 120
2 33 79
33 2 79
2 2 179
2 2 179
2 5 61
5 2 61
2 15 172
15 2 172
2 5 688
5 2 688
2 17 638
17 2 638
2 11 624
11 2 624
2 3 666
3 2 666
2 6 52
6 2 52
2 32 23
32 2 23
2 2 469
2 2 469
2 18 305
18 2 305
2 34 657
34 2 657
2 6 780
6 2 780
2 30 25
30 2 25
3 12 645
12 3 645
3 29 627
29 3 627
3 28 47
28 3 47
3 29 774
29 3 774
3 21 439
21 3 439
3 19 123
19 3 123
3 4 563
4 3 563
3 6 105
6 3 105
3 20 551
20 3 551
3 35 434
35 3 434
3 8 722
8 3 722
3 25 110
25 3 110
3 17 983
17 3 983
3 9 261
9 3 261
3 3 488
3 3 488
3 19 633
19 3 633
3 16 674
16 3 674
3 9 854
9 3 854
3 35 673
35 3 673
3 14 643
14 3 643
3 37 106
37 3 106
3 34 883
34 3 883
3 8 211
8 3 211
3 25 404
25 3 404
3 35 252
35 3 252
3 23 186
23 3 186
3 17 234
17 3 234
3 7 731
7 3 731
3 6 749
6 3 749
3 22 944
22 3 944
3 12 352
12 3 352
3 8 888
8 3 888
4 5 33
5 4 33
4 6 595
6 4 595
4 14 496
14 4 496
4 34 970
34 4 970
4 26 306
26 4 306
4 20 486
20 4 486
4 19 666
19 4 666
4 17 118
17 4 118
4 11 113
11 4 113
4 31 856
31 4 856
4 15 678
15 4 678
4 34 564
34 4 564
4 8 465
8 4 465
4 33 20
33 4 20
4 16 964
16 4 964
4 20 857
20 4 857
4 9 628
9 4 628
4 4 573
4 4 573
4 27 805
27 4 805
4 9 426
9 4 426
4 8 276
8 4 276
4 23 23
23 4 23
4 33 673
33 4 673
5 13 399
13 5 399
5 35 604
35 5 604
5 29 135
29 5 135
5 25 337
25 5 337
5 18 508
18 5 508
5 32 256
32 5 256
5 34 853
34 5 853
5 23 626
23 5 626
5 31 934
31 5 934
5 17 122
17 5 122
5 16 956
16 5 956
5 7 309
7 5 309
5 29 919
29 5 919
5 14 733
14 5 733
5 10 19
10 5 19
5 35 744
35 5 744
5 6 302
6 5 302
5 23 931
23 5 931
5 23 358
23 5 358
5 20 507
20 5 507
5 9 183
9 5 183
6 11 763
11 6 763
6 20 163
20 6 163
6 7 67
7 6 67
6 31 598
31 6 598
6 10 579
10 6 579
6 23 429
23 6 429
6 13 932
13 6 932
6 7 790
7 6 790
6 30 370
30 6 370
6 23 348
23 6 348
6 10 639
10 6 639
6 24 642
24 6 642
6 7 833
7 6 833
6 34 801
34 6 801
6 20 359
20 6 359
6 9 433
9 6 433
6 18 292
18 6 292
6 9 521
9 6 521
6 26 197
26 6 197
7 31 139
31 7 139
7 25 281
25 7 281
7 35 210
35 7 210
7 24 213
24 7 213
7 10 553
10 7 553
7 16 776
16 7 776
7 13 727
13 7 727
7 21 598
21 7 598
7 28 797
28 7 797
7 15 325
15 7 325
7 17 293
17 7 293
7 32 778
32 7 778
7 10 832
10 7 832
7 7 390
7 7 390
7 28 405
28 7 405
7 12 274
12 7 274
7 27 611
27 7 611
7 35 387
35 7 387
7 7 711
7 7 711
7 21 685
21 7 685
7 21 792
21 7 792
7 13 338
13 7 338
7 16 688
16 7 688
7 34 232
34 7 232
7 11 812
11 7 812
8 9 464
9 8 464
8 34 584
34 8 584
8 16 445
16 8 445
8 18 9
18 8 9
8 28 249
28 8 249
8 30 340
30 8 340
8 26 118
26 8 118
8 21 146
21 8 146
8 27 485
27 8 485
8 22 905
22 8 905
8 13 895
13 8 895
8 20 976
20 8 976
8 21 531
21 8 531
9 18 130
18 9 130
9 24 77
24 9 77
9 13 368
13 9 368
9 32 967
32 9 967
9 30 525
30 9 525
9 33 534
33 9 534
9 37 540
37 9 540
9 31 810
31 9 810
9 21 432
21 9 432
9 16 943
16 9 943
9 32 322
32 9 322
9 25 186
25 9 186
9 30 66
30 9 66
9 37 497
37 9 497
9 37 937
37 9 937
9 18 995
18 9 995
9 24 603
24 9 603
9 10 393
10 9 393
10 19 142
19 10 142
10 21 818
21 10 818
10 19 301
19 10 301
10 30 313
30 10 313
10 28 205
28 10 205
10 15 568
15 10 568
10 10 961
10 10 961
10 21 83
21 10 83
10 23 127
23 10 127
10 34 247
34 10 247
10 31 780
31 10 780
10 24 898
24 10 898
10 17 521
17 10 521
10 15 441
15 10 441
10 12 171
12 10 171
10 24 866
24 10 866
10 33 459
33 10 459
10 12 44
12 10 44
10 27 939
27 10 939
10 29 75
29 10 75
10 21 855
21 10 855
11 17 534
17 11 534
11 20 701
20 11 701
11 23 836
23 11 836
11 26 323
26 11 323
11 23 180
23 11 180
11 27 714
27 11 714
11 14 527
14 11 527
11 23 37
23 11 37
11 27 70
27 11 70
11 33 600
33 11 600
11 30 152
30 11 152
11 35 402
35 11 402
11 18 861
18 11 861
11 12 997
12 11 997
11 26 978
26 11 978
11 14 940
14 11 940
12 25 882
25 12 882
12 18 532
18 12 532
12 37 756
37 12 756
12 14 645
14 12 645
12 21 779
21 12 779
12 24 731
24 12 731
12 31 142
31 12 142
12 32 338
32 12 338
12 16 426
16 12 426
12 16 31
16 12 31
12 26 757
26 12 757
13 28 40
28 13 40
13 33 978
33 13 978
13 16 35
16 13 35
13 18 324
18 13 324
13 16 42
16 13 42
13 36 610
36 13 610
13 34 177
34 13 177
13 18 959
18 13 959
13 14 388
14 13 388
13 20 787
20 13 787
13 33 872
33 13 872
14 16 700
16 14 700
14 24 885
24 14 885
14 21 639
21 14 639
14 27 860
27 14 860
14 20 284
20 14 284
14 18 582
18 14 582
14 18 287
18 14 287
14 15 682
15 14 682
14 32 605
32 14 605
14 24 128
24 14 128
14 18 70
18 14 70
14 31 305
31 14 305
14 37 779
37 14 779
14 33 999
33 14 999
15 21 482
21 15 482
15 23 721
23 15 721
15 22 411
22 15 411
15 20 387
20 15 387
15 33 396
33 15 396
15 27 309
27 15 309
15 25 593
25 15 593
15 17 869
17 15 869
15 33 971
33 15 971
15 33 181
33 15 181
15 22 280
22 15 280
15 15 709
15 15 709
16 22 581
22 16 581
16 23 816
23 16 816
16 26 423
26 16 423
16 23 24
23 16 24
16 17 182
17 16 182
16 32 580
32 16 580
16 31 885
31 16 885
16 25 361
25 16 361
16 30 796
30 16 796
16 36 129
36 16 129
16 27 587
27 16 587
16 31 8
31 16 8
16 32 751
32 16 751
16 31 930
31 16 930
16 24 584
24 16 584
17 28 472
28 17 472
17 25 692
25 17 692
17 22 410
22 17 410
17 18 164
18 17 164
17 18 433
18 17 433
17 24 890
24 17 890
17 32 598
32 17 598
17 29 181
29 17 181
17 29 433
29 17 433
17 18 574
18 17 574
17 34 460
34 17 460
17 19 22
19 17 22
17 32 806
32 17 806
17 18 932
18 17 932
17 29 131
29 17 131
17 36 724
36 17 724
17 37 965
37 17 965
17 24 225
24 17 225
17 30 393
30 17 393
17 33 953
33 17 953
17 29 482
29 17 482
17 26 373
26 17 373
18 37 281
37 18 281
18 18 751
18 18 751
18 20 461
20 18 461
18 19 730
19 18 730
18 29 872
29 18 872
18 37 112
37 18 112
18 21 60
21 18 60
18 36 712
36 18 712
18 19 509
19 18 509
18 22 308
22 18 308
18 23 351
23 18 351
18 29 586
29 18 586
18 22 357
22 18 357
18 26 133
26 18 133
18 26 182
26 18 182
18 28 761
28 18 761
18 29 733
29 18 733
18 33 674
33 18 674
18 24 941
24 18 941
19 27 85
27 19 85
19 32 111
32 19 111
19 30 741
30 19 741
19 20 152
20 19 152
19 28 63
28 19 63
19 37 359
37 19 359
19 37 931
37 19 931
19 20 68
20 19 68
19 19 63
19 19 63
19 21 822
21 19 822
19 35 757
35 19 757
19 22 705
22 19 705
19 33 256
33 19 256
20 33 341
33 20 341
20 32 912
32 20 912
20 34 53
34 20 53
20 32 226
32 20 226
20 23 632
23 20 632
20 27 891
27 20 891
20 37 43
37 20 43
20 31 478
31 20 478
20 26 653
26 20 653
20 28 922
28 20 922
20 22 15
22 20 15
20 34 959
34 20 959
21 22 419
22 21 419
21 24 165
24 21 165
21 27 942
27 21 942
21 32 667
32 21 667
21 33 485
33 21 485
21 26 351
26 21 351
22 32 287
32 22 287
22 34 382
34 22 382
22 24 833
24 22 833
22 33 708
33 22 708
22 37 737
37 22 737
22 34 823
34 22 823
23 34 652
34 23 652
23 32 416
32 23 416
23 25 79
25 23 79
23 28 152
28 23 152
23 28 5
28 23 5
23 33 256
33 23 256
23 29 384
29 23 384
23 32 294
32 23 294
23 30 287
30 23 287
23 36 281
36 23 281
23 29 603
29 23 603
23 24 369
24 23 369
23 31 690
31 23 690
23 31 548
31 23 548
23 35 890
35 23 890
24 32 280
32 24 280
24 29 991
29 24 991
24 31 414
31 24 414
24 29 345
29 24 345
24 35 478
35 24 478
24 27 922
27 24 922
24 29 846
29 24 846
24 24 618
24 24 618
25 32 99
32 25 99
25 36 545
36 25 545
25 35 615
35 25 615
25 28 321
28 25 321
25 27 632
27 25 632
26 27 598
27 26 598
26 28 905
28 26 905
26 36 260
36 26 260
26 31 403
31 26 403
26 33 436
33 26 436
26 33 51
33 26 51
27 36 53
36 27 53
27 37 119
37 27 119
27 28 517
28 27 517
27 29 345
29 27 345
28 34 664
34 28 664
28 31 569
31 28 569
28 31 574
31 28 574
28 29 109
29 28 109
28 34 707
34 28 707
28 32 595
32 28 595
29 30 998
30 29 998
29 37 428
37 29 428
29 34 369
34 29 369
29 35 759
35 29 759
29 33 351
33 29 351
29 31 889
31 29 889
30 34 213
34 30 213
30 34 144
34 30 144
30 31 211
31 30 211
30 33 985
33 30 985
30 32 249
32 30 249
30 31 886
31 30 886
31 32 478
32 31 478
31 35 865
35 31 865
32 36 10
36 32 10
32 32 586
32 32 586
32 32 80
32 32 80
33 36 401
36 33 401
33 36 112
36 33 112
34 35 801
35 34 801
