19

0 1 367
1 0 367
0 18 967
18 0 967
0 11 76
11 0 76
0 6 959
6 0 959
0 16 25
16 0 25
0 13 886
13 0 886
0 1 804
1 0 804
0 8 19
8 0 19
0 11 208
11 0 208
0 11 537
11 0 537
0 3 363
3 0 363
0 16 688
16 0 688
0 10 548
10 0 548
0 12 865
12 0 865
0 2 893
2 0 893
1 2 150
2 1 150
1 3 697
3 1 697
1 6 850
6 1 850
1 7 431
7 1 431
1 17 3
17 1 3
1 1 359
1 1 359
1 18 842
18 1 842
1 9 494
9 1 494
1 8 267
8 1 267
1 7 256
7 1 256
1 16 968
16 1 968
1 12 21
12 1 21
1 10 221
10 1 221
1 4 285
4 1 285
1 1 456
1 1 456
1 6 864
6 1 864
1 1 238
1 1 238
1 17 3
17 1 3
1 10 807
10 1 807
1 11 994
11 1 994
1 8 161
8 1 161
1 16 593
16 1 593
1 2 412
2 1 412
1 4 269
4 1 269
2 18 283
18 2 283
2 18 875
18 2 875
2 7 658
7 2 658
2 16 88
16 2 88
2 5 675
5 2 675
2 9 154
9 2 154
2 11 504
11 2 504
2 17 488
17 2 488
2 13 549
13 2 549
2 14 556
14 2 556
2 4 476
4 2 476
2 7 515
7 2 515
3 4 998
4 3 998
3 5 930
5 3 930
3 10 385
10 3 385
3 8 472
8 3 472
3 14 15
14 3 15
3 15 347
15 3 347
3 7 42
7 3 42
3 15 54
15 3 54
3 9 337
9 3 337
4 9 225
9 4 225
4 14 19
14 4 19
4 8 788
8 4 788
4 12 705
12 4 705
4 16 34
16 4 34
4 18 146
18 4 146
4 6 182
6 4 182
4 18 454
18 4 454
4 15 208
15 4 208
4 5 174
5 4 174
4 4 567
4 4 567
4 14 335
14 4 335
4 17 886
17 4 886
4 18 543
18 4 543
4 9 700
9 4 700
4 10 341
10 4 341
4 14 16
14 4 16
4 17 318
17 4 318
5 11 820
11 5 820
5 8 661
8 5 661
5 13 558
13 5 558
5 15 558
15 5 558
5 10 650
10 5 650
5 7 851
7 5 851
5 10 608
10 5 608
5 18 468
18 5 468
5 9 277
9 5 277
6 11 119
11 6 119
6 13 630
13 6 630
6 11 698
11 6 698
6 7 272
7 6 272
6 7 875
7 6 875
6 7 133
7 6 133
6 14 537
14 6 537
6 10 721
10 6 721
6 15 503
15 6 503
6 7 16
7 6 16
6 9 569
9 6 569
7 8 270
8 7 270
7 17 529
17 7 529
7 13 895
13 7 895
7 13 217
13 7 217
7 15 496
15 7 496
7 7 796
7 7 796
7 10 730
10 7 730
7 7 293
7 7 293
7 10 485
10 7 485
7 10 324
10 7 324
7 15 383
15 7 383
8 12 464
12 8 464
8 16 826
16 8 826
8 9 904
9 8 904
8 11 164
11 8 164
8 17 119
17 8 119
8 13 329
13 8 329
8 8 132
8 8 132
9 16 309
16 9 309
9 14 26
14 9 26
9 18 861
18 9 861
9 11 781
11 9 781
9 9 138
9 9 138
9 17 613
17 9 613
9 11 882
11 9 882
9 13 864
13 9 864
10 16 847
16 10 847
10 17 910
17 10 910
10 13 655
13 10 655
10 14 662
14 10 662
10 18 279
18 10 279
10 13 562
13 10 562
10 15 720
15 10 720
10 12 64
12 10 64
10 15 804
15 10 804
10 17 932
17 10 932
11 12 661
12 11 661
11 13 385
13 11 385
11 16 290
16 11 290
11 13 900
13 11 900
11 16 937
16 11 937
11 13 280
13 11 280
11 13 989
13 11 989
11 17 165
17 11 165
12 13 517
13 12 517
12 13 480
13 12 480
12 13 350
13 12 350
13 15 661
15 13 661
13 15 486
15 13 486
13 14 674
14 13 674
13 18 715
18 13 715
13 14 999
14 13 999
13 15 343
15 13 343
13 18 677
18 13 677
13 15 774
15 13 774
13 13 838
13 13 838
14 16 815
16 14 815
14 14 864
14 14 864
14 18 829
18 14 829
14 15 664
15 14 664
15 15 798
15 15 798
15 15 798
15 15 798
15 15 869
15 15 869
16 17 853
17 16 853
16 18 554
18 16 554
16 17 613
17 16 613
17 18 601
18 17 601
17 17 565
17 17 565
17 17 89
17 17 89
17 18 943
18 17 943
18 18 589
18 18 589
