13

0 1 512
1 0 512
0 3 925
3 0 925
0 6 500
6 0 500
0 3 683
3 0 683
0 6 796
6 0 796
1 2 172
2 1 172
1 4 261
4 1 261
1 8 403
8 1 403
1 11 851
11 1 851
1 8 690
8 1 690
1 10 104
10 1 104
1 6 312
6 1 312
1 10 811
10 1 811
1 6 685
6 1 685
2 9 193
9 2 193
2 12 42
12 2 42
2 2 798
2 2 798
3 5 235
5 3 235
3 3 299
3 3 299
3 12 744
12 3 744
4 6 689
6 4 689
4 7 110
7 4 110
4 5 879
5 4 879
5 12 866
12 5 866
7 12 401
12 7 401
7 9 822
9 7 822
8 10 369
10 8 369
9 9 952
9 9 952
11 12 274
12 11 274
11 12 375
12 11 375
