12

0 1 516
1 0 516
0 2 929
2 0 929
0 11 944
11 0 944
0 2 355
2 0 355
0 10 86
10 0 86
1 3 171
3 1 171
1 9 139
9 1 139
2 8 440
8 2 440
3 4 415
4 3 415
3 5 947
5 3 947
3 9 77
9 3 77
3 10 769
10 3 769
3 8 195
8 3 195
3 8 463
8 3 463
3 6 53
6 3 53
3 4 115
4 3 115
4 7 903
7 4 903
4 8 871
8 4 871
4 4 680
4 4 680
4 11 142
11 4 142
4 7 399
7 4 399
4 5 566
5 4 566
4 10 854
10 4 854
4 6 200
6 4 200
5 6 216
6 5 216
5 9 474
9 5 474
6 6 750
6 6 750
7 7 417
7 7 417
9 11 175
11 9 175
9 11 633
11 9 633
10 11 680
11 10 680
