20

0 1 655
1 0 655
0 3 695
3 0 695
0 4 40
4 0 40
0 11 926
11 0 926
0 13 547
13 0 547
0 3 712
3 0 712
0 1 335
1 0 335
0 2 73
2 0 73
0 14 647
14 0 647
0 9 91
9 0 91
0 3 450
3 0 450
0 12 402
12 0 402
0 12 15
12 0 15
0 4 248
4 0 248
0 6 219
6 0 219
0 10 558
10 0 558
0 5 214
5 0 214
0 15 817
15 0 817
0 5 661
5 0 661
0 7 238
7 0 238
0 4 510
4 0 510
0 0 829
0 0 829
0 11 691
11 0 691
1 2 790
2 1 790
1 3 395
3 1 395
1 16 535
16 1 535
1 13 117
13 1 117
1 15 352
15 1 352
1 12 48
12 1 48
1 18 973
18 1 973
1 17 973
17 1 973
1 3 713
3 1 713
1 17 784
17 1 784
1 13 723
13 1 723
1 9 927
9 1 927
1 17 270
17 1 270
1 12 16
12 1 16
1 9 689
9 1 689
1 10 191
10 1 191
1 9 899
9 1 899
1 4 79
4 1 79
2 5 534
5 2 534
2 14 284
14 2 284
2 19 675
19 2 675
2 10 963
10 2 963
2 6 933
6 2 933
2 10 738
10 2 738
2 10 425
10 2 425
2 13 185
13 2 185
2 8 163
8 2 163
3 18 241
18 3 241
3 7 683
7 3 683
3 11 773
11 3 773
3 4 496
4 3 496
3 5 401
5 3 401
3 19 805
19 3 805
3 6 814
6 3 814
3 16 634
16 3 634
3 17 302
17 3 302
3 8 214
8 3 214
3 5 842
5 3 842
3 5 845
5 3 845
3 7 818
7 3 818
3 18 901
18 3 901
4 6 31
6 4 31
4 19 279
19 4 279
4 10 979
10 4 979
4 14 854
14 4 854
4 13 536
13 4 536
4 7 640
7 4 640
4 13 523
13 4 523
4 8 979
8 4 979
4 5 224
5 4 224
4 5 746
5 4 746
4 8 348
8 4 348
4 14 942
14 4 942
4 9 224
9 4 224
4 5 769
5 4 769
4 14 302
14 4 302
5 9 834
9 5 834
5 12 489
12 5 489
5 17 462
17 5 462
5 12 618
12 5 618
5 11 34
11 5 34
5 9 872
9 5 872
5 15 433
15 5 433
5 19 485
19 5 485
5 6 974
6 5 974
5 19 880
19 5 880
5 6 877
6 5 877
6 7 629
7 6 629
6 8 911
8 6 911
6 19 982
19 6 982
6 10 819
10 6 819
6 7 280
7 6 280
6 15 499
15 6 499
6 12 455
12 6 455
6 10 19
10 6 19
6 12 243
12 6 243
6 14 41
14 6 41
6 16 418
16 6 418
6 12 980
12 6 980
6 14 850
14 6 850
6 17 113
17 6 113
6 17 862
17 6 862
6 10 886
10 6 886
6 8 629
8 6 629
6 14 876
14 6 876
6 10 877
10 6 877
7 13 822
13 7 822
7 18 635
18 7 635
7 17 298
17 7 298
7 8 846
8 7 846
7 8 712
8 7 712
7 15 76
15 7 76
7 17 41
17 7 41
8 14 394
14 8 394
8 17 888
17 8 888
8 12 540
12 8 540
8 18 139
18 8 139
8 11 129
11 8 129
8 17 79
17 8 79
8 9 377
9 8 377
8 10 180
10 8 180
8 14 227
14 8 227
8 13 210
13 8 210
9 10 519
10 9 519
9 16 302
16 9 302
9 18 561
18 9 561
9 13 400
13 9 400
9 14 871
14 9 871
9 13 538
13 9 538
9 15 13
15 9 13
10 13 211
13 10 211
10 19 413
19 10 413
10 17 559
17 10 559
10 11 900
11 10 900
10 16 850
16 10 850
10 19 998
19 10 998
10 17 772
17 10 772
10 16 85
16 10 85
10 11 955
11 10 955
11 19 774
19 11 774
11 14 320
14 11 320
11 18 292
18 11 292
11 17 29
17 11 29
11 14 557
14 11 557
11 18 962
18 11 962
11 19 499
19 11 499
11 14 258
14 11 258
12 15 704
15 12 704
12 12 342
12 12 342
12 15 966
15 12 966
13 18 250
18 13 250
13 17 161
17 13 161
13 19 760
19 13 760
13 18 545
18 13 545
13 15 67
15 13 67
13 14 693
14 13 693
13 17 911
17 13 911
13 16 378
16 13 378
14 16 474
16 14 474
14 18 749
18 14 749
14 18 290
18 14 290
14 16 605
16 14 605
14 15 583
15 14 583
14 16 258
16 14 258
14 17 297
17 14 297
14 15 277
15 14 277
14 17 789
17 14 789
15 16 317
16 15 317
15 19 196
19 15 196
15 19 981
19 15 981
15 16 640
16 15 640
15 15 472
15 15 472
15 19 200
19 15 200
16 17 79
17 16 79
16 17 803
17 16 803
