68

0 1 970
1 0 970
0 6 708
6 0 708
0 28 825
28 0 825
0 30 137
30 0 137
0 51 122
51 0 122
0 4 586
4 0 586
0 44 262
44 0 262
0 36 708
36 0 708
0 23 309
23 0 309
0 48 257
48 0 257
0 16 817
16 0 817
0 24 443
24 0 443
0 48 330
48 0 330
0 40 35
40 0 35
0 41 206
41 0 206
0 24 570
24 0 570
0 61 723
61 0 723
0 30 862
30 0 862
0 47 866
47 0 866
0 25 327
25 0 327
0 61 106
61 0 106
0 46 150
46 0 150
0 42 363
42 0 363
0 36 364
36 0 364
1 2 65
2 1 65
1 3 722
3 1 722
1 11 387
11 1 387
1 25 853
25 1 853
1 46 262
46 1 262
1 50 758
50 1 758
1 62 689
62 1 689
1 33 145
33 1 145
1 17 218
17 1 218
1 48 356
48 1 356
1 23 276
23 1 276
1 50 6
50 1 6
1 40 19
40 1 19
1 11 938
11 1 938
1 58 180
58 1 180
1 44 730
44 1 730
1 1 914
1 1 914
1 60 573
60 1 573
1 23 997
23 1 997
1 13 837
13 1 837
1 39 101
39 1 101
2 4 934
4 2 934
2 5 210
5 2 210
2 18 529
18 2 529
2 65 495
65 2 495
2 4 606
4 2 606
2 31 800
31 2 800
2 57 756
57 2 756
2 25 659
25 2 659
2 37 960
37 2 960
2 28 567
28 2 567
2 40 116
40 2 116
2 3 595
3 2 595
2 60 58
60 2 58
2 41 922
41 2 922
2 12 573
12 2 573
2 60 541
60 2 541
2 7 814
7 2 814
2 25 470
25 2 470
2 18 793
18 2 793
2 32 574
32 2 574
2 28 481
28 2 481
2 42 974
42 2 974
2 13 483
13 2 483
2 4 514
4 2 514
2 6 941
6 2 941
2 7 605
7 2 605
2 3 593
3 2 593
2 9 264
9 2 264
2 7 726
7 2 726
2 28 520
28 2 520
2 21 469
21 2 469
2 13 222
13 2 222
2 66 413
66 2 413
3 7 173
7 3 173
3 30 309
30 3 309
3 47 91
47 3 91
3 64 588
64 3 588
3 56 321
56 3 321
3 16 543
16 3 543
3 67 764
67 3 764
3 32 557
32 3 557
3 61 659
61 3 659
3 36 797
36 3 797
3 20 45
20 3 45
3 44 720
44 3 720
3 13 224
13 3 224
4 49 391
49 4 391
4 30 98
30 4 98
4 23 312
23 4 312
4 34 609
34 4 609
4 32 588
32 4 588
4 37 786
37 4 786
4 45 87
45 4 87
4 6 537
6 4 537
4 23 183
23 4 183
4 56 204
56 4 204
4 15 539
15 4 539
4 22 831
22 4 831
4 29 428
29 4 428
4 67 371
67 4 371
4 33 392
33 4 392
4 27 611
27 4 611
4 46 796
46 4 796
4 19 520
19 4 520
4 15 255
15 4 255
4 58 170
58 4 170
4 26 511
26 4 511
4 37 456
37 4 456
4 10 235
10 4 235
4 25 63
25 4 63
4 51 602
51 4 602
4 25 165
25 4 165
4 10 338
10 4 338
4 40 875
40 4 875
4 20 120
20 4 120
4 65 74
65 4 74
5 8 285
8 5 285
5 31 226
31 5 226
5 22 996
22 5 996
5 43 786
43 5 786
5 61 831
61 5 831
5 16 736
16 5 736
5 10 290
10 5 290
5 28 112
28 5 112
5 28 961
28 5 961
5 10 48
10 5 48
5 37 617
37 5 617
5 30 186
30 5 186
5 8 933
8 5 933
5 15 624
15 5 624
5 20 187
20 5 187
5 40 613
40 5 613
5 37 578
37 5 578
5 11 411
11 5 411
6 9 791
9 6 791
6 16 766
16 6 766
6 47 844
47 6 844
6 60 214
60 6 214
6 34 728
34 6 728
6 51 902
51 6 902
6 36 731
36 6 731
6 45 752
45 6 752
6 35 640
35 6 640
6 30 527
30 6 527
6 41 766
41 6 766
6 36 908
36 6 908
6 43 508
43 6 508
6 21 531
21 6 531
6 18 257
18 6 257
6 56 957
56 6 957
6 43 336
43 6 336
6 43 382
43 6 382
6 60 67
60 6 67
6 34 465
34 6 465
6 14 66
14 6 66
6 56 358
56 6 358
6 22 100
22 6 100
6 11 128
11 6 128
6 23 673
23 6 673
6 28 124
28 6 124
6 43 141
43 6 141
7 10 705
10 7 705
7 12 484
12 7 484
7 13 219
13 7 219
7 20 742
20 7 742
7 15 745
15 7 745
7 50 625
50 7 625
7 60 505
60 7 505
7 46 848
46 7 848
7 41 147
41 7 147
7 52 264
52 7 264
7 22 44
22 7 44
7 56 726
56 7 726
7 52 299
52 7 299
7 12 863
12 7 863
7 31 532
31 7 532
7 31 951
31 7 951
7 55 758
55 7 758
7 62 984
62 7 984
7 22 340
22 7 340
7 42 870
42 7 870
7 56 291
56 7 291
7 28 996
28 7 996
7 44 579
44 7 579
7 36 196
36 7 196
7 20 778
20 7 778
7 60 128
60 7 128
8 14 317
14 8 317
8 49 595
49 8 595
8 56 9
56 8 9
8 11 653
11 8 653
8 26 843
26 8 843
8 32 505
32 8 505
8 58 816
58 8 816
8 40 208
40 8 208
8 17 7
17 8 7
8 14 111
14 8 111
8 55 906
55 8 906
8 26 128
26 8 128
8 16 457
16 8 457
8 8 924
8 8 924
8 36 290
36 8 290
8 19 885
19 8 885
8 30 720
30 8 720
8 62 414
62 8 414
8 27 301
27 8 301
8 61 846
61 8 846
8 15 244
15 8 244
8 14 207
14 8 207
8 56 905
56 8 905
8 37 15
37 8 15
8 49 642
49 8 642
8 55 824
55 8 824
8 18 339
18 8 339
9 57 225
57 9 225
9 35 926
35 9 926
9 13 333
13 9 333
9 58 209
58 9 209
9 61 936
61 9 936
9 66 771
66 9 771
9 31 507
31 9 507
9 41 955
41 9 955
9 52 868
52 9 868
9 62 76
62 9 76
9 39 982
39 9 982
9 41 252
41 9 252
9 44 504
44 9 504
9 61 919
61 9 919
9 53 818
53 9 818
9 48 326
48 9 326
9 10 264
10 9 264
9 67 465
67 9 465
9 32 110
32 9 110
10 15 638
15 10 638
10 32 540
32 10 540
10 57 864
57 10 864
10 50 153
50 10 153
10 12 521
12 10 521
10 29 338
29 10 338
10 54 237
54 10 237
10 25 334
25 10 334
10 39 376
39 10 376
10 18 223
18 10 223
10 25 902
25 10 902
10 17 837
17 10 837
10 55 892
55 10 892
10 13 667
13 10 667
10 42 807
42 10 807
10 54 471
54 10 471
10 38 462
38 10 462
10 17 625
17 10 625
10 48 977
48 10 977
10 62 214
62 10 214
10 64 999
64 10 999
10 56 902
56 10 902
10 35 316
35 10 316
10 52 293
52 10 293
10 61 857
61 10 857
10 14 703
14 10 703
11 14 948
14 11 948
11 17 272
17 11 272
11 19 754
19 11 754
11 43 925
43 11 925
11 32 680
32 11 680
11 27 923
27 11 923
11 26 689
26 11 689
11 62 585
62 11 585
11 31 113
31 11 113
11 21 595
21 11 595
11 54 434
54 11 434
11 18 158
18 11 158
11 41 771
41 11 771
11 63 327
63 11 327
11 15 615
15 11 615
11 53 359
53 11 359
11 52 299
52 11 299
11 13 125
13 11 125
11 37 916
37 11 916
11 57 922
57 11 922
11 32 836
32 11 836
11 34 446
34 11 446
12 22 545
22 12 545
12 33 191
33 12 191
12 39 415
39 12 415
12 66 741
66 12 741
12 17 815
17 12 815
12 25 65
25 12 65
12 55 435
55 12 435
12 14 570
14 12 570
12 51 954
51 12 954
12 21 650
21 12 650
12 56 147
56 12 147
12 60 295
60 12 295
12 45 481
45 12 481
12 45 748
45 12 748
12 16 844
16 12 844
12 23 625
23 12 625
12 48 461
48 12 461
12 59 521
59 12 521
12 33 172
33 12 172
12 56 44
56 12 44
12 59 762
59 12 762
12 45 92
45 12 92
12 32 132
32 12 132
13 59 893
59 13 893
13 42 919
42 13 919
13 45 359
45 13 359
13 50 390
50 13 390
13 40 66
40 13 66
13 22 117
22 13 117
13 26 744
26 13 744
13 32 959
32 13 959
13 29 167
29 13 167
13 21 663
21 13 663
13 53 793
53 13 793
13 15 162
15 13 162
13 55 564
55 13 564
13 60 879
60 13 879
13 19 740
19 13 740
13 27 631
27 13 631
13 67 356
67 13 356
13 25 665
25 13 665
13 61 259
61 13 259
13 62 750
62 13 750
13 65 237
65 13 237
14 35 839
35 14 839
14 18 983
18 14 983
14 51 50
51 14 50
14 30 161
30 14 161
14 65 93
65 14 93
14 56 446
56 14 446
14 39 344
39 14 344
14 23 252
23 14 252
14 15 691
15 14 691
14 54 970
54 14 970
14 27 351
27 14 351
14 64 825
64 14 825
14 31 936
31 14 936
14 29 311
29 14 311
14 43 141
43 14 141
14 67 254
67 14 254
14 26 430
26 14 430
14 25 54
25 14 54
14 23 237
23 14 237
14 58 101
58 14 101
14 48 266
48 14 266
14 65 181
65 14 181
14 17 309
17 14 309
15 23 165
23 15 165
15 34 576
34 15 576
15 41 884
41 15 884
15 48 329
48 15 329
15 21 33
21 15 33
15 18 610
18 15 610
15 65 640
65 15 640
15 26 809
26 15 809
15 37 921
37 15 921
15 30 115
30 15 115
15 64 444
64 15 444
15 33 612
33 15 612
15 18 430
18 15 430
15 60 152
60 15 152
15 50 692
50 15 692
15 51 335
51 15 335
15 65 869
65 15 869
15 42 438
42 15 438
15 17 914
17 15 914
16 21 947
21 16 947
16 35 825
35 16 825
16 16 372
16 16 372
16 45 596
45 16 596
16 21 365
21 16 365
16 63 294
63 16 294
16 52 432
52 16 432
16 40 468
40 16 468
16 45 937
45 16 937
16 67 161
67 16 161
16 47 953
47 16 953
16 45 340
45 16 340
16 35 116
35 16 116
16 59 416
59 16 416
16 27 877
27 16 877
16 24 753
24 16 753
16 29 68
29 16 68
16 62 885
62 16 885
16 49 705
49 16 705
16 63 547
63 16 547
16 42 55
42 16 55
16 53 516
53 16 516
16 27 976
27 16 976
16 61 824
61 16 824
16 28 632
28 16 632
17 45 291
45 17 291
17 47 348
47 17 348
17 50 141
50 17 141
17 48 653
48 17 653
17 56 489
56 17 489
17 22 942
22 17 942
17 25 653
25 17 653
17 23 698
23 17 698
17 32 616
32 17 616
17 62 952
62 17 952
17 43 240
43 17 240
17 59 558
59 17 558
17 40 558
40 17 558
17 20 817
20 17 817
17 47 333
47 17 333
17 67 543
67 17 543
17 55 731
55 17 731
17 60 267
60 17 267
17 38 524
38 17 524
17 29 579
29 17 579
17 35 611
35 17 611
17 41 960
41 17 960
17 29 625
29 17 625
18 24 624
24 18 624
18 26 405
26 18 405
18 43 301
43 18 301
18 48 654
48 18 654
18 23 330
23 18 330
18 61 55
61 18 55
18 43 130
43 18 130
18 38 128
38 18 128
18 66 777
66 18 777
18 39 747
39 18 747
18 42 493
42 18 493
18 32 868
32 18 868
18 65 538
65 18 538
18 51 313
51 18 313
18 37 869
37 18 869
18 64 977
64 18 977
18 47 265
47 18 265
18 44 245
44 18 245
18 66 318
66 18 318
18 23 134
23 18 134
18 37 623
37 18 623
19 52 336
52 19 336
19 51 329
51 19 329
19 37 289
37 19 289
19 29 862
29 19 862
19 62 594
62 19 594
19 56 192
56 19 192
19 63 837
63 19 837
19 31 849
31 19 849
19 65 161
65 19 161
19 38 484
38 19 484
19 53 948
53 19 948
19 60 442
60 19 442
19 47 833
47 19 833
19 37 815
37 19 815
19 62 303
62 19 303
19 30 73
30 19 73
19 30 981
30 19 981
19 59 931
59 19 931
20 38 233
38 20 233
20 61 633
61 20 633
20 34 449
34 20 449
20 40 456
40 20 456
20 38 490
38 20 490
20 27 638
27 20 638
20 24 707
24 20 707
20 54 267
54 20 267
20 22 316
22 20 316
20 20 440
20 20 440
20 37 951
37 20 951
20 59 352
59 20 352
20 44 37
44 20 37
20 38 940
38 20 940
20 60 502
60 20 502
20 24 644
24 20 644
20 57 940
57 20 940
20 28 713
28 20 713
20 20 796
20 20 796
20 50 738
50 20 738
20 46 476
46 20 476
20 45 794
45 20 794
21 51 602
51 21 602
21 38 940
38 21 940
21 48 45
48 21 45
21 24 897
24 21 897
21 50 753
50 21 753
21 41 288
41 21 288
21 22 348
22 21 348
21 21 787
21 21 787
21 28 612
28 21 612
21 46 979
46 21 979
21 57 566
57 21 566
21 52 148
52 21 148
21 42 364
42 21 364
21 45 776
45 21 776
21 42 108
42 21 108
21 67 346
67 21 346
21 37 656
37 21 656
21 54 60
54 21 60
21 42 478
42 21 478
22 51 770
51 22 770
22 30 430
30 22 430
22 59 784
59 22 784
22 43 611
43 22 611
22 31 247
31 22 247
22 58 216
58 22 216
22 49 548
49 22 548
22 55 148
55 22 148
22 29 688
29 22 688
22 26 449
26 22 449
22 25 497
25 22 497
22 42 83
42 22 83
22 25 50
25 22 50
22 62 205
62 22 205
22 39 972
39 22 972
22 46 527
46 22 527
22 66 182
66 22 182
23 27 88
27 23 88
23 43 180
43 23 180
23 30 458
30 23 458
23 62 340
62 23 340
23 43 178
43 23 178
23 48 372
48 23 372
23 64 584
64 23 584
23 65 739
65 23 739
23 43 744
43 23 744
23 30 878
30 23 878
23 49 253
49 23 253
23 56 746
56 23 746
23 49 21
49 23 21
23 31 335
31 23 335
23 52 762
52 23 762
24 48 202
48 24 202
24 33 453
33 24 453
24 64 977
64 24 977
24 56 783
56 24 783
24 48 929
48 24 929
24 53 764
53 24 764
24 25 693
25 24 693
24 32 311
32 24 311
24 64 664
64 24 664
24 61 818
61 24 818
24 37 516
37 24 516
24 62 524
62 24 524
24 63 644
63 24 644
25 29 970
29 25 970
25 37 786
37 25 786
25 67 364
67 25 364
25 37 278
37 25 278
25 29 398
29 25 398
25 57 928
57 25 928
25 37 675
37 25 675
25 36 561
36 25 561
25 47 817
47 25 817
25 33 311
33 25 311
25 50 518
50 25 518
25 55 814
55 25 814
25 36 975
36 25 975
25 53 222
53 25 222
25 44 590
44 25 590
25 27 498
27 25 498
25 62 816
62 25 816
25 38 177
38 25 177
25 31 529
31 25 529
26 27 742
27 26 742
26 30 660
30 26 660
26 32 252
32 26 252
26 29 662
29 26 662
26 52 963
52 26 963
26 55 826
55 26 826
26 35 397
35 26 397
26 52 931
52 26 931
26 50 468
50 26 468
26 49 525
49 26 525
26 44 388
44 26 388
26 48 619
48 26 619
26 52 13
52 26 13
26 65 925
65 26 925
27 58 74
58 27 74
27 38 853
38 27 853
27 56 17
56 27 17
27 49 476
49 27 476
27 41 565
41 27 565
27 60 480
60 27 480
27 38 801
38 27 801
27 51 351
51 27 351
27 35 804
35 27 804
27 51 508
51 27 508
27 47 438
47 27 438
27 63 86
63 27 86
27 34 34
34 27 34
27 65 750
65 27 750
27 65 996
65 27 996
27 39 56
39 27 56
28 46 324
46 28 324
28 62 528
62 28 528
28 45 695
45 28 695
28 57 278
57 28 278
28 33 268
33 28 268
28 59 177
59 28 177
28 64 72
64 28 72
28 62 592
62 28 592
28 57 802
57 28 802
28 56 75
56 28 75
28 38 218
38 28 218
28 49 156
49 28 156
28 66 792
66 28 792
28 37 114
37 28 114
28 67 453
67 28 453
28 54 475
54 28 475
29 51 59
51 29 59
29 53 599
53 29 599
29 39 543
39 29 543
29 51 185
51 29 185
29 45 839
45 29 839
29 39 34
39 29 34
29 36 624
36 29 624
29 43 889
43 29 889
30 36 128
36 30 128
30 60 711
60 30 711
30 45 891
45 30 891
30 53 696
53 30 696
30 44 361
44 30 361
30 52 901
52 30 901
30 61 507
61 30 507
30 59 969
59 30 969
30 64 588
64 30 588
30 50 896
50 30 896
30 32 146
32 30 146
30 60 842
60 30 842
30 47 330
47 30 330
30 49 574
49 30 574
30 51 787
51 30 787
30 31 490
31 30 490
30 55 299
55 30 299
31 44 413
44 31 413
31 63 663
63 31 663
31 59 962
59 31 962
31 65 978
65 31 978
31 34 158
34 31 158
31 54 373
54 31 373
31 37 837
37 31 837
31 34 907
34 31 907
31 40 777
40 31 777
31 44 877
44 31 877
32 44 998
44 32 998
32 57 156
57 32 156
32 60 552
60 32 552
32 55 688
55 32 688
32 50 781
50 32 781
32 42 754
42 32 754
32 67 311
67 32 311
32 67 576
67 32 576
32 66 470
66 32 470
32 43 219
43 32 219
32 40 256
40 32 256
32 66 747
66 32 747
32 61 692
61 32 692
32 59 136
59 32 136
32 55 539
55 32 539
32 35 620
35 32 620
32 42 491
42 32 491
33 42 513
42 33 513
33 36 977
36 33 977
33 59 17
59 33 17
33 37 971
37 33 971
33 47 758
47 33 758
33 39 893
39 33 893
33 58 657
58 33 657
33 53 13
53 33 13
33 57 395
57 33 395
33 34 805
34 33 805
33 55 652
55 33 652
33 57 236
57 33 236
33 44 490
44 33 490
33 39 789
39 33 789
33 63 330
63 33 330
34 53 780
53 34 780
34 66 499
66 34 499
34 51 280
51 34 280
34 61 819
61 34 819
34 55 782
55 34 782
34 47 303
47 34 303
34 61 874
61 34 874
34 57 306
57 34 306
34 45 917
45 34 917
34 55 912
55 34 912
34 40 700
40 34 700
34 44 520
44 34 520
34 58 893
58 34 893
34 55 575
55 34 575
34 55 340
55 34 340
34 50 489
50 34 489
34 65 573
65 34 573
34 54 326
54 34 326
34 53 763
53 34 763
35 50 342
50 35 342
35 54 48
54 35 48
35 36 243
36 35 243
35 40 324
40 35 324
35 61 470
61 35 470
35 36 362
36 35 362
35 52 774
52 35 774
35 40 491
40 35 491
35 37 780
37 35 780
36 40 277
40 36 277
36 63 756
63 36 756
36 54 620
54 36 620
36 45 393
45 36 393
36 57 527
57 36 527
36 62 48
62 36 48
36 62 489
62 36 489
36 59 964
59 36 964
36 55 311
55 36 311
36 58 994
58 36 994
37 66 819
66 37 819
37 46 565
46 37 565
37 39 338
39 37 338
37 39 965
39 37 965
37 63 776
63 37 776
37 40 732
40 37 732
37 42 184
42 37 184
37 61 899
61 37 899
37 37 177
37 37 177
38 64 339
64 38 339
38 61 770
61 38 770
38 56 200
56 38 200
38 62 139
62 38 139
38 40 516
40 38 516
38 55 242
55 38 242
38 40 615
40 38 615
38 41 230
41 38 230
38 59 728
59 38 728
38 64 52
64 38 52
38 57 157
57 38 157
38 45 482
45 38 482
39 46 392
46 39 392
39 49 563
49 39 563
39 55 736
55 39 736
39 66 821
66 39 821
39 45 908
45 39 908
39 59 373
59 39 373
39 57 553
57 39 553
39 65 588
65 39 588
40 49 594
49 40 594
40 50 394
50 40 394
41 55 752
55 41 752
41 63 129
63 41 129
41 59 442
59 41 442
41 67 262
67 41 262
41 67 687
67 41 687
41 50 400
50 41 400
41 56 909
56 41 909
41 60 179
60 41 179
41 62 202
62 41 202
41 50 56
50 41 56
41 61 989
61 41 989
41 63 223
63 41 223
41 65 747
65 41 747
41 47 782
47 41 782
41 63 34
63 41 34
42 44 311
44 42 311
42 48 502
48 42 502
42 56 182
56 42 182
42 66 238
66 42 238
42 54 325
54 42 325
42 46 563
46 42 563
42 60 199
60 42 199
42 48 246
48 42 246
42 67 388
67 42 388
42 42 117
42 42 117
43 54 227
54 43 227
43 57 532
57 43 532
43 60 138
60 43 138
43 54 919
54 43 919
43 67 100
67 43 100
43 58 33
58 43 33
43 48 95
48 43 95
43 48 301
48 43 301
43 65 584
65 43 584
43 64 951
64 43 951
43 67 69
67 43 69
43 52 859
52 43 859
44 56 155
56 44 155
44 64 801
64 44 801
44 44 801
44 44 801
44 46 406
46 44 406
44 50 897
50 44 897
44 51 477
51 44 477
44 63 438
63 44 438
44 51 891
51 44 891
44 55 301
55 44 301
44 47 432
47 44 432
44 45 971
45 44 971
45 47 293
47 45 293
45 67 705
67 45 705
45 63 300
63 45 300
45 55 471
55 45 471
45 56 903
56 45 903
45 50 332
50 45 332
45 63 238
63 45 238
45 61 726
61 45 726
45 49 202
49 45 202
46 61 846
61 46 846
46 49 409
49 46 409
46 47 432
47 46 432
46 59 190
59 46 190
47 60 772
60 47 772
47 60 12
60 47 12
47 56 686
56 47 686
47 48 988
48 47 988
47 61 854
61 47 854
47 57 921
57 47 921
47 60 319
60 47 319
47 65 164
65 47 164
48 59 738
59 48 738
48 60 100
60 48 100
48 48 701
48 48 701
48 51 47
51 48 47
49 63 299
63 49 299
49 60 697
60 49 697
49 64 273
64 49 273
49 56 184
56 49 184
49 67 667
67 49 667
49 67 57
67 49 57
49 53 304
53 49 304
49 58 63
58 49 63
49 62 509
62 49 509
50 52 503
52 50 503
50 57 929
57 50 929
50 53 591
53 50 591
50 65 375
65 50 375
50 58 396
58 50 396
51 67 38
67 51 38
51 57 925
57 51 925
51 53 371
53 51 371
51 65 180
65 51 180
52 58 421
58 52 421
52 60 246
60 52 246
52 63 996
63 52 996
52 56 170
56 52 170
53 61 170
61 53 170
53 53 890
53 53 890
53 56 632
56 53 632
53 54 145
54 53 145
53 65 360
65 53 360
53 66 864
66 53 864
54 58 315
58 54 315
54 64 716
64 54 716
54 66 519
66 54 519
54 56 987
56 54 987
55 62 550
62 55 550
55 67 130
67 55 130
55 57 387
57 55 387
55 66 21
66 55 21
55 57 285
57 55 285
56 62 279
62 56 279
56 58 784
58 56 784
56 65 569
65 56 569
57 58 517
58 57 517
57 67 612
67 57 612
57 63 557
63 57 557
57 65 135
65 57 135
57 59 505
59 57 505
58 67 652
67 58 652
58 61 203
61 58 203
58 63 494
63 58 494
58 65 240
65 58 240
59 66 801
66 59 801
61 63 979
63 61 979
62 66 259
66 62 259
63 67 340
67 63 340
63 65 231
65 63 231
63 67 379
67 63 379
64 64 473
64 64 473
64 64 584
64 64 584
64 65 890
65 64 890
66 66 629
66 66 629
66 66 58
66 66 58
