53

0 1 482
1 0 482
0 3 681
3 0 681
0 4 919
4 0 919
0 5 370
5 0 370
0 10 991
10 0 991
0 12 516
12 0 516
0 21 428
21 0 428
0 35 914
35 0 914
0 49 538
49 0 538
0 20 595
20 0 595
0 31 14
31 0 14
0 2 197
2 0 197
0 48 85
48 0 85
0 10 725
10 0 725
0 49 435
49 0 435
0 29 68
29 0 68
0 37 86
37 0 86
0 38 536
38 0 536
0 38 16
38 0 16
0 25 209
25 0 209
0 27 364
27 0 364
0 36 408
36 0 408
0 38 757
38 0 757
0 49 476
49 0 476
0 5 758
5 0 758
0 36 524
36 0 524
0 9 345
9 0 345
0 10 616
10 0 616
0 18 292
18 0 292
0 21 174
21 0 174
0 11 394
11 0 394
0 21 224
21 0 224
0 49 372
49 0 372
0 25 478
25 0 478
0 39 197
39 0 197
1 2 384
2 1 384
1 33 872
33 1 872
1 45 770
45 1 770
1 40 731
40 1 731
1 4 897
4 1 897
1 35 191
35 1 191
1 30 381
30 1 381
1 45 441
45 1 441
1 45 413
45 1 413
1 44 515
44 1 515
1 36 758
36 1 758
1 12 744
12 1 744
1 52 608
52 1 608
1 29 814
29 1 814
1 6 305
6 1 305
1 31 154
31 1 154
1 13 697
13 1 697
1 10 334
10 1 334
1 11 763
11 1 763
1 35 907
35 1 907
1 50 974
50 1 974
1 3 444
3 1 444
1 33 74
33 1 74
1 32 890
32 1 890
2 6 836
6 2 836
2 8 803
8 2 803
2 29 910
29 2 910
2 8 612
8 2 612
2 46 179
46 2 179
2 37 370
37 2 370
2 40 371
40 2 371
2 49 384
49 2 384
2 46 987
46 2 987
2 33 111
33 2 111
2 50 457
50 2 457
2 29 193
29 2 193
2 8 586
8 2 586
2 16 78
16 2 78
2 22 760
22 2 760
2 50 396
50 2 396
2 9 75
9 2 75
2 15 171
15 2 171
2 37 952
37 2 952
2 22 319
22 2 319
2 16 584
16 2 584
2 24 701
24 2 701
2 2 70
2 2 70
2 46 811
46 2 811
2 21 305
21 2 305
2 27 213
27 2 213
2 43 545
43 2 545
2 29 108
29 2 108
2 11 164
11 2 164
2 14 315
14 2 315
2 45 929
45 2 929
2 16 330
16 2 330
2 40 723
40 2 723
2 25 388
25 2 388
2 52 54
52 2 54
3 24 139
24 3 139
3 33 902
33 3 902
3 28 90
28 3 90
3 13 435
13 3 435
3 12 309
12 3 309
3 9 577
9 3 577
3 14 400
14 3 400
3 21 328
21 3 328
3 25 402
25 3 402
3 15 393
15 3 393
3 37 612
37 3 612
3 46 515
46 3 515
3 16 376
16 3 376
3 12 929
12 3 929
3 23 767
23 3 767
3 29 849
29 3 849
3 31 956
31 3 956
3 9 368
9 3 368
3 23 657
23 3 657
3 7 531
7 3 531
4 9 371
9 4 371
4 15 536
15 4 536
4 19 138
19 4 138
4 10 82
10 4 82
4 28 546
28 4 546
4 39 53
39 4 53
4 21 192
21 4 192
4 16 394
16 4 394
4 35 281
35 4 281
4 46 11
46 4 11
4 35 58
35 4 58
4 8 94
8 4 94
4 5 976
5 4 976
4 21 269
21 4 269
4 22 737
22 4 737
4 30 772
30 4 772
4 51 815
51 4 815
4 12 610
12 4 610
4 8 222
8 4 222
4 44 632
44 4 632
4 49 689
49 4 689
4 23 639
23 4 639
4 44 368
44 4 368
4 14 855
14 4 855
4 37 638
37 4 638
4 30 858
30 4 858
5 11 676
11 5 676
5 16 457
16 5 457
5 23 658
23 5 658
5 36 611
36 5 611
5 46 20
46 5 20
5 36 836
36 5 836
5 15 605
15 5 605
5 22 868
22 5 868
5 51 935
51 5 935
5 11 518
11 5 518
5 19 145
19 5 145
5 48 75
48 5 75
5 36 38
36 5 38
5 33 977
33 5 977
5 21 463
21 5 463
5 31 904
31 5 904
5 9 424
9 5 424
5 46 539
46 5 539
5 21 6
21 5 6
5 9 942
9 5 942
5 7 260
7 5 260
5 52 615
52 5 615
5 18 679
18 5 679
5 13 868
13 5 868
5 34 644
34 5 644
5 12 880
12 5 880
5 9 190
9 5 190
5 43 336
43 5 336
5 20 408
20 5 408
5 46 938
46 5 938
5 52 809
52 5 809
5 8 847
8 5 847
5 23 673
23 5 673
5 25 302
25 5 302
5 9 431
9 5 431
5 13 912
13 5 912
6 7 829
7 6 829
6 30 29
30 6 29
6 15 936
15 6 936
6 35 813
35 6 813
6 43 179
43 6 179
6 30 648
30 6 648
6 31 498
31 6 498
6 26 207
26 6 207
6 27 163
27 6 163
6 38 234
38 6 234
6 28 344
28 6 344
6 25 264
25 6 264
6 26 576
26 6 576
6 22 583
22 6 583
6 42 678
42 6 678
6 50 507
50 6 507
6 8 721
8 6 721
6 20 624
20 6 624
6 49 436
49 6 436
6 35 346
35 6 346
6 22 18
22 6 18
6 33 875
33 6 875
6 33 353
33 6 353
6 45 758
45 6 758
6 49 687
49 6 687
7 13 605
13 7 605
7 46 760
46 7 760
7 22 424
22 7 424
7 33 87
33 7 87
7 32 153
32 7 153
7 35 277
35 7 277
7 48 155
48 7 155
7 9 868
9 7 868
7 48 218
48 7 218
7 30 169
30 7 169
7 30 231
30 7 231
7 25 266
25 7 266
7 34 123
34 7 123
7 32 190
32 7 190
7 35 187
35 7 187
7 39 997
39 7 997
7 15 214
15 7 214
7 12 539
12 7 539
7 12 90
12 7 90
7 37 973
37 7 973
7 52 469
52 7 469
8 14 40
14 8 40
8 47 632
47 8 632
8 30 771
30 8 771
8 10 110
10 8 110
8 52 954
52 8 954
8 17 530
17 8 530
8 18 423
18 8 423
8 24 632
24 8 632
8 12 359
12 8 359
8 44 801
44 8 801
8 17 494
17 8 494
8 33 301
33 8 301
8 44 822
44 8 822
8 33 942
33 8 942
8 8 347
8 8 347
8 48 327
48 8 327
8 49 170
49 8 170
8 25 638
25 8 638
8 50 98
50 8 98
8 10 750
10 8 750
8 52 17
52 8 17
8 29 954
29 8 954
8 52 510
52 8 510
8 43 19
43 8 19
8 31 155
31 8 155
8 24 227
24 8 227
8 51 659
51 8 659
9 36 3
36 9 3
9 46 812
46 9 812
9 12 440
12 9 440
9 43 380
43 9 380
9 24 605
24 9 605
9 48 968
48 9 968
9 20 985
20 9 985
9 10 769
10 9 769
9 13 793
13 9 793
9 29 995
29 9 995
9 20 28
20 9 28
9 29 535
29 9 535
9 31 900
31 9 900
9 17 224
17 9 224
9 50 283
50 9 283
9 38 40
38 9 40
9 26 467
26 9 467
9 37 864
37 9 864
9 42 262
42 9 262
10 38 939
38 10 939
10 51 51
51 10 51
10 49 962
49 10 962
10 43 470
43 10 470
10 17 241
17 10 241
10 40 987
40 10 987
10 43 337
43 10 337
10 31 867
31 10 867
10 32 727
32 10 727
10 25 215
25 10 215
10 37 973
37 10 973
10 23 484
23 10 484
10 50 322
50 10 322
10 32 882
32 10 882
11 34 629
34 11 629
11 40 274
40 11 274
11 15 974
15 11 974
11 48 505
48 11 505
11 20 736
20 11 736
11 19 517
19 11 517
11 52 970
52 11 970
11 49 632
49 11 632
11 12 191
12 11 191
11 23 240
23 11 240
11 34 93
34 11 93
11 49 699
49 11 699
11 25 775
25 11 775
11 27 448
27 11 448
11 46 368
46 11 368
11 43 670
43 11 670
11 22 995
22 11 995
11 38 762
38 11 762
12 27 288
27 12 288
12 29 772
29 12 772
12 39 170
39 12 170
12 12 536
12 12 536
12 41 685
41 12 685
12 24 879
24 12 879
12 20 915
20 12 915
12 39 647
39 12 647
12 34 530
34 12 530
12 39 684
39 12 684
12 21 208
21 12 208
12 26 195
26 12 195
12 39 15
39 12 15
12 45 248
45 12 248
12 16 962
16 12 962
12 39 69
39 12 69
13 24 143
24 13 143
13 41 2
41 13 2
13 41 103
41 13 103
13 48 687
48 13 687
13 22 633
22 13 633
13 51 950
51 13 950
13 39 634
39 13 634
13 42 191
42 13 191
13 35 366
35 13 366
13 19 212
19 13 212
13 41 47
41 13 47
13 31 525
31 13 525
13 47 332
47 13 332
13 50 850
50 13 850
13 31 948
31 13 948
13 16 697
16 13 697
13 45 908
45 13 908
13 23 137
23 13 137
13 49 893
49 13 893
13 45 571
45 13 571
13 37 40
37 13 40
13 30 835
30 13 835
13 29 429
29 13 429
13 36 216
36 13 216
13 13 579
13 13 579
14 17 400
17 14 400
14 40 56
40 14 56
14 34 692
34 14 692
14 40 130
40 14 130
14 15 330
15 14 330
14 32 228
32 14 228
14 49 578
49 14 578
14 18 961
18 14 961
14 19 405
19 14 405
14 48 484
48 14 484
14 46 90
46 14 90
14 46 746
46 14 746
14 52 911
52 14 911
14 43 113
43 14 113
14 45 590
45 14 590
14 43 620
43 14 620
14 38 451
38 14 451
14 52 602
52 14 602
14 33 749
33 14 749
14 19 993
19 14 993
14 16 275
16 14 275
14 42 600
42 14 600
14 41 653
41 14 653
15 20 561
20 15 561
15 30 327
30 15 327
15 24 880
24 15 880
15 21 821
21 15 821
15 50 616
50 15 616
15 38 322
38 15 322
15 16 15
16 15 15
15 24 910
24 15 910
15 19 820
19 15 820
15 30 781
30 15 781
15 18 699
18 15 699
15 23 591
23 15 591
15 43 502
43 15 502
15 16 774
16 15 774
15 35 934
35 15 934
15 35 413
35 15 413
15 22 444
22 15 444
15 28 429
28 15 429
15 47 977
47 15 977
15 26 780
26 15 780
16 29 52
29 16 52
16 37 717
37 16 717
16 36 540
36 16 540
16 35 343
35 16 343
16 46 764
46 16 764
16 18 700
18 16 700
16 31 739
31 16 739
16 24 360
24 16 360
16 35 184
35 16 184
16 33 694
33 16 694
16 23 399
23 16 399
16 22 950
22 16 950
16 17 679
17 16 679
16 45 177
45 16 177
16 16 649
16 16 649
16 28 36
28 16 36
16 38 523
38 16 523
16 45 442
45 16 442
17 18 766
18 17 766
17 28 453
28 17 453
17 30 314
30 17 314
17 18 213
18 17 213
17 36 157
36 17 157
17 26 826
26 17 826
17 49 350
49 17 350
17 47 410
47 17 410
17 32 528
32 17 528
17 31 192
31 17 192
17 35 73
35 17 73
17 39 681
39 17 681
17 43 99
43 17 99
17 40 132
40 17 132
17 43 72
43 17 72
17 43 91
43 17 91
17 31 604
31 17 604
17 44 650
44 17 650
17 47 919
47 17 919
17 17 334
17 17 334
18 37 874
37 18 874
18 23 630
23 18 630
18 48 783
48 18 783
18 26 135
26 18 135
18 34 662
34 18 662
18 38 782
38 18 782
18 38 840
38 18 840
18 42 720
42 18 720
18 31 234
31 18 234
18 31 843
31 18 843
18 31 425
31 18 425
18 40 739
40 18 739
18 18 326
18 18 326
18 36 250
36 18 250
18 43 551
43 18 551
18 45 181
45 18 181
18 22 171
22 18 171
19 25 943
25 19 943
19 27 24
27 19 24
19 34 306
34 19 306
19 40 988
40 19 988
19 37 585
37 19 585
19 49 593
49 19 593
19 50 197
50 19 197
19 52 59
52 19 59
19 30 884
30 19 884
19 46 479
46 19 479
19 25 515
25 19 515
19 30 305
30 19 305
19 25 111
25 19 111
19 35 101
35 19 101
19 51 865
51 19 865
20 22 119
22 20 119
20 26 721
26 20 721
20 47 540
47 20 540
20 45 780
45 20 780
20 31 260
31 20 260
20 42 918
42 20 918
20 50 675
50 20 675
20 32 583
32 20 583
20 51 192
51 20 192
20 47 967
47 20 967
20 20 818
20 20 818
20 37 75
37 20 75
21 32 822
32 21 822
21 39 182
39 21 182
21 48 396
48 21 396
21 44 751
44 21 751
21 27 329
27 21 329
21 42 30
42 21 30
21 39 314
39 21 314
21 36 638
36 21 638
21 39 749
39 21 749
21 49 684
49 21 684
21 46 351
46 21 351
21 47 390
47 21 390
21 45 454
45 21 454
21 36 344
36 21 344
21 40 929
40 21 929
21 34 679
34 21 679
22 28 223
28 22 223
22 29 205
29 22 205
22 33 610
33 22 610
22 34 681
34 22 681
22 44 222
44 22 222
22 24 778
24 22 778
22 48 153
48 22 153
22 36 70
36 22 70
22 34 557
34 22 557
22 41 268
41 22 268
22 34 691
34 22 691
22 24 882
24 22 882
22 41 514
41 22 514
22 50 491
50 22 491
22 38 708
38 22 708
22 49 933
49 22 933
22 43 589
43 22 589
22 50 759
50 22 759
22 49 126
49 22 126
22 42 498
42 22 498
22 23 891
23 22 891
22 40 276
40 22 276
23 34 27
34 23 27
23 46 113
46 23 113
23 30 385
30 23 385
23 23 783
23 23 783
23 45 297
45 23 297
23 34 930
34 23 930
23 36 911
36 23 911
23 42 881
42 23 881
23 34 899
34 23 899
23 48 804
48 23 804
23 32 644
32 23 644
23 37 36
37 23 36
23 27 854
27 23 854
23 34 951
34 23 951
23 51 652
51 23 652
23 44 711
44 23 711
23 33 267
33 23 267
23 30 458
30 23 458
23 30 602
30 23 602
23 39 277
39 23 277
24 44 893
44 24 893
24 30 325
30 24 325
24 28 138
28 24 138
24 31 649
31 24 649
24 44 491
44 24 491
24 30 467
30 24 467
24 31 166
31 24 166
24 50 694
50 24 694
24 33 848
33 24 848
24 28 608
28 24 608
24 35 312
35 24 312
25 50 399
50 25 399
25 50 979
50 25 979
25 36 970
36 25 970
25 51 571
51 25 571
25 29 787
29 25 787
25 41 669
41 25 669
25 43 946
43 25 946
25 27 363
27 25 363
25 34 771
34 25 771
25 51 370
51 25 370
25 27 822
27 25 822
25 43 501
43 25 501
26 36 614
36 26 614
26 26 249
26 26 249
26 40 49
40 26 49
26 34 757
34 26 757
26 26 84
26 26 84
26 27 933
27 26 933
26 46 573
46 26 573
26 33 342
33 26 342
26 29 175
29 26 175
26 37 962
37 26 962
26 35 302
35 26 302
26 36 438
36 26 438
27 45 700
45 27 700
27 27 500
27 27 500
27 48 304
48 27 304
27 37 519
37 27 519
27 37 672
37 27 672
27 28 604
28 27 604
27 37 943
37 27 943
27 37 238
37 27 238
27 30 282
30 27 282
27 35 466
35 27 466
27 28 782
28 27 782
28 31 506
31 28 506
28 33 510
33 28 510
28 32 263
32 28 263
28 40 965
40 28 965
28 33 254
33 28 254
28 36 809
36 28 809
28 33 351
33 28 351
28 31 696
31 28 696
28 48 939
48 28 939
28 34 519
34 28 519
28 44 877
44 28 877
29 47 644
47 29 644
29 35 35
35 29 35
29 29 88
29 29 88
29 45 101
45 29 101
29 34 849
34 29 849
29 39 326
39 29 326
29 44 143
44 29 143
29 34 282
34 29 282
29 34 824
34 29 824
29 52 152
52 29 152
29 32 85
32 29 85
30 48 355
48 30 355
30 33 158
33 30 158
30 32 516
32 30 516
30 39 531
39 30 531
30 33 576
33 30 576
30 42 132
42 30 132
30 37 441
37 30 441
30 37 984
37 30 984
30 35 584
35 30 584
30 43 254
43 30 254
30 44 127
44 30 127
30 52 459
52 30 459
31 42 6
42 31 6
31 39 781
39 31 781
31 35 558
35 31 558
31 45 516
45 31 516
32 50 404
50 32 404
32 41 380
41 32 380
32 39 373
39 32 373
32 49 66
49 32 66
32 37 861
37 32 861
32 45 256
45 32 256
32 45 239
45 32 239
32 51 318
51 32 318
32 38 895
38 32 895
32 41 536
41 32 536
32 49 528
49 32 528
32 42 661
42 32 661
32 34 835
34 32 835
32 33 410
33 32 410
32 44 179
44 32 179
32 43 648
43 32 648
32 50 697
50 32 697
32 51 234
51 32 234
33 43 650
43 33 650
33 50 321
50 33 321
33 40 302
40 33 302
33 34 716
34 33 716
33 40 243
40 33 243
33 47 493
47 33 493
33 47 756
47 33 756
34 50 569
50 34 569
34 36 895
36 34 895
34 42 101
42 34 101
34 39 714
39 34 714
34 41 372
41 34 372
34 45 215
45 34 215
34 40 476
40 34 476
34 41 821
41 34 821
34 44 709
44 34 709
34 35 353
35 34 353
34 52 674
52 34 674
35 49 391
49 35 391
35 38 529
38 35 529
35 39 630
39 35 630
35 38 252
38 35 252
35 47 668
47 35 668
35 42 905
42 35 905
35 43 932
43 35 932
35 46 588
46 35 588
35 45 404
45 35 404
35 47 333
47 35 333
35 42 808
42 35 808
35 49 101
49 35 101
36 50 783
50 36 783
36 40 678
40 36 678
36 41 945
41 36 945
36 45 9
45 36 9
36 47 554
47 36 554
36 39 665
39 36 665
36 37 102
37 36 102
36 42 925
42 36 925
36 37 359
37 36 359
36 46 369
46 36 369
36 51 412
51 36 412
37 41 675
41 37 675
37 50 132
50 37 132
37 47 115
47 37 115
37 49 943
49 37 943
37 43 217
43 37 217
37 48 846
48 37 846
37 43 566
43 37 566
37 45 816
45 37 816
37 41 909
41 37 909
37 46 574
46 37 574
37 45 889
45 37 889
37 39 509
39 37 509
38 43 525
43 38 525
38 46 476
46 38 476
38 51 880
51 38 880
38 47 682
47 38 682
38 48 961
48 38 961
38 38 608
38 38 608
39 41 319
41 39 319
39 44 508
44 39 508
39 44 578
44 39 578
39 49 382
49 39 382
39 47 983
47 39 983
39 48 559
48 39 559
39 52 167
52 39 167
39 41 163
41 39 163
40 43 814
43 40 814
40 52 654
52 40 654
40 42 738
42 40 738
40 40 379
40 40 379
40 49 627
49 40 627
41 46 526
46 41 526
41 51 338
51 41 338
41 49 949
49 41 949
41 45 534
45 41 534
41 42 32
42 41 32
41 51 66
51 41 66
41 42 39
42 41 39
41 43 364
43 41 364
41 48 501
48 41 501
41 45 854
45 41 854
42 45 730
45 42 730
42 48 995
48 42 995
42 45 702
45 42 702
42 46 852
46 42 852
42 43 776
43 42 776
42 50 644
50 42 644
43 43 198
43 43 198
44 48 491
48 44 491
44 50 298
50 44 298
44 49 797
49 44 797
44 51 440
51 44 440
44 49 563
49 44 563
44 46 195
46 44 195
45 48 142
48 45 142
45 45 116
45 45 116
45 48 684
48 45 684
45 49 148
49 45 148
45 46 83
46 45 83
45 46 544
46 45 544
46 49 815
49 46 815
47 49 271
49 47 271
47 49 527
49 47 527
47 52 255
52 47 255
47 49 771
49 47 771
47 52 764
52 47 764
48 52 192
52 48 192
48 52 15
52 48 15
49 52 511
52 49 511
49 52 786
52 49 786
49 50 616
50 49 616
51 52 806
52 51 806
51 52 10
52 51 10
51 51 637
51 51 637
52 52 526
52 52 526
