75

0 1 167
1 0 167
0 4 5
4 0 5
0 7 161
7 0 161
0 8 307
8 0 307
0 32 859
32 0 859
0 33 299
33 0 299
0 42 643
42 0 643
0 47 572
47 0 572
0 56 518
56 0 518
0 37 397
37 0 397
0 31 290
31 0 290
0 25 965
25 0 965
0 28 743
28 0 743
0 54 395
54 0 395
1 2 193
2 1 193
1 3 504
3 1 504
1 9 423
9 1 423
1 44 341
44 1 341
1 68 882
68 1 882
1 62 611
62 1 611
1 33 537
33 1 537
2 5 588
5 2 588
2 11 29
11 2 29
2 28 38
28 2 38
2 18 354
18 2 354
2 66 18
66 2 18
2 69 660
69 2 660
2 12 446
12 2 446
3 6 604
6 3 604
3 14 107
14 3 107
3 20 665
20 3 665
3 3 926
3 3 926
3 58 590
58 3 590
3 55 545
55 3 545
4 15 790
15 4 790
4 28 614
28 4 614
4 35 22
35 4 22
4 55 826
55 4 826
5 68 892
68 5 892
5 5 530
5 5 530
5 40 775
40 5 775
5 27 524
27 5 524
5 68 687
68 5 687
6 16 729
16 6 729
6 29 334
29 6 334
6 26 860
26 6 860
6 33 917
33 6 917
6 52 4
52 6 4
6 55 654
55 6 654
6 26 217
26 6 217
6 19 973
19 6 973
6 72 150
72 6 150
6 51 893
51 6 893
6 33 666
33 6 666
7 12 704
12 7 704
7 23 737
23 7 737
7 24 629
24 7 629
7 38 17
38 7 17
7 48 25
48 7 25
7 72 829
72 7 829
7 15 240
15 7 240
7 42 411
42 7 411
7 47 299
47 7 299
8 25 739
25 8 739
8 42 916
42 8 916
8 72 997
72 8 997
8 21 194
21 8 194
8 49 662
49 8 662
8 47 866
47 8 866
8 12 486
12 8 486
8 69 659
69 8 659
9 10 647
10 9 647
9 13 72
13 9 72
9 60 379
60 9 379
9 59 424
59 9 424
9 48 446
48 9 446
10 17 764
17 10 764
10 21 513
21 10 513
10 46 90
46 10 90
10 65 157
65 10 157
10 13 518
13 10 518
10 18 618
18 10 618
11 63 986
63 11 986
11 64 656
64 11 656
11 67 749
67 11 749
11 70 639
70 11 639
11 72 252
72 11 252
11 13 922
13 11 922
11 19 724
19 11 724
11 15 229
15 11 229
11 51 479
51 11 479
11 59 687
59 11 687
11 20 594
20 11 594
12 43 486
43 12 486
13 19 644
19 13 644
13 31 68
31 13 68
14 39 442
39 14 442
14 25 69
25 14 69
14 33 496
33 14 496
14 22 72
22 14 72
15 22 370
22 15 370
15 70 250
70 15 250
15 55 166
55 15 166
15 25 14
25 15 14
15 52 487
52 15 487
16 50 195
50 16 195
16 26 963
26 16 963
16 73 369
73 16 369
16 20 744
20 16 744
16 74 528
74 16 528
16 68 641
68 16 641
17 18 933
18 17 933
17 40 551
40 17 551
17 57 108
57 17 108
17 39 490
39 17 490
17 53 541
53 17 541
18 26 118
26 18 118
18 56 902
56 18 902
18 60 194
60 18 194
18 24 160
24 18 160
18 35 271
35 18 271
18 40 472
40 18 472
19 27 20
27 19 20
19 27 603
27 19 603
19 55 165
55 19 165
19 26 19
26 19 19
19 39 470
39 19 470
19 25 617
25 19 617
21 63 608
63 21 608
21 26 991
26 21 991
21 46 9
46 21 9
21 58 861
58 21 861
22 34 955
34 22 955
22 58 63
58 22 63
22 53 661
53 22 661
22 49 397
49 22 397
22 26 392
26 22 392
22 22 912
22 22 912
22 60 153
60 22 153
23 64 797
64 23 797
23 52 189
52 23 189
23 61 317
61 23 317
23 50 88
50 23 88
24 30 183
30 24 183
24 60 45
60 24 45
24 29 521
29 24 521
24 52 689
52 24 689
24 54 4
54 24 4
25 74 212
74 25 212
25 65 394
65 25 394
25 39 939
39 25 939
25 33 775
33 25 775
26 29 387
29 26 387
26 65 421
65 26 421
27 63 592
63 27 592
27 39 99
39 27 99
27 72 267
72 27 267
28 54 705
54 28 705
28 37 995
37 28 995
28 37 627
37 28 627
28 74 441
74 28 441
29 52 989
52 29 989
29 57 399
57 29 399
29 31 880
31 29 880
29 54 269
54 29 269
29 74 750
74 29 750
29 37 753
37 29 753
29 65 393
65 29 393
30 41 667
41 30 667
30 34 946
34 30 946
30 59 492
59 30 492
31 36 182
36 31 182
31 37 236
37 31 236
31 46 822
46 31 822
32 60 897
60 32 897
32 55 641
55 32 641
32 56 900
56 32 900
32 48 780
48 32 780
33 49 576
49 33 576
33 45 571
45 33 571
33 50 308
50 33 308
33 49 79
49 33 79
33 48 575
48 33 575
33 56 805
56 33 805
33 56 372
56 33 372
34 50 882
50 34 882
34 54 410
54 34 410
35 38 589
38 35 589
35 47 1
47 35 1
35 66 199
66 35 199
36 66 142
66 36 142
36 47 245
47 36 245
36 63 130
63 36 130
37 46 596
46 37 596
38 45 522
45 38 522
39 41 94
41 39 94
39 51 143
51 39 143
39 71 778
71 39 778
39 42 569
42 39 569
39 54 751
54 39 751
39 71 827
71 39 827
40 51 354
51 40 354
40 65 210
65 40 210
41 46 990
46 41 990
41 56 49
56 41 49
42 66 512
66 42 512
42 52 700
52 42 700
43 59 963
59 43 963
43 61 860
61 43 860
43 74 119
74 43 119
43 67 973
67 43 973
44 45 579
45 44 579
44 72 999
72 44 999
44 55 62
55 44 62
44 55 638
55 44 638
44 47 130
47 44 130
44 57 452
57 44 452
44 66 130
66 44 130
45 46 939
46 45 939
45 51 639
51 45 639
46 49 468
49 46 468
46 53 62
53 46 62
46 70 149
70 46 149
47 61 44
61 47 44
47 52 683
52 47 683
48 57 785
57 48 785
51 62 833
62 51 833
51 65 453
65 51 453
52 66 561
66 52 561
53 65 900
65 53 900
53 53 226
53 53 226
54 65 176
65 54 176
54 74 845
74 54 845
57 73 327
73 57 327
58 64 512
64 58 512
59 73 786
73 59 786
59 66 578
66 59 578
59 68 174
68 59 174
62 66 430
66 62 430
62 68 323
68 62 323
62 64 105
64 62 105
66 72 904
72 66 904
67 69 623
69 67 623
69 74 375
74 69 375
