25

0 1 717
1 0 717
0 2 670
2 0 670
0 6 881
6 0 881
0 17 914
17 0 914
0 13 960
13 0 960
0 9 312
9 0 312
0 24 643
24 0 643
0 18 606
18 0 606
0 12 41
12 0 41
0 17 104
17 0 104
0 17 743
17 0 743
0 23 609
23 0 609
0 24 225
24 0 225
0 10 825
10 0 825
0 10 693
10 0 693
0 14 527
14 0 527
0 23 675
23 0 675
0 10 266
10 0 266
0 8 797
8 0 797
0 2 38
2 0 38
0 20 903
20 0 903
0 10 194
10 0 194
0 10 433
10 0 433
1 3 49
3 1 49
1 22 572
22 1 572
1 24 238
24 1 238
1 18 72
18 1 72
1 19 384
19 1 384
1 14 12
14 1 12
1 15 336
15 1 336
1 10 746
10 1 746
1 23 506
23 1 506
1 12 652
12 1 652
1 21 628
21 1 628
1 11 894
11 1 894
1 10 385
10 1 385
1 24 495
24 1 495
1 2 788
2 1 788
1 10 419
10 1 419
1 6 66
6 1 66
1 2 371
2 1 371
2 18 759
18 2 759
2 21 1
21 2 1
2 14 340
14 2 340
2 19 145
19 2 145
2 10 213
10 2 213
2 24 805
24 2 805
2 21 622
21 2 622
2 16 664
16 2 664
2 17 132
17 2 132
2 7 865
7 2 865
2 12 197
12 2 197
2 17 130
17 2 130
2 16 336
16 2 336
2 24 816
24 2 816
2 10 482
10 2 482
2 11 856
11 2 856
2 18 53
18 2 53
2 11 738
11 2 738
2 16 937
16 2 937
2 15 552
15 2 552
2 13 822
13 2 822
2 10 103
10 2 103
3 4 400
4 3 400
3 8 102
8 3 102
3 16 45
16 3 45
3 23 814
23 3 814
3 7 452
7 3 452
3 21 580
21 3 580
3 19 692
19 3 692
3 17 482
17 3 482
3 13 42
13 3 42
3 5 358
5 3 358
3 11 307
11 3 307
3 9 659
9 3 659
3 5 803
5 3 803
3 16 303
16 3 303
3 9 278
9 3 278
3 17 569
17 3 569
3 5 466
5 3 466
3 21 511
21 3 511
3 16 874
16 3 874
3 21 533
21 3 533
3 20 308
20 3 308
4 5 309
5 4 309
4 7 855
7 4 855
4 10 836
10 4 836
4 12 135
12 4 135
4 24 830
24 4 830
4 8 255
8 4 255
4 15 369
15 4 369
4 19 905
19 4 905
4 11 317
11 4 317
4 11 291
11 4 291
4 11 553
11 4 553
4 23 450
23 4 450
4 23 159
23 4 159
4 8 508
8 4 508
4 10 895
10 4 895
4 6 310
6 4 310
4 22 303
22 4 303
5 9 99
9 5 99
5 20 864
20 5 864
5 11 573
11 5 573
5 13 137
13 5 137
5 17 894
17 5 894
5 16 690
16 5 690
5 17 855
17 5 855
5 6 778
6 5 778
5 14 459
14 5 459
5 11 706
11 5 706
5 23 913
23 5 913
5 10 58
10 5 58
5 14 896
14 5 896
5 11 259
11 5 259
5 7 319
7 5 319
5 8 801
8 5 801
5 12 198
12 5 198
5 6 752
6 5 752
5 7 390
7 5 390
6 14 493
14 6 493
6 21 452
21 6 452
6 23 831
23 6 831
6 10 787
10 6 787
6 18 51
18 6 51
6 19 660
19 6 660
6 14 560
14 6 560
6 20 227
20 6 227
6 9 768
9 6 768
6 11 472
11 6 472
6 22 645
22 6 645
6 9 69
9 6 69
6 6 845
6 6 845
6 9 574
9 6 574
6 14 35
14 6 35
6 19 103
19 6 103
7 11 827
11 7 827
7 13 683
13 7 683
7 18 665
18 7 665
7 12 755
12 7 755
7 21 327
21 7 327
7 17 854
17 7 854
7 23 558
23 7 558
7 17 322
17 7 322
7 18 397
18 7 397
7 14 825
14 7 825
7 24 247
24 7 247
7 10 789
10 7 789
7 12 478
12 7 478
7 15 931
15 7 931
7 19 466
19 7 466
7 7 196
7 7 196
8 14 923
14 8 923
8 12 188
12 8 188
8 9 351
9 8 351
8 12 528
12 8 528
8 23 688
23 8 688
8 10 822
10 8 822
8 18 401
18 8 401
8 17 444
17 8 444
8 11 53
11 8 53
8 20 895
20 8 895
8 19 714
19 8 714
8 19 320
19 8 320
8 16 164
16 8 164
9 10 30
10 9 30
9 23 879
23 9 879
9 21 847
21 9 847
9 9 889
9 9 889
9 16 694
16 9 694
9 23 729
23 9 729
9 18 602
18 9 602
9 19 663
19 9 663
9 9 739
9 9 739
9 14 837
14 9 837
9 13 602
13 9 602
9 14 544
14 9 544
9 22 528
22 9 528
9 20 39
20 9 39
9 10 638
10 9 638
9 22 1
22 9 1
9 24 209
24 9 209
9 19 902
19 9 902
10 13 289
13 10 289
10 10 510
10 10 510
10 11 287
11 10 287
10 18 724
18 10 724
10 19 712
19 10 712
10 14 184
14 10 184
10 24 143
24 10 143
10 12 340
12 10 340
10 12 164
12 10 164
10 15 715
15 10 715
10 15 541
15 10 541
10 19 970
19 10 970
10 21 486
21 10 486
10 22 729
22 10 729
10 23 32
23 10 32
11 21 325
21 11 325
11 23 368
23 11 368
11 19 159
19 11 159
11 17 367
17 11 367
11 15 943
15 11 943
11 19 908
19 11 908
11 17 584
17 11 584
11 17 14
17 11 14
11 24 206
24 11 206
11 17 359
17 11 359
11 21 7
21 11 7
11 15 417
15 11 417
11 17 379
17 11 379
11 16 555
16 11 555
11 11 98
11 11 98
12 19 44
19 12 44
12 24 744
24 12 744
12 21 347
21 12 347
12 20 803
20 12 803
12 15 74
15 12 74
12 23 5
23 12 5
12 18 594
18 12 594
12 15 606
15 12 606
12 13 590
13 12 590
12 15 710
15 12 710
12 16 945
16 12 945
12 24 197
24 12 197
12 17 365
17 12 365
12 12 39
12 12 39
12 19 302
19 12 302
12 13 843
13 12 843
12 14 550
14 12 550
12 13 266
13 12 266
13 15 330
15 13 330
13 23 230
23 13 230
13 16 572
16 13 572
13 17 910
17 13 910
13 14 777
14 13 777
13 21 930
21 13 930
13 19 269
19 13 269
13 24 818
24 13 818
13 20 613
20 13 613
13 14 443
14 13 443
13 22 816
22 13 816
13 18 99
18 13 99
13 23 847
23 13 847
13 13 411
13 13 411
14 18 287
18 14 287
14 20 234
20 14 234
14 15 753
15 14 753
14 23 10
23 14 10
14 24 246
24 14 246
14 15 22
15 14 22
14 22 364
22 14 364
14 23 746
23 14 746
14 18 912
18 14 912
14 16 996
16 14 996
15 19 298
19 15 298
15 16 538
16 15 538
15 18 204
18 15 204
15 17 744
17 15 744
15 23 437
23 15 437
15 18 817
18 15 817
15 23 831
23 15 831
15 20 186
20 15 186
16 17 196
17 16 196
16 18 123
18 16 123
16 17 628
17 16 628
16 16 338
16 16 338
16 21 184
21 16 184
16 22 813
22 16 813
16 20 414
20 16 414
16 19 862
19 16 862
16 22 218
22 16 218
17 17 821
17 17 821
17 20 987
20 17 987
17 24 104
24 17 104
17 18 55
18 17 55
18 23 240
23 18 240
18 22 143
22 18 143
18 21 126
21 18 126
18 22 195
22 18 195
18 22 941
22 18 941
18 22 358
22 18 358
18 20 667
20 18 667
19 20 73
20 19 73
19 21 865
21 19 865
19 23 247
23 19 247
20 23 989
23 20 989
20 20 311
20 20 311
20 21 440
21 20 440
21 24 686
24 21 686
21 23 418
23 21 418
21 24 318
24 21 318
23 23 788
23 23 788
23 24 769
24 23 769
24 24 618
24 24 618
