48

0 1 131
1 0 131
0 2 222
2 0 222
0 12 175
12 0 175
0 17 232
17 0 232
0 22 572
22 0 572
0 37 829
37 0 829
0 36 139
36 0 139
0 39 916
39 0 916
0 22 800
22 0 800
0 25 408
25 0 408
0 3 549
3 0 549
0 1 715
1 0 715
0 7 600
7 0 600
0 16 181
16 0 181
0 41 35
41 0 35
0 13 129
13 0 129
1 3 176
3 1 176
1 4 377
4 1 377
1 19 717
19 1 717
1 18 587
18 1 587
1 44 897
44 1 897
1 2 133
2 1 133
1 33 31
33 1 31
1 30 884
30 1 884
1 15 722
15 1 722
1 17 746
17 1 746
1 43 337
43 1 337
1 36 466
36 1 466
1 37 517
37 1 517
1 37 945
37 1 945
1 45 345
45 1 345
1 8 277
8 1 277
1 42 793
42 1 793
1 37 549
37 1 549
1 40 924
40 1 924
1 47 972
47 1 972
1 38 438
38 1 438
2 10 279
10 2 279
2 13 239
13 2 239
2 24 41
24 2 41
2 45 223
45 2 223
2 20 708
20 2 708
2 8 982
8 2 982
2 40 456
40 2 456
2 41 701
41 2 701
2 39 774
39 2 774
2 23 425
23 2 425
2 19 731
19 2 731
2 30 428
30 2 428
2 25 271
25 2 271
2 29 2
29 2 2
2 41 62
41 2 62
2 25 581
25 2 581
2 28 698
28 2 698
2 16 617
16 2 617
2 28 713
28 2 713
2 45 318
45 2 318
2 18 326
18 2 326
2 26 969
26 2 969
2 21 802
21 2 802
2 18 398
18 2 398
3 5 111
5 3 111
3 7 176
7 3 176
3 29 91
29 3 91
3 20 75
20 3 75
3 31 321
31 3 321
3 9 903
9 3 903
3 16 996
16 3 996
3 41 862
41 3 862
3 15 171
15 3 171
3 41 339
41 3 339
3 45 217
45 3 217
3 45 441
45 3 441
3 28 663
28 3 663
3 31 803
31 3 803
4 6 825
6 4 825
4 38 879
38 4 879
4 30 845
30 4 845
4 32 559
32 4 559
4 12 814
12 4 814
4 36 879
36 4 879
4 47 126
47 4 126
4 7 232
7 4 232
4 23 374
23 4 374
5 18 273
18 5 273
5 25 667
25 5 667
5 29 41
29 5 41
5 33 622
33 5 622
5 17 777
17 5 777
5 39 861
39 5 861
5 33 595
33 5 595
5 32 653
32 5 653
5 26 860
26 5 860
5 39 179
39 5 179
5 12 150
12 5 150
5 36 244
36 5 244
5 28 758
28 5 758
5 25 147
25 5 147
5 6 669
6 5 669
5 46 587
46 5 587
5 47 821
47 5 821
5 35 137
35 5 137
6 7 197
7 6 197
6 8 99
8 6 99
6 15 835
15 6 835
6 7 930
7 6 930
6 8 494
8 6 494
6 40 812
40 6 812
6 40 339
40 6 339
6 45 130
45 6 130
6 33 380
33 6 380
6 9 816
9 6 816
6 45 694
45 6 694
6 42 634
42 6 634
6 10 645
10 6 645
6 20 80
20 6 80
6 23 11
23 6 11
7 9 436
9 7 436
7 11 672
11 7 672
7 17 921
17 7 921
7 39 913
39 7 913
7 31 346
31 7 346
7 44 44
44 7 44
7 11 801
11 7 801
7 29 328
29 7 328
7 34 992
34 7 992
7 46 751
46 7 751
7 40 945
40 7 945
8 39 44
39 8 44
8 22 919
22 8 919
8 43 800
43 8 800
8 37 351
37 8 351
8 32 54
32 8 54
8 28 512
28 8 512
8 40 94
40 8 94
8 9 620
9 8 620
8 30 166
30 8 166
8 38 519
38 8 519
8 36 472
36 8 472
8 24 650
24 8 650
8 39 877
39 8 877
8 19 166
19 8 166
8 32 209
32 8 209
8 22 4
22 8 4
8 31 417
31 8 417
9 21 419
21 9 419
9 32 479
32 9 479
9 42 601
42 9 601
9 24 148
24 9 148
9 32 662
32 9 662
9 36 355
36 9 355
9 22 970
22 9 970
9 23 310
23 9 310
9 20 821
20 9 821
9 24 658
24 9 658
9 47 412
47 9 412
9 18 976
18 9 976
9 40 895
40 9 895
9 36 574
36 9 574
9 41 138
41 9 138
10 27 720
27 10 720
10 11 55
11 10 55
10 33 108
33 10 108
10 13 357
13 10 357
10 42 746
42 10 746
10 17 951
17 10 951
10 34 277
34 10 277
10 21 79
21 10 79
10 18 273
18 10 273
10 20 915
20 10 915
10 19 738
19 10 738
10 22 618
22 10 618
10 32 877
32 10 877
10 44 463
44 10 463
10 28 106
28 10 106
11 14 794
14 11 794
11 27 571
27 11 571
11 24 957
24 11 957
11 29 43
29 11 43
11 27 796
27 11 796
11 38 666
38 11 666
11 47 818
47 11 818
11 46 371
46 11 371
11 15 730
15 11 730
11 21 667
21 11 667
11 38 975
38 11 975
11 43 177
43 11 177
11 47 67
47 11 67
11 16 160
16 11 160
11 26 405
26 11 405
11 34 536
34 11 536
11 15 439
15 11 439
12 17 375
17 12 375
12 25 872
25 12 872
12 43 432
43 12 432
12 28 343
28 12 343
12 25 729
25 12 729
12 23 496
23 12 496
12 21 752
21 12 752
12 37 609
37 12 609
12 21 69
21 12 69
12 46 547
46 12 547
12 24 315
24 12 315
12 20 584
20 12 584
12 43 212
43 12 212
12 33 429
33 12 429
12 12 705
12 12 705
13 16 316
16 13 316
13 47 53
47 13 53
13 21 751
21 13 751
13 18 290
18 13 290
13 20 583
20 13 583
13 14 469
14 13 469
13 31 153
31 13 153
13 40 234
40 13 234
13 29 139
29 13 139
13 27 212
27 13 212
13 30 79
30 13 79
13 27 645
27 13 645
13 45 384
45 13 384
13 22 295
22 13 295
13 28 564
28 13 564
13 15 757
15 13 757
13 18 896
18 13 896
14 31 251
31 14 251
14 44 690
44 14 690
14 46 197
46 14 197
14 33 334
33 14 334
14 25 435
25 14 435
14 17 1000
17 14 1000
14 16 485
16 14 485
14 19 435
19 14 435
14 33 67
33 14 67
14 24 688
24 14 688
14 26 433
26 14 433
14 35 80
35 14 80
14 29 944
29 14 944
14 26 194
26 14 194
14 39 94
39 14 94
14 43 921
43 14 921
14 40 78
40 14 78
14 19 467
19 14 467
14 21 926
21 14 926
15 34 185
34 15 185
15 29 991
29 15 991
15 22 353
22 15 353
15 19 38
19 15 38
15 46 474
46 15 474
15 31 906
31 15 906
15 15 634
15 15 634
15 32 133
32 15 133
15 35 703
35 15 703
15 40 370
40 15 370
15 30 346
30 15 346
16 47 231
47 16 231
16 32 792
32 16 792
16 43 588
43 16 588
16 19 694
19 16 694
16 17 466
17 16 466
17 23 50
23 17 50
17 28 23
28 17 23
17 42 382
42 17 382
17 29 276
29 17 276
17 30 332
30 17 332
17 35 941
35 17 941
17 18 846
18 17 846
17 27 673
27 17 673
17 29 108
29 17 108
17 22 591
22 17 591
17 18 703
18 17 703
17 36 996
36 17 996
17 40 505
40 17 505
17 45 39
45 17 39
17 41 631
41 17 631
18 20 184
20 18 184
18 40 618
40 18 618
18 40 543
40 18 543
18 28 51
28 18 51
18 28 172
28 18 172
18 30 206
30 18 206
18 27 503
27 18 503
18 41 89
41 18 89
18 21 690
21 18 690
18 46 767
46 18 767
18 40 663
40 18 663
18 41 629
41 18 629
18 37 188
37 18 188
18 23 924
23 18 924
18 27 905
27 18 905
18 39 47
39 18 47
18 43 556
43 18 556
19 44 343
44 19 343
19 29 163
29 19 163
19 25 45
25 19 45
19 41 611
41 19 611
19 24 47
24 19 47
19 44 628
44 19 628
19 32 461
32 19 461
19 42 53
42 19 53
20 46 299
46 20 299
20 27 944
27 20 944
20 23 369
23 20 369
20 36 492
36 20 492
20 41 161
41 20 161
20 44 599
44 20 599
20 41 593
41 20 593
20 40 878
40 20 878
20 22 808
22 20 808
21 22 409
22 21 409
21 47 561
47 21 561
21 24 56
24 21 56
21 40 747
40 21 747
21 27 381
27 21 381
21 32 163
32 21 163
21 46 937
46 21 937
21 32 372
32 21 372
21 22 464
22 21 464
21 28 13
28 21 13
22 41 706
41 22 706
22 36 178
36 22 178
22 33 241
33 22 241
22 42 96
42 22 96
22 40 291
40 22 291
22 42 957
42 22 957
22 24 933
24 22 933
23 26 450
26 23 450
23 30 987
30 23 987
23 35 313
35 23 313
23 41 944
41 23 944
23 27 645
27 23 645
23 24 82
24 23 82
23 40 160
40 23 160
23 35 546
35 23 546
23 28 663
28 23 663
24 27 473
27 24 473
24 27 859
27 24 859
24 44 844
44 24 844
24 42 321
42 24 321
24 28 941
28 24 941
24 26 240
26 24 240
24 32 639
32 24 639
24 42 287
42 24 287
24 25 895
25 24 895
25 37 709
37 25 709
25 32 617
32 25 617
25 26 343
26 25 343
25 30 193
30 25 193
25 40 658
40 25 658
26 33 563
33 26 563
26 36 42
36 26 42
26 45 706
45 26 706
26 29 145
29 26 145
26 38 862
38 26 862
26 36 864
36 26 864
26 33 90
33 26 90
26 47 56
47 26 56
26 34 281
34 26 281
26 39 346
39 26 346
26 27 206
27 26 206
26 37 877
37 26 877
26 30 996
30 26 996
27 42 632
42 27 632
27 43 963
43 27 963
27 29 217
29 27 217
27 40 594
40 27 594
28 30 81
30 28 81
28 45 821
45 28 821
28 40 500
40 28 500
28 40 839
40 28 839
28 41 513
41 28 513
28 43 238
43 28 238
29 35 939
35 29 939
29 45 336
45 29 336
29 34 165
34 29 165
29 30 173
30 29 173
30 41 512
41 30 512
30 43 150
43 30 150
30 36 916
36 30 916
30 44 423
44 30 423
30 38 833
38 30 833
30 34 131
34 30 131
31 32 112
32 31 112
31 43 92
43 31 92
31 38 501
38 31 501
32 38 846
38 32 846
32 42 35
42 32 35
32 46 208
46 32 208
33 47 729
47 33 729
33 37 91
37 33 91
34 45 810
45 34 810
34 35 768
35 34 768
34 40 679
40 34 679
34 34 118
34 34 118
35 36 520
36 35 520
35 45 102
45 35 102
35 44 91
44 35 91
35 37 193
37 35 193
35 42 161
42 35 161
36 41 114
41 36 114
36 40 255
40 36 255
36 42 296
42 36 296
36 45 374
45 36 374
36 38 697
38 36 697
37 41 785
41 37 785
37 39 589
39 37 589
38 39 19
39 38 19
38 39 37
39 38 37
39 45 96
45 39 96
39 39 587
39 39 587
40 44 222
44 40 222
40 47 150
47 40 150
40 44 370
44 40 370
40 47 511
47 40 511
41 44 775
44 41 775
42 46 577
46 42 577
43 46 382
46 43 382
43 47 962
47 43 962
