95

0 1 502
1 0 502
0 2 638
2 0 638
0 9 649
9 0 649
0 44 287
44 0 287
0 64 117
64 0 117
0 9 957
9 0 957
0 44 106
44 0 106
0 93 435
93 0 435
0 85 61
85 0 61
0 61 738
61 0 738
0 50 474
50 0 474
0 44 113
44 0 113
0 59 20
59 0 20
1 12 530
12 1 530
1 24 622
24 1 622
1 26 421
26 1 421
1 93 483
93 1 483
1 93 326
93 1 326
1 25 510
25 1 510
1 32 803
32 1 803
1 12 623
12 1 623
1 24 763
24 1 763
1 79 554
79 1 554
1 52 108
52 1 108
1 16 415
16 1 415
1 65 157
65 1 157
1 7 632
7 1 632
2 3 21
3 2 21
2 5 198
5 2 198
2 30 374
30 2 374
2 76 975
76 2 975
2 24 762
24 2 762
2 56 182
56 2 182
2 21 863
21 2 863
2 73 809
73 2 809
2 21 375
21 2 375
2 49 85
49 2 85
2 85 596
85 2 596
2 42 701
42 2 701
2 26 742
26 2 742
2 28 465
28 2 465
2 79 847
79 2 847
2 59 770
59 2 770
2 94 378
94 2 378
2 58 628
58 2 628
3 4 133
4 3 133
3 11 197
11 3 197
3 21 305
21 3 305
3 42 707
42 3 707
3 22 131
22 3 131
3 16 308
16 3 308
3 41 440
41 3 440
3 3 224
3 3 224
3 86 674
86 3 674
3 23 353
23 3 353
3 70 331
70 3 331
3 86 782
86 3 782
3 77 360
77 3 360
4 6 280
6 4 280
4 7 352
7 4 352
4 41 237
41 4 237
4 68 897
68 4 897
4 91 831
91 4 831
4 6 454
6 4 454
4 25 76
25 4 76
4 25 873
25 4 873
4 47 39
47 4 39
4 36 658
36 4 658
4 58 716
58 4 716
4 59 742
59 4 742
4 65 89
65 4 89
4 91 150
91 4 150
4 13 870
13 4 870
4 35 37
35 4 37
4 54 482
54 4 482
4 13 284
13 4 284
4 8 770
8 4 770
4 54 373
54 4 373
4 77 912
77 4 912
4 26 192
26 4 192
4 81 271
81 4 271
4 68 649
68 4 649
5 19 749
19 5 749
5 20 242
20 5 242
5 53 835
53 5 835
5 11 498
11 5 498
5 25 558
25 5 558
5 55 448
55 5 448
5 11 585
11 5 585
5 84 287
84 5 287
5 31 931
31 5 931
5 64 498
64 5 498
5 39 419
39 5 419
5 37 937
37 5 937
5 11 620
11 5 620
5 94 769
94 5 769
5 64 426
64 5 426
5 60 231
60 5 231
5 84 235
84 5 235
6 8 461
8 6 461
6 18 575
18 6 575
6 75 125
75 6 125
6 74 672
74 6 672
6 19 239
19 6 239
6 39 295
39 6 295
6 85 812
85 6 812
6 72 65
72 6 65
6 88 857
88 6 857
6 58 779
58 6 779
6 72 361
72 6 361
6 35 234
35 6 234
6 79 68
79 6 68
6 46 576
46 6 576
6 32 334
32 6 334
6 14 837
14 6 837
6 26 716
26 6 716
6 37 107
37 6 107
6 51 657
51 6 657
6 64 497
64 6 497
6 37 175
37 6 175
6 79 714
79 6 714
6 59 55
59 6 55
7 17 875
17 7 875
7 70 315
70 7 315
7 49 643
49 7 643
7 72 174
72 7 174
7 55 160
55 7 160
7 64 859
64 7 859
7 53 550
53 7 550
7 92 96
92 7 96
7 64 115
64 7 115
7 17 210
17 7 210
7 54 900
54 7 900
7 74 348
74 7 348
7 39 712
39 7 712
7 34 799
34 7 799
7 9 905
9 7 905
7 20 985
20 7 985
7 24 62
24 7 62
8 10 540
10 8 540
8 15 389
15 8 389
8 42 638
42 8 638
8 69 681
69 8 681
8 65 268
65 8 268
8 85 274
85 8 274
8 79 266
79 8 266
8 13 196
13 8 196
8 32 506
32 8 506
8 59 794
59 8 794
8 42 914
42 8 914
8 58 23
58 8 23
8 14 983
14 8 983
8 11 59
11 8 59
8 10 254
10 8 254
9 14 647
14 9 647
9 16 625
16 9 625
9 36 748
36 9 748
9 15 865
15 9 865
9 20 958
20 9 958
9 13 667
13 9 667
9 34 806
34 9 806
9 41 63
41 9 63
9 53 867
53 9 867
9 41 942
41 9 942
9 83 126
83 9 126
9 86 955
86 9 955
9 73 883
73 9 883
9 55 152
55 9 152
9 46 389
46 9 389
10 88 674
88 10 674
10 94 959
94 10 959
10 21 660
21 10 660
10 92 322
92 10 322
10 40 42
40 10 42
10 54 183
54 10 183
10 13 211
13 10 211
10 35 708
35 10 708
10 85 610
85 10 610
10 86 803
86 10 803
10 25 833
25 10 833
11 62 654
62 11 654
11 61 815
61 11 815
11 68 627
68 11 627
11 37 982
37 11 982
11 78 561
78 11 561
11 65 673
65 11 673
11 52 609
52 11 609
11 93 69
93 11 69
11 92 948
92 11 948
11 64 619
64 11 619
11 65 426
65 11 426
11 85 818
85 11 818
12 13 369
13 12 369
12 39 252
39 12 252
12 84 396
84 12 396
12 24 728
24 12 728
12 36 168
36 12 168
12 66 387
66 12 387
12 36 892
36 12 892
12 80 153
80 12 153
12 91 41
91 12 41
12 93 899
93 12 899
12 24 671
24 12 671
12 70 427
70 12 427
12 67 698
67 12 698
12 89 523
89 12 523
12 54 865
54 12 865
12 77 938
77 12 938
12 45 870
45 12 870
13 46 211
46 13 211
13 87 639
87 13 639
13 34 690
34 13 690
13 26 519
26 13 519
13 24 146
24 13 146
13 29 240
29 13 240
13 41 866
41 13 866
13 49 964
49 13 964
13 78 593
78 13 593
13 93 647
93 13 647
13 43 954
43 13 954
13 26 472
26 13 472
13 19 876
19 13 876
14 22 948
22 14 948
14 23 846
23 14 846
14 25 307
25 14 307
14 56 725
56 14 725
14 38 155
38 14 155
14 36 222
36 14 222
14 40 140
40 14 140
14 28 109
28 14 109
14 90 926
90 14 926
14 23 30
23 14 30
14 79 197
79 14 197
14 37 37
37 14 37
14 21 772
21 14 772
14 41 319
41 14 319
14 22 730
22 14 730
14 48 113
48 14 113
15 28 712
28 15 712
15 66 738
66 15 738
15 37 506
37 15 506
15 64 466
64 15 466
15 84 698
84 15 698
15 30 500
30 15 500
15 57 645
57 15 645
15 91 860
91 15 860
15 85 736
85 15 736
15 63 257
63 15 257
15 26 452
26 15 452
16 38 440
38 16 440
16 35 426
35 16 426
16 80 620
80 16 620
16 69 82
69 16 82
16 54 961
54 16 961
16 43 478
43 16 478
16 53 586
53 16 586
16 25 616
25 16 616
16 33 207
33 16 207
16 55 733
55 16 733
16 88 600
88 16 600
16 79 469
79 16 469
17 93 382
93 17 382
17 83 374
83 17 374
17 69 151
69 17 151
17 66 157
66 17 157
17 19 217
19 17 217
17 51 610
51 17 610
17 24 396
24 17 396
17 54 95
54 17 95
17 42 911
42 17 911
17 19 214
19 17 214
17 60 256
60 17 256
17 84 914
84 17 914
17 66 394
66 17 394
17 94 314
94 17 314
17 31 335
31 17 335
18 33 233
33 18 233
18 91 610
91 18 610
18 57 702
57 18 702
18 53 222
53 18 222
18 69 151
69 18 151
18 75 286
75 18 286
18 25 556
25 18 556
18 25 441
25 18 441
18 18 26
18 18 26
18 69 450
69 18 450
18 79 976
79 18 976
18 36 885
36 18 885
18 67 834
67 18 834
18 21 462
21 18 462
18 41 89
41 18 89
18 76 616
76 18 616
19 32 807
32 19 807
19 26 341
26 19 341
19 59 758
59 19 758
19 78 661
78 19 661
19 93 299
93 19 299
19 68 649
68 19 649
19 25 18
25 19 18
19 68 702
68 19 702
19 91 411
91 19 411
19 51 741
51 19 741
19 58 984
58 19 984
19 43 763
43 19 763
19 56 931
56 19 931
19 34 818
34 19 818
19 39 54
39 19 54
19 38 985
38 19 985
20 29 449
29 20 449
20 38 360
38 20 360
20 85 556
85 20 556
20 34 849
34 20 849
20 30 501
30 20 501
20 51 46
51 20 46
20 58 798
58 20 798
20 22 569
22 20 569
20 64 135
64 20 135
20 77 248
77 20 248
20 26 139
26 20 139
20 79 708
79 20 708
20 43 610
43 20 610
20 49 690
49 20 690
20 66 91
66 20 91
20 86 483
86 20 483
20 69 290
69 20 290
20 49 109
49 20 109
20 55 102
55 20 102
20 35 228
35 20 228
20 91 690
91 20 690
21 65 971
65 21 971
21 22 853
22 21 853
21 94 712
94 21 712
21 82 24
82 21 24
21 75 634
75 21 634
21 37 51
37 21 51
21 81 950
81 21 950
21 42 907
42 21 907
21 90 827
90 21 827
21 23 205
23 21 205
21 70 263
70 21 263
21 25 862
25 21 862
21 63 899
63 21 899
22 27 921
27 22 921
22 45 13
45 22 13
22 49 627
49 22 627
22 66 528
66 22 528
22 26 866
26 22 866
22 38 314
38 22 314
22 79 505
79 22 505
22 86 960
86 22 960
22 53 983
53 22 983
22 32 919
32 22 919
22 37 566
37 22 566
22 84 772
84 22 772
22 59 178
59 22 178
22 73 931
73 22 931
23 59 694
59 23 694
23 57 262
57 23 262
23 75 397
75 23 397
23 48 841
48 23 841
23 77 477
77 23 477
23 56 656
56 23 656
23 41 660
41 23 660
23 40 596
40 23 596
23 87 748
87 23 748
23 47 541
47 23 541
23 39 28
39 23 28
23 85 96
85 23 96
23 46 147
46 23 147
23 25 748
25 23 748
24 87 925
87 24 925
24 56 83
56 24 83
24 56 350
56 24 350
24 88 207
88 24 207
24 59 104
59 24 104
24 32 727
32 24 727
24 62 179
62 24 179
24 33 184
33 24 184
25 60 474
60 25 474
25 60 513
60 25 513
25 81 285
81 25 285
25 32 334
32 25 334
25 43 836
43 25 836
25 41 317
41 25 317
25 75 910
75 25 910
25 64 871
64 25 871
25 68 197
68 25 197
25 53 382
53 25 382
25 50 739
50 25 739
25 50 750
50 25 750
25 35 913
35 25 913
25 47 753
47 25 753
25 33 901
33 25 901
25 75 322
75 25 322
25 62 373
62 25 373
25 57 88
57 25 88
25 29 876
29 25 876
25 54 864
54 25 864
26 48 223
48 26 223
26 56 841
56 26 841
26 34 739
34 26 739
26 46 233
46 26 233
26 58 268
58 26 268
26 44 53
44 26 53
26 54 896
54 26 896
26 48 923
48 26 923
26 53 451
53 26 451
26 27 260
27 26 260
26 85 389
85 26 389
27 31 444
31 27 444
27 37 414
37 27 414
27 40 829
40 27 829
27 44 113
44 27 113
27 47 71
47 27 71
27 55 196
55 27 196
27 38 866
38 27 866
27 29 914
29 27 914
27 82 93
82 27 93
27 88 992
88 27 992
27 57 280
57 27 280
27 89 817
89 27 817
27 70 76
70 27 76
27 72 203
72 27 203
27 63 47
63 27 47
27 45 405
45 27 405
28 50 537
50 28 537
28 61 668
61 28 668
28 54 965
54 28 965
28 80 55
80 28 55
28 39 875
39 28 875
28 81 853
81 28 853
28 94 279
94 28 279
28 72 634
72 28 634
28 61 98
61 28 98
29 47 726
47 29 726
29 92 459
92 29 459
29 69 520
69 29 520
29 74 479
74 29 479
29 52 501
52 29 501
29 79 171
79 29 171
29 40 680
40 29 680
29 76 922
76 29 922
29 63 610
63 29 610
29 62 629
62 29 629
29 63 738
63 29 738
29 57 422
57 29 422
30 34 315
34 30 315
30 69 549
69 30 549
30 31 858
31 30 858
30 34 510
34 30 510
30 92 638
92 30 638
30 75 200
75 30 200
30 50 190
50 30 190
30 85 525
85 30 525
30 92 523
92 30 523
30 49 514
49 30 514
30 45 271
45 30 271
30 33 541
33 30 541
30 70 580
70 30 580
30 90 971
90 30 971
30 40 18
40 30 18
30 59 510
59 30 510
31 78 702
78 31 702
31 67 783
67 31 783
32 61 715
61 32 715
32 86 946
86 32 946
32 51 606
51 32 606
32 42 78
42 32 78
32 80 163
80 32 163
32 51 355
51 32 355
32 69 751
69 32 751
33 55 180
55 33 180
33 75 908
75 33 908
33 66 107
66 33 107
33 90 570
90 33 570
33 85 301
85 33 301
33 72 942
72 33 942
33 73 661
73 33 661
33 67 717
67 33 717
33 64 294
64 33 294
33 68 795
68 33 795
33 55 797
55 33 797
33 84 792
84 33 792
34 35 133
35 34 133
34 52 138
52 34 138
34 65 447
65 34 447
34 48 771
48 34 771
34 64 697
64 34 697
34 52 330
52 34 330
34 62 987
62 34 987
34 55 396
55 34 396
34 78 542
78 34 542
34 60 555
60 34 555
34 69 201
69 34 201
35 87 443
87 35 443
35 83 866
83 35 866
35 71 487
71 35 487
35 79 245
79 35 245
35 37 472
37 35 472
35 57 72
57 35 72
35 81 326
81 35 326
35 83 833
83 35 833
35 85 510
85 35 510
35 77 490
77 35 490
35 65 610
65 35 610
35 37 951
37 35 951
35 58 809
58 35 809
35 53 576
53 35 576
35 80 927
80 35 927
36 43 63
43 36 63
36 49 817
49 36 817
36 62 842
62 36 842
36 80 538
80 36 538
36 94 760
94 36 760
36 74 340
74 36 340
36 79 313
79 36 313
36 87 342
87 36 342
36 59 358
59 36 358
36 71 641
71 36 641
36 88 668
88 36 668
36 56 24
56 36 24
36 71 531
71 36 531
36 40 378
40 36 378
37 42 907
42 37 907
37 73 706
73 37 706
37 47 885
47 37 885
37 64 349
64 37 349
37 93 541
93 37 541
37 46 27
46 37 27
37 68 721
68 37 721
37 70 492
70 37 492
37 41 732
41 37 732
37 47 48
47 37 48
37 61 28
61 37 28
37 43 119
43 37 119
37 56 510
56 37 510
37 83 253
83 37 253
38 54 895
54 38 895
38 41 310
41 38 310
38 46 772
46 38 772
38 51 682
51 38 682
38 76 24
76 38 24
38 47 10
47 38 10
38 80 863
80 38 863
38 67 673
67 38 673
38 90 858
90 38 858
38 67 303
67 38 303
38 73 754
73 38 754
38 55 255
55 38 255
39 48 910
48 39 910
39 73 153
73 39 153
39 81 824
81 39 824
39 73 700
73 39 700
39 46 490
46 39 490
39 66 864
66 39 864
39 59 110
59 39 110
39 41 888
41 39 888
39 43 875
43 39 875
40 93 26
93 40 26
40 56 624
56 40 624
40 63 712
63 40 712
40 82 24
82 40 24
40 59 745
59 40 745
40 49 370
49 40 370
40 51 116
51 40 116
41 73 33
73 41 33
41 88 187
88 41 187
41 59 78
59 41 78
41 43 993
43 41 993
41 66 786
66 41 786
41 48 303
48 41 303
41 68 599
68 41 599
41 66 937
66 41 937
42 53 611
53 42 611
42 70 973
70 42 973
42 87 485
87 42 485
42 71 659
71 42 659
42 91 879
91 42 879
43 78 631
78 43 631
43 50 193
50 43 193
43 93 700
93 43 700
43 58 516
58 43 516
43 94 113
94 43 113
43 61 880
61 43 880
43 76 843
76 43 843
43 70 270
70 43 270
43 50 378
50 43 378
43 68 935
68 43 935
43 81 203
81 43 203
43 89 814
89 43 814
44 50 594
50 44 594
44 72 676
72 44 676
44 90 423
90 44 423
44 46 597
46 44 597
44 86 963
86 44 963
44 70 83
70 44 83
44 47 743
47 44 743
44 80 314
80 44 314
44 59 375
59 44 375
44 45 103
45 44 103
45 65 82
65 45 82
45 59 407
59 45 407
45 62 369
62 45 369
45 47 627
47 45 627
45 77 598
77 45 598
45 60 412
60 45 412
45 66 740
66 45 740
45 85 392
85 45 392
45 79 158
79 45 158
45 66 347
66 45 347
46 51 708
51 46 708
46 63 400
63 46 400
46 94 916
94 46 916
46 83 453
83 46 453
46 89 19
89 46 19
46 80 460
80 46 460
46 78 95
78 46 95
46 78 553
78 46 553
46 75 975
75 46 975
46 73 44
73 46 44
46 65 215
65 46 215
46 79 501
79 46 501
46 78 351
78 46 351
47 54 92
54 47 92
47 80 981
80 47 981
47 77 409
77 47 409
47 75 1000
75 47 1000
47 52 379
52 47 379
47 80 802
80 47 802
47 81 269
81 47 269
47 91 869
91 47 869
47 92 183
92 47 183
47 94 96
94 47 96
47 76 762
76 47 762
47 69 2
69 47 2
47 47 271
47 47 271
48 63 831
63 48 831
48 81 838
81 48 838
48 91 830
91 48 830
48 73 348
73 48 348
48 66 198
66 48 198
49 71 943
71 49 943
49 60 654
60 49 654
49 84 136
84 49 136
49 66 217
66 49 217
49 84 222
84 49 222
49 65 317
65 49 317
49 84 705
84 49 705
50 81 766
81 50 766
50 90 109
90 50 109
50 75 412
75 50 412
50 57 17
57 50 17
50 86 597
86 50 597
50 73 111
73 50 111
50 73 787
73 50 787
50 85 76
85 50 76
50 80 899
80 50 899
51 57 499
57 51 499
51 89 86
89 51 86
51 68 105
68 51 105
51 67 720
67 51 720
51 58 626
58 51 626
51 76 669
76 51 669
51 63 179
63 51 179
51 57 145
57 51 145
52 67 522
67 52 522
52 92 678
92 52 678
52 54 931
54 52 931
52 91 39
91 52 39
52 87 6
87 52 6
52 59 421
59 52 421
52 91 411
91 52 411
52 80 858
80 52 858
52 62 684
62 52 684
52 69 995
69 52 995
52 85 938
85 52 938
52 56 337
56 52 337
52 87 518
87 52 518
52 88 993
88 52 993
52 82 1
82 52 1
53 89 656
89 53 656
53 64 471
64 53 471
53 66 613
66 53 613
54 71 49
71 54 49
54 67 181
67 54 181
54 59 25
59 54 25
54 69 747
69 54 747
54 67 976
67 54 976
54 69 568
69 54 568
54 72 377
72 54 377
55 94 429
94 55 429
55 81 787
81 55 787
55 86 182
86 55 182
55 85 616
85 55 616
56 58 898
58 56 898
56 86 678
86 56 678
56 65 698
65 56 698
56 60 716
60 56 716
56 71 225
71 56 225
56 69 98
69 56 98
57 64 206
64 57 206
57 81 586
81 57 586
57 81 328
81 57 328
57 80 264
80 57 264
57 92 336
92 57 336
57 84 965
84 57 965
57 67 849
67 57 849
58 85 885
85 58 885
58 60 770
60 58 770
58 88 54
88 58 54
59 74 45
74 59 45
59 71 581
71 59 581
59 69 781
69 59 781
59 92 262
92 59 262
59 73 48
73 59 48
60 91 112
91 60 112
60 94 401
94 60 401
60 70 354
70 60 354
60 80 992
80 60 992
60 65 926
65 60 926
61 71 907
71 61 907
61 88 47
88 61 47
61 62 25
62 61 25
61 90 368
90 61 368
61 72 457
72 61 457
61 91 498
91 61 498
62 71 199
71 62 199
62 85 140
85 62 140
62 62 358
62 62 358
62 66 453
66 62 453
63 79 52
79 63 52
63 77 659
77 63 659
63 88 981
88 63 981
63 67 83
67 63 83
63 71 904
71 63 904
63 84 228
84 63 228
64 91 832
91 64 832
65 82 532
82 65 532
65 72 764
72 65 764
65 69 260
69 65 260
65 85 529
85 65 529
65 76 41
76 65 41
65 70 373
70 65 373
65 76 373
76 65 373
66 80 983
80 66 983
66 77 556
77 66 556
66 78 183
78 66 183
66 84 273
84 66 273
67 67 790
67 67 790
67 76 451
76 67 451
67 91 1
91 67 1
68 83 213
83 68 213
68 71 333
71 68 333
68 85 117
85 68 117
68 79 588
79 68 588
69 84 275
84 69 275
69 78 29
78 69 29
69 74 312
74 69 312
69 71 645
71 69 645
69 70 843
70 69 843
70 83 941
83 70 941
70 90 595
90 70 595
70 86 909
86 70 909
70 80 170
80 70 170
70 77 521
77 70 521
71 89 77
89 71 77
71 86 961
86 71 961
71 83 462
83 71 462
71 76 166
76 71 166
72 77 976
77 72 976
72 93 916
93 72 916
72 92 861
92 72 861
72 76 592
76 72 592
72 77 569
77 72 569
72 91 762
91 72 762
72 77 802
77 72 802
73 80 443
80 73 443
73 75 464
75 73 464
73 94 603
94 73 603
73 77 10
77 73 10
74 93 587
93 74 587
74 76 254
76 74 254
74 93 18
93 74 18
74 82 145
82 74 145
74 88 702
88 74 702
74 93 721
93 74 721
75 88 156
88 75 156
75 88 236
88 75 236
75 77 542
77 75 542
76 90 341
90 76 341
76 89 703
89 76 703
76 87 595
87 76 595
77 79 689
79 77 689
77 80 164
80 77 164
78 82 191
82 78 191
78 93 967
93 78 967
78 80 496
80 78 496
78 87 629
87 78 629
78 94 27
94 78 27
79 82 40
82 79 40
79 80 275
80 79 275
80 82 430
82 80 430
80 92 727
92 80 727
81 94 642
94 81 642
82 82 917
82 82 917
82 85 275
85 82 275
83 86 430
86 83 430
83 94 744
94 83 744
84 89 614
89 84 614
85 94 416
94 85 416
87 88 451
88 87 451
88 91 559
91 88 559
88 91 889
91 88 889
88 92 632
92 88 632
88 92 454
92 88 454
88 90 374
90 88 374
90 91 859
91 90 859
90 92 481
92 90 481
91 93 160
93 91 160
92 93 69
93 92 69
