74

0 1 136
1 0 136
0 2 318
2 0 318
0 5 49
5 0 49
0 8 928
8 0 928
0 9 114
9 0 114
0 50 402
50 0 402
0 7 718
7 0 718
0 41 583
41 0 583
0 45 865
45 0 865
0 41 167
41 0 167
0 43 637
43 0 637
0 26 271
26 0 271
0 57 962
57 0 962
0 53 567
53 0 567
0 65 891
65 0 891
0 40 308
40 0 308
0 12 796
12 0 796
0 6 316
6 0 316
0 15 801
15 0 801
0 35 913
35 0 913
0 9 18
9 0 18
0 52 210
52 0 210
0 47 102
47 0 102
0 28 81
28 0 81
0 41 838
41 0 838
0 14 725
14 0 725
0 8 467
8 0 467
0 60 195
60 0 195
0 63 377
63 0 377
1 6 134
6 1 134
1 73 65
73 1 65
1 5 360
5 1 360
1 50 507
50 1 507
1 38 301
38 1 301
1 64 301
64 1 301
1 50 290
50 1 290
1 10 165
10 1 165
1 71 288
71 1 288
1 35 662
35 1 662
1 70 840
70 1 840
1 58 799
58 1 799
1 68 681
68 1 681
1 43 616
43 1 616
1 2 617
2 1 617
1 44 317
44 1 317
1 22 396
22 1 396
1 27 439
27 1 439
1 30 645
30 1 645
1 65 845
65 1 845
1 20 205
20 1 205
1 67 167
67 1 167
1 2 911
2 1 911
1 20 625
20 1 625
1 15 789
15 1 789
1 35 212
35 1 212
1 63 735
63 1 735
2 3 481
3 2 481
2 4 845
4 2 845
2 18 271
18 2 271
2 39 119
39 2 119
2 73 418
73 2 418
2 7 502
7 2 502
2 44 447
44 2 447
2 39 471
39 2 471
2 19 495
19 2 495
2 71 248
71 2 248
2 71 104
71 2 104
2 53 437
53 2 437
2 69 459
69 2 459
2 3 268
3 2 268
2 13 878
13 2 878
2 54 621
54 2 621
2 62 543
62 2 543
2 9 517
9 2 517
2 15 452
15 2 452
2 21 604
21 2 604
2 45 625
45 2 625
2 3 971
3 2 971
2 71 788
71 2 788
2 25 67
25 2 67
2 50 192
50 2 192
3 10 32
10 3 32
3 21 533
21 3 533
3 4 746
4 3 746
3 55 323
55 3 323
3 26 251
26 3 251
3 52 614
52 3 614
3 60 913
60 3 913
3 8 990
8 3 990
3 37 96
37 3 96
3 42 910
42 3 910
3 29 845
29 3 845
3 33 396
33 3 396
3 73 194
73 3 194
3 40 257
40 3 257
3 27 284
27 3 284
3 57 379
57 3 379
3 32 989
32 3 989
3 67 518
67 3 518
3 55 551
55 3 551
3 71 178
71 3 178
3 8 259
8 3 259
3 20 864
20 3 864
3 60 370
60 3 370
4 11 162
11 4 162
4 60 168
60 4 168
4 37 177
37 4 177
4 12 480
12 4 480
4 5 348
5 4 348
4 61 959
61 4 959
4 60 329
60 4 329
4 25 367
25 4 367
4 14 888
14 4 888
4 40 481
40 4 481
4 41 454
41 4 454
4 11 856
11 4 856
4 14 871
14 4 871
4 15 981
15 4 981
4 4 523
4 4 523
4 39 658
39 4 658
4 14 238
14 4 238
4 60 486
60 4 486
4 54 262
54 4 262
4 29 460
29 4 460
4 23 994
23 4 994
5 7 864
7 5 864
5 14 950
14 5 950
5 19 8
19 5 8
5 22 847
22 5 847
5 9 475
9 5 475
5 57 622
57 5 622
5 59 305
59 5 305
5 68 43
68 5 43
5 18 174
18 5 174
5 42 765
42 5 765
5 22 597
22 5 597
5 45 488
45 5 488
5 57 105
57 5 105
5 6 608
6 5 608
5 13 2
13 5 2
5 14 474
14 5 474
5 61 128
61 5 128
5 69 864
69 5 864
5 61 558
61 5 558
5 30 245
30 5 245
5 40 132
40 5 132
5 41 820
41 5 820
5 29 9
29 5 9
5 24 73
24 5 73
5 11 785
11 5 785
6 12 374
12 6 374
6 58 300
58 6 300
6 65 25
65 6 25
6 29 501
29 6 501
6 47 178
47 6 178
6 39 135
39 6 135
6 29 696
29 6 696
6 40 12
40 6 12
6 17 465
17 6 465
6 8 509
8 6 509
6 66 904
66 6 904
6 41 23
41 6 23
6 48 856
48 6 856
6 68 601
68 6 601
6 65 713
65 6 713
6 62 67
62 6 67
6 13 120
13 6 120
6 66 252
66 6 252
6 50 496
50 6 496
6 40 861
40 6 861
6 52 311
52 6 311
6 34 247
34 6 247
6 15 478
15 6 478
6 39 344
39 6 344
6 41 413
41 6 413
6 65 266
65 6 266
6 20 873
20 6 873
6 39 281
39 6 281
6 10 484
10 6 484
6 66 677
66 6 677
6 73 293
73 6 293
7 55 51
55 7 51
7 36 576
36 7 576
7 35 415
35 7 415
7 23 367
23 7 367
7 24 525
24 7 525
7 66 985
66 7 985
7 46 247
46 7 247
7 42 482
42 7 482
7 52 382
52 7 382
7 12 869
12 7 869
7 13 848
13 7 848
7 60 740
60 7 740
7 31 226
31 7 226
7 72 805
72 7 805
7 23 149
23 7 149
7 14 182
14 7 182
7 36 732
36 7 732
7 49 650
49 7 650
7 52 783
52 7 783
7 67 494
67 7 494
7 51 878
51 7 878
7 29 863
29 7 863
8 46 980
46 8 980
8 53 603
53 8 603
8 66 484
66 8 484
8 69 999
69 8 999
8 46 765
46 8 765
8 9 396
9 8 396
8 27 742
27 8 742
8 50 547
50 8 547
8 59 334
59 8 334
8 47 104
47 8 104
8 25 261
25 8 261
8 14 491
14 8 491
8 48 931
48 8 931
8 41 818
41 8 818
8 16 524
16 8 524
8 49 33
49 8 33
8 41 723
41 8 723
8 17 898
17 8 898
8 70 206
70 8 206
8 59 800
59 8 800
8 61 963
61 8 963
8 17 662
17 8 662
9 54 462
54 9 462
9 61 657
61 9 657
9 18 766
18 9 766
9 72 807
72 9 807
9 52 765
52 9 765
9 14 552
14 9 552
9 13 15
13 9 15
9 29 971
29 9 971
9 71 763
71 9 763
9 65 634
65 9 634
9 26 71
26 9 71
9 29 811
29 9 811
9 69 319
69 9 319
9 55 992
55 9 992
9 55 300
55 9 300
9 64 146
64 9 146
9 63 361
63 9 361
9 34 86
34 9 86
9 67 583
67 9 583
9 38 306
38 9 306
10 42 559
42 10 559
10 66 218
66 10 218
10 29 92
29 10 92
10 54 69
54 10 69
10 47 526
47 10 526
10 44 338
44 10 338
10 71 325
71 10 325
10 34 489
34 10 489
10 70 198
70 10 198
10 19 811
19 10 811
10 18 587
18 10 587
10 69 559
69 10 559
10 37 811
37 10 811
10 72 624
72 10 624
10 71 353
71 10 353
10 64 363
64 10 363
10 58 636
58 10 636
10 50 900
50 10 900
10 12 756
12 10 756
10 19 440
19 10 440
10 25 742
25 10 742
10 55 258
55 10 258
10 17 915
17 10 915
10 68 150
68 10 150
10 51 727
51 10 727
10 56 240
56 10 240
10 70 147
70 10 147
10 37 60
37 10 60
11 13 17
13 11 17
11 24 252
24 11 252
11 45 463
45 11 463
11 22 297
22 11 297
11 69 554
69 11 554
11 18 235
18 11 235
11 52 451
52 11 451
11 23 757
23 11 757
11 32 516
32 11 516
11 22 497
22 11 497
11 55 840
55 11 840
11 61 107
61 11 107
11 61 441
61 11 441
11 14 513
14 11 513
11 70 573
70 11 573
12 17 212
17 12 212
12 47 3
47 12 3
12 36 107
36 12 107
12 20 455
20 12 455
12 14 878
14 12 878
12 27 766
27 12 766
12 30 586
30 12 586
12 70 320
70 12 320
12 26 751
26 12 751
12 41 177
41 12 177
12 28 775
28 12 775
12 47 514
47 12 514
12 66 610
66 12 610
12 41 968
41 12 968
12 23 748
23 12 748
12 27 660
27 12 660
12 52 227
52 12 227
12 65 494
65 12 494
12 73 832
73 12 832
12 54 355
54 12 355
12 24 360
24 12 360
12 63 226
63 12 226
13 23 828
23 13 828
13 27 59
27 13 59
13 40 486
40 13 486
13 57 643
57 13 643
13 59 43
59 13 43
13 25 824
25 13 824
13 48 446
48 13 446
13 73 483
73 13 483
13 40 942
40 13 942
13 71 733
71 13 733
13 63 112
63 13 112
13 40 404
40 13 404
13 42 443
42 13 443
13 50 124
50 13 124
13 52 950
52 13 950
13 22 321
22 13 321
13 44 671
44 13 671
13 66 175
66 13 175
13 42 185
42 13 185
13 59 331
59 13 331
13 63 20
63 13 20
13 56 976
56 13 976
13 21 884
21 13 884
13 28 242
28 13 242
14 15 266
15 14 266
14 25 167
25 14 167
14 56 527
56 14 527
14 27 890
27 14 890
14 25 418
25 14 418
14 56 61
56 14 61
14 45 89
45 14 89
14 31 616
31 14 616
14 31 652
31 14 652
14 61 571
61 14 571
14 25 778
25 14 778
14 34 720
34 14 720
14 42 744
42 14 744
14 31 166
31 14 166
14 26 881
26 14 881
14 47 734
47 14 734
14 36 615
36 14 615
14 72 93
72 14 93
14 49 937
49 14 937
14 34 29
34 14 29
14 67 919
67 14 919
14 19 511
19 14 511
14 62 3
62 14 3
14 39 114
39 14 114
14 35 658
35 14 658
15 16 800
16 15 800
15 20 182
20 15 182
15 41 422
41 15 422
15 24 938
24 15 938
15 68 2
68 15 2
15 34 953
34 15 953
15 26 938
26 15 938
15 48 333
48 15 333
15 26 966
26 15 966
15 36 399
36 15 399
15 73 786
73 15 786
15 46 617
46 15 617
15 73 314
73 15 314
15 45 702
45 15 702
15 36 557
36 15 557
15 33 935
33 15 935
16 64 154
64 16 154
16 36 33
36 16 33
16 34 416
34 16 416
16 47 181
47 16 181
16 19 3
19 16 3
16 20 442
20 16 442
16 67 214
67 16 214
16 70 807
70 16 807
16 61 24
61 16 24
16 62 647
62 16 647
16 67 501
67 16 501
16 71 306
71 16 306
16 63 206
63 16 206
16 44 220
44 16 220
16 54 322
54 16 322
16 66 393
66 16 393
16 43 101
43 16 101
16 38 34
38 16 34
16 53 378
53 16 378
16 28 77
28 16 77
16 61 629
61 16 629
17 25 92
25 17 92
17 33 748
33 17 748
17 51 619
51 17 619
17 24 350
24 17 350
17 70 686
70 17 686
17 42 34
42 17 34
17 38 358
38 17 358
17 66 413
66 17 413
17 21 108
21 17 108
17 17 682
17 17 682
17 32 85
32 17 85
17 44 315
44 17 315
17 40 700
40 17 700
17 40 163
40 17 163
17 36 49
36 17 49
17 21 818
21 17 818
17 61 295
61 17 295
18 44 469
44 18 469
18 38 630
38 18 630
18 19 154
19 18 154
18 40 920
40 18 920
18 73 314
73 18 314
18 22 763
22 18 763
18 69 145
69 18 145
18 50 33
50 18 33
18 37 225
37 18 225
18 69 779
69 18 779
18 43 181
43 18 181
18 72 925
72 18 925
18 54 814
54 18 814
18 37 8
37 18 8
18 56 222
56 18 222
18 22 696
22 18 696
19 26 246
26 19 246
19 32 348
32 19 348
19 37 348
37 19 348
19 68 482
68 19 482
19 57 138
57 19 138
19 63 436
63 19 436
19 60 380
60 19 380
19 72 780
72 19 780
19 49 928
49 19 928
19 56 305
56 19 305
19 69 813
69 19 813
19 53 456
53 19 456
19 69 339
69 19 339
19 38 939
38 19 939
19 69 894
69 19 894
19 65 559
65 19 559
19 20 904
20 19 904
19 42 999
42 19 999
19 46 421
46 19 421
19 62 498
62 19 498
19 25 650
25 19 650
19 39 458
39 19 458
20 43 992
43 20 992
20 66 606
66 20 606
20 65 526
65 20 526
20 50 67
50 20 67
20 41 546
41 20 546
20 44 939
44 20 939
20 34 601
34 20 601
20 52 755
52 20 755
20 46 331
46 20 331
20 63 706
63 20 706
20 65 325
65 20 325
20 63 284
63 20 284
20 52 197
52 20 197
20 68 94
68 20 94
20 38 97
38 20 97
20 67 793
67 20 793
20 62 937
62 20 937
20 52 230
52 20 230
21 30 218
30 21 218
21 31 91
31 21 91
21 62 479
62 21 479
21 24 280
24 21 280
21 45 75
45 21 75
21 47 625
47 21 625
21 39 693
39 21 693
21 65 946
65 21 946
21 53 3
53 21 3
21 59 651
59 21 651
21 55 687
55 21 687
21 73 244
73 21 244
21 60 192
60 21 192
21 73 20
73 21 20
21 45 817
45 21 817
21 36 330
36 21 330
21 22 545
22 21 545
21 70 54
70 21 54
22 59 923
59 22 923
22 54 498
54 22 498
22 26 591
26 22 591
22 27 259
27 22 259
22 72 707
72 22 707
22 47 945
47 22 945
22 27 932
27 22 932
22 70 447
70 22 447
22 56 714
56 22 714
22 43 430
43 22 430
22 34 288
34 22 288
22 35 658
35 22 658
22 70 783
70 22 783
22 53 238
53 22 238
22 60 136
60 22 136
22 41 855
41 22 855
22 35 511
35 22 511
22 24 649
24 22 649
22 43 726
43 22 726
23 28 745
28 23 745
23 25 296
25 23 296
23 33 759
33 23 759
23 59 670
59 23 670
23 54 688
54 23 688
23 49 727
49 23 727
23 51 770
51 23 770
23 69 423
69 23 423
23 69 374
69 23 374
23 33 68
33 23 68
23 44 557
44 23 557
23 29 151
29 23 151
23 39 250
39 23 250
23 52 661
52 23 661
23 41 688
41 23 688
23 60 567
60 23 567
23 50 842
50 23 842
24 50 175
50 24 175
24 30 765
30 24 765
24 57 881
57 24 881
24 73 923
73 24 923
24 42 43
42 24 43
24 65 61
65 24 61
24 58 99
58 24 99
24 53 993
53 24 993
24 27 83
27 24 83
24 33 422
33 24 422
24 27 823
27 24 823
24 61 685
61 24 685
24 66 835
66 24 835
24 52 134
52 24 134
24 36 339
36 24 339
24 25 775
25 24 775
25 46 506
46 25 506
25 54 972
54 25 972
25 65 466
65 25 466
25 54 493
54 25 493
25 51 880
51 25 880
25 35 811
35 25 811
25 67 422
67 25 422
25 32 984
32 25 984
25 70 654
70 25 654
25 27 957
27 25 957
25 27 314
27 25 314
25 43 748
43 25 748
25 33 240
33 25 240
25 70 89
70 25 89
25 58 475
58 25 475
25 60 504
60 25 504
26 29 423
29 26 423
26 34 546
34 26 546
26 36 16
36 26 16
26 43 330
43 26 330
26 54 976
54 26 976
26 42 23
42 26 23
26 31 730
31 26 730
26 51 487
51 26 487
26 31 425
31 26 425
26 73 443
73 26 443
26 27 881
27 26 881
26 66 284
66 26 284
26 30 146
30 26 146
26 49 715
49 26 715
26 46 604
46 26 604
26 34 636
34 26 636
26 62 619
62 26 619
26 31 744
31 26 744
26 67 721
67 26 721
26 34 521
34 26 521
26 55 944
55 26 944
26 45 30
45 26 30
26 38 879
38 26 879
27 67 283
67 27 283
27 45 708
45 27 708
27 64 290
64 27 290
27 38 355
38 27 355
27 49 934
49 27 934
27 59 78
59 27 78
27 55 557
55 27 557
27 65 950
65 27 950
27 42 127
42 27 127
27 40 727
40 27 727
27 63 974
63 27 974
27 51 727
51 27 727
27 37 36
37 27 36
27 47 67
47 27 67
27 29 722
29 27 722
28 38 759
38 28 759
28 47 637
47 28 637
28 31 428
31 28 428
28 52 3
52 28 3
28 68 170
68 28 170
28 38 578
38 28 578
28 48 591
48 28 591
28 50 551
50 28 551
28 71 417
71 28 417
28 31 186
31 28 186
28 50 732
50 28 732
28 54 941
54 28 941
29 41 653
41 29 653
29 45 828
45 29 828
29 52 236
52 29 236
29 50 104
50 29 104
29 31 926
31 29 926
29 33 99
33 29 99
29 44 127
44 29 127
29 31 115
31 29 115
29 51 206
51 29 206
29 32 168
32 29 168
29 51 165
51 29 165
29 60 900
60 29 900
29 57 549
57 29 549
29 29 764
29 29 764
29 59 195
59 29 195
29 65 118
65 29 118
29 50 65
50 29 65
29 34 461
34 29 461
29 65 99
65 29 99
29 31 429
31 29 429
30 31 872
31 30 872
30 33 330
33 30 330
30 35 411
35 30 411
30 52 894
52 30 894
30 32 528
32 30 528
30 40 748
40 30 748
30 40 842
40 30 842
30 54 41
54 30 41
30 30 838
30 30 838
30 70 553
70 30 553
30 33 667
33 30 667
30 45 800
45 30 800
30 39 605
39 30 605
30 44 965
44 30 965
30 47 261
47 30 261
30 31 445
31 30 445
31 49 44
49 31 44
31 68 629
68 31 629
31 47 282
47 31 282
31 65 885
65 31 885
31 71 24
71 31 24
31 59 220
59 31 220
31 44 609
44 31 609
31 61 522
61 31 522
31 64 384
64 31 384
32 39 288
39 32 288
32 44 131
44 32 131
32 67 380
67 32 380
32 42 534
42 32 534
32 35 603
35 32 603
32 34 932
34 32 932
32 47 754
47 32 754
32 52 275
52 32 275
32 45 211
45 32 211
32 45 327
45 32 327
32 48 39
48 32 39
32 66 1000
66 32 1000
32 37 312
37 32 312
32 67 67
67 32 67
33 35 817
35 33 817
33 49 119
49 33 119
33 36 24
36 33 24
33 51 888
51 33 888
33 69 778
69 33 778
33 51 84
51 33 84
33 53 623
53 33 623
33 51 734
51 33 734
33 63 210
63 33 210
33 38 666
38 33 666
33 67 453
67 33 453
33 36 740
36 33 740
33 46 761
46 33 761
34 60 775
60 34 775
34 53 469
53 34 469
34 48 924
48 34 924
34 38 731
38 34 731
34 53 131
53 34 131
34 61 540
61 34 540
34 48 537
48 34 537
34 63 104
63 34 104
34 52 740
52 34 740
34 54 591
54 34 591
34 55 937
55 34 937
34 37 598
37 34 598
34 55 805
55 34 805
34 42 719
42 34 719
34 54 939
54 34 939
35 60 104
60 35 104
35 68 226
68 35 226
35 46 636
46 35 636
35 59 514
59 35 514
35 65 614
65 35 614
35 70 992
70 35 992
35 60 383
60 35 383
35 42 504
42 35 504
35 61 195
61 35 195
35 40 357
40 35 357
35 50 309
50 35 309
35 58 909
58 35 909
35 54 230
54 35 230
36 42 676
42 36 676
36 42 806
42 36 806
36 46 581
46 36 581
36 52 578
52 36 578
36 73 878
73 36 878
36 45 40
45 36 40
36 47 357
47 36 357
36 47 803
47 36 803
36 52 207
52 36 207
36 71 43
71 36 43
36 46 91
46 36 91
36 53 245
53 36 245
37 63 483
63 37 483
37 45 303
45 37 303
37 53 821
53 37 821
37 49 793
49 37 793
37 45 728
45 37 728
37 40 609
40 37 609
37 39 560
39 37 560
37 37 947
37 37 947
37 40 626
40 37 626
37 45 251
45 37 251
37 46 829
46 37 829
37 44 956
44 37 956
37 56 772
56 37 772
37 39 751
39 37 751
38 48 645
48 38 645
38 58 407
58 38 407
38 38 702
38 38 702
38 46 523
46 38 523
38 51 240
51 38 240
38 41 70
41 38 70
38 57 330
57 38 330
38 41 710
41 38 710
38 64 835
64 38 835
38 72 84
72 38 84
39 52 688
52 39 688
39 73 970
73 39 970
39 44 944
44 39 944
39 62 5
62 39 5
39 63 412
63 39 412
39 66 904
66 39 904
39 43 373
43 39 373
39 62 39
62 39 39
39 54 760
54 39 760
39 52 895
52 39 895
39 71 295
71 39 295
39 40 859
40 39 859
39 71 712
71 39 712
40 44 795
44 40 795
40 61 652
61 40 652
40 68 772
68 40 772
40 43 359
43 40 359
40 46 703
46 40 703
40 50 22
50 40 22
40 73 271
73 40 271
40 64 780
64 40 780
40 52 119
52 40 119
40 68 551
68 40 551
41 69 70
69 41 70
41 48 57
48 41 57
41 57 906
57 41 906
41 68 830
68 41 830
41 51 602
51 41 602
41 55 635
55 41 635
41 53 562
53 41 562
41 45 14
45 41 14
41 62 793
62 41 793
41 68 987
68 41 987
41 48 975
48 41 975
41 50 522
50 41 522
41 63 131
63 41 131
42 44 383
44 42 383
42 71 790
71 42 790
42 56 491
56 42 491
42 58 355
58 42 355
42 73 427
73 42 427
42 47 854
47 42 854
42 59 784
59 42 784
42 45 530
45 42 530
42 56 881
56 42 881
42 58 19
58 42 19
42 60 689
60 42 689
42 70 33
70 42 33
43 54 776
54 43 776
43 45 87
45 43 87
43 58 231
58 43 231
43 57 212
57 43 212
43 61 658
61 43 658
43 65 785
65 43 785
44 72 611
72 44 611
44 57 612
57 44 612
44 59 22
59 44 22
44 46 66
46 44 66
44 55 298
55 44 298
44 55 151
55 44 151
44 56 458
56 44 458
44 65 590
65 44 590
44 59 988
59 44 988
44 49 98
49 44 98
44 49 60
49 44 60
44 48 322
48 44 322
44 45 396
45 44 396
45 67 100
67 45 100
45 48 177
48 45 177
45 59 229
59 45 229
45 64 788
64 45 788
45 61 704
61 45 704
45 73 100
73 45 100
45 73 953
73 45 953
45 61 215
61 45 215
45 59 739
59 45 739
45 72 589
72 45 589
46 56 689
56 46 689
46 58 332
58 46 332
46 62 906
62 46 906
46 71 661
71 46 661
46 61 932
61 46 932
46 68 879
68 46 879
46 64 339
64 46 339
46 57 17
57 46 17
46 72 926
72 46 926
46 70 517
70 46 517
46 68 691
68 46 691
47 69 517
69 47 517
47 47 390
47 47 390
47 52 379
52 47 379
47 52 567
52 47 567
47 71 691
71 47 691
47 51 152
51 47 152
47 56 2
56 47 2
47 55 251
55 47 251
47 49 213
49 47 213
47 69 400
69 47 400
47 70 212
70 47 212
47 59 237
59 47 237
48 63 480
63 48 480
48 68 783
68 48 783
48 62 786
62 48 786
48 51 165
51 48 165
49 56 315
56 49 315
49 72 497
72 49 497
49 55 385
55 49 385
49 50 613
50 49 613
49 56 316
56 49 316
49 59 719
59 49 719
49 52 170
52 49 170
49 52 23
52 49 23
49 72 596
72 49 596
49 55 613
55 49 613
50 51 791
51 50 791
50 54 635
54 50 635
50 67 527
67 50 527
50 65 166
65 50 166
50 55 6
55 50 6
50 62 660
62 50 660
50 72 381
72 50 381
51 65 489
65 51 489
51 73 402
73 51 402
51 52 721
52 51 721
51 71 410
71 51 410
51 72 540
72 51 540
51 55 788
55 51 788
51 66 593
66 51 593
51 64 198
64 51 198
52 68 175
68 52 175
52 65 663
65 52 663
52 73 755
73 52 755
52 55 653
55 52 653
52 60 312
60 52 312
52 60 397
60 52 397
52 71 413
71 52 413
52 73 868
73 52 868
52 69 643
69 52 643
52 62 960
62 52 960
53 64 692
64 53 692
53 56 925
56 53 925
53 66 423
66 53 423
53 65 606
65 53 606
54 57 8
57 54 8
54 61 754
61 54 754
54 56 683
56 54 683
54 68 438
68 54 438
54 58 58
58 54 58
54 55 673
55 54 673
54 58 946
58 54 946
54 58 583
58 54 583
54 64 756
64 54 756
54 57 21
57 54 21
55 60 617
60 55 617
55 70 840
70 55 840
55 69 173
69 55 173
55 68 839
68 55 839
55 67 45
67 55 45
56 61 520
61 56 520
56 66 481
66 56 481
56 64 490
64 56 490
56 72 212
72 56 212
56 68 500
68 56 500
56 60 618
60 56 618
57 71 10
71 57 10
57 64 643
64 57 643
57 63 127
63 57 127
57 71 690
71 57 690
57 69 149
69 57 149
57 70 813
70 57 813
57 63 612
63 57 612
57 70 301
70 57 301
57 66 367
66 57 367
58 61 221
61 58 221
58 72 400
72 58 400
58 58 233
58 58 233
58 60 203
60 58 203
58 72 335
72 58 335
58 59 70
59 58 70
58 68 246
68 58 246
59 69 242
69 59 242
59 69 340
69 59 340
59 60 167
60 59 167
59 59 500
59 59 500
60 68 560
68 60 560
60 72 824
72 60 824
60 72 305
72 60 305
60 72 126
72 60 126
60 64 721
64 60 721
60 68 724
68 60 724
60 64 657
64 60 657
60 60 966
60 60 966
60 70 732
70 60 732
61 61 871
61 61 871
61 73 273
73 61 273
61 70 638
70 61 638
61 72 262
72 61 262
61 73 362
73 61 362
61 70 364
70 61 364
62 65 605
65 62 605
62 71 854
71 62 854
63 70 648
70 63 648
63 72 818
72 63 818
63 64 319
64 63 319
63 71 927
71 63 927
63 68 910
68 63 910
63 64 788
64 63 788
64 66 100
66 64 100
64 70 617
70 64 617
64 67 310
67 64 310
64 70 577
70 64 577
65 69 680
69 65 680
65 68 105
68 65 105
65 66 178
66 65 178
65 67 865
67 65 865
65 65 745
65 65 745
65 66 163
66 65 163
66 70 730
70 66 730
66 68 219
68 66 219
66 70 898
70 66 898
68 72 401
72 68 401
68 73 63
73 68 63
70 71 952
71 70 952
73 73 555
73 73 555
