94

0 1 618
1 0 618
0 2 335
2 0 335
0 3 713
3 0 713
0 14 782
14 0 782
0 20 508
20 0 508
0 38 392
38 0 392
0 80 123
80 0 123
0 4 114
4 0 114
0 2 876
2 0 876
0 62 872
62 0 872
0 31 264
31 0 264
0 68 386
68 0 386
1 10 289
10 1 289
1 37 15
37 1 15
1 52 658
52 1 658
1 75 974
75 1 974
1 68 312
68 1 312
1 17 548
17 1 548
2 4 635
4 2 635
2 76 663
76 2 663
2 72 42
72 2 42
2 39 425
39 2 425
2 38 946
38 2 946
3 7 736
7 3 736
3 11 639
11 3 639
4 5 395
5 4 395
4 23 267
23 4 267
4 27 123
27 4 123
5 6 78
6 5 78
5 8 481
8 5 481
5 17 751
17 5 751
5 19 945
19 5 945
5 21 590
21 5 590
5 26 710
26 5 710
5 82 33
82 5 33
5 65 374
65 5 374
5 12 477
12 5 477
6 39 953
39 6 953
6 42 993
42 6 993
6 53 231
53 6 231
6 66 544
66 6 544
6 24 185
24 6 185
6 81 955
81 6 955
6 22 760
22 6 760
6 16 933
16 6 933
6 49 383
49 6 383
7 9 247
9 7 247
7 12 959
12 7 959
7 29 851
29 7 851
7 35 676
35 7 676
7 55 793
55 7 793
7 90 854
90 7 854
7 43 1
43 7 1
7 24 402
24 7 402
7 38 821
38 7 821
7 60 332
60 7 332
8 13 782
13 8 782
8 20 721
20 8 721
8 11 277
11 8 277
9 69 967
69 9 967
9 74 138
74 9 138
9 69 758
69 9 758
9 54 885
54 9 885
9 40 850
40 9 850
10 11 714
11 10 714
10 25 610
25 10 610
10 56 141
56 10 141
10 30 110
30 10 110
10 87 881
87 10 881
10 84 779
84 10 779
10 48 897
48 10 897
11 15 847
15 11 847
11 16 853
16 11 853
11 22 691
22 11 691
11 80 508
80 11 508
11 79 614
79 11 614
11 52 342
52 11 342
12 25 428
25 12 428
12 25 559
25 12 559
12 68 49
68 12 49
12 28 555
28 12 555
12 29 738
29 12 738
13 31 258
31 13 258
14 18 963
18 14 963
15 84 252
84 15 252
15 62 734
62 15 734
15 25 397
25 15 397
16 59 779
59 16 779
16 30 490
30 16 490
16 16 164
16 16 164
17 24 90
24 17 90
17 27 957
27 17 957
17 40 152
40 17 152
17 41 393
41 17 393
17 82 433
82 17 433
17 40 954
40 17 954
17 57 775
57 17 775
18 47 89
47 18 89
18 65 544
65 18 544
18 30 755
30 18 755
18 81 512
81 18 512
18 87 904
87 18 904
18 53 929
53 18 929
19 36 528
36 19 528
19 44 959
44 19 959
19 49 715
49 19 715
19 87 808
87 19 808
19 21 263
21 19 263
19 93 66
93 19 66
19 65 775
65 19 775
21 28 320
28 21 320
21 66 55
66 21 55
21 69 867
69 21 867
22 58 297
58 22 297
22 78 230
78 22 230
23 84 545
84 23 545
23 39 806
39 23 806
23 91 270
91 23 270
24 30 615
30 24 615
24 34 606
34 24 606
24 54 539
54 24 539
24 72 855
72 24 855
24 28 394
28 24 394
24 34 637
34 24 637
24 41 90
41 24 90
24 63 120
63 24 120
24 58 233
58 24 233
24 81 347
81 24 347
25 89 418
89 25 418
25 32 13
32 25 13
25 72 610
72 25 610
26 48 816
48 26 816
26 71 536
71 26 536
26 86 254
86 26 254
26 70 144
70 26 144
27 64 915
64 27 915
27 57 831
57 27 831
27 37 377
37 27 377
28 32 325
32 28 325
29 33 606
33 29 606
29 88 601
88 29 601
30 74 552
74 30 552
30 63 125
63 30 125
30 71 990
71 30 990
30 87 413
87 30 413
31 93 435
93 31 435
31 82 1000
82 31 1000
31 70 998
70 31 998
32 51 262
51 32 262
32 90 557
90 32 557
32 33 390
33 32 390
33 62 617
62 33 617
33 63 685
63 33 685
34 46 610
46 34 610
34 57 138
57 34 138
34 72 883
72 34 883
34 64 504
64 34 504
35 71 497
71 35 497
35 84 497
84 35 497
35 44 812
44 35 812
36 43 242
43 36 242
36 45 511
45 36 511
36 64 646
64 36 646
36 72 260
72 36 260
37 61 275
61 37 275
37 58 909
58 37 909
38 79 401
79 38 401
38 54 734
54 38 734
39 60 663
60 39 663
39 80 63
80 39 63
42 72 927
72 42 927
42 67 894
67 42 894
42 81 51
81 42 51
43 68 344
68 43 344
43 70 28
70 43 28
44 80 55
80 44 55
44 51 550
51 44 550
44 64 282
64 44 282
46 76 951
76 46 951
47 71 909
71 47 909
47 91 714
91 47 714
47 78 290
78 47 290
48 63 957
63 48 957
48 84 516
84 48 516
48 76 270
76 48 270
49 50 952
50 49 952
49 90 83
90 49 83
50 89 310
89 50 310
50 64 867
64 50 867
50 89 152
89 50 152
50 78 407
78 50 407
51 70 577
70 51 577
52 77 868
77 52 868
52 87 802
87 52 802
53 57 617
57 53 617
53 62 497
62 53 497
54 89 654
89 54 654
54 70 967
70 54 967
55 61 812
61 55 812
56 81 865
81 56 865
56 89 705
89 56 705
56 91 29
91 56 29
56 71 251
71 56 251
57 83 923
83 57 923
59 67 272
67 59 272
59 72 308
72 59 308
61 90 154
90 61 154
62 62 883
62 62 883
62 89 513
89 62 513
63 73 337
73 63 337
63 77 612
77 63 612
63 92 710
92 63 710
63 65 34
65 63 34
63 86 401
86 63 401
65 81 125
81 65 125
65 71 334
71 65 334
65 83 133
83 65 133
66 73 523
73 66 523
67 86 517
86 67 517
67 92 573
92 67 573
69 79 329
79 69 329
71 82 604
82 71 604
72 85 730
85 72 730
72 89 321
89 72 321
75 90 238
90 75 238
77 90 754
90 77 754
79 91 147
91 79 147
79 93 661
93 79 661
79 92 735
92 79 735
80 88 459
88 80 459
80 86 835
86 80 835
81 84 759
84 81 759
85 91 745
91 85 745
89 93 797
93 89 797
