28

0 1 45
1 0 45
0 3 359
3 0 359
0 23 912
23 0 912
0 7 573
7 0 573
0 21 882
21 0 882
0 3 551
3 0 551
0 16 454
16 0 454
0 24 773
24 0 773
0 3 999
3 0 999
0 23 105
23 0 105
0 21 252
21 0 252
0 18 529
18 0 529
0 6 292
6 0 292
0 23 151
23 0 151
0 1 308
1 0 308
0 27 179
27 0 179
1 2 255
2 1 255
1 6 495
6 1 495
1 14 508
14 1 508
1 16 828
16 1 828
1 23 632
23 1 632
1 24 196
24 1 196
1 21 300
21 1 300
1 22 881
22 1 881
1 10 171
10 1 171
1 27 698
27 1 698
1 21 995
21 1 995
1 23 35
23 1 35
1 17 942
17 1 942
1 2 834
2 1 834
1 3 647
3 1 647
1 19 81
19 1 81
2 5 260
5 2 260
2 8 702
8 2 702
2 4 474
4 2 474
2 2 165
2 2 165
2 27 808
27 2 808
2 12 902
12 2 902
2 18 151
18 2 151
2 11 909
11 2 909
2 14 729
14 2 729
2 12 277
12 2 277
2 12 649
12 2 649
2 26 735
26 2 735
2 8 79
8 2 79
3 4 217
4 3 217
3 7 966
7 3 966
3 24 368
24 3 368
3 7 326
7 3 326
3 23 510
23 3 510
3 19 691
19 3 691
3 10 991
10 3 991
3 19 374
19 3 374
3 19 561
19 3 561
3 13 309
13 3 309
3 11 851
11 3 851
3 19 765
19 3 765
3 21 29
21 3 29
3 14 91
14 3 91
3 23 721
23 3 721
3 18 947
18 3 947
3 5 79
5 3 79
3 15 485
15 3 485
3 23 294
23 3 294
3 27 17
27 3 17
3 6 354
6 3 354
3 3 485
3 3 485
4 10 115
10 4 115
4 12 516
12 4 516
4 23 569
23 4 569
4 8 688
8 4 688
4 22 357
22 4 357
4 9 788
9 4 788
5 9 947
9 5 947
5 11 846
11 5 846
5 17 149
17 5 149
5 9 56
9 5 56
5 11 313
11 5 313
5 21 156
21 5 156
5 21 831
21 5 831
5 18 383
18 5 383
5 17 289
17 5 289
5 24 348
24 5 348
5 26 322
26 5 322
5 22 571
22 5 571
5 17 955
17 5 955
5 7 604
7 5 604
5 9 494
9 5 494
6 13 911
13 6 911
6 18 127
18 6 127
6 19 176
19 6 176
6 21 742
21 6 742
6 10 749
10 6 749
6 14 157
14 6 157
6 17 569
17 6 569
6 8 755
8 6 755
6 12 497
12 6 497
6 23 720
23 6 720
6 15 589
15 6 589
6 18 331
18 6 331
6 24 282
24 6 282
6 16 604
16 6 604
6 27 958
27 6 958
7 22 264
22 7 264
7 23 12
23 7 12
7 24 434
24 7 434
7 15 292
15 7 292
7 24 173
24 7 173
7 8 606
8 7 606
7 26 953
26 7 953
7 24 997
24 7 997
7 11 899
11 7 899
7 18 578
18 7 578
7 24 480
24 7 480
7 16 78
16 7 78
7 26 68
26 7 68
7 7 716
7 7 716
7 10 820
10 7 820
8 15 742
15 8 742
8 8 644
8 8 644
8 26 995
26 8 995
8 15 706
15 8 706
8 12 791
12 8 791
8 16 861
16 8 861
8 16 584
16 8 584
8 20 370
20 8 370
8 15 945
15 8 945
8 20 660
20 8 660
8 22 60
22 8 60
8 25 371
25 8 371
8 10 722
10 8 722
8 19 430
19 8 430
8 12 871
12 8 871
8 17 204
17 8 204
8 9 541
9 8 541
8 21 972
21 8 972
8 11 210
11 8 210
8 22 163
22 8 163
9 27 708
27 9 708
9 18 465
18 9 465
9 21 492
21 9 492
9 11 861
11 9 861
9 12 559
12 9 559
9 18 495
18 9 495
9 14 328
14 9 328
9 13 573
13 9 573
10 24 749
24 10 749
10 25 147
25 10 147
10 14 736
14 10 736
10 27 245
27 10 245
10 16 765
16 10 765
10 15 921
15 10 921
10 18 912
18 10 912
10 25 519
25 10 519
10 19 261
19 10 261
10 14 139
14 10 139
10 19 588
19 10 588
11 12 164
12 11 164
11 22 300
22 11 300
11 18 594
18 11 594
11 26 339
26 11 339
11 24 469
24 11 469
11 27 971
27 11 971
11 11 120
11 11 120
11 17 751
17 11 751
11 26 760
26 11 760
11 22 879
22 11 879
11 11 584
11 11 584
12 15 195
15 12 195
12 22 939
22 12 939
12 16 34
16 12 34
12 17 479
17 12 479
12 17 513
17 12 513
12 18 125
18 12 125
12 22 919
22 12 919
12 26 197
26 12 197
12 18 871
18 12 871
12 27 789
27 12 789
13 20 798
20 13 798
13 24 215
24 13 215
13 14 18
14 13 18
13 18 322
18 13 322
13 14 879
14 13 879
13 15 978
15 13 978
13 21 220
21 13 220
13 27 331
27 13 331
14 18 711
18 14 711
14 26 405
26 14 405
14 27 107
27 14 107
14 22 813
22 14 813
14 23 389
23 14 389
15 25 863
25 15 863
15 25 49
25 15 49
15 18 872
18 15 872
15 16 311
16 15 311
16 26 295
26 16 295
16 26 198
26 16 198
16 22 891
22 16 891
16 20 271
20 16 271
16 22 59
22 16 59
16 16 89
16 16 89
16 21 400
21 16 400
16 23 37
23 16 37
16 20 660
20 16 660
16 27 943
27 16 943
16 23 158
23 16 158
17 26 126
26 17 126
17 23 183
23 17 183
17 22 99
22 17 99
17 24 331
24 17 331
17 18 48
18 17 48
17 18 220
18 17 220
17 24 656
24 17 656
17 21 476
21 17 476
17 17 476
17 17 476
17 18 885
18 17 885
18 22 712
22 18 712
18 20 763
20 18 763
18 27 708
27 18 708
18 23 135
23 18 135
19 25 76
25 19 76
19 22 529
22 19 529
19 22 402
22 19 402
19 27 148
27 19 148
20 24 599
24 20 599
20 25 77
25 20 77
20 22 148
22 20 148
20 22 201
22 20 201
20 23 150
23 20 150
20 22 321
22 20 321
20 26 59
26 20 59
20 26 597
26 20 597
21 21 736
21 21 736
21 27 899
27 21 899
21 22 251
22 21 251
21 24 43
24 21 43
21 23 780
23 21 780
21 23 213
23 21 213
21 24 806
24 21 806
21 26 992
26 21 992
21 22 22
22 21 22
22 25 735
25 22 735
23 26 885
26 23 885
24 27 557
27 24 557
24 26 703
26 24 703
25 26 425
26 25 425
