94

0 1 320
1 0 320
0 2 287
2 0 287
0 57 454
57 0 454
0 28 33
28 0 33
0 76 765
76 0 765
0 16 7
16 0 7
0 58 168
58 0 168
0 79 477
79 0 477
0 3 470
3 0 470
0 57 618
57 0 618
0 75 560
75 0 560
0 83 687
83 0 687
0 36 802
36 0 802
0 77 255
77 0 255
0 13 656
13 0 656
1 60 824
60 1 824
1 71 415
71 1 415
1 3 919
3 1 919
1 27 680
27 1 680
1 32 847
32 1 847
1 83 758
83 1 758
1 58 780
58 1 780
1 8 536
8 1 536
1 42 699
42 1 699
1 81 473
81 1 473
1 43 850
43 1 850
1 25 364
25 1 364
1 80 402
80 1 402
1 81 457
81 1 457
1 13 901
13 1 901
1 39 242
39 1 242
1 37 656
37 1 656
1 71 573
71 1 573
2 3 452
3 2 452
2 4 476
4 2 476
2 6 198
6 2 198
2 19 442
19 2 442
2 48 932
48 2 932
2 18 149
18 2 149
2 58 230
58 2 230
2 80 48
80 2 48
2 89 83
89 2 83
2 56 608
56 2 608
2 43 952
43 2 952
2 45 327
45 2 327
2 27 260
27 2 260
2 43 78
43 2 78
2 91 535
91 2 535
2 92 127
92 2 127
2 88 203
88 2 203
3 5 115
5 3 115
3 7 124
7 3 124
3 10 675
10 3 675
3 18 715
18 3 715
3 43 681
43 3 681
3 83 533
83 3 533
3 17 922
17 3 922
3 24 408
24 3 408
3 32 897
32 3 897
3 24 947
24 3 947
3 86 261
86 3 261
3 43 475
43 3 475
3 14 777
14 3 777
3 81 579
81 3 579
3 77 402
77 3 402
3 92 61
92 3 61
3 84 281
84 3 281
3 20 760
20 3 760
3 80 549
80 3 549
3 39 444
39 3 444
3 78 258
78 3 258
3 79 714
79 3 714
3 76 932
76 3 932
3 27 685
27 3 685
3 43 576
43 3 576
3 91 323
91 3 323
3 90 354
90 3 354
3 29 668
29 3 668
4 8 820
8 4 820
4 17 801
17 4 801
4 23 10
23 4 10
4 27 203
27 4 203
4 32 110
32 4 110
4 42 918
42 4 918
4 51 59
51 4 59
4 80 297
80 4 297
4 28 94
28 4 94
4 73 855
73 4 855
4 35 149
35 4 149
4 26 136
26 4 136
4 9 460
9 4 460
4 6 920
6 4 920
4 12 228
12 4 228
4 75 471
75 4 471
4 68 164
68 4 164
4 39 981
39 4 981
4 16 809
16 4 809
4 62 88
62 4 88
4 87 68
87 4 68
4 80 454
80 4 454
4 30 908
30 4 908
4 75 2
75 4 2
4 58 197
58 4 197
4 36 261
36 4 261
4 56 284
56 4 284
4 88 983
88 4 983
4 61 719
61 4 719
5 9 521
9 5 521
5 24 241
24 5 241
5 26 776
26 5 776
5 30 859
30 5 859
5 61 365
61 5 365
5 74 650
74 5 650
5 23 840
23 5 840
5 79 318
79 5 318
5 50 759
50 5 759
5 34 541
34 5 541
5 12 342
12 5 342
5 54 662
54 5 662
5 80 340
80 5 340
5 15 395
15 5 395
5 84 48
84 5 48
5 55 608
55 5 608
5 56 792
56 5 792
5 68 758
68 5 758
5 53 874
53 5 874
5 13 572
13 5 572
5 29 649
29 5 649
5 56 156
56 5 156
5 46 829
46 5 829
5 20 772
20 5 772
5 61 438
61 5 438
5 75 889
75 5 889
5 51 635
51 5 635
6 89 865
89 6 865
6 77 391
77 6 391
6 83 834
83 6 834
6 28 762
28 6 762
6 82 107
82 6 107
6 82 616
82 6 616
6 17 894
17 6 894
6 78 42
78 6 42
6 57 579
57 6 579
6 80 873
80 6 873
6 16 536
16 6 536
6 82 350
82 6 350
6 70 219
70 6 219
6 67 487
67 6 487
7 14 526
14 7 526
7 19 191
19 7 191
7 24 37
24 7 37
7 76 713
76 7 713
7 25 343
25 7 343
7 29 112
29 7 112
7 89 480
89 7 480
7 89 439
89 7 439
7 75 107
75 7 107
7 57 827
57 7 827
7 39 398
39 7 398
7 78 270
78 7 270
7 54 919
54 7 919
8 12 478
12 8 478
8 13 890
13 8 890
8 20 446
20 8 446
8 57 913
57 8 913
8 29 276
29 8 276
8 76 389
76 8 389
8 40 69
40 8 69
8 44 427
44 8 427
8 84 127
84 8 127
8 38 482
38 8 482
8 70 642
70 8 642
8 92 158
92 8 158
8 19 858
19 8 858
8 10 42
10 8 42
8 28 838
28 8 838
8 71 5
71 8 5
8 93 981
93 8 981
9 11 896
11 9 896
9 35 390
35 9 390
9 69 304
69 9 304
9 36 972
36 9 972
9 30 692
30 9 692
9 64 443
64 9 443
9 40 269
40 9 269
9 18 748
18 9 748
9 84 235
84 9 235
9 16 143
16 9 143
9 49 812
49 9 812
9 19 255
19 9 255
9 58 207
58 9 207
9 73 156
73 9 156
9 18 796
18 9 796
9 46 754
46 9 754
9 56 69
56 9 69
9 15 488
15 9 488
9 92 669
92 9 669
10 36 629
36 10 629
10 67 160
67 10 160
10 92 1
92 10 1
10 30 321
30 10 321
10 53 794
53 10 794
10 87 947
87 10 947
10 68 168
68 10 168
10 35 853
35 10 853
10 19 869
19 10 869
10 88 775
88 10 775
10 51 722
51 10 722
10 88 673
88 10 673
10 91 820
91 10 820
10 82 632
82 10 632
10 28 891
28 10 891
10 61 385
61 10 385
11 16 293
16 11 293
11 19 928
19 11 928
11 49 65
49 11 65
11 76 152
76 11 152
11 40 179
40 11 179
11 35 890
35 11 890
11 54 962
54 11 962
11 39 769
39 11 769
11 67 395
67 11 395
11 33 756
33 11 756
11 41 832
41 11 832
11 45 258
45 11 258
11 36 104
36 11 104
11 64 684
64 11 684
11 29 138
29 11 138
11 85 874
85 11 874
11 32 916
32 11 916
12 54 915
54 12 915
12 31 787
31 12 787
12 62 534
62 12 534
12 81 135
81 12 135
12 62 627
62 12 627
12 77 87
77 12 87
12 18 871
18 12 871
12 20 22
20 12 22
12 34 618
34 12 618
12 26 605
26 12 605
12 25 678
25 12 678
12 73 811
73 12 811
12 20 829
20 12 829
12 80 17
80 12 17
12 63 414
63 12 414
12 13 551
13 12 551
12 79 754
79 12 754
12 84 70
84 12 70
12 87 927
87 12 927
12 71 465
71 12 465
13 15 436
15 13 436
13 75 227
75 13 227
13 20 833
20 13 833
13 36 164
36 13 164
13 80 441
80 13 441
13 38 862
38 13 862
13 57 392
57 13 392
13 37 907
37 13 907
13 76 915
76 13 915
13 80 336
80 13 336
13 75 928
75 13 928
13 18 197
18 13 197
13 28 927
28 13 927
13 21 962
21 13 962
13 90 296
90 13 296
13 47 321
47 13 321
13 20 79
20 13 79
13 78 971
78 13 971
13 65 760
65 13 760
14 25 828
25 14 828
14 38 329
38 14 329
14 41 438
41 14 438
14 79 883
79 14 883
14 18 361
18 14 361
14 39 437
39 14 437
14 47 246
47 14 246
14 58 653
58 14 653
14 14 163
14 14 163
14 17 42
17 14 42
14 85 262
85 14 262
14 23 125
23 14 125
14 25 646
25 14 646
14 37 387
37 14 387
14 19 141
19 14 141
14 93 926
93 14 926
14 21 456
21 14 456
15 39 918
39 15 918
15 32 557
32 15 557
15 48 713
48 15 713
15 69 10
69 15 10
15 68 463
68 15 463
15 49 210
49 15 210
15 18 940
18 15 940
15 74 553
74 15 553
15 68 808
68 15 808
15 87 832
87 15 832
15 21 589
21 15 589
15 36 875
36 15 875
15 16 705
16 15 705
15 49 107
49 15 107
16 34 205
34 16 205
16 50 992
50 16 992
16 46 336
46 16 336
16 50 898
50 16 898
16 78 926
78 16 926
16 79 251
79 16 251
16 47 48
47 16 48
16 75 471
75 16 471
16 25 177
25 16 177
16 85 946
85 16 946
16 62 173
62 16 173
16 53 820
53 16 820
16 83 512
83 16 512
16 45 731
45 16 731
17 21 666
21 17 666
17 91 821
91 17 821
17 93 860
93 17 860
17 80 388
80 17 388
17 55 55
55 17 55
17 32 52
32 17 52
17 33 337
33 17 337
17 93 958
93 17 958
17 22 362
22 17 362
17 84 740
84 17 740
17 37 541
37 17 541
17 81 972
81 17 972
17 91 165
91 17 165
17 54 68
54 17 68
17 76 149
76 17 149
17 69 51
69 17 51
17 41 603
41 17 603
17 73 416
73 17 416
17 53 636
53 17 636
17 35 190
35 17 190
17 84 862
84 17 862
18 87 892
87 18 892
18 42 739
42 18 739
18 61 417
61 18 417
18 25 186
25 18 186
18 77 746
77 18 746
18 44 1
44 18 1
18 39 177
39 18 177
18 91 774
91 18 774
18 56 426
56 18 426
19 28 693
28 19 693
19 37 816
37 19 816
19 19 776
19 19 776
19 30 924
30 19 924
19 84 272
84 19 272
19 76 118
76 19 118
19 47 743
47 19 743
19 53 699
53 19 699
19 89 480
89 19 480
19 63 192
63 19 192
19 59 399
59 19 399
19 20 423
20 19 423
19 37 179
37 19 179
20 22 58
22 20 58
20 29 607
29 20 607
20 80 568
80 20 568
20 27 809
27 20 809
20 77 355
77 20 355
20 69 519
69 20 519
20 85 841
85 20 841
20 47 367
47 20 367
20 75 415
75 20 415
20 37 900
37 20 900
20 87 790
87 20 790
20 52 231
52 20 231
20 66 477
66 20 477
20 83 390
83 20 390
20 69 195
69 20 195
20 40 589
40 20 589
20 49 508
49 20 508
21 56 122
56 21 122
21 58 29
58 21 29
21 84 203
84 21 203
21 82 458
82 21 458
21 33 198
33 21 198
21 84 807
84 21 807
21 28 741
28 21 741
21 37 79
37 21 79
21 64 438
64 21 438
21 43 411
43 21 411
21 67 864
67 21 864
21 42 956
42 21 956
21 47 574
47 21 574
21 25 585
25 21 585
22 44 968
44 22 968
22 70 743
70 22 743
22 79 16
79 22 16
22 30 524
30 22 524
22 84 632
84 22 632
22 91 698
91 22 698
22 36 691
36 22 691
22 70 740
70 22 740
22 31 841
31 22 841
22 82 823
82 22 823
22 78 712
78 22 712
22 39 466
39 22 466
22 53 764
53 22 764
22 37 957
37 22 957
22 58 773
58 22 773
22 75 795
75 22 795
22 43 509
43 22 509
22 65 40
65 22 40
22 75 288
75 22 288
22 90 223
90 22 223
22 53 158
53 22 158
23 31 423
31 23 423
23 46 595
46 23 595
23 62 136
62 23 136
23 74 513
74 23 513
23 41 935
41 23 935
23 28 792
28 23 792
23 92 356
92 23 356
23 62 556
62 23 556
23 29 563
29 23 563
23 56 651
56 23 651
23 35 477
35 23 477
24 64 978
64 24 978
24 30 389
30 24 389
24 75 148
75 24 148
24 50 77
50 24 77
24 42 451
42 24 451
24 85 476
85 24 476
24 89 145
89 24 145
24 58 47
58 24 47
24 58 410
58 24 410
24 33 663
33 24 663
24 57 534
57 24 534
24 55 871
55 24 871
24 34 305
34 24 305
24 27 719
27 24 719
24 83 630
83 24 630
24 72 330
72 24 330
25 64 399
64 25 399
25 75 473
75 25 473
25 32 771
32 25 771
25 90 634
90 25 634
25 88 616
88 25 616
25 70 708
70 25 708
25 62 101
62 25 101
25 72 817
72 25 817
25 58 950
58 25 950
25 83 491
83 25 491
26 53 109
53 26 109
26 85 935
85 26 935
26 51 465
51 26 465
26 39 582
39 26 582
26 59 631
59 26 631
26 75 795
75 26 795
26 75 336
75 26 336
26 71 286
71 26 286
26 33 140
33 26 140
26 83 112
83 26 112
26 70 378
70 26 378
26 90 578
90 26 578
26 34 85
34 26 85
26 26 586
26 26 586
27 69 166
69 27 166
27 39 806
39 27 806
27 72 782
72 27 782
27 74 554
74 27 554
27 77 381
77 27 381
27 43 94
43 27 94
27 66 261
66 27 261
27 57 473
57 27 473
27 64 246
64 27 246
27 83 706
83 27 706
27 63 810
63 27 810
27 81 317
81 27 317
28 33 285
33 28 285
28 48 95
48 28 95
28 73 167
73 28 167
28 78 804
78 28 804
28 86 23
86 28 23
28 88 682
88 28 682
28 68 466
68 28 466
28 44 161
44 28 161
28 58 373
58 28 373
28 92 523
92 28 523
28 44 708
44 28 708
28 56 134
56 28 134
28 66 863
66 28 863
28 71 89
71 28 89
28 40 479
40 28 479
28 71 720
71 28 720
29 38 311
38 29 311
29 47 654
47 29 654
29 46 205
46 29 205
29 83 763
83 29 763
29 64 392
64 29 392
29 70 678
70 29 678
29 75 744
75 29 744
29 80 824
80 29 824
29 76 985
76 29 985
29 57 869
57 29 869
29 90 346
90 29 346
30 37 699
37 30 699
30 38 628
38 30 628
30 50 674
50 30 674
30 72 520
72 30 520
30 51 962
51 30 962
30 60 821
60 30 821
30 53 459
53 30 459
30 93 276
93 30 276
30 32 148
32 30 148
30 79 74
79 30 74
30 81 672
81 30 672
30 54 3
54 30 3
30 34 676
34 30 676
30 34 688
34 30 688
30 92 158
92 30 158
30 93 97
93 30 97
31 69 325
69 31 325
31 67 854
67 31 854
31 61 975
61 31 975
31 82 470
82 31 470
31 39 285
39 31 285
31 32 159
32 31 159
31 83 160
83 31 160
31 82 197
82 31 197
31 57 556
57 31 556
32 40 75
40 32 75
32 62 495
62 32 495
32 67 104
67 32 104
32 67 343
67 32 343
32 93 490
93 32 490
32 57 405
57 32 405
32 73 698
73 32 698
32 81 334
81 32 334
32 90 734
90 32 734
32 51 181
51 32 181
32 68 62
68 32 62
32 36 385
36 32 385
32 75 236
75 32 236
32 43 831
43 32 831
32 90 573
90 32 573
32 84 478
84 32 478
32 81 98
81 32 98
32 77 834
77 32 834
32 88 286
88 32 286
32 46 39
46 32 39
32 81 614
81 32 614
32 74 591
74 32 591
33 36 672
36 33 672
33 93 538
93 33 538
33 74 528
74 33 528
33 83 653
83 33 653
33 83 163
83 33 163
33 60 418
60 33 418
33 62 509
62 33 509
33 37 344
37 33 344
33 34 208
34 33 208
33 75 12
75 33 12
34 46 84
46 34 84
34 81 63
81 34 63
34 79 826
79 34 826
34 35 439
35 34 439
34 71 669
71 34 669
34 59 829
59 34 829
34 49 647
49 34 647
34 88 280
88 34 280
34 77 275
77 34 275
34 67 559
67 34 559
34 67 441
67 34 441
34 75 673
75 34 673
34 85 186
85 34 186
34 38 362
38 34 362
35 72 728
72 35 728
35 43 970
43 35 970
35 86 918
86 35 918
35 62 308
62 35 308
35 79 361
79 35 361
35 57 974
57 35 974
35 93 380
93 35 380
35 72 141
72 35 141
35 89 56
89 35 56
35 52 510
52 35 510
36 65 16
65 36 16
36 86 994
86 36 994
36 70 487
70 36 487
36 47 454
47 36 454
36 61 776
61 36 776
36 74 788
74 36 788
36 56 514
56 36 514
36 72 227
72 36 227
36 66 601
66 36 601
37 45 821
45 37 821
37 47 764
47 37 764
37 65 391
65 37 391
37 80 542
80 37 542
37 75 640
75 37 640
37 39 376
39 37 376
37 71 805
71 37 805
37 58 416
58 37 416
37 58 551
58 37 551
37 54 85
54 37 85
37 45 890
45 37 890
37 92 532
92 37 532
38 59 717
59 38 717
38 80 950
80 38 950
38 46 951
46 38 951
38 44 113
44 38 113
38 59 76
59 38 76
38 84 267
84 38 267
38 42 233
42 38 233
38 58 894
58 38 894
38 65 418
65 38 418
38 45 287
45 38 287
38 70 928
70 38 928
38 78 47
78 38 47
38 56 175
56 38 175
38 70 12
70 38 12
39 63 711
63 39 711
39 68 24
68 39 24
39 46 907
46 39 907
39 72 899
72 39 899
39 51 899
51 39 899
39 93 805
93 39 805
39 91 507
91 39 507
39 86 352
86 39 352
39 45 20
45 39 20
39 43 258
43 39 258
39 71 677
71 39 677
40 46 105
46 40 105
40 51 629
51 40 629
40 51 565
51 40 565
40 84 49
84 40 49
40 63 326
63 40 326
40 51 231
51 40 231
40 40 556
40 40 556
40 50 925
50 40 925
41 55 235
55 41 235
41 82 155
82 41 155
41 89 932
89 41 932
41 52 977
52 41 977
41 75 342
75 41 342
41 93 878
93 41 878
41 68 634
68 41 634
41 64 862
64 41 862
41 57 530
57 41 530
42 87 933
87 42 933
42 80 56
80 42 56
42 57 294
57 42 294
42 46 719
46 42 719
42 44 492
44 42 492
42 68 969
68 42 969
42 63 197
63 42 197
42 60 758
60 42 758
42 81 105
81 42 105
42 50 779
50 42 779
42 76 951
76 42 951
42 86 311
86 42 311
43 67 30
67 43 30
43 62 582
62 43 582
43 65 950
65 43 950
43 55 520
55 43 520
43 93 642
93 43 642
43 58 886
58 43 886
43 49 920
49 43 920
43 67 452
67 43 452
43 87 664
87 43 664
43 64 58
64 43 58
43 89 380
89 43 380
43 53 789
53 43 789
44 75 827
75 44 827
44 89 793
89 44 793
44 75 193
75 44 193
44 55 422
55 44 422
44 55 655
55 44 655
44 91 303
91 44 303
44 77 225
77 44 225
45 65 862
65 45 862
45 53 111
53 45 111
45 83 947
83 45 947
45 49 540
49 45 540
45 46 669
46 45 669
45 45 241
45 45 241
45 90 34
90 45 34
45 51 887
51 45 887
45 55 496
55 45 496
45 85 372
85 45 372
45 60 502
60 45 502
45 85 954
85 45 954
45 49 3
49 45 3
46 81 921
81 46 921
46 92 444
92 46 444
46 49 555
49 46 555
46 70 447
70 46 447
46 60 74
60 46 74
46 85 520
85 46 520
46 62 833
62 46 833
46 71 125
71 46 125
46 68 179
68 46 179
46 63 388
63 46 388
46 83 13
83 46 13
46 65 626
65 46 626
47 52 225
52 47 225
47 76 255
76 47 255
47 93 190
93 47 190
47 69 899
69 47 899
47 71 296
71 47 296
47 72 417
72 47 417
47 56 153
56 47 153
47 80 510
80 47 510
47 83 884
83 47 884
47 55 356
55 47 356
48 85 666
85 48 666
48 59 856
59 48 856
48 89 623
89 48 623
48 62 632
62 48 632
48 84 260
84 48 260
48 66 34
66 48 34
49 86 236
86 49 236
49 81 389
81 49 389
49 81 22
81 49 22
49 91 81
91 49 81
49 82 542
82 49 542
49 86 829
86 49 829
49 61 110
61 49 110
49 75 272
75 49 272
49 85 783
85 49 783
49 72 280
72 49 280
50 81 739
81 50 739
50 76 390
76 50 390
50 70 490
70 50 490
50 91 460
91 50 460
50 51 479
51 50 479
50 83 562
83 50 562
50 66 35
66 50 35
50 58 980
58 50 980
50 79 72
79 50 72
50 52 250
52 50 250
50 60 841
60 50 841
50 93 211
93 50 211
50 68 569
68 50 569
50 86 582
86 50 582
51 69 395
69 51 395
51 63 352
63 51 352
51 77 625
77 51 625
51 73 475
73 51 475
51 83 629
83 51 629
51 72 150
72 51 150
51 62 982
62 51 982
51 70 54
70 51 54
51 72 180
72 51 180
51 91 950
91 51 950
51 90 210
90 51 210
51 92 381
92 51 381
52 55 392
55 52 392
52 66 714
66 52 714
52 57 408
57 52 408
52 59 164
59 52 164
53 77 461
77 53 461
53 84 1000
84 53 1000
53 92 212
92 53 212
53 86 359
86 53 359
53 63 634
63 53 634
53 91 938
91 53 938
53 81 625
81 53 625
54 89 468
89 54 468
54 64 881
64 54 881
54 60 655
60 54 655
54 72 883
72 54 883
54 79 911
79 54 911
54 82 228
82 54 228
54 74 987
74 54 987
54 66 724
66 54 724
54 84 280
84 54 280
54 92 164
92 54 164
54 83 854
83 54 854
54 60 624
60 54 624
55 76 238
76 55 238
55 85 284
85 55 284
55 88 527
88 55 527
55 69 616
69 55 616
56 64 142
64 56 142
56 70 979
70 56 979
56 80 187
80 56 187
56 58 768
58 56 768
56 80 637
80 56 637
56 93 27
93 56 27
56 65 608
65 56 608
56 61 398
61 56 398
56 83 314
83 56 314
56 57 219
57 56 219
57 61 79
61 57 79
57 88 803
88 57 803
57 73 188
73 57 188
57 88 36
88 57 36
57 91 715
91 57 715
57 65 712
65 57 712
57 74 339
74 57 339
57 79 554
79 57 554
57 84 324
84 57 324
58 91 394
91 58 394
58 83 205
83 58 205
58 82 586
82 58 586
58 66 246
66 58 246
58 60 150
60 58 150
58 63 837
63 58 837
58 91 568
91 58 568
58 70 89
70 58 89
59 70 465
70 59 465
59 72 191
72 59 191
59 87 740
87 59 740
59 78 647
78 59 647
59 87 420
87 59 420
59 79 380
79 59 380
60 66 140
66 60 140
60 84 491
84 60 491
60 91 551
91 60 551
60 65 739
65 60 739
60 86 945
86 60 945
60 86 615
86 60 615
60 82 181
82 60 181
60 63 864
63 60 864
60 88 161
88 60 161
61 63 423
63 61 423
61 81 544
81 61 544
61 92 554
92 61 554
62 64 322
64 62 322
62 92 146
92 62 146
62 90 128
90 62 128
62 85 550
85 62 550
62 69 536
69 62 536
63 90 862
90 63 862
63 78 572
78 63 572
63 68 435
68 63 435
63 83 697
83 63 697
63 68 231
68 63 231
64 91 744
91 64 744
64 66 558
66 64 558
64 75 496
75 64 496
64 66 507
66 64 507
64 68 74
68 64 74
64 80 931
80 64 931
64 70 691
70 64 691
64 71 692
71 64 692
65 76 20
76 65 20
65 74 258
74 65 258
65 86 540
86 65 540
66 88 854
88 66 854
66 73 73
73 66 73
66 74 173
74 66 173
66 93 42
93 66 42
66 90 544
90 66 544
66 91 873
91 66 873
66 78 420
78 66 420
67 74 648
74 67 648
67 85 478
85 67 478
67 86 364
86 67 364
67 88 356
88 67 356
67 75 194
75 67 194
67 69 213
69 67 213
67 90 241
90 67 241
67 69 41
69 67 41
68 85 226
85 68 226
68 86 74
86 68 74
68 87 940
87 68 940
68 81 752
81 68 752
68 84 30
84 68 30
69 76 863
76 69 863
69 73 316
73 69 316
69 93 156
93 69 156
69 86 279
86 69 279
69 85 490
85 69 490
69 79 343
79 69 343
70 77 66
77 70 66
70 90 564
90 70 564
70 76 890
76 70 890
70 76 728
76 70 728
70 84 827
84 70 827
71 90 440
90 71 440
71 85 961
85 71 961
71 84 408
84 71 408
71 87 164
87 71 164
71 84 794
84 71 794
71 79 560
79 71 560
72 84 504
84 72 504
72 82 89
82 72 89
72 91 329
91 72 329
73 89 56
89 73 56
73 87 588
87 73 588
74 77 678
77 74 678
74 86 993
86 74 993
74 81 767
81 74 767
74 77 39
77 74 39
74 81 376
81 74 376
74 88 674
88 74 674
75 80 817
80 75 817
75 86 73
86 75 73
75 78 481
78 75 481
76 89 15
89 76 15
77 92 683
92 77 683
77 88 76
88 77 76
77 80 850
80 77 850
77 90 615
90 77 615
77 85 181
85 77 181
78 82 4
82 78 4
78 81 696
81 78 696
78 86 707
86 78 707
79 93 106
93 79 106
79 92 313
92 79 313
79 92 402
92 79 402
79 83 911
83 79 911
79 86 733
86 79 733
79 84 35
84 79 35
80 84 180
84 80 180
80 80 738
80 80 738
80 87 6
87 80 6
80 93 6
93 80 6
80 93 11
93 80 11
80 82 565
82 80 565
82 85 196
85 82 196
82 87 295
87 82 295
82 86 826
86 82 826
82 83 993
83 82 993
82 86 561
86 82 561
83 86 23
86 83 23
83 90 892
90 83 892
83 86 922
86 83 922
84 89 995
89 84 995
84 84 966
84 84 966
84 84 105
84 84 105
84 91 269
91 84 269
85 89 947
89 85 947
85 93 823
93 85 823
86 93 769
93 86 769
87 88 590
88 87 590
89 91 419
91 89 419
89 90 249
90 89 249
89 91 519
91 89 519
90 91 158
91 90 158
