73

0 1 770
1 0 770
0 2 619
2 0 619
0 4 694
4 0 694
0 6 113
6 0 113
0 7 760
7 0 760
0 70 498
70 0 498
0 18 431
18 0 431
0 41 722
41 0 722
0 24 77
24 0 77
0 9 146
9 0 146
0 70 257
70 0 257
0 34 314
34 0 314
0 19 538
19 0 538
0 19 879
19 0 879
0 69 400
69 0 400
0 55 643
55 0 643
0 58 728
58 0 728
0 6 388
6 0 388
0 31 633
31 0 633
0 24 994
24 0 994
0 9 567
9 0 567
0 22 800
22 0 800
0 33 174
33 0 174
0 5 497
5 0 497
0 27 21
27 0 21
1 3 668
3 1 668
1 5 646
5 1 646
1 21 610
21 1 610
1 24 16
24 1 16
1 66 123
66 1 123
1 66 126
66 1 126
1 69 458
69 1 458
1 39 938
39 1 938
1 41 947
41 1 947
1 37 811
37 1 811
1 70 879
70 1 879
1 71 689
71 1 689
2 11 581
11 2 581
2 18 847
18 2 847
2 43 330
43 2 330
2 21 134
21 2 134
2 30 505
30 2 505
2 18 122
18 2 122
2 38 3
38 2 3
2 34 46
34 2 46
2 36 367
36 2 367
2 36 14
36 2 14
2 53 512
53 2 512
2 71 517
71 2 517
2 13 779
13 2 779
3 6 241
6 3 241
3 55 849
55 3 849
3 52 71
52 3 71
3 62 767
62 3 767
3 35 812
35 3 812
3 68 910
68 3 910
3 52 503
52 3 503
3 59 837
59 3 837
3 72 796
72 3 796
3 33 337
33 3 337
3 33 747
33 3 747
3 36 391
36 3 391
3 56 937
56 3 937
3 56 714
56 3 714
3 45 781
45 3 781
3 53 366
53 3 366
3 20 898
20 3 898
3 65 30
65 3 30
4 49 713
49 4 713
4 9 482
9 4 482
4 66 114
66 4 114
4 49 829
49 4 829
4 6 303
6 4 303
4 55 955
55 4 955
4 33 22
33 4 22
4 29 150
29 4 150
4 22 849
22 4 849
4 57 523
57 4 523
4 12 463
12 4 463
4 15 674
15 4 674
4 30 942
30 4 942
4 33 220
33 4 220
4 43 959
43 4 959
4 31 712
31 4 712
4 70 240
70 4 240
4 24 55
24 4 55
4 58 55
58 4 55
4 48 469
48 4 469
4 68 316
68 4 316
4 20 706
20 4 706
4 56 128
56 4 128
4 16 854
16 4 854
4 68 748
68 4 748
4 40 99
40 4 99
5 17 744
17 5 744
5 28 428
28 5 428
5 54 234
54 5 234
5 66 766
66 5 766
5 33 529
33 5 529
5 52 737
52 5 737
5 58 842
58 5 842
5 21 584
21 5 584
5 21 189
21 5 189
5 41 75
41 5 75
5 52 828
52 5 828
5 30 113
30 5 113
5 47 16
47 5 16
5 72 971
72 5 971
5 39 364
39 5 364
6 8 270
8 6 270
6 32 529
32 6 529
6 46 692
46 6 692
6 37 757
37 6 757
6 31 887
31 6 887
6 46 299
46 6 299
6 33 430
33 6 430
6 47 241
47 6 241
6 40 35
40 6 35
6 32 758
32 6 758
6 8 947
8 6 947
6 6 56
6 6 56
6 15 20
15 6 20
6 61 906
61 6 906
6 58 106
58 6 106
6 45 780
45 6 780
6 69 850
69 6 850
6 9 202
9 6 202
6 34 712
34 6 712
6 14 905
14 6 905
6 23 201
23 6 201
6 33 342
33 6 342
6 46 468
46 6 468
6 67 515
67 6 515
7 12 844
12 7 844
7 30 167
30 7 167
7 33 303
33 7 303
7 16 228
16 7 228
7 69 530
69 7 530
7 32 561
32 7 561
7 55 26
55 7 26
7 33 26
33 7 26
7 61 547
61 7 547
7 28 446
28 7 446
7 35 332
35 7 332
7 14 717
14 7 717
7 33 917
33 7 917
7 66 103
66 7 103
7 12 408
12 7 408
7 43 45
43 7 45
7 43 40
43 7 40
7 62 759
62 7 759
7 38 518
38 7 518
8 9 876
9 8 876
8 10 271
10 8 271
8 33 69
33 8 69
8 62 147
62 8 147
8 46 977
46 8 977
8 60 613
60 8 613
8 60 236
60 8 236
8 62 927
62 8 927
8 40 135
40 8 135
8 18 764
18 8 764
8 69 856
69 8 856
8 34 37
34 8 37
8 67 631
67 8 631
8 12 353
12 8 353
8 52 646
52 8 646
8 24 958
24 8 958
8 44 487
44 8 487
8 50 601
50 8 601
9 13 162
13 9 162
9 22 652
22 9 652
9 38 462
38 9 462
9 33 809
33 9 809
9 54 121
54 9 121
9 48 993
48 9 993
9 29 228
29 9 228
9 33 101
33 9 101
9 43 161
43 9 161
9 27 847
27 9 847
9 28 875
28 9 875
9 37 139
37 9 139
9 60 402
60 9 402
9 63 624
63 9 624
9 61 41
61 9 41
10 15 441
15 10 441
10 72 134
72 10 134
10 69 138
69 10 138
10 43 331
43 10 331
10 22 320
22 10 320
10 46 252
46 10 252
10 57 760
57 10 760
10 41 933
41 10 933
10 11 824
11 10 824
10 21 985
21 10 985
10 36 582
36 10 582
10 53 22
53 10 22
10 59 718
59 10 718
10 55 795
55 10 795
10 23 650
23 10 650
10 25 87
25 10 87
10 13 124
13 10 124
10 70 674
70 10 674
10 58 767
58 10 767
10 57 429
57 10 429
10 61 757
61 10 757
10 51 934
51 10 934
11 71 852
71 11 852
11 31 364
31 11 364
11 68 489
68 11 489
11 57 331
57 11 331
11 61 975
61 11 975
11 65 135
65 11 135
11 46 790
46 11 790
11 35 174
35 11 174
11 36 622
36 11 622
11 54 862
54 11 862
11 34 79
34 11 79
11 42 254
42 11 254
11 69 352
69 11 352
11 53 949
53 11 949
11 72 245
72 11 245
11 59 831
59 11 831
12 14 117
14 12 117
12 57 415
57 12 415
12 12 525
12 12 525
12 26 803
26 12 803
12 25 481
25 12 481
12 35 557
35 12 557
12 14 631
14 12 631
12 69 138
69 12 138
12 47 773
47 12 773
12 23 280
23 12 280
12 28 228
28 12 228
12 27 309
27 12 309
12 69 831
69 12 831
13 68 484
68 13 484
13 19 425
19 13 425
13 33 888
33 13 888
13 46 774
46 13 774
13 26 644
26 13 644
13 26 382
26 13 382
13 64 210
64 13 210
13 43 124
43 13 124
13 54 76
54 13 76
13 45 435
45 13 435
13 42 819
42 13 819
13 26 823
26 13 823
13 70 455
70 13 455
13 31 957
31 13 957
13 62 893
62 13 893
13 31 524
31 13 524
13 57 676
57 13 676
13 54 698
54 13 698
13 34 946
34 13 946
13 72 920
72 13 920
13 62 423
62 13 423
13 39 345
39 13 345
14 16 1000
16 14 1000
14 59 365
59 14 365
14 28 300
28 14 300
14 40 458
40 14 458
14 47 44
47 14 44
14 16 739
16 14 739
14 51 828
51 14 828
14 40 819
40 14 819
14 21 586
21 14 586
14 16 239
16 14 239
14 39 359
39 14 359
14 65 204
65 14 204
14 30 171
30 14 171
14 65 975
65 14 975
14 53 145
53 14 145
14 62 144
62 14 144
14 30 921
30 14 921
14 52 122
52 14 122
14 44 571
44 14 571
15 51 885
51 15 885
15 56 455
56 15 455
15 16 466
16 15 466
15 34 496
34 15 496
15 23 127
23 15 127
15 24 273
24 15 273
15 48 43
48 15 43
15 28 199
28 15 199
15 29 994
29 15 994
15 65 766
65 15 766
15 71 585
71 15 585
16 31 633
31 16 633
16 51 764
51 16 764
16 55 529
55 16 529
16 52 494
52 16 494
16 48 945
48 16 945
16 44 506
44 16 506
16 47 577
47 16 577
16 32 746
32 16 746
16 19 517
19 16 517
16 23 739
23 16 739
16 34 203
34 16 203
16 27 236
27 16 236
16 71 250
71 16 250
16 69 152
69 16 152
17 37 901
37 17 901
17 62 499
62 17 499
17 32 486
32 17 486
17 22 545
22 17 545
17 68 97
68 17 97
17 53 673
53 17 673
17 20 425
20 17 425
17 33 367
33 17 367
17 35 684
35 17 684
17 46 954
46 17 954
17 52 656
52 17 656
17 49 975
49 17 975
17 50 70
50 17 70
18 19 474
19 18 474
18 25 872
25 18 872
18 26 154
26 18 154
18 65 816
65 18 816
18 47 183
47 18 183
18 63 470
63 18 470
18 64 501
64 18 501
18 60 752
60 18 752
18 33 920
33 18 920
18 48 756
48 18 756
18 54 54
54 18 54
18 20 59
20 18 59
18 22 93
22 18 93
18 35 776
35 18 776
18 38 715
38 18 715
18 32 518
32 18 518
18 38 210
38 18 210
19 20 932
20 19 932
19 23 282
23 19 282
19 31 566
31 19 566
19 46 909
46 19 909
19 51 132
51 19 132
19 57 501
57 19 501
19 54 176
54 19 176
19 22 55
22 19 55
19 25 693
25 19 693
19 50 305
50 19 305
19 34 609
34 19 609
19 27 24
27 19 24
19 57 581
57 19 581
19 54 89
54 19 89
20 30 662
30 20 662
20 24 236
24 20 236
20 28 211
28 20 211
20 30 699
30 20 699
20 58 82
58 20 82
20 69 719
69 20 719
20 21 77
21 20 77
20 21 763
21 20 763
20 28 453
28 20 453
20 68 531
68 20 531
20 21 531
21 20 531
20 66 58
66 20 58
20 71 738
71 20 738
20 45 586
45 20 586
20 43 90
43 20 90
20 21 69
21 20 69
20 38 336
38 20 336
20 50 55
50 20 55
21 29 767
29 21 767
21 34 169
34 21 169
21 35 976
35 21 976
21 63 705
63 21 705
21 27 543
27 21 543
21 30 63
30 21 63
21 24 744
24 21 744
21 34 288
34 21 288
21 29 145
29 21 145
21 72 668
72 21 668
21 68 539
68 21 539
21 38 351
38 21 351
21 72 234
72 21 234
21 26 98
26 21 98
21 62 125
62 21 125
21 35 226
35 21 226
22 54 494
54 22 494
22 59 641
59 22 641
22 33 729
33 22 729
22 65 475
65 22 475
22 62 234
62 22 234
22 48 933
48 22 933
22 27 133
27 22 133
22 48 558
48 22 558
22 22 642
22 22 642
22 40 793
40 22 793
22 58 507
58 22 507
22 30 309
30 22 309
22 66 913
66 22 913
22 33 99
33 22 99
22 64 500
64 22 500
22 65 837
65 22 837
22 48 906
48 22 906
22 60 409
60 22 409
23 31 233
31 23 233
23 41 875
41 23 875
23 45 753
45 23 753
23 43 810
43 23 810
23 35 448
35 23 448
23 50 813
50 23 813
23 31 172
31 23 172
23 28 527
28 23 527
23 51 234
51 23 234
23 52 39
52 23 39
23 43 465
43 23 465
23 27 457
27 23 457
23 57 331
57 23 331
24 45 1
45 24 1
24 70 309
70 24 309
24 48 970
48 24 970
24 42 654
42 24 654
24 43 732
43 24 732
24 46 339
46 24 339
24 38 604
38 24 604
24 43 942
43 24 942
24 44 855
44 24 855
24 47 670
47 24 670
24 48 618
48 24 618
24 38 293
38 24 293
24 40 286
40 24 286
24 43 287
43 24 287
25 47 977
47 25 977
25 51 720
51 25 720
25 31 874
31 25 874
25 40 627
40 25 627
25 71 985
71 25 985
25 61 474
61 25 474
25 59 91
59 25 91
25 44 850
44 25 850
25 63 174
63 25 174
25 51 834
51 25 834
26 27 471
27 26 471
26 32 463
32 26 463
26 42 615
42 26 615
26 48 839
48 26 839
26 71 604
71 26 604
26 63 861
63 26 861
26 68 244
68 26 244
26 60 239
60 26 239
26 47 299
47 26 299
26 63 373
63 26 373
26 42 193
42 26 193
26 63 329
63 26 329
26 41 171
41 26 171
27 55 177
55 27 177
27 65 332
65 27 332
27 29 550
29 27 550
27 28 1000
28 27 1000
27 38 781
38 27 781
27 49 472
49 27 472
27 70 443
70 27 443
27 52 979
52 27 979
27 67 317
67 27 317
27 69 498
69 27 498
27 57 126
57 27 126
28 55 231
55 28 231
28 39 492
39 28 492
28 48 428
48 28 428
28 30 298
30 28 298
28 72 497
72 28 497
28 38 453
38 28 453
28 64 322
64 28 322
28 42 418
42 28 418
28 43 968
43 28 968
28 72 649
72 28 649
28 45 398
45 28 398
29 48 750
48 29 750
29 72 806
72 29 806
29 35 621
35 29 621
29 37 804
37 29 804
29 37 636
37 29 636
29 44 372
44 29 372
29 67 595
67 29 595
29 33 923
33 29 923
29 48 701
48 29 701
29 43 296
43 29 296
29 37 232
37 29 232
29 48 463
48 29 463
29 39 26
39 29 26
30 70 57
70 30 57
30 50 33
50 30 33
30 67 126
67 30 126
30 68 399
68 30 399
30 69 333
69 30 333
30 57 140
57 30 140
30 69 274
69 30 274
30 58 255
58 30 255
30 63 372
63 30 372
30 57 261
57 30 261
30 41 23
41 30 23
30 40 433
40 30 433
31 39 443
39 31 443
31 40 591
40 31 591
31 52 955
52 31 955
31 72 148
72 31 148
31 67 76
67 31 76
31 45 309
45 31 309
31 46 554
46 31 554
31 47 499
47 31 499
31 66 675
66 31 675
31 44 741
44 31 741
31 32 441
32 31 441
31 37 386
37 31 386
32 72 438
72 32 438
32 72 941
72 32 941
32 35 631
35 32 631
32 47 398
47 32 398
32 54 688
54 32 688
32 47 689
47 32 689
32 64 985
64 32 985
32 54 439
54 32 439
32 62 83
62 32 83
32 60 176
60 32 176
32 36 394
36 32 394
32 67 197
67 32 197
33 41 601
41 33 601
33 72 47
72 33 47
33 36 572
36 33 572
33 53 763
53 33 763
33 43 296
43 33 296
34 36 338
36 34 338
34 50 93
50 34 93
34 69 420
69 34 420
34 64 357
64 34 357
34 39 298
39 34 298
34 40 630
40 34 630
34 67 729
67 34 729
34 37 10
37 34 10
34 64 659
64 34 659
35 69 848
69 35 848
35 36 510
36 35 510
35 63 904
63 35 904
35 42 527
42 35 527
35 42 71
42 35 71
35 35 116
35 35 116
36 67 627
67 36 627
36 55 520
55 36 520
36 53 93
53 36 93
36 42 41
42 36 41
36 45 889
45 36 889
36 56 39
56 36 39
36 55 974
55 36 974
37 58 371
58 37 371
37 42 800
42 37 800
37 42 124
42 37 124
37 68 807
68 37 807
37 49 160
49 37 160
37 58 483
58 37 483
38 45 709
45 38 709
38 66 791
66 38 791
38 54 905
54 38 905
38 65 843
65 38 843
38 71 802
71 38 802
38 40 580
40 38 580
38 58 348
58 38 348
38 65 464
65 38 464
38 45 345
45 38 345
38 57 977
57 38 977
39 44 647
44 39 647
39 49 286
49 39 286
39 44 375
44 39 375
39 59 677
59 39 677
39 46 759
46 39 759
39 70 895
70 39 895
39 49 258
49 39 258
39 49 416
49 39 416
39 44 79
44 39 79
39 41 217
41 39 217
39 52 699
52 39 699
39 46 708
46 39 708
39 41 661
41 39 661
39 40 85
40 39 85
39 50 455
50 39 455
39 42 507
42 39 507
39 66 130
66 39 130
39 49 869
49 39 869
39 50 550
50 39 550
39 67 150
67 39 150
40 63 968
63 40 968
40 65 726
65 40 726
40 64 582
64 40 582
40 44 235
44 40 235
40 55 470
55 40 470
40 66 461
66 40 461
40 70 510
70 40 510
40 49 283
49 40 283
41 53 835
53 41 835
41 68 185
68 41 185
41 50 445
50 41 445
41 41 62
41 41 62
42 46 635
46 42 635
42 49 266
49 42 266
42 53 661
53 42 661
42 49 52
49 42 52
42 72 224
72 42 224
42 59 225
59 42 225
42 65 16
65 42 16
42 55 212
55 42 212
42 59 111
59 42 111
42 60 807
60 42 807
42 53 636
53 42 636
42 59 268
59 42 268
42 43 356
43 42 356
42 70 789
70 42 789
43 72 624
72 43 624
43 57 439
57 43 439
43 45 252
45 43 252
43 45 303
45 43 303
43 70 762
70 43 762
43 47 925
47 43 925
44 48 744
48 44 744
44 55 911
55 44 911
44 60 250
60 44 250
44 71 788
71 44 788
44 56 206
56 44 206
45 60 929
60 45 929
45 69 667
69 45 667
45 66 193
66 45 193
45 70 306
70 45 306
45 65 23
65 45 23
46 66 22
66 46 22
46 51 389
51 46 389
46 46 948
46 46 948
46 69 955
69 46 955
46 48 90
48 46 90
46 49 326
49 46 326
46 63 985
63 46 985
46 48 773
48 46 773
46 58 574
58 46 574
47 68 933
68 47 933
47 52 644
52 47 644
47 64 62
64 47 62
47 69 165
69 47 165
47 57 669
57 47 669
47 55 929
55 47 929
47 51 972
51 47 972
47 57 706
57 47 706
47 54 976
54 47 976
47 60 216
60 47 216
48 60 914
60 48 914
48 55 610
55 48 610
48 69 7
69 48 7
48 58 277
58 48 277
48 51 933
51 48 933
48 70 611
70 48 611
48 63 751
63 48 751
49 65 243
65 49 243
49 70 708
70 49 708
49 69 434
69 49 434
49 70 927
70 49 927
49 63 34
63 49 34
49 72 968
72 49 968
49 69 460
69 49 460
50 58 843
58 50 843
50 61 149
61 50 149
50 55 149
55 50 149
50 54 110
54 50 110
50 61 950
61 50 950
50 55 922
55 50 922
50 64 423
64 50 423
50 60 130
60 50 130
50 56 487
56 50 487
50 71 783
71 50 783
51 53 492
53 51 492
51 57 480
57 51 480
51 61 528
61 51 528
51 67 319
67 51 319
51 69 366
69 51 366
51 58 458
58 51 458
51 71 516
71 51 516
51 54 251
54 51 251
51 69 95
69 51 95
52 65 543
65 52 543
52 67 565
67 52 565
52 63 752
63 52 752
52 54 447
54 52 447
52 68 81
68 52 81
52 57 267
57 52 267
52 59 21
59 52 21
52 61 622
61 52 622
52 61 172
61 52 172
53 68 416
68 53 416
53 65 575
65 53 575
54 62 850
62 54 850
54 68 802
68 54 802
54 54 393
54 54 393
54 65 963
65 54 963
55 72 504
72 55 504
55 56 131
56 55 131
55 64 883
64 55 883
55 69 912
69 55 912
55 66 492
66 55 492
55 67 861
67 55 861
55 71 199
71 55 199
55 56 612
56 55 612
55 67 420
67 55 420
56 69 547
69 56 547
56 58 552
58 56 552
56 58 307
58 56 307
56 70 653
70 56 653
56 72 158
72 56 158
56 67 256
67 56 256
57 60 668
60 57 668
58 60 29
60 58 29
58 61 363
61 58 363
59 72 484
72 59 484
59 64 152
64 59 152
59 69 875
69 59 875
59 61 968
61 59 968
59 70 458
70 59 458
60 64 341
64 60 341
60 71 251
71 60 251
60 68 837
68 60 837
60 69 191
69 60 191
61 62 584
62 61 584
61 63 231
63 61 231
62 68 154
68 62 154
62 69 246
69 62 246
63 70 133
70 63 133
63 72 52
72 63 52
63 70 557
70 63 557
63 69 464
69 63 464
64 68 816
68 64 816
64 66 901
66 64 901
64 70 642
70 64 642
65 68 875
68 65 875
65 67 439
67 65 439
66 72 979
72 66 979
66 66 844
66 66 844
66 69 597
69 66 597
67 69 340
69 67 340
67 68 449
68 67 449
67 69 829
69 67 829
69 70 96
70 69 96
69 71 672
71 69 672
69 70 841
70 69 841
72 72 943
72 72 943
72 72 631
72 72 631
