39

0 1 181
1 0 181
0 17 380
17 0 380
0 2 900
2 0 900
0 26 946
26 0 946
0 13 36
13 0 36
0 1 744
1 0 744
0 20 908
20 0 908
0 1 383
1 0 383
0 38 181
38 0 181
0 35 459
35 0 459
0 0 454
0 0 454
0 12 860
12 0 860
0 37 635
37 0 635
0 36 740
36 0 740
0 32 71
32 0 71
0 37 721
37 0 721
0 4 597
4 0 597
0 4 857
4 0 857
0 36 188
36 0 188
0 36 979
36 0 979
0 22 862
22 0 862
0 13 208
13 0 208
0 33 201
33 0 201
0 17 817
17 0 817
0 3 854
3 0 854
1 2 643
2 1 643
1 5 274
5 1 274
1 6 317
6 1 317
1 14 360
14 1 360
1 17 920
17 1 920
1 20 182
20 1 182
1 5 972
5 1 972
1 32 603
32 1 603
1 9 620
9 1 620
1 31 582
31 1 582
1 3 141
3 1 141
1 8 819
8 1 819
1 21 607
21 1 607
1 20 710
20 1 710
1 31 384
31 1 384
1 12 557
12 1 557
1 25 728
25 1 728
1 14 592
14 1 592
1 10 218
10 1 218
1 7 309
7 1 309
1 38 664
38 1 664
1 25 947
25 1 947
2 3 44
3 2 44
2 4 972
4 2 972
2 7 9
7 2 9
2 13 219
13 2 219
2 36 389
36 2 389
2 23 307
23 2 307
2 11 835
11 2 835
2 20 354
20 2 354
2 15 503
15 2 503
2 15 952
15 2 952
2 4 944
4 2 944
2 14 584
14 2 584
2 26 845
26 2 845
2 18 49
18 2 49
2 8 589
8 2 589
2 37 301
37 2 301
2 5 79
5 2 79
2 22 904
22 2 904
2 25 98
25 2 98
2 20 482
20 2 482
2 31 428
31 2 428
2 8 220
8 2 220
2 31 999
31 2 999
2 23 612
23 2 612
2 29 712
29 2 712
2 6 520
6 2 520
2 16 58
16 2 58
2 18 537
18 2 537
2 38 833
38 2 833
3 9 570
9 3 570
3 12 844
12 3 844
3 20 906
20 3 906
3 38 856
38 3 856
3 27 999
27 3 999
3 11 166
11 3 166
3 33 130
33 3 130
3 16 668
16 3 668
3 38 106
38 3 106
3 28 472
28 3 472
3 5 644
5 3 644
3 36 524
36 3 524
3 25 434
25 3 434
3 36 929
36 3 929
3 21 233
21 3 233
3 10 321
10 3 321
3 33 343
33 3 343
4 22 669
22 4 669
4 17 905
17 4 905
4 36 861
36 4 861
4 36 185
36 4 185
4 37 861
37 4 861
4 6 186
6 4 186
4 15 204
15 4 204
4 8 456
8 4 456
4 17 43
17 4 43
4 33 153
33 4 153
4 28 168
28 4 168
4 17 444
17 4 444
4 17 54
17 4 54
4 5 395
5 4 395
4 14 736
14 4 736
4 18 251
18 4 251
5 10 819
10 5 819
5 15 256
15 5 256
5 37 793
37 5 793
5 17 18
17 5 18
5 35 552
35 5 552
5 13 243
13 5 243
5 36 957
36 5 957
5 25 220
25 5 220
5 13 326
13 5 326
5 30 289
30 5 289
5 9 766
9 5 766
5 38 73
38 5 73
5 10 829
10 5 829
5 23 167
23 5 167
5 15 312
15 5 312
5 34 403
34 5 403
5 29 596
29 5 596
5 31 497
31 5 497
6 11 64
11 6 64
6 19 132
19 6 132
6 10 469
10 6 469
6 13 207
13 6 207
6 12 64
12 6 64
6 27 823
27 6 823
6 20 293
20 6 293
6 28 918
28 6 918
6 13 564
13 6 564
6 15 512
15 6 512
6 32 403
32 6 403
6 13 206
13 6 206
6 25 922
25 6 922
6 17 205
17 6 205
6 34 670
34 6 670
6 35 802
35 6 802
6 27 298
27 6 298
6 25 135
25 6 135
6 10 354
10 6 354
6 34 500
34 6 500
6 10 990
10 6 990
6 35 582
35 6 582
6 30 895
30 6 895
7 8 301
8 7 301
7 18 370
18 7 370
7 36 871
36 7 871
7 25 782
25 7 782
7 10 475
10 7 475
7 35 995
35 7 995
7 30 52
30 7 52
7 23 724
23 7 724
7 32 755
32 7 755
7 28 682
28 7 682
7 18 941
18 7 941
7 14 432
14 7 432
7 33 664
33 7 664
7 10 683
10 7 683
7 32 221
32 7 221
7 36 669
36 7 669
7 28 27
28 7 27
7 32 620
32 7 620
7 21 302
21 7 302
7 28 963
28 7 963
7 9 75
9 7 75
7 26 504
26 7 504
8 16 299
16 8 299
8 31 125
31 8 125
8 21 148
21 8 148
8 33 206
33 8 206
8 33 936
33 8 936
8 20 362
20 8 362
8 26 837
26 8 837
8 10 364
10 8 364
8 30 177
30 8 177
8 12 241
12 8 241
8 21 282
21 8 282
8 12 732
12 8 732
8 24 573
24 8 573
8 19 326
19 8 326
8 33 523
33 8 523
8 32 61
32 8 61
8 27 161
27 8 161
8 11 152
11 8 152
8 24 245
24 8 245
8 25 387
25 8 387
8 31 6
31 8 6
9 16 338
16 9 338
9 14 649
14 9 649
9 30 493
30 9 493
9 20 6
20 9 6
9 22 250
22 9 250
9 27 821
27 9 821
9 18 899
18 9 899
9 24 723
24 9 723
9 32 875
32 9 875
9 21 68
21 9 68
9 34 56
34 9 56
9 13 475
13 9 475
9 9 30
9 9 30
9 21 727
21 9 727
9 16 262
16 9 262
9 25 745
25 9 745
9 11 403
11 9 403
9 31 116
31 9 116
9 10 894
10 9 894
9 20 135
20 9 135
9 26 493
26 9 493
10 21 36
21 10 36
10 23 931
23 10 931
10 35 735
35 10 735
10 26 973
26 10 973
10 12 490
12 10 490
10 20 728
20 10 728
10 19 344
19 10 344
10 21 664
21 10 664
10 21 100
21 10 100
10 22 865
22 10 865
10 14 607
14 10 607
10 34 819
34 10 819
10 31 77
31 10 77
10 14 776
14 10 776
10 20 288
20 10 288
10 34 734
34 10 734
10 22 110
22 10 110
10 16 221
16 10 221
10 23 270
23 10 270
10 19 426
19 10 426
11 22 526
22 11 526
11 29 281
29 11 281
11 14 964
14 11 964
11 29 253
29 11 253
11 26 264
26 11 264
11 12 737
12 11 737
11 33 64
33 11 64
11 27 39
27 11 39
11 36 24
36 11 24
11 20 404
20 11 404
11 12 476
12 11 476
11 18 91
18 11 91
11 16 10
16 11 10
11 28 912
28 11 912
11 19 458
19 11 458
11 28 283
28 11 283
11 38 194
38 11 194
11 17 469
17 11 469
12 20 984
20 12 984
12 33 325
33 12 325
12 24 242
24 12 242
12 17 110
17 12 110
12 28 688
28 12 688
12 21 220
21 12 220
12 22 330
22 12 330
12 19 726
19 12 726
12 17 799
17 12 799
12 32 866
32 12 866
12 18 855
18 12 855
12 12 117
12 12 117
12 37 297
37 12 297
12 18 897
18 12 897
12 35 525
35 12 525
12 37 977
37 12 977
12 12 919
12 12 919
12 35 713
35 12 713
12 13 877
13 12 877
12 30 194
30 12 194
12 32 322
32 12 322
12 15 837
15 12 837
12 17 311
17 12 311
13 17 771
17 13 771
13 24 127
24 13 127
13 25 749
25 13 749
13 35 340
35 13 340
13 17 899
17 13 899
13 22 334
22 13 334
13 31 862
31 13 862
13 27 432
27 13 432
13 37 882
37 13 882
13 28 324
28 13 324
13 17 479
17 13 479
13 31 189
31 13 189
13 34 589
34 13 589
13 18 218
18 13 218
13 22 200
22 13 200
13 38 917
38 13 917
13 16 308
16 13 308
13 20 972
20 13 972
13 32 683
32 13 683
13 22 316
22 13 316
13 25 762
25 13 762
14 26 216
26 14 216
14 14 8
14 14 8
14 18 167
18 14 167
14 27 111
27 14 111
14 28 390
28 14 390
14 17 78
17 14 78
14 18 385
18 14 385
14 21 545
21 14 545
14 30 86
30 14 86
14 30 284
30 14 284
14 19 921
19 14 921
14 19 998
19 14 998
14 24 6
24 14 6
15 27 953
27 15 953
15 28 615
28 15 615
15 33 970
33 15 970
15 37 393
37 15 393
15 17 298
17 15 298
15 19 366
19 15 366
15 34 779
34 15 779
15 24 641
24 15 641
15 29 847
29 15 847
15 37 75
37 15 75
15 17 484
17 15 484
15 28 522
28 15 522
15 31 714
31 15 714
15 21 758
21 15 758
15 26 145
26 15 145
16 16 939
16 16 939
16 24 83
24 16 83
16 19 335
19 16 335
16 21 909
21 16 909
16 29 842
29 16 842
16 26 472
26 16 472
16 22 84
22 16 84
16 35 622
35 16 622
16 36 812
36 16 812
16 38 354
38 16 354
16 26 487
26 16 487
17 30 205
30 17 205
17 38 100
38 17 100
17 21 30
21 17 30
17 33 490
33 17 490
17 19 965
19 17 965
17 34 252
34 17 252
17 30 563
30 17 563
17 22 43
22 17 43
17 19 385
19 17 385
17 17 235
17 17 235
17 22 694
22 17 694
17 30 555
30 17 555
18 36 340
36 18 340
18 21 615
21 18 615
18 25 950
25 18 950
18 27 333
27 18 333
18 36 675
36 18 675
18 25 204
25 18 204
18 38 900
38 18 900
18 19 518
19 18 518
18 29 108
29 18 108
18 18 120
18 18 120
18 31 329
31 18 329
18 27 960
27 18 960
18 19 610
19 18 610
18 19 50
19 18 50
18 21 515
21 18 515
19 26 767
26 19 767
19 38 189
38 19 189
19 33 215
33 19 215
19 23 794
23 19 794
19 38 919
38 19 919
19 28 550
28 19 550
19 29 734
29 19 734
19 34 96
34 19 96
19 28 255
28 19 255
19 33 669
33 19 669
19 21 29
21 19 29
19 38 173
38 19 173
19 33 486
33 19 486
19 37 139
37 19 139
19 29 284
29 19 284
19 20 297
20 19 297
19 37 834
37 19 834
19 29 687
29 19 687
20 30 387
30 20 387
20 29 798
29 20 798
20 32 111
32 20 111
20 21 133
21 20 133
20 37 407
37 20 407
20 26 651
26 20 651
20 36 485
36 20 485
21 34 928
34 21 928
21 28 201
28 21 201
21 29 492
29 21 492
21 29 87
29 21 87
21 26 752
26 21 752
21 33 743
33 21 743
21 26 842
26 21 842
21 28 680
28 21 680
21 28 356
28 21 356
22 29 19
29 22 19
22 32 852
32 22 852
22 27 555
27 22 555
22 30 820
30 22 820
22 35 216
35 22 216
22 37 803
37 22 803
22 31 816
31 22 816
22 37 515
37 22 515
22 35 149
35 22 149
23 36 198
36 23 198
23 35 943
35 23 943
23 33 30
33 23 30
23 26 104
26 23 104
23 27 395
27 23 395
23 33 387
33 23 387
23 38 453
38 23 453
23 25 281
25 23 281
23 31 697
31 23 697
23 33 954
33 23 954
24 32 564
32 24 564
24 26 755
26 24 755
24 28 811
28 24 811
24 27 380
27 24 380
25 31 499
31 25 499
25 36 935
36 25 935
25 36 146
36 25 146
25 27 88
27 25 88
25 25 460
25 25 460
25 29 522
29 25 522
25 25 762
25 25 762
26 34 941
34 26 941
26 38 952
38 26 952
26 37 305
37 26 305
26 34 31
34 26 31
26 30 169
30 26 169
26 38 4
38 26 4
26 29 526
29 26 526
26 32 365
32 26 365
27 35 969
35 27 969
27 32 95
32 27 95
27 27 530
27 27 530
27 27 363
27 27 363
27 31 572
31 27 572
27 35 950
35 27 950
27 30 655
30 27 655
28 32 850
32 28 850
28 34 128
34 28 128
28 28 299
28 28 299
28 30 353
30 28 353
28 32 742
32 28 742
28 38 934
38 28 934
28 28 628
28 28 628
28 29 758
29 28 758
28 32 472
32 28 472
29 36 945
36 29 945
29 38 537
38 29 537
29 38 3
38 29 3
29 30 809
30 29 809
30 31 515
31 30 515
30 36 537
36 30 537
30 33 11
33 30 11
30 31 37
31 30 37
30 31 261
31 30 261
30 33 927
33 30 927
30 32 173
32 30 173
31 37 294
37 31 294
31 32 205
32 31 205
31 36 527
36 31 527
31 34 130
34 31 130
31 37 893
37 31 893
31 34 37
34 31 37
31 36 24
36 31 24
31 37 932
37 31 932
31 32 550
32 31 550
31 35 216
35 31 216
32 35 991
35 32 991
32 35 715
35 32 715
33 34 725
34 33 725
33 36 489
36 33 489
33 37 540
37 33 540
33 37 775
37 33 775
33 38 473
38 33 473
33 36 679
36 33 679
34 35 752
35 34 752
34 37 451
37 34 451
35 38 401
38 35 401
35 38 436
38 35 436
35 35 248
35 35 248
36 37 24
37 36 24
37 38 648
38 37 648
37 38 257
38 37 257
37 38 704
38 37 704
