68

0 1 482
1 0 482
0 44 716
44 0 716
0 11 71
11 0 71
0 4 726
4 0 726
0 39 663
39 0 663
0 42 935
42 0 935
0 52 805
52 0 805
0 65 643
65 0 643
0 53 623
53 0 623
0 12 144
12 0 144
0 11 485
11 0 485
0 49 674
49 0 674
0 9 303
9 0 303
1 2 856
2 1 856
1 3 63
3 1 63
1 4 45
4 1 45
1 8 736
8 1 736
1 12 28
12 1 28
1 67 897
67 1 897
1 54 145
54 1 145
1 38 202
38 1 202
1 55 350
55 1 350
1 37 212
37 1 212
1 43 432
43 1 432
1 11 391
11 1 391
1 15 876
15 1 876
1 8 170
8 1 170
1 47 678
47 1 678
1 33 96
33 1 96
1 26 436
26 1 436
1 45 566
45 1 566
1 19 785
19 1 785
2 38 241
38 2 241
2 65 981
65 2 981
2 52 204
52 2 204
2 5 573
5 2 573
2 37 595
37 2 595
2 19 529
19 2 529
2 22 822
22 2 822
2 28 409
28 2 409
2 41 900
41 2 900
2 56 881
56 2 881
2 11 876
11 2 876
2 10 378
10 2 378
2 38 918
38 2 918
2 67 730
67 2 730
3 42 675
42 3 675
3 26 61
26 3 61
3 17 321
17 3 321
3 15 496
15 3 496
3 23 106
23 3 106
3 64 434
64 3 434
3 60 916
60 3 916
3 60 2
60 3 2
3 23 274
23 3 274
3 26 804
26 3 804
3 31 596
31 3 596
3 19 647
19 3 647
3 9 780
9 3 780
3 16 740
16 3 740
3 28 154
28 3 154
3 23 685
23 3 685
3 65 699
65 3 699
3 57 628
57 3 628
4 5 736
5 4 736
4 6 420
6 4 420
4 7 286
7 4 286
4 14 283
14 4 283
4 22 711
22 4 711
4 34 898
34 4 898
4 33 611
33 4 611
4 35 633
35 4 633
4 14 525
14 4 525
4 34 726
34 4 726
4 65 184
65 4 184
4 49 242
49 4 242
4 47 290
47 4 290
4 26 338
26 4 338
4 67 965
67 4 965
4 60 459
60 4 459
4 59 539
59 4 539
4 22 662
22 4 662
4 58 531
58 4 531
4 64 849
64 4 849
4 33 969
33 4 969
5 52 254
52 5 254
5 67 729
67 5 729
5 65 4
65 5 4
5 63 300
63 5 300
5 12 459
12 5 459
5 44 827
44 5 827
5 39 593
39 5 593
5 13 531
13 5 531
5 13 757
13 5 757
5 63 490
63 5 490
5 57 524
57 5 524
5 14 90
14 5 90
5 39 340
39 5 340
5 10 277
10 5 277
5 32 638
32 5 638
5 31 483
31 5 483
5 6 756
6 5 756
5 62 176
62 5 176
6 11 339
11 6 339
6 18 259
18 6 259
6 27 317
27 6 317
6 49 526
49 6 526
6 24 943
24 6 943
6 23 863
23 6 863
6 12 72
12 6 72
6 7 401
7 6 401
6 23 535
23 6 535
6 48 953
48 6 953
6 50 271
50 6 271
6 26 151
26 6 151
7 9 806
9 7 806
7 10 615
10 7 615
7 36 969
36 7 969
7 63 712
63 7 712
7 15 980
15 7 980
7 26 527
26 7 527
7 60 182
60 7 182
7 59 645
59 7 645
7 22 56
22 7 56
7 66 121
66 7 121
7 36 259
36 7 259
7 21 697
21 7 697
7 24 299
24 7 299
7 32 32
32 7 32
7 47 541
47 7 541
7 63 994
63 7 994
7 11 470
11 7 470
7 17 917
17 7 917
7 41 389
41 7 389
7 22 736
22 7 736
7 52 756
52 7 756
7 42 413
42 7 413
8 26 865
26 8 865
8 59 900
59 8 900
8 38 325
38 8 325
8 49 988
49 8 988
8 37 217
37 8 217
8 54 195
54 8 195
8 44 934
44 8 934
8 35 652
35 8 652
8 60 252
60 8 252
8 22 875
22 8 875
8 42 398
42 8 398
8 58 735
58 8 735
8 26 388
26 8 388
9 13 288
13 9 288
9 16 85
16 9 85
9 61 380
61 9 380
9 22 298
22 9 298
9 19 251
19 9 251
9 46 72
46 9 72
9 34 583
34 9 583
9 26 826
26 9 826
9 23 344
23 9 344
9 23 953
23 9 953
9 59 392
59 9 392
10 65 164
65 10 164
10 57 511
57 10 511
10 63 552
63 10 552
10 11 812
11 10 812
10 27 420
27 10 420
10 51 322
51 10 322
10 31 399
31 10 399
10 20 564
20 10 564
10 19 622
19 10 622
10 50 841
50 10 841
10 26 822
26 10 822
10 49 82
49 10 82
11 54 497
54 11 497
11 66 226
66 11 226
11 57 663
57 11 663
11 63 898
63 11 898
11 59 232
59 11 232
11 26 720
26 11 720
11 20 642
20 11 642
11 31 181
31 11 181
11 22 552
22 11 552
11 57 521
57 11 521
11 19 761
19 11 761
11 34 591
34 11 591
11 14 827
14 11 827
12 28 250
28 12 250
12 17 789
17 12 789
12 47 883
47 12 883
12 21 599
21 12 599
12 53 978
53 12 978
12 18 561
18 12 561
12 62 45
62 12 45
12 44 514
44 12 514
12 28 41
28 12 41
12 62 469
62 12 469
12 19 285
19 12 285
13 15 600
15 13 600
13 17 135
17 13 135
13 60 850
60 13 850
13 18 818
18 13 818
13 65 800
65 13 800
13 59 327
59 13 327
13 31 783
31 13 783
13 66 78
66 13 78
13 19 366
19 13 366
13 52 349
52 13 349
13 23 718
23 13 718
13 59 260
59 13 260
14 20 250
20 14 250
14 53 605
53 14 605
14 25 105
25 14 105
14 58 913
58 14 913
14 50 306
50 14 306
14 59 432
59 14 432
14 24 769
24 14 769
14 34 529
34 14 529
14 21 473
21 14 473
14 57 73
57 14 73
14 20 226
20 14 226
14 45 290
45 14 290
15 64 261
64 15 261
15 61 579
61 15 579
15 50 544
50 15 544
15 40 760
40 15 760
15 20 390
20 15 390
15 21 419
21 15 419
15 17 392
17 15 392
16 51 837
51 16 837
16 31 615
31 16 615
16 41 926
41 16 926
16 33 967
33 16 967
16 41 247
41 16 247
16 65 649
65 16 649
16 34 620
34 16 620
16 58 788
58 16 788
16 39 805
39 16 805
16 45 890
45 16 890
16 17 444
17 16 444
16 35 83
35 16 83
16 53 354
53 16 354
16 24 729
24 16 729
17 19 935
19 17 935
17 21 899
21 17 899
17 48 914
48 17 914
17 63 860
63 17 860
17 65 583
65 17 583
17 18 165
18 17 165
17 24 350
24 17 350
17 21 747
21 17 747
17 42 350
42 17 350
17 64 155
64 17 155
17 37 425
37 17 425
17 22 164
22 17 164
17 45 273
45 17 273
17 46 649
46 17 649
17 31 118
31 17 118
17 25 943
25 17 943
18 50 266
50 18 266
18 29 672
29 18 672
18 37 468
37 18 468
18 66 103
66 18 103
18 33 979
33 18 979
18 63 985
63 18 985
18 48 194
48 18 194
18 36 104
36 18 104
18 28 694
28 18 694
18 21 595
21 18 595
18 20 242
20 18 242
18 36 145
36 18 145
18 63 499
63 18 499
18 55 943
55 18 943
18 20 820
20 18 820
18 32 490
32 18 490
18 38 548
38 18 548
19 23 76
23 19 76
19 25 58
25 19 58
19 30 835
30 19 835
19 40 493
40 19 493
19 26 648
26 19 648
19 31 158
31 19 158
19 61 383
61 19 383
19 36 552
36 19 552
19 33 829
33 19 829
19 52 347
52 19 347
19 33 423
33 19 423
19 21 687
21 19 687
19 56 866
56 19 866
20 31 582
31 20 582
20 47 145
47 20 145
20 44 269
44 20 269
20 44 413
44 20 413
20 62 923
62 20 923
20 23 859
23 20 859
20 43 942
43 20 942
20 51 734
51 20 734
20 47 825
47 20 825
21 38 475
38 21 475
21 53 11
53 21 11
21 43 683
43 21 683
21 67 62
67 21 62
21 53 644
53 21 644
21 38 636
38 21 636
21 24 786
24 21 786
21 49 329
49 21 329
21 30 423
30 21 423
21 37 930
37 21 930
21 21 717
21 21 717
21 38 899
38 21 899
21 39 363
39 21 363
21 44 525
44 21 525
21 40 499
40 21 499
21 26 408
26 21 408
22 33 718
33 22 718
22 46 832
46 22 832
22 37 502
37 22 502
22 57 422
57 22 422
22 49 545
49 22 545
22 29 757
29 22 757
22 64 76
64 22 76
22 63 493
63 22 493
22 36 518
36 22 518
22 26 822
26 22 822
22 44 117
44 22 117
23 24 11
24 23 11
23 35 676
35 23 676
23 34 47
34 23 47
23 55 841
55 23 841
23 59 230
59 23 230
23 30 930
30 23 930
23 47 756
47 23 756
24 29 103
29 24 103
24 65 373
65 24 373
24 34 746
34 24 746
24 47 926
47 24 926
24 58 983
58 24 983
24 41 225
41 24 225
24 32 612
32 24 612
24 50 710
50 24 710
24 51 414
51 24 414
24 51 164
51 24 164
25 37 75
37 25 75
25 64 541
64 25 541
25 35 281
35 25 281
25 25 256
25 25 256
25 48 231
48 25 231
25 40 607
40 25 607
25 48 105
48 25 105
25 31 770
31 25 770
25 40 376
40 25 376
25 63 197
63 25 197
25 67 393
67 25 393
25 36 415
36 25 415
25 42 761
42 25 761
26 59 230
59 26 230
26 46 927
46 26 927
26 55 631
55 26 631
26 48 238
48 26 238
26 48 390
48 26 390
26 54 995
54 26 995
27 28 132
28 27 132
27 32 877
32 27 877
27 39 883
39 27 883
27 63 294
63 27 294
27 54 562
54 27 562
27 37 629
37 27 629
27 60 456
60 27 456
27 30 688
30 27 688
27 31 852
31 27 852
27 49 226
49 27 226
27 47 109
47 27 109
27 43 410
43 27 410
27 37 246
37 27 246
27 36 77
36 27 77
28 36 967
36 28 967
28 65 861
65 28 861
28 54 442
54 28 442
28 60 822
60 28 822
28 65 775
65 28 775
28 30 369
30 28 369
28 32 280
32 28 280
28 52 94
52 28 94
28 57 322
57 28 322
28 49 836
49 28 836
29 39 735
39 29 735
29 63 311
63 29 311
29 49 980
49 29 980
29 46 287
46 29 287
29 32 491
32 29 491
29 41 613
41 29 613
29 40 368
40 29 368
30 35 751
35 30 751
30 63 716
63 30 716
30 47 196
47 30 196
30 47 924
47 30 924
30 36 195
36 30 195
30 41 248
41 30 248
30 33 217
33 30 217
30 40 256
40 30 256
31 44 447
44 31 447
31 32 283
32 31 283
31 45 466
45 31 466
31 53 178
53 31 178
31 46 237
46 31 237
31 42 295
42 31 295
31 60 518
60 31 518
32 59 590
59 32 590
32 59 420
59 32 420
32 54 448
54 32 448
32 63 652
63 32 652
32 51 28
51 32 28
33 34 8
34 33 8
33 55 81
55 33 81
33 58 59
58 33 59
33 40 392
40 33 392
33 66 86
66 33 86
33 63 360
63 33 360
33 53 687
53 33 687
33 57 91
57 33 91
33 65 527
65 33 527
33 47 81
47 33 81
33 43 776
43 33 776
33 64 44
64 33 44
34 62 445
62 34 445
34 52 169
52 34 169
34 47 698
47 34 698
34 52 123
52 34 123
34 36 52
36 34 52
34 57 724
57 34 724
34 38 617
38 34 617
34 52 372
52 34 372
34 47 604
47 34 604
34 52 231
52 34 231
34 66 151
66 34 151
35 41 556
41 35 556
35 35 536
35 35 536
35 41 601
41 35 601
35 50 914
50 35 914
35 54 432
54 35 432
35 61 400
61 35 400
36 54 983
54 36 983
36 48 296
48 36 296
36 41 746
41 36 746
36 59 416
59 36 416
37 51 134
51 37 134
37 49 82
49 37 82
37 66 933
66 37 933
37 65 18
65 37 18
37 49 88
49 37 88
37 43 964
43 37 964
37 55 264
55 37 264
37 59 55
59 37 55
37 63 8
63 37 8
38 39 16
39 38 16
38 65 720
65 38 720
38 55 553
55 38 553
38 50 180
50 38 180
38 49 558
49 38 558
38 42 440
42 38 440
38 51 343
51 38 343
38 41 522
41 38 522
38 54 41
54 38 41
38 45 227
45 38 227
38 40 934
40 38 934
38 49 909
49 38 909
38 49 10
49 38 10
38 57 811
57 38 811
38 38 720
38 38 720
39 49 126
49 39 126
39 40 931
40 39 931
39 43 33
43 39 33
39 57 266
57 39 266
39 52 550
52 39 550
40 51 442
51 40 442
40 54 572
54 40 572
40 53 662
53 40 662
40 43 46
43 40 46
40 58 672
58 40 672
40 60 900
60 40 900
40 60 413
60 40 413
40 47 935
47 40 935
40 54 822
54 40 822
40 52 18
52 40 18
41 43 520
43 41 520
41 56 435
56 41 435
41 43 667
43 41 667
41 66 141
66 41 141
41 42 728
42 41 728
41 57 9
57 41 9
41 63 761
63 41 761
41 61 402
61 41 402
41 65 400
65 41 400
42 45 460
45 42 460
42 57 91
57 42 91
42 53 702
53 42 702
42 64 746
64 42 746
42 54 803
54 42 803
42 52 919
52 42 919
43 47 299
47 43 299
43 66 727
66 43 727
43 66 521
66 43 521
43 54 80
54 43 80
43 52 319
52 43 319
43 51 714
51 43 714
44 58 438
58 44 438
44 52 390
52 44 390
44 65 437
65 44 437
44 57 62
57 44 62
44 66 334
66 44 334
45 66 75
66 45 75
45 54 73
54 45 73
45 61 90
61 45 90
45 63 639
63 45 639
45 61 77
61 45 77
46 64 783
64 46 783
46 51 780
51 46 780
47 55 438
55 47 438
47 56 456
56 47 456
47 52 415
52 47 415
48 66 986
66 48 986
48 61 862
61 48 862
48 58 137
58 48 137
48 61 715
61 48 715
48 56 130
56 48 130
49 55 781
55 49 781
49 53 448
53 49 448
49 58 83
58 49 83
49 59 758
59 49 758
49 49 517
49 49 517
50 67 12
67 50 12
50 51 789
51 50 789
50 63 575
63 50 575
50 54 649
54 50 649
50 56 533
56 50 533
50 55 29
55 50 29
51 52 988
52 51 988
51 58 312
58 51 312
51 56 288
56 51 288
51 65 711
65 51 711
51 54 970
54 51 970
52 60 912
60 52 912
52 59 39
59 52 39
52 66 232
66 52 232
52 64 41
64 52 41
53 66 458
66 53 458
53 56 545
56 53 545
53 61 197
61 53 197
53 57 467
57 53 467
53 60 42
60 53 42
54 63 641
63 54 641
55 57 91
57 55 91
55 61 372
61 55 372
55 57 485
57 55 485
55 56 130
56 55 130
56 57 61
57 56 61
56 65 697
65 56 697
56 63 149
63 56 149
56 60 469
60 56 469
57 59 717
59 57 717
57 65 211
65 57 211
57 60 37
60 57 37
58 61 317
61 58 317
61 64 101
64 61 101
61 63 999
63 61 999
61 65 528
65 61 528
62 63 465
63 62 465
62 62 263
62 62 263
62 65 823
65 62 823
63 63 786
63 63 786
63 66 847
66 63 847
63 67 615
67 63 615
64 67 111
67 64 111
