19

0 1 291
1 0 291
0 17 369
17 0 369
0 6 783
6 0 783
0 6 282
6 0 282
0 8 368
8 0 368
0 14 678
14 0 678
1 2 473
2 1 473
1 8 988
8 1 988
2 3 640
3 2 640
2 6 357
6 2 357
2 7 639
7 2 639
2 15 607
15 2 607
2 6 777
6 2 777
2 3 630
3 2 630
2 4 574
4 2 574
3 4 224
4 3 224
3 5 639
5 3 639
3 10 555
10 3 555
3 16 685
16 3 685
3 8 495
8 3 495
3 17 38
17 3 38
3 6 33
6 3 33
3 15 398
15 3 398
3 8 651
8 3 651
3 14 682
14 3 682
4 8 94
8 4 94
4 9 99
9 4 99
4 8 467
8 4 467
4 18 266
18 4 266
4 11 448
11 4 448
4 18 958
18 4 958
4 4 992
4 4 992
4 11 447
11 4 447
5 8 501
8 5 501
5 16 850
16 5 850
5 12 599
12 5 599
5 14 142
14 5 142
5 18 460
18 5 460
6 11 258
11 6 258
6 14 686
14 6 686
6 15 257
15 6 257
6 7 901
7 6 901
6 15 923
15 6 923
7 16 6
16 7 6
7 15 115
15 7 115
7 9 758
9 7 758
7 15 636
15 7 636
8 12 803
12 8 803
8 11 779
11 8 779
8 14 904
14 8 904
9 12 932
12 9 932
9 15 506
15 9 506
10 12 649
12 10 649
10 18 10
18 10 10
10 12 400
12 10 400
11 18 46
18 11 46
12 13 438
13 12 438
12 15 910
15 12 910
13 18 407
18 13 407
14 15 54
15 14 54
16 18 308
18 16 308
