51

0 1 689
1 0 689
0 2 96
2 0 96
0 7 261
7 0 261
0 10 95
10 0 95
0 4 526
4 0 526
0 17 255
17 0 255
0 6 314
6 0 314
0 34 995
34 0 995
0 27 732
27 0 732
0 33 554
33 0 554
0 37 892
37 0 892
0 8 47
8 0 47
0 24 959
24 0 959
0 10 808
10 0 808
0 48 984
48 0 984
0 29 872
29 0 872
1 3 206
3 1 206
1 25 208
25 1 208
1 26 731
26 1 731
1 33 34
33 1 34
1 3 508
3 1 508
1 41 757
41 1 757
1 36 169
36 1 169
1 36 829
36 1 829
1 5 138
5 1 138
1 27 423
27 1 423
1 4 601
4 1 601
1 25 778
25 1 778
1 24 269
24 1 269
1 13 584
13 1 584
2 4 10
4 2 10
2 20 108
20 2 108
2 45 501
45 2 501
2 28 205
28 2 205
2 19 783
19 2 783
2 43 192
43 2 192
2 50 457
50 2 457
2 47 108
47 2 108
2 35 303
35 2 303
2 41 679
41 2 679
2 6 596
6 2 596
2 18 743
18 2 743
2 13 129
13 2 129
2 48 288
48 2 288
2 48 298
48 2 298
2 33 462
33 2 462
2 24 768
24 2 768
2 32 878
32 2 878
3 5 219
5 3 219
3 6 924
6 3 924
3 35 491
35 3 491
3 7 379
7 3 379
3 17 583
17 3 583
3 24 814
24 3 814
3 24 140
24 3 140
3 46 906
46 3 906
3 19 116
19 3 116
3 11 256
11 3 256
3 25 736
25 3 736
3 34 128
34 3 128
3 36 730
36 3 730
3 17 869
17 3 869
3 34 855
34 3 855
3 47 751
47 3 751
3 7 962
7 3 962
4 8 843
8 4 843
4 14 822
14 4 822
4 46 320
46 4 320
4 12 787
12 4 787
4 34 127
34 4 127
4 32 620
32 4 620
4 30 604
30 4 604
4 49 729
49 4 729
4 6 14
6 4 14
4 23 295
23 4 295
4 38 86
38 4 86
4 7 52
7 4 52
4 27 110
27 4 110
4 12 224
12 4 224
4 22 65
22 4 65
4 16 337
16 4 337
4 12 804
12 4 804
5 9 741
9 5 741
5 15 219
15 5 219
5 21 265
21 5 265
5 30 89
30 5 89
5 38 35
38 5 35
5 44 870
44 5 870
5 33 464
33 5 464
5 43 709
43 5 709
5 42 730
42 5 730
6 11 357
11 6 357
6 23 33
23 6 33
6 34 386
34 6 386
6 42 750
42 6 750
6 30 515
30 6 515
6 41 902
41 6 902
6 13 896
13 6 896
6 36 839
36 6 839
6 24 216
24 6 216
6 47 984
47 6 984
6 20 110
20 6 110
6 33 255
33 6 255
6 47 749
47 6 749
6 40 977
40 6 977
6 14 382
14 6 382
6 16 712
16 6 712
6 12 408
12 6 408
6 19 949
19 6 949
6 21 797
21 6 797
6 49 42
49 6 42
7 16 287
16 7 287
7 17 251
17 7 251
7 21 51
21 7 51
7 50 635
50 7 635
7 39 641
39 7 641
7 14 959
14 7 959
7 44 483
44 7 483
8 40 274
40 8 274
8 17 76
17 8 76
8 43 507
43 8 507
8 40 384
40 8 384
8 23 389
23 8 389
8 32 253
32 8 253
8 31 620
31 8 620
8 12 204
12 8 204
8 40 219
40 8 219
8 31 777
31 8 777
8 26 360
26 8 360
8 50 90
50 8 90
8 13 656
13 8 656
8 10 493
10 8 493
8 31 709
31 8 709
9 24 463
24 9 463
9 42 212
42 9 212
9 47 39
47 9 39
9 30 728
30 9 728
9 17 142
17 9 142
9 20 1
20 9 1
9 47 358
47 9 358
9 40 596
40 9 596
9 29 66
29 9 66
9 15 3
15 9 3
10 12 598
12 10 598
10 21 314
21 10 314
10 42 180
42 10 180
10 15 72
15 10 72
10 39 528
39 10 528
10 32 726
32 10 726
10 35 179
35 10 179
10 32 667
32 10 667
10 27 166
27 10 166
11 13 788
13 11 788
11 17 581
17 11 581
11 30 444
30 11 444
11 48 525
48 11 525
11 25 483
25 11 483
11 43 690
43 11 690
11 25 831
25 11 831
11 37 507
37 11 507
11 36 651
36 11 651
11 40 383
40 11 383
11 34 553
34 11 553
11 35 311
35 11 311
11 46 993
46 11 993
11 42 871
42 11 871
11 13 976
13 11 976
11 42 947
42 11 947
12 27 125
27 12 125
12 29 687
29 12 687
12 50 244
50 12 244
12 43 787
43 12 787
12 31 525
31 12 525
12 41 781
41 12 781
12 27 21
27 12 21
12 17 847
17 12 847
12 49 829
49 12 829
12 12 360
12 12 360
12 36 320
36 12 320
12 38 157
38 12 157
12 32 824
32 12 824
13 32 974
32 13 974
13 38 12
38 13 12
13 25 397
25 13 397
13 29 373
29 13 373
13 45 578
45 13 578
13 38 195
38 13 195
13 16 315
16 13 315
13 30 532
30 13 532
13 30 659
30 13 659
13 25 604
25 13 604
13 13 817
13 13 817
13 42 273
42 13 273
13 18 907
18 13 907
13 46 336
46 13 336
14 31 168
31 14 168
14 41 572
41 14 572
14 19 821
19 14 821
14 19 965
19 14 965
14 43 621
43 14 621
14 48 86
48 14 86
14 40 459
40 14 459
15 36 641
36 15 641
15 38 503
38 15 503
15 38 187
38 15 187
15 21 228
21 15 228
15 20 103
20 15 103
15 17 260
17 15 260
15 28 93
28 15 93
15 26 871
26 15 871
15 20 646
20 15 646
15 24 955
24 15 955
15 25 723
25 15 723
16 18 186
18 16 186
16 40 794
40 16 794
16 42 709
42 16 709
16 43 829
43 16 829
16 23 695
23 16 695
16 22 467
22 16 467
16 18 741
18 16 741
16 45 934
45 16 934
16 43 726
43 16 726
16 39 469
39 16 469
17 43 40
43 17 40
17 29 924
29 17 924
17 41 92
41 17 92
17 44 46
44 17 46
17 31 982
31 17 982
17 27 758
27 17 758
17 29 163
29 17 163
17 22 641
22 17 641
17 42 269
42 17 269
17 36 332
36 17 332
17 22 455
22 17 455
18 19 202
19 18 202
18 43 447
43 18 447
18 23 430
23 18 430
18 40 119
40 18 119
18 24 47
24 18 47
18 41 208
41 18 208
18 45 221
45 18 221
18 42 292
42 18 292
18 21 55
21 18 55
18 21 618
21 18 618
19 22 239
22 19 239
19 21 361
21 19 361
19 19 670
19 19 670
19 41 96
41 19 96
19 26 759
26 19 759
19 31 797
31 19 797
19 25 337
25 19 337
19 33 806
33 19 806
20 39 32
39 20 32
20 46 806
46 20 806
20 47 28
47 20 28
20 27 463
27 20 463
20 45 178
45 20 178
20 30 341
30 20 341
20 44 827
44 20 827
20 43 904
43 20 904
21 36 522
36 21 522
21 24 618
24 21 618
21 48 818
48 21 818
21 24 779
24 21 779
21 37 230
37 21 230
21 35 760
35 21 760
22 41 227
41 22 227
22 38 154
38 22 154
22 25 387
25 22 387
22 34 609
34 22 609
23 27 469
27 23 469
23 50 782
50 23 782
23 24 457
24 23 457
23 50 489
50 23 489
23 37 530
37 23 530
24 28 527
28 24 527
24 31 233
31 24 233
24 36 258
36 24 258
24 30 786
30 24 786
24 33 333
33 24 333
24 43 489
43 24 489
24 29 418
29 24 418
25 40 840
40 25 840
25 38 342
38 25 342
25 41 420
41 25 420
25 50 757
50 25 757
25 37 264
37 25 264
25 32 239
32 25 239
26 44 965
44 26 965
26 40 808
40 26 808
26 40 618
40 26 618
26 42 821
42 26 821
26 32 161
32 26 161
26 36 694
36 26 694
27 36 712
36 27 712
27 37 658
37 27 658
27 31 47
31 27 47
27 34 560
34 27 560
28 39 726
39 28 726
28 40 372
40 28 372
28 50 845
50 28 845
28 29 379
29 28 379
28 41 776
41 28 776
28 32 408
32 28 408
28 33 561
33 28 561
28 46 130
46 28 130
28 47 539
47 28 539
28 36 780
36 28 780
28 33 267
33 28 267
28 43 560
43 28 560
28 47 616
47 28 616
28 33 790
33 28 790
28 32 138
32 28 138
29 47 557
47 29 557
29 45 762
45 29 762
29 39 892
39 29 892
30 39 215
39 30 215
30 48 414
48 30 414
30 47 117
47 30 117
30 37 780
37 30 780
30 44 526
44 30 526
31 32 530
32 31 530
31 39 706
39 31 706
31 40 761
40 31 761
31 45 885
45 31 885
31 38 850
38 31 850
31 39 232
39 31 232
31 35 556
35 31 556
31 47 933
47 31 933
32 32 720
32 32 720
32 37 782
37 32 782
32 47 829
47 32 829
33 36 763
36 33 763
33 48 992
48 33 992
33 40 538
40 33 538
33 35 812
35 33 812
34 50 987
50 34 987
34 38 540
38 34 540
35 49 33
49 35 33
35 40 697
40 35 697
35 42 757
42 35 757
35 43 373
43 35 373
36 42 633
42 36 633
36 50 256
50 36 256
36 46 916
46 36 916
36 50 60
50 36 60
36 42 272
42 36 272
36 42 410
42 36 410
36 40 219
40 36 219
36 41 518
41 36 518
36 43 991
43 36 991
37 42 789
42 37 789
38 41 235
41 38 235
38 39 231
39 38 231
39 43 831
43 39 831
39 42 268
42 39 268
40 42 991
42 40 991
40 42 950
42 40 950
40 45 203
45 40 203
40 41 351
41 40 351
41 42 688
42 41 688
41 44 714
44 41 714
41 42 73
42 41 73
41 45 479
45 41 479
41 47 248
47 41 248
41 42 537
42 41 537
42 45 655
45 42 655
42 50 175
50 42 175
42 47 646
47 42 646
43 49 712
49 43 712
43 45 442
45 43 442
43 49 532
49 43 532
44 45 724
45 44 724
44 44 722
44 44 722
46 47 797
47 46 797
46 46 702
46 46 702
47 50 64
50 47 64
49 50 224
50 49 224
49 50 307
50 49 307
