87

0 1 753
1 0 753
0 2 996
2 0 996
0 3 439
3 0 439
0 4 270
4 0 270
0 7 651
7 0 651
0 82 477
82 0 477
0 46 94
46 0 94
0 77 325
77 0 325
0 48 976
48 0 976
0 33 513
33 0 513
0 68 160
68 0 160
0 50 372
50 0 372
0 2 104
2 0 104
0 44 773
44 0 773
0 44 688
44 0 688
0 78 289
78 0 289
1 5 972
5 1 972
1 6 271
6 1 271
1 10 514
10 1 514
1 30 60
30 1 60
1 71 918
71 1 918
1 19 115
19 1 115
1 3 633
3 1 633
1 3 873
3 1 873
1 74 82
74 1 82
1 63 256
63 1 256
1 65 339
65 1 339
1 3 272
3 1 272
1 23 645
23 1 645
1 69 456
69 1 456
1 15 55
15 1 55
1 49 581
49 1 581
1 74 912
74 1 912
1 39 682
39 1 682
2 34 431
34 2 431
2 39 271
39 2 271
2 69 662
69 2 662
2 45 224
45 2 224
2 70 629
70 2 629
2 84 848
84 2 848
2 28 676
28 2 676
2 47 146
47 2 146
2 73 508
73 2 508
2 62 170
62 2 170
3 20 672
20 3 672
3 39 175
39 3 175
3 49 494
49 3 494
3 20 5
20 3 5
3 79 6
79 3 6
3 36 379
36 3 379
3 65 97
65 3 97
3 66 503
66 3 503
3 86 701
86 3 701
3 57 647
57 3 647
3 74 799
74 3 799
3 33 440
33 3 440
3 4 701
4 3 701
3 48 552
48 3 552
4 12 302
12 4 302
4 21 19
21 4 19
4 51 500
51 4 500
4 30 270
30 4 270
4 77 178
77 4 178
4 42 320
42 4 320
4 36 946
36 4 946
4 9 372
9 4 372
4 56 573
56 4 573
4 33 384
33 4 384
4 64 219
64 4 219
4 7 524
7 4 524
4 85 204
85 4 204
4 22 882
22 4 882
5 8 521
8 5 521
5 45 837
45 5 837
5 35 73
35 5 73
5 15 715
15 5 715
5 7 799
7 5 799
5 76 256
76 5 256
5 72 982
72 5 982
5 38 983
38 5 983
5 60 222
60 5 222
5 59 233
59 5 233
5 11 24
11 5 24
5 7 579
7 5 579
5 5 491
5 5 491
5 13 19
13 5 19
6 15 694
15 6 694
6 23 733
23 6 733
6 52 761
52 6 761
6 43 142
43 6 142
6 50 189
50 6 189
6 13 270
13 6 270
6 45 595
45 6 595
7 11 247
11 7 247
7 18 815
18 7 815
7 27 33
27 7 33
7 50 553
50 7 553
7 48 494
48 7 494
7 70 723
70 7 723
7 44 747
44 7 747
7 64 880
64 7 880
7 62 159
62 7 159
7 17 814
17 7 814
7 74 622
74 7 622
7 45 231
45 7 231
7 83 342
83 7 342
8 9 70
9 8 70
8 42 376
42 8 376
8 50 997
50 8 997
8 63 715
63 8 715
8 34 211
34 8 211
8 74 116
74 8 116
8 40 749
40 8 749
8 27 623
27 8 623
8 19 461
19 8 461
8 30 957
30 8 957
8 63 204
63 8 204
8 82 180
82 8 180
8 79 825
79 8 825
8 77 939
77 8 939
9 26 333
26 9 333
9 38 565
38 9 565
9 44 802
44 9 802
9 17 231
17 9 231
9 35 508
35 9 508
9 60 292
60 9 292
9 79 194
79 9 194
9 42 607
42 9 607
9 26 32
26 9 32
9 75 658
75 9 658
9 53 843
53 9 843
9 26 491
26 9 491
10 14 332
14 10 332
10 28 120
28 10 120
10 54 320
54 10 320
10 57 897
57 10 897
10 76 590
76 10 590
10 55 974
55 10 974
10 73 771
73 10 771
10 12 288
12 10 288
10 33 187
33 10 187
10 53 824
53 10 824
11 81 37
81 11 37
11 80 31
80 11 31
11 34 248
34 11 248
11 17 496
17 11 496
11 79 862
79 11 862
12 13 572
13 12 572
12 29 881
29 12 881
12 60 388
60 12 388
12 86 100
86 12 100
12 31 179
31 12 179
13 16 896
16 13 896
13 27 39
27 13 39
13 31 236
31 13 236
13 35 877
35 13 877
13 61 331
61 13 331
13 39 398
39 13 398
13 80 34
80 13 34
13 46 963
46 13 963
13 61 643
61 13 643
13 81 10
81 13 10
13 32 419
32 13 419
13 77 610
77 13 610
14 68 139
68 14 139
14 77 232
77 14 232
14 22 218
22 14 218
14 20 523
20 14 523
14 22 564
22 14 564
14 78 588
78 14 588
14 27 616
27 14 616
14 59 932
59 14 932
15 17 953
17 15 953
15 48 717
48 15 717
15 36 567
36 15 567
15 79 516
79 15 516
15 32 915
32 15 915
15 41 607
41 15 607
15 62 136
62 15 136
15 56 532
56 15 532
15 62 848
62 15 848
15 77 220
77 15 220
15 26 813
26 15 813
15 78 3
78 15 3
15 48 780
48 15 780
15 77 731
77 15 731
15 75 659
75 15 659
15 79 448
79 15 448
16 19 675
19 16 675
16 24 503
24 16 503
16 40 164
40 16 164
16 46 808
46 16 808
16 63 859
63 16 859
16 84 62
84 16 62
16 64 865
64 16 865
16 26 582
26 16 582
16 60 644
60 16 644
16 34 1
34 16 1
16 83 262
83 16 262
16 39 832
39 16 832
16 60 940
60 16 940
16 56 756
56 16 756
16 58 945
58 16 945
16 22 563
22 16 563
16 54 981
54 16 981
17 36 822
36 17 822
17 78 483
78 17 483
17 27 664
27 17 664
17 77 538
77 17 538
17 45 825
45 17 825
17 76 398
76 17 398
17 57 39
57 17 39
17 18 815
18 17 815
17 74 46
74 17 46
17 57 936
57 17 936
18 52 285
52 18 285
18 83 272
83 18 272
18 37 372
37 18 372
18 39 851
39 18 851
19 69 542
69 19 542
19 61 313
61 19 313
19 58 293
58 19 293
19 80 728
80 19 728
19 23 942
23 19 942
19 37 501
37 19 501
19 80 408
80 19 408
20 22 831
22 20 831
20 66 22
66 20 22
20 78 523
78 20 523
20 28 268
28 20 268
20 65 618
65 20 618
20 79 362
79 20 362
20 43 429
43 20 429
20 59 401
59 20 401
20 29 252
29 20 252
21 43 193
43 21 193
21 79 855
79 21 855
21 64 1
64 21 1
21 70 331
70 21 331
21 81 325
81 21 325
21 67 643
67 21 643
21 71 229
71 21 229
21 65 352
65 21 352
21 59 454
59 21 454
22 44 838
44 22 838
22 67 95
67 22 95
22 57 64
57 22 64
22 23 109
23 22 109
22 81 247
81 22 247
22 39 955
39 22 955
22 28 363
28 22 363
22 45 526
45 22 526
22 29 526
29 22 526
22 75 85
75 22 85
22 62 272
62 22 272
23 25 401
25 23 401
23 77 856
77 23 856
23 42 107
42 23 107
23 60 958
60 23 958
23 76 347
76 23 347
23 81 796
81 23 796
24 41 718
41 24 718
24 64 225
64 24 225
24 41 756
41 24 756
24 72 530
72 24 530
24 75 658
75 24 658
24 61 361
61 24 361
24 74 490
74 24 490
24 66 380
66 24 380
24 27 113
27 24 113
25 52 282
52 25 282
25 42 728
42 25 728
25 42 919
42 25 919
25 59 554
59 25 554
25 72 294
72 25 294
25 35 20
35 25 20
26 33 29
33 26 29
26 73 308
73 26 308
26 58 728
58 26 728
26 59 952
59 26 952
26 48 781
48 26 781
26 59 130
59 26 130
26 63 708
63 26 708
26 63 490
63 26 490
26 58 696
58 26 696
26 77 935
77 26 935
27 46 316
46 27 316
27 80 954
80 27 954
27 39 135
39 27 135
27 44 333
44 27 333
27 51 171
51 27 171
27 78 785
78 27 785
28 70 721
70 28 721
28 44 867
44 28 867
28 45 407
45 28 407
28 80 417
80 28 417
28 77 901
77 28 901
28 53 116
53 28 116
28 69 643
69 28 643
29 32 639
32 29 639
29 37 542
37 29 542
29 55 475
55 29 475
29 69 702
69 29 702
29 84 873
84 29 873
29 67 25
67 29 25
29 43 626
43 29 626
29 85 137
85 29 137
29 54 451
54 29 451
29 81 688
81 29 688
30 37 152
37 30 152
30 50 933
50 30 933
30 60 440
60 30 440
30 37 617
37 30 617
30 66 643
66 30 643
30 63 785
63 30 785
30 84 727
84 30 727
30 60 506
60 30 506
31 59 123
59 31 123
31 77 26
77 31 26
31 75 805
75 31 805
31 76 781
76 31 781
31 55 82
55 31 82
31 75 287
75 31 287
31 56 161
56 31 161
31 73 28
73 31 28
31 47 942
47 31 942
31 44 103
44 31 103
31 63 968
63 31 968
32 40 320
40 32 320
32 64 738
64 32 738
32 50 920
50 32 920
32 71 158
71 32 158
32 86 662
86 32 662
32 61 202
61 32 202
33 33 858
33 33 858
34 65 912
65 34 912
34 37 951
37 34 951
34 78 738
78 34 738
34 35 276
35 34 276
34 34 550
34 34 550
34 75 343
75 34 343
34 75 613
75 34 613
35 56 988
56 35 988
35 73 212
73 35 212
35 77 979
77 35 979
35 75 294
75 35 294
35 69 539
69 35 539
36 62 661
62 36 661
36 44 170
44 36 170
36 59 740
59 36 740
37 62 758
62 37 758
37 86 437
86 37 437
37 84 1000
84 37 1000
37 80 340
80 37 340
37 84 33
84 37 33
37 54 400
54 37 400
37 64 186
64 37 186
38 60 427
60 38 427
38 74 950
74 38 950
38 58 144
58 38 144
38 58 104
58 38 104
38 60 534
60 38 534
38 39 232
39 38 232
38 49 211
49 38 211
38 86 525
86 38 525
38 50 183
50 38 183
39 47 382
47 39 382
39 53 169
53 39 169
39 67 488
67 39 488
39 40 557
40 39 557
39 41 444
41 39 444
39 50 621
50 39 621
39 65 629
65 39 629
39 51 21
51 39 21
39 56 775
56 39 775
39 70 44
70 39 44
40 58 839
58 40 839
40 69 828
69 40 828
40 84 864
84 40 864
40 41 864
41 40 864
40 52 983
52 40 983
40 71 270
71 40 270
40 62 92
62 40 92
41 48 923
48 41 923
41 62 269
62 41 269
41 60 871
60 41 871
42 74 632
74 42 632
42 79 828
79 42 828
42 65 691
65 42 691
42 47 181
47 42 181
43 58 1000
58 43 1000
43 70 457
70 43 457
44 61 37
61 44 37
44 78 191
78 44 191
44 86 136
86 44 136
44 82 57
82 44 57
44 71 102
71 44 102
44 49 254
49 44 254
44 71 687
71 44 687
44 74 582
74 44 582
44 53 378
53 44 378
44 83 330
83 44 330
44 51 377
51 44 377
45 86 1
86 45 1
45 82 337
82 45 337
45 72 425
72 45 425
45 60 386
60 45 386
45 84 380
84 45 380
45 82 482
82 45 482
46 52 578
52 46 578
46 61 811
61 46 811
47 55 261
55 47 261
47 50 381
50 47 381
47 74 615
74 47 615
47 49 221
49 47 221
47 54 713
54 47 713
47 56 206
56 47 206
48 75 770
75 48 770
48 65 793
65 48 793
48 83 143
83 48 143
48 64 337
64 48 337
49 64 405
64 49 405
49 84 203
84 49 203
49 75 12
75 49 12
49 73 23
73 49 23
49 67 315
67 49 315
50 75 283
75 50 283
50 53 381
53 50 381
50 71 37
71 50 37
50 58 901
58 50 901
50 55 62
55 50 62
50 85 768
85 50 768
51 81 582
81 51 582
51 67 372
67 51 372
51 54 955
54 51 955
51 51 510
51 51 510
51 54 491
54 51 491
51 84 43
84 51 43
51 62 257
62 51 257
51 68 418
68 51 418
51 54 399
54 51 399
53 66 98
66 53 98
53 81 314
81 53 314
53 54 887
54 53 887
53 78 896
78 53 896
53 61 691
61 53 691
53 54 821
54 53 821
54 72 218
72 54 218
54 74 498
74 54 498
54 61 333
61 54 333
54 65 601
65 54 601
55 60 828
60 55 828
55 68 218
68 55 218
55 69 862
69 55 862
55 63 702
63 55 702
55 76 761
76 55 761
55 58 297
58 55 297
56 83 807
83 56 807
56 59 920
59 56 920
57 72 66
72 57 66
57 77 927
77 57 927
57 64 720
64 57 720
57 81 804
81 57 804
57 64 565
64 57 565
57 76 883
76 57 883
58 73 508
73 58 508
58 80 410
80 58 410
58 66 444
66 58 444
58 73 134
73 58 134
58 85 405
85 58 405
59 69 466
69 59 466
59 82 958
82 59 958
59 62 593
62 59 593
59 74 209
74 59 209
59 82 209
82 59 209
59 83 949
83 59 949
59 81 349
81 59 349
59 74 252
74 59 252
59 67 783
67 59 783
60 63 322
63 60 322
60 65 471
65 60 471
60 65 703
65 60 703
61 71 70
71 61 70
61 70 732
70 61 732
61 64 757
64 61 757
61 85 980
85 61 980
61 79 583
79 61 583
62 86 694
86 62 694
62 73 90
73 62 90
62 78 488
78 62 488
62 75 615
75 62 615
62 82 736
82 62 736
63 65 503
65 63 503
63 74 970
74 63 970
63 67 332
67 63 332
64 77 305
77 64 305
64 81 574
81 64 574
64 68 263
68 64 263
67 70 488
70 67 488
68 83 81
83 68 81
68 73 729
73 68 729
69 75 92
75 69 92
69 80 389
80 69 389
70 73 569
73 70 569
70 85 372
85 70 372
71 75 929
75 71 929
71 75 567
75 71 567
72 75 755
75 72 755
72 76 795
76 72 795
72 72 789
72 72 789
72 72 469
72 72 469
72 77 406
77 72 406
73 79 965
79 73 965
73 86 990
86 73 990
75 83 324
83 75 324
77 82 548
82 77 548
77 80 593
80 77 593
78 80 411
80 78 411
78 84 613
84 78 613
79 82 301
82 79 301
79 82 232
82 79 232
80 86 416
86 80 416
81 83 493
83 81 493
81 82 485
82 81 485
82 84 778
84 82 778
83 85 381
85 83 381
84 86 402
86 84 402
