79

0 1 244
1 0 244
0 4 115
4 0 115
0 10 726
10 0 726
0 12 700
12 0 700
0 19 998
19 0 998
0 58 825
58 0 825
0 37 352
37 0 352
0 42 515
42 0 515
0 66 824
66 0 824
0 28 389
28 0 389
0 17 230
17 0 230
0 62 332
62 0 332
0 5 8
5 0 8
0 17 430
17 0 430
0 56 780
56 0 780
0 50 970
50 0 970
0 76 302
76 0 302
1 2 92
2 1 92
1 9 436
9 1 436
1 16 85
16 1 85
1 15 290
15 1 290
1 35 417
35 1 417
1 75 821
75 1 821
1 12 465
12 1 465
1 43 709
43 1 709
1 33 987
33 1 987
1 12 955
12 1 955
1 5 773
5 1 773
1 78 902
78 1 902
1 23 978
23 1 978
1 50 409
50 1 409
1 58 442
58 1 442
1 53 1000
53 1 1000
1 41 782
41 1 782
1 23 437
23 1 437
1 73 364
73 1 364
1 76 99
76 1 99
1 17 611
17 1 611
1 58 302
58 1 302
2 3 806
3 2 806
2 5 233
5 2 233
2 7 167
7 2 167
2 8 955
8 2 955
2 28 739
28 2 739
2 42 935
42 2 935
2 17 352
17 2 352
2 57 988
57 2 988
2 34 616
34 2 616
2 76 483
76 2 483
2 74 794
74 2 794
2 76 150
76 2 150
2 15 591
15 2 591
2 7 778
7 2 778
2 52 995
52 2 995
2 18 730
18 2 730
2 19 413
19 2 413
2 63 343
63 2 343
2 45 806
45 2 806
3 13 335
13 3 335
3 22 392
22 3 392
3 21 692
21 3 692
3 43 680
43 3 680
3 14 924
14 3 924
3 64 913
64 3 913
3 18 60
18 3 60
3 39 348
39 3 348
3 22 267
22 3 267
3 17 311
17 3 311
3 74 473
74 3 473
3 77 222
77 3 222
3 35 502
35 3 502
3 76 34
76 3 34
3 34 683
34 3 683
3 6 94
6 3 94
4 6 23
6 4 23
4 17 180
17 4 180
4 24 32
24 4 32
4 37 846
37 4 846
4 54 223
54 4 223
4 55 123
55 4 123
4 56 101
56 4 101
4 9 869
9 4 869
4 25 512
25 4 512
4 70 892
70 4 892
4 43 267
43 4 267
4 16 785
16 4 785
4 29 694
29 4 694
4 69 782
69 4 782
4 51 971
51 4 971
4 38 362
38 4 362
5 14 716
14 5 716
5 71 559
71 5 559
5 6 518
6 5 518
5 48 545
48 5 545
5 38 134
38 5 134
5 19 954
19 5 954
5 76 263
76 5 263
5 29 31
29 5 31
5 26 481
26 5 481
5 57 382
57 5 382
5 62 667
62 5 667
5 8 726
8 5 726
5 7 770
7 5 770
5 26 628
26 5 628
5 65 994
65 5 994
5 30 776
30 5 776
5 39 987
39 5 987
5 70 216
70 5 216
6 11 233
11 6 233
6 15 996
15 6 996
6 33 801
33 6 801
6 51 572
51 6 572
6 33 964
33 6 964
6 76 165
76 6 165
6 64 799
64 6 799
6 49 222
49 6 222
6 40 930
40 6 930
6 53 892
53 6 892
6 7 740
7 6 740
6 54 812
54 6 812
6 34 755
34 6 755
6 74 981
74 6 981
6 12 28
12 6 28
6 49 560
49 6 560
6 66 951
66 6 951
6 23 78
23 6 78
6 52 62
52 6 62
6 22 557
22 6 557
6 24 737
24 6 737
6 76 909
76 6 909
6 63 364
63 6 364
7 18 475
18 7 475
7 50 903
50 7 903
7 69 172
69 7 172
7 74 1
74 7 1
7 22 461
22 7 461
7 66 18
66 7 18
7 44 613
44 7 613
7 35 485
35 7 485
7 7 369
7 7 369
7 42 485
42 7 485
7 43 932
43 7 932
7 16 47
16 7 47
7 61 8
61 7 8
7 17 156
17 7 156
7 71 946
71 7 946
7 74 663
74 7 663
8 76 890
76 8 890
8 13 984
13 8 984
8 36 401
36 8 401
8 42 650
42 8 650
8 71 423
71 8 423
8 52 81
52 8 81
8 11 749
11 8 749
8 48 883
48 8 883
8 15 698
15 8 698
8 70 733
70 8 733
8 12 347
12 8 347
8 49 49
49 8 49
8 49 804
49 8 804
8 61 949
61 8 949
8 14 831
14 8 831
8 68 739
68 8 739
8 75 240
75 8 240
8 65 233
65 8 233
8 64 240
64 8 240
8 62 845
62 8 845
8 70 661
70 8 661
9 20 846
20 9 846
9 36 136
36 9 136
9 41 567
41 9 567
9 76 952
76 9 952
9 77 673
77 9 673
9 17 945
17 9 945
9 53 785
53 9 785
9 54 768
54 9 768
9 62 798
62 9 798
9 14 808
14 9 808
9 56 702
56 9 702
9 58 826
58 9 826
9 58 307
58 9 307
9 68 79
68 9 79
9 14 273
14 9 273
9 29 795
29 9 795
9 76 773
76 9 773
9 29 828
29 9 828
9 77 662
77 9 662
9 25 717
25 9 717
9 18 395
18 9 395
9 73 489
73 9 489
10 22 247
22 10 247
10 37 427
37 10 427
10 70 117
70 10 117
10 57 981
57 10 981
10 33 752
33 10 752
10 54 103
54 10 103
10 57 812
57 10 812
10 73 410
73 10 410
10 15 672
15 10 672
10 75 795
75 10 795
10 69 554
69 10 554
10 50 383
50 10 383
10 74 390
74 10 390
10 50 2
50 10 2
10 14 597
14 10 597
10 65 168
65 10 168
10 35 833
35 10 833
10 65 819
65 10 819
10 63 220
63 10 220
10 34 591
34 10 591
10 40 493
40 10 493
10 69 331
69 10 331
10 63 6
63 10 6
11 23 485
23 11 485
11 32 192
32 11 192
11 73 674
73 11 674
11 67 981
67 11 981
11 31 364
31 11 364
11 29 643
29 11 643
11 41 401
41 11 401
11 17 1
17 11 1
11 20 621
20 11 621
11 70 128
70 11 128
11 73 963
73 11 963
11 28 185
28 11 185
11 30 696
30 11 696
11 54 962
54 11 962
11 16 109
16 11 109
11 77 812
77 11 812
11 39 496
39 11 496
11 63 461
63 11 461
11 37 524
37 11 524
11 35 503
35 11 503
11 26 365
26 11 365
11 21 835
21 11 835
11 17 952
17 11 952
12 21 314
21 12 314
12 51 352
51 12 352
12 70 182
70 12 182
12 29 563
29 12 563
12 78 103
78 12 103
12 53 794
53 12 794
12 71 443
71 12 443
12 14 550
14 12 550
12 67 79
67 12 79
12 34 950
34 12 950
12 61 50
61 12 50
12 48 315
48 12 315
12 40 766
40 12 766
12 54 361
54 12 361
12 58 507
58 12 507
12 12 652
12 12 652
12 60 175
60 12 175
12 18 693
18 12 693
12 51 358
51 12 358
12 33 926
33 12 926
12 21 590
21 12 590
13 29 694
29 13 694
13 35 294
35 13 294
13 29 143
29 13 143
13 34 928
34 13 928
13 71 320
71 13 320
13 41 697
41 13 697
13 64 155
64 13 155
13 14 611
14 13 611
13 48 740
48 13 740
13 73 732
73 13 732
13 17 8
17 13 8
13 16 725
16 13 725
13 18 79
18 13 79
13 42 732
42 13 732
13 64 480
64 13 480
13 65 253
65 13 253
13 53 22
53 13 22
13 43 122
43 13 122
13 36 118
36 13 118
13 28 944
28 13 944
14 38 992
38 14 992
14 44 248
44 14 248
14 52 839
52 14 839
14 55 647
55 14 647
14 53 963
53 14 963
14 23 283
23 14 283
14 34 420
34 14 420
14 39 999
39 14 999
14 74 559
74 14 559
14 18 404
18 14 404
14 47 738
47 14 738
14 33 785
33 14 785
14 56 267
56 14 267
14 54 16
54 14 16
14 42 8
42 14 8
14 45 815
45 14 815
14 21 76
21 14 76
14 20 777
20 14 777
14 51 191
51 14 191
14 60 14
60 14 14
14 20 993
20 14 993
14 23 913
23 14 913
14 25 410
25 14 410
14 49 99
49 14 99
14 29 825
29 14 825
15 47 945
47 15 945
15 26 743
26 15 743
15 32 58
32 15 58
15 63 915
63 15 915
15 62 150
62 15 150
15 68 142
68 15 142
15 51 858
51 15 858
15 19 69
19 15 69
15 35 197
35 15 197
15 37 25
37 15 25
15 68 255
68 15 255
16 34 911
34 16 911
16 49 550
49 16 550
16 65 652
65 16 652
16 28 1000
28 16 1000
16 53 140
53 16 140
16 49 905
49 16 905
16 21 399
21 16 399
16 78 860
78 16 860
16 31 305
31 16 305
16 76 26
76 16 26
16 20 742
20 16 742
16 43 794
43 16 794
16 58 91
58 16 91
16 51 463
51 16 463
16 64 675
64 16 675
16 21 886
21 16 886
16 68 302
68 16 302
16 43 346
43 16 346
16 50 291
50 16 291
16 64 587
64 16 587
16 42 214
42 16 214
16 37 675
37 16 675
16 23 706
23 16 706
16 56 375
56 16 375
16 41 422
41 16 422
16 25 711
25 16 711
17 25 468
25 17 468
17 78 233
78 17 233
17 66 451
66 17 451
17 67 191
67 17 191
17 46 818
46 17 818
17 42 370
42 17 370
17 71 514
71 17 514
17 37 27
37 17 27
17 27 758
27 17 758
17 78 870
78 17 870
17 71 934
71 17 934
17 60 287
60 17 287
17 17 297
17 17 297
17 74 244
74 17 244
17 33 75
33 17 75
17 65 95
65 17 95
17 33 537
33 17 537
17 72 520
72 17 520
17 50 470
50 17 470
17 69 244
69 17 244
17 62 410
62 17 410
17 58 561
58 17 561
17 50 450
50 17 450
17 25 349
25 17 349
17 68 270
68 17 270
18 78 114
78 18 114
18 71 443
71 18 443
18 43 626
43 18 626
18 68 213
68 18 213
18 36 493
36 18 493
18 33 893
33 18 893
18 50 501
50 18 501
18 29 382
29 18 382
18 28 32
28 18 32
18 28 904
28 18 904
18 38 832
38 18 832
18 26 189
26 18 189
18 44 489
44 18 489
18 58 662
58 18 662
18 78 23
78 18 23
18 78 991
78 18 991
18 25 572
25 18 572
19 41 396
41 19 396
19 32 412
32 19 412
19 56 713
56 19 713
19 44 904
44 19 904
19 70 257
70 19 257
19 70 52
70 19 52
19 19 89
19 19 89
19 43 225
43 19 225
19 39 179
39 19 179
19 28 121
28 19 121
19 52 435
52 19 435
19 73 299
73 19 299
19 67 993
67 19 993
19 43 594
43 19 594
19 65 358
65 19 358
19 75 666
75 19 666
20 31 501
31 20 501
20 70 492
70 20 492
20 62 266
62 20 266
20 52 221
52 20 221
20 47 483
47 20 483
20 29 874
29 20 874
20 23 555
23 20 555
20 64 364
64 20 364
20 44 519
44 20 519
20 25 929
25 20 929
20 23 107
23 20 107
20 49 275
49 20 275
20 22 406
22 20 406
20 51 264
51 20 264
20 32 260
32 20 260
20 50 753
50 20 753
20 28 299
28 20 299
20 62 906
62 20 906
21 74 717
74 21 717
21 40 160
40 21 160
21 45 240
45 21 240
21 33 98
33 21 98
21 76 397
76 21 397
21 35 627
35 21 627
21 52 444
52 21 444
21 24 183
24 21 183
21 45 560
45 21 560
21 44 963
44 21 963
21 54 818
54 21 818
21 54 879
54 21 879
21 61 159
61 21 159
22 40 425
40 22 425
22 56 742
56 22 742
22 62 111
62 22 111
22 34 692
34 22 692
22 29 915
29 22 915
22 47 928
47 22 928
22 22 891
22 22 891
22 44 368
44 22 368
22 52 976
52 22 976
23 41 841
41 23 841
23 42 101
42 23 101
23 63 483
63 23 483
23 65 1
65 23 1
23 69 148
69 23 148
23 65 673
65 23 673
23 26 614
26 23 614
23 56 37
56 23 37
23 70 880
70 23 880
23 46 662
46 23 662
23 57 329
57 23 329
23 38 129
38 23 129
23 65 350
65 23 350
23 42 166
42 23 166
23 40 267
40 23 267
23 50 20
50 23 20
23 33 106
33 23 106
24 46 493
46 24 493
24 55 470
55 24 470
24 40 298
40 24 298
24 31 763
31 24 763
24 39 4
39 24 4
24 62 544
62 24 544
24 29 539
29 24 539
24 61 991
61 24 991
24 61 275
61 24 275
24 61 536
61 24 536
24 56 127
56 24 127
24 77 83
77 24 83
24 41 619
41 24 619
24 58 267
58 24 267
24 42 755
42 24 755
24 76 68
76 24 68
25 26 888
26 25 888
25 62 733
62 25 733
25 49 460
49 25 460
25 62 123
62 25 123
25 35 874
35 25 874
25 57 146
57 25 146
25 34 539
34 25 539
25 68 552
68 25 552
25 46 53
46 25 53
25 63 435
63 25 435
25 55 931
55 25 931
25 57 205
57 25 205
25 68 975
68 25 975
25 68 427
68 25 427
25 73 343
73 25 343
25 58 401
58 25 401
25 26 945
26 25 945
25 46 353
46 25 353
25 62 640
62 25 640
26 27 645
27 26 645
26 54 426
54 26 426
26 38 753
38 26 753
26 27 865
27 26 865
26 39 88
39 26 88
26 45 989
45 26 989
26 78 612
78 26 612
26 37 625
37 26 625
26 51 374
51 26 374
27 39 924
39 27 924
27 45 835
45 27 835
27 34 639
34 27 639
27 39 783
39 27 783
27 65 497
65 27 497
27 43 399
43 27 399
27 43 981
43 27 981
27 32 493
32 27 493
27 63 406
63 27 406
27 45 957
45 27 957
27 52 960
52 27 960
27 68 20
68 27 20
27 60 176
60 27 176
27 67 90
67 27 90
27 36 915
36 27 915
27 54 397
54 27 397
27 66 734
66 27 734
27 69 660
69 27 660
27 50 498
50 27 498
27 35 521
35 27 521
28 30 657
30 28 657
28 46 628
46 28 628
28 33 716
33 28 716
28 29 53
29 28 53
28 50 363
50 28 363
28 69 237
69 28 237
28 53 672
53 28 672
28 62 842
62 28 842
28 62 330
62 28 330
28 47 283
47 28 283
28 68 474
68 28 474
28 65 477
65 28 477
28 32 164
32 28 164
28 36 110
36 28 110
28 63 729
63 28 729
29 77 795
77 29 795
29 36 809
36 29 809
29 42 811
42 29 811
29 53 421
53 29 421
29 72 820
72 29 820
29 36 116
36 29 116
29 33 648
33 29 648
29 78 579
78 29 579
29 37 75
37 29 75
29 73 688
73 29 688
29 77 565
77 29 565
29 43 46
43 29 46
29 72 711
72 29 711
29 62 257
62 29 257
29 33 555
33 29 555
29 51 531
51 29 531
30 61 511
61 30 511
30 60 873
60 30 873
30 76 425
76 30 425
30 73 200
73 30 200
30 36 212
36 30 212
30 72 703
72 30 703
30 43 744
43 30 744
30 44 365
44 30 365
30 44 813
44 30 813
30 51 894
51 30 894
30 34 799
34 30 799
30 65 173
65 30 173
30 31 457
31 30 457
30 46 463
46 30 463
31 63 163
63 31 163
31 76 718
76 31 718
31 43 152
43 31 152
31 54 231
54 31 231
31 32 888
32 31 888
31 31 290
31 31 290
31 42 347
42 31 347
31 36 558
36 31 558
31 66 888
66 31 888
31 32 394
32 31 394
31 32 308
32 31 308
31 32 950
32 31 950
31 63 312
63 31 312
31 63 687
63 31 687
31 48 58
48 31 58
31 51 729
51 31 729
32 65 245
65 32 245
32 68 226
68 32 226
32 57 444
57 32 444
32 56 81
56 32 81
32 60 490
60 32 490
32 65 635
65 32 635
32 72 970
72 32 970
32 41 744
41 32 744
32 44 180
44 32 180
32 67 643
67 32 643
32 54 620
54 32 620
32 62 524
62 32 524
33 36 573
36 33 573
33 64 17
64 33 17
33 59 306
59 33 306
33 56 179
56 33 179
33 48 44
48 33 44
33 43 293
43 33 293
33 62 814
62 33 814
33 72 901
72 33 901
33 77 870
77 33 870
33 51 309
51 33 309
33 54 100
54 33 100
33 73 421
73 33 421
34 42 288
42 34 288
34 45 391
45 34 391
34 63 270
63 34 270
34 63 393
63 34 393
34 69 982
69 34 982
34 66 525
66 34 525
34 61 645
61 34 645
34 36 44
36 34 44
34 70 325
70 34 325
34 55 85
55 34 85
34 76 861
76 34 861
34 74 710
74 34 710
34 65 602
65 34 602
34 52 972
52 34 972
34 54 485
54 34 485
34 71 677
71 34 677
34 51 958
51 34 958
34 46 978
46 34 978
35 63 833
63 35 833
35 46 982
46 35 982
35 74 735
74 35 735
35 53 238
53 35 238
35 47 543
47 35 543
35 40 389
40 35 389
35 54 693
54 35 693
35 43 597
43 35 597
35 44 920
44 35 920
36 67 710
67 36 710
36 64 649
64 36 649
36 38 76
38 36 76
36 73 901
73 36 901
36 68 556
68 36 556
36 75 437
75 36 437
36 61 282
61 36 282
36 47 843
47 36 843
36 78 367
78 36 367
36 63 339
63 36 339
37 43 304
43 37 304
37 64 636
64 37 636
37 74 465
74 37 465
37 55 542
55 37 542
37 77 52
77 37 52
37 74 161
74 37 161
37 54 206
54 37 206
37 74 317
74 37 317
37 68 869
68 37 869
37 52 693
52 37 693
37 67 961
67 37 961
37 53 159
53 37 159
38 39 892
39 38 892
38 78 168
78 38 168
38 60 29
60 38 29
38 52 195
52 38 195
38 64 612
64 38 612
38 67 18
67 38 18
38 41 841
41 38 841
38 68 947
68 38 947
38 74 743
74 38 743
38 51 3
51 38 3
38 75 104
75 38 104
38 69 233
69 38 233
38 40 420
40 38 420
38 78 970
78 38 970
38 71 88
71 38 88
38 60 627
60 38 627
38 60 963
60 38 963
39 69 835
69 39 835
39 72 466
72 39 466
39 53 52
53 39 52
39 65 359
65 39 359
39 43 151
43 39 151
40 61 392
61 40 392
40 75 175
75 40 175
40 55 64
55 40 64
40 58 560
58 40 560
40 54 670
54 40 670
40 63 397
63 40 397
40 51 802
51 40 802
40 52 273
52 40 273
40 54 393
54 40 393
40 78 437
78 40 437
40 67 732
67 40 732
40 41 279
41 40 279
40 46 494
46 40 494
41 56 700
56 41 700
41 75 601
75 41 601
41 64 886
64 41 886
41 70 636
70 41 636
41 57 931
57 41 931
41 62 439
62 41 439
41 61 385
61 41 385
41 51 847
51 41 847
41 41 490
41 41 490
41 72 678
72 41 678
41 67 694
67 41 694
41 43 354
43 41 354
41 71 986
71 41 986
42 71 337
71 42 337
42 42 909
42 42 909
42 59 396
59 42 396
42 61 948
61 42 948
42 50 780
50 42 780
42 68 999
68 42 999
42 44 477
44 42 477
42 50 994
50 42 994
42 44 690
44 42 690
43 59 582
59 43 582
43 48 888
48 43 888
43 60 52
60 43 52
43 77 613
77 43 613
43 57 717
57 43 717
43 49 547
49 43 547
43 44 137
44 43 137
43 66 98
66 43 98
43 75 123
75 43 123
43 76 724
76 43 724
43 54 792
54 43 792
43 60 759
60 43 759
43 66 207
66 43 207
43 48 65
48 43 65
43 74 686
74 43 686
43 75 290
75 43 290
43 52 296
52 43 296
43 44 926
44 43 926
43 66 526
66 43 526
44 65 59
65 44 59
44 48 557
48 44 557
44 74 267
74 44 267
44 67 164
67 44 164
44 45 632
45 44 632
44 66 210
66 44 210
44 48 960
48 44 960
44 57 61
57 44 61
44 47 468
47 44 468
45 48 701
48 45 701
45 73 997
73 45 997
45 47 83
47 45 83
45 62 371
62 45 371
45 47 101
47 45 101
45 63 933
63 45 933
45 63 185
63 45 185
45 70 180
70 45 180
45 58 427
58 45 427
45 51 993
51 45 993
45 77 404
77 45 404
45 53 503
53 45 503
45 62 146
62 45 146
45 63 691
63 45 691
45 77 443
77 45 443
46 65 409
65 46 409
46 78 763
78 46 763
46 74 694
74 46 694
46 73 675
73 46 675
46 72 901
72 46 901
46 71 943
71 46 943
46 61 906
61 46 906
47 48 303
48 47 303
47 62 51
62 47 51
47 73 163
73 47 163
47 58 492
58 47 492
47 55 83
55 47 83
47 60 419
60 47 419
47 72 123
72 47 123
48 57 245
57 48 245
48 64 511
64 48 511
48 77 278
77 48 278
48 67 5
67 48 5
48 59 570
59 48 570
48 61 938
61 48 938
48 48 161
48 48 161
48 57 131
57 48 131
48 59 712
59 48 712
48 54 1000
54 48 1000
48 57 778
57 48 778
49 53 196
53 49 196
49 57 500
57 49 500
49 53 479
53 49 479
49 60 47
60 49 47
49 62 131
62 49 131
49 49 564
49 49 564
50 73 328
73 50 328
50 68 967
68 50 967
50 68 138
68 50 138
50 54 422
54 50 422
50 55 598
55 50 598
50 76 807
76 50 807
50 77 538
77 50 538
50 54 33
54 50 33
51 77 774
77 51 774
51 67 688
67 51 688
51 51 110
51 51 110
51 74 226
74 51 226
51 62 10
62 51 10
51 56 346
56 51 346
51 64 795
64 51 795
52 66 172
66 52 172
52 72 658
72 52 658
52 61 50
61 52 50
52 75 367
75 52 367
52 70 132
70 52 132
52 70 770
70 52 770
52 60 85
60 52 85
52 54 95
54 52 95
53 73 991
73 53 991
53 56 388
56 53 388
53 63 518
63 53 518
53 69 895
69 53 895
53 62 290
62 53 290
53 78 504
78 53 504
53 56 834
56 53 834
54 61 240
61 54 240
54 68 836
68 54 836
54 78 487
78 54 487
54 59 126
59 54 126
54 73 95
73 54 95
54 76 397
76 54 397
54 57 78
57 54 78
54 60 24
60 54 24
54 72 385
72 54 385
54 70 128
70 54 128
54 61 970
61 54 970
54 63 970
63 54 970
54 74 871
74 54 871
54 62 483
62 54 483
54 66 174
66 54 174
55 72 424
72 55 424
55 77 891
77 55 891
55 58 918
58 55 918
55 71 419
71 55 419
55 75 907
75 55 907
55 56 330
56 55 330
55 63 594
63 55 594
55 55 404
55 55 404
55 57 121
57 55 121
55 66 269
66 55 269
56 57 284
57 56 284
56 58 265
58 56 265
56 63 250
63 56 250
57 60 706
60 57 706
57 77 552
77 57 552
57 69 848
69 57 848
57 66 329
66 57 329
57 76 227
76 57 227
57 58 193
58 57 193
57 76 567
76 57 567
57 58 21
58 57 21
58 73 496
73 58 496
58 74 88
74 58 88
58 77 602
77 58 602
58 77 219
77 58 219
58 74 587
74 58 587
58 78 273
78 58 273
58 65 452
65 58 452
59 71 169
71 59 169
59 61 382
61 59 382
59 65 391
65 59 391
59 68 507
68 59 507
59 76 565
76 59 565
60 68 799
68 60 799
60 61 89
61 60 89
60 60 128
60 60 128
60 78 312
78 60 312
60 78 594
78 60 594
60 68 887
68 60 887
60 62 693
62 60 693
60 65 448
65 60 448
61 73 602
73 61 602
61 65 917
65 61 917
61 68 984
68 61 984
61 63 517
63 61 517
62 78 483
78 62 483
63 66 684
66 63 684
64 67 908
67 64 908
64 73 70
73 64 70
65 78 53
78 65 53
65 68 492
68 65 492
65 77 11
77 65 11
65 72 818
72 65 818
65 67 63
67 65 63
66 76 636
76 66 636
67 70 469
70 67 469
68 74 210
74 68 210
69 72 127
72 69 127
69 72 650
72 69 650
69 74 643
74 69 643
69 76 592
76 69 592
70 75 620
75 70 620
70 73 962
73 70 962
70 72 723
72 70 723
70 75 365
75 70 365
70 71 598
71 70 598
71 75 789
75 71 789
71 72 550
72 71 550
73 78 426
78 73 426
73 76 543
76 73 543
73 74 255
74 73 255
73 78 715
78 73 715
74 77 981
77 74 981
76 77 645
77 76 645
77 77 878
77 77 878
