73

0 1 706
1 0 706
0 2 743
2 0 743
0 3 146
3 0 146
0 5 603
5 0 603
0 13 752
13 0 752
0 16 881
16 0 881
0 17 100
17 0 100
0 35 617
35 0 617
0 35 890
35 0 890
0 47 228
47 0 228
0 58 853
58 0 853
0 61 456
61 0 456
0 26 720
26 0 720
0 36 246
36 0 246
0 33 199
33 0 199
0 26 429
26 0 429
1 4 119
4 1 119
1 10 772
10 1 772
1 22 679
22 1 679
1 62 927
62 1 927
1 55 757
55 1 757
1 27 45
27 1 45
1 12 453
12 1 453
1 4 629
4 1 629
1 6 529
6 1 529
1 61 574
61 1 574
1 58 450
58 1 450
1 61 749
61 1 749
1 21 308
21 1 308
1 29 967
29 1 967
2 8 27
8 2 27
2 46 813
46 2 813
2 50 958
50 2 958
2 69 556
69 2 556
2 41 615
41 2 615
2 4 750
4 2 750
2 70 371
70 2 371
2 9 599
9 2 599
2 6 134
6 2 134
2 28 842
28 2 842
2 71 306
71 2 306
2 52 932
52 2 932
2 65 670
65 2 670
2 13 62
13 2 62
2 60 671
60 2 671
3 12 258
12 3 258
3 65 906
65 3 906
3 27 336
27 3 336
3 10 866
10 3 866
3 29 332
29 3 332
3 3 811
3 3 811
3 10 251
10 3 251
3 11 761
11 3 761
3 4 38
4 3 38
3 8 947
8 3 947
3 51 453
51 3 453
3 60 783
60 3 783
3 60 241
60 3 241
4 6 263
6 4 263
4 7 281
7 4 281
4 19 721
19 4 721
4 68 417
68 4 417
4 44 316
44 4 316
4 25 800
25 4 800
4 53 959
53 4 959
4 31 38
31 4 38
4 25 643
25 4 643
4 19 178
19 4 178
4 39 159
39 4 159
4 69 243
69 4 243
4 5 769
5 4 769
4 64 821
64 4 821
5 11 431
11 5 431
5 15 341
15 5 341
5 43 615
43 5 615
5 41 549
41 5 549
5 60 14
60 5 14
5 66 995
66 5 995
5 41 365
41 5 365
5 69 269
69 5 269
5 34 746
34 5 746
5 60 767
60 5 767
5 36 149
36 5 149
5 41 157
41 5 157
5 17 113
17 5 113
5 68 911
68 5 911
5 7 569
7 5 569
5 71 609
71 5 609
5 24 513
24 5 513
6 59 683
59 6 683
6 35 665
35 6 665
6 62 190
62 6 190
6 29 169
29 6 169
6 41 842
41 6 842
6 69 806
69 6 806
6 39 711
39 6 711
6 15 631
15 6 631
7 28 688
28 7 688
7 37 998
37 7 998
7 30 298
30 7 298
7 39 366
39 7 366
7 21 204
21 7 204
7 15 159
15 7 159
7 10 433
10 7 433
7 29 817
29 7 817
7 24 112
24 7 112
7 14 287
14 7 287
7 14 822
14 7 822
7 10 105
10 7 105
7 29 621
29 7 621
7 66 23
66 7 23
8 9 761
9 8 761
8 33 850
33 8 850
8 34 908
34 8 908
8 43 499
43 8 499
8 19 118
19 8 118
8 66 497
66 8 497
8 62 717
62 8 717
8 69 12
69 8 12
8 38 824
38 8 824
8 68 471
68 8 471
8 29 701
29 8 701
8 11 993
11 8 993
8 42 468
42 8 468
8 52 172
52 8 172
8 16 617
16 8 617
9 72 569
72 9 569
9 66 64
66 9 64
9 10 20
10 9 20
9 58 289
58 9 289
9 48 539
48 9 539
9 48 169
48 9 169
9 13 132
13 9 132
9 16 206
16 9 206
9 48 517
48 9 517
9 33 898
33 9 898
10 19 575
19 10 575
10 37 959
37 10 959
10 45 308
45 10 308
10 51 989
51 10 989
10 61 509
61 10 509
10 37 901
37 10 901
10 60 604
60 10 604
10 63 998
63 10 998
10 52 570
52 10 570
10 38 806
38 10 806
10 16 490
16 10 490
10 69 799
69 10 799
10 27 250
27 10 250
11 66 490
66 11 490
11 59 567
59 11 567
11 54 202
54 11 202
11 59 962
59 11 962
11 14 30
14 11 30
11 71 870
71 11 870
11 27 728
27 11 728
11 50 290
50 11 290
11 43 704
43 11 704
11 50 886
50 11 886
11 18 499
18 11 499
11 16 901
16 11 901
12 42 469
42 12 469
12 71 446
71 12 446
12 45 900
45 12 900
12 19 705
19 12 705
12 13 817
13 12 817
12 34 358
34 12 358
12 70 530
70 12 530
12 31 105
31 12 105
12 37 665
37 12 665
12 15 746
15 12 746
12 72 471
72 12 471
12 66 159
66 12 159
12 40 564
40 12 564
12 35 743
35 12 743
12 28 492
28 12 492
12 71 595
71 12 595
13 14 929
14 13 929
13 27 217
27 13 217
13 32 569
32 13 569
13 27 189
27 13 189
13 16 692
16 13 692
13 21 639
21 13 639
13 16 965
16 13 965
13 24 161
24 13 161
13 67 901
67 13 901
13 60 676
60 13 676
13 52 92
52 13 92
13 61 298
61 13 298
13 17 523
17 13 523
14 29 869
29 14 869
14 54 513
54 14 513
14 60 32
60 14 32
14 16 937
16 14 937
14 24 139
24 14 139
14 55 231
55 14 231
14 34 283
34 14 283
14 58 678
58 14 678
14 14 705
14 14 705
14 30 320
30 14 320
14 40 236
40 14 236
14 62 999
62 14 999
14 56 710
56 14 710
14 67 274
67 14 274
15 20 167
20 15 167
15 26 234
26 15 234
15 62 767
62 15 767
15 26 920
26 15 920
15 38 957
38 15 957
15 51 428
51 15 428
15 24 880
24 15 880
15 62 669
62 15 669
15 61 423
61 15 423
15 59 895
59 15 895
15 16 357
16 15 357
15 48 47
48 15 47
15 38 340
38 15 340
16 18 949
18 16 949
16 27 825
27 16 825
16 31 604
31 16 604
16 36 681
36 16 681
16 21 122
21 16 122
16 23 955
23 16 955
16 50 221
50 16 221
16 27 542
27 16 542
16 28 308
28 16 308
16 53 488
53 16 488
16 61 245
61 16 245
16 19 953
19 16 953
17 23 213
23 17 213
17 24 507
24 17 507
17 44 272
44 17 272
17 56 499
56 17 499
17 48 222
48 17 222
17 45 566
45 17 566
17 67 149
67 17 149
17 27 66
27 17 66
17 29 46
29 17 46
17 48 260
48 17 260
17 50 637
50 17 637
18 30 413
30 18 413
18 40 901
40 18 901
18 27 472
27 18 472
18 53 608
53 18 608
18 63 823
63 18 823
18 67 672
67 18 672
18 27 552
27 18 552
18 57 767
57 18 767
18 31 939
31 18 939
18 51 822
51 18 822
18 71 361
71 18 361
18 45 260
45 18 260
18 32 486
32 18 486
19 52 59
52 19 59
19 42 557
42 19 557
19 42 811
42 19 811
19 50 707
50 19 707
19 37 866
37 19 866
19 40 900
40 19 900
19 55 781
55 19 781
19 66 17
66 19 17
19 36 154
36 19 154
19 56 777
56 19 777
19 35 90
35 19 90
19 52 470
52 19 470
19 26 738
26 19 738
20 21 432
21 20 432
20 67 344
67 20 344
20 57 745
57 20 745
20 43 532
43 20 532
20 43 112
43 20 112
20 60 953
60 20 953
20 47 64
47 20 64
20 58 333
58 20 333
20 42 718
42 20 718
20 27 185
27 20 185
20 72 183
72 20 183
20 68 682
68 20 682
20 51 796
51 20 796
20 51 530
51 20 530
20 53 947
53 20 947
20 72 532
72 20 532
20 46 400
46 20 400
21 25 730
25 21 730
21 56 719
56 21 719
21 41 617
41 21 617
21 23 249
23 21 249
21 70 497
70 21 497
21 26 659
26 21 659
21 54 818
54 21 818
21 63 97
63 21 97
21 66 987
66 21 987
21 28 18
28 21 18
21 41 211
41 21 211
22 64 635
64 22 635
22 32 974
32 22 974
22 58 8
58 22 8
22 62 695
62 22 695
22 26 193
26 22 193
22 50 455
50 22 455
22 55 461
55 22 461
22 56 703
56 22 703
22 57 686
57 22 686
23 68 258
68 23 258
23 62 303
62 23 303
23 55 651
55 23 651
23 55 951
55 23 951
23 40 614
40 23 614
23 71 159
71 23 159
23 41 627
41 23 627
23 56 998
56 23 998
23 28 929
28 23 929
23 54 839
54 23 839
23 33 248
33 23 248
24 71 649
71 24 649
24 37 2
37 24 2
24 29 778
29 24 778
24 57 160
57 24 160
24 69 268
69 24 268
24 37 288
37 24 288
24 41 74
41 24 74
24 61 830
61 24 830
25 49 649
49 25 649
25 52 201
52 25 201
25 48 621
48 25 621
25 42 591
42 25 591
25 39 435
39 25 435
25 45 815
45 25 815
25 53 937
53 25 937
26 53 481
53 26 481
26 31 946
31 26 946
26 51 119
51 26 119
26 30 973
30 26 973
26 66 788
66 26 788
26 32 650
32 26 650
26 72 389
72 26 389
26 70 912
70 26 912
26 29 649
29 26 649
26 53 308
53 26 308
27 32 654
32 27 654
27 58 184
58 27 184
27 52 606
52 27 606
27 66 137
66 27 137
27 58 631
58 27 631
27 47 194
47 27 194
27 68 676
68 27 676
27 71 483
71 27 483
27 34 769
34 27 769
27 72 461
72 27 461
27 65 388
65 27 388
27 29 541
29 27 541
27 71 79
71 27 79
28 66 919
66 28 919
28 37 401
37 28 401
28 33 69
33 28 69
28 35 785
35 28 785
28 46 284
46 28 284
28 46 22
46 28 22
28 54 520
54 28 520
28 53 802
53 28 802
29 39 138
39 29 138
29 50 929
50 29 929
29 57 917
57 29 917
29 71 703
71 29 703
29 42 196
42 29 196
29 48 8
48 29 8
29 66 559
66 29 559
29 37 862
37 29 862
29 33 681
33 29 681
29 66 868
66 29 868
29 64 342
64 29 342
29 66 877
66 29 877
29 36 765
36 29 765
29 43 386
43 29 386
29 44 719
44 29 719
29 36 38
36 29 38
29 67 288
67 29 288
30 71 342
71 30 342
30 34 311
34 30 311
30 47 750
47 30 750
30 47 710
47 30 710
30 55 721
55 30 721
31 42 443
42 31 443
31 47 598
47 31 598
31 70 121
70 31 121
31 33 610
33 31 610
31 63 786
63 31 786
32 38 117
38 32 117
32 59 833
59 32 833
32 54 390
54 32 390
32 72 721
72 32 721
32 64 869
64 32 869
32 50 447
50 32 447
32 54 226
54 32 226
32 34 990
34 32 990
32 44 892
44 32 892
33 69 680
69 33 680
33 54 703
54 33 703
33 44 929
44 33 929
33 68 416
68 33 416
33 61 668
61 33 668
33 70 996
70 33 996
33 36 340
36 33 340
33 37 708
37 33 708
34 45 235
45 34 235
34 38 683
38 34 683
34 57 151
57 34 151
34 58 301
58 34 301
35 55 662
55 35 662
35 52 171
52 35 171
35 38 297
38 35 297
35 63 826
63 35 826
35 50 394
50 35 394
35 62 989
62 35 989
35 50 42
50 35 42
35 67 226
67 35 226
36 70 893
70 36 893
36 46 844
46 36 844
36 50 870
50 36 870
36 68 265
68 36 265
36 60 726
60 36 726
36 58 610
58 36 610
37 69 678
69 37 678
37 49 146
49 37 146
37 40 455
40 37 455
37 42 882
42 37 882
37 65 98
65 37 98
37 39 741
39 37 741
37 71 487
71 37 487
37 65 531
65 37 531
38 47 235
47 38 235
38 65 458
65 38 458
38 65 914
65 38 914
39 41 255
41 39 255
39 48 467
48 39 467
39 49 450
49 39 450
39 51 98
51 39 98
39 55 878
55 39 878
40 48 221
48 40 221
40 42 189
42 40 189
40 49 692
49 40 692
40 60 965
60 40 965
40 43 82
43 40 82
41 46 975
46 41 975
41 48 461
48 41 461
41 66 891
66 41 891
41 66 662
66 41 662
41 50 407
50 41 407
41 41 317
41 41 317
41 67 401
67 41 401
42 55 181
55 42 181
42 52 754
52 42 754
42 63 407
63 42 407
42 60 885
60 42 885
42 47 547
47 42 547
42 49 193
49 42 193
42 45 942
45 42 942
42 63 692
63 42 692
43 46 625
46 43 625
43 60 953
60 43 953
43 68 568
68 43 568
43 59 136
59 43 136
43 55 97
55 43 97
44 46 523
46 44 523
44 46 913
46 44 913
44 48 579
48 44 579
45 51 271
51 45 271
45 56 227
56 45 227
45 53 124
53 45 124
45 72 412
72 45 412
45 62 416
62 45 416
45 72 55
72 45 55
45 55 714
55 45 714
46 47 709
47 46 709
46 49 580
49 46 580
46 49 473
49 46 473
46 52 803
52 46 803
46 64 809
64 46 809
46 52 202
52 46 202
46 50 789
50 46 789
47 69 67
69 47 67
47 66 823
66 47 823
47 52 557
52 47 557
47 65 826
65 47 826
47 61 215
61 47 215
47 52 729
52 47 729
47 50 798
50 47 798
47 57 779
57 47 779
48 56 658
56 48 658
48 56 691
56 48 691
48 64 333
64 48 333
48 49 790
49 48 790
48 48 260
48 48 260
49 60 434
60 49 434
49 68 781
68 49 781
49 60 274
60 49 274
49 58 459
58 49 459
49 70 85
70 49 85
50 60 373
60 50 373
50 53 467
53 50 467
51 72 494
72 51 494
51 71 665
71 51 665
52 63 344
63 52 344
52 72 558
72 52 558
52 57 354
57 52 354
53 62 183
62 53 183
53 61 459
61 53 459
54 57 539
57 54 539
54 70 402
70 54 402
55 66 481
66 55 481
55 68 948
68 55 948
56 64 674
64 56 674
56 59 11
59 56 11
56 63 318
63 56 318
57 70 746
70 57 746
57 67 378
67 57 378
57 67 539
67 57 539
58 71 44
71 58 44
59 64 880
64 59 880
59 61 644
61 59 644
59 70 475
70 59 475
60 70 715
70 60 715
60 71 178
71 60 178
60 68 269
68 60 269
62 71 759
71 62 759
62 66 476
66 62 476
62 63 15
63 62 15
62 70 511
70 62 511
64 65 233
65 64 233
64 65 364
65 64 364
65 70 319
70 65 319
68 71 101
71 68 101
68 72 410
72 68 410
