20

0 1 254
1 0 254
0 2 102
2 0 102
0 16 63
16 0 63
0 14 995
14 0 995
0 10 874
10 0 874
0 15 805
15 0 805
0 17 404
17 0 404
1 17 794
17 1 794
1 3 485
3 1 485
1 11 871
11 1 871
1 3 233
3 1 233
1 15 312
15 1 312
1 11 516
11 1 516
1 19 37
19 1 37
2 3 954
3 2 954
2 5 795
5 2 795
2 7 893
7 2 893
2 17 59
17 2 59
2 5 275
5 2 275
2 5 617
5 2 617
3 4 747
4 3 747
3 8 709
8 3 709
3 15 200
15 3 200
3 12 586
12 3 586
3 17 795
17 3 795
3 14 606
14 3 606
4 13 759
13 4 759
4 12 197
12 4 197
4 8 723
8 4 723
5 6 530
6 5 530
5 9 446
9 5 446
5 10 885
10 5 885
5 7 656
7 5 656
5 10 759
10 5 759
6 12 223
12 6 223
6 19 944
19 6 944
6 16 249
16 6 249
6 8 281
8 6 281
6 7 383
7 6 383
6 7 675
7 6 675
6 11 120
11 6 120
7 8 50
8 7 50
7 14 474
14 7 474
7 10 739
10 7 739
7 8 483
8 7 483
8 18 783
18 8 783
8 13 902
13 8 902
8 9 151
9 8 151
8 15 464
15 8 464
8 11 269
11 8 269
9 16 134
16 9 134
9 17 144
17 9 144
9 14 565
14 9 565
10 11 360
11 10 360
10 17 832
17 10 832
11 15 997
15 11 997
11 19 404
19 11 404
12 17 187
17 12 187
12 19 848
19 12 848
12 14 474
14 12 474
12 19 999
19 12 999
12 17 859
17 12 859
13 14 162
14 13 162
13 18 37
18 13 37
14 18 378
18 14 378
15 19 429
19 15 429
15 18 725
18 15 725
16 19 873
19 16 873
16 16 817
16 16 817
17 19 531
19 17 531
