54

0 1 563
1 0 563
0 8 975
8 0 975
0 27 267
27 0 267
0 30 647
30 0 647
0 3 990
3 0 990
0 35 657
35 0 657
0 7 673
7 0 673
0 36 340
36 0 340
0 45 578
45 0 578
0 26 300
26 0 300
0 4 794
4 0 794
0 6 945
6 0 945
0 49 532
49 0 532
0 49 110
49 0 110
0 30 935
30 0 935
0 30 239
30 0 239
0 53 268
53 0 268
0 24 124
24 0 124
0 53 304
53 0 304
0 24 366
24 0 366
0 39 810
39 0 810
0 19 786
19 0 786
0 43 254
43 0 254
0 51 620
51 0 620
0 33 723
33 0 723
0 22 917
22 0 917
0 53 500
53 0 500
0 26 8
26 0 8
0 22 545
22 0 545
0 3 137
3 0 137
0 33 33
33 0 33
0 34 182
34 0 182
0 40 773
40 0 773
0 46 740
46 0 740
0 20 332
20 0 332
0 18 264
18 0 264
0 2 512
2 0 512
0 37 604
37 0 604
0 17 92
17 0 92
0 51 561
51 0 561
0 22 757
22 0 757
0 0 165
0 0 165
0 17 380
17 0 380
1 2 478
2 1 478
1 3 882
3 1 882
1 9 244
9 1 244
1 18 524
18 1 524
1 44 386
44 1 386
1 14 779
14 1 779
1 23 357
23 1 357
1 53 134
53 1 134
1 12 830
12 1 830
1 49 26
49 1 26
1 30 697
30 1 697
1 25 867
25 1 867
1 47 441
47 1 441
1 13 474
13 1 474
1 49 700
49 1 700
1 18 650
18 1 650
1 36 665
36 1 665
1 49 200
49 1 200
1 36 586
36 1 586
1 50 86
50 1 86
1 44 99
44 1 99
1 18 768
18 1 768
1 39 521
39 1 521
1 36 986
36 1 986
1 2 614
2 1 614
1 11 13
11 1 13
1 15 62
15 1 62
1 42 806
42 1 806
1 20 931
20 1 931
1 32 701
32 1 701
1 38 113
38 1 113
1 1 751
1 1 751
1 21 561
21 1 561
1 39 282
39 1 282
2 6 540
6 2 540
2 47 312
47 2 312
2 28 336
28 2 336
2 17 409
17 2 409
2 25 56
25 2 56
2 31 983
31 2 983
2 17 815
17 2 815
2 3 285
3 2 285
2 47 655
47 2 655
2 44 377
44 2 377
2 48 219
48 2 219
2 25 413
25 2 413
2 20 580
20 2 580
2 15 312
15 2 312
2 43 638
43 2 638
2 13 154
13 2 154
2 53 688
53 2 688
2 13 199
13 2 199
2 47 476
47 2 476
2 38 448
38 2 448
2 53 33
53 2 33
2 32 32
32 2 32
2 21 56
21 2 56
2 52 729
52 2 729
2 39 555
39 2 555
2 10 947
10 2 947
2 42 229
42 2 229
2 23 103
23 2 103
2 9 594
9 2 594
2 5 632
5 2 632
2 53 470
53 2 470
2 8 484
8 2 484
3 4 840
4 3 840
3 5 602
5 3 602
3 12 483
12 3 483
3 16 245
16 3 245
3 19 163
19 3 163
3 53 209
53 3 209
3 42 243
42 3 243
3 4 275
4 3 275
3 32 885
32 3 885
3 46 223
46 3 223
3 7 321
7 3 321
3 10 532
10 3 532
3 4 822
4 3 822
3 23 198
23 3 198
3 20 760
20 3 760
3 5 902
5 3 902
3 7 406
7 3 406
3 21 460
21 3 460
3 48 309
48 3 309
3 39 128
39 3 128
3 15 211
15 3 211
3 8 161
8 3 161
3 40 844
40 3 844
3 34 42
34 3 42
3 34 74
34 3 74
3 36 445
36 3 445
3 40 644
40 3 644
3 46 625
46 3 625
3 31 597
31 3 597
3 37 620
37 3 620
3 19 498
19 3 498
3 43 646
43 3 646
3 40 636
40 3 636
3 35 269
35 3 269
3 22 242
22 3 242
3 38 410
38 3 410
3 48 622
48 3 622
3 44 659
44 3 659
3 15 588
15 3 588
3 48 861
48 3 861
3 53 175
53 3 175
3 51 554
51 3 554
3 30 518
30 3 518
3 11 135
11 3 135
3 45 92
45 3 92
3 10 503
10 3 503
3 28 493
28 3 493
3 22 289
22 3 289
3 29 259
29 3 259
3 13 226
13 3 226
4 24 778
24 4 778
4 23 659
23 4 659
4 30 148
30 4 148
4 15 605
15 4 605
4 38 812
38 4 812
4 38 744
38 4 744
4 45 365
45 4 365
4 48 839
48 4 839
4 39 650
39 4 650
4 6 487
6 4 487
4 20 659
20 4 659
4 17 953
17 4 953
4 13 71
13 4 71
4 52 874
52 4 874
4 40 308
40 4 308
4 28 495
28 4 495
4 38 961
38 4 961
4 22 465
22 4 465
4 25 421
25 4 421
4 20 649
20 4 649
4 49 586
49 4 586
4 30 548
30 4 548
4 44 82
44 4 82
4 45 526
45 4 526
4 25 425
25 4 425
4 33 319
33 4 319
4 33 770
33 4 770
4 52 573
52 4 573
4 8 312
8 4 312
4 15 230
15 4 230
5 7 661
7 5 661
5 10 26
10 5 26
5 28 238
28 5 238
5 6 123
6 5 123
5 23 713
23 5 713
5 52 331
52 5 331
5 49 678
49 5 678
5 25 961
25 5 961
5 14 608
14 5 608
5 27 918
27 5 918
5 38 107
38 5 107
5 12 522
12 5 522
5 33 515
33 5 515
5 9 258
9 5 258
5 37 966
37 5 966
5 24 451
24 5 451
5 21 639
21 5 639
5 44 619
44 5 619
5 11 876
11 5 876
5 24 530
24 5 530
5 41 188
41 5 188
5 6 327
6 5 327
5 31 356
31 5 356
5 29 497
29 5 497
5 12 32
12 5 32
5 33 396
33 5 396
5 27 301
27 5 301
5 36 229
36 5 229
5 16 153
16 5 153
6 11 914
11 6 914
6 7 994
7 6 994
6 26 817
26 6 817
6 26 344
26 6 344
6 31 491
31 6 491
6 14 835
14 6 835
6 52 827
52 6 827
6 33 896
33 6 896
6 25 623
25 6 623
6 31 829
31 6 829
6 34 579
34 6 579
6 24 644
24 6 644
6 46 160
46 6 160
6 13 520
13 6 520
6 30 973
30 6 973
6 36 594
36 6 594
6 42 907
42 6 907
6 28 801
28 6 801
6 16 157
16 6 157
6 48 151
48 6 151
6 46 334
46 6 334
6 44 40
44 6 40
6 13 534
13 6 534
6 33 198
33 6 198
7 15 146
15 7 146
7 21 233
21 7 233
7 11 86
11 7 86
7 51 772
51 7 772
7 13 45
13 7 45
7 49 95
49 7 95
7 24 555
24 7 555
7 9 950
9 7 950
7 41 978
41 7 978
7 51 18
51 7 18
7 44 236
44 7 236
7 29 54
29 7 54
7 33 990
33 7 990
7 17 245
17 7 245
7 39 180
39 7 180
7 22 343
22 7 343
7 32 417
32 7 417
7 24 665
24 7 665
7 43 845
43 7 845
7 53 577
53 7 577
7 38 220
38 7 220
8 10 355
10 8 355
8 11 566
11 8 566
8 53 557
53 8 557
8 41 690
41 8 690
8 20 616
20 8 616
8 50 18
50 8 18
8 19 501
19 8 501
8 9 674
9 8 674
8 38 731
38 8 731
8 47 439
47 8 439
8 35 294
35 8 294
8 17 380
17 8 380
8 30 259
30 8 259
8 36 842
36 8 842
8 35 367
35 8 367
8 42 444
42 8 444
8 51 316
51 8 316
8 43 636
43 8 636
8 46 657
46 8 657
8 29 566
29 8 566
8 34 135
34 8 135
8 38 295
38 8 295
8 19 645
19 8 645
8 40 356
40 8 356
8 41 446
41 8 446
8 8 440
8 8 440
8 22 316
22 8 316
8 26 832
26 8 832
8 37 93
37 8 93
8 24 344
24 8 344
8 25 999
25 8 999
8 36 535
36 8 535
8 29 212
29 8 212
8 35 293
35 8 293
8 25 738
25 8 738
8 14 894
14 8 894
8 9 76
9 8 76
9 14 769
14 9 769
9 17 501
17 9 501
9 25 649
25 9 649
9 39 200
39 9 200
9 27 806
27 9 806
9 40 830
40 9 830
9 21 363
21 9 363
9 53 562
53 9 562
9 43 33
43 9 33
9 44 666
44 9 666
9 47 920
47 9 920
9 49 923
49 9 923
9 49 626
49 9 626
9 16 661
16 9 661
9 43 707
43 9 707
9 41 764
41 9 764
9 23 131
23 9 131
9 12 890
12 9 890
9 14 598
14 9 598
9 35 546
35 9 546
9 15 353
15 9 353
9 50 131
50 9 131
9 43 240
43 9 240
9 46 232
46 9 232
9 52 207
52 9 207
10 13 787
13 10 787
10 32 369
32 10 369
10 40 518
40 10 518
10 19 528
19 10 528
10 11 903
11 10 903
10 14 495
14 10 495
10 44 341
44 10 341
10 52 558
52 10 558
10 16 157
16 10 157
10 23 992
23 10 992
10 12 518
12 10 518
10 17 537
17 10 537
10 36 758
36 10 758
10 52 960
52 10 960
10 27 701
27 10 701
10 29 126
29 10 126
10 34 415
34 10 415
10 33 653
33 10 653
10 44 545
44 10 545
10 29 853
29 10 853
10 16 725
16 10 725
10 29 121
29 10 121
10 25 547
25 10 547
10 47 631
47 10 631
11 34 25
34 11 25
11 43 337
43 11 337
11 48 115
48 11 115
11 47 343
47 11 343
11 46 1
46 11 1
11 46 975
46 11 975
11 31 825
31 11 825
11 13 244
13 11 244
11 21 273
21 11 273
11 43 288
43 11 288
11 25 447
25 11 447
11 49 131
49 11 131
11 36 25
36 11 25
11 47 764
47 11 764
11 38 899
38 11 899
11 34 266
34 11 266
11 17 405
17 11 405
11 53 89
53 11 89
11 36 525
36 11 525
12 44 766
44 12 766
12 15 583
15 12 583
12 25 871
25 12 871
12 49 915
49 12 915
12 31 574
31 12 574
12 14 644
14 12 644
12 30 25
30 12 25
12 37 865
37 12 865
12 28 932
28 12 932
12 18 716
18 12 716
12 45 298
45 12 298
12 27 903
27 12 903
12 39 609
39 12 609
12 36 599
36 12 599
12 14 886
14 12 886
12 28 338
28 12 338
12 28 584
28 12 584
12 22 764
22 12 764
12 28 599
28 12 599
12 31 780
31 12 780
12 16 260
16 12 260
12 49 124
49 12 124
13 20 714
20 13 714
13 36 273
36 13 273
13 50 606
50 13 606
13 31 979
31 13 979
13 17 874
17 13 874
13 31 441
31 13 441
13 43 241
43 13 241
13 17 113
17 13 113
13 36 698
36 13 698
13 50 356
50 13 356
13 16 497
16 13 497
13 52 742
52 13 742
13 26 20
26 13 20
13 25 858
25 13 858
13 31 346
31 13 346
13 17 551
17 13 551
13 29 289
29 13 289
13 23 735
23 13 735
13 33 840
33 13 840
13 15 103
15 13 103
13 33 827
33 13 827
13 45 151
45 13 151
13 21 884
21 13 884
13 43 852
43 13 852
13 35 935
35 13 935
14 23 840
23 14 840
14 24 92
24 14 92
14 37 777
37 14 777
14 38 619
38 14 619
14 17 93
17 14 93
14 26 157
26 14 157
14 51 353
51 14 353
14 19 880
19 14 880
14 25 889
25 14 889
14 46 343
46 14 343
14 43 774
43 14 774
14 38 175
38 14 175
14 53 394
53 14 394
14 20 536
20 14 536
14 24 101
24 14 101
14 27 459
27 14 459
14 15 522
15 14 522
14 48 520
48 14 520
14 32 206
32 14 206
14 15 859
15 14 859
14 48 742
48 14 742
14 42 339
42 14 339
14 45 210
45 14 210
14 40 85
40 14 85
14 46 17
46 14 17
14 51 371
51 14 371
14 33 608
33 14 608
14 15 654
15 14 654
14 34 731
34 14 731
14 48 381
48 14 381
15 22 76
22 15 76
15 51 325
51 15 325
15 29 524
29 15 524
15 49 191
49 15 191
15 24 770
24 15 770
15 16 846
16 15 846
15 27 159
27 15 159
15 34 767
34 15 767
15 35 231
35 15 231
15 43 301
43 15 301
15 52 195
52 15 195
15 22 580
22 15 580
15 38 775
38 15 775
15 43 472
43 15 472
15 43 63
43 15 63
15 17 286
17 15 286
15 23 268
23 15 268
15 16 563
16 15 563
15 38 271
38 15 271
15 44 902
44 15 902
15 45 357
45 15 357
15 22 959
22 15 959
15 31 523
31 15 523
15 41 936
41 15 936
15 36 532
36 15 532
15 46 421
46 15 421
16 35 632
35 16 632
16 37 856
37 16 856
16 45 248
45 16 248
16 30 254
30 16 254
16 37 12
37 16 12
16 52 980
52 16 980
16 31 461
31 16 461
16 37 446
37 16 446
16 23 976
23 16 976
16 22 207
22 16 207
16 40 562
40 16 562
16 27 282
27 16 282
16 21 770
21 16 770
16 42 318
42 16 318
16 45 769
45 16 769
16 43 37
43 16 37
16 22 410
22 16 410
16 29 586
29 16 586
16 44 13
44 16 13
16 22 944
22 16 944
16 31 477
31 16 477
16 43 643
43 16 643
17 53 141
53 17 141
17 52 620
52 17 620
17 34 573
34 17 573
17 31 763
31 17 763
17 17 438
17 17 438
17 53 321
53 17 321
17 45 900
45 17 900
17 23 723
23 17 723
17 28 35
28 17 35
17 30 313
30 17 313
17 39 966
39 17 966
17 23 284
23 17 284
17 46 616
46 17 616
17 30 808
30 17 808
17 47 935
47 17 935
17 44 663
44 17 663
17 45 682
45 17 682
17 49 949
49 17 949
17 50 361
50 17 361
17 20 560
20 17 560
17 37 798
37 17 798
17 33 149
33 17 149
17 49 64
49 17 64
17 44 257
44 17 257
17 45 959
45 17 959
18 25 504
25 18 504
18 49 422
49 18 422
18 31 237
31 18 237
18 29 233
29 18 233
18 53 852
53 18 852
18 30 74
30 18 74
18 32 871
32 18 871
18 48 482
48 18 482
18 24 228
24 18 228
18 45 26
45 18 26
18 41 446
41 18 446
18 49 797
49 18 797
18 21 660
21 18 660
18 53 769
53 18 769
18 44 493
44 18 493
18 47 482
47 18 482
18 23 235
23 18 235
18 53 194
53 18 194
18 21 222
21 18 222
18 26 839
26 18 839
18 39 185
39 18 185
18 23 261
23 18 261
19 46 694
46 19 694
19 31 413
31 19 413
19 23 503
23 19 503
19 42 802
42 19 802
19 37 451
37 19 451
19 32 60
32 19 60
19 27 128
27 19 128
19 39 915
39 19 915
19 48 209
48 19 209
19 33 88
33 19 88
19 27 46
27 19 46
19 51 189
51 19 189
19 50 980
50 19 980
19 26 325
26 19 325
19 40 759
40 19 759
19 22 920
22 19 920
19 53 83
53 19 83
19 49 832
49 19 832
19 26 595
26 19 595
19 41 779
41 19 779
20 29 725
29 20 725
20 36 731
36 20 731
20 36 681
36 20 681
20 29 399
29 20 399
20 52 98
52 20 98
20 30 312
30 20 312
20 45 196
45 20 196
20 52 608
52 20 608
20 40 341
40 20 341
20 52 799
52 20 799
20 21 788
21 20 788
20 47 423
47 20 423
20 44 455
44 20 455
20 21 846
21 20 846
20 53 896
53 20 896
20 22 420
22 20 420
20 21 209
21 20 209
21 31 528
31 21 528
21 40 444
40 21 444
21 49 687
49 21 687
21 42 887
42 21 887
21 33 511
33 21 511
21 38 773
38 21 773
21 24 403
24 21 403
21 22 215
22 21 215
21 49 646
49 21 646
21 26 864
26 21 864
21 33 544
33 21 544
21 52 513
52 21 513
21 43 273
43 21 273
21 52 167
52 21 167
21 45 11
45 21 11
21 40 527
40 21 527
21 32 97
32 21 97
21 50 389
50 21 389
21 32 870
32 21 870
21 36 231
36 21 231
21 49 744
49 21 744
21 24 744
24 21 744
21 51 292
51 21 292
21 41 821
41 21 821
21 38 344
38 21 344
21 48 476
48 21 476
21 46 803
46 21 803
21 33 403
33 21 403
21 50 274
50 21 274
21 35 741
35 21 741
21 51 435
51 21 435
21 23 45
23 21 45
21 37 221
37 21 221
22 35 269
35 22 269
22 36 616
36 22 616
22 35 202
35 22 202
22 49 991
49 22 991
22 29 455
29 22 455
22 33 8
33 22 8
22 47 66
47 22 66
22 31 749
31 22 749
22 46 780
46 22 780
22 47 334
47 22 334
22 31 706
31 22 706
22 45 877
45 22 877
22 34 760
34 22 760
22 43 877
43 22 877
22 46 167
46 22 167
22 42 135
42 22 135
22 27 166
27 22 166
22 52 585
52 22 585
22 53 613
53 22 613
22 47 172
47 22 172
22 38 201
38 22 201
22 26 917
26 22 917
22 47 775
47 22 775
22 40 173
40 22 173
22 27 557
27 22 557
22 32 261
32 22 261
22 26 351
26 22 351
22 25 213
25 22 213
22 41 983
41 22 983
22 32 262
32 22 262
23 26 586
26 23 586
23 52 95
52 23 95
23 53 900
53 23 900
23 43 527
43 23 527
23 46 123
46 23 123
23 39 895
39 23 895
23 25 454
25 23 454
23 40 847
40 23 847
23 53 211
53 23 211
23 24 375
24 23 375
23 51 89
51 23 89
23 27 180
27 23 180
23 40 317
40 23 317
23 37 36
37 23 36
24 32 522
32 24 522
24 39 26
39 24 26
24 49 504
49 24 504
24 28 146
28 24 146
24 44 337
44 24 337
24 27 836
27 24 836
24 27 961
27 24 961
24 33 389
33 24 389
24 37 735
37 24 735
24 46 856
46 24 856
24 45 948
45 24 948
24 46 868
46 24 868
24 31 528
31 24 528
24 40 895
40 24 895
24 52 498
52 24 498
24 34 416
34 24 416
24 37 135
37 24 135
24 47 685
47 24 685
24 28 558
28 24 558
24 48 752
48 24 752
24 24 272
24 24 272
25 32 894
32 25 894
25 33 86
33 25 86
25 40 782
40 25 782
25 42 254
42 25 254
25 45 78
45 25 78
25 36 746
36 25 746
25 27 985
27 25 985
25 29 523
29 25 523
25 51 949
51 25 949
25 31 875
31 25 875
25 38 543
38 25 543
25 30 197
30 25 197
25 47 156
47 25 156
25 47 856
47 25 856
25 34 187
34 25 187
25 29 309
29 25 309
25 33 714
33 25 714
25 48 577
48 25 577
25 40 921
40 25 921
25 30 426
30 25 426
25 47 917
47 25 917
26 41 436
41 26 436
26 42 999
42 26 999
26 39 279
39 26 279
26 46 655
46 26 655
26 30 581
30 26 581
26 46 811
46 26 811
26 29 717
29 26 717
26 43 86
43 26 86
26 49 831
49 26 831
26 30 265
30 26 265
26 26 571
26 26 571
26 51 3
51 26 3
26 27 380
27 26 380
26 49 560
49 26 560
26 33 50
33 26 50
26 28 414
28 26 414
26 46 452
46 26 452
26 45 179
45 26 179
27 47 178
47 27 178
27 27 161
27 27 161
27 42 798
42 27 798
27 44 39
44 27 39
27 48 932
48 27 932
27 28 202
28 27 202
27 51 89
51 27 89
27 43 623
43 27 623
27 45 705
45 27 705
27 43 703
43 27 703
27 45 196
45 27 196
27 51 412
51 27 412
27 31 213
31 27 213
27 31 546
31 27 546
28 35 852
35 28 852
28 30 214
30 28 214
28 34 835
34 28 835
28 35 148
35 28 148
28 36 336
36 28 336
28 33 212
33 28 212
28 43 629
43 28 629
28 42 577
42 28 577
28 32 966
32 28 966
28 41 158
41 28 158
28 46 780
46 28 780
28 50 534
50 28 534
28 30 947
30 28 947
28 38 422
38 28 422
28 36 309
36 28 309
29 33 440
33 29 440
29 45 135
45 29 135
29 50 727
50 29 727
29 33 533
33 29 533
29 36 132
36 29 132
29 34 897
34 29 897
29 33 460
33 29 460
29 29 551
29 29 551
30 42 892
42 30 892
30 49 346
49 30 346
30 53 93
53 30 93
30 37 292
37 30 292
30 40 789
40 30 789
30 45 44
45 30 44
30 44 985
44 30 985
30 43 218
43 30 218
30 32 246
32 30 246
30 37 794
37 30 794
30 51 827
51 30 827
30 33 791
33 30 791
30 41 684
41 30 684
30 39 173
39 30 173
30 50 288
50 30 288
30 32 721
32 30 721
30 44 738
44 30 738
30 47 385
47 30 385
30 52 685
52 30 685
30 40 777
40 30 777
30 35 58
35 30 58
30 32 138
32 30 138
30 43 500
43 30 500
31 53 573
53 31 573
31 52 528
52 31 528
31 51 93
51 31 93
31 46 243
46 31 243
31 53 753
53 31 753
31 32 151
32 31 151
31 49 37
49 31 37
31 37 463
37 31 463
31 41 695
41 31 695
31 50 732
50 31 732
31 52 884
52 31 884
31 51 542
51 31 542
31 37 741
37 31 741
31 45 298
45 31 298
31 52 380
52 31 380
32 39 371
39 32 371
32 42 426
42 32 426
32 38 462
38 32 462
32 47 488
47 32 488
32 33 770
33 32 770
32 52 123
52 32 123
32 49 479
49 32 479
32 32 988
32 32 988
32 50 276
50 32 276
32 34 689
34 32 689
32 50 403
50 32 403
32 46 315
46 32 315
32 35 955
35 32 955
32 53 298
53 32 298
32 47 5
47 32 5
32 46 596
46 32 596
32 48 314
48 32 314
32 39 15
39 32 15
32 33 306
33 32 306
32 41 876
41 32 876
32 52 8
52 32 8
32 43 951
43 32 951
32 50 259
50 32 259
32 49 261
49 32 261
32 39 652
39 32 652
33 53 308
53 33 308
33 53 233
53 33 233
33 34 656
34 33 656
33 45 138
45 33 138
33 50 572
50 33 572
33 39 114
39 33 114
33 50 927
50 33 927
33 38 541
38 33 541
33 51 399
51 33 399
33 35 806
35 33 806
33 47 204
47 33 204
33 36 340
36 33 340
34 40 993
40 34 993
34 43 167
43 34 167
34 48 92
48 34 92
34 34 971
34 34 971
34 44 461
44 34 461
34 36 100
36 34 100
34 50 392
50 34 392
34 48 807
48 34 807
34 36 151
36 34 151
34 49 14
49 34 14
34 52 425
52 34 425
34 38 332
38 34 332
34 37 855
37 34 855
34 44 658
44 34 658
34 41 104
41 34 104
34 46 216
46 34 216
34 48 835
48 34 835
35 45 503
45 35 503
35 43 369
43 35 369
35 38 404
38 35 404
35 37 454
37 35 454
35 46 302
46 35 302
35 46 112
46 35 112
35 35 989
35 35 989
35 41 747
41 35 747
35 40 913
40 35 913
36 51 729
51 36 729
36 41 37
41 36 37
36 42 104
42 36 104
36 49 757
49 36 757
36 37 856
37 36 856
36 45 815
45 36 815
36 51 42
51 36 42
36 38 175
38 36 175
36 48 23
48 36 23
36 39 945
39 36 945
36 52 519
52 36 519
36 41 824
41 36 824
36 37 728
37 36 728
36 37 644
37 36 644
36 39 113
39 36 113
37 37 45
37 37 45
37 53 467
53 37 467
37 40 362
40 37 362
37 47 806
47 37 806
37 38 172
38 37 172
37 51 216
51 37 216
37 40 815
40 37 815
37 39 971
39 37 971
37 38 73
38 37 73
37 40 760
40 37 760
37 51 301
51 37 301
37 46 220
46 37 220
38 45 241
45 38 241
38 48 431
48 38 431
38 47 29
47 38 29
38 46 364
46 38 364
38 43 251
43 38 251
38 38 813
38 38 813
38 46 685
46 38 685
38 48 52
48 38 52
38 45 636
45 38 636
38 51 344
51 38 344
39 46 28
46 39 28
39 51 61
51 39 61
39 52 963
52 39 963
39 41 228
41 39 228
39 40 601
40 39 601
39 46 711
46 39 711
39 53 656
53 39 656
39 45 962
45 39 962
39 52 462
52 39 462
39 40 936
40 39 936
40 41 638
41 40 638
40 46 584
46 40 584
40 53 71
53 40 71
40 49 724
49 40 724
40 50 403
50 40 403
40 45 419
45 40 419
40 49 49
49 40 49
40 48 273
48 40 273
41 52 736
52 41 736
41 46 839
46 41 839
41 47 327
47 41 327
41 51 186
51 41 186
42 50 590
50 42 590
42 49 425
49 42 425
42 45 223
45 42 223
42 46 101
46 42 101
42 49 537
49 42 537
42 50 317
50 42 317
42 48 427
48 42 427
42 50 580
50 42 580
42 52 753
52 42 753
42 43 888
43 42 888
42 47 539
47 42 539
43 49 147
49 43 147
43 50 243
50 43 243
43 52 376
52 43 376
43 50 309
50 43 309
43 51 994
51 43 994
43 44 138
44 43 138
43 47 607
47 43 607
43 51 238
51 43 238
44 48 246
48 44 246
44 47 313
47 44 313
44 48 994
48 44 994
44 51 670
51 44 670
44 52 179
52 44 179
44 51 921
51 44 921
44 53 821
53 44 821
44 48 924
48 44 924
44 47 973
47 44 973
44 46 459
46 44 459
44 53 297
53 44 297
44 46 207
46 44 207
44 44 330
44 44 330
45 45 675
45 45 675
45 53 699
53 45 699
45 47 341
47 45 341
46 46 314
46 46 314
46 47 299
47 46 299
46 47 278
47 46 278
46 47 984
47 46 984
47 47 203
47 47 203
47 52 340
52 47 340
48 49 9
49 48 9
49 51 830
51 49 830
49 53 184
53 49 184
49 50 134
50 49 134
49 52 926
52 49 926
50 50 683
50 50 683
52 53 670
53 52 670
52 53 385
53 52 385
52 53 68
53 52 68
53 53 527
53 53 527
53 53 55
53 53 55
