18

0 1 396
1 0 396
0 3 338
3 0 338
0 17 843
17 0 843
0 16 6
16 0 6
0 13 586
13 0 586
0 16 224
16 0 224
0 2 437
2 0 437
0 9 525
9 0 525
0 2 721
2 0 721
1 2 175
2 1 175
1 6 634
6 1 634
1 3 88
3 1 88
1 2 131
2 1 131
1 7 987
7 1 987
1 14 99
14 1 99
1 1 374
1 1 374
1 8 721
8 1 721
1 6 673
6 1 673
1 7 750
7 1 750
1 2 506
2 1 506
2 8 571
8 2 571
2 13 97
13 2 97
2 15 784
15 2 784
2 17 799
17 2 799
2 7 603
7 2 603
2 3 788
3 2 788
2 6 431
6 2 431
2 5 892
5 2 892
2 9 931
9 2 931
2 6 427
6 2 427
3 4 301
4 3 301
3 12 715
12 3 715
3 17 210
17 3 210
3 16 434
16 3 434
4 5 293
5 4 293
4 11 526
11 4 526
4 9 746
9 4 746
4 17 506
17 4 506
4 11 539
11 4 539
5 7 486
7 5 486
5 10 997
10 5 997
5 10 365
10 5 365
5 11 67
11 5 67
5 11 941
11 5 941
5 6 176
6 5 176
6 7 791
7 6 791
6 12 877
12 6 877
6 13 849
13 6 849
6 16 875
16 6 875
6 14 788
14 6 788
7 9 784
9 7 784
7 11 367
11 7 367
7 14 975
14 7 975
7 10 585
10 7 585
7 13 826
13 7 826
7 12 161
12 7 161
7 11 177
11 7 177
7 14 558
14 7 558
7 7 563
7 7 563
8 14 121
14 8 121
8 17 685
17 8 685
8 10 690
10 8 690
8 8 959
8 8 959
8 9 432
9 8 432
8 10 869
10 8 869
8 16 574
16 8 574
8 11 244
11 8 244
9 11 542
11 9 542
9 14 951
14 9 951
9 10 87
10 9 87
9 9 233
9 9 233
10 11 347
11 10 347
10 15 749
15 10 749
10 16 827
16 10 827
10 11 403
11 10 403
11 16 319
16 11 319
11 12 308
12 11 308
12 13 69
13 12 69
12 13 891
13 12 891
12 17 494
17 12 494
13 15 901
15 13 901
13 14 646
14 13 646
13 13 471
13 13 471
13 16 348
16 13 348
14 16 275
16 14 275
15 16 671
16 15 671
16 17 300
17 16 300
