45

0 1 191
1 0 191
0 15 693
15 0 693
0 17 175
17 0 175
0 31 753
31 0 753
0 33 566
33 0 566
0 19 492
19 0 492
0 10 996
10 0 996
0 5 338
5 0 338
0 37 517
37 0 517
1 2 216
2 1 216
1 7 202
7 1 202
1 26 851
26 1 851
1 29 606
29 1 606
1 12 380
12 1 380
1 6 565
6 1 565
1 18 206
18 1 206
1 10 24
10 1 24
1 26 298
26 1 298
1 44 464
44 1 464
2 3 13
3 2 13
2 4 170
4 2 170
2 5 656
5 2 656
2 26 539
26 2 539
2 43 445
43 2 445
2 8 145
8 2 145
2 10 369
10 2 369
3 8 717
8 3 717
3 19 278
19 3 278
3 25 711
25 3 711
3 30 488
30 3 488
3 37 551
37 3 551
3 28 623
28 3 623
3 38 519
38 3 519
3 30 802
30 3 802
4 16 556
16 4 556
4 29 692
29 4 692
4 21 871
21 4 871
4 28 886
28 4 886
4 39 999
39 4 999
4 41 30
41 4 30
5 6 668
6 5 668
5 20 102
20 5 102
5 19 490
19 5 490
6 21 243
21 6 243
6 17 660
17 6 660
6 10 716
10 6 716
6 16 180
16 6 180
6 36 692
36 6 692
7 10 947
10 7 947
7 32 997
32 7 997
7 35 334
35 7 334
8 9 900
9 8 900
8 25 511
25 8 511
8 13 586
13 8 586
8 18 896
18 8 896
8 18 203
18 8 203
8 11 666
11 8 666
8 8 726
8 8 726
8 8 913
8 8 913
9 11 980
11 9 980
9 13 491
13 9 491
9 14 674
14 9 674
9 23 18
23 9 18
9 44 147
44 9 147
9 27 660
27 9 660
9 15 94
15 9 94
9 16 73
16 9 73
9 42 142
42 9 142
9 40 439
40 9 439
9 27 567
27 9 567
9 34 785
34 9 785
10 41 55
41 10 55
10 14 599
14 10 599
10 40 560
40 10 560
10 29 283
29 10 283
11 12 91
12 11 91
11 40 467
40 11 467
11 16 155
16 11 155
12 27 812
27 12 812
12 22 610
22 12 610
12 36 255
36 12 255
13 29 547
29 13 547
13 38 844
38 13 844
13 42 878
42 13 878
13 44 317
44 13 317
13 19 677
19 13 677
13 18 598
18 13 598
13 26 77
26 13 77
13 26 477
26 13 477
14 18 615
18 14 615
14 22 859
22 14 859
14 15 391
15 14 391
14 18 520
18 14 520
15 40 873
40 15 873
15 37 950
37 15 950
15 23 592
23 15 592
15 18 265
18 15 265
15 29 800
29 15 800
15 19 767
19 15 767
15 16 462
16 15 462
16 23 387
23 16 387
17 28 828
28 17 828
17 39 267
39 17 267
17 27 82
27 17 82
17 41 985
41 17 985
17 44 522
44 17 522
17 37 116
37 17 116
18 26 707
26 18 707
18 44 846
44 18 846
18 37 248
37 18 248
19 35 961
35 19 961
19 34 350
34 19 350
19 21 308
21 19 308
19 31 277
31 19 277
20 24 28
24 20 28
20 32 849
32 20 849
20 41 97
41 20 97
21 33 345
33 21 345
21 22 117
22 21 117
21 26 367
26 21 367
21 23 966
23 21 966
21 29 896
29 21 896
22 43 44
43 22 44
22 29 807
29 22 807
22 25 574
25 22 574
22 39 972
39 22 972
23 31 476
31 23 476
23 40 786
40 23 786
24 36 154
36 24 154
24 27 877
27 24 877
24 37 531
37 24 531
24 27 9
27 24 9
25 27 83
27 25 83
25 27 334
27 25 334
26 39 450
39 26 450
27 35 277
35 27 277
28 29 530
29 28 530
28 40 370
40 28 370
29 34 89
34 29 89
31 38 459
38 31 459
32 43 709
43 32 709
33 36 574
36 33 574
34 37 8
37 34 8
34 34 491
34 34 491
35 41 283
41 35 283
36 42 838
42 36 838
38 44 216
44 38 216
39 41 21
41 39 21
