53

0 1 225
1 0 225
0 2 309
2 0 309
0 6 66
6 0 66
0 8 834
8 0 834
0 9 567
9 0 567
0 13 346
13 0 346
0 22 271
22 0 271
0 19 813
19 0 813
0 34 429
34 0 429
0 34 508
34 0 508
0 24 667
24 0 667
0 10 945
10 0 945
0 24 543
24 0 543
0 40 254
40 0 254
0 38 896
38 0 896
0 46 626
46 0 626
0 6 86
6 0 86
0 31 729
31 0 729
0 44 788
44 0 788
0 48 861
48 0 861
0 29 535
29 0 535
0 1 890
1 0 890
0 33 468
33 0 468
0 1 711
1 0 711
0 39 658
39 0 658
0 46 520
46 0 520
0 18 897
18 0 897
0 45 855
45 0 855
0 19 888
19 0 888
0 46 770
46 0 770
0 47 781
47 0 781
0 27 353
27 0 353
0 20 586
20 0 586
0 47 711
47 0 711
0 22 473
22 0 473
0 9 834
9 0 834
0 18 704
18 0 704
1 4 435
4 1 435
1 7 460
7 1 460
1 14 569
14 1 569
1 32 475
32 1 475
1 12 666
12 1 666
1 13 588
13 1 588
1 44 826
44 1 826
1 32 989
32 1 989
1 43 602
43 1 602
1 11 407
11 1 407
1 4 316
4 1 316
1 31 828
31 1 828
1 8 908
8 1 908
1 20 124
20 1 124
1 31 359
31 1 359
1 22 378
22 1 378
1 11 4
11 1 4
1 40 849
40 1 849
1 19 358
19 1 358
1 1 332
1 1 332
1 23 934
23 1 934
1 34 225
34 1 225
1 20 455
20 1 455
2 3 724
3 2 724
2 15 736
15 2 736
2 20 849
20 2 849
2 21 237
21 2 237
2 23 968
23 2 968
2 22 316
22 2 316
2 11 154
11 2 154
2 34 142
34 2 142
2 48 67
48 2 67
2 11 478
11 2 478
2 37 1000
37 2 1000
2 38 549
38 2 549
2 19 884
19 2 884
2 21 698
21 2 698
2 21 221
21 2 221
2 21 290
21 2 290
2 27 466
27 2 466
2 15 931
15 2 931
2 4 322
4 2 322
2 35 896
35 2 896
2 46 493
46 2 493
2 8 130
8 2 130
2 45 667
45 2 667
2 47 155
47 2 155
2 24 818
24 2 818
2 28 70
28 2 70
2 13 72
13 2 72
2 52 852
52 2 852
2 18 121
18 2 121
2 42 103
42 2 103
2 35 828
35 2 828
3 12 727
12 3 727
3 16 89
16 3 89
3 22 5
22 3 5
3 15 991
15 3 991
3 50 959
50 3 959
3 11 814
11 3 814
3 20 262
20 3 262
3 46 368
46 3 368
3 5 619
5 3 619
3 36 186
36 3 186
3 26 270
26 3 270
3 3 335
3 3 335
3 22 964
22 3 964
3 12 693
12 3 693
3 12 267
12 3 267
3 44 885
44 3 885
3 11 98
11 3 98
3 18 316
18 3 316
3 37 250
37 3 250
3 52 650
52 3 650
3 23 739
23 3 739
3 26 286
26 3 286
3 29 856
29 3 856
3 14 211
14 3 211
4 5 326
5 4 326
4 18 89
18 4 89
4 51 379
51 4 379
4 24 711
24 4 711
4 19 1
19 4 1
4 41 121
41 4 121
4 42 857
42 4 857
4 25 618
25 4 618
4 46 754
46 4 754
4 52 878
52 4 878
4 31 128
31 4 128
4 28 46
28 4 46
4 40 435
40 4 435
4 19 938
19 4 938
4 13 981
13 4 981
4 13 942
13 4 942
4 32 334
32 4 334
4 36 181
36 4 181
4 4 637
4 4 637
4 29 952
29 4 952
4 23 918
23 4 918
4 18 747
18 4 747
4 35 865
35 4 865
4 21 14
21 4 14
5 10 879
10 5 879
5 18 79
18 5 79
5 34 550
34 5 550
5 10 799
10 5 799
5 23 505
23 5 505
5 49 149
49 5 149
5 41 205
41 5 205
5 51 474
51 5 474
5 47 976
47 5 976
5 48 256
48 5 256
5 27 481
27 5 481
5 9 688
9 5 688
5 26 606
26 5 606
5 46 421
46 5 421
5 19 477
19 5 477
5 28 819
28 5 819
5 12 640
12 5 640
5 5 707
5 5 707
5 34 57
34 5 57
5 7 49
7 5 49
5 36 310
36 5 310
5 52 425
52 5 425
5 14 221
14 5 221
5 25 788
25 5 788
5 45 637
45 5 637
5 10 157
10 5 157
5 39 284
39 5 284
5 19 14
19 5 14
6 23 772
23 6 772
6 26 58
26 6 58
6 51 40
51 6 40
6 18 420
18 6 420
6 24 357
24 6 357
6 10 935
10 6 935
6 16 766
16 6 766
6 9 419
9 6 419
6 51 361
51 6 361
6 26 813
26 6 813
6 23 209
23 6 209
6 31 830
31 6 830
6 29 637
29 6 637
6 47 92
47 6 92
6 28 213
28 6 213
6 15 772
15 6 772
6 24 864
24 6 864
6 46 529
46 6 529
6 27 759
27 6 759
6 33 427
33 6 427
6 42 767
42 6 767
6 11 206
11 6 206
6 8 85
8 6 85
6 36 43
36 6 43
6 37 475
37 6 475
6 40 677
40 6 677
6 30 385
30 6 385
6 41 410
41 6 410
6 20 577
20 6 577
6 11 270
11 6 270
6 18 931
18 6 931
6 42 216
42 6 216
6 29 182
29 6 182
6 45 846
45 6 846
6 44 74
44 6 74
6 42 574
42 6 574
7 41 561
41 7 561
7 41 264
41 7 264
7 31 107
31 7 107
7 28 973
28 7 973
7 38 827
38 7 827
7 19 193
19 7 193
7 52 761
52 7 761
7 51 516
51 7 516
7 44 436
44 7 436
7 33 871
33 7 871
7 21 626
21 7 626
7 22 215
22 7 215
7 13 903
13 7 903
7 38 370
38 7 370
7 11 606
11 7 606
7 9 760
9 7 760
7 9 715
9 7 715
7 41 171
41 7 171
7 23 80
23 7 80
7 24 2
24 7 2
7 20 624
20 7 624
7 17 406
17 7 406
7 9 830
9 7 830
7 41 44
41 7 44
7 47 706
47 7 706
7 19 957
19 7 957
7 18 515
18 7 515
8 19 867
19 8 867
8 39 506
39 8 506
8 48 316
48 8 316
8 11 241
11 8 241
8 29 760
29 8 760
8 46 425
46 8 425
8 19 921
19 8 921
8 48 94
48 8 94
8 10 603
10 8 603
8 29 509
29 8 509
8 27 537
27 8 537
8 22 465
22 8 465
8 14 997
14 8 997
8 19 593
19 8 593
8 24 922
24 8 922
8 38 183
38 8 183
8 47 936
47 8 936
8 40 444
40 8 444
8 11 597
11 8 597
8 12 300
12 8 300
8 45 62
45 8 62
8 44 199
44 8 199
8 18 741
18 8 741
8 29 95
29 8 95
8 18 42
18 8 42
8 47 555
47 8 555
8 19 716
19 8 716
8 26 330
26 8 330
8 44 830
44 8 830
9 11 180
11 9 180
9 30 223
30 9 223
9 43 764
43 9 764
9 49 257
49 9 257
9 41 34
41 9 34
9 27 573
27 9 573
9 23 590
23 9 590
9 37 261
37 9 261
9 37 607
37 9 607
9 36 760
36 9 760
9 16 3
16 9 3
9 30 502
30 9 502
9 20 162
20 9 162
9 42 215
42 9 215
9 29 103
29 9 103
9 33 5
33 9 5
9 52 481
52 9 481
9 37 464
37 9 464
9 45 815
45 9 815
9 40 996
40 9 996
9 50 686
50 9 686
9 28 432
28 9 432
9 47 576
47 9 576
9 20 761
20 9 761
9 14 515
14 9 515
9 44 878
44 9 878
9 19 335
19 9 335
9 31 778
31 9 778
9 13 775
13 9 775
9 17 996
17 9 996
9 10 413
10 9 413
9 16 653
16 9 653
9 12 552
12 9 552
9 51 988
51 9 988
10 27 30
27 10 30
10 47 394
47 10 394
10 37 572
37 10 572
10 36 30
36 10 30
10 23 331
23 10 331
10 15 695
15 10 695
10 34 892
34 10 892
10 22 242
22 10 242
10 26 204
26 10 204
10 52 627
52 10 627
10 19 532
19 10 532
10 43 734
43 10 734
10 29 963
29 10 963
10 25 446
25 10 446
10 34 975
34 10 975
10 40 655
40 10 655
10 36 396
36 10 396
10 41 903
41 10 903
10 52 724
52 10 724
10 29 834
29 10 834
10 41 923
41 10 923
10 15 283
15 10 283
10 18 278
18 10 278
10 41 656
41 10 656
10 31 641
31 10 641
10 11 399
11 10 399
10 23 318
23 10 318
10 40 970
40 10 970
11 50 80
50 11 80
11 23 350
23 11 350
11 22 388
22 11 388
11 16 839
16 11 839
11 44 85
44 11 85
11 46 927
46 11 927
11 42 659
42 11 659
11 35 236
35 11 236
11 28 79
28 11 79
11 14 555
14 11 555
11 23 965
23 11 965
11 25 766
25 11 766
11 52 593
52 11 593
11 26 124
26 11 124
11 45 195
45 11 195
11 34 842
34 11 842
11 26 177
26 11 177
11 49 214
49 11 214
11 45 273
45 11 273
11 25 677
25 11 677
11 29 949
29 11 949
11 45 654
45 11 654
11 39 510
39 11 510
11 46 146
46 11 146
11 35 469
35 11 469
12 14 919
14 12 919
12 38 224
38 12 224
12 20 571
20 12 571
12 22 230
22 12 230
12 13 435
13 12 435
12 41 516
41 12 516
12 31 335
31 12 335
12 14 576
14 12 576
12 12 949
12 12 949
12 15 859
15 12 859
12 32 986
32 12 986
12 19 823
19 12 823
12 26 156
26 12 156
12 13 908
13 12 908
12 29 587
29 12 587
12 16 689
16 12 689
12 39 61
39 12 61
12 24 454
24 12 454
12 24 938
24 12 938
12 35 692
35 12 692
12 35 670
35 12 670
12 14 101
14 12 101
12 27 337
27 12 337
12 12 955
12 12 955
12 24 715
24 12 715
12 50 616
50 12 616
12 45 940
45 12 940
13 17 954
17 13 954
13 42 609
42 13 609
13 23 364
23 13 364
13 23 11
23 13 11
13 26 130
26 13 130
13 20 177
20 13 177
13 24 246
24 13 246
13 39 685
39 13 685
13 42 388
42 13 388
13 33 494
33 13 494
13 37 540
37 13 540
13 20 226
20 13 226
13 45 586
45 13 586
13 29 714
29 13 714
13 41 191
41 13 191
13 46 296
46 13 296
13 51 873
51 13 873
13 51 784
51 13 784
13 34 819
34 13 819
13 40 236
40 13 236
13 40 774
40 13 774
13 33 94
33 13 94
13 20 83
20 13 83
13 35 650
35 13 650
13 21 392
21 13 392
13 13 722
13 13 722
13 41 488
41 13 488
14 24 718
24 14 718
14 31 837
31 14 837
14 47 623
47 14 623
14 38 386
38 14 386
14 32 812
32 14 812
14 17 770
17 14 770
14 14 492
14 14 492
14 32 721
32 14 721
14 34 932
34 14 932
14 50 457
50 14 457
14 29 646
29 14 646
14 14 797
14 14 797
14 20 984
20 14 984
14 32 310
32 14 310
14 48 891
48 14 891
14 52 996
52 14 996
14 21 651
21 14 651
14 23 638
23 14 638
14 15 159
15 14 159
14 36 183
36 14 183
14 50 63
50 14 63
14 18 732
18 14 732
14 37 352
37 14 352
15 29 867
29 15 867
15 29 719
29 15 719
15 44 165
44 15 165
15 26 290
26 15 290
15 35 189
35 15 189
15 41 915
41 15 915
15 45 419
45 15 419
15 45 818
45 15 818
15 41 480
41 15 480
15 20 780
20 15 780
15 23 49
23 15 49
15 16 277
16 15 277
15 33 294
33 15 294
15 52 706
52 15 706
15 20 855
20 15 855
15 32 410
32 15 410
15 51 303
51 15 303
15 30 854
30 15 854
15 16 668
16 15 668
15 52 745
52 15 745
15 34 462
34 15 462
15 34 806
34 15 806
15 42 450
42 15 450
16 34 796
34 16 796
16 48 802
48 16 802
16 43 884
43 16 884
16 51 890
51 16 890
16 20 848
20 16 848
16 41 233
41 16 233
16 30 321
30 16 321
16 37 444
37 16 444
16 33 7
33 16 7
16 17 292
17 16 292
16 38 747
38 16 747
16 20 251
20 16 251
16 32 991
32 16 991
16 17 239
17 16 239
16 47 562
47 16 562
16 29 976
29 16 976
16 45 403
45 16 403
17 19 66
19 17 66
17 49 640
49 17 640
17 20 70
20 17 70
17 50 765
50 17 765
17 28 245
28 17 245
17 40 551
40 17 551
17 30 931
30 17 931
17 45 177
45 17 177
17 33 268
33 17 268
17 30 568
30 17 568
17 21 188
21 17 188
17 37 105
37 17 105
17 51 160
51 17 160
17 42 183
42 17 183
17 29 97
29 17 97
18 37 627
37 18 627
18 49 484
49 18 484
18 44 584
44 18 584
18 41 494
41 18 494
18 48 384
48 18 384
18 41 203
41 18 203
18 25 944
25 18 944
18 29 943
29 18 943
18 37 28
37 18 28
18 48 161
48 18 161
18 31 33
31 18 33
18 18 449
18 18 449
18 45 436
45 18 436
18 47 525
47 18 525
18 29 805
29 18 805
18 37 364
37 18 364
18 21 3
21 18 3
18 20 341
20 18 341
18 19 673
19 18 673
18 43 997
43 18 997
18 23 408
23 18 408
18 30 829
30 18 829
19 48 626
48 19 626
19 20 994
20 19 994
19 43 54
43 19 54
19 44 651
44 19 651
19 39 965
39 19 965
19 19 51
19 19 51
19 40 920
40 19 920
19 40 336
40 19 336
19 42 297
42 19 297
19 44 378
44 19 378
19 33 876
33 19 876
19 44 90
44 19 90
19 41 56
41 19 56
20 22 213
22 20 213
20 33 263
33 20 263
20 24 52
24 20 52
20 25 350
25 20 350
20 43 450
43 20 450
20 25 997
25 20 997
20 50 680
50 20 680
20 47 771
47 20 771
20 52 52
52 20 52
20 40 916
40 20 916
20 44 882
44 20 882
20 49 701
49 20 701
20 46 82
46 20 82
20 26 353
26 20 353
20 46 840
46 20 840
20 30 514
30 20 514
20 47 339
47 20 339
20 49 310
49 20 310
20 49 453
49 20 453
20 27 983
27 20 983
20 40 792
40 20 792
20 31 900
31 20 900
20 46 309
46 20 309
21 35 474
35 21 474
21 36 958
36 21 958
21 41 987
41 21 987
21 24 255
24 21 255
21 51 50
51 21 50
21 26 334
26 21 334
21 52 933
52 21 933
21 22 777
22 21 777
21 47 978
47 21 978
21 25 297
25 21 297
21 49 47
49 21 47
21 39 205
39 21 205
21 44 50
44 21 50
21 25 400
25 21 400
21 22 401
22 21 401
21 34 155
34 21 155
21 47 376
47 21 376
21 34 365
34 21 365
22 42 697
42 22 697
22 38 925
38 22 925
22 51 912
51 22 912
22 30 208
30 22 208
22 42 368
42 22 368
22 30 290
30 22 290
22 29 737
29 22 737
22 48 327
48 22 327
22 44 461
44 22 461
22 41 138
41 22 138
22 38 173
38 22 173
22 26 39
26 22 39
22 35 756
35 22 756
22 39 903
39 22 903
22 28 189
28 22 189
22 40 928
40 22 928
22 30 432
30 22 432
22 47 453
47 22 453
23 40 128
40 23 128
23 39 73
39 23 73
23 41 101
41 23 101
23 43 536
43 23 536
23 46 345
46 23 345
23 42 754
42 23 754
23 37 242
37 23 242
23 36 801
36 23 801
23 28 296
28 23 296
23 44 677
44 23 677
23 41 968
41 23 968
23 34 977
34 23 977
23 52 990
52 23 990
23 32 147
32 23 147
23 28 725
28 23 725
23 39 300
39 23 300
24 25 724
25 24 724
24 29 994
29 24 994
24 25 965
25 24 965
24 28 277
28 24 277
24 34 143
34 24 143
24 41 659
41 24 659
24 24 941
24 24 941
24 25 433
25 24 433
24 47 215
47 24 215
24 39 671
39 24 671
24 44 380
44 24 380
24 31 462
31 24 462
24 49 421
49 24 421
24 34 414
34 24 414
24 26 576
26 24 576
24 37 930
37 24 930
24 31 210
31 24 210
24 49 521
49 24 521
25 28 736
28 25 736
25 39 758
39 25 758
25 51 953
51 25 953
25 32 764
32 25 764
25 44 589
44 25 589
25 35 438
35 25 438
25 26 263
26 25 263
25 43 748
43 25 748
25 48 887
48 25 887
25 48 189
48 25 189
25 35 328
35 25 328
25 37 182
37 25 182
25 51 619
51 25 619
26 26 724
26 26 724
26 37 581
37 26 581
26 40 713
40 26 713
26 33 706
33 26 706
26 38 149
38 26 149
26 32 961
32 26 961
26 52 867
52 26 867
26 51 338
51 26 338
26 32 641
32 26 641
26 29 28
29 26 28
26 37 96
37 26 96
26 40 72
40 26 72
26 46 637
46 26 637
26 39 897
39 26 897
26 39 866
39 26 866
26 51 929
51 26 929
26 41 671
41 26 671
26 34 7
34 26 7
26 30 351
30 26 351
26 38 787
38 26 787
26 39 903
39 26 903
27 45 598
45 27 598
27 51 228
51 27 228
27 43 817
43 27 817
27 29 866
29 27 866
27 49 511
49 27 511
27 28 31
28 27 31
27 42 976
42 27 976
27 50 972
50 27 972
27 40 363
40 27 363
27 49 314
49 27 314
27 42 5
42 27 5
27 36 153
36 27 153
27 50 638
50 27 638
27 47 947
47 27 947
27 31 93
31 27 93
27 40 772
40 27 772
27 49 337
49 27 337
27 49 382
49 27 382
28 33 390
33 28 390
28 38 871
38 28 871
28 34 586
34 28 586
28 44 628
44 28 628
28 47 903
47 28 903
28 43 556
43 28 556
28 48 882
48 28 882
28 43 740
43 28 740
28 48 392
48 28 392
28 48 611
48 28 611
28 31 714
31 28 714
28 39 458
39 28 458
28 38 344
38 28 344
28 30 428
30 28 428
29 41 104
41 29 104
29 46 127
46 29 127
29 30 488
30 29 488
29 51 861
51 29 861
29 36 86
36 29 86
29 29 916
29 29 916
29 33 917
33 29 917
29 31 414
31 29 414
30 44 778
44 30 778
30 51 83
51 30 83
30 45 316
45 30 316
30 40 785
40 30 785
30 34 107
34 30 107
30 36 567
36 30 567
30 33 719
33 30 719
30 52 159
52 30 159
30 47 607
47 30 607
30 37 177
37 30 177
30 33 121
33 30 121
30 36 921
36 30 921
30 47 610
47 30 610
30 40 248
40 30 248
30 40 926
40 30 926
30 44 398
44 30 398
30 32 830
32 30 830
30 51 937
51 30 937
30 40 915
40 30 915
31 37 565
37 31 565
31 44 650
44 31 650
31 39 815
39 31 815
31 38 353
38 31 353
31 33 734
33 31 734
31 37 433
37 31 433
31 35 328
35 31 328
32 34 859
34 32 859
32 51 154
51 32 154
32 45 117
45 32 117
32 44 654
44 32 654
32 33 244
33 32 244
32 37 964
37 32 964
32 47 847
47 32 847
32 41 339
41 32 339
32 52 174
52 32 174
32 39 701
39 32 701
33 40 381
40 33 381
33 36 895
36 33 895
33 42 890
42 33 890
33 41 858
41 33 858
33 39 640
39 33 640
33 49 550
49 33 550
33 51 843
51 33 843
33 38 365
38 33 365
33 38 786
38 33 786
33 38 170
38 33 170
33 49 529
49 33 529
33 46 977
46 33 977
33 45 390
45 33 390
33 44 354
44 33 354
33 36 16
36 33 16
34 52 595
52 34 595
34 46 306
46 34 306
34 52 206
52 34 206
34 40 971
40 34 971
34 51 555
51 34 555
34 48 59
48 34 59
34 46 447
46 34 447
34 44 805
44 34 805
34 46 165
46 34 165
35 51 570
51 35 570
35 36 854
36 35 854
35 37 365
37 35 365
35 35 990
35 35 990
35 43 457
43 35 457
35 36 849
36 35 849
35 38 381
38 35 381
35 42 356
42 35 356
35 39 994
39 35 994
35 46 219
46 35 219
35 48 223
48 35 223
35 46 398
46 35 398
35 43 251
43 35 251
36 48 883
48 36 883
36 51 175
51 36 175
36 48 480
48 36 480
36 49 90
49 36 90
36 39 119
39 36 119
36 41 630
41 36 630
36 50 233
50 36 233
36 52 458
52 36 458
36 44 16
44 36 16
36 41 167
41 36 167
36 48 559
48 36 559
36 39 652
39 36 652
36 48 471
48 36 471
36 50 615
50 36 615
36 45 569
45 36 569
36 39 729
39 36 729
37 40 862
40 37 862
37 38 607
38 37 607
37 45 15
45 37 15
37 39 865
39 37 865
37 43 436
43 37 436
37 49 833
49 37 833
38 42 867
42 38 867
38 47 338
47 38 338
38 41 220
41 38 220
38 38 314
38 38 314
38 38 513
38 38 513
38 46 910
46 38 910
38 49 558
49 38 558
38 47 613
47 38 613
38 44 858
44 38 858
39 42 973
42 39 973
39 44 994
44 39 994
40 50 955
50 40 955
40 41 812
41 40 812
40 44 815
44 40 815
40 45 509
45 40 509
40 47 378
47 40 378
40 45 739
45 40 739
40 43 76
43 40 76
41 49 56
49 41 56
41 46 380
46 41 380
41 48 563
48 41 563
41 51 9
51 41 9
42 45 18
45 42 18
42 43 740
43 42 740
42 51 125
51 42 125
43 46 824
46 43 824
43 47 28
47 43 28
43 44 916
44 43 916
43 51 242
51 43 242
44 49 754
49 44 754
44 51 956
51 44 956
44 49 709
49 44 709
44 45 808
45 44 808
44 46 474
46 44 474
45 49 860
49 45 860
45 50 734
50 45 734
45 51 158
51 45 158
47 47 533
47 47 533
47 52 251
52 47 251
48 51 758
51 48 758
48 50 909
50 48 909
48 51 332
51 48 332
50 51 865
51 50 865
51 52 25
52 51 25
51 51 729
51 51 729
