58

0 1 22
1 0 22
0 32 65
32 0 65
0 56 257
56 0 257
0 43 555
43 0 555
0 36 39
36 0 39
0 42 591
42 0 591
0 55 771
55 0 771
0 30 618
30 0 618
0 34 779
34 0 779
0 50 697
50 0 697
0 41 285
41 0 285
0 24 52
24 0 52
0 13 208
13 0 208
0 35 825
35 0 825
0 30 736
30 0 736
0 37 5
37 0 5
0 12 575
12 0 575
0 4 27
4 0 27
0 42 550
42 0 550
0 32 957
32 0 957
0 40 385
40 0 385
0 24 280
24 0 280
0 47 517
47 0 517
0 6 679
6 0 679
0 38 807
38 0 807
0 13 122
13 0 122
0 2 299
2 0 299
0 36 141
36 0 141
1 2 34
2 1 34
1 3 622
3 1 622
1 4 332
4 1 332
1 5 758
5 1 758
1 8 27
8 1 27
1 26 302
26 1 302
1 35 495
35 1 495
1 52 611
52 1 611
1 25 644
25 1 644
1 44 292
44 1 292
1 41 908
41 1 908
1 14 524
14 1 524
1 8 959
8 1 959
1 30 836
30 1 836
1 25 976
25 1 976
1 44 915
44 1 915
1 33 872
33 1 872
1 26 622
26 1 622
1 8 911
8 1 911
1 9 891
9 1 891
1 3 392
3 1 392
1 38 137
38 1 137
1 22 826
22 1 826
1 21 78
21 1 78
1 31 59
31 1 59
1 22 930
22 1 930
1 9 420
9 1 420
1 5 563
5 1 563
1 28 723
28 1 723
1 40 189
40 1 189
2 6 559
6 2 559
2 14 113
14 2 113
2 25 511
25 2 511
2 27 875
27 2 875
2 10 199
10 2 199
2 7 392
7 2 392
2 6 166
6 2 166
2 55 657
55 2 657
2 23 418
23 2 418
2 39 877
39 2 877
2 37 21
37 2 21
2 4 124
4 2 124
2 3 635
3 2 635
2 11 814
11 2 814
2 23 347
23 2 347
2 7 383
7 2 383
2 43 351
43 2 351
2 55 389
55 2 389
2 3 569
3 2 569
2 8 459
8 2 459
2 5 952
5 2 952
2 49 811
49 2 811
2 53 76
53 2 76
2 29 368
29 2 368
2 11 639
11 2 639
2 6 810
6 2 810
2 12 576
12 2 576
2 15 389
15 2 389
2 18 401
18 2 401
2 42 253
42 2 253
2 33 728
33 2 728
2 34 456
34 2 456
2 12 99
12 2 99
2 26 445
26 2 445
3 55 737
55 3 737
3 47 593
47 3 593
3 27 276
27 3 276
3 6 101
6 3 101
3 34 330
34 3 330
3 52 649
52 3 649
3 22 18
22 3 18
3 7 333
7 3 333
3 41 371
41 3 371
3 40 654
40 3 654
3 52 666
52 3 666
3 31 786
31 3 786
3 57 265
57 3 265
3 30 752
30 3 752
3 55 333
55 3 333
3 8 813
8 3 813
3 6 598
6 3 598
3 39 980
39 3 980
3 24 411
24 3 411
3 32 575
32 3 575
3 53 770
53 3 770
3 50 789
50 3 789
3 42 826
42 3 826
3 31 728
31 3 728
3 14 795
14 3 795
3 21 96
21 3 96
3 19 663
19 3 663
3 41 190
41 3 190
3 26 611
26 3 611
3 6 948
6 3 948
3 56 224
56 3 224
3 51 330
51 3 330
3 52 480
52 3 480
4 18 116
18 4 116
4 39 596
39 4 596
4 12 457
12 4 457
4 26 559
26 4 559
4 47 597
47 4 597
4 13 895
13 4 895
4 41 624
41 4 624
4 28 643
28 4 643
4 43 910
43 4 910
4 15 664
15 4 664
4 21 192
21 4 192
4 14 305
14 4 305
4 27 270
27 4 270
4 12 763
12 4 763
4 40 539
40 4 539
4 27 935
27 4 935
4 41 881
41 4 881
4 18 659
18 4 659
4 28 791
28 4 791
4 53 33
53 4 33
4 17 847
17 4 847
4 17 783
17 4 783
4 52 743
52 4 743
4 5 987
5 4 987
4 13 68
13 4 68
4 18 285
18 4 285
4 56 739
56 4 739
5 10 618
10 5 618
5 13 898
13 5 898
5 29 922
29 5 922
5 51 820
51 5 820
5 29 500
29 5 500
5 33 167
33 5 167
5 47 614
47 5 614
5 5 961
5 5 961
5 16 798
16 5 798
5 29 481
29 5 481
5 15 228
15 5 228
5 34 430
34 5 430
5 30 39
30 5 39
5 57 711
57 5 711
5 10 624
10 5 624
5 50 292
50 5 292
5 44 654
44 5 654
5 26 826
26 5 826
5 45 54
45 5 54
5 28 60
28 5 60
5 55 326
55 5 326
5 22 261
22 5 261
5 54 42
54 5 42
5 42 69
42 5 69
5 22 601
22 5 601
5 38 75
38 5 75
5 20 976
20 5 976
5 53 605
53 5 605
6 7 380
7 6 380
6 9 237
9 6 237
6 21 774
21 6 774
6 30 990
30 6 990
6 49 422
49 6 422
6 57 65
57 6 65
6 52 519
52 6 519
6 29 481
29 6 481
6 17 57
17 6 57
6 20 318
20 6 318
6 47 908
47 6 908
6 50 288
50 6 288
6 44 773
44 6 773
6 36 636
36 6 636
6 9 7
9 6 7
6 45 310
45 6 310
6 15 634
15 6 634
6 51 807
51 6 807
6 12 610
12 6 610
6 16 114
16 6 114
6 25 999
25 6 999
6 10 550
10 6 550
6 53 865
53 6 865
6 24 797
24 6 797
6 21 634
21 6 634
6 20 633
20 6 633
6 54 616
54 6 616
6 50 229
50 6 229
6 18 731
18 6 731
6 29 141
29 6 141
6 22 596
22 6 596
6 22 945
22 6 945
6 13 763
13 6 763
7 19 804
19 7 804
7 24 22
24 7 22
7 32 100
32 7 100
7 41 479
41 7 479
7 52 931
52 7 931
7 25 318
25 7 318
7 22 310
22 7 310
7 52 75
52 7 75
7 36 38
36 7 38
7 34 382
34 7 382
7 42 886
42 7 886
7 27 184
27 7 184
7 39 442
39 7 442
7 10 330
10 7 330
7 42 967
42 7 967
7 23 221
23 7 221
7 14 403
14 7 403
7 41 130
41 7 130
7 26 837
26 7 837
7 27 771
27 7 771
7 39 82
39 7 82
8 11 688
11 8 688
8 41 336
41 8 336
8 43 12
43 8 12
8 54 675
54 8 675
8 26 323
26 8 323
8 45 231
45 8 231
8 47 634
47 8 634
8 18 169
18 8 169
8 51 467
51 8 467
8 47 520
47 8 520
8 35 462
35 8 462
8 8 312
8 8 312
8 10 938
10 8 938
8 35 753
35 8 753
8 50 999
50 8 999
8 17 383
17 8 383
8 49 360
49 8 360
8 41 57
41 8 57
8 10 601
10 8 601
8 13 794
13 8 794
8 39 778
39 8 778
8 33 757
33 8 757
8 16 12
16 8 12
8 35 587
35 8 587
8 34 142
34 8 142
8 41 736
41 8 736
8 47 452
47 8 452
8 47 576
47 8 576
8 29 35
29 8 35
8 35 206
35 8 206
8 43 484
43 8 484
9 15 390
15 9 390
9 22 67
22 9 67
9 36 547
36 9 547
9 47 948
47 9 948
9 54 993
54 9 993
9 56 672
56 9 672
9 38 43
38 9 43
9 33 360
33 9 360
9 39 885
39 9 885
9 26 924
26 9 924
9 55 901
55 9 901
9 56 419
56 9 419
9 12 728
12 9 728
9 56 55
56 9 55
9 44 266
44 9 266
9 33 427
33 9 427
9 20 906
20 9 906
9 18 712
18 9 712
9 24 1
24 9 1
9 25 553
25 9 553
9 36 129
36 9 129
9 23 666
23 9 666
9 40 103
40 9 103
9 20 844
20 9 844
9 35 525
35 9 525
9 25 621
25 9 621
9 37 292
37 9 292
9 35 490
35 9 490
9 48 129
48 9 129
9 57 809
57 9 809
9 29 796
29 9 796
9 34 107
34 9 107
10 12 860
12 10 860
10 23 355
23 10 355
10 17 268
17 10 268
10 40 351
40 10 351
10 49 359
49 10 359
10 44 20
44 10 20
10 20 903
20 10 903
10 30 33
30 10 33
10 57 628
57 10 628
10 23 78
23 10 78
10 16 317
16 10 317
10 29 790
29 10 790
10 32 950
32 10 950
10 51 339
51 10 339
10 17 391
17 10 391
10 26 178
26 10 178
10 27 353
27 10 353
10 57 168
57 10 168
10 44 149
44 10 149
10 30 387
30 10 387
10 24 902
24 10 902
10 10 67
10 10 67
10 46 589
46 10 589
10 13 139
13 10 139
10 27 455
27 10 455
10 16 595
16 10 595
10 47 665
47 10 665
11 31 13
31 11 13
11 24 431
24 11 431
11 36 266
36 11 266
11 19 47
19 11 47
11 28 316
28 11 316
11 18 309
18 11 309
11 35 24
35 11 24
11 28 428
28 11 428
11 37 458
37 11 458
11 48 46
48 11 46
11 21 219
21 11 219
11 47 60
47 11 60
11 14 869
14 11 869
11 40 694
40 11 694
11 30 439
30 11 439
11 54 959
54 11 959
11 40 669
40 11 669
11 21 10
21 11 10
11 13 918
13 11 918
11 43 319
43 11 319
11 55 523
55 11 523
11 45 902
45 11 902
11 21 232
21 11 232
11 44 773
44 11 773
11 44 521
44 11 521
11 14 821
14 11 821
12 38 797
38 12 797
12 21 517
21 12 517
12 54 234
54 12 234
12 23 952
23 12 952
12 31 481
31 12 481
12 39 767
39 12 767
12 16 673
16 12 673
12 42 699
42 12 699
12 36 926
36 12 926
12 27 580
27 12 580
12 31 428
31 12 428
12 43 712
43 12 712
12 44 919
44 12 919
12 42 925
42 12 925
12 48 964
48 12 964
12 30 790
30 12 790
12 13 322
13 12 322
12 55 91
55 12 91
13 20 792
20 13 792
13 44 809
44 13 809
13 18 965
18 13 965
13 14 549
14 13 549
13 15 860
15 13 860
13 45 867
45 13 867
13 35 668
35 13 668
13 21 860
21 13 860
13 29 228
29 13 228
13 48 233
48 13 233
13 33 865
33 13 865
13 26 763
26 13 763
13 37 652
37 13 652
13 54 129
54 13 129
13 25 164
25 13 164
13 46 515
46 13 515
13 52 957
52 13 957
13 16 3
16 13 3
13 51 81
51 13 81
14 40 894
40 14 894
14 52 424
52 14 424
14 31 603
31 14 603
14 15 224
15 14 224
14 43 517
43 14 517
14 21 49
21 14 49
14 39 69
39 14 69
14 28 202
28 14 202
14 23 295
23 14 295
14 16 368
16 14 368
14 53 414
53 14 414
14 28 300
28 14 300
14 47 494
47 14 494
14 23 648
23 14 648
14 17 406
17 14 406
14 51 566
51 14 566
14 40 130
40 14 130
14 45 167
45 14 167
14 31 910
31 14 910
14 55 197
55 14 197
14 27 352
27 14 352
14 35 775
35 14 775
14 22 544
22 14 544
14 53 321
53 14 321
14 46 412
46 14 412
15 16 341
16 15 341
15 17 494
17 15 494
15 33 146
33 15 146
15 38 160
38 15 160
15 52 619
52 15 619
15 27 518
27 15 518
15 23 588
23 15 588
15 28 242
28 15 242
15 32 154
32 15 154
15 47 337
47 15 337
15 28 633
28 15 633
15 16 768
16 15 768
15 56 420
56 15 420
15 40 154
40 15 154
15 35 884
35 15 884
15 54 703
54 15 703
15 44 190
44 15 190
15 20 654
20 15 654
15 53 842
53 15 842
15 35 618
35 15 618
15 50 772
50 15 772
15 48 40
48 15 40
16 23 102
23 16 102
16 35 160
35 16 160
16 57 722
57 16 722
16 22 379
22 16 379
16 56 641
56 16 641
16 27 118
27 16 118
16 52 83
52 16 83
16 48 784
48 16 784
16 48 239
48 16 239
16 16 985
16 16 985
16 36 410
36 16 410
16 45 964
45 16 964
16 54 998
54 16 998
16 34 335
34 16 335
16 42 405
42 16 405
16 42 702
42 16 702
16 20 241
20 16 241
16 21 880
21 16 880
16 28 984
28 16 984
16 18 996
18 16 996
16 47 388
47 16 388
16 34 7
34 16 7
16 47 160
47 16 160
16 54 871
54 16 871
16 46 486
46 16 486
16 34 593
34 16 593
16 29 536
29 16 536
16 23 118
23 16 118
16 45 551
45 16 551
16 49 540
49 16 540
16 36 679
36 16 679
16 55 408
55 16 408
17 40 151
40 17 151
17 40 236
40 17 236
17 29 826
29 17 826
17 49 222
49 17 222
17 45 48
45 17 48
17 21 539
21 17 539
17 47 958
47 17 958
17 37 497
37 17 497
17 26 78
26 17 78
17 44 373
44 17 373
17 20 312
20 17 312
17 37 792
37 17 792
17 41 523
41 17 523
17 51 668
51 17 668
17 54 409
54 17 409
17 18 827
18 17 827
17 54 432
54 17 432
17 51 421
51 17 421
17 26 56
26 17 56
17 22 819
22 17 819
17 25 257
25 17 257
17 21 874
21 17 874
17 37 226
37 17 226
17 20 59
20 17 59
17 26 621
26 17 621
17 49 209
49 17 209
18 48 935
48 18 935
18 53 376
53 18 376
18 55 257
55 18 257
18 48 886
48 18 886
18 55 301
55 18 301
18 39 315
39 18 315
18 21 846
21 18 846
18 22 203
22 18 203
18 43 516
43 18 516
18 48 80
48 18 80
18 29 297
29 18 297
18 47 39
47 18 39
18 57 119
57 18 119
18 54 111
54 18 111
18 57 545
57 18 545
19 39 609
39 19 609
19 39 490
39 19 490
19 28 390
28 19 390
19 33 379
33 19 379
19 51 698
51 19 698
19 51 960
51 19 960
19 50 201
50 19 201
19 34 610
34 19 610
19 38 164
38 19 164
19 37 954
37 19 954
19 36 828
36 19 828
19 39 752
39 19 752
19 53 744
53 19 744
19 33 525
33 19 525
19 25 806
25 19 806
19 51 338
51 19 338
19 26 242
26 19 242
20 27 276
27 20 276
20 28 761
28 20 761
20 35 408
35 20 408
20 29 359
29 20 359
20 52 985
52 20 985
20 25 831
25 20 831
20 23 921
23 20 921
20 38 136
38 20 136
20 52 423
52 20 423
20 38 456
38 20 456
20 45 420
45 20 420
20 56 243
56 20 243
20 29 557
29 20 557
20 46 638
46 20 638
20 35 80
35 20 80
20 29 79
29 20 79
20 48 314
48 20 314
20 25 915
25 20 915
20 50 293
50 20 293
20 35 979
35 20 979
20 45 280
45 20 280
20 36 896
36 20 896
20 33 633
33 20 633
20 56 682
56 20 682
20 36 813
36 20 813
21 37 685
37 21 685
21 28 636
28 21 636
21 45 294
45 21 294
21 34 420
34 21 420
21 31 910
31 21 910
21 41 724
41 21 724
21 30 528
30 21 528
21 51 408
51 21 408
21 24 910
24 21 910
21 41 584
41 21 584
21 31 888
31 21 888
21 24 532
24 21 532
21 56 691
56 21 691
21 23 574
23 21 574
21 24 823
24 21 823
21 40 863
40 21 863
21 23 501
23 21 501
22 43 917
43 22 917
22 24 143
24 22 143
22 36 264
36 22 264
22 31 665
31 22 665
22 27 775
27 22 775
22 44 648
44 22 648
22 55 523
55 22 523
22 33 345
33 22 345
22 37 936
37 22 936
22 51 750
51 22 750
22 50 619
50 22 619
22 43 148
43 22 148
22 57 13
57 22 13
22 45 148
45 22 148
22 39 984
39 22 984
22 27 128
27 22 128
22 27 830
27 22 830
23 25 558
25 23 558
23 53 50
53 23 50
23 42 588
42 23 588
23 37 579
37 23 579
23 41 641
41 23 641
23 54 125
54 23 125
23 38 385
38 23 385
23 55 820
55 23 820
23 32 797
32 23 797
23 27 893
27 23 893
23 41 673
41 23 673
23 50 355
50 23 355
23 38 73
38 23 73
23 40 307
40 23 307
23 42 162
42 23 162
23 56 965
56 23 965
23 42 507
42 23 507
23 41 564
41 23 564
23 56 253
56 23 253
23 27 853
27 23 853
23 29 796
29 23 796
23 24 509
24 23 509
23 50 621
50 23 621
23 31 775
31 23 775
24 42 182
42 24 182
24 32 997
32 24 997
24 28 758
28 24 758
24 53 298
53 24 298
24 51 35
51 24 35
24 30 681
30 24 681
24 38 98
38 24 98
24 28 360
28 24 360
24 52 34
52 24 34
24 37 195
37 24 195
24 44 339
44 24 339
24 43 151
43 24 151
24 46 194
46 24 194
24 33 785
33 24 785
24 52 155
52 24 155
24 45 766
45 24 766
24 56 259
56 24 259
24 53 762
53 24 762
25 55 853
55 25 853
25 49 357
49 25 357
25 42 80
42 25 80
25 40 215
40 25 215
25 41 407
41 25 407
25 34 213
34 25 213
25 32 265
32 25 265
25 42 623
42 25 623
25 49 563
49 25 563
25 27 596
27 25 596
25 29 963
29 25 963
25 48 155
48 25 155
25 55 187
55 25 187
25 47 835
47 25 835
25 41 225
41 25 225
25 28 699
28 25 699
26 36 98
36 26 98
26 36 424
36 26 424
26 34 365
34 26 365
26 55 89
55 26 89
26 36 883
36 26 883
26 39 9
39 26 9
26 31 535
31 26 535
26 34 818
34 26 818
26 34 790
34 26 790
26 55 405
55 26 405
26 43 975
43 26 975
26 50 404
50 26 404
26 45 265
45 26 265
26 42 115
42 26 115
26 45 672
45 26 672
26 46 174
46 26 174
26 33 377
33 26 377
27 28 502
28 27 502
27 46 914
46 27 914
27 32 528
32 27 528
27 55 443
55 27 443
27 44 204
44 27 204
27 38 602
38 27 602
27 53 256
53 27 256
27 44 629
44 27 629
27 50 468
50 27 468
27 35 468
35 27 468
27 32 620
32 27 620
27 28 397
28 27 397
27 35 15
35 27 15
27 47 947
47 27 947
27 43 944
43 27 944
27 29 326
29 27 326
27 34 664
34 27 664
27 49 322
49 27 322
27 30 837
30 27 837
27 45 293
45 27 293
28 54 487
54 28 487
28 50 581
50 28 581
28 32 613
32 28 613
28 44 708
44 28 708
28 31 73
31 28 73
28 36 266
36 28 266
28 31 447
31 28 447
28 46 77
46 28 77
28 33 534
33 28 534
29 41 87
41 29 87
29 50 362
50 29 362
29 56 628
56 29 628
29 35 462
35 29 462
29 31 362
31 29 362
29 48 305
48 29 305
29 30 683
30 29 683
29 51 982
51 29 982
29 31 105
31 29 105
29 35 933
35 29 933
29 52 998
52 29 998
29 46 464
46 29 464
29 53 112
53 29 112
29 40 775
40 29 775
29 43 394
43 29 394
29 41 363
41 29 363
30 45 671
45 30 671
30 41 263
41 30 263
30 40 82
40 30 82
30 47 328
47 30 328
30 48 589
48 30 589
30 41 21
41 30 21
30 55 856
55 30 856
30 31 419
31 30 419
30 55 490
55 30 490
30 49 260
49 30 260
30 40 71
40 30 71
30 37 932
37 30 932
30 53 746
53 30 746
30 54 113
54 30 113
30 37 329
37 30 329
30 53 353
53 30 353
30 41 463
41 30 463
30 38 74
38 30 74
30 54 570
54 30 570
30 46 114
46 30 114
31 42 876
42 31 876
31 46 130
46 31 130
31 52 649
52 31 649
31 32 355
32 31 355
31 46 549
46 31 549
31 52 75
52 31 75
31 48 254
48 31 254
31 35 486
35 31 486
31 32 943
32 31 943
31 31 931
31 31 931
31 33 906
33 31 906
31 57 201
57 31 201
31 42 267
42 31 267
31 53 833
53 31 833
31 54 708
54 31 708
31 44 317
44 31 317
32 34 765
34 32 765
32 41 782
41 32 782
32 45 220
45 32 220
32 45 284
45 32 284
32 36 973
36 32 973
32 52 594
52 32 594
32 36 559
36 32 559
32 37 901
37 32 901
32 36 526
36 32 526
32 36 733
36 32 733
32 36 835
36 32 835
32 38 313
38 32 313
32 50 882
50 32 882
32 40 458
40 32 458
32 56 458
56 32 458
32 57 604
57 32 604
32 46 505
46 32 505
32 49 621
49 32 621
32 51 369
51 32 369
32 57 192
57 32 192
32 52 321
52 32 321
32 46 22
46 32 22
33 53 602
53 33 602
33 45 478
45 33 478
33 33 995
33 33 995
33 43 176
43 33 176
33 33 981
33 33 981
33 57 245
57 33 245
33 57 421
57 33 421
33 54 565
54 33 565
33 50 724
50 33 724
33 36 177
36 33 177
33 50 235
50 33 235
33 33 618
33 33 618
33 51 543
51 33 543
34 37 514
37 34 514
34 57 296
57 34 296
34 55 140
55 34 140
34 38 453
38 34 453
34 45 752
45 34 752
34 57 12
57 34 12
34 37 159
37 34 159
34 48 518
48 34 518
34 40 151
40 34 151
34 45 827
45 34 827
34 47 177
47 34 177
34 34 566
34 34 566
34 45 34
45 34 34
35 36 730
36 35 730
35 53 712
53 35 712
35 35 931
35 35 931
35 56 906
56 35 906
35 55 734
55 35 734
35 43 786
43 35 786
35 35 333
35 35 333
35 42 862
42 35 862
35 49 445
49 35 445
35 38 637
38 35 637
35 54 279
54 35 279
35 36 932
36 35 932
35 38 62
38 35 62
36 54 977
54 36 977
36 48 425
48 36 425
36 51 394
51 36 394
36 44 86
44 36 86
36 50 331
50 36 331
36 50 279
50 36 279
36 44 207
44 36 207
36 50 688
50 36 688
36 56 324
56 36 324
36 48 485
48 36 485
36 51 602
51 36 602
36 45 724
45 36 724
37 48 667
48 37 667
37 51 139
51 37 139
37 56 156
56 37 156
37 46 456
46 37 456
37 55 819
55 37 819
37 39 95
39 37 95
37 56 600
56 37 600
37 55 53
55 37 53
37 55 236
55 37 236
38 39 95
39 38 95
38 39 758
39 38 758
38 52 187
52 38 187
38 39 874
39 38 874
38 51 322
51 38 322
38 47 511
47 38 511
38 57 24
57 38 24
38 46 802
46 38 802
38 52 701
52 38 701
38 50 124
50 38 124
38 50 62
50 38 62
39 54 434
54 39 434
39 44 158
44 39 158
39 40 760
40 39 760
39 46 705
46 39 705
39 46 425
46 39 425
39 40 63
40 39 63
39 41 559
41 39 559
39 40 436
40 39 436
39 52 499
52 39 499
40 56 863
56 40 863
40 46 47
46 40 47
40 45 391
45 40 391
40 56 136
56 40 136
40 56 780
56 40 780
40 52 908
52 40 908
40 40 626
40 40 626
40 40 154
40 40 154
40 57 96
57 40 96
40 54 56
54 40 56
40 51 509
51 40 509
40 55 649
55 40 649
40 47 524
47 40 524
41 50 135
50 41 135
41 56 885
56 41 885
41 48 682
48 41 682
41 57 893
57 41 893
41 47 922
47 41 922
42 47 404
47 42 404
42 55 792
55 42 792
42 44 798
44 42 798
42 46 632
46 42 632
42 49 813
49 42 813
42 57 660
57 42 660
42 52 867
52 42 867
42 46 542
46 42 542
42 51 195
51 42 195
42 56 844
56 42 844
43 44 807
44 43 807
43 56 82
56 43 82
43 56 256
56 43 256
43 44 396
44 43 396
43 56 200
56 43 200
43 56 50
56 43 50
43 52 579
52 43 579
43 53 282
53 43 282
43 49 8
49 43 8
43 54 210
54 43 210
43 47 9
47 43 9
43 44 394
44 43 394
44 57 635
57 44 635
44 44 683
44 44 683
44 57 268
57 44 268
44 57 882
57 44 882
44 47 253
47 44 253
45 50 765
50 45 765
45 55 667
55 45 667
45 54 310
54 45 310
45 53 440
53 45 440
46 51 6
51 46 6
46 49 330
49 46 330
46 50 295
50 46 295
46 54 752
54 46 752
46 53 466
53 46 466
46 51 164
51 46 164
46 55 877
55 46 877
46 48 192
48 46 192
46 50 899
50 46 899
46 50 903
50 46 903
47 54 587
54 47 587
47 57 266
57 47 266
47 53 620
53 47 620
47 52 280
52 47 280
48 54 382
54 48 382
48 51 208
51 48 208
48 56 550
56 48 550
48 54 536
54 48 536
48 55 872
55 48 872
49 56 470
56 49 470
49 50 85
50 49 85
49 53 992
53 49 992
49 51 964
51 49 964
49 53 208
53 49 208
50 56 969
56 50 969
50 55 969
55 50 969
50 55 37
55 50 37
50 52 272
52 50 272
50 54 703
54 50 703
51 55 256
55 51 256
51 51 288
51 51 288
51 51 927
51 51 927
51 54 690
54 51 690
51 57 924
57 51 924
52 55 904
55 52 904
52 57 655
57 52 655
53 54 683
54 53 683
54 56 794
56 54 794
54 55 530
55 54 530
54 54 376
54 54 376
55 56 41
56 55 41
55 56 493
56 55 493
55 57 117
57 55 117
