25

0 1 405
1 0 405
0 2 527
2 0 527
0 5 334
5 0 334
0 7 891
7 0 891
0 9 242
9 0 242
0 20 649
20 0 649
0 22 603
22 0 603
0 9 563
9 0 563
0 19 954
19 0 954
0 12 451
12 0 451
0 22 449
22 0 449
0 20 553
20 0 553
0 15 516
15 0 516
0 15 514
15 0 514
0 7 369
7 0 369
0 17 885
17 0 885
0 2 487
2 0 487
0 24 676
24 0 676
0 3 860
3 0 860
0 4 327
4 0 327
0 16 869
16 0 869
1 3 297
3 1 297
1 6 902
6 1 902
1 16 187
16 1 187
1 22 645
22 1 645
1 6 240
6 1 240
1 11 986
11 1 986
1 19 779
19 1 779
1 10 254
10 1 254
1 9 702
9 1 702
1 2 171
2 1 171
1 4 303
4 1 303
1 14 53
14 1 53
1 12 649
12 1 649
1 21 823
21 1 823
1 20 885
20 1 885
1 22 983
22 1 983
1 11 854
11 1 854
1 14 382
14 1 382
2 8 30
8 2 30
2 7 174
7 2 174
2 19 465
19 2 465
2 9 156
9 2 156
2 13 705
13 2 705
2 8 529
8 2 529
2 20 241
20 2 241
2 21 587
21 2 587
2 6 287
6 2 287
2 13 253
13 2 253
2 19 239
19 2 239
2 3 25
3 2 25
2 6 545
6 2 545
2 12 498
12 2 498
2 7 740
7 2 740
2 3 16
3 2 16
2 9 109
9 2 109
3 4 284
4 3 284
3 11 576
11 3 576
3 4 286
4 3 286
3 6 721
6 3 721
3 10 780
10 3 780
3 5 279
5 3 279
3 13 795
13 3 795
3 10 502
10 3 502
3 16 668
16 3 668
3 6 567
6 3 567
3 8 999
8 3 999
3 13 331
13 3 331
3 15 959
15 3 959
4 13 578
13 4 578
4 14 26
14 4 26
4 7 836
7 4 836
4 9 841
9 4 841
4 5 579
5 4 579
4 12 951
12 4 951
4 20 949
20 4 949
4 17 881
17 4 881
4 23 559
23 4 559
4 24 556
24 4 556
4 15 390
15 4 390
4 10 782
10 4 782
4 12 680
12 4 680
4 5 619
5 4 619
4 19 960
19 4 960
4 22 614
22 4 614
4 20 941
20 4 941
4 9 449
9 4 449
5 10 376
10 5 376
5 15 716
15 5 716
5 17 964
17 5 964
5 15 171
15 5 171
5 9 115
9 5 115
5 23 165
23 5 165
5 7 760
7 5 760
5 21 255
21 5 255
5 15 542
15 5 542
5 19 822
19 5 822
5 19 406
19 5 406
5 23 839
23 5 839
5 8 788
8 5 788
5 13 41
13 5 41
5 7 366
7 5 366
6 24 645
24 6 645
6 18 867
18 6 867
6 16 719
16 6 719
6 8 450
8 6 450
6 19 710
19 6 710
6 20 529
20 6 529
6 7 2
7 6 2
6 11 949
11 6 949
6 11 310
11 6 310
7 17 669
17 7 669
7 19 701
19 7 701
7 13 557
13 7 557
7 12 58
12 7 58
7 8 653
8 7 653
7 8 328
8 7 328
7 14 165
14 7 165
7 11 652
11 7 652
7 10 811
10 7 811
8 12 44
12 8 44
8 18 499
18 8 499
8 20 562
20 8 562
8 23 20
23 8 20
8 23 441
23 8 441
8 10 742
10 8 742
8 19 995
19 8 995
8 10 314
10 8 314
8 10 4
10 8 4
8 8 411
8 8 411
8 17 907
17 8 907
8 13 375
13 8 375
9 24 974
24 9 974
9 12 325
12 9 325
9 18 319
18 9 319
9 15 900
15 9 900
9 20 403
20 9 403
9 24 560
24 9 560
9 12 167
12 9 167
9 21 447
21 9 447
9 21 441
21 9 441
9 21 256
21 9 256
9 18 227
18 9 227
9 21 599
21 9 599
9 22 505
22 9 505
9 20 860
20 9 860
9 15 676
15 9 676
9 24 799
24 9 799
9 13 132
13 9 132
10 19 746
19 10 746
10 14 569
14 10 569
10 13 99
13 10 99
10 14 729
14 10 729
10 14 362
14 10 362
10 16 150
16 10 150
11 22 270
22 11 270
11 12 916
12 11 916
11 20 786
20 11 786
11 22 368
22 11 368
11 19 40
19 11 40
11 16 56
16 11 56
11 19 492
19 11 492
11 16 494
16 11 494
11 12 835
12 11 835
11 19 193
19 11 193
12 18 111
18 12 111
12 22 486
22 12 486
12 12 398
12 12 398
12 13 684
13 12 684
12 21 169
21 12 169
12 17 225
17 12 225
12 24 761
24 12 761
12 15 621
15 12 621
13 20 252
20 13 252
13 20 758
20 13 758
13 23 921
23 13 921
13 15 472
15 13 472
13 18 662
18 13 662
13 23 209
23 13 209
14 16 551
16 14 551
14 20 367
20 14 367
14 20 290
20 14 290
14 19 440
19 14 440
14 23 79
23 14 79
14 19 275
19 14 275
14 20 860
20 14 860
15 21 662
21 15 662
15 23 950
23 15 950
15 18 359
18 15 359
15 22 392
22 15 392
15 19 752
19 15 752
15 21 803
21 15 803
16 20 321
20 16 321
16 20 879
20 16 879
16 18 323
18 16 323
16 21 662
21 16 662
16 23 429
23 16 429
16 24 375
24 16 375
17 19 675
19 17 675
17 22 778
22 17 778
17 19 570
19 17 570
17 23 125
23 17 125
17 19 298
19 17 298
17 23 514
23 17 514
17 17 444
17 17 444
17 20 201
20 17 201
18 24 636
24 18 636
18 18 526
18 18 526
18 21 879
21 18 879
18 22 603
22 18 603
19 20 317
20 19 317
20 23 384
23 20 384
20 22 965
22 20 965
20 23 474
23 20 474
21 22 15
22 21 15
21 22 608
22 21 608
22 22 585
22 22 585
23 24 918
24 23 918
