16

0 1 39
1 0 39
0 2 715
2 0 715
0 3 8
3 0 8
0 13 603
13 0 603
0 15 369
15 0 369
0 5 915
5 0 915
1 5 432
5 1 432
1 7 503
7 1 503
1 8 579
8 1 579
1 9 120
9 1 120
1 14 754
14 1 754
1 10 824
10 1 824
1 14 489
14 1 489
1 15 515
15 1 515
2 10 292
10 2 292
2 12 981
12 2 981
3 4 521
4 3 521
3 10 346
10 3 346
3 13 330
13 3 330
3 5 662
5 3 662
3 5 693
5 3 693
4 6 977
6 4 977
4 8 941
8 4 941
5 13 690
13 5 690
5 11 887
11 5 887
6 12 724
12 6 724
6 12 76
12 6 76
6 12 839
12 6 839
7 9 769
9 7 769
8 11 224
11 8 224
8 14 704
14 8 704
10 15 858
15 10 858
10 14 129
14 10 129
11 14 275
14 11 275
13 13 250
13 13 250
15 15 639
15 15 639
