63

0 1 391
1 0 391
0 2 448
2 0 448
0 3 979
3 0 979
0 35 677
35 0 677
0 37 835
37 0 835
0 54 627
54 0 627
0 31 992
31 0 992
0 34 525
34 0 525
0 2 943
2 0 943
0 58 818
58 0 818
0 62 245
62 0 245
0 9 101
9 0 101
0 54 495
54 0 495
0 42 421
42 0 421
0 53 88
53 0 88
0 6 279
6 0 279
0 52 649
52 0 649
0 58 437
58 0 437
0 28 273
28 0 273
0 39 917
39 0 917
0 3 319
3 0 319
0 13 487
13 0 487
0 51 111
51 0 111
0 17 962
17 0 962
0 5 886
5 0 886
0 15 655
15 0 655
0 40 485
40 0 485
0 58 485
58 0 485
0 18 64
18 0 64
0 61 390
61 0 390
1 9 976
9 1 976
1 11 567
11 1 567
1 33 658
33 1 658
1 39 966
39 1 966
1 24 696
24 1 696
1 41 402
41 1 402
1 59 312
59 1 312
1 19 966
19 1 966
1 44 888
44 1 888
1 59 69
59 1 69
1 24 211
24 1 211
1 61 114
61 1 114
1 37 527
37 1 527
1 33 511
33 1 511
1 23 262
23 1 262
1 41 119
41 1 119
1 44 650
44 1 650
1 20 181
20 1 181
1 41 614
41 1 614
1 40 750
40 1 750
1 62 349
62 1 349
1 35 190
35 1 190
1 39 938
39 1 938
1 38 821
38 1 821
1 38 848
38 1 848
1 45 446
45 1 446
2 4 288
4 2 288
2 6 984
6 2 984
2 9 789
9 2 789
2 52 89
52 2 89
2 40 493
40 2 493
2 43 572
43 2 572
2 14 846
14 2 846
2 23 519
23 2 519
2 40 937
40 2 937
2 41 275
41 2 275
2 6 374
6 2 374
2 10 549
10 2 549
2 29 874
29 2 874
2 60 758
60 2 758
2 62 885
62 2 885
2 24 664
24 2 664
2 35 457
35 2 457
2 53 427
53 2 427
2 2 258
2 2 258
2 7 310
7 2 310
2 24 15
24 2 15
2 7 287
7 2 287
2 27 940
27 2 940
2 22 788
22 2 788
2 42 994
42 2 994
2 20 332
20 2 332
3 5 166
5 3 166
3 7 913
7 3 913
3 10 774
10 3 774
3 19 480
19 3 480
3 22 441
22 3 441
3 29 779
29 3 779
3 16 481
16 3 481
3 52 441
52 3 441
3 19 56
19 3 56
3 30 551
30 3 551
3 38 858
38 3 858
3 40 363
40 3 363
3 53 189
53 3 189
3 14 391
14 3 391
3 18 123
18 3 123
3 44 780
44 3 780
3 18 536
18 3 536
3 18 218
18 3 218
3 32 859
32 3 859
3 12 690
12 3 690
3 61 319
61 3 319
3 26 675
26 3 675
3 57 780
57 3 780
3 40 792
40 3 792
3 44 34
44 3 34
3 5 206
5 3 206
3 58 673
58 3 673
3 34 889
34 3 889
3 57 837
57 3 837
3 53 613
53 3 613
3 4 287
4 3 287
3 47 76
47 3 76
3 38 586
38 3 586
4 39 285
39 4 285
4 26 5
26 4 5
4 17 586
17 4 586
4 28 664
28 4 664
4 33 566
33 4 566
4 43 491
43 4 491
4 16 29
16 4 29
4 16 287
16 4 287
4 7 226
7 4 226
4 21 708
21 4 708
4 19 331
19 4 331
4 40 759
40 4 759
4 51 712
51 4 712
4 22 138
22 4 138
4 9 646
9 4 646
4 62 223
62 4 223
4 12 917
12 4 917
4 29 114
29 4 114
4 31 635
31 4 635
4 62 486
62 4 486
4 22 909
22 4 909
4 26 412
26 4 412
4 7 125
7 4 125
4 58 265
58 4 265
4 17 435
17 4 435
4 44 2
44 4 2
5 44 347
44 5 347
5 51 616
51 5 616
5 24 716
24 5 716
5 40 286
40 5 286
5 24 444
24 5 444
5 47 988
47 5 988
5 45 309
45 5 309
5 47 75
47 5 75
5 55 842
55 5 842
5 28 609
28 5 609
5 19 634
19 5 634
5 19 622
19 5 622
5 10 834
10 5 834
5 19 995
19 5 995
5 32 348
32 5 348
5 13 444
13 5 444
5 58 796
58 5 796
5 20 621
20 5 621
5 16 451
16 5 451
5 14 765
14 5 765
5 5 464
5 5 464
5 14 614
14 5 614
5 32 707
32 5 707
5 9 471
9 5 471
5 58 960
58 5 960
5 6 984
6 5 984
6 8 817
8 6 817
6 15 61
15 6 61
6 40 714
40 6 714
6 47 402
47 6 402
6 10 979
10 6 979
6 31 730
31 6 730
6 11 101
11 6 101
6 35 832
35 6 832
6 34 837
34 6 837
6 29 371
29 6 371
6 51 289
51 6 289
6 19 257
19 6 257
6 14 376
14 6 376
6 44 918
44 6 918
6 39 80
39 6 80
6 57 287
57 6 287
6 53 80
53 6 80
6 56 75
56 6 75
6 30 799
30 6 799
6 46 740
46 6 740
6 32 726
32 6 726
6 50 698
50 6 698
6 6 431
6 6 431
6 17 422
17 6 422
6 48 708
48 6 708
6 10 449
10 6 449
6 24 610
24 6 610
6 11 613
11 6 613
6 51 432
51 6 432
6 15 276
15 6 276
7 26 698
26 7 698
7 30 209
30 7 209
7 60 56
60 7 56
7 55 217
55 7 217
7 33 119
33 7 119
7 30 137
30 7 137
7 32 933
32 7 933
7 29 499
29 7 499
7 54 617
54 7 617
7 53 235
53 7 235
7 56 426
56 7 426
7 8 979
8 7 979
7 45 754
45 7 754
7 53 77
53 7 77
7 62 372
62 7 372
7 26 800
26 7 800
7 10 267
10 7 267
7 11 744
11 7 744
7 44 461
44 7 461
7 21 534
21 7 534
7 36 47
36 7 47
7 27 994
27 7 994
7 61 183
61 7 183
7 59 415
59 7 415
7 61 635
61 7 635
7 13 545
13 7 545
8 13 539
13 8 539
8 58 852
58 8 852
8 35 756
35 8 756
8 30 618
30 8 618
8 52 745
52 8 745
8 53 984
53 8 984
8 45 584
45 8 584
8 52 383
52 8 383
8 60 858
60 8 858
8 47 789
47 8 789
8 27 236
27 8 236
8 41 387
41 8 387
8 49 657
49 8 657
8 28 638
28 8 638
8 19 99
19 8 99
8 29 823
29 8 823
8 41 887
41 8 887
8 40 233
40 8 233
8 9 642
9 8 642
8 44 157
44 8 157
8 49 837
49 8 837
8 57 348
57 8 348
8 34 301
34 8 301
8 57 333
57 8 333
8 32 822
32 8 822
8 21 662
21 8 662
8 48 665
48 8 665
8 29 450
29 8 450
8 62 280
62 8 280
8 58 926
58 8 926
8 23 200
23 8 200
9 12 442
12 9 442
9 18 984
18 9 984
9 23 425
23 9 425
9 9 419
9 9 419
9 57 417
57 9 417
9 44 7
44 9 7
9 43 787
43 9 787
9 54 306
54 9 306
9 10 200
10 9 200
9 13 481
13 9 481
9 17 477
17 9 477
9 54 752
54 9 752
9 49 774
49 9 774
9 51 683
51 9 683
9 29 98
29 9 98
9 49 68
49 9 68
9 30 485
30 9 485
9 57 843
57 9 843
9 46 682
46 9 682
9 37 662
37 9 662
9 15 573
15 9 573
9 11 30
11 9 30
9 35 148
35 9 148
9 62 118
62 9 118
10 14 574
14 10 574
10 16 56
16 10 56
10 17 756
17 10 756
10 38 373
38 10 373
10 61 29
61 10 29
10 29 927
29 10 927
10 30 256
30 10 256
10 62 196
62 10 196
10 41 928
41 10 928
10 45 190
45 10 190
10 16 996
16 10 996
10 14 276
14 10 276
10 36 52
36 10 52
11 50 301
50 11 301
11 14 979
14 11 979
11 24 296
24 11 296
11 61 412
61 11 412
11 62 950
62 11 950
11 45 764
45 11 764
11 60 417
60 11 417
11 54 571
54 11 571
11 57 741
57 11 741
11 24 266
24 11 266
11 59 310
59 11 310
11 19 243
19 11 243
11 26 131
26 11 131
11 19 351
19 11 351
11 32 330
32 11 330
11 21 99
21 11 99
11 21 847
21 11 847
11 35 929
35 11 929
11 56 119
56 11 119
11 17 681
17 11 681
11 39 235
39 11 235
11 52 897
52 11 897
11 49 945
49 11 945
11 12 722
12 11 722
12 51 212
51 12 212
12 41 847
41 12 847
12 15 372
15 12 372
12 43 825
43 12 825
12 50 182
50 12 182
12 52 561
52 12 561
12 60 665
60 12 665
12 36 349
36 12 349
12 19 91
19 12 91
12 19 569
19 12 569
12 37 105
37 12 105
12 24 449
24 12 449
12 53 227
53 12 227
12 56 359
56 12 359
12 52 107
52 12 107
12 15 73
15 12 73
12 55 91
55 12 91
12 39 588
39 12 588
12 59 857
59 12 857
12 39 527
39 12 527
12 38 714
38 12 714
12 44 298
44 12 298
12 22 24
22 12 24
12 52 232
52 12 232
12 48 495
48 12 495
12 15 140
15 12 140
12 16 195
16 12 195
13 20 846
20 13 846
13 21 544
21 13 544
13 27 130
27 13 130
13 21 214
21 13 214
13 62 365
62 13 365
13 62 625
62 13 625
13 39 885
39 13 885
13 16 787
16 13 787
13 48 429
48 13 429
13 16 598
16 13 598
13 50 753
50 13 753
13 22 377
22 13 377
13 17 993
17 13 993
13 25 526
25 13 526
13 37 523
37 13 523
13 18 809
18 13 809
13 46 573
46 13 573
13 35 236
35 13 236
13 37 435
37 13 435
13 35 198
35 13 198
13 61 760
61 13 760
13 34 667
34 13 667
13 47 182
47 13 182
13 36 622
36 13 622
13 56 771
56 13 771
13 23 897
23 13 897
14 49 168
49 14 168
14 59 910
59 14 910
14 46 859
46 14 859
14 29 487
29 14 487
14 46 726
46 14 726
14 36 498
36 14 498
14 27 480
27 14 480
14 42 347
42 14 347
14 33 615
33 14 615
14 46 145
46 14 145
14 31 402
31 14 402
14 27 439
27 14 439
14 39 69
39 14 69
14 39 593
39 14 593
14 47 932
47 14 932
14 41 680
41 14 680
14 28 696
28 14 696
14 18 760
18 14 760
14 20 304
20 14 304
14 54 59
54 14 59
14 32 658
32 14 658
14 60 315
60 14 315
14 28 777
28 14 777
14 59 926
59 14 926
14 45 562
45 14 562
15 25 700
25 15 700
15 61 110
61 15 110
15 54 712
54 15 712
15 29 87
29 15 87
15 16 455
16 15 455
15 62 11
62 15 11
15 31 355
31 15 355
15 54 826
54 15 826
15 45 500
45 15 500
15 55 102
55 15 102
15 48 894
48 15 894
15 46 146
46 15 146
15 60 349
60 15 349
15 22 834
22 15 834
16 30 726
30 16 726
16 49 253
49 16 253
16 22 405
22 16 405
16 59 872
59 16 872
16 42 935
42 16 935
16 27 32
27 16 32
16 22 163
22 16 163
16 38 28
38 16 28
16 30 416
30 16 416
16 35 398
35 16 398
16 40 494
40 16 494
16 37 817
37 16 817
16 18 610
18 16 610
16 25 905
25 16 905
16 22 508
22 16 508
16 16 727
16 16 727
16 47 279
47 16 279
16 60 779
60 16 779
17 32 593
32 17 593
17 45 263
45 17 263
17 50 56
50 17 56
17 56 406
56 17 406
17 24 840
24 17 840
17 40 515
40 17 515
17 32 351
32 17 351
17 53 233
53 17 233
17 41 115
41 17 115
17 36 929
36 17 929
17 20 883
20 17 883
17 17 698
17 17 698
17 52 446
52 17 446
17 29 136
29 17 136
17 37 473
37 17 473
17 37 161
37 17 161
17 25 24
25 17 24
17 33 290
33 17 290
18 24 338
24 18 338
18 42 193
42 18 193
18 58 777
58 18 777
18 27 489
27 18 489
18 39 225
39 18 225
18 31 860
31 18 860
18 25 693
25 18 693
18 26 482
26 18 482
18 39 792
39 18 792
18 22 426
22 18 426
18 60 480
60 18 480
18 40 890
40 18 890
18 28 396
28 18 396
18 41 739
41 18 739
18 49 474
49 18 474
18 46 417
46 18 417
18 26 922
26 18 922
18 40 751
40 18 751
18 39 630
39 18 630
18 40 288
40 18 288
18 46 983
46 18 983
18 58 115
58 18 115
18 46 315
46 18 315
18 21 806
21 18 806
18 51 366
51 18 366
19 28 523
28 19 523
19 41 656
41 19 656
19 49 935
49 19 935
19 24 31
24 19 31
19 55 140
55 19 140
19 58 873
58 19 873
19 35 2
35 19 2
19 37 637
37 19 637
19 32 635
32 19 635
19 31 764
31 19 764
19 24 91
24 19 91
19 41 587
41 19 587
19 39 488
39 19 488
19 34 553
34 19 553
19 20 564
20 19 564
19 60 446
60 19 446
19 57 950
57 19 950
19 49 77
49 19 77
19 35 347
35 19 347
19 61 647
61 19 647
19 31 584
31 19 584
19 37 6
37 19 6
19 56 998
56 19 998
19 22 93
22 19 93
20 51 601
51 20 601
20 57 666
57 20 666
20 62 365
62 20 365
20 23 165
23 20 165
20 58 995
58 20 995
20 57 965
57 20 965
20 51 248
51 20 248
20 60 829
60 20 829
20 59 490
59 20 490
20 37 139
37 20 139
20 39 919
39 20 919
20 33 960
33 20 960
20 49 125
49 20 125
20 23 683
23 20 683
20 28 656
28 20 656
20 23 206
23 20 206
20 33 534
33 20 534
20 50 880
50 20 880
20 57 208
57 20 208
20 41 777
41 20 777
21 37 640
37 21 640
21 50 756
50 21 756
21 24 123
24 21 123
21 45 868
45 21 868
21 29 53
29 21 53
21 30 555
30 21 555
21 58 977
58 21 977
21 45 295
45 21 295
21 51 153
51 21 153
21 34 863
34 21 863
21 23 241
23 21 241
21 33 704
33 21 704
21 40 556
40 21 556
21 22 197
22 21 197
21 59 18
59 21 18
21 33 140
33 21 140
21 34 525
34 21 525
22 59 561
59 22 561
22 26 365
26 22 365
22 30 684
30 22 684
22 29 467
29 22 467
22 56 600
56 22 600
22 56 720
56 22 720
22 34 245
34 22 245
22 57 447
57 22 447
22 41 224
41 22 224
22 58 621
58 22 621
22 52 365
52 22 365
22 37 333
37 22 333
22 48 109
48 22 109
22 40 761
40 22 761
22 59 93
59 22 93
22 25 100
25 22 100
22 56 234
56 22 234
22 30 677
30 22 677
22 41 948
41 22 948
23 31 102
31 23 102
23 56 686
56 23 686
23 37 220
37 23 220
23 37 338
37 23 338
23 35 437
35 23 437
23 50 428
50 23 428
23 61 91
61 23 91
23 43 157
43 23 157
23 55 213
55 23 213
23 26 660
26 23 660
23 25 33
25 23 33
23 47 89
47 23 89
23 25 407
25 23 407
23 51 270
51 23 270
23 31 548
31 23 548
23 50 915
50 23 915
23 39 914
39 23 914
23 34 947
34 23 947
23 49 215
49 23 215
23 35 738
35 23 738
24 53 371
53 24 371
24 40 265
40 24 265
24 31 511
31 24 511
24 50 782
50 24 782
24 37 956
37 24 956
24 32 580
32 24 580
24 35 761
35 24 761
24 39 188
39 24 188
24 25 462
25 24 462
24 41 779
41 24 779
24 25 455
25 24 455
24 35 83
35 24 83
24 35 417
35 24 417
24 36 231
36 24 231
24 52 974
52 24 974
24 43 275
43 24 275
24 26 790
26 24 790
24 30 77
30 24 77
24 41 477
41 24 477
25 44 306
44 25 306
25 36 151
36 25 151
25 53 260
53 25 260
25 50 14
50 25 14
25 40 281
40 25 281
25 27 359
27 25 359
25 36 788
36 25 788
25 50 267
50 25 267
25 33 556
33 25 556
25 42 98
42 25 98
25 61 366
61 25 366
25 37 294
37 25 294
25 28 279
28 25 279
25 38 474
38 25 474
25 31 291
31 25 291
25 30 710
30 25 710
25 50 457
50 25 457
25 58 188
58 25 188
25 51 17
51 25 17
25 28 366
28 25 366
25 39 321
39 25 321
26 38 492
38 26 492
26 41 969
41 26 969
26 57 849
57 26 849
26 54 722
54 26 722
26 42 332
42 26 332
26 58 355
58 26 355
26 54 959
54 26 959
26 56 857
56 26 857
26 36 248
36 26 248
26 35 920
35 26 920
26 47 140
47 26 140
26 33 580
33 26 580
26 56 559
56 26 559
26 42 652
42 26 652
26 34 282
34 26 282
27 40 401
40 27 401
27 46 367
46 27 367
27 60 340
60 27 340
27 30 855
30 27 855
27 53 327
53 27 327
27 47 330
47 27 330
27 54 669
54 27 669
27 61 86
61 27 86
27 47 606
47 27 606
27 55 140
55 27 140
27 59 771
59 27 771
27 33 423
33 27 423
27 58 913
58 27 913
27 53 93
53 27 93
27 46 454
46 27 454
28 51 433
51 28 433
28 30 349
30 28 349
28 42 641
42 28 641
28 62 402
62 28 402
28 37 805
37 28 805
28 29 720
29 28 720
28 36 40
36 28 40
28 34 773
34 28 773
28 38 374
38 28 374
28 33 852
33 28 852
28 35 745
35 28 745
28 45 327
45 28 327
28 51 716
51 28 716
28 60 179
60 28 179
28 56 635
56 28 635
28 45 699
45 28 699
29 36 393
36 29 393
29 48 640
48 29 640
29 55 612
55 29 612
29 56 854
56 29 854
29 45 354
45 29 354
29 54 430
54 29 430
29 41 414
41 29 414
29 49 775
49 29 775
29 46 416
46 29 416
29 53 103
53 29 103
29 33 345
33 29 345
29 38 590
38 29 590
29 37 188
37 29 188
29 40 163
40 29 163
29 47 857
47 29 857
29 43 610
43 29 610
29 41 83
41 29 83
29 33 977
33 29 977
30 31 620
31 30 620
30 31 398
31 30 398
30 37 796
37 30 796
30 48 857
48 30 857
30 42 838
42 30 838
30 57 517
57 30 517
30 34 165
34 30 165
30 54 770
54 30 770
30 32 387
32 30 387
31 54 755
54 31 755
31 44 334
44 31 334
31 48 564
48 31 564
31 40 875
40 31 875
31 39 545
39 31 545
31 40 562
40 31 562
31 62 474
62 31 474
31 41 108
41 31 108
31 59 191
59 31 191
31 59 141
59 31 141
31 38 945
38 31 945
31 48 268
48 31 268
31 46 539
46 31 539
32 52 748
52 32 748
32 62 895
62 32 895
32 47 750
47 32 750
32 50 61
50 32 61
32 55 468
55 32 468
32 42 979
42 32 979
32 57 242
57 32 242
32 61 434
61 32 434
32 57 144
57 32 144
32 38 498
38 32 498
32 34 236
34 32 236
32 50 349
50 32 349
32 54 843
54 32 843
32 33 275
33 32 275
33 34 793
34 33 793
33 60 368
60 33 368
33 56 904
56 33 904
33 46 984
46 33 984
33 55 583
55 33 583
33 47 793
47 33 793
33 46 818
46 33 818
33 59 707
59 33 707
33 58 154
58 33 154
33 35 662
35 33 662
33 58 862
58 33 862
34 46 449
46 34 449
34 62 348
62 34 348
34 40 547
40 34 547
34 40 73
40 34 73
34 44 664
44 34 664
34 55 452
55 34 452
34 44 944
44 34 944
34 46 69
46 34 69
34 46 547
46 34 547
34 42 276
42 34 276
35 38 688
38 35 688
35 38 839
38 35 839
35 37 370
37 35 370
35 60 885
60 35 885
35 52 404
52 35 404
35 38 821
38 35 821
35 55 480
55 35 480
35 48 663
48 35 663
35 52 416
52 35 416
35 49 272
49 35 272
35 53 340
53 35 340
36 44 32
44 36 32
36 60 623
60 36 623
36 52 265
52 36 265
36 44 140
44 36 140
36 52 361
52 36 361
36 54 325
54 36 325
36 47 710
47 36 710
36 42 563
42 36 563
36 61 978
61 36 978
36 40 739
40 36 739
36 52 987
52 36 987
37 48 905
48 37 905
37 58 760
58 37 760
37 47 500
47 37 500
37 43 23
43 37 23
37 50 710
50 37 710
37 38 465
38 37 465
37 48 394
48 37 394
37 48 429
48 37 429
37 44 875
44 37 875
37 58 193
58 37 193
37 49 146
49 37 146
37 52 174
52 37 174
38 57 612
57 38 612
38 52 181
52 38 181
38 62 613
62 38 613
38 58 936
58 38 936
38 39 423
39 38 423
38 56 1
56 38 1
38 62 191
62 38 191
38 47 986
47 38 986
38 50 482
50 38 482
38 54 351
54 38 351
38 47 350
47 38 350
38 50 395
50 38 395
38 40 610
40 38 610
38 40 111
40 38 111
38 49 191
49 38 191
39 49 90
49 39 90
39 55 641
55 39 641
39 62 323
62 39 323
39 45 452
45 39 452
39 58 750
58 39 750
39 61 576
61 39 576
39 40 15
40 39 15
39 49 443
49 39 443
39 53 962
53 39 962
39 51 54
51 39 54
40 55 263
55 40 263
40 43 930
43 40 930
40 41 853
41 40 853
40 44 884
44 40 884
40 40 437
40 40 437
40 51 630
51 40 630
40 46 686
46 40 686
40 57 189
57 40 189
40 54 325
54 40 325
40 56 936
56 40 936
40 48 121
48 40 121
40 48 236
48 40 236
40 59 970
59 40 970
40 56 518
56 40 518
40 43 807
43 40 807
41 53 569
53 41 569
41 43 102
43 41 102
41 58 662
58 41 662
41 57 49
57 41 49
41 46 429
46 41 429
41 51 437
51 41 437
41 44 453
44 41 453
41 47 394
47 41 394
41 53 63
53 41 63
41 44 869
44 41 869
42 43 54
43 42 54
42 55 906
55 42 906
42 51 665
51 42 665
42 42 347
42 42 347
42 48 758
48 42 758
42 47 681
47 42 681
42 56 476
56 42 476
42 59 482
59 42 482
42 49 147
49 42 147
42 43 707
43 42 707
42 58 955
58 42 955
43 55 217
55 43 217
43 43 915
43 43 915
43 59 35
59 43 35
43 56 480
56 43 480
43 53 101
53 43 101
43 60 403
60 43 403
43 55 141
55 43 141
44 62 415
62 44 415
44 49 727
49 44 727
44 56 462
56 44 462
44 47 281
47 44 281
44 45 705
45 44 705
45 59 284
59 45 284
45 52 93
52 45 93
45 57 656
57 45 656
45 62 727
62 45 727
45 49 387
49 45 387
45 57 165
57 45 165
45 48 418
48 45 418
45 52 664
52 45 664
46 46 963
46 46 963
46 61 457
61 46 457
46 47 715
47 46 715
46 46 442
46 46 442
46 53 210
53 46 210
46 58 250
58 46 250
46 52 403
52 46 403
46 58 444
58 46 444
46 55 595
55 46 595
47 56 112
56 47 112
47 58 642
58 47 642
47 57 8
57 47 8
47 58 5
58 47 5
47 50 951
50 47 951
47 61 52
61 47 52
47 51 170
51 47 170
47 50 764
50 47 764
47 56 259
56 47 259
47 60 996
60 47 996
47 48 704
48 47 704
47 48 128
48 47 128
47 58 545
58 47 545
47 52 23
52 47 23
48 58 959
58 48 959
48 59 621
59 48 621
48 60 923
60 48 923
48 58 214
58 48 214
48 60 499
60 48 499
48 49 804
49 48 804
48 58 655
58 48 655
48 51 361
51 48 361
48 48 209
48 48 209
48 52 587
52 48 587
49 62 790
62 49 790
49 62 196
62 49 196
49 51 702
51 49 702
49 52 862
52 49 862
49 52 273
52 49 273
50 59 108
59 50 108
50 60 937
60 50 937
51 62 237
62 51 237
51 55 336
55 51 336
51 57 955
57 51 955
51 52 726
52 51 726
52 54 276
54 52 276
52 54 762
54 52 762
53 61 713
61 53 713
53 60 324
60 53 324
53 54 383
54 53 383
53 58 445
58 53 445
53 59 60
59 53 60
53 59 484
59 53 484
53 55 638
55 53 638
53 56 936
56 53 936
54 56 133
56 54 133
55 55 383
55 55 383
55 61 166
61 55 166
55 61 470
61 55 470
55 58 644
58 55 644
55 60 886
60 55 886
56 58 127
58 56 127
56 60 365
60 56 365
57 60 996
60 57 996
57 58 70
58 57 70
57 57 293
57 57 293
58 62 988
62 58 988
58 61 727
61 58 727
58 61 811
61 58 811
59 60 161
60 59 161
59 61 745
61 59 745
62 62 1000
62 62 1000
