67

0 1 996
1 0 996
0 2 452
2 0 452
0 59 296
59 0 296
0 10 263
10 0 263
0 51 949
51 0 949
0 47 64
47 0 64
0 21 64
21 0 64
0 14 905
14 0 905
0 60 145
60 0 145
0 61 588
61 0 588
0 30 243
30 0 243
0 19 538
19 0 538
0 52 981
52 0 981
0 10 939
10 0 939
0 6 107
6 0 107
0 7 684
7 0 684
0 10 120
10 0 120
0 60 240
60 0 240
0 18 630
18 0 630
0 12 631
12 0 631
0 63 987
63 0 987
0 65 972
65 0 972
1 35 366
35 1 366
1 7 437
7 1 437
1 33 995
33 1 995
1 45 323
45 1 323
1 46 482
46 1 482
1 46 411
46 1 411
1 3 253
3 1 253
1 43 216
43 1 216
1 46 679
46 1 679
1 34 266
34 1 266
1 23 936
23 1 936
1 38 182
38 1 182
1 26 490
26 1 490
1 12 244
12 1 244
1 30 13
30 1 13
1 14 240
14 1 240
1 23 397
23 1 397
1 48 290
48 1 290
2 3 417
3 2 417
2 4 608
4 2 608
2 28 971
28 2 971
2 58 89
58 2 89
2 27 36
27 2 36
2 46 750
46 2 750
2 59 60
59 2 60
2 31 336
31 2 336
2 34 721
34 2 721
2 16 476
16 2 476
2 58 174
58 2 174
2 22 77
22 2 77
2 35 995
35 2 995
2 39 700
39 2 700
2 31 225
31 2 225
2 49 803
49 2 803
2 19 443
19 2 443
2 58 359
58 2 359
2 65 596
65 2 596
3 5 599
5 3 599
3 6 955
6 3 955
3 13 315
13 3 315
3 25 360
25 3 360
3 45 184
45 3 184
3 35 943
35 3 943
3 66 664
66 3 664
3 7 101
7 3 101
3 6 389
6 3 389
3 44 635
44 3 635
3 66 810
66 3 810
3 15 659
15 3 659
3 31 158
31 3 158
3 36 344
36 3 344
3 57 815
57 3 815
3 64 54
64 3 54
3 12 293
12 3 293
3 31 793
31 3 793
3 6 204
6 3 204
4 18 659
18 4 659
4 24 609
24 4 609
4 26 242
26 4 242
4 17 771
17 4 771
4 48 653
48 4 653
4 24 648
24 4 648
4 31 587
31 4 587
4 33 804
33 4 804
4 63 50
63 4 50
4 11 993
11 4 993
4 53 107
53 4 107
4 50 590
50 4 590
4 31 100
31 4 100
4 65 837
65 4 837
4 17 113
17 4 113
4 51 12
51 4 12
4 11 710
11 4 710
4 40 411
40 4 411
4 50 991
50 4 991
4 14 144
14 4 144
4 56 885
56 4 885
4 65 386
65 4 386
4 37 721
37 4 721
5 9 104
9 5 104
5 11 575
11 5 575
5 27 172
27 5 172
5 13 936
13 5 936
5 37 600
37 5 600
5 44 352
44 5 352
5 20 691
20 5 691
5 44 780
44 5 780
5 46 781
46 5 781
5 41 803
41 5 803
5 52 459
52 5 459
5 58 970
58 5 970
5 19 343
19 5 343
5 59 756
59 5 756
5 36 587
36 5 587
5 52 537
52 5 537
5 57 420
57 5 420
6 7 7
7 6 7
6 8 793
8 6 793
6 23 247
23 6 247
6 51 405
51 6 405
6 36 621
36 6 621
6 25 453
25 6 453
6 20 870
20 6 870
6 8 17
8 6 17
6 29 499
29 6 499
6 66 394
66 6 394
6 28 622
28 6 622
6 16 636
16 6 636
6 38 945
38 6 945
6 26 329
26 6 329
6 57 473
57 6 473
6 61 758
61 6 758
6 64 743
64 6 743
6 24 377
24 6 377
6 15 299
15 6 299
6 39 209
39 6 209
6 23 286
23 6 286
6 49 818
49 6 818
7 14 461
14 7 461
7 15 847
15 7 847
7 33 1
33 7 1
7 64 467
64 7 467
7 61 829
61 7 829
7 48 976
48 7 976
7 52 773
52 7 773
7 22 475
22 7 475
7 13 915
13 7 915
7 38 712
38 7 712
7 60 708
60 7 708
7 47 635
47 7 635
7 36 652
36 7 652
7 49 750
49 7 750
7 27 591
27 7 591
7 59 430
59 7 430
7 8 8
8 7 8
7 58 576
58 7 576
7 29 649
29 7 649
7 10 66
10 7 66
7 62 580
62 7 580
7 13 352
13 7 352
7 11 408
11 7 408
7 61 994
61 7 994
7 26 587
26 7 587
7 22 757
22 7 757
7 66 423
66 7 423
8 12 548
12 8 548
8 37 295
37 8 295
8 52 219
52 8 219
8 47 325
47 8 325
8 20 869
20 8 869
8 62 134
62 8 134
8 55 551
55 8 551
8 43 904
43 8 904
8 34 220
34 8 220
8 29 869
29 8 869
8 63 45
63 8 45
9 10 7
10 9 7
9 19 352
19 9 352
9 35 503
35 9 503
9 59 788
59 9 788
9 61 811
61 9 811
9 51 80
51 9 80
9 66 250
66 9 250
9 46 551
46 9 551
9 40 437
40 9 437
9 60 197
60 9 197
9 51 467
51 9 467
9 46 802
46 9 802
9 40 915
40 9 915
9 9 259
9 9 259
10 37 736
37 10 736
10 36 70
36 10 70
10 28 711
28 10 711
10 15 281
15 10 281
10 20 975
20 10 975
10 57 755
57 10 755
10 30 333
30 10 333
10 29 995
29 10 995
10 48 620
48 10 620
10 42 47
42 10 47
10 27 334
27 10 334
10 24 404
24 10 404
10 65 785
65 10 785
10 27 364
27 10 364
10 38 200
38 10 200
10 11 391
11 10 391
10 14 608
14 10 608
10 21 572
21 10 572
10 33 668
33 10 668
11 30 567
30 11 567
11 42 177
42 11 177
11 57 539
57 11 539
11 45 834
45 11 834
11 44 588
44 11 588
11 16 727
16 11 727
11 49 975
49 11 975
11 59 73
59 11 73
11 62 298
62 11 298
11 58 882
58 11 882
11 37 908
37 11 908
11 17 596
17 11 596
11 66 567
66 11 567
11 36 651
36 11 651
11 26 356
26 11 356
11 62 402
62 11 402
11 41 108
41 11 108
11 22 906
22 11 906
11 18 160
18 11 160
11 16 468
16 11 468
11 55 816
55 11 816
11 61 494
61 11 494
11 28 958
28 11 958
11 53 670
53 11 670
11 32 425
32 11 425
11 60 46
60 11 46
12 20 133
20 12 133
12 29 106
29 12 106
12 16 417
16 12 417
12 34 485
34 12 485
12 25 804
25 12 804
12 13 324
13 12 324
12 36 971
36 12 971
12 65 387
65 12 387
12 30 816
30 12 816
12 59 840
59 12 840
12 26 831
26 12 831
12 44 884
44 12 884
12 65 393
65 12 393
12 61 416
61 12 416
12 66 866
66 12 866
12 19 757
19 12 757
12 14 290
14 12 290
12 35 924
35 12 924
12 64 530
64 12 530
12 14 113
14 12 113
12 21 166
21 12 166
13 16 765
16 13 765
13 64 490
64 13 490
13 16 355
16 13 355
13 63 815
63 13 815
13 66 343
66 13 343
13 21 545
21 13 545
13 39 578
39 13 578
13 61 556
61 13 556
13 23 188
23 13 188
13 54 478
54 13 478
13 61 257
61 13 257
13 40 446
40 13 446
13 46 549
46 13 549
13 66 607
66 13 607
13 28 88
28 13 88
13 34 740
34 13 740
13 18 729
18 13 729
13 15 781
15 13 781
13 28 768
28 13 768
13 61 294
61 13 294
13 49 164
49 13 164
13 41 866
41 13 866
14 17 451
17 14 451
14 16 626
16 14 626
14 48 628
48 14 628
14 38 516
38 14 516
14 41 530
41 14 530
14 22 230
22 14 230
14 50 949
50 14 949
14 39 45
39 14 45
14 57 101
57 14 101
14 66 233
66 14 233
14 54 756
54 14 756
14 38 32
38 14 32
14 14 656
14 14 656
14 32 939
32 14 939
15 52 190
52 15 190
15 43 525
43 15 525
15 35 583
35 15 583
15 26 437
26 15 437
15 51 215
51 15 215
15 49 783
49 15 783
15 66 935
66 15 935
15 51 549
51 15 549
15 25 444
25 15 444
15 22 119
22 15 119
15 21 906
21 15 906
15 42 452
42 15 452
15 34 115
34 15 115
15 23 419
23 15 419
15 52 998
52 15 998
15 23 537
23 15 537
15 53 118
53 15 118
15 40 200
40 15 200
16 21 402
21 16 402
16 32 479
32 16 479
16 54 518
54 16 518
16 49 713
49 16 713
16 58 182
58 16 182
16 59 105
59 16 105
16 59 64
59 16 64
16 34 295
34 16 295
16 54 503
54 16 503
16 44 453
44 16 453
16 42 697
42 16 697
16 65 890
65 16 890
16 58 70
58 16 70
16 65 865
65 16 865
16 42 490
42 16 490
16 44 564
44 16 564
17 54 202
54 17 202
17 52 283
52 17 283
17 22 186
22 17 186
17 27 604
27 17 604
17 56 689
56 17 689
17 50 786
50 17 786
17 20 302
20 17 302
17 33 724
33 17 724
17 52 500
52 17 500
17 61 476
61 17 476
17 62 83
62 17 83
18 66 318
66 18 318
18 66 749
66 18 749
18 52 339
52 18 339
18 49 995
49 18 995
18 31 548
31 18 548
18 26 750
26 18 750
18 55 339
55 18 339
18 32 256
32 18 256
18 43 979
43 18 979
18 58 711
58 18 711
18 29 940
29 18 940
18 34 479
34 18 479
18 49 349
49 18 349
18 61 783
61 18 783
18 27 902
27 18 902
18 54 487
54 18 487
18 19 715
19 18 715
19 23 270
23 19 270
19 25 781
25 19 781
19 55 674
55 19 674
19 39 187
39 19 187
19 27 645
27 19 645
19 52 627
52 19 627
19 64 534
64 19 534
19 50 683
50 19 683
19 49 839
49 19 839
19 30 595
30 19 595
19 47 208
47 19 208
19 37 275
37 19 275
19 48 991
48 19 991
19 46 358
46 19 358
19 44 393
44 19 393
19 50 78
50 19 78
19 19 651
19 19 651
19 24 251
24 19 251
19 21 309
21 19 309
19 63 598
63 19 598
20 22 84
22 20 84
20 31 259
31 20 259
20 40 798
40 20 798
20 46 576
46 20 576
20 21 327
21 20 327
20 33 973
33 20 973
20 54 256
54 20 256
20 52 378
52 20 378
20 27 709
27 20 709
20 26 528
26 20 528
20 50 384
50 20 384
20 45 323
45 20 323
20 36 363
36 20 363
20 49 687
49 20 687
20 28 268
28 20 268
20 27 83
27 20 83
20 26 635
26 20 635
20 62 60
62 20 60
20 24 686
24 20 686
21 36 343
36 21 343
21 37 749
37 21 749
21 27 704
27 21 704
21 50 815
50 21 815
21 21 771
21 21 771
21 53 587
53 21 587
21 23 193
23 21 193
21 60 332
60 21 332
21 31 77
31 21 77
21 32 129
32 21 129
21 44 855
44 21 855
21 32 625
32 21 625
21 64 970
64 21 970
21 52 192
52 21 192
22 43 32
43 22 32
22 28 688
28 22 688
22 48 814
48 22 814
22 26 166
26 22 166
22 41 316
41 22 316
22 23 546
23 22 546
22 45 568
45 22 568
22 41 171
41 22 171
22 52 208
52 22 208
22 49 44
49 22 44
22 59 433
59 22 433
22 45 381
45 22 381
22 26 368
26 22 368
22 57 878
57 22 878
23 41 648
41 23 648
23 56 198
56 23 198
23 57 962
57 23 962
23 39 229
39 23 229
23 49 240
49 23 240
23 57 32
57 23 32
23 32 37
32 23 37
23 51 763
51 23 763
23 23 97
23 23 97
23 47 63
47 23 63
23 43 676
43 23 676
23 41 605
41 23 605
23 66 816
66 23 816
23 34 145
34 23 145
23 57 920
57 23 920
24 44 540
44 24 540
24 63 728
63 24 728
24 34 202
34 24 202
24 36 479
36 24 479
24 66 687
66 24 687
24 33 772
33 24 772
24 35 477
35 24 477
24 60 143
60 24 143
24 60 87
60 24 87
24 29 216
29 24 216
24 38 463
38 24 463
25 52 348
52 25 348
25 66 462
66 25 462
25 52 528
52 25 528
25 59 869
59 25 869
25 57 243
57 25 243
25 56 898
56 25 898
25 29 633
29 25 633
25 48 894
48 25 894
25 64 490
64 25 490
25 38 820
38 25 820
26 56 123
56 26 123
26 32 328
32 26 328
26 33 677
33 26 677
26 65 343
65 26 343
26 52 194
52 26 194
26 63 523
63 26 523
26 65 690
65 26 690
26 58 549
58 26 549
26 29 421
29 26 421
26 65 653
65 26 653
26 55 50
55 26 50
27 60 699
60 27 699
27 32 249
32 27 249
27 52 616
52 27 616
27 64 249
64 27 249
27 28 983
28 27 983
27 33 356
33 27 356
28 39 872
39 28 872
28 36 595
36 28 595
28 39 445
39 28 445
28 48 498
48 28 498
28 49 67
49 28 67
28 29 59
29 28 59
28 38 58
38 28 58
28 50 435
50 28 435
28 40 419
40 28 419
28 66 645
66 28 645
28 32 172
32 28 172
28 48 164
48 28 164
28 44 141
44 28 141
28 55 627
55 28 627
28 35 682
35 28 682
28 57 27
57 28 27
29 66 865
66 29 865
29 48 491
48 29 491
29 43 156
43 29 156
29 50 413
50 29 413
29 39 207
39 29 207
29 42 771
42 29 771
29 47 280
47 29 280
29 55 324
55 29 324
29 58 54
58 29 54
29 57 116
57 29 116
30 45 572
45 30 572
30 56 825
56 30 825
30 35 130
35 30 130
30 43 633
43 30 633
30 51 449
51 30 449
30 64 881
64 30 881
30 43 443
43 30 443
30 51 139
51 30 139
30 48 883
48 30 883
30 63 723
63 30 723
30 31 105
31 30 105
31 34 608
34 31 608
31 53 603
53 31 603
31 51 663
51 31 663
31 35 436
35 31 436
31 43 630
43 31 630
31 59 265
59 31 265
31 31 225
31 31 225
31 43 327
43 31 327
31 64 763
64 31 763
31 63 132
63 31 132
31 38 265
38 31 265
31 47 782
47 31 782
31 52 700
52 31 700
31 44 604
44 31 604
31 58 405
58 31 405
32 55 216
55 32 216
32 57 163
57 32 163
32 48 484
48 32 484
32 59 230
59 32 230
32 55 274
55 32 274
32 33 827
33 32 827
32 54 228
54 32 228
33 48 987
48 33 987
33 52 953
52 33 953
33 60 686
60 33 686
33 40 598
40 33 598
33 61 135
61 33 135
33 39 173
39 33 173
33 52 780
52 33 780
33 48 550
48 33 550
33 35 357
35 33 357
34 47 704
47 34 704
34 53 811
53 34 811
34 52 890
52 34 890
34 55 392
55 34 392
34 40 412
40 34 412
34 51 976
51 34 976
34 36 18
36 34 18
34 41 52
41 34 52
34 42 729
42 34 729
34 57 628
57 34 628
34 46 951
46 34 951
34 54 185
54 34 185
34 54 113
54 34 113
34 59 483
59 34 483
35 38 393
38 35 393
35 65 339
65 35 339
35 61 643
61 35 643
35 40 213
40 35 213
35 40 242
40 35 242
35 56 292
56 35 292
35 39 101
39 35 101
35 59 803
59 35 803
35 60 965
60 35 965
36 57 958
57 36 958
36 42 731
42 36 731
36 52 705
52 36 705
36 57 499
57 36 499
36 46 302
46 36 302
36 58 95
58 36 95
36 57 579
57 36 579
37 38 540
38 37 540
37 66 184
66 37 184
37 44 72
44 37 72
37 39 765
39 37 765
37 59 102
59 37 102
37 37 694
37 37 694
37 44 744
44 37 744
37 53 691
53 37 691
37 41 385
41 37 385
37 66 807
66 37 807
38 55 625
55 38 625
38 41 385
41 38 385
38 42 930
42 38 930
38 62 229
62 38 229
38 58 829
58 38 829
38 40 506
40 38 506
38 48 945
48 38 945
38 57 518
57 38 518
39 54 798
54 39 798
39 59 766
59 39 766
39 52 981
52 39 981
40 60 172
60 40 172
40 53 285
53 40 285
40 62 472
62 40 472
40 62 921
62 40 921
40 54 683
54 40 683
40 52 204
52 40 204
40 50 133
50 40 133
40 50 375
50 40 375
41 53 710
53 41 710
41 65 361
65 41 361
41 54 393
54 41 393
41 51 852
51 41 852
41 53 785
53 41 785
41 47 323
47 41 323
41 48 300
48 41 300
41 54 163
54 41 163
41 45 719
45 41 719
42 47 901
47 42 901
42 63 964
63 42 964
42 59 858
59 42 858
42 65 909
65 42 909
42 61 159
61 42 159
42 44 43
44 42 43
43 49 111
49 43 111
43 58 412
58 43 412
43 61 519
61 43 519
43 54 322
54 43 322
43 56 725
56 43 725
43 65 77
65 43 77
43 58 299
58 43 299
43 55 245
55 43 245
43 57 395
57 43 395
44 63 79
63 44 79
44 52 758
52 44 758
44 62 555
62 44 555
44 65 240
65 44 240
44 60 302
60 44 302
44 53 859
53 44 859
45 62 352
62 45 352
45 52 556
52 45 556
45 50 803
50 45 803
45 51 42
51 45 42
45 62 263
62 45 263
45 55 972
55 45 972
45 46 140
46 45 140
45 48 674
48 45 674
45 48 80
48 45 80
45 49 678
49 45 678
46 61 287
61 46 287
46 66 427
66 46 427
46 49 827
49 46 827
46 55 560
55 46 560
47 50 625
50 47 625
47 64 725
64 47 725
47 54 166
54 47 166
47 62 890
62 47 890
47 54 349
54 47 349
47 53 499
53 47 499
48 49 61
49 48 61
48 61 941
61 48 941
48 54 425
54 48 425
48 56 886
56 48 886
48 63 174
63 48 174
48 62 976
62 48 976
48 52 392
52 48 392
49 63 578
63 49 578
49 65 682
65 49 682
49 64 975
64 49 975
49 53 893
53 49 893
49 61 999
61 49 999
49 53 606
53 49 606
50 56 462
56 50 462
50 57 624
57 50 624
50 50 775
50 50 775
50 53 116
53 50 116
51 64 429
64 51 429
51 61 502
61 51 502
51 62 52
62 51 52
51 57 274
57 51 274
52 62 550
62 52 550
52 53 493
53 52 493
52 63 835
63 52 835
52 60 745
60 52 745
52 64 805
64 52 805
53 66 809
66 53 809
53 61 97
61 53 97
54 63 641
63 54 641
54 62 92
62 54 92
54 61 30
61 54 30
54 62 702
62 54 702
55 57 72
57 55 72
56 64 75
64 56 75
56 60 52
60 56 52
57 59 654
59 57 654
57 58 851
58 57 851
58 65 833
65 58 833
59 64 63
64 59 63
60 65 893
65 60 893
61 61 965
61 61 965
61 65 173
65 61 173
