59

0 1 767
1 0 767
0 2 752
2 0 752
0 3 218
3 0 218
0 4 308
4 0 308
0 5 784
5 0 784
0 14 185
14 0 185
0 19 355
19 0 355
0 38 277
38 0 277
0 43 893
43 0 893
0 1 523
1 0 523
0 11 886
11 0 886
0 53 675
53 0 675
0 55 273
55 0 273
0 37 642
37 0 642
0 20 956
20 0 956
0 34 892
34 0 892
0 54 527
54 0 527
0 17 725
17 0 725
0 35 654
35 0 654
0 0 91
0 0 91
0 5 142
5 0 142
0 42 213
42 0 213
0 58 384
58 0 384
0 9 66
9 0 66
0 22 539
22 0 539
0 20 985
20 0 985
0 33 631
33 0 631
0 4 528
4 0 528
1 29 776
29 1 776
1 36 22
36 1 22
1 43 370
43 1 370
1 26 730
26 1 730
1 4 877
4 1 877
1 20 83
20 1 83
1 7 895
7 1 895
1 5 120
5 1 120
1 25 976
25 1 976
1 42 624
42 1 624
1 44 165
44 1 165
1 40 777
40 1 777
1 5 955
5 1 955
1 4 677
4 1 677
1 54 100
54 1 100
1 10 980
10 1 980
1 40 104
40 1 104
1 11 432
11 1 432
1 18 842
18 1 842
1 42 130
42 1 130
1 4 335
4 1 335
2 25 714
25 2 714
2 31 371
31 2 371
2 24 809
24 2 809
2 27 263
27 2 263
2 20 365
20 2 365
2 16 625
16 2 625
2 8 256
8 2 256
2 7 607
7 2 607
2 32 276
32 2 276
2 58 616
58 2 616
2 53 386
53 2 386
2 31 662
31 2 662
2 49 92
49 2 92
2 30 625
30 2 625
2 3 327
3 2 327
2 49 430
49 2 430
2 24 493
24 2 493
2 56 980
56 2 980
2 55 709
55 2 709
2 55 170
55 2 170
2 54 882
54 2 882
2 12 574
12 2 574
2 12 121
12 2 121
2 10 306
10 2 306
2 24 912
24 2 912
2 17 195
17 2 195
3 18 398
18 3 398
3 55 945
55 3 945
3 47 26
47 3 26
3 19 812
19 3 812
3 46 46
46 3 46
3 41 762
41 3 762
3 24 22
24 3 22
3 34 983
34 3 983
3 28 402
28 3 402
3 58 105
58 3 105
3 24 40
24 3 40
3 5 267
5 3 267
3 51 448
51 3 448
3 26 507
26 3 507
3 22 584
22 3 584
3 37 579
37 3 579
3 40 638
40 3 638
3 39 325
39 3 325
3 50 990
50 3 990
3 43 474
43 3 474
3 28 449
28 3 449
3 54 690
54 3 690
3 11 836
11 3 836
3 56 513
56 3 513
3 29 838
29 3 838
4 7 155
7 4 155
4 9 846
9 4 846
4 20 646
20 4 646
4 25 978
25 4 978
4 12 884
12 4 884
4 43 325
43 4 325
4 38 786
38 4 786
4 54 150
54 4 150
4 15 984
15 4 984
4 28 480
28 4 480
4 42 587
42 4 587
4 49 99
49 4 99
4 9 497
9 4 497
4 58 769
58 4 769
4 4 11
4 4 11
4 48 360
48 4 360
4 22 249
22 4 249
4 13 793
13 4 793
4 36 237
36 4 237
4 18 455
18 4 455
4 15 728
15 4 728
4 29 823
29 4 823
4 51 825
51 4 825
4 12 405
12 4 405
4 33 281
33 4 281
4 24 773
24 4 773
5 6 643
6 5 643
5 31 425
31 5 425
5 40 800
40 5 800
5 50 3
50 5 3
5 23 873
23 5 873
5 51 390
51 5 390
5 6 2
6 5 2
5 16 871
16 5 871
5 53 768
53 5 768
5 56 548
56 5 548
5 29 85
29 5 85
5 24 833
24 5 833
5 9 245
9 5 245
5 37 147
37 5 147
5 48 706
48 5 706
5 15 644
15 5 644
5 27 373
27 5 373
5 28 610
28 5 610
5 55 311
55 5 311
5 17 908
17 5 908
5 37 517
37 5 517
5 40 735
40 5 735
5 38 433
38 5 433
5 43 610
43 5 610
5 26 14
26 5 14
5 10 544
10 5 544
5 7 732
7 5 732
5 16 412
16 5 412
5 28 700
28 5 700
5 49 159
49 5 159
6 8 983
8 6 983
6 10 321
10 6 321
6 56 480
56 6 480
6 52 31
52 6 31
6 29 307
29 6 307
6 27 410
27 6 410
6 39 982
39 6 982
6 21 134
21 6 134
6 25 649
25 6 649
6 20 442
20 6 442
6 45 7
45 6 7
6 29 715
29 6 715
6 47 398
47 6 398
6 39 988
39 6 988
6 56 439
56 6 439
6 51 184
51 6 184
6 10 36
10 6 36
7 44 439
44 7 439
7 57 800
57 7 800
7 57 903
57 7 903
7 58 726
58 7 726
7 10 468
10 7 468
7 50 611
50 7 611
7 41 703
41 7 703
7 40 285
40 7 285
7 24 856
24 7 856
7 58 182
58 7 182
7 19 363
19 7 363
7 52 18
52 7 18
7 12 96
12 7 96
7 23 95
23 7 95
7 26 738
26 7 738
7 33 384
33 7 384
7 40 902
40 7 902
7 22 647
22 7 647
7 22 911
22 7 911
7 55 168
55 7 168
7 21 264
21 7 264
7 53 409
53 7 409
8 11 61
11 8 61
8 42 866
42 8 866
8 9 391
9 8 391
8 54 538
54 8 538
8 21 882
21 8 882
8 35 762
35 8 762
8 43 415
43 8 415
8 52 49
52 8 49
8 39 795
39 8 795
8 25 530
25 8 530
8 53 196
53 8 196
8 25 346
25 8 346
8 24 482
24 8 482
8 37 217
37 8 217
8 31 25
31 8 25
8 13 221
13 8 221
8 36 774
36 8 774
8 19 195
19 8 195
8 27 614
27 8 614
8 9 880
9 8 880
8 25 916
25 8 916
8 36 591
36 8 591
8 20 816
20 8 816
9 13 595
13 9 595
9 48 648
48 9 648
9 35 570
35 9 570
9 33 626
33 9 626
9 25 897
25 9 897
9 15 394
15 9 394
9 35 416
35 9 416
9 11 977
11 9 977
9 20 449
20 9 449
9 50 994
50 9 994
9 25 618
25 9 618
9 39 586
39 9 586
9 21 613
21 9 613
9 22 579
22 9 579
9 53 205
53 9 205
10 12 369
12 10 369
10 38 644
38 10 644
10 13 624
13 10 624
10 53 820
53 10 820
10 25 597
25 10 597
10 14 113
14 10 113
10 33 800
33 10 800
10 57 50
57 10 50
10 52 959
52 10 959
10 42 520
42 10 520
10 11 296
11 10 296
10 31 529
31 10 529
10 23 999
23 10 999
10 43 550
43 10 550
10 28 895
28 10 895
10 40 255
40 10 255
10 26 459
26 10 459
10 23 243
23 10 243
10 55 713
55 10 713
10 26 753
26 10 753
10 23 290
23 10 290
10 36 612
36 10 612
10 30 757
30 10 757
11 13 600
13 11 600
11 23 464
23 11 464
11 34 934
34 11 934
11 56 922
56 11 922
11 25 434
25 11 434
11 21 462
21 11 462
11 22 211
22 11 211
11 58 959
58 11 959
11 49 585
49 11 585
11 33 459
33 11 459
11 27 645
27 11 645
11 44 936
44 11 936
11 53 568
53 11 568
11 44 766
44 11 766
11 48 452
48 11 452
11 15 182
15 11 182
11 27 323
27 11 323
11 52 776
52 11 776
11 24 500
24 11 500
11 16 922
16 11 922
11 47 738
47 11 738
11 14 35
14 11 35
11 25 521
25 11 521
12 16 838
16 12 838
12 26 370
26 12 370
12 28 682
28 12 682
12 45 404
45 12 404
12 25 107
25 12 107
12 16 634
16 12 634
12 35 761
35 12 761
12 17 871
17 12 871
12 16 119
16 12 119
12 40 242
40 12 242
12 39 412
39 12 412
12 16 893
16 12 893
12 23 453
23 12 453
12 22 614
22 12 614
12 52 172
52 12 172
12 55 763
55 12 763
12 45 693
45 12 693
12 15 617
15 12 617
12 55 799
55 12 799
12 26 422
26 12 422
12 15 29
15 12 29
12 53 534
53 12 534
12 47 457
47 12 457
13 15 505
15 13 505
13 17 866
17 13 866
13 27 950
27 13 950
13 34 328
34 13 328
13 40 782
40 13 782
13 31 665
31 13 665
13 17 804
17 13 804
13 45 672
45 13 672
13 46 363
46 13 363
13 47 681
47 13 681
13 37 84
37 13 84
13 43 431
43 13 431
13 56 138
56 13 138
13 27 978
27 13 978
13 33 84
33 13 84
13 41 614
41 13 614
13 43 383
43 13 383
13 19 737
19 13 737
13 34 81
34 13 81
13 37 608
37 13 608
13 57 830
57 13 830
13 41 630
41 13 630
13 52 66
52 13 66
13 43 541
43 13 541
14 37 811
37 14 811
14 29 457
29 14 457
14 21 955
21 14 955
14 57 216
57 14 216
14 27 461
27 14 461
14 32 112
32 14 112
14 21 267
21 14 267
14 45 614
45 14 614
14 45 88
45 14 88
14 28 95
28 14 95
14 30 119
30 14 119
14 36 727
36 14 727
15 22 853
22 15 853
15 32 721
32 15 721
15 19 586
19 15 586
15 50 757
50 15 757
15 52 85
52 15 85
15 52 335
52 15 335
15 46 128
46 15 128
15 23 738
23 15 738
15 53 676
53 15 676
15 49 303
49 15 303
15 33 47
33 15 47
15 17 506
17 15 506
15 29 763
29 15 763
15 35 437
35 15 437
15 27 840
27 15 840
15 57 410
57 15 410
15 27 448
27 15 448
15 51 27
51 15 27
15 51 102
51 15 102
15 42 931
42 15 931
15 15 672
15 15 672
15 18 516
18 15 516
16 19 841
19 16 841
16 30 120
30 16 120
16 45 29
45 16 29
16 26 936
26 16 936
16 42 453
42 16 453
16 35 761
35 16 761
16 22 267
22 16 267
16 21 89
21 16 89
16 52 362
52 16 362
16 42 29
42 16 29
16 33 280
33 16 280
16 39 906
39 16 906
16 44 716
44 16 716
16 40 146
40 16 146
16 19 569
19 16 569
16 30 680
30 16 680
16 56 32
56 16 32
16 17 352
17 16 352
17 52 946
52 17 946
17 39 320
39 17 320
17 37 711
37 17 711
17 19 813
19 17 813
17 40 532
40 17 532
17 42 293
42 17 293
17 24 82
24 17 82
17 52 688
52 17 688
17 26 886
26 17 886
17 36 434
36 17 434
17 44 910
44 17 910
17 32 954
32 17 954
17 34 628
34 17 628
17 29 982
29 17 982
17 34 493
34 17 493
17 46 852
46 17 852
17 52 948
52 17 948
17 20 986
20 17 986
18 24 839
24 18 839
18 49 604
49 18 604
18 53 321
53 18 321
18 39 653
39 18 653
18 25 426
25 18 426
18 39 93
39 18 93
18 25 58
25 18 58
18 36 497
36 18 497
18 19 7
19 18 7
18 21 594
21 18 594
18 42 617
42 18 617
18 45 413
45 18 413
18 41 16
41 18 16
19 53 233
53 19 233
19 51 531
51 19 531
19 34 68
34 19 68
19 32 548
32 19 548
19 24 24
24 19 24
19 56 106
56 19 106
19 25 884
25 19 884
19 24 48
24 19 48
19 27 69
27 19 69
19 22 936
22 19 936
19 29 992
29 19 992
19 53 944
53 19 944
19 21 611
21 19 611
20 21 329
21 20 329
20 58 913
58 20 913
20 49 520
49 20 520
20 45 303
45 20 303
20 35 72
35 20 72
20 35 757
35 20 757
20 22 672
22 20 672
20 37 361
37 20 361
20 53 816
53 20 816
20 47 79
47 20 79
20 37 860
37 20 860
20 57 898
57 20 898
21 48 506
48 21 506
21 30 20
30 21 20
21 47 611
47 21 611
21 51 235
51 21 235
21 53 49
53 21 49
21 46 178
46 21 178
21 51 122
51 21 122
21 29 610
29 21 610
21 25 271
25 21 271
21 58 972
58 21 972
21 34 884
34 21 884
21 35 183
35 21 183
22 36 381
36 22 381
22 55 369
55 22 369
22 47 275
47 22 275
22 27 672
27 22 672
22 47 692
47 22 692
22 49 714
49 22 714
22 50 288
50 22 288
22 26 332
26 22 332
22 24 991
24 22 991
22 38 458
38 22 458
22 30 897
30 22 897
22 46 842
46 22 842
22 32 388
32 22 388
22 55 614
55 22 614
22 23 849
23 22 849
22 58 730
58 22 730
23 45 213
45 23 213
23 24 175
24 23 175
23 34 431
34 23 431
23 36 486
36 23 486
23 57 508
57 23 508
23 34 442
34 23 442
23 27 889
27 23 889
23 25 47
25 23 47
23 46 41
46 23 41
23 35 420
35 23 420
23 31 390
31 23 390
23 36 535
36 23 535
23 29 913
29 23 913
24 48 424
48 24 424
24 49 602
49 24 602
24 51 761
51 24 761
24 54 982
54 24 982
24 56 665
56 24 665
24 35 215
35 24 215
24 37 101
37 24 101
24 36 486
36 24 486
24 35 486
35 24 486
24 52 89
52 24 89
24 25 728
25 24 728
24 39 127
39 24 127
24 28 693
28 24 693
24 29 955
29 24 955
25 34 806
34 25 806
25 34 887
34 25 887
25 27 66
27 25 66
25 39 346
39 25 346
25 33 4
33 25 4
25 49 727
49 25 727
25 56 882
56 25 882
25 47 181
47 25 181
25 30 106
30 25 106
25 44 447
44 25 447
25 35 947
35 25 947
25 30 930
30 25 930
25 41 49
41 25 49
25 26 776
26 25 776
25 56 497
56 25 497
25 42 402
42 25 402
25 40 665
40 25 665
25 53 164
53 25 164
25 28 885
28 25 885
25 52 622
52 25 622
25 32 846
32 25 846
25 37 123
37 25 123
26 32 838
32 26 838
26 44 732
44 26 732
26 35 715
35 26 715
26 28 348
28 26 348
26 30 469
30 26 469
26 40 240
40 26 240
26 49 299
49 26 299
26 34 465
34 26 465
26 40 427
40 26 427
26 32 75
32 26 75
26 29 602
29 26 602
26 29 674
29 26 674
26 50 641
50 26 641
26 54 574
54 26 574
26 33 280
33 26 280
26 27 141
27 26 141
27 38 723
38 27 723
27 39 107
39 27 107
27 29 345
29 27 345
27 54 894
54 27 894
27 35 678
35 27 678
27 42 362
42 27 362
28 39 340
39 28 340
28 29 215
29 28 215
28 36 600
36 28 600
28 33 407
33 28 407
28 46 402
46 28 402
28 29 370
29 28 370
28 57 144
57 28 144
28 54 875
54 28 875
28 44 937
44 28 937
28 34 880
34 28 880
28 54 175
54 28 175
28 35 634
35 28 634
28 49 348
49 28 348
29 33 621
33 29 621
29 39 910
39 29 910
29 30 642
30 29 642
29 38 243
38 29 243
29 34 164
34 29 164
29 55 929
55 29 929
29 46 435
46 29 435
29 44 533
44 29 533
29 40 476
40 29 476
29 46 958
46 29 958
29 42 84
42 29 84
30 41 79
41 30 79
30 45 486
45 30 486
30 44 30
44 30 30
30 50 319
50 30 319
30 46 795
46 30 795
30 39 465
39 30 465
30 34 508
34 30 508
30 57 342
57 30 342
30 37 307
37 30 307
31 53 970
53 31 970
31 41 771
41 31 771
31 54 353
54 31 353
31 49 931
49 31 931
31 42 894
42 31 894
31 53 602
53 31 602
31 42 86
42 31 86
31 48 472
48 31 472
31 34 860
34 31 860
31 45 580
45 31 580
32 44 761
44 32 761
32 51 152
51 32 152
32 55 397
55 32 397
32 53 659
53 32 659
32 46 245
46 32 245
32 38 809
38 32 809
33 50 807
50 33 807
33 37 621
37 33 621
33 42 802
42 33 802
33 56 184
56 33 184
33 56 202
56 33 202
33 48 287
48 33 287
33 57 145
57 33 145
34 35 465
35 34 465
34 46 905
46 34 905
34 42 615
42 34 615
34 52 227
52 34 227
34 58 388
58 34 388
34 35 535
35 34 535
34 55 586
55 34 586
34 52 846
52 34 846
34 37 155
37 34 155
34 39 221
39 34 221
34 42 962
42 34 962
34 40 503
40 34 503
34 38 370
38 34 370
34 47 143
47 34 143
35 36 687
36 35 687
35 41 655
41 35 655
35 56 451
56 35 451
35 42 298
42 35 298
35 56 341
56 35 341
35 48 327
48 35 327
35 52 688
52 35 688
35 46 847
46 35 847
35 39 94
39 35 94
35 49 490
49 35 490
35 47 392
47 35 392
35 57 975
57 35 975
35 51 83
51 35 83
35 46 444
46 35 444
36 58 404
58 36 404
36 40 879
40 36 879
36 58 979
58 36 979
36 37 977
37 36 977
36 48 477
48 36 477
36 44 204
44 36 204
36 57 141
57 36 141
36 39 355
39 36 355
36 52 232
52 36 232
36 54 994
54 36 994
36 56 204
56 36 204
36 37 119
37 36 119
36 54 193
54 36 193
37 40 106
40 37 106
37 44 766
44 37 766
37 51 113
51 37 113
37 44 454
44 37 454
37 52 380
52 37 380
37 40 299
40 37 299
37 38 2
38 37 2
37 43 716
43 37 716
38 43 698
43 38 698
38 47 499
47 38 499
38 54 426
54 38 426
38 53 270
53 38 270
38 50 217
50 38 217
38 49 154
49 38 154
38 47 609
47 38 609
38 43 420
43 38 420
39 46 948
46 39 948
39 48 175
48 39 175
39 58 673
58 39 673
39 41 491
41 39 491
39 49 600
49 39 600
39 47 85
47 39 85
39 45 86
45 39 86
39 57 411
57 39 411
39 40 904
40 39 904
39 41 233
41 39 233
39 55 821
55 39 821
40 51 613
51 40 613
40 47 31
47 40 31
40 49 74
49 40 74
40 53 190
53 40 190
40 52 518
52 40 518
40 54 359
54 40 359
40 46 235
46 40 235
40 43 788
43 40 788
40 42 760
42 40 760
40 50 827
50 40 827
41 56 290
56 41 290
41 51 502
51 41 502
41 54 885
54 41 885
41 51 173
51 41 173
41 54 65
54 41 65
41 51 463
51 41 463
41 44 212
44 41 212
41 49 360
49 41 360
42 52 212
52 42 212
42 42 227
42 42 227
42 42 580
42 42 580
42 55 712
55 42 712
42 51 750
51 42 750
42 44 293
44 42 293
44 47 385
47 44 385
44 45 765
45 44 765
44 44 630
44 44 630
44 51 330
51 44 330
44 53 699
53 44 699
45 54 661
54 45 661
45 48 614
48 45 614
45 55 192
55 45 192
45 46 975
46 45 975
46 57 827
57 46 827
46 49 804
49 46 804
46 48 559
48 46 559
46 48 108
48 46 108
46 46 839
46 46 839
46 52 153
52 46 153
46 52 441
52 46 441
46 56 164
56 46 164
46 53 278
53 46 278
47 49 669
49 47 669
47 49 607
49 47 607
47 51 669
51 47 669
47 56 693
56 47 693
47 54 258
54 47 258
47 50 141
50 47 141
48 57 454
57 48 454
49 51 836
51 49 836
49 53 424
53 49 424
49 50 935
50 49 935
49 53 494
53 49 494
49 50 842
50 49 842
49 50 288
50 49 288
49 50 976
50 49 976
50 54 127
54 50 127
50 58 488
58 50 488
50 55 161
55 50 161
51 55 233
55 51 233
52 57 893
57 52 893
52 52 981
52 52 981
55 58 409
58 55 409
55 56 121
56 55 121
56 57 279
57 56 279
57 58 186
58 57 186
