21

0 1 864
1 0 864
0 2 518
2 0 518
0 3 848
3 0 848
0 5 753
5 0 753
0 18 255
18 0 255
0 5 151
5 0 151
0 6 214
6 0 214
0 16 160
16 0 160
0 19 749
19 0 749
0 1 509
1 0 509
0 19 750
19 0 750
0 15 842
15 0 842
0 2 485
2 0 485
1 4 71
4 1 71
1 9 60
9 1 60
1 5 574
5 1 574
1 16 208
16 1 208
1 19 197
19 1 197
1 2 896
2 1 896
1 9 6
9 1 6
1 9 945
9 1 945
1 15 234
15 1 234
1 4 655
4 1 655
1 4 523
4 1 523
1 19 596
19 1 596
1 12 571
12 1 571
1 4 27
4 1 27
1 13 681
13 1 681
1 9 432
9 1 432
2 9 849
9 2 849
2 12 264
12 2 264
2 13 230
13 2 230
2 10 920
10 2 920
2 20 282
20 2 282
2 7 49
7 2 49
2 6 801
6 2 801
2 4 365
4 2 365
2 5 2
5 2 2
2 7 948
7 2 948
2 20 360
20 2 360
2 19 653
19 2 653
2 15 721
15 2 721
2 5 998
5 2 998
2 11 152
11 2 152
2 10 957
10 2 957
2 9 51
9 2 51
3 8 832
8 3 832
3 16 341
16 3 341
3 14 11
14 3 11
3 8 435
8 3 435
3 7 851
7 3 851
3 18 928
18 3 928
3 9 413
9 3 413
3 18 239
18 3 239
3 18 820
18 3 820
3 14 866
14 3 866
3 10 960
10 3 960
3 17 986
17 3 986
3 17 408
17 3 408
3 9 501
9 3 501
3 16 500
16 3 500
4 6 759
6 4 759
4 7 659
7 4 659
4 10 374
10 4 374
4 6 754
6 4 754
4 5 730
5 4 730
4 17 953
17 4 953
5 9 332
9 5 332
5 9 539
9 5 539
5 12 645
12 5 645
5 19 949
19 5 949
5 10 256
10 5 256
5 13 884
13 5 884
5 18 910
18 5 910
5 16 52
16 5 52
5 18 19
18 5 19
5 18 860
18 5 860
6 15 158
15 6 158
6 16 255
16 6 255
6 20 918
20 6 918
6 9 613
9 6 613
6 13 651
13 6 651
6 19 159
19 6 159
6 20 430
20 6 430
6 8 342
8 6 342
7 19 119
19 7 119
7 19 928
19 7 928
7 18 90
18 7 90
7 18 115
18 7 115
7 19 118
19 7 118
7 9 604
9 7 604
7 10 632
10 7 632
7 16 56
16 7 56
7 8 946
8 7 946
7 11 953
11 7 953
7 11 953
11 7 953
8 11 398
11 8 398
8 10 928
10 8 928
8 13 252
13 8 252
8 16 342
16 8 342
8 9 913
9 8 913
8 15 589
15 8 589
8 16 209
16 8 209
9 12 406
12 9 406
9 19 309
19 9 309
9 16 293
16 9 293
9 19 838
19 9 838
9 15 965
15 9 965
9 15 483
15 9 483
9 13 809
13 9 809
9 11 874
11 9 874
9 18 848
18 9 848
9 14 421
14 9 421
10 14 75
14 10 75
10 15 253
15 10 253
10 13 817
13 10 817
10 12 330
12 10 330
10 16 535
16 10 535
10 11 131
11 10 131
10 14 769
14 10 769
11 14 521
14 11 521
11 14 225
14 11 225
11 13 876
13 11 876
11 17 292
17 11 292
11 13 858
13 11 858
11 17 335
17 11 335
11 15 24
15 11 24
11 17 436
17 11 436
12 13 395
13 12 395
12 17 736
17 12 736
12 13 541
13 12 541
12 19 106
19 12 106
12 19 770
19 12 770
13 17 590
17 13 590
13 19 349
19 13 349
14 17 914
17 14 914
14 16 521
16 14 521
14 18 323
18 14 323
14 17 48
17 14 48
15 17 896
17 15 896
15 15 696
15 15 696
15 20 694
20 15 694
15 20 441
20 15 441
16 20 919
20 16 919
16 18 243
18 16 243
17 18 484
18 17 484
18 19 271
19 18 271
19 19 33
19 19 33
19 19 238
19 19 238
