95

0 1 166
1 0 166
0 2 180
2 0 180
0 6 119
6 0 119
0 17 669
17 0 669
0 20 515
20 0 515
0 34 409
34 0 409
0 23 580
23 0 580
0 73 71
73 0 71
0 58 611
58 0 611
0 9 51
9 0 51
0 17 91
17 0 91
0 58 480
58 0 480
0 45 920
45 0 920
0 85 779
85 0 779
0 94 575
94 0 575
0 14 892
14 0 892
1 3 813
3 1 813
1 4 327
4 1 327
1 8 494
8 1 494
1 11 143
11 1 143
1 15 656
15 1 656
1 40 197
40 1 197
1 46 235
46 1 235
1 80 196
80 1 196
1 81 894
81 1 894
1 88 712
88 1 712
1 35 383
35 1 383
1 59 372
59 1 372
1 86 600
86 1 600
1 74 932
74 1 932
1 51 827
51 1 827
1 63 569
63 1 569
1 20 433
20 1 433
1 8 84
8 1 84
1 89 680
89 1 680
1 4 138
4 1 138
1 72 354
72 1 354
1 67 209
67 1 209
2 26 527
26 2 527
2 45 969
45 2 969
2 60 63
60 2 63
2 46 530
46 2 530
2 88 978
88 2 978
2 89 98
89 2 98
2 12 797
12 2 797
2 34 543
34 2 543
2 16 254
16 2 254
2 14 409
14 2 409
2 25 385
25 2 385
2 12 126
12 2 126
2 70 455
70 2 455
2 2 283
2 2 283
3 27 218
27 3 218
3 33 317
33 3 317
3 45 950
45 3 950
3 36 806
36 3 806
3 29 428
29 3 428
3 26 731
26 3 731
3 14 867
14 3 867
3 46 595
46 3 595
4 5 125
5 4 125
4 7 397
7 4 397
4 9 655
9 4 655
4 14 549
14 4 549
4 8 755
8 4 755
4 8 178
8 4 178
4 54 279
54 4 279
4 11 360
11 4 360
4 93 488
93 4 488
4 38 560
38 4 560
5 43 395
43 5 395
5 44 269
44 5 269
5 56 240
56 5 240
5 39 684
39 5 684
5 93 727
93 5 727
5 25 216
25 5 216
5 15 628
15 5 628
5 89 20
89 5 20
6 10 900
10 6 900
6 13 830
13 6 830
6 32 464
32 6 464
6 52 465
52 6 465
6 37 11
37 6 11
6 91 484
91 6 484
6 42 48
42 6 48
6 62 960
62 6 960
6 51 322
51 6 322
6 59 869
59 6 869
6 7 254
7 6 254
6 71 593
71 6 593
7 12 309
12 7 309
7 22 416
22 7 416
7 30 657
30 7 657
7 54 248
54 7 248
7 52 498
52 7 498
7 11 689
11 7 689
7 64 345
64 7 345
7 26 108
26 7 108
7 70 256
70 7 256
7 29 789
29 7 789
7 40 503
40 7 503
7 84 461
84 7 461
7 43 866
43 7 866
7 30 386
30 7 386
7 44 8
44 7 8
8 80 732
80 8 732
8 58 534
58 8 534
8 67 358
67 8 358
8 89 434
89 8 434
8 83 185
83 8 185
9 17 326
17 9 326
9 13 409
13 9 409
9 76 847
76 9 847
9 65 387
65 9 387
9 91 402
91 9 402
9 64 276
64 9 276
9 18 839
18 9 839
9 86 197
86 9 197
9 80 950
80 9 950
9 78 925
78 9 925
10 16 953
16 10 953
10 53 241
53 10 241
10 55 329
55 10 329
10 58 141
58 10 141
10 92 237
92 10 237
10 29 50
29 10 50
10 47 788
47 10 788
10 87 752
87 10 752
10 76 285
76 10 285
10 88 41
88 10 41
10 44 124
44 10 124
10 70 30
70 10 30
10 21 62
21 10 62
11 28 858
28 11 858
11 37 265
37 11 265
11 69 654
69 11 654
11 59 209
59 11 209
11 28 333
28 11 333
11 61 200
61 11 200
11 72 262
72 11 262
11 69 991
69 11 991
12 59 104
59 12 104
12 50 694
50 12 694
12 64 543
64 12 543
12 46 295
46 12 295
12 92 397
92 12 397
12 80 724
80 12 724
12 85 266
85 12 266
12 67 450
67 12 450
12 64 387
64 12 387
13 72 295
72 13 295
13 75 985
75 13 985
13 51 221
51 13 221
13 44 805
44 13 805
13 26 104
26 13 104
13 35 25
35 13 25
14 61 52
61 14 52
14 72 698
72 14 698
14 77 282
77 14 282
14 86 135
86 14 135
14 49 537
49 14 537
14 91 789
91 14 789
14 33 531
33 14 531
14 37 640
37 14 640
15 18 364
18 15 364
15 23 188
23 15 188
15 91 66
91 15 66
15 50 341
50 15 341
15 80 316
80 15 316
15 86 516
86 15 516
15 23 470
23 15 470
15 76 432
76 15 432
15 35 434
35 15 434
15 37 153
37 15 153
15 34 730
34 15 730
15 32 306
32 15 306
15 48 755
48 15 755
16 19 402
19 16 402
16 21 984
21 16 984
16 24 720
24 16 720
16 62 372
62 16 372
16 73 861
73 16 861
16 74 458
74 16 458
16 82 837
82 16 837
16 93 701
93 16 701
16 24 653
24 16 653
16 77 365
77 16 365
17 47 5
47 17 5
17 51 759
51 17 759
17 25 893
25 17 893
17 41 386
41 17 386
17 61 46
61 17 46
17 20 369
20 17 369
17 18 117
18 17 117
17 73 284
73 17 284
18 35 950
35 18 950
18 61 549
61 18 549
18 63 158
63 18 158
18 27 112
27 18 112
18 22 295
22 18 295
18 23 2
23 18 2
18 73 14
73 18 14
18 51 218
51 18 218
18 63 611
63 18 611
19 27 719
27 19 719
19 45 292
45 19 292
19 55 213
55 19 213
19 65 664
65 19 664
19 31 337
31 19 337
19 79 742
79 19 742
19 70 557
70 19 557
19 58 688
58 19 688
19 27 228
27 19 228
19 78 279
78 19 279
20 33 782
33 20 782
20 49 552
49 20 552
20 84 473
84 20 473
20 54 749
54 20 749
21 51 14
51 21 14
21 78 597
78 21 597
21 35 216
35 21 216
21 70 58
70 21 58
21 86 912
86 21 912
21 31 116
31 21 116
21 43 2
43 21 2
21 30 848
30 21 848
21 86 539
86 21 539
21 51 337
51 21 337
21 63 926
63 21 926
22 28 680
28 22 680
22 60 637
60 22 637
22 92 175
92 22 175
22 90 637
90 22 637
22 87 422
87 22 422
22 44 50
44 22 50
22 42 610
42 22 610
22 26 820
26 22 820
22 62 417
62 22 417
22 72 129
72 22 129
23 25 874
25 23 874
23 51 633
51 23 633
23 44 206
44 23 206
23 55 242
55 23 242
23 51 730
51 23 730
23 34 984
34 23 984
24 37 863
37 24 863
24 42 319
42 24 319
24 64 673
64 24 673
24 74 366
74 24 366
24 43 432
43 24 432
24 82 469
82 24 469
24 25 429
25 24 429
24 80 841
80 24 841
24 48 325
48 24 325
24 27 843
27 24 843
25 50 482
50 25 482
25 56 481
56 25 481
25 68 125
68 25 125
25 91 846
91 25 846
25 50 431
50 25 431
25 72 26
72 25 26
25 52 454
52 25 454
25 67 939
67 25 939
25 28 511
28 25 511
25 31 359
31 25 359
26 29 75
29 26 75
26 31 130
31 26 130
26 43 959
43 26 959
26 46 972
46 26 972
26 52 342
52 26 342
26 36 717
36 26 717
26 82 160
82 26 160
26 65 366
65 26 366
26 77 626
77 26 626
27 39 6
39 27 6
27 87 464
87 27 464
27 61 206
61 27 206
27 80 288
80 27 288
27 49 41
49 27 41
27 82 8
82 27 8
27 88 438
88 27 438
27 67 674
67 27 674
28 65 534
65 28 534
28 73 380
73 28 380
28 60 453
60 28 453
28 74 620
74 28 620
28 46 676
46 28 676
28 86 820
86 28 820
28 94 209
94 28 209
29 48 310
48 29 310
29 46 313
46 29 313
29 40 278
40 29 278
29 57 416
57 29 416
29 31 99
31 29 99
29 55 296
55 29 296
29 32 917
32 29 917
29 84 167
84 29 167
29 68 162
68 29 162
29 53 915
53 29 915
30 74 961
74 30 961
30 47 919
47 30 919
30 47 274
47 30 274
30 36 493
36 30 493
30 87 97
87 30 97
30 74 776
74 30 776
30 90 396
90 30 396
30 47 837
47 30 837
30 33 414
33 30 414
31 71 551
71 31 551
31 72 434
72 31 434
31 91 649
91 31 649
31 66 371
66 31 371
31 55 840
55 31 840
31 74 12
74 31 12
31 60 764
60 31 764
31 57 794
57 31 794
31 66 709
66 31 709
31 51 186
51 31 186
31 55 251
55 31 251
32 36 97
36 32 97
32 75 112
75 32 112
32 57 425
57 32 425
32 51 324
51 32 324
32 33 567
33 32 567
33 38 915
38 33 915
33 43 688
43 33 688
33 41 581
41 33 581
33 92 965
92 33 965
33 71 990
71 33 990
33 85 443
85 33 443
33 68 862
68 33 862
33 41 246
41 33 246
33 79 43
79 33 43
34 84 173
84 34 173
34 89 231
89 34 231
34 90 393
90 34 393
34 78 601
78 34 601
34 65 643
65 34 643
34 72 122
72 34 122
35 55 310
55 35 310
35 43 652
43 35 652
35 36 501
36 35 501
35 67 482
67 35 482
35 85 268
85 35 268
36 55 273
55 36 273
36 49 522
49 36 522
36 80 830
80 36 830
36 87 186
87 36 186
36 81 922
81 36 922
36 45 533
45 36 533
36 41 917
41 36 917
37 41 772
41 37 772
37 44 909
44 37 909
37 65 416
65 37 416
37 69 860
69 37 860
37 76 5
76 37 5
37 67 154
67 37 154
37 86 834
86 37 834
37 51 964
51 37 964
37 55 257
55 37 257
37 54 894
54 37 894
37 68 87
68 37 87
37 84 816
84 37 816
37 66 557
66 37 557
37 75 911
75 37 911
37 41 394
41 37 394
37 80 746
80 37 746
38 67 463
67 38 463
38 39 951
39 38 951
38 71 79
71 38 79
38 63 714
63 38 714
38 85 625
85 38 625
38 88 49
88 38 49
38 83 474
83 38 474
39 59 827
59 39 827
39 74 400
74 39 400
39 74 310
74 39 310
39 55 744
55 39 744
40 79 950
79 40 950
40 81 816
81 40 816
40 81 262
81 40 262
40 78 216
78 40 216
41 49 103
49 41 103
41 51 684
51 41 684
41 79 8
79 41 8
41 69 315
69 41 315
41 87 337
87 41 337
41 41 302
41 41 302
41 70 311
70 41 311
42 57 629
57 42 629
42 67 163
67 42 163
42 43 714
43 42 714
42 66 480
66 42 480
42 51 714
51 42 714
42 64 572
64 42 572
43 57 543
57 43 543
43 51 685
51 43 685
43 57 966
57 43 966
43 69 972
69 43 972
44 63 158
63 44 158
45 94 542
94 45 542
45 51 125
51 45 125
45 90 43
90 45 43
45 80 2
80 45 2
45 91 241
91 45 241
45 89 408
89 45 408
45 89 722
89 45 722
45 72 333
72 45 333
45 73 419
73 45 419
45 74 428
74 45 428
46 66 583
66 46 583
46 84 80
84 46 80
46 86 655
86 46 655
46 62 538
62 46 538
46 91 746
91 46 746
47 83 694
83 47 694
47 54 76
54 47 76
47 78 16
78 47 16
47 48 667
48 47 667
47 50 469
50 47 469
47 55 829
55 47 829
47 94 203
94 47 203
48 78 961
78 48 961
48 90 910
90 48 910
48 91 408
91 48 408
48 69 987
69 48 987
48 84 25
84 48 25
48 70 554
70 48 554
48 54 608
54 48 608
48 65 639
65 48 639
49 57 853
57 49 853
49 77 757
77 49 757
49 89 916
89 49 916
49 73 509
73 49 509
49 77 73
77 49 73
49 66 88
66 49 88
50 63 541
63 50 541
50 88 794
88 50 794
50 94 75
94 50 75
51 89 283
89 51 283
51 56 541
56 51 541
51 79 1
79 51 1
52 60 660
60 52 660
52 67 37
67 52 37
52 68 377
68 52 377
52 86 783
86 52 783
52 78 735
78 52 735
52 67 194
67 52 194
52 86 227
86 52 227
53 89 321
89 53 321
53 63 798
63 53 798
53 68 698
68 53 698
54 70 511
70 54 511
54 69 867
69 54 867
54 74 831
74 54 831
55 71 364
71 55 364
55 67 316
67 55 316
56 74 731
74 56 731
56 89 14
89 56 14
56 74 552
74 56 552
56 77 13
77 56 13
57 77 163
77 57 163
57 93 548
93 57 548
58 85 973
85 58 973
58 66 233
66 58 233
58 75 696
75 58 696
59 61 602
61 59 602
59 77 234
77 59 234
59 77 269
77 59 269
60 63 817
63 60 817
60 91 54
91 60 54
60 66 282
66 60 282
60 82 996
82 60 996
60 65 423
65 60 423
60 79 740
79 60 740
61 77 839
77 61 839
62 70 929
70 62 929
62 72 278
72 62 278
62 74 619
74 62 619
62 70 761
70 62 761
63 67 709
67 63 709
63 88 68
88 63 68
63 64 339
64 63 339
63 65 301
65 63 301
64 79 316
79 64 316
64 77 684
77 64 684
65 87 658
87 65 658
65 83 759
83 65 759
65 93 400
93 65 400
66 90 334
90 66 334
66 69 662
69 66 662
66 93 244
93 66 244
67 80 812
80 67 812
67 67 219
67 67 219
67 80 367
80 67 367
68 89 506
89 68 506
68 75 749
75 68 749
69 81 824
81 69 824
69 88 28
88 69 28
69 74 301
74 69 301
69 75 992
75 69 992
70 87 954
87 70 954
70 92 352
92 70 352
71 94 921
94 71 921
72 73 142
73 72 142
72 77 204
77 72 204
73 79 873
79 73 873
75 92 250
92 75 250
76 83 751
83 76 751
76 88 752
88 76 752
77 84 882
84 77 882
78 79 300
79 78 300
78 89 676
89 78 676
78 84 126
84 78 126
80 92 823
92 80 823
81 90 750
90 81 750
82 92 69
92 82 69
82 84 595
84 82 595
83 93 60
93 83 60
84 87 419
87 84 419
84 87 222
87 84 222
84 90 820
90 84 820
86 88 238
88 86 238
86 88 150
88 86 150
86 88 480
88 86 480
88 92 720
92 88 720
91 93 60
93 91 60
