32

0 1 780
1 0 780
0 2 530
2 0 530
0 3 597
3 0 597
0 4 210
4 0 210
0 16 96
16 0 96
0 6 155
6 0 155
0 6 380
6 0 380
0 29 482
29 0 482
0 0 808
0 0 808
0 22 64
22 0 64
0 4 581
4 0 581
0 8 585
8 0 585
0 13 945
13 0 945
0 21 213
21 0 213
0 30 739
30 0 739
0 23 512
23 0 512
0 3 411
3 0 411
0 8 67
8 0 67
0 10 639
10 0 639
0 28 779
28 0 779
0 17 93
17 0 93
0 1 911
1 0 911
1 9 379
9 1 379
1 12 986
12 1 986
1 19 961
19 1 961
1 30 364
30 1 364
1 23 68
23 1 68
1 19 203
19 1 203
1 28 801
28 1 801
1 12 689
12 1 689
1 24 733
24 1 733
1 6 554
6 1 554
1 9 322
9 1 322
1 31 930
31 1 930
1 17 319
17 1 319
1 6 979
6 1 979
1 31 436
31 1 436
1 16 978
16 1 978
1 23 625
23 1 625
1 12 473
12 1 473
1 27 491
27 1 491
1 22 759
22 1 759
1 25 505
25 1 505
1 12 954
12 1 954
1 10 890
10 1 890
2 5 966
5 2 966
2 17 759
17 2 759
2 12 263
12 2 263
2 17 908
17 2 908
2 25 291
25 2 291
2 20 989
20 2 989
2 15 754
15 2 754
2 11 338
11 2 338
2 19 4
19 2 4
2 20 783
20 2 783
2 19 708
19 2 708
2 11 440
11 2 440
2 2 810
2 2 810
2 24 396
24 2 396
2 21 841
21 2 841
2 9 178
9 2 178
2 7 280
7 2 280
3 6 362
6 3 362
3 11 430
11 3 430
3 29 846
29 3 846
3 27 247
27 3 247
3 19 729
19 3 729
3 6 615
6 3 615
3 12 639
12 3 639
3 31 667
31 3 667
3 9 896
9 3 896
3 13 279
13 3 279
3 4 880
4 3 880
3 27 841
27 3 841
3 12 953
12 3 953
3 12 14
12 3 14
3 10 542
10 3 542
3 29 918
29 3 918
3 29 433
29 3 433
3 18 716
18 3 716
3 17 644
17 3 644
3 14 650
14 3 650
3 18 270
18 3 270
4 7 833
7 4 833
4 21 718
21 4 718
4 27 960
27 4 960
4 12 48
12 4 48
4 18 51
18 4 51
4 6 775
6 4 775
4 14 16
14 4 16
4 24 445
24 4 445
4 31 291
31 4 291
4 20 775
20 4 775
5 28 366
28 5 366
5 26 731
26 5 731
5 15 454
15 5 454
5 19 281
19 5 281
5 9 151
9 5 151
5 26 987
26 5 987
5 6 885
6 5 885
5 5 704
5 5 704
5 13 759
13 5 759
5 13 770
13 5 770
5 23 614
23 5 614
5 13 839
13 5 839
5 14 179
14 5 179
5 6 817
6 5 817
5 26 192
26 5 192
5 22 659
22 5 659
5 26 193
26 5 193
6 18 136
18 6 136
6 23 135
23 6 135
6 12 419
12 6 419
6 7 509
7 6 509
6 20 205
20 6 205
6 10 754
10 6 754
6 31 526
31 6 526
6 8 123
8 6 123
6 17 548
17 6 548
6 12 326
12 6 326
6 18 806
18 6 806
6 21 984
21 6 984
6 29 530
29 6 530
6 28 845
28 6 845
6 18 680
18 6 680
6 22 527
22 6 527
6 20 410
20 6 410
6 10 946
10 6 946
7 8 593
8 7 593
7 17 539
17 7 539
7 13 169
13 7 169
7 16 561
16 7 561
7 11 259
11 7 259
7 17 432
17 7 432
7 22 727
22 7 727
7 27 788
27 7 788
7 17 422
17 7 422
7 27 748
27 7 748
7 23 764
23 7 764
7 21 153
21 7 153
7 11 349
11 7 349
8 10 981
10 8 981
8 24 404
24 8 404
8 25 3
25 8 3
8 17 365
17 8 365
8 11 681
11 8 681
8 9 673
9 8 673
8 23 972
23 8 972
8 13 358
13 8 358
8 26 358
26 8 358
8 11 864
11 8 864
8 27 96
27 8 96
8 26 755
26 8 755
8 30 456
30 8 456
8 21 778
21 8 778
8 20 339
20 8 339
8 23 18
23 8 18
8 18 232
18 8 232
8 27 211
27 8 211
9 14 220
14 9 220
9 15 321
15 9 321
9 20 488
20 9 488
9 14 176
14 9 176
9 9 783
9 9 783
9 24 146
24 9 146
9 14 989
14 9 989
9 25 829
25 9 829
9 24 863
24 9 863
9 26 361
26 9 361
9 24 481
24 9 481
9 18 24
18 9 24
9 26 96
26 9 96
9 21 788
21 9 788
9 20 26
20 9 26
9 21 416
21 9 416
9 24 710
24 9 710
10 13 769
13 10 769
10 13 717
13 10 717
10 14 529
14 10 529
10 25 671
25 10 671
10 17 271
17 10 271
10 11 343
11 10 343
10 25 170
25 10 170
10 26 86
26 10 86
10 29 349
29 10 349
10 18 826
18 10 826
10 14 571
14 10 571
10 19 823
19 10 823
11 24 247
24 11 247
11 12 646
12 11 646
11 16 602
16 11 602
11 27 427
27 11 427
11 24 384
24 11 384
11 15 835
15 11 835
11 16 653
16 11 653
11 27 303
27 11 303
11 17 786
17 11 786
11 14 951
14 11 951
11 15 138
15 11 138
12 27 16
27 12 16
12 23 454
23 12 454
12 17 923
17 12 923
12 16 929
16 12 929
12 25 250
25 12 250
12 15 370
15 12 370
12 23 545
23 12 545
12 21 873
21 12 873
12 23 343
23 12 343
12 14 171
14 12 171
12 28 671
28 12 671
12 24 330
24 12 330
12 18 519
18 12 519
12 25 602
25 12 602
12 18 77
18 12 77
13 20 427
20 13 427
13 17 14
17 13 14
13 19 92
19 13 92
13 17 819
17 13 819
13 24 786
24 13 786
13 31 853
31 13 853
13 31 167
31 13 167
13 24 580
24 13 580
13 16 289
16 13 289
13 28 784
28 13 784
13 15 470
15 13 470
13 22 24
22 13 24
13 30 238
30 13 238
14 26 798
26 14 798
14 26 391
26 14 391
14 27 571
27 14 571
14 29 11
29 14 11
14 18 656
18 14 656
14 29 8
29 14 8
14 31 9
31 14 9
14 30 383
30 14 383
14 16 857
16 14 857
14 18 499
18 14 499
14 16 633
16 14 633
15 29 914
29 15 914
15 27 798
27 15 798
15 16 704
16 15 704
15 22 329
22 15 329
15 21 160
21 15 160
15 25 619
25 15 619
16 26 358
26 16 358
16 24 341
24 16 341
16 30 417
30 16 417
16 17 399
17 16 399
16 19 174
19 16 174
16 20 256
20 16 256
16 21 837
21 16 837
16 22 39
22 16 39
16 24 114
24 16 114
16 17 587
17 16 587
16 17 224
17 16 224
17 27 841
27 17 841
17 27 145
27 17 145
17 22 109
22 17 109
17 28 890
28 17 890
17 31 106
31 17 106
17 26 581
26 17 581
17 27 564
27 17 564
17 20 217
20 17 217
17 20 397
20 17 397
17 20 246
20 17 246
17 20 790
20 17 790
17 25 41
25 17 41
17 23 175
23 17 175
18 22 150
22 18 150
18 24 813
24 18 813
18 29 584
29 18 584
18 30 955
30 18 955
18 19 694
19 18 694
18 19 497
19 18 497
18 23 263
23 18 263
18 19 540
19 18 540
19 21 641
21 19 641
19 23 838
23 19 838
19 24 670
24 19 670
19 21 640
21 19 640
19 24 897
24 19 897
19 30 983
30 19 983
19 21 40
21 19 40
20 22 313
22 20 313
20 27 653
27 20 653
20 29 393
29 20 393
20 29 302
29 20 302
20 29 914
29 20 914
20 28 723
28 20 723
20 24 758
24 20 758
20 28 720
28 20 720
20 26 999
26 20 999
20 25 793
25 20 793
21 27 734
27 21 734
21 23 1000
23 21 1000
21 29 400
29 21 400
21 24 192
24 21 192
21 27 227
27 21 227
21 22 219
22 21 219
21 22 753
22 21 753
21 25 461
25 21 461
21 21 249
21 21 249
21 23 33
23 21 33
22 28 1
28 22 1
22 31 416
31 22 416
22 26 327
26 22 327
22 31 810
31 22 810
22 26 137
26 22 137
22 29 779
29 22 779
23 31 622
31 23 622
23 30 37
30 23 37
23 29 191
29 23 191
23 24 303
24 23 303
23 29 874
29 23 874
23 25 852
25 23 852
23 25 941
25 23 941
23 30 588
30 23 588
23 27 312
27 23 312
23 26 264
26 23 264
23 31 267
31 23 267
24 30 114
30 24 114
24 30 173
30 24 173
24 30 142
30 24 142
24 28 991
28 24 991
24 24 724
24 24 724
24 30 149
30 24 149
25 31 745
31 25 745
25 25 614
25 25 614
25 31 763
31 25 763
25 27 595
27 25 595
25 29 659
29 25 659
26 29 752
29 26 752
26 27 7
27 26 7
26 29 986
29 26 986
26 29 986
29 26 986
27 27 754
27 27 754
27 28 947
28 27 947
27 30 937
30 27 937
29 29 468
29 29 468
29 30 286
30 29 286
31 31 339
31 31 339
