52

0 1 475
1 0 475
0 2 130
2 0 130
0 48 290
48 0 290
0 31 713
31 0 713
0 31 735
31 0 735
0 17 632
17 0 632
0 3 686
3 0 686
0 50 445
50 0 445
0 17 350
17 0 350
0 2 671
2 0 671
0 24 693
24 0 693
0 32 270
32 0 270
0 17 47
17 0 47
0 29 168
29 0 168
0 44 208
44 0 208
0 42 950
42 0 950
0 4 939
4 0 939
0 18 794
18 0 794
0 47 98
47 0 98
0 11 424
11 0 424
0 4 660
4 0 660
0 49 266
49 0 266
0 0 61
0 0 61
0 49 802
49 0 802
0 38 613
38 0 613
1 5 617
5 1 617
1 8 770
8 1 770
1 11 216
11 1 216
1 25 614
25 1 614
1 42 844
42 1 844
1 49 322
49 1 322
1 15 913
15 1 913
1 23 937
23 1 937
1 23 842
23 1 842
1 43 942
43 1 942
1 14 308
14 1 308
1 1 974
1 1 974
1 17 799
17 1 799
1 12 582
12 1 582
1 11 434
11 1 434
1 29 177
29 1 177
1 26 651
26 1 651
1 38 643
38 1 643
1 48 424
48 1 424
1 42 268
42 1 268
2 3 60
3 2 60
2 14 206
14 2 206
2 20 38
20 2 38
2 22 310
22 2 310
2 28 549
28 2 549
2 17 104
17 2 104
2 28 985
28 2 985
2 35 119
35 2 119
2 14 619
14 2 619
2 10 138
10 2 138
2 22 214
22 2 214
2 11 960
11 2 960
2 27 977
27 2 977
2 5 83
5 2 83
2 25 532
25 2 532
2 33 534
33 2 534
2 31 723
31 2 723
2 51 193
51 2 193
2 41 758
41 2 758
2 14 457
14 2 457
2 47 215
47 2 215
2 16 842
16 2 842
3 4 640
4 3 640
3 9 125
9 3 125
3 10 440
10 3 440
3 30 508
30 3 508
3 34 402
34 3 402
3 36 784
36 3 784
3 26 440
26 3 440
3 26 772
26 3 772
3 9 675
9 3 675
3 24 544
24 3 544
3 22 312
22 3 312
3 47 270
47 3 270
3 24 582
24 3 582
3 17 80
17 3 80
3 48 641
48 3 641
3 9 685
9 3 685
3 13 956
13 3 956
3 49 514
49 3 514
3 5 941
5 3 941
3 47 303
47 3 303
3 49 556
49 3 556
4 7 660
7 4 660
4 21 582
21 4 582
4 37 770
37 4 770
4 19 952
19 4 952
4 38 530
38 4 530
4 30 457
30 4 457
4 16 897
16 4 897
4 17 546
17 4 546
4 14 838
14 4 838
4 42 574
42 4 574
4 20 468
20 4 468
4 49 778
49 4 778
4 6 15
6 4 15
4 27 429
27 4 429
4 38 880
38 4 880
4 28 934
28 4 934
4 14 224
14 4 224
4 25 204
25 4 204
4 27 513
27 4 513
4 16 789
16 4 789
4 31 739
31 4 739
4 17 295
17 4 295
4 6 548
6 4 548
4 25 651
25 4 651
5 6 56
6 5 56
5 27 187
27 5 187
5 35 316
35 5 316
5 47 748
47 5 748
5 19 712
19 5 712
5 33 144
33 5 144
5 31 189
31 5 189
5 45 845
45 5 845
5 51 613
51 5 613
5 38 939
38 5 939
5 15 627
15 5 627
5 39 550
39 5 550
5 29 94
29 5 94
5 45 121
45 5 121
5 11 41
11 5 41
5 40 278
40 5 278
5 12 290
12 5 290
5 42 734
42 5 734
5 42 892
42 5 892
5 50 422
50 5 422
5 37 488
37 5 488
5 22 295
22 5 295
5 10 159
10 5 159
5 12 747
12 5 747
5 43 1
43 5 1
5 29 500
29 5 500
5 31 36
31 5 36
5 26 528
26 5 528
6 12 695
12 6 695
6 17 328
17 6 328
6 32 300
32 6 300
6 12 545
12 6 545
6 12 724
12 6 724
6 31 983
31 6 983
6 14 923
14 6 923
6 12 509
12 6 509
6 17 315
17 6 315
6 12 52
12 6 52
6 50 902
50 6 902
6 28 513
28 6 513
6 49 201
49 6 201
6 6 267
6 6 267
6 19 975
19 6 975
6 21 200
21 6 200
6 37 487
37 6 487
7 23 386
23 7 386
7 46 683
46 7 683
7 47 336
47 7 336
7 20 810
20 7 810
7 37 590
37 7 590
7 29 46
29 7 46
7 30 238
30 7 238
7 46 395
46 7 395
7 46 931
46 7 931
7 19 283
19 7 283
7 37 691
37 7 691
7 37 27
37 7 27
7 38 559
38 7 559
7 49 990
49 7 990
7 40 166
40 7 166
8 13 128
13 8 128
8 26 971
26 8 971
8 40 273
40 8 273
8 28 81
28 8 81
8 37 233
37 8 233
8 29 60
29 8 60
8 49 748
49 8 748
8 32 73
32 8 73
8 15 899
15 8 899
8 39 752
39 8 752
8 34 586
34 8 586
8 27 729
27 8 729
8 10 5
10 8 5
8 47 254
47 8 254
8 38 897
38 8 897
8 16 50
16 8 50
8 13 871
13 8 871
8 27 58
27 8 58
8 37 442
37 8 442
8 13 79
13 8 79
8 10 879
10 8 879
8 49 991
49 8 991
8 28 140
28 8 140
8 50 640
50 8 640
9 18 399
18 9 399
9 39 58
39 9 58
9 16 950
16 9 950
9 47 398
47 9 398
9 26 707
26 9 707
9 34 697
34 9 697
9 10 672
10 9 672
9 44 514
44 9 514
9 31 779
31 9 779
9 47 920
47 9 920
9 11 122
11 9 122
9 22 796
22 9 796
9 24 660
24 9 660
9 35 998
35 9 998
9 48 82
48 9 82
9 42 874
42 9 874
9 42 416
42 9 416
9 40 965
40 9 965
9 42 761
42 9 761
10 50 361
50 10 361
10 35 350
35 10 350
10 37 956
37 10 956
10 27 237
27 10 237
10 51 498
51 10 498
10 25 488
25 10 488
10 10 885
10 10 885
10 32 407
32 10 407
10 48 671
48 10 671
10 18 179
18 10 179
10 46 279
46 10 279
10 29 198
29 10 198
11 33 345
33 11 345
11 28 243
28 11 243
11 39 498
39 11 498
11 46 259
46 11 259
11 51 587
51 11 587
11 23 702
23 11 702
11 22 339
22 11 339
11 42 24
42 11 24
11 29 323
29 11 323
11 34 432
34 11 432
11 28 951
28 11 951
12 15 315
15 12 315
12 35 337
35 12 337
12 25 581
25 12 581
12 27 12
27 12 12
12 21 149
21 12 149
12 38 652
38 12 652
12 19 41
19 12 41
12 13 717
13 12 717
12 24 215
24 12 215
12 15 725
15 12 725
12 36 780
36 12 780
12 39 510
39 12 510
12 19 236
19 12 236
13 16 811
16 13 811
13 19 551
19 13 551
13 24 617
24 13 617
13 32 749
32 13 749
13 33 962
33 13 962
13 36 140
36 13 140
13 36 207
36 13 207
13 21 738
21 13 738
13 28 90
28 13 90
13 28 356
28 13 356
13 32 664
32 13 664
13 42 597
42 13 597
13 26 19
26 13 19
13 18 332
18 13 332
13 29 175
29 13 175
13 25 174
25 13 174
13 22 729
22 13 729
13 31 474
31 13 474
13 36 993
36 13 993
13 33 887
33 13 887
13 49 778
49 13 778
13 19 435
19 13 435
13 47 282
47 13 282
14 50 295
50 14 295
14 23 531
23 14 531
14 47 117
47 14 117
14 34 964
34 14 964
14 21 210
21 14 210
14 22 757
22 14 757
14 50 907
50 14 907
14 36 926
36 14 926
14 43 586
43 14 586
14 44 817
44 14 817
14 51 551
51 14 551
14 16 928
16 14 928
14 38 504
38 14 504
14 25 937
25 14 937
14 49 861
49 14 861
15 35 183
35 15 183
15 48 847
48 15 847
15 34 626
34 15 626
15 40 261
40 15 261
15 16 333
16 15 333
15 28 683
28 15 683
15 37 317
37 15 317
15 19 901
19 15 901
15 45 740
45 15 740
15 40 564
40 15 564
15 36 132
36 15 132
15 29 99
29 15 99
15 28 283
28 15 283
15 21 79
21 15 79
15 47 185
47 15 185
15 18 397
18 15 397
15 31 823
31 15 823
16 28 910
28 16 910
16 50 131
50 16 131
16 44 270
44 16 270
16 35 194
35 16 194
16 25 252
25 16 252
16 29 807
29 16 807
16 43 824
43 16 824
16 25 726
25 16 726
16 38 299
38 16 299
16 43 771
43 16 771
16 20 772
20 16 772
16 31 722
31 16 722
16 30 908
30 16 908
16 39 968
39 16 968
17 29 275
29 17 275
17 51 251
51 17 251
17 43 631
43 17 631
17 49 569
49 17 569
17 17 149
17 17 149
17 36 528
36 17 528
17 20 689
20 17 689
17 44 722
44 17 722
17 46 312
46 17 312
17 32 302
32 17 302
17 28 856
28 17 856
17 40 191
40 17 191
17 49 298
49 17 298
17 34 681
34 17 681
18 40 785
40 18 785
18 40 711
40 18 711
18 37 510
37 18 510
18 28 814
28 18 814
18 35 752
35 18 752
18 47 857
47 18 857
18 30 978
30 18 978
18 46 260
46 18 260
18 30 535
30 18 535
18 21 911
21 18 911
18 21 651
21 18 651
18 36 656
36 18 656
19 31 811
31 19 811
19 38 340
38 19 340
19 46 11
46 19 11
19 48 726
48 19 726
19 51 913
51 19 913
19 41 716
41 19 716
19 49 307
49 19 307
19 25 193
25 19 193
19 41 281
41 19 281
19 25 679
25 19 679
19 48 434
48 19 434
19 32 691
32 19 691
19 21 7
21 19 7
19 43 580
43 19 580
20 37 639
37 20 639
20 23 917
23 20 917
20 21 145
21 20 145
20 25 163
25 20 163
20 41 948
41 20 948
20 51 803
51 20 803
20 38 436
38 20 436
20 22 555
22 20 555
20 27 291
27 20 291
20 30 639
30 20 639
20 34 554
34 20 554
20 29 634
29 20 634
20 35 528
35 20 528
21 46 583
46 21 583
21 49 739
49 21 739
21 45 787
45 21 787
21 36 281
36 21 281
21 27 703
27 21 703
21 23 472
23 21 472
21 39 938
39 21 938
21 48 250
48 21 250
21 26 552
26 21 552
22 41 755
41 22 755
22 44 437
44 22 437
22 39 862
39 22 862
22 51 229
51 22 229
22 33 115
33 22 115
22 32 41
32 22 41
22 25 630
25 22 630
22 47 899
47 22 899
22 44 499
44 22 499
22 36 881
36 22 881
23 41 921
41 23 921
23 41 216
41 23 216
23 34 602
34 23 602
23 40 722
40 23 722
23 30 32
30 23 32
23 44 491
44 23 491
23 42 656
42 23 656
23 44 650
44 23 650
23 43 629
43 23 629
24 41 384
41 24 384
24 40 246
40 24 246
24 32 330
32 24 330
24 39 660
39 24 660
24 41 769
41 24 769
24 40 14
40 24 14
24 45 316
45 24 316
24 33 662
33 24 662
24 47 738
47 24 738
24 41 438
41 24 438
24 30 528
30 24 528
25 43 251
43 25 251
25 33 800
33 25 800
25 51 322
51 25 322
25 29 281
29 25 281
25 51 349
51 25 349
25 35 546
35 25 546
25 43 562
43 25 562
25 44 75
44 25 75
25 30 6
30 25 6
25 38 803
38 25 803
25 31 445
31 25 445
25 44 748
44 25 748
25 49 848
49 25 848
25 45 713
45 25 713
26 31 151
31 26 151
26 49 907
49 26 907
26 49 893
49 26 893
26 38 738
38 26 738
26 36 366
36 26 366
26 40 925
40 26 925
26 39 944
39 26 944
26 33 246
33 26 246
26 43 11
43 26 11
26 29 512
29 26 512
26 48 24
48 26 24
26 35 949
35 26 949
26 45 931
45 26 931
26 32 539
32 26 539
26 33 683
33 26 683
26 46 633
46 26 633
26 50 942
50 26 942
26 37 381
37 26 381
27 35 619
35 27 619
27 43 525
43 27 525
27 31 601
31 27 601
27 37 547
37 27 547
27 38 64
38 27 64
27 36 204
36 27 204
27 47 710
47 27 710
27 45 950
45 27 950
27 45 271
45 27 271
27 41 7
41 27 7
27 30 621
30 27 621
27 43 245
43 27 245
27 43 769
43 27 769
28 43 48
43 28 48
28 41 581
41 28 581
28 40 61
40 28 61
28 42 640
42 28 640
28 39 528
39 28 528
28 30 14
30 28 14
28 33 173
33 28 173
29 51 790
51 29 790
29 40 142
40 29 142
29 50 459
50 29 459
29 49 10
49 29 10
29 35 198
35 29 198
29 44 124
44 29 124
29 32 840
32 29 840
30 39 996
39 30 996
30 43 246
43 30 246
30 30 438
30 30 438
30 36 273
36 30 273
30 36 112
36 30 112
30 36 533
36 30 533
30 51 265
51 30 265
30 30 329
30 30 329
30 39 970
39 30 970
30 32 464
32 30 464
30 31 268
31 30 268
31 32 295
32 31 295
31 34 900
34 31 900
31 35 75
35 31 75
31 39 816
39 31 816
31 43 386
43 31 386
31 33 145
33 31 145
31 46 343
46 31 343
31 34 44
34 31 44
31 46 849
46 31 849
32 46 514
46 32 514
32 42 309
42 32 309
32 44 445
44 32 445
32 36 944
36 32 944
32 35 135
35 32 135
32 48 5
48 32 5
32 33 300
33 32 300
32 49 304
49 32 304
32 51 646
51 32 646
32 50 185
50 32 185
32 37 754
37 32 754
32 42 877
42 32 877
33 44 230
44 33 230
33 38 432
38 33 432
33 36 242
36 33 242
34 37 819
37 34 819
34 46 871
46 34 871
34 47 708
47 34 708
34 39 853
39 34 853
34 36 772
36 34 772
34 51 184
51 34 184
34 42 47
42 34 47
34 47 915
47 34 915
34 43 782
43 34 782
34 46 523
46 34 523
35 41 498
41 35 498
35 45 866
45 35 866
35 44 175
44 35 175
36 37 25
37 36 25
36 47 20
47 36 20
36 39 301
39 36 301
36 38 780
38 36 780
36 46 337
46 36 337
36 48 958
48 36 958
36 48 310
48 36 310
37 41 899
41 37 899
37 45 908
45 37 908
37 38 592
38 37 592
37 41 235
41 37 235
37 47 297
47 37 297
37 48 64
48 37 64
37 42 406
42 37 406
38 40 452
40 38 452
38 43 261
43 38 261
39 42 340
42 39 340
39 51 105
51 39 105
39 43 890
43 39 890
39 50 400
50 39 400
40 51 833
51 40 833
40 45 407
45 40 407
40 48 344
48 40 344
41 49 462
49 41 462
41 49 7
49 41 7
42 42 242
42 42 242
42 46 326
46 42 326
42 49 634
49 42 634
42 45 923
45 42 923
43 47 348
47 43 348
43 49 199
49 43 199
43 51 550
51 43 550
43 46 157
46 43 157
44 45 294
45 44 294
44 51 645
51 44 645
44 45 555
45 44 555
44 46 624
46 44 624
45 50 852
50 45 852
45 50 663
50 45 663
46 51 923
51 46 923
47 47 277
47 47 277
