77

0 1 51
1 0 51
0 2 74
2 0 74
0 9 901
9 0 901
0 10 105
10 0 105
0 18 505
18 0 505
0 24 225
24 0 225
0 34 626
34 0 626
0 55 717
55 0 717
0 10 127
10 0 127
0 34 994
34 0 994
0 59 419
59 0 419
0 33 870
33 0 870
0 51 562
51 0 562
0 46 343
46 0 343
0 65 575
65 0 575
0 9 172
9 0 172
0 16 475
16 0 475
0 36 255
36 0 255
0 75 461
75 0 461
0 63 25
63 0 25
0 51 23
51 0 23
0 24 208
24 0 208
0 1 831
1 0 831
0 10 86
10 0 86
0 15 782
15 0 782
0 13 342
13 0 342
0 75 754
75 0 754
0 67 543
67 0 543
0 68 180
68 0 180
0 64 866
64 0 866
0 65 933
65 0 933
0 2 234
2 0 234
0 43 131
43 0 131
0 34 515
34 0 515
0 18 196
18 0 196
0 71 529
71 0 529
0 69 122
69 0 122
1 3 140
3 1 140
1 4 92
4 1 92
1 12 167
12 1 167
1 13 911
13 1 911
1 15 140
15 1 140
1 19 825
19 1 825
1 20 638
20 1 638
1 32 592
32 1 592
1 57 325
57 1 325
1 33 271
33 1 271
1 23 242
23 1 242
1 46 26
46 1 26
1 26 482
26 1 482
1 26 759
26 1 759
1 60 965
60 1 965
1 76 809
76 1 809
1 58 553
58 1 553
1 42 369
42 1 369
1 24 960
24 1 960
1 29 287
29 1 287
1 33 969
33 1 969
1 9 22
9 1 22
1 22 247
22 1 247
1 6 350
6 1 350
1 30 471
30 1 471
1 26 994
26 1 994
1 36 638
36 1 638
1 8 668
8 1 668
1 4 245
4 1 245
1 63 905
63 1 905
2 5 959
5 2 959
2 6 253
6 2 253
2 57 11
57 2 11
2 22 393
22 2 393
2 32 103
32 2 103
2 11 69
11 2 69
2 71 262
71 2 262
2 26 658
26 2 658
2 5 562
5 2 562
2 57 606
57 2 606
2 65 130
65 2 130
2 18 848
18 2 848
2 38 295
38 2 295
2 23 173
23 2 173
2 43 866
43 2 866
2 55 49
55 2 49
3 33 101
33 3 101
3 20 839
20 3 839
3 64 945
64 3 945
3 60 684
60 3 684
3 11 331
11 3 331
3 74 312
74 3 312
3 38 810
38 3 810
3 33 370
33 3 370
3 30 117
30 3 117
3 12 595
12 3 595
3 62 44
62 3 44
3 63 521
63 3 521
3 20 257
20 3 257
3 72 951
72 3 951
3 14 99
14 3 99
3 13 465
13 3 465
3 69 181
69 3 181
3 36 524
36 3 524
3 29 330
29 3 330
4 65 230
65 4 230
4 31 344
31 4 344
4 69 4
69 4 4
4 37 136
37 4 136
4 6 237
6 4 237
4 21 534
21 4 534
4 20 115
20 4 115
4 25 168
25 4 168
4 54 828
54 4 828
4 13 60
13 4 60
4 22 107
22 4 107
4 37 244
37 4 244
4 5 694
5 4 694
4 18 690
18 4 690
4 29 905
29 4 905
4 41 153
41 4 153
4 34 930
34 4 930
4 76 826
76 4 826
4 35 342
35 4 342
4 71 992
71 4 992
4 68 312
68 4 312
4 41 857
41 4 857
4 36 674
36 4 674
4 61 214
61 4 214
4 5 315
5 4 315
5 7 288
7 5 288
5 36 893
36 5 893
5 52 535
52 5 535
5 68 558
68 5 558
5 30 553
30 5 553
5 65 56
65 5 56
5 7 132
7 5 132
5 51 82
51 5 82
5 50 841
50 5 841
5 6 48
6 5 48
5 55 243
55 5 243
5 62 68
62 5 68
5 19 422
19 5 422
5 8 992
8 5 992
5 69 523
69 5 523
5 72 351
72 5 351
5 76 692
76 5 692
5 41 917
41 5 917
5 20 209
20 5 209
5 57 405
57 5 405
5 23 336
23 5 336
5 24 978
24 5 978
5 76 363
76 5 363
5 22 591
22 5 591
5 29 656
29 5 656
5 50 28
50 5 28
5 23 864
23 5 864
5 67 919
67 5 919
6 14 471
14 6 471
6 37 473
37 6 473
6 46 710
46 6 710
6 28 326
28 6 326
6 47 62
47 6 62
6 29 486
29 6 486
6 20 485
20 6 485
6 16 125
16 6 125
6 59 419
59 6 419
6 53 789
53 6 789
6 34 662
34 6 662
6 6 947
6 6 947
6 34 85
34 6 85
6 26 75
26 6 75
6 12 407
12 6 407
6 58 869
58 6 869
6 13 874
13 6 874
6 43 579
43 6 579
7 8 653
8 7 653
7 11 653
11 7 653
7 71 945
71 7 945
7 28 783
28 7 783
7 65 32
65 7 32
7 25 905
25 7 905
7 47 333
47 7 333
7 42 616
42 7 616
7 16 938
16 7 938
7 38 990
38 7 990
7 55 85
55 7 85
7 68 61
68 7 61
7 70 237
70 7 237
7 40 291
40 7 291
7 50 518
50 7 518
7 14 45
14 7 45
7 36 782
36 7 782
7 62 94
62 7 94
7 26 417
26 7 417
8 17 489
17 8 489
8 45 143
45 8 143
8 50 244
50 8 244
8 15 448
15 8 448
8 25 455
25 8 455
8 58 182
58 8 182
8 69 436
69 8 436
8 69 40
69 8 40
8 71 883
71 8 883
8 13 31
13 8 31
8 10 157
10 8 157
8 73 588
73 8 588
8 34 860
34 8 860
8 66 333
66 8 333
8 64 372
64 8 372
8 22 982
22 8 982
8 31 276
31 8 276
9 16 197
16 9 197
9 70 321
70 9 321
9 52 26
52 9 26
9 11 618
11 9 618
9 51 561
51 9 561
9 21 604
21 9 604
9 57 615
57 9 615
9 19 393
19 9 393
9 36 119
36 9 119
9 38 668
38 9 668
9 9 732
9 9 732
9 49 627
49 9 627
9 48 894
48 9 894
9 12 695
12 9 695
9 28 388
28 9 388
9 57 13
57 9 13
9 70 537
70 9 537
9 70 808
70 9 808
9 54 490
54 9 490
9 13 345
13 9 345
10 35 850
35 10 850
10 75 570
75 10 570
10 67 900
67 10 900
10 43 662
43 10 662
10 53 808
53 10 808
10 56 171
56 10 171
10 69 233
69 10 233
10 51 776
51 10 776
10 74 492
74 10 492
10 63 438
63 10 438
10 24 845
24 10 845
10 40 729
40 10 729
10 26 142
26 10 142
10 45 474
45 10 474
10 36 612
36 10 612
10 66 737
66 10 737
10 76 956
76 10 956
10 64 997
64 10 997
10 24 219
24 10 219
10 54 461
54 10 461
10 23 698
23 10 698
10 47 528
47 10 528
10 54 175
54 10 175
10 72 815
72 10 815
10 65 590
65 10 590
11 58 656
58 11 656
11 71 647
71 11 647
11 56 35
56 11 35
11 58 290
58 11 290
11 16 854
16 11 854
11 55 987
55 11 987
11 70 853
70 11 853
11 51 102
51 11 102
11 41 959
41 11 959
11 44 278
44 11 278
11 66 922
66 11 922
11 39 434
39 11 434
11 20 627
20 11 627
11 60 97
60 11 97
11 75 32
75 11 32
11 45 423
45 11 423
11 65 558
65 11 558
11 33 369
33 11 369
11 14 724
14 11 724
11 42 322
42 11 322
11 41 482
41 11 482
11 32 200
32 11 200
11 66 916
66 11 916
11 16 232
16 11 232
11 21 467
21 11 467
11 22 195
22 11 195
12 14 73
14 12 73
12 49 929
49 12 929
12 16 156
16 12 156
12 15 864
15 12 864
12 55 793
55 12 793
12 46 543
46 12 543
12 52 52
52 12 52
12 15 450
15 12 450
12 69 924
69 12 924
12 14 798
14 12 798
12 44 967
44 12 967
12 47 610
47 12 610
12 38 515
38 12 515
12 57 517
57 12 517
12 33 805
33 12 805
12 64 419
64 12 419
12 24 588
24 12 588
12 74 784
74 12 784
12 61 68
61 12 68
12 55 789
55 12 789
12 60 1
60 12 1
12 38 639
38 12 639
12 40 311
40 12 311
12 43 124
43 12 124
12 47 777
47 12 777
12 20 452
20 12 452
12 66 157
66 12 157
13 20 107
20 13 107
13 65 86
65 13 86
13 20 120
20 13 120
13 75 554
75 13 554
13 59 115
59 13 115
13 66 534
66 13 534
13 49 318
49 13 318
13 65 349
65 13 349
13 31 432
31 13 432
13 71 152
71 13 152
13 67 555
67 13 555
13 45 566
45 13 566
13 34 306
34 13 306
13 25 476
25 13 476
13 47 595
47 13 595
13 75 794
75 13 794
13 20 311
20 13 311
13 72 671
72 13 671
13 44 4
44 13 4
14 25 488
25 14 488
14 31 13
31 14 13
14 44 805
44 14 805
14 20 756
20 14 756
14 32 735
32 14 735
14 29 521
29 14 521
14 39 40
39 14 40
14 26 130
26 14 130
14 37 780
37 14 780
14 63 173
63 14 173
14 59 311
59 14 311
14 20 258
20 14 258
14 31 665
31 14 665
14 24 657
24 14 657
14 75 736
75 14 736
14 36 357
36 14 357
14 31 805
31 14 805
14 20 17
20 14 17
14 28 503
28 14 503
14 53 25
53 14 25
14 57 707
57 14 707
14 63 383
63 14 383
14 15 187
15 14 187
14 76 98
76 14 98
14 32 44
32 14 44
14 61 657
61 14 657
14 24 692
24 14 692
14 62 604
62 14 604
14 49 189
49 14 189
15 21 545
21 15 545
15 75 215
75 15 215
15 54 311
54 15 311
15 16 875
16 15 875
15 73 410
73 15 410
15 50 974
50 15 974
15 74 37
74 15 37
15 23 720
23 15 720
15 29 299
29 15 299
15 37 508
37 15 508
15 16 667
16 15 667
15 37 714
37 15 714
15 45 199
45 15 199
15 51 969
51 15 969
15 17 590
17 15 590
15 58 52
58 15 52
15 42 857
42 15 857
15 30 620
30 15 620
16 73 180
73 16 180
16 74 825
74 16 825
16 42 286
42 16 286
16 37 109
37 16 109
16 55 841
55 16 841
16 46 432
46 16 432
16 17 222
17 16 222
16 35 212
35 16 212
16 76 48
76 16 48
16 64 833
64 16 833
16 30 660
30 16 660
16 50 152
50 16 152
16 54 384
54 16 384
16 41 815
41 16 815
16 48 414
48 16 414
16 27 128
27 16 128
16 42 7
42 16 7
16 38 694
38 16 694
16 51 982
51 16 982
17 55 588
55 17 588
17 31 23
31 17 23
17 18 903
18 17 903
17 74 694
74 17 694
17 68 591
68 17 591
17 52 771
52 17 771
17 70 479
70 17 479
17 41 641
41 17 641
17 61 992
61 17 992
17 60 427
60 17 427
17 26 453
26 17 453
17 48 639
48 17 639
17 64 595
64 17 595
17 18 89
18 17 89
17 19 210
19 17 210
17 36 708
36 17 708
17 49 881
49 17 881
17 46 9
46 17 9
17 43 934
43 17 934
17 58 563
58 17 563
17 26 511
26 17 511
18 27 886
27 18 886
18 20 448
20 18 448
18 51 962
51 18 962
18 60 387
60 18 387
18 64 864
64 18 864
18 73 931
73 18 931
18 72 15
72 18 15
18 27 45
27 18 45
18 42 296
42 18 296
18 68 455
68 18 455
18 66 513
66 18 513
18 58 659
58 18 659
18 24 565
24 18 565
18 30 841
30 18 841
18 30 982
30 18 982
18 58 177
58 18 177
18 56 875
56 18 875
18 67 246
67 18 246
18 23 616
23 18 616
18 39 511
39 18 511
18 65 184
65 18 184
18 54 367
54 18 367
18 53 126
53 18 126
18 39 670
39 18 670
18 45 831
45 18 831
19 28 371
28 19 371
19 57 833
57 19 833
19 44 277
44 19 277
19 76 193
76 19 193
19 54 800
54 19 800
19 39 176
39 19 176
19 27 284
27 19 284
19 63 185
63 19 185
19 66 547
66 19 547
19 52 377
52 19 377
19 25 386
25 19 386
19 68 966
68 19 966
19 49 972
49 19 972
19 70 5
70 19 5
19 21 639
21 19 639
19 65 904
65 19 904
19 53 838
53 19 838
19 39 319
39 19 319
19 64 766
64 19 766
19 62 361
62 19 361
20 22 247
22 20 247
20 30 836
30 20 836
20 63 756
63 20 756
20 27 67
27 20 67
20 31 119
31 20 119
20 35 573
35 20 573
20 52 784
52 20 784
20 31 89
31 20 89
20 22 436
22 20 436
20 69 233
69 20 233
20 62 639
62 20 639
20 58 633
58 20 633
20 26 138
26 20 138
20 46 909
46 20 909
20 37 645
37 20 645
20 75 761
75 20 761
20 72 890
72 20 890
20 75 56
75 20 56
20 41 335
41 20 335
20 46 593
46 20 593
20 48 653
48 20 653
20 74 209
74 20 209
20 66 604
66 20 604
20 30 388
30 20 388
21 26 840
26 21 840
21 41 106
41 21 106
21 41 163
41 21 163
21 28 331
28 21 331
21 72 364
72 21 364
21 66 612
66 21 612
21 59 473
59 21 473
21 54 263
54 21 263
21 62 273
62 21 273
21 32 720
32 21 720
21 76 15
76 21 15
21 74 12
74 21 12
21 51 878
51 21 878
21 71 711
71 21 711
21 51 615
51 21 615
21 36 338
36 21 338
21 67 554
67 21 554
21 24 235
24 21 235
21 74 435
74 21 435
21 76 488
76 21 488
21 46 607
46 21 607
22 23 515
23 22 515
22 43 967
43 22 967
22 27 142
27 22 142
22 46 806
46 22 806
22 49 874
49 22 874
22 47 62
47 22 62
22 24 817
24 22 817
22 50 924
50 22 924
22 48 694
48 22 694
22 40 577
40 22 577
22 68 889
68 22 889
22 27 467
27 22 467
22 25 897
25 22 897
22 27 685
27 22 685
22 23 367
23 22 367
22 55 337
55 22 337
22 27 919
27 22 919
22 61 384
61 22 384
22 71 792
71 22 792
22 24 104
24 22 104
23 66 966
66 23 966
23 43 201
43 23 201
23 62 312
62 23 312
23 71 956
71 23 956
23 34 364
34 23 364
23 47 147
47 23 147
23 39 686
39 23 686
23 36 960
36 23 960
23 40 435
40 23 435
23 42 819
42 23 819
23 62 634
62 23 634
23 40 279
40 23 279
23 63 536
63 23 536
23 39 393
39 23 393
23 53 621
53 23 621
23 46 224
46 23 224
23 63 220
63 23 220
23 58 785
58 23 785
24 30 67
30 24 67
24 50 370
50 24 370
24 76 892
76 24 892
24 70 211
70 24 211
24 66 208
66 24 208
24 76 131
76 24 131
24 35 370
35 24 370
24 50 916
50 24 916
24 75 608
75 24 608
24 71 418
71 24 418
24 74 653
74 24 653
24 56 422
56 24 422
24 44 864
44 24 864
24 62 132
62 24 132
24 26 606
26 24 606
24 52 344
52 24 344
24 26 518
26 24 518
24 57 864
57 24 864
25 44 340
44 25 340
25 50 270
50 25 270
25 70 916
70 25 916
25 29 29
29 25 29
25 65 560
65 25 560
25 35 372
35 25 372
25 45 169
45 25 169
25 70 178
70 25 178
25 34 621
34 25 621
25 58 156
58 25 156
25 28 845
28 25 845
25 33 899
33 25 899
25 33 936
33 25 936
26 72 910
72 26 910
26 51 223
51 26 223
26 72 760
72 26 760
26 47 293
47 26 293
26 59 807
59 26 807
26 29 609
29 26 609
26 28 213
28 26 213
26 50 199
50 26 199
26 29 151
29 26 151
26 67 967
67 26 967
26 61 166
61 26 166
26 43 452
43 26 452
26 55 878
55 26 878
26 45 412
45 26 412
26 49 383
49 26 383
26 68 390
68 26 390
26 61 849
61 26 849
26 50 787
50 26 787
26 35 702
35 26 702
26 45 252
45 26 252
26 43 983
43 26 983
27 53 733
53 27 733
27 31 886
31 27 886
27 39 301
39 27 301
27 47 52
47 27 52
27 72 970
72 27 970
27 69 961
69 27 961
27 71 91
71 27 91
27 47 138
47 27 138
27 63 290
63 27 290
27 33 878
33 27 878
27 76 683
76 27 683
27 32 437
32 27 437
27 75 523
75 27 523
27 50 987
50 27 987
27 53 802
53 27 802
28 29 150
29 28 150
28 62 853
62 28 853
28 51 806
51 28 806
28 64 827
64 28 827
28 38 606
38 28 606
28 63 706
63 28 706
28 57 421
57 28 421
28 45 382
45 28 382
28 32 333
32 28 333
28 60 418
60 28 418
28 74 567
74 28 567
28 57 276
57 28 276
29 73 212
73 29 212
29 36 609
36 29 609
29 66 117
66 29 117
29 69 264
69 29 264
29 40 428
40 29 428
29 74 784
74 29 784
29 50 159
50 29 159
29 64 723
64 29 723
29 62 910
62 29 910
29 61 442
61 29 442
29 62 82
62 29 82
29 34 161
34 29 161
29 75 929
75 29 929
30 38 591
38 30 591
30 47 33
47 30 33
30 64 117
64 30 117
30 69 261
69 30 261
30 54 741
54 30 741
30 52 985
52 30 985
30 31 290
31 30 290
30 63 146
63 30 146
30 38 41
38 30 41
30 37 772
37 30 772
30 39 196
39 30 196
30 54 758
54 30 758
30 43 481
43 30 481
30 38 632
38 30 632
31 39 320
39 31 320
31 45 229
45 31 229
31 67 99
67 31 99
31 32 109
32 31 109
31 39 910
39 31 910
31 63 59
63 31 59
31 59 604
59 31 604
31 53 228
53 31 228
31 31 708
31 31 708
31 34 394
34 31 394
31 76 656
76 31 656
31 44 603
44 31 603
31 34 557
34 31 557
31 54 487
54 31 487
31 53 831
53 31 831
31 64 551
64 31 551
31 72 239
72 31 239
31 41 175
41 31 175
32 75 493
75 32 493
32 75 413
75 32 413
32 40 600
40 32 600
32 43 919
43 32 919
32 54 534
54 32 534
32 76 668
76 32 668
32 57 24
57 32 24
32 50 15
50 32 15
32 72 220
72 32 220
32 54 543
54 32 543
32 63 764
63 32 764
32 71 129
71 32 129
33 59 552
59 33 552
33 65 825
65 33 825
33 35 80
35 33 80
33 42 12
42 33 12
33 59 928
59 33 928
33 37 158
37 33 158
33 72 688
72 33 688
33 51 92
51 33 92
33 71 484
71 33 484
33 50 540
50 33 540
33 58 597
58 33 597
33 50 384
50 33 384
33 61 857
61 33 857
33 39 804
39 33 804
34 40 385
40 34 385
34 48 81
48 34 81
34 53 20
53 34 20
34 38 72
38 34 72
34 50 156
50 34 156
34 75 145
75 34 145
34 58 953
58 34 953
34 46 639
46 34 639
34 61 169
61 34 169
34 62 215
62 34 215
34 70 120
70 34 120
34 48 356
48 34 356
34 76 75
76 34 75
34 56 916
56 34 916
34 58 281
58 34 281
34 64 629
64 34 629
34 48 989
48 34 989
34 67 282
67 34 282
34 46 269
46 34 269
35 42 582
42 35 582
35 51 373
51 35 373
35 61 252
61 35 252
35 50 754
50 35 754
35 64 464
64 35 464
35 38 971
38 35 971
35 45 909
45 35 909
35 39 9
39 35 9
35 44 514
44 35 514
35 48 549
48 35 549
35 76 320
76 35 320
36 55 307
55 36 307
36 52 688
52 36 688
36 64 129
64 36 129
36 37 677
37 36 677
36 75 788
75 36 788
36 70 15
70 36 15
36 54 541
54 36 541
36 56 36
56 36 36
36 48 35
48 36 35
36 68 15
68 36 15
36 75 259
75 36 259
36 54 822
54 36 822
36 42 436
42 36 436
36 40 869
40 36 869
37 50 188
50 37 188
37 65 844
65 37 844
37 44 240
44 37 240
37 38 132
38 37 132
37 58 888
58 37 888
37 50 42
50 37 42
37 68 246
68 37 246
37 75 468
75 37 468
37 45 578
45 37 578
37 56 142
56 37 142
37 64 287
64 37 287
37 49 936
49 37 936
37 67 844
67 37 844
37 74 459
74 37 459
37 73 341
73 37 341
38 38 274
38 38 274
38 54 953
54 38 953
38 40 941
40 38 941
38 72 310
72 38 310
38 73 76
73 38 76
38 76 866
76 38 866
38 54 199
54 38 199
38 68 436
68 38 436
38 59 711
59 38 711
38 39 33
39 38 33
38 60 22
60 38 22
39 68 300
68 39 300
39 67 908
67 39 908
39 73 530
73 39 530
39 70 158
70 39 158
39 41 916
41 39 916
39 40 566
40 39 566
39 69 202
69 39 202
39 46 520
46 39 520
39 72 96
72 39 96
39 69 669
69 39 669
39 67 372
67 39 372
39 62 301
62 39 301
39 65 628
65 39 628
40 49 721
49 40 721
40 61 442
61 40 442
40 67 552
67 40 552
40 56 793
56 40 793
40 67 877
67 40 877
40 58 459
58 40 459
40 67 561
67 40 561
40 40 582
40 40 582
40 58 674
58 40 674
40 66 941
66 40 941
40 59 9
59 40 9
40 52 545
52 40 545
40 59 264
59 40 264
40 43 361
43 40 361
40 71 875
71 40 875
41 54 322
54 41 322
41 53 74
53 41 74
41 56 929
56 41 929
41 73 329
73 41 329
41 42 152
42 41 152
41 73 601
73 41 601
41 76 451
76 41 451
41 72 59
72 41 59
41 70 44
70 41 44
41 71 647
71 41 647
42 63 244
63 42 244
42 49 838
49 42 838
42 74 576
74 42 576
42 72 604
72 42 604
42 66 167
66 42 167
43 52 865
52 43 865
43 51 265
51 43 265
43 57 911
57 43 911
43 57 249
57 43 249
43 68 785
68 43 785
43 51 901
51 43 901
43 57 74
57 43 74
43 52 182
52 43 182
43 45 192
45 43 192
44 68 607
68 44 607
44 61 186
61 44 186
44 73 857
73 44 857
44 70 611
70 44 611
44 67 235
67 44 235
44 46 460
46 44 460
44 74 963
74 44 963
45 74 819
74 45 819
45 73 804
73 45 804
45 59 811
59 45 811
45 70 349
70 45 349
45 64 674
64 45 674
45 74 644
74 45 644
45 47 328
47 45 328
45 62 534
62 45 534
45 72 4
72 45 4
45 62 51
62 45 51
46 68 18
68 46 18
46 75 740
75 46 740
46 50 27
50 46 27
46 56 870
56 46 870
46 63 179
63 46 179
46 63 470
63 46 470
46 60 830
60 46 830
46 73 32
73 46 32
47 68 780
68 47 780
47 76 300
76 47 300
47 58 765
58 47 765
47 63 579
63 47 579
47 49 552
49 47 552
47 61 705
61 47 705
47 49 110
49 47 110
47 53 235
53 47 235
47 63 855
63 47 855
47 70 894
70 47 894
47 75 395
75 47 395
47 52 585
52 47 585
47 53 889
53 47 889
48 69 821
69 48 821
48 66 526
66 48 526
48 70 298
70 48 298
48 63 689
63 48 689
48 52 853
52 48 853
48 52 958
52 48 958
49 60 262
60 49 262
49 71 454
71 49 454
49 59 645
59 49 645
49 66 279
66 49 279
49 53 59
53 49 59
49 75 315
75 49 315
49 66 64
66 49 64
49 60 90
60 49 90
49 69 791
69 49 791
49 64 988
64 49 988
49 67 159
67 49 159
50 60 738
60 50 738
50 51 605
51 50 605
50 66 803
66 50 803
50 51 131
51 50 131
50 74 357
74 50 357
50 54 177
54 50 177
51 62 804
62 51 804
51 75 104
75 51 104
51 61 33
61 51 33
51 61 187
61 51 187
51 51 515
51 51 515
51 54 467
54 51 467
51 55 838
55 51 838
51 55 72
55 51 72
52 56 458
56 52 458
52 66 10
66 52 10
52 74 30
74 52 30
52 74 105
74 52 105
52 64 467
64 52 467
52 75 390
75 52 390
52 68 110
68 52 110
52 64 316
64 52 316
53 57 621
57 53 621
53 73 443
73 53 443
53 61 762
61 53 762
53 55 332
55 53 332
53 61 492
61 53 492
53 71 81
71 53 81
53 74 146
74 53 146
53 59 858
59 53 858
53 58 425
58 53 425
53 60 245
60 53 245
53 71 80
71 53 80
53 60 99
60 53 99
53 55 126
55 53 126
54 63 53
63 54 53
54 70 743
70 54 743
54 56 596
56 54 596
55 72 131
72 55 131
55 58 442
58 55 442
55 62 983
62 55 983
55 75 601
75 55 601
56 60 755
60 56 755
56 58 704
58 56 704
56 72 121
72 56 121
57 71 312
71 57 312
57 64 967
64 57 967
57 63 990
63 57 990
57 67 173
67 57 173
57 63 203
63 57 203
57 71 947
71 57 947
57 67 498
67 57 498
58 74 220
74 58 220
58 64 210
64 58 210
58 69 609
69 58 609
58 68 220
68 58 220
58 66 528
66 58 528
59 63 748
63 59 748
59 73 956
73 59 956
59 67 494
67 59 494
59 68 950
68 59 950
60 61 821
61 60 821
60 72 932
72 60 932
60 67 810
67 60 810
60 66 145
66 60 145
60 76 40
76 60 40
61 71 578
71 61 578
61 74 24
74 61 24
61 65 609
65 61 609
61 63 372
63 61 372
61 70 326
70 61 326
61 72 874
72 61 874
61 73 221
73 61 221
62 65 755
65 62 755
62 73 441
73 62 441
62 72 108
72 62 108
62 71 766
71 62 766
63 66 141
66 63 141
63 74 661
74 63 661
63 69 958
69 63 958
63 72 981
72 63 981
64 68 198
68 64 198
64 73 630
73 64 630
64 67 950
67 64 950
64 75 969
75 64 969
65 76 834
76 65 834
65 69 922
69 65 922
65 69 536
69 65 536
66 70 384
70 66 384
66 70 311
70 66 311
67 69 654
69 67 654
67 71 230
71 67 230
67 71 53
71 67 53
68 70 332
70 68 332
68 76 615
76 68 615
68 72 997
72 68 997
68 70 803
70 68 803
69 73 168
73 69 168
69 71 307
71 69 307
69 75 514
75 69 514
70 76 367
76 70 367
71 76 127
76 71 127
71 73 830
73 71 830
71 76 40
76 71 40
72 72 32
72 72 32
72 76 924
76 72 924
73 74 430
74 73 430
73 75 647
75 73 647
74 75 641
75 74 641
74 75 504
75 74 504
75 76 799
76 75 799
