51

0 1 496
1 0 496
0 4 951
4 0 951
0 5 930
5 0 930
0 11 114
11 0 114
0 24 410
24 0 410
0 24 480
24 0 480
0 48 140
48 0 140
0 10 335
10 0 335
0 37 674
37 0 674
0 38 954
38 0 954
0 22 632
22 0 632
0 19 585
19 0 585
1 2 957
2 1 957
1 3 378
3 1 378
1 10 834
10 1 834
1 14 561
14 1 561
1 42 127
42 1 127
1 9 773
9 1 773
1 20 347
20 1 347
1 38 833
38 1 833
1 28 933
28 1 933
1 11 980
11 1 980
1 16 584
16 1 584
1 32 202
32 1 202
1 32 292
32 1 292
1 13 843
13 1 843
1 8 540
8 1 540
1 48 484
48 1 484
2 20 728
20 2 728
2 49 390
49 2 390
2 20 313
20 2 313
2 46 864
46 2 864
2 50 580
50 2 580
2 17 272
17 2 272
2 26 666
26 2 666
2 13 809
13 2 809
2 29 588
29 2 588
2 20 210
20 2 210
2 26 286
26 2 286
2 26 814
26 2 814
2 11 208
11 2 208
2 15 77
15 2 77
2 25 548
25 2 548
2 7 907
7 2 907
3 46 333
46 3 333
3 16 473
16 3 473
3 15 188
15 3 188
3 7 361
7 3 361
3 14 777
14 3 777
3 46 247
46 3 247
3 17 735
17 3 735
3 21 443
21 3 443
3 42 648
42 3 648
3 16 364
16 3 364
3 31 127
31 3 127
3 35 931
35 3 931
3 21 383
21 3 383
4 8 516
8 4 516
4 9 942
9 4 942
4 41 887
41 4 887
4 34 587
34 4 587
4 19 372
19 4 372
4 40 784
40 4 784
4 24 804
24 4 804
4 39 624
39 4 624
4 48 639
48 4 639
4 26 394
26 4 394
4 44 975
44 4 975
4 21 993
21 4 993
4 33 545
33 4 545
5 6 687
6 5 687
5 7 92
7 5 92
5 21 417
21 5 417
5 26 195
26 5 195
5 44 468
44 5 468
5 15 212
15 5 212
5 33 117
33 5 117
5 17 2
17 5 2
5 46 583
46 5 583
5 27 659
27 5 659
5 19 65
19 5 65
5 26 433
26 5 433
5 43 519
43 5 519
5 16 534
16 5 534
5 35 455
35 5 455
5 33 697
33 5 697
5 13 138
13 5 138
5 25 697
25 5 697
5 49 629
49 5 629
5 24 874
24 5 874
5 20 447
20 5 447
6 17 501
17 6 501
6 48 329
48 6 329
6 20 599
20 6 599
6 15 434
15 6 434
6 28 445
28 6 445
6 49 56
49 6 56
6 12 294
12 6 294
6 19 420
19 6 420
6 41 161
41 6 161
6 11 105
11 6 105
6 47 511
47 6 511
7 12 569
12 7 569
7 13 342
13 7 342
7 15 225
15 7 225
7 16 265
16 7 265
7 44 170
44 7 170
7 43 448
43 7 448
7 34 283
34 7 283
7 23 339
23 7 339
7 20 171
20 7 171
7 15 126
15 7 126
7 23 936
23 7 936
7 22 891
22 7 891
7 32 139
32 7 139
7 9 17
9 7 17
7 10 760
10 7 760
7 39 345
39 7 345
7 39 88
39 7 88
7 37 163
37 7 163
7 48 363
48 7 363
7 38 488
38 7 488
7 40 731
40 7 731
8 20 794
20 8 794
8 28 179
28 8 179
8 35 219
35 8 219
8 27 39
27 8 39
8 12 758
12 8 758
8 33 142
33 8 142
8 41 825
41 8 825
8 29 297
29 8 297
8 16 703
16 8 703
8 35 802
35 8 802
8 18 558
18 8 558
8 24 435
24 8 435
8 11 611
11 8 611
8 47 230
47 8 230
8 46 166
46 8 166
8 46 995
46 8 995
8 36 849
36 8 849
8 44 521
44 8 521
9 50 191
50 9 191
9 21 62
21 9 62
9 48 659
48 9 659
9 37 119
37 9 119
9 28 984
28 9 984
9 17 953
17 9 953
9 25 822
25 9 822
9 33 640
33 9 640
9 33 756
33 9 756
10 16 351
16 10 351
10 29 864
29 10 864
10 14 462
14 10 462
10 24 410
24 10 410
10 42 575
42 10 575
10 35 641
35 10 641
10 49 628
49 10 628
10 11 136
11 10 136
10 14 950
14 10 950
10 31 469
31 10 469
11 20 252
20 11 252
11 38 565
38 11 565
11 38 69
38 11 69
11 42 442
42 11 442
11 22 353
22 11 353
11 17 446
17 11 446
11 15 201
15 11 201
12 48 106
48 12 106
12 20 988
20 12 988
12 24 451
24 12 451
12 31 3
31 12 3
12 49 92
49 12 92
12 38 185
38 12 185
12 24 746
24 12 746
12 47 537
47 12 537
12 45 711
45 12 711
12 38 876
38 12 876
13 19 705
19 13 705
13 22 852
22 13 852
13 35 579
35 13 579
13 40 629
40 13 629
13 32 201
32 13 201
13 46 749
46 13 749
13 14 935
14 13 935
13 34 39
34 13 39
13 25 157
25 13 157
13 14 818
14 13 818
13 42 644
42 13 644
13 42 552
42 13 552
14 24 396
24 14 396
14 29 741
29 14 741
14 31 219
31 14 219
14 43 560
43 14 560
14 15 374
15 14 374
14 42 150
42 14 150
14 36 985
36 14 985
14 44 699
44 14 699
14 18 94
18 14 94
14 27 27
27 14 27
14 24 130
24 14 130
15 18 388
18 15 388
15 23 974
23 15 974
15 44 430
44 15 430
15 21 883
21 15 883
15 21 276
21 15 276
15 22 977
22 15 977
15 36 890
36 15 890
15 50 229
50 15 229
15 15 942
15 15 942
16 27 399
27 16 399
16 50 151
50 16 151
16 42 160
42 16 160
16 31 904
31 16 904
16 40 151
40 16 151
16 18 708
18 16 708
16 31 373
31 16 373
16 36 712
36 16 712
16 38 933
38 16 933
17 28 17
28 17 17
17 37 249
37 17 249
17 38 799
38 17 799
17 49 601
49 17 601
17 47 677
47 17 677
17 41 961
41 17 961
17 35 315
35 17 315
17 43 414
43 17 414
17 36 502
36 17 502
17 42 881
42 17 881
17 43 423
43 17 423
17 41 235
41 17 235
18 24 509
24 18 509
18 19 164
19 18 164
18 28 498
28 18 498
18 36 352
36 18 352
18 21 104
21 18 104
18 34 688
34 18 688
18 36 595
36 18 595
18 28 87
28 18 87
19 25 167
25 19 167
19 32 126
32 19 126
19 42 257
42 19 257
19 35 88
35 19 88
19 40 368
40 19 368
19 40 269
40 19 269
19 45 453
45 19 453
19 37 254
37 19 254
19 35 726
35 19 726
20 42 76
42 20 76
20 27 632
27 20 632
20 20 26
20 20 26
20 40 690
40 20 690
20 21 709
21 20 709
20 23 787
23 20 787
20 24 903
24 20 903
20 39 861
39 20 861
21 40 749
40 21 749
21 41 454
41 21 454
21 23 653
23 21 653
21 29 375
29 21 375
21 29 190
29 21 190
22 38 522
38 22 522
22 42 776
42 22 776
22 22 705
22 22 705
22 33 45
33 22 45
22 38 790
38 22 790
22 31 509
31 22 509
22 29 978
29 22 978
23 33 328
33 23 328
23 41 79
41 23 79
23 23 406
23 23 406
23 35 665
35 23 665
23 48 883
48 23 883
23 29 375
29 23 375
23 32 490
32 23 490
23 26 940
26 23 940
23 35 430
35 23 430
24 30 246
30 24 246
24 32 668
32 24 668
24 48 440
48 24 440
24 49 776
49 24 776
24 26 534
26 24 534
24 39 131
39 24 131
25 33 557
33 25 557
25 43 895
43 25 895
25 32 225
32 25 225
25 37 215
37 25 215
26 44 979
44 26 979
26 27 637
27 26 637
26 48 614
48 26 614
26 50 302
50 26 302
26 47 803
47 26 803
27 35 898
35 27 898
27 43 405
43 27 405
27 46 316
46 27 316
27 40 782
40 27 782
27 44 276
44 27 276
28 35 175
35 28 175
28 29 460
29 28 460
28 33 20
33 28 20
28 45 516
45 28 516
28 47 979
47 28 979
28 41 380
41 28 380
28 37 250
37 28 250
28 46 505
46 28 505
28 39 344
39 28 344
29 34 729
34 29 729
29 33 113
33 29 113
29 31 525
31 29 525
29 39 771
39 29 771
30 32 421
32 30 421
30 42 166
42 30 166
30 45 737
45 30 737
30 44 301
44 30 301
31 35 918
35 31 918
32 42 238
42 32 238
32 38 802
38 32 802
32 41 432
41 32 432
32 45 514
45 32 514
32 45 659
45 32 659
32 36 582
36 32 582
32 34 663
34 32 663
32 48 308
48 32 308
32 34 29
34 32 29
32 42 594
42 32 594
33 38 248
38 33 248
33 38 573
38 33 573
33 50 408
50 33 408
33 38 429
38 33 429
33 49 216
49 33 216
34 44 514
44 34 514
34 40 271
40 34 271
34 38 398
38 34 398
34 41 799
41 34 799
35 36 24
36 35 24
35 38 928
38 35 928
35 50 919
50 35 919
35 49 24
49 35 24
35 47 273
47 35 273
35 41 109
41 35 109
35 50 643
50 35 643
35 47 707
47 35 707
35 45 631
45 35 631
36 39 708
39 36 708
36 43 796
43 36 796
36 41 592
41 36 592
36 40 155
40 36 155
36 46 209
46 36 209
37 49 634
49 37 634
37 47 781
47 37 781
38 47 315
47 38 315
38 45 978
45 38 978
39 43 343
43 39 343
39 39 715
39 39 715
39 45 908
45 39 908
39 48 897
48 39 897
39 42 224
42 39 224
40 45 695
45 40 695
40 45 517
45 40 517
40 44 338
44 40 338
40 50 582
50 40 582
42 42 599
42 42 599
42 47 430
47 42 430
42 48 382
48 42 382
43 45 566
45 43 566
43 47 759
47 43 759
43 45 879
45 43 879
44 44 813
44 44 813
44 50 104
50 44 104
44 47 734
47 44 734
47 48 152
48 47 152
49 50 813
50 49 813
