59

0 1 787
1 0 787
0 3 531
3 0 531
0 9 900
9 0 900
0 43 575
43 0 575
0 4 961
4 0 961
0 19 996
19 0 996
0 35 130
35 0 130
0 7 303
7 0 303
0 1 719
1 0 719
0 28 795
28 0 795
0 38 353
38 0 353
0 18 203
18 0 203
0 20 219
20 0 219
0 26 157
26 0 157
0 0 36
0 0 36
0 27 212
27 0 212
0 32 811
32 0 811
0 31 700
31 0 700
0 47 830
47 0 830
0 50 701
50 0 701
0 40 457
40 0 457
0 19 752
19 0 752
0 28 447
28 0 447
0 34 630
34 0 630
0 3 569
3 0 569
0 22 122
22 0 122
0 2 73
2 0 73
0 23 918
23 0 918
0 54 147
54 0 147
0 6 947
6 0 947
0 29 366
29 0 366
0 32 93
32 0 93
0 50 778
50 0 778
0 31 542
31 0 542
0 3 23
3 0 23
0 58 138
58 0 138
0 5 770
5 0 770
0 51 772
51 0 772
0 23 401
23 0 401
0 6 186
6 0 186
1 2 404
2 1 404
1 5 577
5 1 577
1 6 974
6 1 974
1 8 696
8 1 696
1 13 219
13 1 219
1 19 78
19 1 78
1 17 639
17 1 639
1 5 832
5 1 832
1 14 651
14 1 651
1 10 488
10 1 488
1 7 33
7 1 33
1 9 609
9 1 609
1 58 263
58 1 263
1 21 629
21 1 629
1 25 84
25 1 84
1 58 710
58 1 710
1 45 427
45 1 427
1 33 674
33 1 674
1 4 681
4 1 681
1 58 173
58 1 173
1 12 383
12 1 383
1 38 739
38 1 739
1 33 771
33 1 771
1 36 727
36 1 727
1 46 717
46 1 717
1 48 241
48 1 241
1 35 308
35 1 308
1 23 400
23 1 400
1 16 142
16 1 142
1 43 275
43 1 275
1 46 919
46 1 919
1 26 112
26 1 112
1 27 900
27 1 900
1 46 477
46 1 477
1 11 933
11 1 933
1 41 561
41 1 561
2 4 446
4 2 446
2 7 800
7 2 800
2 43 659
43 2 659
2 45 834
45 2 834
2 7 581
7 2 581
2 13 696
13 2 696
2 36 360
36 2 360
2 27 605
27 2 605
2 45 478
45 2 478
2 46 456
46 2 456
2 14 567
14 2 567
2 11 923
11 2 923
2 11 234
11 2 234
2 23 155
23 2 155
2 38 979
38 2 979
2 35 761
35 2 761
2 43 650
43 2 650
2 37 486
37 2 486
2 43 632
43 2 632
2 14 671
14 2 671
2 26 880
26 2 880
2 36 898
36 2 898
2 39 355
39 2 355
2 47 557
47 2 557
2 25 142
25 2 142
2 46 618
46 2 618
2 22 610
22 2 610
2 46 958
46 2 958
2 53 141
53 2 141
2 34 492
34 2 492
2 2 859
2 2 859
2 22 20
22 2 20
3 10 215
10 3 215
3 14 965
14 3 965
3 38 982
38 3 982
3 26 792
26 3 792
3 52 654
52 3 654
3 21 722
21 3 722
3 6 118
6 3 118
3 30 879
30 3 879
3 5 497
5 3 497
3 20 21
20 3 21
3 44 263
44 3 263
3 47 194
47 3 194
3 9 93
9 3 93
3 7 374
7 3 374
3 10 177
10 3 177
3 47 661
47 3 661
3 32 295
32 3 295
3 52 352
52 3 352
3 43 152
43 3 152
3 29 230
29 3 230
3 39 252
39 3 252
3 37 223
37 3 223
3 56 652
56 3 652
3 15 266
15 3 266
3 20 46
20 3 46
3 37 811
37 3 811
3 44 751
44 3 751
3 38 115
38 3 115
3 11 871
11 3 871
4 11 422
11 4 422
4 17 601
17 4 601
4 18 995
18 4 995
4 32 936
32 4 936
4 53 440
53 4 440
4 18 587
18 4 587
4 44 35
44 4 35
4 30 123
30 4 123
4 7 374
7 4 374
4 52 696
52 4 696
4 45 839
45 4 839
4 28 618
28 4 618
4 54 576
54 4 576
4 22 378
22 4 378
4 51 164
51 4 164
4 25 117
25 4 117
4 29 387
29 4 387
4 5 198
5 4 198
4 56 370
56 4 370
4 37 525
37 4 525
4 25 940
25 4 940
4 21 451
21 4 451
4 54 280
54 4 280
4 16 60
16 4 60
4 51 476
51 4 476
5 19 166
19 5 166
5 31 232
31 5 232
5 49 989
49 5 989
5 47 444
47 5 444
5 54 334
54 5 334
5 46 161
46 5 161
5 42 544
42 5 544
5 26 407
26 5 407
5 12 704
12 5 704
5 26 320
26 5 320
5 13 562
13 5 562
5 33 811
33 5 811
5 53 917
53 5 917
5 25 362
25 5 362
5 10 518
10 5 518
5 12 996
12 5 996
5 33 633
33 5 633
5 34 290
34 5 290
5 57 37
57 5 37
5 22 840
22 5 840
5 42 319
42 5 319
5 38 575
38 5 575
5 47 422
47 5 422
5 21 333
21 5 333
5 42 872
42 5 872
5 8 539
8 5 539
5 25 915
25 5 915
5 51 317
51 5 317
5 15 951
15 5 951
5 20 811
20 5 811
5 33 781
33 5 781
6 8 382
8 6 382
6 52 231
52 6 231
6 56 617
56 6 617
6 19 153
19 6 153
6 56 764
56 6 764
6 16 125
16 6 125
6 10 265
10 6 265
6 41 519
41 6 519
6 35 685
35 6 685
6 29 951
29 6 951
6 58 708
58 6 708
6 25 423
25 6 423
6 51 827
51 6 827
6 37 475
37 6 475
6 34 985
34 6 985
6 44 248
44 6 248
6 42 139
42 6 139
6 18 447
18 6 447
6 37 53
37 6 53
6 47 734
47 6 734
6 31 348
31 6 348
6 54 249
54 6 249
6 29 692
29 6 692
6 25 400
25 6 400
6 15 934
15 6 934
6 58 478
58 6 478
6 34 84
34 6 84
6 51 319
51 6 319
6 27 286
27 6 286
6 6 838
6 6 838
6 26 16
26 6 16
6 53 414
53 6 414
6 26 997
26 6 997
6 12 712
12 6 712
6 19 262
19 6 262
6 16 513
16 6 513
6 7 904
7 6 904
6 44 255
44 6 255
7 12 542
12 7 542
7 24 453
24 7 453
7 51 331
51 7 331
7 49 504
49 7 504
7 34 891
34 7 891
7 23 33
23 7 33
7 8 446
8 7 446
7 51 188
51 7 188
7 55 410
55 7 410
7 8 621
8 7 621
7 25 288
25 7 288
7 42 552
42 7 552
7 13 156
13 7 156
7 40 649
40 7 649
7 10 207
10 7 207
7 43 165
43 7 165
7 33 947
33 7 947
7 32 148
32 7 148
7 37 873
37 7 873
7 40 278
40 7 278
7 10 869
10 7 869
7 43 619
43 7 619
7 51 992
51 7 992
7 46 554
46 7 554
7 15 105
15 7 105
7 41 332
41 7 332
7 57 301
57 7 301
7 25 381
25 7 381
7 53 76
53 7 76
7 35 360
35 7 360
7 52 195
52 7 195
7 49 957
49 7 957
7 34 991
34 7 991
7 34 775
34 7 775
8 25 606
25 8 606
8 31 621
31 8 621
8 11 621
11 8 621
8 29 54
29 8 54
8 30 429
30 8 429
8 11 681
11 8 681
8 43 110
43 8 110
8 31 458
31 8 458
8 42 727
42 8 727
8 40 448
40 8 448
8 44 814
44 8 814
8 42 189
42 8 189
8 49 994
49 8 994
8 52 939
52 8 939
8 20 521
20 8 521
8 24 878
24 8 878
8 22 523
22 8 523
8 10 135
10 8 135
8 34 476
34 8 476
8 51 747
51 8 747
8 38 525
38 8 525
8 10 504
10 8 504
8 46 829
46 8 829
8 11 509
11 8 509
8 33 71
33 8 71
8 47 363
47 8 363
8 15 629
15 8 629
8 50 32
50 8 32
8 11 523
11 8 523
8 31 547
31 8 547
8 52 224
52 8 224
8 14 161
14 8 161
8 23 131
23 8 131
9 16 44
16 9 44
9 21 734
21 9 734
9 38 358
38 9 358
9 18 900
18 9 900
9 40 383
40 9 383
9 34 124
34 9 124
9 16 662
16 9 662
9 10 231
10 9 231
9 21 578
21 9 578
9 19 171
19 9 171
9 37 370
37 9 370
9 26 427
26 9 427
9 29 170
29 9 170
9 54 139
54 9 139
9 37 438
37 9 438
9 34 70
34 9 70
9 57 261
57 9 261
9 33 843
33 9 843
9 44 59
44 9 59
9 17 460
17 9 460
9 28 912
28 9 912
9 43 112
43 9 112
9 32 268
32 9 268
9 41 885
41 9 885
9 54 797
54 9 797
9 53 254
53 9 254
9 58 676
58 9 676
9 53 156
53 9 156
9 44 737
44 9 737
9 55 477
55 9 477
9 28 379
28 9 379
10 23 375
23 10 375
10 26 306
26 10 306
10 36 256
36 10 256
10 49 832
49 10 832
10 18 257
18 10 257
10 11 964
11 10 964
10 21 889
21 10 889
10 32 354
32 10 354
10 28 503
28 10 503
10 56 155
56 10 155
10 28 427
28 10 427
10 25 734
25 10 734
10 12 994
12 10 994
10 30 141
30 10 141
10 15 387
15 10 387
10 48 426
48 10 426
10 42 999
42 10 999
10 20 59
20 10 59
10 28 912
28 10 912
10 35 548
35 10 548
10 57 119
57 10 119
10 23 862
23 10 862
10 23 76
23 10 76
10 53 369
53 10 369
10 52 877
52 10 877
10 15 730
15 10 730
10 58 76
58 10 76
10 45 716
45 10 716
10 48 238
48 10 238
10 10 887
10 10 887
11 15 621
15 11 621
11 20 471
20 11 471
11 50 511
50 11 511
11 58 258
58 11 258
11 22 761
22 11 761
11 36 328
36 11 328
11 48 113
48 11 113
11 54 122
54 11 122
11 57 941
57 11 941
11 40 210
40 11 210
11 27 222
27 11 222
11 35 877
35 11 877
11 33 284
33 11 284
11 20 815
20 11 815
11 19 58
19 11 58
11 29 19
29 11 19
11 31 13
31 11 13
11 27 856
27 11 856
11 19 532
19 11 532
11 37 806
37 11 806
11 28 441
28 11 441
11 19 160
19 11 160
11 33 334
33 11 334
11 48 418
48 11 418
11 46 601
46 11 601
11 55 819
55 11 819
11 50 255
50 11 255
11 37 431
37 11 431
11 29 795
29 11 795
11 48 69
48 11 69
12 15 310
15 12 310
12 26 525
26 12 525
12 27 943
27 12 943
12 35 955
35 12 955
12 49 791
49 12 791
12 33 340
33 12 340
12 43 80
43 12 80
12 42 986
42 12 986
12 27 40
27 12 40
12 48 409
48 12 409
12 41 959
41 12 959
12 47 863
47 12 863
12 46 762
46 12 762
12 50 418
50 12 418
12 56 662
56 12 662
12 43 3
43 12 3
12 13 284
13 12 284
12 14 872
14 12 872
12 51 477
51 12 477
12 34 510
34 12 510
12 24 743
24 12 743
12 28 668
28 12 668
12 43 985
43 12 985
12 55 166
55 12 166
13 48 234
48 13 234
13 46 356
46 13 356
13 18 352
18 13 352
13 47 209
47 13 209
13 29 286
29 13 286
13 31 117
31 13 117
13 45 830
45 13 830
13 52 516
52 13 516
13 29 590
29 13 590
13 32 918
32 13 918
13 51 292
51 13 292
13 40 472
40 13 472
13 54 614
54 13 614
13 45 615
45 13 615
13 42 926
42 13 926
13 57 445
57 13 445
13 35 579
35 13 579
13 51 660
51 13 660
14 22 825
22 14 825
14 21 19
21 14 19
14 18 134
18 14 134
14 26 324
26 14 324
14 25 287
25 14 287
14 25 710
25 14 710
14 28 88
28 14 88
14 44 391
44 14 391
14 57 294
57 14 294
14 49 474
49 14 474
14 54 99
54 14 99
14 54 266
54 14 266
14 25 510
25 14 510
14 19 285
19 14 285
14 20 906
20 14 906
14 43 969
43 14 969
15 27 273
27 15 273
15 17 511
17 15 511
15 41 561
41 15 561
15 41 774
41 15 774
15 33 556
33 15 556
15 36 949
36 15 949
15 45 107
45 15 107
15 38 869
38 15 869
15 45 524
45 15 524
15 32 163
32 15 163
15 50 401
50 15 401
15 17 853
17 15 853
15 53 712
53 15 712
15 22 174
22 15 174
15 58 338
58 15 338
15 45 917
45 15 917
15 39 602
39 15 602
15 32 507
32 15 507
15 33 573
33 15 573
15 51 701
51 15 701
15 30 611
30 15 611
15 53 900
53 15 900
15 57 31
57 15 31
16 28 920
28 16 920
16 20 329
20 16 329
16 31 523
31 16 523
16 49 392
49 16 392
16 55 643
55 16 643
16 24 246
24 16 246
16 49 220
49 16 220
16 34 157
34 16 157
16 33 811
33 16 811
16 35 773
35 16 773
16 20 763
20 16 763
16 34 781
34 16 781
16 53 784
53 16 784
16 35 458
35 16 458
16 58 181
58 16 181
16 44 979
44 16 979
16 27 447
27 16 447
16 54 923
54 16 923
16 39 916
39 16 916
16 30 893
30 16 893
16 44 826
44 16 826
16 39 319
39 16 319
16 41 187
41 16 187
16 22 192
22 16 192
16 50 554
50 16 554
16 20 615
20 16 615
16 51 529
51 16 529
16 28 61
28 16 61
17 24 478
24 17 478
17 25 830
25 17 830
17 31 909
31 17 909
17 43 277
43 17 277
17 45 730
45 17 730
17 50 810
50 17 810
17 34 528
34 17 528
17 17 775
17 17 775
17 43 441
43 17 441
17 18 198
18 17 198
17 22 38
22 17 38
17 39 315
39 17 315
17 30 226
30 17 226
17 38 701
38 17 701
17 18 216
18 17 216
17 47 100
47 17 100
17 34 60
34 17 60
17 21 726
21 17 726
17 55 390
55 17 390
17 21 597
21 17 597
17 18 982
18 17 982
17 34 257
34 17 257
17 26 626
26 17 626
17 47 422
47 17 422
17 29 974
29 17 974
17 24 965
24 17 965
17 42 714
42 17 714
17 58 992
58 17 992
17 30 950
30 17 950
17 37 200
37 17 200
17 40 932
40 17 932
18 22 620
22 18 620
18 56 854
56 18 854
18 53 641
53 18 641
18 25 214
25 18 214
18 23 952
23 18 952
18 47 958
47 18 958
18 55 895
55 18 895
18 31 182
31 18 182
18 43 396
43 18 396
18 40 562
40 18 562
18 19 139
19 18 139
18 58 888
58 18 888
18 54 154
54 18 154
18 28 971
28 18 971
18 33 864
33 18 864
18 57 111
57 18 111
18 41 699
41 18 699
18 24 634
24 18 634
18 23 775
23 18 775
18 25 104
25 18 104
18 21 905
21 18 905
18 41 830
41 18 830
19 51 936
51 19 936
19 46 516
46 19 516
19 28 416
28 19 416
19 58 296
58 19 296
19 34 192
34 19 192
19 20 169
20 19 169
19 27 941
27 19 941
19 55 930
55 19 930
19 25 399
25 19 399
19 24 854
24 19 854
19 58 656
58 19 656
19 35 728
35 19 728
19 47 232
47 19 232
19 35 211
35 19 211
19 40 28
40 19 28
19 21 541
21 19 541
19 33 153
33 19 153
19 40 535
40 19 535
19 31 357
31 19 357
19 23 914
23 19 914
19 52 743
52 19 743
19 23 376
23 19 376
20 35 549
35 20 549
20 57 844
57 20 844
20 58 136
58 20 136
20 47 100
47 20 100
20 51 632
51 20 632
20 42 531
42 20 531
20 41 861
41 20 861
20 33 580
33 20 580
20 29 740
29 20 740
20 39 175
39 20 175
20 39 477
39 20 477
20 47 275
47 20 275
20 43 297
43 20 297
20 25 382
25 20 382
20 25 163
25 20 163
20 40 281
40 20 281
20 31 643
31 20 643
20 47 795
47 20 795
20 23 709
23 20 709
20 29 856
29 20 856
20 55 499
55 20 499
20 55 957
55 20 957
20 24 439
24 20 439
20 25 819
25 20 819
20 54 940
54 20 940
20 43 244
43 20 244
20 58 219
58 20 219
20 37 471
37 20 471
20 22 825
22 20 825
21 49 651
49 21 651
21 53 421
53 21 421
21 57 92
57 21 92
21 34 61
34 21 61
21 36 180
36 21 180
21 28 142
28 21 142
21 28 535
28 21 535
21 37 952
37 21 952
21 57 492
57 21 492
21 46 57
46 21 57
21 21 438
21 21 438
21 49 787
49 21 787
21 28 594
28 21 594
21 46 774
46 21 774
21 30 371
30 21 371
21 56 371
56 21 371
21 40 49
40 21 49
22 30 277
30 22 277
22 56 813
56 22 813
22 50 243
50 22 243
22 43 612
43 22 612
22 41 636
41 22 636
22 30 142
30 22 142
22 22 478
22 22 478
22 35 292
35 22 292
22 39 928
39 22 928
22 58 897
58 22 897
22 45 923
45 22 923
22 50 114
50 22 114
22 25 704
25 22 704
22 50 376
50 22 376
22 55 2
55 22 2
22 57 890
57 22 890
22 53 825
53 22 825
23 25 212
25 23 212
23 33 676
33 23 676
23 33 165
33 23 165
23 30 423
30 23 423
23 34 437
34 23 437
23 27 723
27 23 723
23 56 161
56 23 161
23 54 650
54 23 650
23 45 625
45 23 625
23 43 594
43 23 594
23 38 638
38 23 638
23 31 986
31 23 986
23 58 694
58 23 694
23 32 209
32 23 209
23 43 747
43 23 747
23 49 812
49 23 812
23 33 164
33 23 164
23 58 587
58 23 587
23 37 795
37 23 795
23 58 535
58 23 535
23 42 946
42 23 946
23 33 685
33 23 685
23 39 510
39 23 510
23 27 704
27 23 704
23 51 726
51 23 726
23 36 867
36 23 867
23 23 879
23 23 879
23 39 55
39 23 55
24 55 905
55 24 905
24 46 87
46 24 87
24 57 438
57 24 438
24 42 277
42 24 277
24 40 736
40 24 736
24 31 902
31 24 902
24 51 246
51 24 246
24 57 744
57 24 744
24 55 158
55 24 158
24 35 833
35 24 833
24 40 499
40 24 499
24 26 481
26 24 481
24 55 700
55 24 700
24 31 798
31 24 798
24 25 388
25 24 388
25 38 223
38 25 223
25 51 519
51 25 519
25 41 883
41 25 883
25 28 786
28 25 786
25 27 814
27 25 814
25 34 258
34 25 258
25 54 179
54 25 179
25 35 971
35 25 971
25 42 586
42 25 586
25 56 969
56 25 969
25 49 412
49 25 412
25 43 433
43 25 433
25 38 102
38 25 102
25 51 408
51 25 408
25 44 306
44 25 306
25 53 158
53 25 158
25 50 468
50 25 468
25 44 774
44 25 774
25 29 618
29 25 618
26 32 749
32 26 749
26 43 668
43 26 668
26 43 438
43 26 438
26 37 988
37 26 988
26 40 41
40 26 41
26 38 838
38 26 838
26 30 961
30 26 961
26 51 560
51 26 560
26 39 896
39 26 896
26 35 424
35 26 424
26 55 926
55 26 926
26 54 866
54 26 866
26 37 935
37 26 935
26 42 853
42 26 853
26 36 374
36 26 374
26 40 151
40 26 151
26 36 240
36 26 240
26 53 65
53 26 65
26 48 760
48 26 760
26 48 928
48 26 928
26 40 454
40 26 454
26 28 482
28 26 482
26 54 36
54 26 36
27 29 505
29 27 505
27 33 825
33 27 825
27 50 832
50 27 832
27 55 768
55 27 768
27 42 221
42 27 221
27 46 411
46 27 411
27 48 436
48 27 436
27 43 909
43 27 909
27 36 385
36 27 385
27 53 758
53 27 758
27 31 919
31 27 919
27 43 587
43 27 587
27 38 105
38 27 105
27 38 472
38 27 472
27 28 516
28 27 516
27 34 841
34 27 841
27 48 294
48 27 294
28 29 437
29 28 437
28 45 766
45 28 766
28 40 621
40 28 621
28 33 371
33 28 371
28 50 615
50 28 615
28 58 227
58 28 227
28 55 513
55 28 513
28 44 859
44 28 859
28 38 286
38 28 286
28 51 518
51 28 518
28 55 293
55 28 293
28 56 62
56 28 62
28 58 331
58 28 331
28 51 980
51 28 980
28 52 329
52 28 329
29 34 325
34 29 325
29 44 756
44 29 756
29 37 186
37 29 186
29 36 967
36 29 967
29 54 762
54 29 762
29 55 973
55 29 973
29 40 327
40 29 327
29 40 473
40 29 473
29 33 799
33 29 799
29 33 798
33 29 798
29 40 119
40 29 119
29 35 319
35 29 319
29 41 550
41 29 550
29 42 533
42 29 533
29 48 632
48 29 632
30 41 961
41 30 961
30 47 258
47 30 258
30 36 662
36 30 662
30 47 842
47 30 842
30 33 666
33 30 666
30 45 246
45 30 246
30 51 858
51 30 858
30 47 781
47 30 781
30 53 501
53 30 501
30 53 694
53 30 694
30 55 481
55 30 481
30 40 93
40 30 93
30 51 434
51 30 434
30 56 559
56 30 559
31 34 345
34 31 345
31 37 440
37 31 440
31 48 639
48 31 639
31 51 285
51 31 285
31 44 265
44 31 265
31 35 637
35 31 637
31 49 723
49 31 723
31 53 908
53 31 908
31 55 825
55 31 825
31 36 627
36 31 627
31 33 836
33 31 836
31 44 424
44 31 424
31 40 12
40 31 12
31 35 954
35 31 954
32 55 566
55 32 566
32 45 292
45 32 292
32 43 541
43 32 541
32 36 38
36 32 38
32 41 739
41 32 739
32 39 766
39 32 766
32 58 843
58 32 843
32 39 508
39 32 508
33 54 21
54 33 21
33 58 76
58 33 76
33 38 763
38 33 763
33 53 982
53 33 982
33 36 428
36 33 428
33 45 592
45 33 592
33 39 133
39 33 133
33 47 204
47 33 204
33 51 83
51 33 83
33 46 605
46 33 605
33 58 514
58 33 514
33 56 549
56 33 549
33 55 846
55 33 846
33 44 874
44 33 874
33 58 171
58 33 171
33 41 418
41 33 418
33 53 454
53 33 454
33 35 452
35 33 452
34 45 538
45 34 538
34 56 309
56 34 309
34 37 611
37 34 611
34 36 773
36 34 773
34 40 172
40 34 172
34 44 837
44 34 837
34 50 248
50 34 248
34 52 245
52 34 245
34 53 57
53 34 57
34 55 32
55 34 32
34 45 459
45 34 459
34 46 703
46 34 703
34 35 336
35 34 336
35 44 100
44 35 100
35 37 939
37 35 939
35 52 62
52 35 62
35 43 996
43 35 996
35 49 741
49 35 741
35 48 826
48 35 826
35 57 893
57 35 893
35 36 684
36 35 684
35 38 628
38 35 628
35 36 373
36 35 373
35 47 314
47 35 314
35 51 140
51 35 140
36 39 90
39 36 90
36 48 46
48 36 46
36 38 189
38 36 189
36 56 235
56 36 235
36 55 52
55 36 52
36 51 830
51 36 830
36 53 187
53 36 187
36 51 802
51 36 802
36 50 751
50 36 751
37 40 229
40 37 229
37 43 591
43 37 591
37 40 428
40 37 428
37 58 622
58 37 622
37 58 463
58 37 463
37 47 620
47 37 620
37 45 222
45 37 222
37 40 792
40 37 792
37 41 772
41 37 772
38 46 162
46 38 162
38 45 712
45 38 712
38 44 993
44 38 993
38 57 44
57 38 44
38 40 973
40 38 973
38 40 685
40 38 685
38 58 622
58 38 622
38 55 842
55 38 842
38 40 520
40 38 520
38 45 433
45 38 433
39 45 847
45 39 847
39 57 293
57 39 293
39 52 516
52 39 516
39 57 453
57 39 453
39 50 712
50 39 712
39 53 246
53 39 246
39 42 946
42 39 946
40 42 229
42 40 229
40 47 626
47 40 626
40 42 948
42 40 948
40 43 511
43 40 511
40 55 19
55 40 19
40 51 635
51 40 635
40 44 525
44 40 525
40 40 324
40 40 324
40 47 589
47 40 589
41 48 855
48 41 855
41 55 411
55 41 411
41 52 575
52 41 575
41 50 905
50 41 905
41 46 61
46 41 61
42 56 146
56 42 146
42 52 687
52 42 687
42 54 574
54 42 574
42 48 144
48 42 144
42 44 883
44 42 883
42 55 570
55 42 570
42 55 907
55 42 907
42 52 279
52 42 279
42 46 630
46 42 630
43 54 319
54 43 319
43 55 112
55 43 112
43 50 298
50 43 298
43 44 220
44 43 220
43 55 910
55 43 910
43 57 100
57 43 100
43 44 696
44 43 696
43 52 630
52 43 630
43 51 56
51 43 56
43 51 837
51 43 837
43 54 643
54 43 643
43 44 44
44 43 44
43 47 672
47 43 672
43 49 596
49 43 596
44 46 249
46 44 249
44 46 757
46 44 757
44 57 989
57 44 989
44 48 385
48 44 385
44 44 138
44 44 138
44 57 512
57 44 512
44 58 266
58 44 266
44 57 426
57 44 426
44 54 818
54 44 818
45 53 418
53 45 418
45 52 182
52 45 182
45 53 84
53 45 84
45 46 243
46 45 243
45 48 322
48 45 322
45 50 13
50 45 13
45 48 79
48 45 79
45 47 583
47 45 583
46 52 86
52 46 86
46 56 597
56 46 597
46 54 215
54 46 215
46 48 439
48 46 439
46 48 486
48 46 486
46 48 874
48 46 874
46 58 855
58 46 855
46 49 745
49 46 745
46 49 765
49 46 765
47 54 482
54 47 482
47 54 934
54 47 934
47 50 81
50 47 81
47 55 945
55 47 945
47 51 538
51 47 538
48 56 387
56 48 387
48 55 39
55 48 39
49 52 399
52 49 399
49 56 379
56 49 379
49 52 98
52 49 98
49 52 259
52 49 259
49 57 49
57 49 49
49 55 57
55 49 57
49 55 819
55 49 819
50 54 349
54 50 349
50 52 55
52 50 55
50 52 868
52 50 868
51 57 426
57 51 426
51 54 986
54 51 986
52 54 66
54 52 66
52 54 821
54 52 821
52 55 87
55 52 87
53 55 715
55 53 715
54 57 831
57 54 831
54 55 558
55 54 558
54 57 434
57 54 434
54 58 57
58 54 57
54 57 859
57 54 859
54 55 946
55 54 946
55 55 620
55 55 620
