54

0 1 644
1 0 644
0 2 409
2 0 409
0 5 66
5 0 66
0 10 697
10 0 697
0 11 756
11 0 756
0 34 731
34 0 731
0 51 235
51 0 235
0 41 781
41 0 781
0 25 139
25 0 139
0 28 288
28 0 288
0 48 504
48 0 504
0 14 723
14 0 723
0 33 709
33 0 709
0 47 208
47 0 208
0 48 24
48 0 24
0 50 778
50 0 778
0 5 323
5 0 323
0 23 84
23 0 84
0 47 640
47 0 640
0 27 847
27 0 847
0 7 703
7 0 703
0 24 645
24 0 645
0 7 513
7 0 513
0 14 424
14 0 424
0 43 624
43 0 624
0 44 641
44 0 641
0 5 667
5 0 667
0 14 400
14 0 400
0 3 728
3 0 728
0 8 599
8 0 599
0 17 716
17 0 716
0 13 221
13 0 221
0 21 275
21 0 275
0 19 730
19 0 730
0 14 147
14 0 147
0 27 710
27 0 710
0 21 631
21 0 631
0 39 424
39 0 424
0 19 713
19 0 713
1 3 891
3 1 891
1 4 560
4 1 560
1 9 112
9 1 112
1 4 897
4 1 897
1 38 535
38 1 535
1 6 934
6 1 934
1 4 341
4 1 341
1 45 465
45 1 465
1 7 342
7 1 342
1 6 148
6 1 148
1 36 546
36 1 546
1 46 948
46 1 948
1 20 703
20 1 703
1 6 596
6 1 596
1 33 320
33 1 320
1 41 392
41 1 392
1 44 303
44 1 303
1 23 879
23 1 879
1 21 487
21 1 487
1 41 795
41 1 795
1 12 503
12 1 503
1 48 769
48 1 769
1 45 593
45 1 593
1 4 835
4 1 835
1 36 6
36 1 6
1 24 888
24 1 888
1 3 607
3 1 607
1 27 938
27 1 938
1 26 914
26 1 914
1 6 601
6 1 601
1 18 859
18 1 859
1 41 830
41 1 830
1 4 349
4 1 349
1 7 513
7 1 513
1 52 519
52 1 519
1 42 434
42 1 434
1 28 295
28 1 295
1 38 997
38 1 997
1 10 531
10 1 531
2 6 618
6 2 618
2 51 981
51 2 981
2 40 418
40 2 418
2 33 296
33 2 296
2 22 782
22 2 782
2 28 238
28 2 238
2 16 245
16 2 245
2 7 670
7 2 670
2 32 270
32 2 270
2 39 533
39 2 533
2 23 294
23 2 294
2 23 927
23 2 927
2 38 154
38 2 154
2 31 955
31 2 955
2 10 770
10 2 770
2 47 967
47 2 967
2 17 783
17 2 783
2 51 891
51 2 891
2 31 213
31 2 213
2 31 849
31 2 849
2 10 63
10 2 63
2 50 116
50 2 116
2 31 820
31 2 820
2 22 242
22 2 242
2 16 170
16 2 170
2 17 843
17 2 843
2 24 422
24 2 422
2 30 357
30 2 357
2 20 320
20 2 320
2 39 625
39 2 625
2 17 966
17 2 966
2 34 524
34 2 524
2 20 467
20 2 467
2 13 441
13 2 441
2 21 948
21 2 948
2 29 64
29 2 64
2 14 848
14 2 848
2 38 127
38 2 127
2 9 789
9 2 789
2 40 542
40 2 542
2 39 776
39 2 776
3 7 147
7 3 147
3 14 570
14 3 570
3 29 977
29 3 977
3 5 133
5 3 133
3 14 681
14 3 681
3 25 330
25 3 330
3 34 860
34 3 860
3 23 96
23 3 96
3 25 304
25 3 304
3 13 240
13 3 240
3 47 298
47 3 298
3 34 966
34 3 966
3 42 525
42 3 525
3 14 995
14 3 995
3 39 38
39 3 38
3 31 761
31 3 761
3 3 518
3 3 518
3 22 576
22 3 576
3 27 411
27 3 411
3 5 862
5 3 862
3 43 993
43 3 993
3 29 812
29 3 812
3 46 97
46 3 97
3 53 25
53 3 25
3 35 939
35 3 939
3 6 308
6 3 308
3 52 892
52 3 892
3 39 485
39 3 485
3 43 946
43 3 946
3 22 428
22 3 428
3 10 726
10 3 726
3 21 198
21 3 198
3 22 613
22 3 613
3 20 348
20 3 348
4 12 391
12 4 391
4 12 372
12 4 372
4 43 801
43 4 801
4 50 533
50 4 533
4 28 55
28 4 55
4 25 128
25 4 128
4 21 841
21 4 841
4 37 425
37 4 425
4 8 626
8 4 626
4 23 85
23 4 85
4 50 436
50 4 436
4 37 88
37 4 88
4 15 115
15 4 115
4 20 473
20 4 473
4 39 272
39 4 272
4 26 720
26 4 720
4 49 424
49 4 424
4 11 640
11 4 640
4 23 6
23 4 6
4 40 218
40 4 218
4 32 443
32 4 443
4 49 353
49 4 353
4 31 261
31 4 261
4 5 27
5 4 27
4 17 503
17 4 503
4 47 86
47 4 86
5 8 626
8 5 626
5 15 840
15 5 840
5 33 475
33 5 475
5 10 397
10 5 397
5 29 441
29 5 441
5 28 544
28 5 544
5 31 86
31 5 86
5 47 983
47 5 983
5 29 473
29 5 473
5 51 969
51 5 969
5 38 73
38 5 73
5 35 621
35 5 621
5 20 821
20 5 821
5 23 690
23 5 690
5 45 105
45 5 105
5 51 511
51 5 511
5 20 578
20 5 578
5 10 37
10 5 37
5 24 389
24 5 389
5 20 62
20 5 62
5 38 134
38 5 134
5 15 487
15 5 487
5 7 497
7 5 497
5 28 104
28 5 104
5 27 236
27 5 236
5 10 894
10 5 894
5 17 385
17 5 385
5 13 719
13 5 719
6 13 188
13 6 188
6 16 458
16 6 458
6 23 782
23 6 782
6 19 251
19 6 251
6 27 357
27 6 357
6 37 386
37 6 386
6 28 579
28 6 579
6 38 801
38 6 801
6 22 888
22 6 888
6 18 324
18 6 324
6 23 683
23 6 683
6 28 181
28 6 181
6 30 258
30 6 258
6 30 820
30 6 820
6 16 859
16 6 859
6 22 422
22 6 422
6 9 11
9 6 11
6 35 972
35 6 972
6 8 114
8 6 114
6 23 330
23 6 330
6 47 730
47 6 730
6 35 40
35 6 40
6 21 326
21 6 326
6 21 431
21 6 431
6 34 834
34 6 834
6 12 306
12 6 306
6 30 151
30 6 151
6 15 291
15 6 291
7 24 831
24 7 831
7 41 958
41 7 958
7 42 695
42 7 695
7 30 413
30 7 413
7 43 928
43 7 928
7 27 520
27 7 520
7 16 683
16 7 683
7 31 743
31 7 743
7 42 44
42 7 44
7 40 303
40 7 303
7 24 719
24 7 719
7 14 591
14 7 591
7 35 336
35 7 336
7 36 763
36 7 763
7 20 654
20 7 654
7 32 998
32 7 998
7 52 393
52 7 393
7 20 261
20 7 261
7 12 272
12 7 272
7 21 442
21 7 442
7 34 847
34 7 847
7 47 436
47 7 436
7 23 517
23 7 517
7 52 105
52 7 105
7 12 64
12 7 64
7 35 873
35 7 873
7 26 17
26 7 17
7 41 226
41 7 226
7 36 782
36 7 782
7 9 860
9 7 860
7 52 799
52 7 799
7 28 85
28 7 85
7 49 514
49 7 514
8 20 3
20 8 3
8 35 922
35 8 922
8 39 147
39 8 147
8 44 990
44 8 990
8 48 25
48 8 25
8 47 955
47 8 955
8 13 762
13 8 762
8 30 336
30 8 336
8 23 366
23 8 366
8 31 575
31 8 575
8 11 146
11 8 146
8 33 112
33 8 112
8 23 440
23 8 440
8 44 382
44 8 382
8 18 213
18 8 213
8 25 189
25 8 189
8 31 472
31 8 472
8 15 657
15 8 657
8 42 101
42 8 101
8 14 139
14 8 139
8 25 33
25 8 33
8 42 166
42 8 166
8 35 941
35 8 941
8 37 620
37 8 620
8 53 413
53 8 413
8 9 428
9 8 428
8 27 466
27 8 466
8 10 504
10 8 504
8 25 488
25 8 488
8 48 148
48 8 148
9 17 160
17 9 160
9 28 111
28 9 111
9 48 100
48 9 100
9 13 172
13 9 172
9 45 720
45 9 720
9 29 943
29 9 943
9 21 103
21 9 103
9 16 605
16 9 605
9 22 88
22 9 88
9 41 439
41 9 439
9 10 636
10 9 636
9 30 185
30 9 185
9 21 619
21 9 619
9 53 350
53 9 350
9 28 601
28 9 601
9 34 364
34 9 364
9 13 274
13 9 274
9 25 988
25 9 988
9 23 861
23 9 861
9 36 169
36 9 169
9 19 363
19 9 363
9 50 827
50 9 827
9 40 202
40 9 202
9 48 657
48 9 657
9 14 505
14 9 505
9 32 279
32 9 279
10 22 246
22 10 246
10 14 736
14 10 736
10 14 486
14 10 486
10 28 523
28 10 523
10 50 212
50 10 212
10 45 192
45 10 192
10 14 661
14 10 661
10 45 955
45 10 955
10 28 393
28 10 393
10 35 964
35 10 964
10 25 994
25 10 994
10 18 643
18 10 643
10 24 138
24 10 138
10 35 443
35 10 443
10 25 824
25 10 824
10 53 70
53 10 70
10 37 857
37 10 857
10 33 566
33 10 566
10 29 433
29 10 433
10 30 121
30 10 121
10 24 960
24 10 960
10 28 562
28 10 562
10 18 730
18 10 730
10 11 999
11 10 999
10 26 906
26 10 906
10 18 343
18 10 343
10 13 481
13 10 481
10 46 977
46 10 977
10 49 627
49 10 627
10 24 479
24 10 479
11 49 397
49 11 397
11 14 425
14 11 425
11 32 575
32 11 575
11 24 700
24 11 700
11 49 642
49 11 642
11 30 249
30 11 249
11 36 702
36 11 702
11 20 713
20 11 713
11 13 575
13 11 575
11 21 572
21 11 572
11 33 587
33 11 587
11 41 399
41 11 399
11 47 194
47 11 194
11 42 864
42 11 864
11 30 269
30 11 269
11 38 567
38 11 567
11 44 304
44 11 304
11 20 3
20 11 3
11 53 925
53 11 925
11 53 47
53 11 47
11 42 989
42 11 989
11 44 860
44 11 860
11 13 865
13 11 865
11 47 381
47 11 381
11 28 993
28 11 993
12 18 945
18 12 945
12 21 795
21 12 795
12 46 939
46 12 939
12 31 691
31 12 691
12 39 923
39 12 923
12 19 381
19 12 381
12 39 282
39 12 282
12 34 846
34 12 846
12 53 8
53 12 8
12 21 852
21 12 852
12 27 99
27 12 99
12 31 537
31 12 537
12 22 289
22 12 289
12 48 223
48 12 223
12 30 627
30 12 627
12 53 363
53 12 363
12 51 240
51 12 240
12 22 228
22 12 228
12 53 872
53 12 872
12 16 318
16 12 318
13 48 35
48 13 35
13 19 135
19 13 135
13 24 405
24 13 405
13 20 974
20 13 974
13 18 517
18 13 517
13 32 22
32 13 22
13 20 238
20 13 238
13 32 941
32 13 941
13 15 845
15 13 845
13 32 599
32 13 599
13 18 585
18 13 585
13 35 464
35 13 464
13 33 422
33 13 422
13 51 777
51 13 777
13 50 319
50 13 319
13 44 470
44 13 470
13 18 549
18 13 549
13 28 497
28 13 497
13 32 518
32 13 518
13 41 206
41 13 206
13 36 233
36 13 233
13 18 885
18 13 885
13 25 268
25 13 268
13 41 569
41 13 569
13 19 580
19 13 580
13 31 326
31 13 326
13 31 138
31 13 138
13 17 371
17 13 371
14 36 113
36 14 113
14 41 411
41 14 411
14 47 942
47 14 942
14 35 474
35 14 474
14 37 304
37 14 304
14 39 726
39 14 726
14 41 347
41 14 347
14 21 735
21 14 735
14 22 823
22 14 823
14 37 959
37 14 959
14 53 6
53 14 6
14 34 581
34 14 581
14 37 947
37 14 947
14 22 808
22 14 808
14 39 273
39 14 273
14 43 80
43 14 80
14 29 221
29 14 221
14 45 810
45 14 810
14 35 781
35 14 781
14 24 660
24 14 660
14 41 58
41 14 58
14 23 108
23 14 108
14 44 928
44 14 928
14 18 66
18 14 66
14 51 902
51 14 902
14 24 869
24 14 869
14 15 8
15 14 8
14 24 589
24 14 589
14 40 790
40 14 790
14 40 953
40 14 953
14 15 426
15 14 426
14 49 793
49 14 793
14 44 291
44 14 291
14 40 64
40 14 64
14 39 833
39 14 833
14 21 7
21 14 7
14 21 186
21 14 186
15 19 335
19 15 335
15 23 997
23 15 997
15 42 569
42 15 569
15 33 178
33 15 178
15 39 728
39 15 728
15 37 640
37 15 640
15 42 686
42 15 686
15 32 299
32 15 299
15 28 56
28 15 56
15 17 898
17 15 898
15 18 510
18 15 510
15 30 980
30 15 980
15 41 747
41 15 747
15 37 76
37 15 76
15 26 714
26 15 714
15 31 142
31 15 142
15 23 393
23 15 393
15 29 14
29 15 14
15 24 789
24 15 789
15 17 322
17 15 322
15 22 878
22 15 878
15 52 275
52 15 275
15 28 692
28 15 692
15 31 559
31 15 559
15 23 696
23 15 696
15 48 727
48 15 727
15 41 807
41 15 807
15 34 781
34 15 781
15 21 698
21 15 698
15 33 281
33 15 281
15 48 470
48 15 470
15 31 275
31 15 275
15 22 46
22 15 46
15 53 901
53 15 901
15 16 391
16 15 391
16 48 546
48 16 546
16 25 739
25 16 739
16 52 915
52 16 915
16 18 807
18 16 807
16 40 122
40 16 122
16 52 961
52 16 961
16 24 875
24 16 875
16 40 180
40 16 180
16 49 273
49 16 273
16 43 406
43 16 406
16 49 979
49 16 979
16 42 999
42 16 999
16 30 751
30 16 751
16 48 313
48 16 313
16 26 360
26 16 360
16 32 268
32 16 268
16 50 723
50 16 723
16 41 603
41 16 603
16 42 309
42 16 309
16 17 481
17 16 481
16 37 752
37 16 752
16 49 498
49 16 498
16 48 611
48 16 611
16 33 87
33 16 87
16 50 382
50 16 382
16 19 562
19 16 562
16 20 532
20 16 532
16 48 440
48 16 440
16 48 280
48 16 280
16 44 568
44 16 568
16 20 511
20 16 511
16 31 793
31 16 793
16 19 492
19 16 492
16 32 521
32 16 521
17 47 941
47 17 941
17 37 473
37 17 473
17 49 749
49 17 749
17 42 691
42 17 691
17 27 74
27 17 74
17 46 855
46 17 855
17 51 707
51 17 707
17 18 893
18 17 893
17 23 243
23 17 243
17 43 569
43 17 569
17 39 812
39 17 812
17 52 958
52 17 958
17 29 648
29 17 648
17 26 969
26 17 969
17 44 217
44 17 217
17 31 92
31 17 92
17 38 108
38 17 108
17 23 346
23 17 346
17 34 873
34 17 873
17 36 958
36 17 958
17 45 767
45 17 767
17 50 393
50 17 393
17 21 637
21 17 637
17 38 244
38 17 244
17 26 542
26 17 542
17 32 288
32 17 288
18 27 399
27 18 399
18 37 168
37 18 168
18 42 719
42 18 719
18 32 116
32 18 116
18 38 745
38 18 745
18 44 895
44 18 895
18 48 508
48 18 508
18 19 535
19 18 535
18 34 687
34 18 687
18 20 276
20 18 276
18 52 880
52 18 880
18 30 540
30 18 540
18 39 426
39 18 426
18 24 151
24 18 151
18 23 799
23 18 799
18 27 513
27 18 513
18 44 506
44 18 506
18 40 894
40 18 894
18 21 98
21 18 98
18 29 830
29 18 830
18 25 575
25 18 575
18 52 6
52 18 6
18 20 229
20 18 229
18 40 295
40 18 295
18 42 547
42 18 547
18 28 411
28 18 411
19 25 128
25 19 128
19 53 833
53 19 833
19 33 492
33 19 492
19 45 765
45 19 765
19 34 129
34 19 129
19 42 568
42 19 568
19 30 326
30 19 326
19 38 777
38 19 777
19 27 215
27 19 215
19 24 520
24 19 520
19 49 926
49 19 926
19 20 469
20 19 469
19 24 421
24 19 421
19 22 611
22 19 611
19 32 310
32 19 310
19 47 430
47 19 430
19 40 764
40 19 764
19 23 752
23 19 752
19 44 169
44 19 169
19 28 525
28 19 525
19 37 492
37 19 492
19 19 959
19 19 959
20 31 399
31 20 399
20 21 31
21 20 31
20 46 210
46 20 210
20 23 145
23 20 145
20 32 791
32 20 791
20 34 520
34 20 520
20 52 498
52 20 498
20 38 657
38 20 657
20 29 401
29 20 401
20 42 634
42 20 634
20 49 185
49 20 185
20 39 466
39 20 466
20 43 433
43 20 433
20 50 337
50 20 337
20 21 324
21 20 324
20 44 58
44 20 58
20 22 292
22 20 292
20 36 664
36 20 664
20 47 780
47 20 780
21 34 483
34 21 483
21 39 603
39 21 603
21 31 241
31 21 241
21 31 739
31 21 739
21 47 896
47 21 896
21 48 641
48 21 641
21 29 282
29 21 282
21 42 952
42 21 952
21 21 698
21 21 698
21 41 299
41 21 299
21 53 30
53 21 30
21 25 557
25 21 557
21 47 703
47 21 703
21 28 989
28 21 989
21 35 824
35 21 824
21 31 93
31 21 93
21 41 587
41 21 587
21 27 22
27 21 22
21 39 883
39 21 883
21 31 191
31 21 191
21 45 991
45 21 991
21 41 11
41 21 11
21 40 316
40 21 316
22 24 790
24 22 790
22 28 721
28 22 721
22 46 464
46 22 464
22 27 850
27 22 850
22 27 590
27 22 590
22 40 830
40 22 830
22 33 736
33 22 736
22 30 931
30 22 931
22 22 663
22 22 663
22 22 78
22 22 78
22 49 782
49 22 782
22 53 469
53 22 469
22 40 10
40 22 10
22 53 118
53 22 118
22 44 486
44 22 486
23 26 233
26 23 233
23 36 982
36 23 982
23 34 353
34 23 353
23 45 773
45 23 773
23 49 831
49 23 831
23 25 986
25 23 986
23 35 139
35 23 139
23 41 443
41 23 443
23 33 129
33 23 129
23 45 213
45 23 213
23 25 663
25 23 663
23 30 430
30 23 430
23 41 233
41 23 233
23 53 934
53 23 934
24 25 332
25 24 332
24 51 144
51 24 144
24 34 821
34 24 821
24 36 36
36 24 36
24 44 185
44 24 185
24 40 925
40 24 925
24 42 225
42 24 225
24 36 434
36 24 434
24 51 236
51 24 236
24 43 536
43 24 536
24 46 195
46 24 195
24 35 134
35 24 134
24 43 441
43 24 441
24 25 108
25 24 108
24 47 43
47 24 43
25 37 178
37 25 178
25 33 463
33 25 463
25 29 664
29 25 664
25 33 887
33 25 887
25 32 586
32 25 586
25 52 255
52 25 255
25 35 932
35 25 932
25 43 24
43 25 24
25 42 15
42 25 15
25 53 572
53 25 572
25 44 223
44 25 223
25 35 101
35 25 101
25 51 851
51 25 851
25 35 872
35 25 872
25 51 63
51 25 63
25 46 437
46 25 437
25 39 493
39 25 493
25 32 83
32 25 83
25 36 78
36 25 78
25 34 162
34 25 162
25 33 518
33 25 518
25 51 774
51 25 774
26 28 136
28 26 136
26 41 708
41 26 708
26 32 197
32 26 197
26 50 611
50 26 611
26 45 25
45 26 25
26 27 111
27 26 111
26 48 998
48 26 998
26 27 350
27 26 350
26 48 107
48 26 107
26 41 66
41 26 66
26 27 325
27 26 325
26 37 381
37 26 381
26 50 830
50 26 830
26 30 768
30 26 768
26 33 617
33 26 617
26 40 362
40 26 362
26 33 73
33 26 73
26 30 390
30 26 390
26 33 875
33 26 875
26 39 612
39 26 612
26 26 502
26 26 502
27 32 234
32 27 234
27 40 347
40 27 347
27 47 785
47 27 785
27 30 670
30 27 670
27 44 398
44 27 398
27 48 571
48 27 571
27 43 15
43 27 15
27 30 884
30 27 884
27 46 146
46 27 146
27 37 191
37 27 191
27 49 192
49 27 192
27 35 635
35 27 635
27 31 385
31 27 385
27 42 205
42 27 205
27 52 847
52 27 847
27 39 629
39 27 629
27 42 410
42 27 410
27 46 319
46 27 319
27 43 403
43 27 403
27 47 856
47 27 856
27 42 632
42 27 632
28 31 952
31 28 952
28 30 2
30 28 2
28 38 709
38 28 709
28 41 837
41 28 837
28 30 707
30 28 707
28 52 85
52 28 85
28 28 659
28 28 659
28 34 863
34 28 863
28 37 963
37 28 963
28 53 595
53 28 595
28 49 956
49 28 956
28 28 335
28 28 335
28 46 823
46 28 823
28 43 558
43 28 558
28 53 509
53 28 509
28 46 267
46 28 267
29 30 695
30 29 695
29 43 621
43 29 621
29 53 938
53 29 938
29 51 744
51 29 744
29 44 34
44 29 34
29 41 783
41 29 783
29 53 561
53 29 561
29 30 378
30 29 378
29 37 727
37 29 727
29 45 231
45 29 231
29 49 619
49 29 619
29 35 18
35 29 18
29 39 438
39 29 438
30 48 128
48 30 128
30 53 364
53 30 364
30 48 585
48 30 585
30 47 811
47 30 811
30 33 23
33 30 23
30 47 764
47 30 764
30 36 455
36 30 455
30 35 246
35 30 246
30 35 307
35 30 307
30 51 41
51 30 41
30 43 467
43 30 467
30 32 520
32 30 520
30 50 367
50 30 367
30 40 963
40 30 963
30 40 430
40 30 430
30 51 144
51 30 144
31 46 233
46 31 233
31 39 60
39 31 60
31 44 822
44 31 822
31 33 800
33 31 800
31 51 275
51 31 275
31 36 505
36 31 505
31 34 22
34 31 22
31 33 897
33 31 897
31 43 777
43 31 777
31 50 325
50 31 325
31 49 856
49 31 856
31 38 29
38 31 29
31 38 386
38 31 386
31 50 609
50 31 609
32 52 576
52 32 576
32 45 269
45 32 269
32 37 715
37 32 715
32 50 876
50 32 876
32 44 997
44 32 997
32 53 119
53 32 119
32 39 939
39 32 939
32 35 50
35 32 50
32 53 873
53 32 873
32 35 815
35 32 815
32 36 358
36 32 358
32 34 121
34 32 121
32 51 504
51 32 504
32 51 56
51 32 56
32 41 387
41 32 387
32 34 652
34 32 652
32 45 910
45 32 910
32 52 532
52 32 532
32 40 37
40 32 37
33 48 56
48 33 56
33 43 16
43 33 16
33 44 830
44 33 830
33 53 843
53 33 843
33 45 111
45 33 111
33 49 770
49 33 770
33 38 178
38 33 178
33 39 636
39 33 636
33 50 858
50 33 858
33 48 8
48 33 8
33 38 395
38 33 395
33 52 405
52 33 405
33 44 482
44 33 482
33 33 964
33 33 964
33 34 814
34 33 814
33 45 134
45 33 134
33 34 838
34 33 838
34 45 583
45 34 583
34 35 175
35 34 175
34 39 285
39 34 285
34 50 654
50 34 654
34 36 528
36 34 528
34 48 16
48 34 16
34 45 878
45 34 878
34 45 793
45 34 793
35 38 957
38 35 957
35 45 577
45 35 577
35 40 413
40 35 413
35 49 717
49 35 717
35 46 616
46 35 616
35 43 45
43 35 45
35 35 983
35 35 983
35 43 517
43 35 517
35 45 832
45 35 832
35 35 999
35 35 999
35 52 600
52 35 600
35 53 532
53 35 532
35 46 413
46 35 413
35 49 290
49 35 290
36 46 248
46 36 248
36 52 151
52 36 151
36 38 210
38 36 210
36 50 653
50 36 653
36 51 191
51 36 191
37 52 460
52 37 460
37 53 575
53 37 575
37 50 913
50 37 913
37 52 992
52 37 992
37 40 400
40 37 400
37 42 159
42 37 159
37 46 32
46 37 32
37 40 93
40 37 93
37 52 847
52 37 847
37 53 157
53 37 157
37 50 307
50 37 307
37 44 847
44 37 847
38 39 580
39 38 580
38 52 934
52 38 934
38 45 959
45 38 959
39 40 251
40 39 251
39 43 687
43 39 687
39 48 438
48 39 438
39 51 211
51 39 211
39 52 246
52 39 246
39 50 858
50 39 858
39 43 166
43 39 166
40 48 86
48 40 86
40 43 7
43 40 7
40 45 915
45 40 915
41 50 984
50 41 984
41 53 107
53 41 107
41 46 596
46 41 596
41 47 83
47 41 83
41 52 875
52 41 875
41 45 347
45 41 347
41 44 128
44 41 128
41 51 895
51 41 895
42 51 725
51 42 725
42 46 972
46 42 972
42 51 581
51 42 581
42 51 263
51 42 263
42 48 162
48 42 162
42 44 230
44 42 230
42 52 305
52 42 305
42 49 873
49 42 873
42 53 745
53 42 745
42 43 381
43 42 381
43 47 162
47 43 162
43 43 17
43 43 17
43 44 866
44 43 866
43 46 532
46 43 532
43 51 83
51 43 83
44 53 242
53 44 242
44 46 956
46 44 956
44 50 876
50 44 876
44 49 236
49 44 236
44 51 548
51 44 548
44 48 96
48 44 96
44 49 497
49 44 497
44 45 641
45 44 641
44 45 370
45 44 370
45 45 740
45 45 740
45 53 296
53 45 296
45 49 299
49 45 299
46 52 227
52 46 227
46 47 651
47 46 651
46 49 699
49 46 699
46 48 96
48 46 96
46 51 959
51 46 959
46 51 76
51 46 76
46 52 358
52 46 358
47 48 158
48 47 158
47 51 989
51 47 989
47 48 681
48 47 681
49 50 556
50 49 556
49 52 570
52 49 570
49 53 500
53 49 500
49 51 690
51 49 690
49 49 911
49 49 911
49 53 337
53 49 337
49 52 537
52 49 537
50 50 257
50 50 257
50 53 290
53 50 290
50 52 498
52 50 498
50 50 320
50 50 320
51 52 381
52 51 381
52 53 283
53 52 283
52 53 973
53 52 973
