70

0 1 700
1 0 700
0 2 752
2 0 752
0 5 787
5 0 787
0 8 481
8 0 481
0 9 591
9 0 591
0 8 853
8 0 853
0 63 191
63 0 191
0 6 117
6 0 117
0 1 409
1 0 409
0 63 452
63 0 452
0 22 983
22 0 983
0 37 921
37 0 921
0 56 813
56 0 813
0 1 12
1 0 12
0 32 390
32 0 390
0 58 204
58 0 204
0 28 290
28 0 290
0 2 374
2 0 374
0 0 492
0 0 492
0 36 916
36 0 916
0 35 748
35 0 748
0 41 243
41 0 243
0 20 451
20 0 451
0 38 548
38 0 548
0 49 989
49 0 989
1 3 592
3 1 592
1 28 228
28 1 228
1 35 272
35 1 272
1 36 216
36 1 216
1 3 836
3 1 836
1 24 645
24 1 645
1 18 88
18 1 88
1 30 121
30 1 121
1 62 25
62 1 25
1 2 536
2 1 536
1 16 454
16 1 454
1 37 760
37 1 760
1 45 37
45 1 37
1 58 407
58 1 407
1 35 919
35 1 919
1 56 964
56 1 964
1 42 929
42 1 929
1 59 936
59 1 936
1 57 785
57 1 785
2 4 699
4 2 699
2 14 331
14 2 331
2 34 722
34 2 722
2 21 30
21 2 30
2 66 440
66 2 440
2 49 727
49 2 727
2 13 277
13 2 277
2 17 514
17 2 514
2 15 308
15 2 308
2 33 146
33 2 146
2 12 646
12 2 646
2 61 184
61 2 184
2 4 622
4 2 622
2 9 437
9 2 437
2 24 849
24 2 849
2 35 52
35 2 52
2 63 768
63 2 768
2 57 292
57 2 292
2 68 328
68 2 328
2 37 424
37 2 424
2 42 343
42 2 343
2 33 967
33 2 967
2 15 860
15 2 860
2 9 716
9 2 716
3 19 540
19 3 540
3 25 895
25 3 895
3 29 289
29 3 289
3 28 869
28 3 869
3 26 474
26 3 474
3 25 159
25 3 159
3 27 291
27 3 291
3 42 120
42 3 120
3 16 501
16 3 501
3 68 17
68 3 17
3 69 278
69 3 278
3 12 486
12 3 486
3 61 159
61 3 159
3 16 265
16 3 265
3 30 231
30 3 231
3 43 442
43 3 442
4 10 964
10 4 964
4 47 445
47 4 445
4 62 697
62 4 697
4 12 208
12 4 208
4 13 842
13 4 842
4 42 341
42 4 341
4 47 553
47 4 553
4 32 141
32 4 141
4 33 463
33 4 463
4 63 876
63 4 876
4 24 376
24 4 376
4 33 445
33 4 445
4 66 289
66 4 289
4 38 776
38 4 776
4 28 250
28 4 250
4 6 817
6 4 817
4 36 237
36 4 237
4 11 47
11 4 47
4 53 415
53 4 415
4 36 880
36 4 880
4 19 759
19 4 759
4 55 961
55 4 961
4 50 20
50 4 20
4 29 69
29 4 69
5 6 895
6 5 895
5 27 591
27 5 591
5 33 566
33 5 566
5 60 115
60 5 115
5 9 826
9 5 826
5 57 955
57 5 955
5 10 742
10 5 742
5 45 298
45 5 298
5 32 461
32 5 461
5 69 696
69 5 696
5 44 183
44 5 183
5 26 363
26 5 363
5 25 724
25 5 724
5 65 162
65 5 162
5 19 138
19 5 138
5 32 116
32 5 116
6 7 158
7 6 158
6 17 100
17 6 100
6 7 769
7 6 769
6 35 300
35 6 300
6 11 90
11 6 90
6 33 977
33 6 977
6 62 860
62 6 860
6 11 167
11 6 167
6 15 236
15 6 236
6 47 92
47 6 92
6 43 594
43 6 594
6 13 835
13 6 835
6 32 58
32 6 58
6 54 604
54 6 604
6 23 99
23 6 99
6 46 123
46 6 123
7 12 251
12 7 251
7 18 322
18 7 322
7 22 39
22 7 39
7 21 375
21 7 375
7 44 446
44 7 446
7 19 198
19 7 198
7 44 475
44 7 475
7 15 106
15 7 106
7 68 259
68 7 259
7 55 312
55 7 312
7 59 627
59 7 627
7 14 644
14 7 644
7 28 310
28 7 310
7 42 705
42 7 705
7 17 80
17 7 80
7 22 926
22 7 926
7 62 867
62 7 867
8 13 78
13 8 78
8 21 329
21 8 329
8 32 432
32 8 432
8 30 61
30 8 61
8 16 287
16 8 287
8 57 722
57 8 722
8 32 691
32 8 691
8 66 760
66 8 760
8 66 909
66 8 909
8 62 938
62 8 938
8 27 111
27 8 111
8 14 196
14 8 196
8 52 389
52 8 389
8 31 99
31 8 99
8 17 684
17 8 684
8 27 902
27 8 902
8 15 405
15 8 405
8 58 240
58 8 240
8 24 595
24 8 595
8 20 696
20 8 696
8 66 266
66 8 266
8 49 606
49 8 606
8 37 234
37 8 234
8 30 431
30 8 431
8 27 238
27 8 238
8 30 904
30 8 904
8 39 828
39 8 828
9 11 722
11 9 722
9 20 745
20 9 745
9 21 334
21 9 334
9 67 936
67 9 936
9 56 609
56 9 609
9 25 5
25 9 5
9 26 961
26 9 961
9 12 552
12 9 552
9 47 947
47 9 947
9 30 739
30 9 739
9 21 422
21 9 422
9 41 288
41 9 288
9 25 408
25 9 408
9 15 689
15 9 689
9 31 977
31 9 977
9 19 6
19 9 6
9 13 17
13 9 17
9 45 957
45 9 957
9 20 645
20 9 645
9 45 152
45 9 152
9 11 942
11 9 942
9 47 251
47 9 251
9 49 963
49 9 963
10 14 96
14 10 96
10 28 105
28 10 105
10 41 484
41 10 484
10 53 7
53 10 7
10 45 489
45 10 489
10 16 54
16 10 54
10 55 202
55 10 202
10 51 626
51 10 626
10 65 23
65 10 23
10 43 186
43 10 186
10 20 160
20 10 160
10 38 473
38 10 473
10 26 959
26 10 959
10 11 278
11 10 278
11 16 807
16 11 807
11 38 782
38 11 782
11 37 348
37 11 348
11 27 20
27 11 20
11 19 106
19 11 106
11 45 714
45 11 714
11 40 46
40 11 46
11 64 727
64 11 727
11 15 643
15 11 643
11 16 497
16 11 497
11 22 784
22 11 784
11 60 147
60 11 147
11 33 334
33 11 334
11 66 430
66 11 430
11 59 140
59 11 140
11 60 976
60 11 976
12 24 81
24 12 81
12 31 867
31 12 867
12 20 786
20 12 786
12 25 573
25 12 573
12 50 243
50 12 243
12 28 482
28 12 482
12 55 766
55 12 766
12 42 637
42 12 637
12 35 789
35 12 789
12 54 463
54 12 463
12 47 648
47 12 648
12 16 46
16 12 46
12 26 38
26 12 38
12 41 999
41 12 999
13 62 159
62 13 159
13 40 672
40 13 672
13 64 167
64 13 167
13 60 32
60 13 32
13 39 552
39 13 552
13 49 847
49 13 847
13 57 32
57 13 32
13 47 627
47 13 627
13 24 220
24 13 220
13 64 938
64 13 938
13 61 468
61 13 468
13 20 136
20 13 136
13 54 746
54 13 746
13 30 278
30 13 278
13 62 521
62 13 521
13 17 816
17 13 816
14 15 407
15 14 407
14 29 693
29 14 693
14 34 385
34 14 385
14 43 509
43 14 509
14 30 697
30 14 697
14 59 404
59 14 404
14 42 906
42 14 906
14 62 626
62 14 626
14 40 598
40 14 598
14 21 425
21 14 425
14 20 561
20 14 561
14 37 148
37 14 148
14 59 633
59 14 633
14 51 602
51 14 602
14 65 494
65 14 494
14 48 166
48 14 166
14 52 930
52 14 930
14 27 796
27 14 796
14 56 187
56 14 187
14 64 25
64 14 25
15 26 711
26 15 711
15 46 411
46 15 411
15 33 268
33 15 268
15 49 725
49 15 725
15 43 586
43 15 586
15 65 66
65 15 66
15 23 668
23 15 668
15 47 528
47 15 528
15 57 857
57 15 857
15 41 435
41 15 435
15 55 221
55 15 221
15 28 402
28 15 402
15 51 63
51 15 63
15 36 109
36 15 109
15 18 527
18 15 527
15 57 789
57 15 789
15 16 534
16 15 534
15 25 174
25 15 174
15 37 929
37 15 929
15 46 372
46 15 372
15 15 570
15 15 570
15 44 308
44 15 308
15 18 239
18 15 239
15 69 412
69 15 412
16 42 193
42 16 193
16 44 273
44 16 273
16 53 588
53 16 588
16 30 46
30 16 46
16 38 511
38 16 511
16 67 28
67 16 28
16 36 945
36 16 945
16 31 10
31 16 10
16 48 222
48 16 222
16 30 538
30 16 538
16 62 171
62 16 171
16 48 415
48 16 415
16 59 646
59 16 646
16 58 445
58 16 445
17 38 889
38 17 889
17 37 645
37 17 645
17 31 580
31 17 580
17 69 177
69 17 177
17 50 133
50 17 133
17 44 870
44 17 870
17 20 440
20 17 440
17 50 211
50 17 211
17 45 636
45 17 636
17 45 917
45 17 917
17 45 137
45 17 137
17 27 607
27 17 607
17 57 847
57 17 847
17 47 595
47 17 595
17 50 958
50 17 958
17 26 275
26 17 275
18 62 822
62 18 822
18 57 743
57 18 743
18 58 182
58 18 182
18 56 277
56 18 277
18 18 718
18 18 718
18 55 730
55 18 730
18 33 645
33 18 645
18 55 866
55 18 866
18 31 471
31 18 471
18 21 412
21 18 412
18 68 778
68 18 778
18 51 235
51 18 235
18 48 111
48 18 111
18 69 335
69 18 335
18 55 187
55 18 187
18 30 723
30 18 723
18 67 619
67 18 619
19 23 595
23 19 595
19 37 828
37 19 828
19 59 471
59 19 471
19 53 40
53 19 40
19 60 845
60 19 845
19 66 940
66 19 940
19 35 622
35 19 622
19 59 94
59 19 94
19 33 862
33 19 862
19 47 686
47 19 686
19 29 307
29 19 307
19 33 81
33 19 81
19 58 985
58 19 985
19 52 210
52 19 210
19 68 230
68 19 230
19 40 583
40 19 583
20 49 315
49 20 315
20 55 278
55 20 278
20 56 477
56 20 477
20 68 449
68 20 449
20 46 134
46 20 134
20 24 355
24 20 355
20 33 974
33 20 974
20 31 988
31 20 988
20 30 361
30 20 361
20 50 205
50 20 205
21 39 565
39 21 565
21 48 196
48 21 196
21 59 708
59 21 708
21 56 339
56 21 339
21 68 546
68 21 546
21 62 990
62 21 990
21 67 612
67 21 612
21 61 349
61 21 349
21 25 627
25 21 627
21 35 208
35 21 208
21 36 818
36 21 818
21 67 499
67 21 499
21 51 609
51 21 609
22 30 114
30 22 114
22 32 505
32 22 505
22 47 749
47 22 749
22 45 934
45 22 934
22 66 406
66 22 406
22 69 320
69 22 320
22 40 536
40 22 536
22 42 802
42 22 802
22 37 377
37 22 377
22 33 331
33 22 331
22 43 114
43 22 114
22 60 982
60 22 982
23 33 862
33 23 862
23 33 764
33 23 764
23 44 232
44 23 232
23 45 228
45 23 228
23 62 442
62 23 442
23 29 320
29 23 320
23 38 470
38 23 470
23 24 605
24 23 605
23 41 485
41 23 485
23 39 670
39 23 670
24 40 299
40 24 299
24 53 602
53 24 602
24 46 228
46 24 228
24 27 622
27 24 622
24 37 25
37 24 25
24 27 54
27 24 54
24 64 612
64 24 612
24 41 632
41 24 632
24 63 691
63 24 691
24 24 586
24 24 586
24 35 657
35 24 657
24 66 54
66 24 54
24 26 851
26 24 851
24 26 837
26 24 837
24 37 686
37 24 686
25 52 988
52 25 988
25 62 584
62 25 584
25 40 467
40 25 467
25 52 881
52 25 881
25 33 433
33 25 433
25 57 781
57 25 781
25 68 959
68 25 959
25 58 905
58 25 905
25 58 628
58 25 628
25 42 989
42 25 989
26 42 284
42 26 284
26 54 152
54 26 152
26 32 374
32 26 374
26 68 365
68 26 365
26 60 554
60 26 554
26 63 655
63 26 655
26 40 255
40 26 255
26 34 114
34 26 114
26 53 508
53 26 508
26 35 384
35 26 384
26 67 321
67 26 321
26 35 444
35 26 444
26 48 980
48 26 980
26 30 832
30 26 832
26 56 810
56 26 810
26 32 222
32 26 222
26 35 607
35 26 607
26 42 884
42 26 884
26 42 266
42 26 266
27 61 355
61 27 355
27 42 681
42 27 681
27 67 706
67 27 706
27 45 680
45 27 680
27 59 882
59 27 882
27 31 139
31 27 139
27 59 161
59 27 161
27 51 264
51 27 264
27 51 68
51 27 68
27 59 27
59 27 27
27 30 913
30 27 913
27 34 246
34 27 246
27 65 211
65 27 211
28 64 923
64 28 923
28 54 295
54 28 295
28 34 367
34 28 367
28 34 253
34 28 253
28 68 301
68 28 301
29 43 195
43 29 195
29 64 874
64 29 874
29 65 487
65 29 487
29 39 225
39 29 225
29 36 841
36 29 841
29 59 325
59 29 325
29 68 886
68 29 886
29 58 965
58 29 965
29 69 879
69 29 879
29 33 181
33 29 181
29 51 895
51 29 895
29 49 71
49 29 71
29 43 811
43 29 811
29 55 276
55 29 276
29 43 844
43 29 844
29 48 111
48 29 111
29 51 831
51 29 831
29 32 908
32 29 908
29 47 892
47 29 892
29 38 636
38 29 636
29 67 668
67 29 668
30 44 57
44 30 57
30 52 656
52 30 656
30 68 706
68 30 706
30 59 864
59 30 864
30 45 867
45 30 867
30 42 200
42 30 200
30 60 254
60 30 254
30 62 366
62 30 366
30 47 20
47 30 20
31 41 839
41 31 839
31 34 472
34 31 472
31 33 656
33 31 656
31 46 120
46 31 120
31 41 881
41 31 881
31 41 110
41 31 110
31 43 504
43 31 504
31 55 670
55 31 670
31 43 196
43 31 196
31 63 90
63 31 90
31 59 200
59 31 200
31 32 314
32 31 314
31 37 131
37 31 131
31 49 584
49 31 584
31 33 598
33 31 598
32 50 182
50 32 182
32 54 339
54 32 339
32 60 782
60 32 782
32 53 525
53 32 525
32 47 89
47 32 89
32 37 124
37 32 124
32 37 521
37 32 521
32 60 444
60 32 444
32 43 186
43 32 186
33 57 704
57 33 704
33 35 84
35 33 84
33 53 74
53 33 74
33 34 903
34 33 903
33 43 817
43 33 817
33 58 550
58 33 550
33 46 205
46 33 205
33 60 766
60 33 766
34 57 266
57 34 266
34 55 713
55 34 713
34 50 251
50 34 251
34 38 788
38 34 788
34 35 9
35 34 9
34 45 444
45 34 444
34 49 183
49 34 183
34 53 237
53 34 237
34 48 834
48 34 834
34 42 472
42 34 472
35 45 377
45 35 377
35 53 197
53 35 197
35 57 379
57 35 379
35 61 548
61 35 548
35 61 856
61 35 856
35 56 732
56 35 732
35 67 48
67 35 48
35 39 478
39 35 478
36 55 639
55 36 639
36 56 655
56 36 655
36 57 207
57 36 207
36 53 90
53 36 90
36 51 530
51 36 530
36 46 496
46 36 496
36 54 322
54 36 322
36 40 373
40 36 373
37 66 397
66 37 397
37 41 511
41 37 511
37 50 921
50 37 921
37 47 679
47 37 679
38 47 316
47 38 316
38 62 539
62 38 539
38 41 130
41 38 130
38 54 32
54 38 32
38 42 962
42 38 962
38 49 650
49 38 650
38 44 629
44 38 629
38 55 385
55 38 385
38 54 958
54 38 958
38 59 947
59 38 947
38 47 55
47 38 55
38 46 474
46 38 474
39 63 811
63 39 811
39 64 311
64 39 311
39 59 139
59 39 139
39 41 101
41 39 101
39 54 953
54 39 953
39 50 535
50 39 535
39 68 732
68 39 732
39 50 832
50 39 832
39 49 487
49 39 487
39 57 980
57 39 980
39 49 198
49 39 198
39 52 365
52 39 365
40 57 904
57 40 904
40 40 217
40 40 217
40 63 190
63 40 190
40 64 577
64 40 577
40 57 318
57 40 318
40 43 632
43 40 632
40 50 133
50 40 133
40 49 647
49 40 647
41 48 379
48 41 379
41 46 811
46 41 811
41 60 566
60 41 566
41 61 693
61 41 693
41 69 247
69 41 247
41 42 560
42 41 560
41 52 441
52 41 441
41 62 483
62 41 483
42 50 307
50 42 307
42 45 155
45 42 155
42 48 882
48 42 882
42 50 498
50 42 498
42 56 948
56 42 948
43 45 441
45 43 441
43 68 298
68 43 298
43 50 786
50 43 786
43 66 101
66 43 101
43 43 648
43 43 648
43 47 416
47 43 416
43 62 561
62 43 561
43 62 330
62 43 330
43 56 686
56 43 686
43 67 308
67 43 308
44 65 136
65 44 136
44 68 991
68 44 991
44 65 429
65 44 429
45 57 285
57 45 285
45 51 857
51 45 857
45 47 944
47 45 944
45 68 557
68 45 557
45 52 718
52 45 718
45 46 124
46 45 124
46 58 252
58 46 252
46 61 830
61 46 830
46 53 665
53 46 665
46 46 598
46 46 598
46 69 781
69 46 781
47 51 606
51 47 606
47 50 796
50 47 796
47 54 344
54 47 344
47 50 960
50 47 960
47 49 998
49 47 998
47 64 823
64 47 823
47 54 762
54 47 762
47 54 518
54 47 518
47 63 31
63 47 31
47 49 893
49 47 893
47 58 459
58 47 459
47 53 883
53 47 883
48 53 668
53 48 668
48 50 93
50 48 93
48 67 895
67 48 895
48 50 728
50 48 728
48 66 306
66 48 306
48 49 660
49 48 660
48 63 57
63 48 57
48 59 124
59 48 124
49 51 342
51 49 342
49 58 554
58 49 554
49 69 539
69 49 539
49 63 191
63 49 191
49 69 426
69 49 426
49 53 203
53 49 203
50 63 269
63 50 269
50 55 13
55 50 13
50 58 108
58 50 108
50 64 762
64 50 762
50 68 774
68 50 774
50 55 994
55 50 994
50 57 140
57 50 140
50 53 737
53 50 737
50 52 51
52 50 51
51 66 813
66 51 813
51 53 431
53 51 431
51 66 446
66 51 446
51 61 762
61 51 762
52 64 536
64 52 536
52 54 725
54 52 725
52 66 915
66 52 915
52 67 337
67 52 337
52 63 691
63 52 691
52 62 571
62 52 571
53 67 646
67 53 646
53 69 751
69 53 751
53 53 204
53 53 204
54 58 635
58 54 635
54 62 237
62 54 237
54 62 713
62 54 713
54 57 750
57 54 750
54 63 624
63 54 624
54 63 234
63 54 234
55 61 118
61 55 118
55 66 481
66 55 481
55 60 991
60 55 991
55 58 376
58 55 376
55 59 488
59 55 488
55 66 572
66 55 572
56 58 787
58 56 787
56 69 384
69 56 384
56 66 295
66 56 295
56 69 475
69 56 475
56 57 449
57 56 449
56 67 692
67 56 692
57 68 347
68 57 347
57 65 32
65 57 32
57 61 769
61 57 769
59 60 631
60 59 631
59 66 178
66 59 178
59 65 638
65 59 638
60 67 572
67 60 572
60 64 325
64 60 325
60 68 253
68 60 253
60 61 414
61 60 414
60 62 609
62 60 609
60 63 297
63 60 297
61 61 175
61 61 175
62 66 313
66 62 313
62 67 240
67 62 240
62 63 325
63 62 325
62 66 803
66 62 803
63 68 216
68 63 216
64 69 229
69 64 229
65 66 88
66 65 88
65 69 818
69 65 818
66 69 298
69 66 298
67 69 728
69 67 728
