74

0 1 31
1 0 31
0 4 622
4 0 622
0 7 35
7 0 35
0 9 535
9 0 535
0 14 617
14 0 617
0 18 276
18 0 276
0 70 43
70 0 43
0 71 578
71 0 578
0 51 796
51 0 796
0 57 232
57 0 232
0 14 480
14 0 480
0 32 904
32 0 904
0 65 12
65 0 12
0 39 932
39 0 932
0 13 883
13 0 883
0 32 993
32 0 993
0 13 674
13 0 674
0 49 569
49 0 569
0 27 352
27 0 352
0 63 646
63 0 646
0 14 845
14 0 845
0 33 881
33 0 881
0 9 697
9 0 697
0 28 86
28 0 86
0 25 110
25 0 110
0 65 776
65 0 776
0 54 3
54 0 3
0 32 122
32 0 122
0 55 187
55 0 187
0 70 129
70 0 129
0 7 796
7 0 796
0 29 327
29 0 327
0 43 484
43 0 484
0 15 953
15 0 953
0 67 103
67 0 103
0 15 493
15 0 493
0 58 492
58 0 492
0 35 79
35 0 79
1 2 209
2 1 209
1 64 116
64 1 116
1 50 31
50 1 31
1 60 629
60 1 629
1 45 301
45 1 301
1 55 781
55 1 781
1 57 388
57 1 388
1 13 188
13 1 188
1 21 273
21 1 273
1 65 977
65 1 977
1 14 427
14 1 427
1 46 906
46 1 906
1 73 366
73 1 366
1 67 324
67 1 324
1 35 82
35 1 82
1 54 723
54 1 723
1 3 39
3 1 39
1 24 173
24 1 173
1 32 866
32 1 866
1 38 684
38 1 684
1 20 978
20 1 978
1 20 388
20 1 388
1 30 498
30 1 498
1 53 681
53 1 681
1 71 418
71 1 418
1 10 52
10 1 52
1 61 443
61 1 443
1 67 411
67 1 411
1 41 346
41 1 346
2 3 570
3 2 570
2 5 14
5 2 14
2 6 279
6 2 279
2 11 198
11 2 198
2 15 189
15 2 189
2 25 866
25 2 866
2 26 312
26 2 312
2 46 287
46 2 287
2 34 116
34 2 116
2 22 15
22 2 15
2 33 486
33 2 486
2 8 673
8 2 673
2 4 902
4 2 902
2 32 189
32 2 189
2 63 225
63 2 225
2 58 227
58 2 227
2 33 841
33 2 841
2 28 429
28 2 429
2 48 837
48 2 837
2 23 523
23 2 523
2 68 505
68 2 505
2 22 377
22 2 377
2 42 137
42 2 137
2 36 921
36 2 921
2 8 749
8 2 749
2 4 682
4 2 682
2 51 868
51 2 868
2 25 286
25 2 286
2 31 41
31 2 41
2 18 528
18 2 528
3 55 683
55 3 683
3 63 265
63 3 265
3 59 723
59 3 723
3 12 721
12 3 721
3 73 784
73 3 784
3 40 885
40 3 885
3 41 718
41 3 718
3 25 763
25 3 763
3 37 988
37 3 988
3 30 194
30 3 194
3 71 710
71 3 710
3 27 404
27 3 404
3 23 492
23 3 492
3 52 677
52 3 677
3 18 971
18 3 971
3 25 613
25 3 613
3 43 677
43 3 677
3 20 89
20 3 89
3 6 411
6 3 411
3 52 806
52 3 806
4 8 124
8 4 124
4 22 444
22 4 444
4 39 611
39 4 611
4 16 736
16 4 736
4 64 389
64 4 389
4 49 671
49 4 671
4 51 780
51 4 780
4 10 6
10 4 6
4 60 923
60 4 923
4 16 550
16 4 550
4 42 796
42 4 796
4 12 61
12 4 61
4 59 799
59 4 799
4 53 345
53 4 345
4 22 670
22 4 670
4 26 365
26 4 365
4 52 830
52 4 830
4 50 724
50 4 724
4 39 104
39 4 104
4 5 192
5 4 192
5 17 379
17 5 379
5 69 820
69 5 820
5 47 596
47 5 596
5 71 768
71 5 768
5 60 583
60 5 583
5 59 884
59 5 884
5 59 410
59 5 410
5 42 150
42 5 150
5 46 943
46 5 943
5 60 281
60 5 281
5 25 398
25 5 398
5 42 728
42 5 728
5 48 182
48 5 182
5 36 568
36 5 568
5 49 874
49 5 874
5 12 525
12 5 525
5 57 20
57 5 20
5 16 360
16 5 360
5 39 652
39 5 652
5 15 205
15 5 205
5 6 898
6 5 898
5 50 322
50 5 322
5 41 38
41 5 38
5 36 450
36 5 450
5 59 329
59 5 329
6 44 952
44 6 952
6 60 410
60 6 410
6 57 225
57 6 225
6 40 950
40 6 950
6 63 543
63 6 543
6 46 560
46 6 560
6 65 769
65 6 769
6 36 484
36 6 484
6 55 70
55 6 70
6 24 526
24 6 526
6 11 91
11 6 91
6 32 990
32 6 990
6 45 451
45 6 451
6 59 516
59 6 516
6 25 505
25 6 505
6 35 154
35 6 154
6 22 255
22 6 255
6 63 787
63 6 787
6 56 875
56 6 875
6 52 272
52 6 272
6 55 395
55 6 395
6 7 662
7 6 662
6 32 408
32 6 408
6 10 734
10 6 734
6 54 817
54 6 817
6 33 698
33 6 698
6 23 707
23 6 707
6 13 658
13 6 658
6 58 134
58 6 134
6 23 597
23 6 597
7 24 907
24 7 907
7 28 262
28 7 262
7 51 53
51 7 53
7 10 63
10 7 63
7 60 963
60 7 963
7 24 262
24 7 262
7 53 523
53 7 523
7 36 401
36 7 401
7 43 452
43 7 452
7 24 584
24 7 584
7 30 335
30 7 335
7 23 288
23 7 288
7 48 530
48 7 530
7 22 555
22 7 555
7 72 359
72 7 359
7 18 974
18 7 974
7 38 885
38 7 885
7 63 107
63 7 107
7 55 737
55 7 737
7 61 583
61 7 583
7 59 945
59 7 945
7 12 53
12 7 53
7 52 150
52 7 150
7 44 424
44 7 424
7 71 385
71 7 385
7 49 870
49 7 870
7 16 386
16 7 386
7 60 996
60 7 996
7 8 417
8 7 417
8 46 213
46 8 213
8 16 786
16 8 786
8 10 339
10 8 339
8 46 518
46 8 518
8 69 371
69 8 371
8 24 783
24 8 783
8 17 858
17 8 858
8 11 707
11 8 707
8 26 919
26 8 919
8 30 989
30 8 989
8 69 455
69 8 455
8 72 165
72 8 165
8 52 685
52 8 685
8 45 23
45 8 23
8 25 540
25 8 540
8 15 799
15 8 799
8 16 362
16 8 362
8 54 545
54 8 545
8 42 425
42 8 425
8 59 720
59 8 720
8 50 525
50 8 525
8 22 930
22 8 930
9 10 494
10 9 494
9 23 396
23 9 396
9 29 548
29 9 548
9 52 98
52 9 98
9 64 856
64 9 856
9 40 957
40 9 957
9 71 32
71 9 32
9 58 953
58 9 953
9 36 147
36 9 147
9 32 261
32 9 261
9 42 615
42 9 615
9 35 569
35 9 569
9 70 51
70 9 51
9 57 845
57 9 845
9 37 563
37 9 563
9 55 216
55 9 216
9 45 524
45 9 524
9 71 485
71 9 485
9 65 554
65 9 554
10 12 75
12 10 75
10 13 387
13 10 387
10 27 505
27 10 505
10 33 753
33 10 753
10 34 266
34 10 266
10 56 901
56 10 901
10 45 668
45 10 668
10 14 513
14 10 513
10 35 138
35 10 138
10 50 388
50 10 388
10 53 688
53 10 688
10 51 18
51 10 18
10 20 613
20 10 613
10 15 857
15 10 857
10 38 548
38 10 548
10 37 620
37 10 620
10 64 891
64 10 891
10 21 149
21 10 149
10 54 801
54 10 801
10 31 233
31 10 233
10 45 416
45 10 416
10 29 642
29 10 642
10 19 974
19 10 974
10 50 534
50 10 534
10 57 708
57 10 708
11 39 408
39 11 408
11 33 465
33 11 465
11 56 40
56 11 40
11 56 436
56 11 436
11 55 665
55 11 665
11 73 95
73 11 95
11 59 666
59 11 666
11 34 920
34 11 920
11 51 195
51 11 195
11 52 933
52 11 933
11 19 323
19 11 323
11 57 615
57 11 615
11 59 737
59 11 737
11 29 382
29 11 382
11 71 288
71 11 288
11 62 623
62 11 623
11 17 804
17 11 804
11 73 72
73 11 72
11 67 777
67 11 777
11 28 440
28 11 440
11 73 354
73 11 354
11 73 433
73 11 433
11 39 398
39 11 398
12 31 715
31 12 715
12 35 211
35 12 211
12 45 975
45 12 975
12 19 304
19 12 304
12 15 613
15 12 613
12 60 778
60 12 778
12 66 315
66 12 315
12 36 347
36 12 347
12 72 447
72 12 447
12 16 550
16 12 550
12 15 760
15 12 760
12 57 656
57 12 656
12 59 896
59 12 896
12 65 866
65 12 866
12 38 645
38 12 645
12 45 11
45 12 11
12 39 470
39 12 470
12 26 492
26 12 492
12 20 222
20 12 222
12 59 298
59 12 298
12 19 275
19 12 275
12 24 545
24 12 545
12 15 408
15 12 408
12 45 321
45 12 321
12 43 403
43 12 403
13 40 616
40 13 616
13 19 579
19 13 579
13 68 303
68 13 303
13 32 828
32 13 828
13 66 479
66 13 479
13 34 917
34 13 917
13 72 923
72 13 923
13 59 451
59 13 451
13 47 673
47 13 673
13 16 755
16 13 755
13 34 767
34 13 767
13 39 902
39 13 902
13 61 492
61 13 492
13 14 365
14 13 365
13 50 994
50 13 994
13 17 59
17 13 59
13 18 808
18 13 808
13 64 898
64 13 898
14 16 780
16 14 780
14 55 952
55 14 952
14 73 203
73 14 203
14 17 358
17 14 358
14 60 322
60 14 322
14 38 86
38 14 86
14 70 175
70 14 175
14 14 360
14 14 360
14 41 670
41 14 670
14 62 478
62 14 478
14 49 752
49 14 752
14 64 71
64 14 71
14 45 523
45 14 523
14 47 842
47 14 842
14 46 330
46 14 330
14 64 423
64 14 423
14 28 689
28 14 689
14 56 502
56 14 502
14 14 314
14 14 314
14 56 789
56 14 789
14 64 914
64 14 914
14 32 291
32 14 291
15 20 993
20 15 993
15 32 583
32 15 583
15 57 613
57 15 613
15 15 899
15 15 899
15 29 648
29 15 648
15 36 511
36 15 511
15 29 679
29 15 679
15 55 452
55 15 452
15 18 744
18 15 744
15 27 931
27 15 931
15 23 635
23 15 635
15 22 619
22 15 619
15 16 80
16 15 80
15 27 935
27 15 935
15 65 859
65 15 859
15 39 18
39 15 18
15 60 243
60 15 243
15 64 993
64 15 993
15 51 340
51 15 340
15 69 592
69 15 592
15 24 481
24 15 481
15 65 382
65 15 382
15 73 33
73 15 33
15 61 710
61 15 710
15 15 712
15 15 712
15 39 213
39 15 213
15 56 772
56 15 772
16 19 75
19 16 75
16 48 15
48 16 15
16 67 614
67 16 614
16 42 118
42 16 118
16 62 197
62 16 197
16 48 662
48 16 662
16 38 998
38 16 998
16 22 110
22 16 110
16 65 848
65 16 848
16 47 867
47 16 867
16 63 978
63 16 978
16 28 569
28 16 569
16 44 509
44 16 509
16 43 402
43 16 402
16 67 927
67 16 927
16 61 386
61 16 386
16 32 732
32 16 732
16 65 243
65 16 243
16 27 970
27 16 970
16 56 937
56 16 937
16 59 672
59 16 672
17 29 945
29 17 945
17 58 765
58 17 765
17 65 956
65 17 956
17 66 751
66 17 751
17 25 881
25 17 881
17 45 983
45 17 983
17 31 918
31 17 918
17 30 272
30 17 272
17 22 382
22 17 382
17 34 460
34 17 460
17 63 790
63 17 790
17 29 26
29 17 26
17 18 232
18 17 232
17 20 377
20 17 377
17 43 400
43 17 400
17 22 762
22 17 762
17 62 874
62 17 874
17 49 735
49 17 735
17 38 666
38 17 666
17 45 797
45 17 797
17 65 238
65 17 238
17 36 543
36 17 543
17 19 586
19 17 586
17 34 369
34 17 369
18 21 235
21 18 235
18 47 904
47 18 904
18 50 237
50 18 237
18 45 365
45 18 365
18 72 585
72 18 585
18 35 680
35 18 680
18 25 688
25 18 688
18 55 148
55 18 148
18 45 700
45 18 700
18 48 455
48 18 455
18 64 716
64 18 716
18 57 426
57 18 426
18 26 46
26 18 46
18 18 402
18 18 402
18 34 357
34 18 357
18 45 540
45 18 540
18 18 424
18 18 424
18 43 216
43 18 216
18 25 192
25 18 192
18 41 46
41 18 46
18 30 134
30 18 134
18 46 300
46 18 300
18 70 981
70 18 981
18 54 85
54 18 85
19 66 94
66 19 94
19 23 909
23 19 909
19 52 204
52 19 204
19 46 355
46 19 355
19 62 386
62 19 386
19 39 608
39 19 608
19 64 243
64 19 243
19 49 291
49 19 291
19 23 953
23 19 953
19 37 95
37 19 95
19 57 675
57 19 675
19 57 39
57 19 39
19 41 650
41 19 650
19 48 465
48 19 465
19 56 963
56 19 963
19 46 567
46 19 567
19 59 59
59 19 59
19 54 360
54 19 360
19 32 239
32 19 239
19 21 573
21 19 573
20 36 209
36 20 209
20 59 49
59 20 49
20 31 780
31 20 780
20 23 836
23 20 836
20 21 314
21 20 314
20 39 455
39 20 455
20 34 701
34 20 701
20 66 924
66 20 924
20 29 753
29 20 753
20 41 747
41 20 747
20 51 930
51 20 930
20 60 314
60 20 314
20 26 717
26 20 717
20 72 884
72 20 884
20 23 506
23 20 506
21 30 791
30 21 791
21 65 722
65 21 722
21 38 10
38 21 10
21 56 297
56 21 297
21 42 148
42 21 148
21 43 592
43 21 592
21 21 247
21 21 247
21 66 643
66 21 643
21 51 794
51 21 794
21 36 717
36 21 717
21 65 684
65 21 684
21 67 678
67 21 678
21 61 788
61 21 788
21 67 187
67 21 187
21 66 920
66 21 920
21 32 173
32 21 173
21 60 65
60 21 65
21 38 19
38 21 19
21 54 130
54 21 130
21 62 871
62 21 871
22 52 337
52 22 337
22 37 708
37 22 708
22 46 646
46 22 646
22 56 731
56 22 731
22 63 894
63 22 894
22 62 363
62 22 363
22 71 586
71 22 586
22 59 444
59 22 444
23 38 748
38 23 748
23 63 821
63 23 821
23 23 700
23 23 700
23 51 745
51 23 745
23 41 248
41 23 248
23 28 840
28 23 840
23 58 325
58 23 325
23 26 708
26 23 708
23 50 939
50 23 939
23 51 828
51 23 828
23 61 714
61 23 714
23 46 782
46 23 782
23 63 285
63 23 285
23 31 430
31 23 430
23 24 59
24 23 59
23 38 885
38 23 885
23 25 331
25 23 331
23 45 574
45 23 574
23 72 902
72 23 902
23 25 641
25 23 641
23 65 347
65 23 347
24 54 803
54 24 803
24 61 903
61 24 903
24 48 419
48 24 419
24 50 320
50 24 320
24 58 878
58 24 878
24 29 600
29 24 600
24 27 929
27 24 929
24 52 246
52 24 246
24 54 577
54 24 577
24 47 531
47 24 531
24 27 122
27 24 122
24 69 826
69 24 826
24 61 482
61 24 482
24 67 902
67 24 902
24 70 183
70 24 183
24 69 199
69 24 199
24 45 177
45 24 177
24 59 345
59 24 345
24 33 173
33 24 173
24 34 751
34 24 751
25 60 773
60 25 773
25 52 973
52 25 973
25 63 467
63 25 467
25 68 90
68 25 90
25 39 470
39 25 470
25 62 764
62 25 764
25 57 370
57 25 370
25 40 624
40 25 624
25 45 307
45 25 307
25 63 876
63 25 876
25 68 566
68 25 566
25 71 547
71 25 547
25 73 59
73 25 59
25 29 858
29 25 858
25 40 267
40 25 267
25 44 645
44 25 645
26 53 511
53 26 511
26 37 538
37 26 538
26 37 917
37 26 917
26 48 226
48 26 226
26 51 452
51 26 452
26 62 942
62 26 942
26 39 26
39 26 26
26 42 185
42 26 185
26 34 678
34 26 678
26 44 424
44 26 424
26 33 746
33 26 746
26 67 953
67 26 953
26 58 649
58 26 649
26 42 880
42 26 880
26 52 273
52 26 273
26 66 829
66 26 829
26 26 6
26 26 6
27 43 911
43 27 911
27 67 759
67 27 759
27 49 178
49 27 178
27 67 54
67 27 54
27 49 594
49 27 594
27 47 278
47 27 278
27 68 816
68 27 816
27 47 769
47 27 769
27 66 296
66 27 296
27 34 855
34 27 855
27 66 50
66 27 50
27 45 651
45 27 651
27 69 52
69 27 52
27 55 721
55 27 721
27 71 230
71 27 230
27 54 631
54 27 631
28 50 286
50 28 286
28 47 722
47 28 722
28 50 916
50 28 916
28 31 381
31 28 381
28 54 849
54 28 849
28 65 341
65 28 341
28 34 840
34 28 840
29 41 667
41 29 667
29 42 712
42 29 712
29 32 212
32 29 212
29 68 378
68 29 378
29 62 88
62 29 88
29 43 721
43 29 721
29 73 459
73 29 459
29 63 329
63 29 329
29 58 700
58 29 700
29 71 602
71 29 602
29 54 72
54 29 72
29 35 532
35 29 532
29 65 71
65 29 71
29 53 474
53 29 474
29 47 513
47 29 513
29 68 948
68 29 948
29 43 566
43 29 566
29 47 84
47 29 84
29 45 357
45 29 357
29 35 747
35 29 747
29 69 248
69 29 248
30 34 659
34 30 659
30 35 400
35 30 400
30 65 996
65 30 996
30 63 960
63 30 960
30 53 565
53 30 565
30 31 557
31 30 557
30 52 887
52 30 887
30 48 399
48 30 399
30 65 539
65 30 539
30 52 880
52 30 880
31 52 415
52 31 415
31 62 44
62 31 44
31 65 352
65 31 352
31 51 412
51 31 412
31 52 569
52 31 569
31 50 681
50 31 681
31 48 987
48 31 987
31 41 554
41 31 554
31 61 936
61 31 936
31 51 409
51 31 409
31 44 4
44 31 4
31 53 65
53 31 65
31 70 699
70 31 699
31 35 756
35 31 756
31 58 517
58 31 517
31 40 430
40 31 430
31 38 763
38 31 763
31 65 579
65 31 579
31 50 322
50 31 322
31 51 230
51 31 230
31 48 713
48 31 713
32 37 653
37 32 653
32 48 23
48 32 23
32 41 499
41 32 499
32 62 810
62 32 810
32 57 287
57 32 287
32 46 225
46 32 225
32 44 953
44 32 953
32 65 750
65 32 750
32 46 95
46 32 95
32 57 937
57 32 937
32 46 252
46 32 252
32 44 491
44 32 491
32 60 532
60 32 532
32 43 950
43 32 950
32 54 262
54 32 262
32 63 67
63 32 67
32 73 361
73 32 361
32 33 485
33 32 485
33 72 873
72 33 873
33 63 148
63 33 148
33 54 989
54 33 989
33 42 575
42 33 575
33 46 924
46 33 924
33 41 405
41 33 405
33 50 19
50 33 19
33 42 520
42 33 520
33 55 914
55 33 914
34 58 689
58 34 689
34 40 607
40 34 607
34 38 611
38 34 611
34 64 53
64 34 53
34 70 485
70 34 485
34 43 179
43 34 179
34 57 698
57 34 698
34 72 210
72 34 210
34 73 60
73 34 60
34 59 48
59 34 48
34 41 379
41 34 379
34 38 674
38 34 674
34 61 127
61 34 127
34 46 445
46 34 445
34 55 905
55 34 905
34 55 635
55 34 635
34 48 618
48 34 618
34 59 730
59 34 730
35 49 784
49 35 784
35 56 642
56 35 642
35 42 89
42 35 89
35 37 513
37 35 513
35 50 208
50 35 208
35 36 306
36 35 306
35 39 136
39 35 136
35 55 925
55 35 925
35 73 448
73 35 448
35 52 350
52 35 350
35 60 924
60 35 924
35 73 543
73 35 543
36 45 708
45 36 708
36 49 531
49 36 531
36 36 967
36 36 967
36 48 18
48 36 18
36 69 325
69 36 325
36 53 984
53 36 984
37 73 667
73 37 667
37 63 236
63 37 236
37 71 413
71 37 413
37 68 144
68 37 144
37 48 568
48 37 568
37 63 699
63 37 699
37 47 187
47 37 187
37 68 255
68 37 255
37 41 595
41 37 595
37 60 26
60 37 26
37 48 90
48 37 90
37 72 697
72 37 697
37 39 317
39 37 317
37 73 965
73 37 965
37 39 618
39 37 618
38 56 511
56 38 511
38 59 807
59 38 807
38 63 787
63 38 787
38 40 851
40 38 851
38 67 203
67 38 203
38 69 494
69 38 494
38 60 223
60 38 223
38 48 346
48 38 346
39 53 871
53 39 871
39 53 217
53 39 217
39 44 420
44 39 420
39 63 649
63 39 649
39 64 720
64 39 720
39 69 486
69 39 486
39 52 347
52 39 347
39 71 537
71 39 537
39 65 591
65 39 591
39 57 903
57 39 903
39 49 483
49 39 483
39 41 531
41 39 531
39 71 653
71 39 653
40 66 927
66 40 927
40 73 40
73 40 40
40 51 704
51 40 704
40 66 894
66 40 894
40 41 484
41 40 484
40 67 611
67 40 611
40 65 159
65 40 159
40 47 42
47 40 42
40 43 822
43 40 822
40 69 801
69 40 801
41 45 700
45 41 700
41 54 741
54 41 741
41 42 384
42 41 384
41 60 692
60 41 692
41 44 6
44 41 6
41 70 940
70 41 940
41 72 789
72 41 789
41 55 334
55 41 334
41 43 721
43 41 721
41 55 678
55 41 678
41 47 507
47 41 507
41 55 317
55 41 317
41 67 265
67 41 265
41 44 479
44 41 479
42 65 523
65 42 523
42 53 504
53 42 504
42 73 244
73 42 244
42 61 493
61 42 493
42 53 820
53 42 820
42 43 434
43 42 434
42 63 471
63 42 471
43 61 227
61 43 227
43 55 989
55 43 989
43 61 745
61 43 745
43 63 575
63 43 575
43 55 171
55 43 171
43 66 389
66 43 389
43 51 626
51 43 626
43 62 33
62 43 33
43 45 671
45 43 671
44 49 849
49 44 849
44 67 597
67 44 597
44 64 18
64 44 18
44 53 669
53 44 669
44 56 677
56 44 677
45 49 152
49 45 152
45 57 978
57 45 978
45 71 657
71 45 657
45 46 601
46 45 601
45 58 543
58 45 543
45 64 216
64 45 216
45 48 657
48 45 657
45 62 552
62 45 552
45 57 354
57 45 354
45 60 719
60 45 719
45 64 410
64 45 410
45 59 957
59 45 957
46 53 838
53 46 838
46 73 79
73 46 79
46 50 522
50 46 522
46 48 138
48 46 138
46 51 803
51 46 803
46 49 431
49 46 431
46 62 569
62 46 569
46 55 502
55 46 502
46 49 360
49 46 360
46 70 78
70 46 78
46 50 931
50 46 931
46 73 467
73 46 467
46 47 193
47 46 193
47 57 823
57 47 823
47 64 569
64 47 569
47 53 153
53 47 153
47 49 549
49 47 549
47 56 714
56 47 714
47 64 189
64 47 189
47 66 957
66 47 957
47 61 912
61 47 912
47 67 717
67 47 717
47 57 628
57 47 628
47 53 2
53 47 2
47 56 813
56 47 813
48 55 28
55 48 28
48 69 585
69 48 585
48 49 342
49 48 342
48 53 414
53 48 414
48 50 246
50 48 246
48 66 246
66 48 246
48 70 555
70 48 555
48 60 602
60 48 602
48 51 928
51 48 928
49 51 148
51 49 148
49 68 817
68 49 817
49 59 478
59 49 478
49 69 175
69 49 175
49 73 220
73 49 220
49 56 608
56 49 608
49 57 93
57 49 93
49 71 566
71 49 566
49 53 162
53 49 162
49 67 325
67 49 325
49 58 392
58 49 392
49 63 921
63 49 921
49 68 850
68 49 850
49 61 423
61 49 423
50 70 903
70 50 903
50 66 382
66 50 382
50 51 236
51 50 236
50 73 761
73 50 761
50 72 476
72 50 476
50 65 268
65 50 268
51 62 659
62 51 659
51 61 86
61 51 86
51 69 369
69 51 369
51 72 33
72 51 33
51 52 602
52 51 602
51 61 582
61 51 582
51 61 225
61 51 225
51 59 426
59 51 426
51 71 309
71 51 309
52 58 361
58 52 361
52 64 656
64 52 656
52 57 327
57 52 327
52 65 403
65 52 403
52 59 792
59 52 792
52 57 350
57 52 350
52 63 629
63 52 629
52 56 185
56 52 185
52 67 610
67 52 610
52 56 407
56 52 407
52 66 294
66 52 294
52 66 117
66 52 117
52 70 273
70 52 273
53 68 198
68 53 198
53 53 947
53 53 947
53 71 807
71 53 807
53 71 458
71 53 458
53 58 163
58 53 163
53 56 122
56 53 122
53 73 358
73 53 358
53 60 262
60 53 262
53 69 934
69 53 934
53 53 163
53 53 163
53 64 628
64 53 628
54 65 171
65 54 171
54 69 762
69 54 762
54 59 567
59 54 567
54 57 341
57 54 341
54 55 668
55 54 668
54 65 102
65 54 102
55 57 523
57 55 523
55 65 458
65 55 458
55 60 18
60 55 18
56 68 363
68 56 363
56 72 206
72 56 206
56 69 266
69 56 266
56 68 849
68 56 849
56 61 649
61 56 649
56 64 662
64 56 662
56 67 400
67 56 400
57 60 806
60 57 806
57 73 375
73 57 375
57 65 331
65 57 331
57 73 155
73 57 155
57 70 400
70 57 400
57 62 496
62 57 496
57 57 952
57 57 952
58 67 667
67 58 667
58 69 187
69 58 187
58 70 6
70 58 6
58 60 521
60 58 521
58 73 902
73 58 902
58 67 929
67 58 929
58 73 787
73 58 787
58 69 907
69 58 907
59 62 324
62 59 324
59 68 404
68 59 404
59 70 11
70 59 11
60 67 747
67 60 747
60 63 657
63 60 657
60 70 61
70 60 61
60 63 887
63 60 887
61 70 946
70 61 946
61 72 207
72 61 207
61 71 763
71 61 763
61 63 492
63 61 492
61 63 180
63 61 180
62 68 177
68 62 177
63 67 31
67 63 31
63 72 924
72 63 924
64 66 475
66 64 475
64 72 680
72 64 680
64 66 602
66 64 602
65 67 534
67 65 534
65 66 956
66 65 956
65 71 647
71 65 647
66 69 534
69 66 534
66 70 929
70 66 929
68 71 553
71 68 553
69 71 282
71 69 282
69 73 850
73 69 850
70 70 286
70 70 286
70 71 432
71 70 432
71 71 677
71 71 677
71 71 33
71 71 33
71 71 560
71 71 560
