95

0 1 224
1 0 224
0 3 678
3 0 678
0 6 546
6 0 546
0 7 326
7 0 326
0 60 802
60 0 802
0 63 931
63 0 931
0 72 341
72 0 341
0 31 579
31 0 579
0 60 124
60 0 124
0 69 917
69 0 917
0 11 977
11 0 977
0 53 911
53 0 911
1 2 252
2 1 252
1 13 54
13 1 54
1 70 147
70 1 147
1 36 450
36 1 450
1 9 424
9 1 424
1 64 941
64 1 941
1 22 892
22 1 892
1 59 354
59 1 354
1 20 351
20 1 351
1 23 95
23 1 95
2 5 515
5 2 515
2 9 705
9 2 705
2 10 986
10 2 986
2 11 559
11 2 559
2 12 976
12 2 976
2 68 849
68 2 849
2 63 598
63 2 598
2 47 763
47 2 763
2 92 286
92 2 286
2 7 753
7 2 753
2 8 552
8 2 552
2 87 390
87 2 390
3 4 646
4 3 646
3 14 976
14 3 976
3 20 476
20 3 476
3 83 988
83 3 988
3 19 652
19 3 652
3 88 729
88 3 729
3 27 53
27 3 53
3 49 54
49 3 54
4 88 955
88 4 955
4 70 908
70 4 908
5 8 394
8 5 394
5 42 63
42 5 63
5 84 544
84 5 544
5 64 942
64 5 942
5 11 679
11 5 679
6 12 481
12 6 481
6 22 593
22 6 593
6 82 712
82 6 712
6 16 636
16 6 636
6 17 255
17 6 255
7 26 811
26 7 811
7 38 252
38 7 252
7 53 111
53 7 111
7 91 820
91 7 820
7 27 440
27 7 440
7 43 639
43 7 639
7 19 972
19 7 972
7 33 257
33 7 257
7 59 256
59 7 256
7 28 882
28 7 882
7 67 374
67 7 374
7 90 714
90 7 714
7 10 552
10 7 552
8 16 532
16 8 532
8 17 161
17 8 161
8 30 364
30 8 364
8 31 552
31 8 552
8 83 27
83 8 27
8 93 920
93 8 920
8 51 647
51 8 647
8 51 437
51 8 437
8 25 385
25 8 385
8 42 491
42 8 491
8 58 852
58 8 852
8 31 80
31 8 80
8 61 706
61 8 706
8 36 871
36 8 871
8 55 965
55 8 965
9 40 551
40 9 551
9 67 791
67 9 791
9 89 637
89 9 637
9 32 648
32 9 648
9 84 592
84 9 592
10 57 318
57 10 318
10 80 767
80 10 767
10 73 646
73 10 646
10 19 947
19 10 947
10 49 279
49 10 279
10 41 526
41 10 526
10 55 611
55 10 611
11 15 470
15 11 470
11 25 898
25 11 898
11 36 826
36 11 826
11 88 784
88 11 784
11 38 941
38 11 941
11 68 809
68 11 809
11 79 987
79 11 987
11 73 733
73 11 733
12 66 196
66 12 196
12 30 495
30 12 495
12 34 14
34 12 14
12 45 406
45 12 406
12 21 599
21 12 599
12 27 293
27 12 293
13 58 710
58 13 710
13 91 729
91 13 729
13 24 748
24 13 748
13 31 682
31 13 682
14 82 570
82 14 570
14 37 398
37 14 398
14 51 979
51 14 979
15 22 615
22 15 615
15 23 778
23 15 778
15 59 358
59 15 358
15 90 527
90 15 527
15 85 435
85 15 435
15 61 774
61 15 774
15 72 128
72 15 128
15 84 79
84 15 79
16 35 144
35 16 144
16 54 495
54 16 495
16 77 795
77 16 795
16 61 33
61 16 33
16 63 571
63 16 571
16 41 837
41 16 837
16 29 782
29 16 782
16 56 719
56 16 719
17 18 327
18 17 327
17 19 602
19 17 602
17 86 806
86 17 806
17 67 531
67 17 531
17 63 619
63 17 619
17 18 752
18 17 752
17 91 2
91 17 2
18 24 872
24 18 872
18 43 684
43 18 684
18 49 700
49 18 700
18 29 752
29 18 752
18 26 796
26 18 796
18 25 896
25 18 896
19 37 758
37 19 758
19 41 829
41 19 829
19 46 665
46 19 665
19 28 974
28 19 974
19 27 953
27 19 953
19 57 306
57 19 306
19 69 486
69 19 486
19 93 418
93 19 418
19 85 292
85 19 292
20 21 728
21 20 728
20 69 200
69 20 200
20 28 500
28 20 500
20 69 807
69 20 807
20 74 445
74 20 445
20 73 594
73 20 594
21 45 71
45 21 71
21 54 749
54 21 749
22 51 331
51 22 331
22 72 74
72 22 74
22 82 375
82 22 375
22 87 635
87 22 635
22 61 250
61 22 250
22 36 843
36 22 843
22 92 619
92 22 619
22 61 512
61 22 512
23 84 489
84 23 489
23 34 746
34 23 746
23 56 401
56 23 401
23 66 348
66 23 348
23 68 978
68 23 978
23 85 776
85 23 776
23 81 679
81 23 679
24 29 912
29 24 912
24 79 918
79 24 918
24 68 324
68 24 324
24 44 143
44 24 143
24 46 792
46 24 792
24 25 449
25 24 449
24 89 991
89 24 991
24 71 860
71 24 860
24 64 208
64 24 208
25 27 144
27 25 144
25 32 697
32 25 697
25 64 895
64 25 895
25 74 711
74 25 711
25 50 824
50 25 824
25 83 222
83 25 222
25 25 123
25 25 123
25 56 470
56 25 470
25 70 298
70 25 298
25 36 973
36 25 973
26 28 878
28 26 878
26 41 262
41 26 262
26 80 634
80 26 634
26 69 819
69 26 819
26 33 251
33 26 251
26 73 832
73 26 832
26 55 27
55 26 27
27 33 770
33 27 770
27 70 180
70 27 180
27 77 872
77 27 872
27 79 417
79 27 417
27 83 134
83 27 134
27 35 978
35 27 978
28 64 633
64 28 633
28 61 765
61 28 765
29 48 959
48 29 959
29 31 415
31 29 415
29 73 594
73 29 594
30 70 828
70 30 828
30 72 560
72 30 560
30 61 596
61 30 596
30 56 806
56 30 806
30 65 260
65 30 260
31 34 30
34 31 30
31 50 421
50 31 421
31 81 152
81 31 152
31 77 869
77 31 869
31 61 978
61 31 978
31 46 346
46 31 346
32 39 794
39 32 794
32 90 853
90 32 853
32 69 923
69 32 923
32 34 133
34 32 133
32 74 245
74 32 245
32 78 25
78 32 25
32 80 62
80 32 62
33 39 69
39 33 69
33 48 95
48 33 95
34 42 176
42 34 176
34 92 822
92 34 822
34 41 668
41 34 668
34 61 43
61 34 43
35 49 890
49 35 890
35 93 49
93 35 49
35 75 117
75 35 117
35 59 422
59 35 422
35 71 503
71 35 503
35 79 713
79 35 713
36 79 137
79 36 137
36 85 10
85 36 10
36 79 688
79 36 688
37 65 441
65 37 441
37 48 78
48 37 78
37 84 626
84 37 626
37 92 710
92 37 710
37 53 104
53 37 104
38 56 426
56 38 426
39 50 953
50 39 953
39 62 745
62 39 745
39 91 11
91 39 11
39 94 390
94 39 390
39 70 628
70 39 628
39 47 90
47 39 90
40 52 798
52 40 798
40 75 598
75 40 598
41 44 293
44 41 293
41 84 724
84 41 724
41 89 101
89 41 101
41 53 172
53 41 172
41 56 749
56 41 749
41 61 686
61 41 686
42 75 783
75 42 783
42 53 456
53 42 456
42 83 396
83 42 396
42 62 43
62 42 43
43 47 279
47 43 279
43 94 506
94 43 506
43 84 80
84 43 80
43 72 480
72 43 480
43 89 934
89 43 934
44 81 739
81 44 739
44 58 172
58 44 172
45 83 350
83 45 350
45 70 743
70 45 743
45 86 828
86 45 828
46 59 547
59 46 547
46 67 717
67 46 717
47 48 156
48 47 156
47 77 293
77 47 293
47 90 283
90 47 283
47 61 76
61 47 76
47 74 865
74 47 865
48 89 817
89 48 817
49 69 889
69 49 889
50 77 985
77 50 985
51 66 139
66 51 139
51 80 137
80 51 137
52 82 612
82 52 612
52 75 767
75 52 767
52 71 231
71 52 231
52 58 858
58 52 858
52 64 942
64 52 942
53 55 167
55 53 167
53 58 220
58 53 220
53 92 988
92 53 988
54 76 834
76 54 834
54 94 738
94 54 738
55 91 848
91 55 848
56 81 957
81 56 957
56 64 551
64 56 551
56 71 151
71 56 151
56 86 564
86 56 564
56 94 781
94 56 781
56 77 298
77 56 298
56 93 75
93 56 75
57 61 767
61 57 767
57 78 227
78 57 227
58 87 435
87 58 435
58 62 880
62 58 880
59 71 113
71 59 113
59 75 368
75 59 368
59 80 710
80 59 710
59 85 934
85 59 934
59 74 37
74 59 37
60 62 615
62 60 615
61 67 57
67 61 57
62 81 364
81 62 364
62 71 718
71 62 718
62 85 420
85 62 420
63 65 447
65 63 447
64 73 598
73 64 598
64 89 194
89 64 194
64 78 202
78 64 202
64 67 688
67 64 688
64 78 509
78 64 509
66 81 798
81 66 798
66 83 793
83 66 793
66 90 686
90 66 686
66 71 949
71 66 949
67 91 878
91 67 878
68 72 67
72 68 67
69 91 629
91 69 629
70 89 624
89 70 624
70 81 472
81 70 472
70 83 936
83 70 936
71 73 616
73 71 616
72 75 391
75 72 391
73 90 669
90 73 669
73 77 499
77 73 499
74 77 463
77 74 463
74 90 127
90 74 127
75 90 588
90 75 588
75 86 670
86 75 670
76 84 952
84 76 952
76 93 304
93 76 304
76 88 452
88 76 452
78 86 960
86 78 960
79 87 232
87 79 232
79 91 162
91 79 162
79 84 275
84 79 275
81 90 100
90 81 100
81 92 957
92 81 957
82 82 483
82 82 483
82 87 436
87 82 436
83 91 974
91 83 974
87 92 676
92 87 676
88 89 727
89 88 727
88 92 416
92 88 416
92 94 683
94 92 683
