31

0 1 389
1 0 389
0 9 217
9 0 217
0 11 773
11 0 773
0 21 423
21 0 423
0 30 570
30 0 570
0 23 56
23 0 56
0 14 650
14 0 650
0 25 798
25 0 798
0 24 53
24 0 53
0 8 763
8 0 763
0 3 165
3 0 165
0 14 204
14 0 204
0 28 116
28 0 116
0 8 572
8 0 572
0 6 984
6 0 984
0 24 767
24 0 767
0 20 691
20 0 691
0 24 817
24 0 817
0 23 261
23 0 261
1 2 750
2 1 750
1 3 32
3 1 32
1 18 529
18 1 529
1 30 129
30 1 129
1 9 508
9 1 508
1 15 678
15 1 678
1 9 659
9 1 659
1 10 827
10 1 827
1 30 352
30 1 352
1 30 621
30 1 621
1 24 543
24 1 543
1 11 513
11 1 513
1 9 876
9 1 876
1 10 369
10 1 369
1 16 719
16 1 719
1 17 807
17 1 807
1 26 746
26 1 746
1 26 986
26 1 986
1 10 723
10 1 723
1 2 610
2 1 610
1 23 680
23 1 680
1 8 334
8 1 334
2 4 238
4 2 238
2 5 546
5 2 546
2 6 890
6 2 890
2 16 113
16 2 113
2 23 31
23 2 31
2 17 519
17 2 519
2 11 516
11 2 516
2 10 52
10 2 52
2 29 276
29 2 276
2 14 786
14 2 786
2 28 697
28 2 697
2 3 537
3 2 537
2 29 292
29 2 292
2 22 525
22 2 525
2 23 949
23 2 949
2 11 235
11 2 235
3 7 81
7 3 81
3 4 998
4 3 998
3 15 273
15 3 273
3 21 759
21 3 759
3 29 146
29 3 146
3 23 262
23 3 262
3 4 410
4 3 410
3 14 20
14 3 20
3 22 473
22 3 473
3 18 492
18 3 492
3 17 137
17 3 137
3 7 699
7 3 699
3 12 700
12 3 700
4 23 721
23 4 721
4 5 621
5 4 621
4 4 13
4 4 13
4 28 994
28 4 994
4 14 988
14 4 988
4 9 108
9 4 108
4 7 568
7 4 568
4 9 670
9 4 670
4 9 119
9 4 119
4 21 690
21 4 690
4 30 7
30 4 7
4 24 454
24 4 454
4 30 178
30 4 178
5 8 161
8 5 161
5 22 340
22 5 340
5 21 480
21 5 480
5 8 280
8 5 280
5 12 566
12 5 566
5 22 219
22 5 219
5 20 208
20 5 208
5 20 537
20 5 537
5 13 912
13 5 912
5 7 832
7 5 832
5 16 354
16 5 354
5 28 578
28 5 578
5 14 194
14 5 194
5 23 641
23 5 641
5 20 658
20 5 658
5 23 825
23 5 825
5 8 952
8 5 952
6 14 195
14 6 195
6 21 192
21 6 192
6 20 104
20 6 104
6 6 318
6 6 318
6 26 547
26 6 547
6 27 781
27 6 781
6 20 441
20 6 441
6 14 697
14 6 697
6 11 376
11 6 376
7 12 670
12 7 670
7 17 786
17 7 786
7 28 570
28 7 570
7 17 363
17 7 363
7 16 371
16 7 371
7 18 612
18 7 612
7 15 414
15 7 414
7 20 744
20 7 744
7 17 909
17 7 909
7 15 750
15 7 750
7 21 316
21 7 316
7 18 624
18 7 624
7 29 548
29 7 548
7 25 322
25 7 322
7 16 942
16 7 942
8 10 346
10 8 346
8 8 401
8 8 401
8 26 271
26 8 271
8 25 269
25 8 269
8 29 372
29 8 372
8 25 705
25 8 705
8 14 693
14 8 693
8 9 724
9 8 724
8 25 887
25 8 887
8 17 866
17 8 866
8 14 187
14 8 187
8 18 812
18 8 812
8 24 736
24 8 736
8 27 31
27 8 31
9 20 173
20 9 173
9 24 466
24 9 466
9 29 323
29 9 323
9 23 542
23 9 542
9 16 126
16 9 126
9 26 271
26 9 271
9 20 694
20 9 694
9 23 253
23 9 253
9 30 934
30 9 934
9 15 556
15 9 556
9 28 657
28 9 657
9 11 91
11 9 91
10 23 593
23 10 593
10 13 790
13 10 790
10 27 10
27 10 10
10 23 210
23 10 210
10 28 618
28 10 618
10 13 782
13 10 782
10 16 709
16 10 709
10 19 220
19 10 220
10 24 365
24 10 365
10 15 499
15 10 499
11 13 586
13 11 586
11 15 739
15 11 739
11 26 223
26 11 223
11 19 859
19 11 859
11 12 173
12 11 173
11 30 814
30 11 814
11 30 805
30 11 805
11 21 596
21 11 596
11 15 845
15 11 845
11 26 883
26 11 883
11 30 311
30 11 311
11 19 92
19 11 92
11 14 80
14 11 80
11 17 701
17 11 701
12 22 840
22 12 840
12 24 577
24 12 577
12 19 334
19 12 334
12 16 347
16 12 347
12 25 334
25 12 334
12 17 664
17 12 664
12 13 658
13 12 658
12 26 803
26 12 803
12 16 303
16 12 303
12 27 814
27 12 814
13 25 649
25 13 649
13 13 216
13 13 216
13 14 985
14 13 985
13 27 615
27 13 615
13 28 77
28 13 77
13 25 439
25 13 439
13 15 843
15 13 843
13 14 999
14 13 999
14 19 236
19 14 236
14 25 226
25 14 226
14 24 202
24 14 202
14 20 78
20 14 78
14 19 587
19 14 587
14 20 971
20 14 971
14 29 601
29 14 601
14 26 437
26 14 437
14 16 421
16 14 421
14 25 238
25 14 238
14 25 947
25 14 947
14 16 436
16 14 436
14 26 409
26 14 409
14 25 66
25 14 66
15 24 98
24 15 98
15 29 217
29 15 217
15 27 769
27 15 769
15 28 340
28 15 340
15 30 946
30 15 946
15 29 678
29 15 678
15 20 478
20 15 478
16 23 390
23 16 390
16 30 773
30 16 773
16 25 751
25 16 751
16 19 801
19 16 801
16 18 116
18 16 116
16 24 215
24 16 215
16 17 344
17 16 344
16 29 47
29 16 47
16 23 551
23 16 551
16 27 986
27 16 986
16 18 389
18 16 389
16 20 65
20 16 65
16 28 778
28 16 778
17 21 452
21 17 452
17 22 888
22 17 888
17 21 961
21 17 961
17 29 27
29 17 27
17 27 713
27 17 713
17 22 754
22 17 754
17 24 817
24 17 817
17 29 369
29 17 369
17 18 663
18 17 663
17 25 757
25 17 757
18 27 591
27 18 591
18 29 540
29 18 540
18 29 504
29 18 504
18 19 364
19 18 364
18 23 367
23 18 367
18 19 745
19 18 745
18 20 28
20 18 28
19 30 610
30 19 610
19 20 815
20 19 815
19 28 997
28 19 997
19 22 676
22 19 676
19 29 924
29 19 924
19 30 40
30 19 40
19 26 586
26 19 586
19 20 342
20 19 342
19 25 165
25 19 165
19 23 141
23 19 141
20 24 135
24 20 135
20 30 973
30 20 973
20 28 849
28 20 849
21 27 96
27 21 96
21 30 488
30 21 488
21 24 159
24 21 159
21 29 735
29 21 735
21 23 93
23 21 93
21 29 818
29 21 818
21 29 164
29 21 164
22 25 308
25 22 308
22 28 915
28 22 915
22 24 921
24 22 921
22 30 94
30 22 94
22 27 688
27 22 688
23 24 508
24 23 508
23 25 714
25 23 714
23 29 281
29 23 281
24 25 412
25 24 412
24 24 27
24 24 27
24 27 556
27 24 556
24 28 31
28 24 31
25 26 679
26 25 679
26 27 676
27 26 676
26 27 762
27 26 762
26 28 411
28 26 411
27 29 517
29 27 517
28 29 461
29 28 461
29 30 428
30 29 428
