74

0 1 498
1 0 498
0 2 928
2 0 928
0 4 491
4 0 491
0 7 25
7 0 25
0 8 600
8 0 600
0 12 640
12 0 640
0 8 676
8 0 676
0 39 165
39 0 165
0 65 164
65 0 164
0 62 447
62 0 447
0 67 901
67 0 901
1 3 447
3 1 447
1 9 708
9 1 708
1 18 590
18 1 590
1 19 405
19 1 405
1 35 371
35 1 371
1 72 964
72 1 964
1 44 484
44 1 484
1 69 476
69 1 476
1 30 893
30 1 893
1 63 110
63 1 110
1 44 576
44 1 576
1 17 465
17 1 465
2 11 445
11 2 445
2 30 445
30 2 445
2 37 298
37 2 298
2 40 694
40 2 694
3 5 465
5 3 465
3 10 11
10 3 11
3 21 644
21 3 644
3 71 255
71 3 255
3 15 462
15 3 462
3 40 417
40 3 417
3 21 146
21 3 146
3 71 217
71 3 217
3 61 22
61 3 22
3 20 91
20 3 91
3 73 889
73 3 889
3 14 848
14 3 848
3 29 533
29 3 533
3 20 508
20 3 508
4 6 71
6 4 71
4 27 355
27 4 355
4 66 206
66 4 206
4 71 628
71 4 628
4 49 289
49 4 289
4 12 276
12 4 276
4 22 372
22 4 372
4 28 332
28 4 332
4 20 154
20 4 154
5 13 70
13 5 70
5 15 886
15 5 886
5 16 434
16 5 434
5 31 405
31 5 405
5 41 844
41 5 844
5 68 303
68 5 303
5 21 563
21 5 563
5 15 666
15 5 666
5 63 394
63 5 394
5 43 928
43 5 928
5 26 655
26 5 655
5 27 439
27 5 439
6 67 156
67 6 156
6 59 89
59 6 89
6 10 210
10 6 210
6 69 111
69 6 111
6 6 791
6 6 791
7 38 620
38 7 620
7 58 582
58 7 582
7 63 145
63 7 145
7 25 336
25 7 336
7 26 609
26 7 609
7 59 611
59 7 611
8 38 270
38 8 270
8 38 41
38 8 41
8 24 121
24 8 121
8 15 800
15 8 800
9 20 429
20 9 429
9 30 989
30 9 989
9 56 166
56 9 166
9 63 718
63 9 718
9 63 384
63 9 384
9 72 609
72 9 609
9 67 621
67 9 621
9 12 937
12 9 937
9 24 461
24 9 461
9 10 671
10 9 671
9 42 443
42 9 443
10 50 37
50 10 37
10 37 220
37 10 220
10 37 706
37 10 706
10 58 369
58 10 369
10 28 98
28 10 98
10 26 259
26 10 259
10 31 648
31 10 648
11 14 973
14 11 973
11 25 196
25 11 196
11 52 450
52 11 450
11 43 391
43 11 391
11 15 675
15 11 675
11 34 642
34 11 642
11 35 61
35 11 61
11 59 14
59 11 14
12 40 279
40 12 279
12 27 272
27 12 272
12 15 809
15 12 809
12 30 285
30 12 285
12 30 809
30 12 809
12 40 684
40 12 684
13 23 790
23 13 790
13 37 756
37 13 756
13 41 756
41 13 756
13 66 533
66 13 533
13 16 834
16 13 834
13 43 335
43 13 335
13 20 141
20 13 141
14 17 998
17 14 998
14 63 768
63 14 768
14 24 943
24 14 943
14 20 614
20 14 614
14 27 360
27 14 360
14 54 523
54 14 523
15 22 341
22 15 341
15 34 705
34 15 705
15 69 919
69 15 919
16 50 728
50 16 728
16 16 1000
16 16 1000
16 22 514
22 16 514
16 45 918
45 16 918
17 28 613
28 17 613
17 29 620
29 17 620
17 24 607
24 17 607
17 40 757
40 17 757
17 51 839
51 17 839
17 22 115
22 17 115
17 65 229
65 17 229
17 66 932
66 17 932
17 49 632
49 17 632
17 17 280
17 17 280
18 26 571
26 18 571
18 64 480
64 18 480
18 70 844
70 18 844
18 18 733
18 18 733
18 52 477
52 18 477
19 41 890
41 19 890
19 42 559
42 19 559
19 26 189
26 19 189
19 41 909
41 19 909
19 59 140
59 19 140
20 46 38
46 20 38
20 40 76
40 20 76
20 26 897
26 20 897
21 71 743
71 21 743
21 24 63
24 21 63
21 51 812
51 21 812
21 60 54
60 21 54
21 40 439
40 21 439
22 24 133
24 22 133
22 54 943
54 22 943
22 54 804
54 22 804
23 33 682
33 23 682
23 39 781
39 23 781
23 45 812
45 23 812
23 70 763
70 23 763
23 29 364
29 23 364
24 66 460
66 24 460
24 64 637
64 24 637
24 45 796
45 24 796
24 25 342
25 24 342
24 41 704
41 24 704
24 38 170
38 24 170
25 42 877
42 25 877
25 38 794
38 25 794
25 27 471
27 25 471
25 49 567
49 25 567
25 57 476
57 25 476
25 51 355
51 25 355
25 60 175
60 25 175
26 32 175
32 26 175
26 59 269
59 26 269
26 26 62
26 26 62
26 58 73
58 26 73
26 62 364
62 26 364
26 28 376
28 26 376
26 37 85
37 26 85
26 49 861
49 26 861
27 49 131
49 27 131
27 42 297
42 27 297
27 62 103
62 27 103
27 44 924
44 27 924
27 64 643
64 27 643
28 63 84
63 28 84
28 29 800
29 28 800
29 71 362
71 29 362
29 49 832
49 29 832
29 66 574
66 29 574
29 70 996
70 29 996
30 34 759
34 30 759
30 36 115
36 30 115
30 53 455
53 30 455
30 70 91
70 30 91
30 70 441
70 30 441
30 35 965
35 30 965
30 51 378
51 30 378
30 49 119
49 30 119
30 63 531
63 30 531
30 62 609
62 30 609
30 39 469
39 30 469
30 30 195
30 30 195
31 62 199
62 31 199
31 53 647
53 31 647
31 71 654
71 31 654
31 64 232
64 31 232
31 52 98
52 31 98
32 38 32
38 32 32
32 55 620
55 32 620
32 41 4
41 32 4
32 56 8
56 32 8
32 52 940
52 32 940
32 41 822
41 32 822
33 43 296
43 33 296
33 46 286
46 33 286
34 47 830
47 34 830
34 69 703
69 34 703
34 58 296
58 34 296
34 40 669
40 34 669
34 45 157
45 34 157
34 60 1000
60 34 1000
34 57 806
57 34 806
34 44 524
44 34 524
35 36 522
36 35 522
35 42 224
42 35 224
35 35 142
35 35 142
36 44 204
44 36 204
36 54 241
54 36 241
36 64 291
64 36 291
36 48 179
48 36 179
36 66 699
66 36 699
36 66 659
66 36 659
37 71 153
71 37 153
38 51 597
51 38 597
38 58 908
58 38 908
38 63 576
63 38 576
38 48 866
48 38 866
39 55 784
55 39 784
39 59 151
59 39 151
39 48 960
48 39 960
40 71 402
71 40 402
40 65 492
65 40 492
40 47 542
47 40 542
40 57 785
57 40 785
41 60 548
60 41 548
41 72 762
72 41 762
41 43 773
43 41 773
41 71 698
71 41 698
42 62 6
62 42 6
42 59 680
59 42 680
42 67 564
67 42 564
43 58 697
58 43 697
43 73 319
73 43 319
43 65 568
65 43 568
43 56 748
56 43 748
44 64 988
64 44 988
44 71 432
71 44 432
44 63 578
63 44 578
44 52 862
52 44 862
45 64 971
64 45 971
45 62 218
62 45 218
45 72 160
72 45 160
46 48 371
48 46 371
46 57 543
57 46 543
46 73 905
73 46 905
46 50 596
50 46 596
47 55 4
55 47 4
48 57 430
57 48 430
48 59 250
59 48 250
48 54 489
54 48 489
52 69 293
69 52 293
53 54 981
54 53 981
54 61 406
61 54 406
54 64 617
64 54 617
54 54 902
54 54 902
55 66 286
66 55 286
56 59 476
59 56 476
56 62 680
62 56 680
56 68 796
68 56 796
57 68 787
68 57 787
58 61 4
61 58 4
61 61 431
61 61 431
61 63 251
63 61 251
62 70 121
70 62 121
63 72 429
72 63 429
64 65 215
65 64 215
65 70 996
70 65 996
66 71 61
71 66 61
67 69 504
69 67 504
67 68 265
68 67 265
68 70 547
70 68 547
70 72 11
72 70 11
