19

0 1 596
1 0 596
0 2 386
2 0 386
0 3 602
3 0 602
0 8 772
8 0 772
0 15 580
15 0 580
0 11 489
11 0 489
0 3 181
3 0 181
0 10 610
10 0 610
0 18 60
18 0 60
0 18 804
18 0 804
0 18 699
18 0 699
0 14 499
14 0 499
0 0 573
0 0 573
0 12 155
12 0 155
0 3 990
3 0 990
0 0 726
0 0 726
0 17 598
17 0 598
0 14 599
14 0 599
0 6 414
6 0 414
1 14 846
14 1 846
1 17 860
17 1 860
1 18 1000
18 1 1000
1 15 888
15 1 888
1 2 898
2 1 898
1 12 603
12 1 603
1 8 289
8 1 289
1 7 961
7 1 961
1 2 746
2 1 746
1 16 682
16 1 682
1 5 699
5 1 699
1 7 286
7 1 286
1 11 107
11 1 107
1 15 127
15 1 127
1 17 360
17 1 360
1 15 604
15 1 604
1 12 910
12 1 910
1 3 689
3 1 689
1 9 365
9 1 365
2 9 848
9 2 848
2 7 493
7 2 493
2 17 605
17 2 605
2 12 166
12 2 166
2 3 783
3 2 783
2 5 371
5 2 371
2 11 372
11 2 372
2 3 857
3 2 857
2 12 992
12 2 992
2 16 217
16 2 217
2 10 243
10 2 243
2 3 286
3 2 286
3 4 545
4 3 545
3 16 329
16 3 329
3 12 137
12 3 137
3 3 191
3 3 191
3 15 305
15 3 305
3 15 90
15 3 90
3 12 386
12 3 386
3 11 510
11 3 510
3 15 110
15 3 110
3 18 190
18 3 190
3 8 250
8 3 250
3 14 769
14 3 769
3 17 568
17 3 568
3 4 299
4 3 299
3 4 466
4 3 466
4 5 861
5 4 861
4 11 718
11 4 718
4 13 445
13 4 445
4 15 989
15 4 989
4 10 3
10 4 3
4 10 903
10 4 903
4 9 624
9 4 624
4 9 536
9 4 536
4 5 728
5 4 728
4 10 896
10 4 896
4 8 770
8 4 770
4 8 601
8 4 601
4 11 849
11 4 849
4 9 750
9 4 750
4 4 833
4 4 833
4 12 498
12 4 498
5 6 674
6 5 674
5 7 968
7 5 968
5 10 276
10 5 276
5 6 553
6 5 553
5 10 179
10 5 179
5 15 839
15 5 839
5 9 598
9 5 598
5 13 447
13 5 447
5 6 776
6 5 776
5 18 556
18 5 556
5 15 413
15 5 413
5 16 416
16 5 416
5 13 592
13 5 592
6 12 314
12 6 314
6 12 873
12 6 873
6 15 43
15 6 43
6 13 598
13 6 598
6 10 104
10 6 104
6 18 138
18 6 138
6 8 682
8 6 682
6 9 743
9 6 743
6 7 283
7 6 283
7 10 334
10 7 334
7 9 898
9 7 898
7 8 542
8 7 542
8 16 460
16 8 460
8 12 563
12 8 563
8 14 709
14 8 709
8 11 736
11 8 736
8 11 763
11 8 763
8 17 531
17 8 531
9 12 976
12 9 976
9 9 117
9 9 117
9 14 49
14 9 49
9 13 732
13 9 732
9 14 720
14 9 720
9 15 391
15 9 391
9 11 567
11 9 567
9 18 75
18 9 75
9 9 303
9 9 303
10 17 551
17 10 551
10 11 69
11 10 69
10 18 865
18 10 865
10 13 275
13 10 275
10 12 946
12 10 946
10 10 285
10 10 285
11 15 844
15 11 844
11 13 507
13 11 507
11 15 320
15 11 320
11 12 436
12 11 436
11 13 551
13 11 551
11 17 819
17 11 819
12 18 314
18 12 314
12 15 114
15 12 114
12 13 252
13 12 252
13 15 950
15 13 950
13 15 193
15 13 193
13 16 506
16 13 506
13 18 719
18 13 719
14 14 664
14 14 664
14 16 489
16 14 489
15 16 439
16 15 439
15 16 510
16 15 510
15 17 132
17 15 132
15 17 668
17 15 668
