90

0 1 788
1 0 788
0 2 280
2 0 280
0 4 865
4 0 865
0 7 267
7 0 267
0 8 294
8 0 294
0 61 867
61 0 867
0 79 465
79 0 465
0 10 312
10 0 312
0 87 181
87 0 181
0 42 124
42 0 124
0 3 386
3 0 386
0 80 480
80 0 480
0 54 10
54 0 10
0 78 78
78 0 78
1 25 447
25 1 447
1 36 623
36 1 623
1 80 237
80 1 237
1 48 182
48 1 182
1 8 389
8 1 389
1 43 108
43 1 108
1 71 194
71 1 194
1 19 709
19 1 709
1 69 754
69 1 754
1 78 535
78 1 535
1 42 962
42 1 962
1 32 624
32 1 624
2 3 384
3 2 384
2 5 237
5 2 237
2 9 788
9 2 788
2 23 905
23 2 905
2 81 993
81 2 993
2 29 511
29 2 511
2 18 620
18 2 620
2 83 763
83 2 763
2 45 385
45 2 385
2 50 119
50 2 119
2 88 852
88 2 852
2 44 337
44 2 337
3 10 537
10 3 537
3 21 750
21 3 750
3 22 117
22 3 117
3 16 685
16 3 685
3 12 389
12 3 389
3 88 471
88 3 471
3 23 741
23 3 741
3 42 64
42 3 64
3 26 932
26 3 932
3 20 515
20 3 515
3 8 354
8 3 354
3 82 860
82 3 860
3 60 683
60 3 683
3 75 858
75 3 858
3 20 86
20 3 86
4 6 60
6 4 60
4 15 468
15 4 468
4 27 368
27 4 368
4 47 674
47 4 674
4 67 489
67 4 489
4 34 175
34 4 175
4 36 48
36 4 48
4 8 49
8 4 49
4 5 732
5 4 732
4 10 12
10 4 12
4 88 884
88 4 884
4 68 504
68 4 504
5 75 378
75 5 378
5 78 775
78 5 775
5 54 737
54 5 737
5 57 1000
57 5 1000
5 41 82
41 5 82
5 80 294
80 5 294
5 9 782
9 5 782
6 33 712
33 6 712
6 50 868
50 6 868
6 64 724
64 6 724
6 42 177
42 6 177
6 86 579
86 6 579
6 44 83
44 6 83
6 16 645
16 6 645
6 29 880
29 6 880
7 11 410
11 7 410
7 13 795
13 7 795
7 17 59
17 7 59
7 40 801
40 7 801
7 58 680
58 7 680
7 68 96
68 7 96
7 65 772
65 7 772
7 85 966
85 7 966
7 56 848
56 7 848
7 62 111
62 7 111
8 18 618
18 8 618
8 48 340
48 8 340
8 46 557
46 8 557
8 75 76
75 8 76
8 55 114
55 8 114
8 36 61
36 8 61
8 42 835
42 8 835
8 84 800
84 8 800
8 47 35
47 8 35
8 23 403
23 8 403
8 87 711
87 8 711
8 30 734
30 8 734
8 61 449
61 8 449
8 38 60
38 8 60
8 56 49
56 8 49
9 14 74
14 9 74
9 29 741
29 9 741
9 45 81
45 9 81
9 89 46
89 9 46
9 58 595
58 9 595
9 39 960
39 9 960
9 79 59
79 9 59
9 30 60
30 9 60
9 42 358
42 9 358
9 11 495
11 9 495
9 21 872
21 9 872
9 27 699
27 9 699
9 84 566
84 9 566
9 54 315
54 9 315
9 47 101
47 9 101
9 85 576
85 9 576
9 31 187
31 9 187
10 12 70
12 10 70
10 35 725
35 10 725
10 65 762
65 10 762
10 38 985
38 10 985
10 43 14
43 10 14
10 44 461
44 10 461
10 33 470
33 10 470
10 35 681
35 10 681
10 74 266
74 10 266
11 28 614
28 11 614
11 87 817
87 11 817
11 53 102
53 11 102
11 46 347
46 11 347
11 44 305
44 11 305
11 43 89
43 11 89
11 40 162
40 11 162
11 32 866
32 11 866
12 19 220
19 12 220
12 48 180
48 12 180
12 73 783
73 12 783
12 86 926
86 12 926
12 16 593
16 12 593
12 19 446
19 12 446
13 34 112
34 13 112
13 49 842
49 13 842
13 59 520
59 13 520
13 85 473
85 13 473
13 51 21
51 13 21
13 29 676
29 13 676
13 85 943
85 13 943
13 32 858
32 13 858
13 66 130
66 13 130
13 67 319
67 13 319
13 58 653
58 13 653
14 16 152
16 14 152
14 49 883
49 14 883
14 38 542
38 14 542
14 27 972
27 14 972
14 35 823
35 14 823
14 89 330
89 14 330
15 42 955
42 15 955
15 28 201
28 15 201
15 32 628
32 15 628
15 60 415
60 15 415
15 71 578
71 15 578
15 43 425
43 15 425
16 19 935
19 16 935
16 39 21
39 16 21
16 72 740
72 16 740
16 63 598
63 16 598
16 67 356
67 16 356
16 55 251
55 16 251
16 70 100
70 16 100
16 52 188
52 16 188
16 74 612
74 16 612
16 55 880
55 16 880
16 34 765
34 16 765
17 47 221
47 17 221
17 37 134
37 17 134
17 57 753
57 17 753
17 63 592
63 17 592
17 73 400
73 17 400
18 30 939
30 18 939
18 49 858
49 18 858
18 54 681
54 18 681
18 47 670
47 18 670
18 25 507
25 18 507
18 32 275
32 18 275
18 74 974
74 18 974
18 78 326
78 18 326
18 69 838
69 18 838
18 20 354
20 18 354
18 69 520
69 18 520
18 43 771
43 18 771
18 55 485
55 18 485
19 20 195
20 19 195
19 24 396
24 19 396
19 44 67
44 19 67
19 55 478
55 19 478
19 21 990
21 19 990
19 23 361
23 19 361
19 20 899
20 19 899
20 43 856
43 20 856
20 51 292
51 20 292
20 70 439
70 20 439
20 88 484
88 20 484
20 72 825
72 20 825
20 67 359
67 20 359
20 89 988
89 20 988
20 27 432
27 20 432
21 26 491
26 21 491
21 37 794
37 21 794
21 51 442
51 21 442
21 65 787
65 21 787
21 45 284
45 21 284
21 44 836
44 21 836
21 28 962
28 21 962
21 78 440
78 21 440
21 64 697
64 21 697
21 68 244
68 21 244
21 67 479
67 21 479
22 74 171
74 22 171
22 79 662
79 22 662
22 38 813
38 22 813
22 48 574
48 22 574
22 27 921
27 22 921
23 47 860
47 23 860
23 80 477
80 23 477
23 79 666
79 23 666
23 64 517
64 23 517
24 55 575
55 24 575
24 88 382
88 24 382
24 59 260
59 24 260
24 87 34
87 24 34
24 84 14
84 24 14
24 31 129
31 24 129
24 72 506
72 24 506
24 64 496
64 24 496
24 52 128
52 24 128
24 65 63
65 24 63
24 69 502
69 24 502
25 31 650
31 25 650
25 51 498
51 25 498
25 55 162
55 25 162
25 44 59
44 25 59
25 33 854
33 25 854
25 88 278
88 25 278
25 62 642
62 25 642
25 79 588
79 25 588
25 45 407
45 25 407
26 44 410
44 26 410
26 31 117
31 26 117
26 42 623
42 26 623
26 56 83
56 26 83
26 83 325
83 26 325
26 87 739
87 26 739
27 73 110
73 27 110
27 51 739
51 27 739
27 66 664
66 27 664
28 32 229
32 28 229
28 86 309
86 28 309
28 88 571
88 28 571
28 53 776
53 28 776
28 54 969
54 28 969
28 48 438
48 28 438
28 50 670
50 28 670
28 38 501
38 28 501
29 52 694
52 29 694
29 37 929
37 29 929
29 57 314
57 29 314
30 39 724
39 30 724
30 32 296
32 30 296
30 54 523
54 30 523
30 77 931
77 30 931
31 46 894
46 31 894
31 53 805
53 31 805
31 64 650
64 31 650
31 84 208
84 31 208
31 83 345
83 31 345
32 38 994
38 32 994
32 57 660
57 32 660
32 71 18
71 32 18
32 38 118
38 32 118
32 53 374
53 32 374
32 38 161
38 32 161
33 60 983
60 33 983
33 50 137
50 33 137
33 71 742
71 33 742
33 82 629
82 33 629
33 87 406
87 33 406
33 80 528
80 33 528
33 44 709
44 33 709
33 68 591
68 33 591
34 80 264
80 34 264
34 70 806
70 34 806
34 50 100
50 34 100
34 69 525
69 34 525
34 40 937
40 34 937
34 69 960
69 34 960
35 81 362
81 35 362
35 88 479
88 35 479
35 42 744
42 35 744
35 54 974
54 35 974
36 37 442
37 36 442
36 39 814
39 36 814
36 43 150
43 36 150
36 73 359
73 36 359
36 58 804
58 36 804
36 46 112
46 36 112
36 73 224
73 36 224
36 48 625
48 36 625
36 48 370
48 36 370
37 41 629
41 37 629
37 59 787
59 37 787
37 78 883
78 37 883
37 72 369
72 37 369
37 38 591
38 37 591
37 81 319
81 37 319
38 60 938
60 38 938
38 68 826
68 38 826
38 80 906
80 38 906
38 57 515
57 38 515
38 66 273
66 38 273
39 69 970
69 39 970
39 54 111
54 39 111
39 85 605
85 39 605
39 68 62
68 39 62
40 63 988
63 40 988
40 57 930
57 40 930
40 62 726
62 40 726
40 50 896
50 40 896
40 49 82
49 40 82
41 77 854
77 41 854
41 54 980
54 41 980
41 87 905
87 41 905
42 48 728
48 42 728
42 88 238
88 42 238
42 51 398
51 42 398
42 72 241
72 42 241
42 45 988
45 42 988
42 89 953
89 42 953
43 59 225
59 43 225
43 65 164
65 43 164
43 46 388
46 43 388
43 59 657
59 43 657
43 43 891
43 43 891
44 54 994
54 44 994
44 58 655
58 44 655
44 89 229
89 44 229
44 56 197
56 44 197
44 86 890
86 44 890
44 78 913
78 44 913
44 46 314
46 44 314
44 81 635
81 44 635
45 64 39
64 45 39
45 62 39
62 45 39
46 55 814
55 46 814
46 63 847
63 46 847
46 57 91
57 46 91
47 74 980
74 47 980
48 71 294
71 48 294
48 59 474
59 48 474
48 62 851
62 48 851
48 76 825
76 48 825
48 52 575
52 48 575
49 74 734
74 49 734
49 80 776
80 49 776
50 56 939
56 50 939
50 68 421
68 50 421
50 70 426
70 50 426
50 60 684
60 50 684
50 88 227
88 50 227
50 57 114
57 50 114
51 61 420
61 51 420
51 66 886
66 51 886
51 69 515
69 51 515
51 74 740
74 51 740
52 81 45
81 52 45
52 58 573
58 52 573
53 62 678
62 53 678
53 73 25
73 53 25
53 82 780
82 53 780
53 85 281
85 53 281
53 54 261
54 53 261
53 57 952
57 53 952
53 61 832
61 53 832
54 76 728
76 54 728
54 69 455
69 54 455
54 68 872
68 54 872
55 58 687
58 55 687
55 77 924
77 55 924
56 77 61
77 56 61
56 59 100
59 56 100
56 89 599
89 56 599
57 70 959
70 57 959
57 85 871
85 57 871
57 70 287
70 57 287
57 60 565
60 57 565
57 58 348
58 57 348
57 80 642
80 57 642
58 72 430
72 58 430
58 73 310
73 58 310
59 70 940
70 59 940
59 61 705
61 59 705
59 79 376
79 59 376
60 65 467
65 60 467
60 62 314
62 60 314
60 79 47
79 60 47
60 82 127
82 60 127
61 75 949
75 61 949
62 84 985
84 62 985
62 68 836
68 62 836
62 71 480
71 62 480
62 66 245
66 62 245
62 83 201
83 62 201
62 86 870
86 62 870
62 72 677
72 62 677
62 81 509
81 62 509
63 75 528
75 63 528
63 83 561
83 63 561
64 74 765
74 64 765
64 80 244
80 64 244
64 82 490
82 64 490
64 81 801
81 64 801
64 81 733
81 64 733
65 79 68
79 65 68
66 78 692
78 66 692
66 68 754
68 66 754
66 89 446
89 66 446
67 69 487
69 67 487
67 89 370
89 67 370
67 77 488
77 67 488
67 85 645
85 67 645
68 76 584
76 68 584
68 79 311
79 68 311
69 73 764
73 69 764
69 81 977
81 69 977
69 69 65
69 69 65
70 78 706
78 70 706
70 83 593
83 70 593
71 80 66
80 71 66
71 87 529
87 71 529
71 72 240
72 71 240
72 78 974
78 72 974
72 81 974
81 72 974
72 79 158
79 72 158
72 74 780
74 72 780
73 74 119
74 73 119
73 79 219
79 73 219
75 82 488
82 75 488
75 82 70
82 75 70
76 87 782
87 76 782
76 82 995
82 76 995
77 83 243
83 77 243
77 85 324
85 77 324
77 80 170
80 77 170
78 82 521
82 78 521
78 84 826
84 78 826
79 87 416
87 79 416
79 79 782
79 79 782
81 86 47
86 81 47
82 85 347
85 82 347
82 85 822
85 82 822
83 86 788
86 83 788
85 87 935
87 85 935
85 87 519
87 85 519
86 89 427
89 86 427
88 89 875
89 88 875
