73

0 1 253
1 0 253
0 2 540
2 0 540
0 9 40
9 0 40
0 12 94
12 0 94
0 23 585
23 0 585
0 15 513
15 0 513
0 63 821
63 0 821
0 69 2
69 0 2
0 66 168
66 0 168
0 51 892
51 0 892
0 43 347
43 0 347
0 67 991
67 0 991
0 37 663
37 0 663
0 60 934
60 0 934
0 37 76
37 0 76
0 59 731
59 0 731
0 46 808
46 0 808
0 37 792
37 0 792
1 3 59
3 1 59
1 8 329
8 1 329
1 55 172
55 1 172
1 26 605
26 1 605
1 61 975
61 1 975
1 31 685
31 1 685
1 3 482
3 1 482
1 46 712
46 1 712
1 51 446
51 1 446
1 30 525
30 1 525
1 2 633
2 1 633
1 45 779
45 1 779
1 62 69
62 1 69
1 57 610
57 1 610
1 15 271
15 1 271
2 6 126
6 2 126
2 7 591
7 2 591
2 17 155
17 2 155
2 18 719
18 2 719
2 45 879
45 2 879
2 18 873
18 2 873
2 65 52
65 2 52
2 70 917
70 2 917
2 71 962
71 2 962
2 57 443
57 2 443
2 50 234
50 2 234
2 52 850
52 2 850
2 52 396
52 2 396
2 12 548
12 2 548
3 4 179
4 3 179
3 35 168
35 3 168
3 35 714
35 3 714
3 24 650
24 3 650
3 31 812
31 3 812
3 11 156
11 3 156
3 53 449
53 3 449
3 26 689
26 3 689
3 60 312
60 3 312
3 65 505
65 3 505
4 5 805
5 4 805
4 11 904
11 4 904
4 14 756
14 4 756
4 19 513
19 4 513
4 45 41
45 4 41
4 54 457
54 4 457
4 59 534
59 4 534
4 43 911
43 4 911
4 71 43
71 4 43
4 72 211
72 4 211
4 38 539
38 4 539
4 26 600
26 4 600
4 13 325
13 4 325
4 57 622
57 4 622
4 37 686
37 4 686
4 47 386
47 4 386
5 10 37
10 5 37
5 61 370
61 5 370
5 38 838
38 5 838
5 30 258
30 5 258
5 26 617
26 5 617
5 71 532
71 5 532
5 24 186
24 5 186
5 31 299
31 5 299
5 37 223
37 5 223
5 70 737
70 5 737
5 16 241
16 5 241
5 62 975
62 5 975
5 59 70
59 5 70
5 8 70
8 5 70
5 41 886
41 5 886
6 44 8
44 6 8
6 44 810
44 6 810
6 53 211
53 6 211
6 72 125
72 6 125
6 7 205
7 6 205
6 21 693
21 6 693
6 33 304
33 6 304
7 27 380
27 7 380
7 69 591
69 7 591
7 8 88
8 7 88
7 57 878
57 7 878
7 48 702
48 7 702
7 24 308
24 7 308
7 31 716
31 7 716
7 62 561
62 7 561
7 66 863
66 7 863
7 52 709
52 7 709
7 21 188
21 7 188
7 17 922
17 7 922
7 61 309
61 7 309
7 53 304
53 7 304
7 72 922
72 7 922
7 62 101
62 7 101
7 38 945
38 7 945
7 12 192
12 7 192
8 13 544
13 8 544
8 24 638
24 8 638
8 40 681
40 8 681
8 55 181
55 8 181
8 64 846
64 8 846
8 72 722
72 8 722
8 15 391
15 8 391
8 63 996
63 8 996
8 43 307
43 8 307
8 69 939
69 8 939
8 9 557
9 8 557
8 51 202
51 8 202
8 50 565
50 8 565
8 57 367
57 8 367
9 16 417
16 9 417
9 22 144
22 9 144
9 55 610
55 9 610
9 66 590
66 9 590
9 23 741
23 9 741
9 50 224
50 9 224
9 57 336
57 9 336
9 43 196
43 9 196
9 44 327
44 9 327
9 47 237
47 9 237
9 13 123
13 9 123
9 41 957
41 9 957
9 17 102
17 9 102
9 57 673
57 9 673
10 71 370
71 10 370
10 44 47
44 10 47
10 67 403
67 10 403
10 51 718
51 10 718
10 38 212
38 10 212
10 27 642
27 10 642
10 11 826
11 10 826
10 48 119
48 10 119
10 53 746
53 10 746
10 39 234
39 10 234
10 16 944
16 10 944
10 39 358
39 10 358
11 41 224
41 11 224
11 64 455
64 11 455
11 12 901
12 11 901
11 16 816
16 11 816
11 34 267
34 11 267
11 13 612
13 11 612
11 28 351
28 11 351
11 38 366
38 11 366
11 28 781
28 11 781
11 69 713
69 11 713
11 23 593
23 11 593
11 18 14
18 11 14
11 38 874
38 11 874
11 27 784
27 11 784
11 44 385
44 11 385
12 34 419
34 12 419
12 42 972
42 12 972
12 67 896
67 12 896
12 65 566
65 12 566
12 33 512
33 12 512
12 42 877
42 12 877
12 18 947
18 12 947
12 58 297
58 12 297
12 68 669
68 12 669
12 19 363
19 12 363
12 21 681
21 12 681
12 57 73
57 12 73
12 15 98
15 12 98
12 71 608
71 12 608
12 21 600
21 12 600
12 15 371
15 12 371
13 15 746
15 13 746
13 28 126
28 13 126
13 32 712
32 13 712
13 36 120
36 13 120
13 39 425
39 13 425
13 43 264
43 13 264
13 56 711
56 13 711
13 50 168
50 13 168
13 71 723
71 13 723
13 30 202
30 13 202
13 20 411
20 13 411
13 14 870
14 13 870
13 58 666
58 13 666
13 49 548
49 13 548
14 46 8
46 14 8
14 26 22
26 14 22
14 35 547
35 14 547
14 52 859
52 14 859
14 49 578
49 14 578
14 66 832
66 14 832
14 55 183
55 14 183
14 62 645
62 14 645
14 72 919
72 14 919
14 17 803
17 14 803
14 70 404
70 14 404
14 39 410
39 14 410
14 28 950
28 14 950
15 37 454
37 15 454
15 28 991
28 15 991
15 40 635
40 15 635
15 62 441
62 15 441
15 34 312
34 15 312
15 68 945
68 15 945
15 43 307
43 15 307
16 21 156
21 16 156
16 30 360
30 16 360
16 57 588
57 16 588
16 48 202
48 16 202
16 50 180
50 16 180
16 36 7
36 16 7
16 28 742
28 16 742
16 66 723
66 16 723
16 18 413
18 16 413
16 67 690
67 16 690
16 43 488
43 16 488
17 20 6
20 17 6
17 63 285
63 17 285
17 39 811
39 17 811
17 68 685
68 17 685
17 49 221
49 17 221
17 43 13
43 17 13
17 25 774
25 17 774
17 57 250
57 17 250
17 50 432
50 17 432
17 23 489
23 17 489
17 36 939
36 17 939
17 71 104
71 17 104
18 31 971
31 18 971
18 20 488
20 18 488
18 47 192
47 18 192
18 52 490
52 18 490
18 18 376
18 18 376
18 56 51
56 18 51
18 53 169
53 18 169
18 18 264
18 18 264
18 64 672
64 18 672
18 58 361
58 18 361
19 68 563
68 19 563
19 31 329
31 19 329
19 47 668
47 19 668
19 32 945
32 19 945
19 54 565
54 19 565
19 38 700
38 19 700
19 29 413
29 19 413
19 24 765
24 19 765
19 63 475
63 19 475
19 20 915
20 19 915
19 48 920
48 19 920
19 35 97
35 19 97
20 48 214
48 20 214
20 64 409
64 20 409
20 39 904
39 20 904
20 26 980
26 20 980
20 41 434
41 20 434
20 58 123
58 20 123
20 67 786
67 20 786
20 60 358
60 20 358
20 49 988
49 20 988
21 63 924
63 21 924
21 50 803
50 21 803
21 46 346
46 21 346
21 55 854
55 21 854
21 22 630
22 21 630
21 48 111
48 21 111
22 29 962
29 22 962
22 68 30
68 22 30
22 34 168
34 22 168
22 43 803
43 22 803
22 32 459
32 22 459
22 47 355
47 22 355
22 45 837
45 22 837
22 57 330
57 22 330
22 45 301
45 22 301
22 48 705
48 22 705
22 61 258
61 22 258
22 65 24
65 22 24
22 51 100
51 22 100
23 33 413
33 23 413
23 50 338
50 23 338
23 63 325
63 23 325
23 44 229
44 23 229
23 35 622
35 23 622
23 66 928
66 23 928
24 25 393
25 24 393
24 70 341
70 24 341
24 47 625
47 24 625
24 58 102
58 24 102
24 61 440
61 24 440
24 46 711
46 24 711
24 62 498
62 24 498
24 52 669
52 24 669
24 65 432
65 24 432
24 25 796
25 24 796
24 29 883
29 24 883
24 55 805
55 24 805
24 27 279
27 24 279
24 59 99
59 24 99
24 50 240
50 24 240
24 38 711
38 24 711
24 34 533
34 24 533
25 26 779
26 25 779
25 51 367
51 25 367
25 28 455
28 25 455
25 47 897
47 25 897
25 41 658
41 25 658
25 65 223
65 25 223
25 46 578
46 25 578
26 52 604
52 26 604
26 53 797
53 26 797
26 66 485
66 26 485
26 43 586
43 26 586
26 52 601
52 26 601
26 37 725
37 26 725
26 58 726
58 26 726
26 51 136
51 26 136
26 51 878
51 26 878
26 43 931
43 26 931
26 63 948
63 26 948
26 62 248
62 26 248
27 66 301
66 27 301
27 50 552
50 27 552
27 32 762
32 27 762
27 59 554
59 27 554
27 39 770
39 27 770
27 69 292
69 27 292
27 36 480
36 27 480
28 40 726
40 28 726
28 72 66
72 28 66
28 30 217
30 28 217
28 37 505
37 28 505
28 53 98
53 28 98
28 67 926
67 28 926
28 56 30
56 28 30
28 50 264
50 28 264
28 49 141
49 28 141
29 40 347
40 29 347
29 45 531
45 29 531
29 68 88
68 29 88
29 56 177
56 29 177
29 40 417
40 29 417
29 32 754
32 29 754
29 66 674
66 29 674
30 38 921
38 30 921
30 64 734
64 30 734
30 69 383
69 30 383
30 43 433
43 30 433
30 49 313
49 30 313
30 35 559
35 30 559
31 57 340
57 31 340
31 62 809
62 31 809
31 47 453
47 31 453
31 62 333
62 31 333
31 50 99
50 31 99
31 41 894
41 31 894
31 43 384
43 31 384
31 53 716
53 31 716
32 53 650
53 32 650
32 51 208
51 32 208
32 63 656
63 32 656
32 61 468
61 32 468
32 36 393
36 32 393
33 47 644
47 33 644
33 45 378
45 33 378
33 37 854
37 33 854
33 35 338
35 33 338
33 66 386
66 33 386
33 44 747
44 33 747
33 71 764
71 33 764
34 38 700
38 34 700
34 63 670
63 34 670
34 71 427
71 34 427
34 66 646
66 34 646
34 34 10
34 34 10
34 46 662
46 34 662
34 68 612
68 34 612
34 42 134
42 34 134
34 54 419
54 34 419
34 42 855
42 34 855
35 70 878
70 35 878
35 50 609
50 35 609
35 70 913
70 35 913
35 70 230
70 35 230
35 59 885
59 35 885
35 39 297
39 35 297
35 56 358
56 35 358
36 61 856
61 36 856
36 38 957
38 36 957
36 69 82
69 36 82
36 67 787
67 36 787
36 65 691
65 36 691
37 43 41
43 37 41
37 47 864
47 37 864
37 67 93
67 37 93
37 42 974
42 37 974
37 56 121
56 37 121
37 58 543
58 37 543
37 38 704
38 37 704
37 67 631
67 37 631
37 56 470
56 37 470
38 50 771
50 38 771
38 65 367
65 38 367
38 49 329
49 38 329
38 71 310
71 38 310
38 40 897
40 38 897
38 61 825
61 38 825
38 48 927
48 38 927
38 50 751
50 38 751
38 57 850
57 38 850
38 53 622
53 38 622
38 41 715
41 38 715
39 44 72
44 39 72
39 40 275
40 39 275
39 54 637
54 39 637
39 67 703
67 39 703
39 68 458
68 39 458
39 43 851
43 39 851
39 47 116
47 39 116
40 41 69
41 40 69
40 62 321
62 40 321
40 52 569
52 40 569
40 68 153
68 40 153
40 60 28
60 40 28
40 69 112
69 40 112
40 70 346
70 40 346
40 70 1
70 40 1
40 58 386
58 40 386
41 64 272
64 41 272
41 46 709
46 41 709
41 63 532
63 41 532
41 50 168
50 41 168
41 52 231
52 41 231
41 60 216
60 41 216
41 66 279
66 41 279
42 49 706
49 42 706
42 43 920
43 42 920
42 67 511
67 42 511
42 50 946
50 42 946
42 62 85
62 42 85
42 55 684
55 42 684
43 60 528
60 43 528
43 49 282
49 43 282
43 62 771
62 43 771
43 53 262
53 43 262
43 58 815
58 43 815
43 53 913
53 43 913
43 51 726
51 43 726
43 58 30
58 43 30
44 70 57
70 44 57
44 49 305
49 44 305
44 72 900
72 44 900
44 59 634
59 44 634
44 44 105
44 44 105
45 71 437
71 45 437
45 50 559
50 45 559
45 72 179
72 45 179
45 49 990
49 45 990
46 65 827
65 46 827
47 60 520
60 47 520
47 59 590
59 47 590
47 47 568
47 47 568
47 65 651
65 47 651
47 61 535
61 47 535
47 48 772
48 47 772
48 68 510
68 48 510
48 48 204
48 48 204
48 49 543
49 48 543
48 70 527
70 48 527
49 58 817
58 49 817
49 55 172
55 49 172
49 68 626
68 49 626
49 67 319
67 49 319
49 65 69
65 49 69
49 72 921
72 49 921
49 58 820
58 49 820
50 72 577
72 50 577
51 52 222
52 51 222
51 57 412
57 51 412
52 64 382
64 52 382
52 65 792
65 52 792
52 59 57
59 52 57
52 67 232
67 52 232
52 63 587
63 52 587
52 68 496
68 52 496
53 63 694
63 53 694
53 59 110
59 53 110
53 63 232
63 53 232
53 71 588
71 53 588
53 57 705
57 53 705
54 67 53
67 54 53
54 54 790
54 54 790
54 58 607
58 54 607
54 56 96
56 54 96
55 60 480
60 55 480
55 58 688
58 55 688
56 65 635
65 56 635
56 59 460
59 56 460
57 58 403
58 57 403
57 62 804
62 57 804
57 67 211
67 57 211
57 65 207
65 57 207
57 59 220
59 57 220
58 61 62
61 58 62
58 72 107
72 58 107
59 64 514
64 59 514
59 65 610
65 59 610
59 70 714
70 59 714
59 62 454
62 59 454
60 69 662
69 60 662
60 68 941
68 60 941
60 62 708
62 60 708
61 72 934
72 61 934
61 70 622
70 61 622
62 72 948
72 62 948
62 62 303
62 62 303
62 62 855
62 62 855
63 67 722
67 63 722
63 68 930
68 63 930
64 71 253
71 64 253
64 71 493
71 64 493
65 67 563
67 65 563
65 66 477
66 65 477
66 71 580
71 66 580
68 69 296
69 68 296
69 69 824
69 69 824
69 69 576
69 69 576
70 70 542
70 70 542
71 71 566
71 71 566
72 72 917
72 72 917
