58

0 1 614
1 0 614
0 2 7
2 0 7
0 8 232
8 0 232
0 30 864
30 0 864
0 38 381
38 0 381
0 20 447
20 0 447
0 24 937
24 0 937
0 49 264
49 0 264
0 41 788
41 0 788
0 8 16
8 0 16
0 45 241
45 0 241
0 28 518
28 0 518
0 9 582
9 0 582
0 9 52
9 0 52
0 28 920
28 0 920
0 12 444
12 0 444
0 56 849
56 0 849
0 38 297
38 0 297
0 36 51
36 0 51
0 39 269
39 0 269
0 38 498
38 0 498
0 47 278
47 0 278
0 34 416
34 0 416
1 3 934
3 1 934
1 4 985
4 1 985
1 10 345
10 1 345
1 26 654
26 1 654
1 39 840
39 1 840
1 40 668
40 1 668
1 35 847
35 1 847
1 10 953
10 1 953
1 8 488
8 1 488
1 56 944
56 1 944
1 4 590
4 1 590
1 2 153
2 1 153
1 26 197
26 1 197
1 44 738
44 1 738
1 16 242
16 1 242
1 32 247
32 1 247
1 11 894
11 1 894
1 19 618
19 1 618
1 48 350
48 1 350
1 35 426
35 1 426
1 27 510
27 1 510
2 22 924
22 2 924
2 29 503
29 2 503
2 23 687
23 2 687
2 22 368
22 2 368
2 4 366
4 2 366
2 20 165
20 2 165
2 25 60
25 2 60
2 24 681
24 2 681
2 35 867
35 2 867
2 35 417
35 2 417
2 41 998
41 2 998
2 33 908
33 2 908
2 55 491
55 2 491
2 55 306
55 2 306
2 8 866
8 2 866
2 22 971
22 2 971
2 48 390
48 2 390
2 27 95
27 2 95
2 27 852
27 2 852
2 17 530
17 2 530
2 39 287
39 2 287
2 4 140
4 2 140
2 14 869
14 2 869
2 46 279
46 2 279
2 28 533
28 2 533
2 10 283
10 2 283
3 5 97
5 3 97
3 6 696
6 3 696
3 51 470
51 3 470
3 31 425
31 3 425
3 43 868
43 3 868
3 53 746
53 3 746
3 9 401
9 3 401
3 37 57
37 3 57
3 3 452
3 3 452
3 38 741
38 3 741
3 16 377
16 3 377
3 32 518
32 3 518
3 34 672
34 3 672
3 48 425
48 3 425
3 10 384
10 3 384
3 14 122
14 3 122
3 29 409
29 3 409
3 32 977
32 3 977
3 13 498
13 3 498
3 18 201
18 3 201
3 27 424
27 3 424
3 46 352
46 3 352
4 7 595
7 4 595
4 24 722
24 4 722
4 5 614
5 4 614
4 23 239
23 4 239
4 39 822
39 4 822
4 20 813
20 4 813
4 39 570
39 4 570
4 32 888
32 4 888
4 40 21
40 4 21
4 13 97
13 4 97
4 53 260
53 4 260
4 54 60
54 4 60
4 39 982
39 4 982
4 15 172
15 4 172
5 9 602
9 5 602
5 37 759
37 5 759
5 40 487
40 5 487
5 35 17
35 5 17
5 11 699
11 5 699
5 23 535
23 5 535
5 46 814
46 5 814
5 35 915
35 5 915
5 19 769
19 5 769
5 26 685
26 5 685
5 43 673
43 5 673
5 46 252
46 5 252
5 11 45
11 5 45
5 15 58
15 5 58
5 40 334
40 5 334
5 9 262
9 5 262
5 44 573
44 5 573
5 56 862
56 5 862
5 20 237
20 5 237
5 27 129
27 5 129
5 24 432
24 5 432
5 52 604
52 5 604
5 48 897
48 5 897
5 35 348
35 5 348
5 38 518
38 5 518
5 44 750
44 5 750
5 29 916
29 5 916
5 34 593
34 5 593
5 28 177
28 5 177
5 26 678
26 5 678
5 43 190
43 5 190
6 14 747
14 6 747
6 16 576
16 6 576
6 18 991
18 6 991
6 32 271
32 6 271
6 34 627
34 6 627
6 43 642
43 6 642
6 46 388
46 6 388
6 24 432
24 6 432
6 41 123
41 6 123
6 39 34
39 6 34
6 32 449
32 6 449
6 22 480
22 6 480
6 17 847
17 6 847
6 46 180
46 6 180
6 39 274
39 6 274
6 16 478
16 6 478
6 23 858
23 6 858
6 57 542
57 6 542
6 13 667
13 6 667
6 40 384
40 6 384
6 27 433
27 6 433
6 52 693
52 6 693
6 26 558
26 6 558
7 27 550
27 7 550
7 36 255
36 7 255
7 43 558
43 7 558
7 41 751
41 7 751
7 46 873
46 7 873
7 29 674
29 7 674
7 28 37
28 7 37
7 45 715
45 7 715
7 12 373
12 7 373
7 21 66
21 7 66
7 57 17
57 7 17
7 10 101
10 7 101
7 41 865
41 7 865
7 9 93
9 7 93
7 13 440
13 7 440
7 18 747
18 7 747
7 40 274
40 7 274
7 14 142
14 7 142
7 48 280
48 7 280
7 13 265
13 7 265
7 40 314
40 7 314
7 51 644
51 7 644
7 43 133
43 7 133
7 36 120
36 7 120
7 38 39
38 7 39
7 18 177
18 7 177
8 21 76
21 8 76
8 31 946
31 8 946
8 39 821
39 8 821
8 24 366
24 8 366
8 29 651
29 8 651
8 26 166
26 8 166
8 9 623
9 8 623
8 31 676
31 8 676
8 12 887
12 8 887
8 30 707
30 8 707
8 49 643
49 8 643
8 46 946
46 8 946
8 40 848
40 8 848
9 36 329
36 9 329
9 18 404
18 9 404
9 40 89
40 9 89
9 42 38
42 9 38
9 43 578
43 9 578
9 24 797
24 9 797
9 33 53
33 9 53
9 52 338
52 9 338
9 43 999
43 9 999
9 29 198
29 9 198
9 22 859
22 9 859
9 50 374
50 9 374
9 15 746
15 9 746
9 44 814
44 9 814
9 54 660
54 9 660
9 33 293
33 9 293
9 11 372
11 9 372
9 21 778
21 9 778
10 11 90
11 10 90
10 12 206
12 10 206
10 13 135
13 10 135
10 28 936
28 10 936
10 55 304
55 10 304
10 14 668
14 10 668
10 26 544
26 10 544
10 43 984
43 10 984
10 48 298
48 10 298
10 48 602
48 10 602
10 15 496
15 10 496
10 29 513
29 10 513
10 39 702
39 10 702
10 51 904
51 10 904
10 46 344
46 10 344
10 49 846
49 10 846
10 39 449
39 10 449
10 48 840
48 10 840
10 29 247
29 10 247
10 55 850
55 10 850
10 50 277
50 10 277
10 51 521
51 10 521
10 46 219
46 10 219
10 24 175
24 10 175
11 15 14
15 11 14
11 47 716
47 11 716
11 15 218
15 11 218
11 22 522
22 11 522
11 48 381
48 11 381
11 20 455
20 11 455
11 21 499
21 11 499
11 19 14
19 11 14
11 26 795
26 11 795
11 17 634
17 11 634
11 38 478
38 11 478
11 55 42
55 11 42
11 47 129
47 11 129
11 19 530
19 11 530
11 45 23
45 11 23
11 14 219
14 11 219
11 57 218
57 11 218
11 29 742
29 11 742
11 41 934
41 11 934
11 18 926
18 11 926
11 22 45
22 11 45
11 12 557
12 11 557
11 17 442
17 11 442
11 45 516
45 11 516
12 40 568
40 12 568
12 20 682
20 12 682
12 25 443
25 12 443
12 57 526
57 12 526
12 51 944
51 12 944
12 38 44
38 12 44
12 40 387
40 12 387
12 51 415
51 12 415
12 50 28
50 12 28
12 34 870
34 12 870
12 46 311
46 12 311
12 37 334
37 12 334
12 38 648
38 12 648
12 15 959
15 12 959
12 38 323
38 12 323
12 34 80
34 12 80
12 34 871
34 12 871
12 54 614
54 12 614
12 55 418
55 12 418
12 36 924
36 12 924
12 52 945
52 12 945
12 33 587
33 12 587
13 35 409
35 13 409
13 53 6
53 13 6
13 51 518
51 13 518
13 37 58
37 13 58
13 38 776
38 13 776
13 19 286
19 13 286
13 42 693
42 13 693
13 27 85
27 13 85
13 17 401
17 13 401
13 13 473
13 13 473
13 53 30
53 13 30
14 50 667
50 14 667
14 30 37
30 14 37
14 33 360
33 14 360
14 46 4
46 14 4
14 45 413
45 14 413
14 30 260
30 14 260
14 38 758
38 14 758
14 34 394
34 14 394
14 48 234
48 14 234
14 49 776
49 14 776
14 20 215
20 14 215
14 46 187
46 14 187
14 53 944
53 14 944
14 19 579
19 14 579
14 19 722
19 14 722
14 53 553
53 14 553
14 39 120
39 14 120
14 45 203
45 14 203
14 57 935
57 14 935
14 54 860
54 14 860
14 57 499
57 14 499
14 37 631
37 14 631
15 25 528
25 15 528
15 39 42
39 15 42
15 46 271
46 15 271
15 15 1
15 15 1
15 19 412
19 15 412
15 40 147
40 15 147
15 29 659
29 15 659
15 31 632
31 15 632
15 48 789
48 15 789
15 24 88
24 15 88
15 56 135
56 15 135
15 20 9
20 15 9
15 57 187
57 15 187
15 41 311
41 15 311
15 16 449
16 15 449
15 54 192
54 15 192
15 44 461
44 15 461
15 33 60
33 15 60
15 35 556
35 15 556
15 54 239
54 15 239
16 17 278
17 16 278
16 19 211
19 16 211
16 23 151
23 16 151
16 25 662
25 16 662
16 34 824
34 16 824
16 19 455
19 16 455
16 16 613
16 16 613
16 36 315
36 16 315
16 50 10
50 16 10
16 52 651
52 16 651
16 31 46
31 16 46
16 49 731
49 16 731
16 34 253
34 16 253
16 54 859
54 16 859
16 55 146
55 16 146
16 24 953
24 16 953
16 57 437
57 16 437
16 18 501
18 16 501
16 23 208
23 16 208
17 38 87
38 17 87
17 53 54
53 17 54
17 25 74
25 17 74
17 34 131
34 17 131
17 27 570
27 17 570
17 22 970
22 17 970
17 36 994
36 17 994
17 28 367
28 17 367
17 49 97
49 17 97
17 44 443
44 17 443
17 23 247
23 17 247
17 52 704
52 17 704
17 54 759
54 17 759
17 49 671
49 17 671
17 40 952
40 17 952
17 42 55
42 17 55
17 50 913
50 17 913
17 39 292
39 17 292
17 40 557
40 17 557
18 20 168
20 18 168
18 49 92
49 18 92
18 31 491
31 18 491
18 42 381
42 18 381
18 54 310
54 18 310
18 20 481
20 18 481
18 24 272
24 18 272
18 53 627
53 18 627
18 49 217
49 18 217
18 31 851
31 18 851
18 35 377
35 18 377
18 20 112
20 18 112
18 57 710
57 18 710
18 42 499
42 18 499
19 22 571
22 19 571
19 38 946
38 19 946
19 30 818
30 19 818
19 30 659
30 19 659
19 45 148
45 19 148
19 51 108
51 19 108
19 33 239
33 19 239
19 47 533
47 19 533
19 27 304
27 19 304
19 53 107
53 19 107
19 37 637
37 19 637
19 33 296
33 19 296
19 31 594
31 19 594
20 51 405
51 20 405
20 42 156
42 20 156
20 35 591
35 20 591
20 33 873
33 20 873
20 34 233
34 20 233
20 32 318
32 20 318
20 47 860
47 20 860
20 24 381
24 20 381
20 40 617
40 20 617
20 39 394
39 20 394
20 33 648
33 20 648
20 24 1000
24 20 1000
20 41 749
41 20 749
20 57 193
57 20 193
20 24 96
24 20 96
20 30 988
30 20 988
20 41 224
41 20 224
20 51 62
51 20 62
20 35 650
35 20 650
20 48 460
48 20 460
21 30 800
30 21 800
21 42 45
42 21 45
21 39 677
39 21 677
21 50 582
50 21 582
21 24 499
24 21 499
21 42 471
42 21 471
21 34 176
34 21 176
21 55 830
55 21 830
21 42 582
42 21 582
21 30 636
30 21 636
21 44 419
44 21 419
21 38 917
38 21 917
21 37 930
37 21 930
21 48 920
48 21 920
21 41 522
41 21 522
21 30 700
30 21 700
21 28 983
28 21 983
22 31 548
31 22 548
22 37 896
37 22 896
22 44 515
44 22 515
22 30 431
30 22 431
22 26 255
26 22 255
22 37 494
37 22 494
22 38 908
38 22 908
22 52 976
52 22 976
22 50 505
50 22 505
22 35 63
35 22 63
22 44 294
44 22 294
22 53 701
53 22 701
22 41 917
41 22 917
22 29 638
29 22 638
22 37 500
37 22 500
23 33 55
33 23 55
23 45 70
45 23 70
23 44 9
44 23 9
23 53 646
53 23 646
23 51 406
51 23 406
23 48 314
48 23 314
23 50 78
50 23 78
23 27 672
27 23 672
23 44 899
44 23 899
23 50 68
50 23 68
23 35 209
35 23 209
23 26 621
26 23 621
23 32 567
32 23 567
23 43 409
43 23 409
23 34 781
34 23 781
23 25 77
25 23 77
23 45 729
45 23 729
24 28 421
28 24 421
24 57 33
57 24 33
24 49 154
49 24 154
24 30 279
30 24 279
24 27 15
27 24 15
24 31 503
31 24 503
24 38 727
38 24 727
24 55 736
55 24 736
24 44 861
44 24 861
24 53 333
53 24 333
24 54 600
54 24 600
24 38 876
38 24 876
24 30 214
30 24 214
24 33 496
33 24 496
24 37 710
37 24 710
25 53 518
53 25 518
25 44 537
44 25 537
25 52 630
52 25 630
25 42 487
42 25 487
25 54 283
54 25 283
25 45 176
45 25 176
25 56 428
56 25 428
26 27 822
27 26 822
26 43 637
43 26 637
26 30 308
30 26 308
26 37 108
37 26 108
26 53 323
53 26 323
26 53 707
53 26 707
26 49 214
49 26 214
26 43 501
43 26 501
26 27 59
27 26 59
26 36 788
36 26 788
26 27 950
27 26 950
26 40 669
40 26 669
26 41 33
41 26 33
26 42 831
42 26 831
26 46 992
46 26 992
26 57 301
57 26 301
27 38 665
38 27 665
27 44 693
44 27 693
27 38 458
38 27 458
27 53 332
53 27 332
27 45 736
45 27 736
27 42 140
42 27 140
27 41 362
41 27 362
27 31 442
31 27 442
27 48 663
48 27 663
27 48 6
48 27 6
27 49 768
49 27 768
28 57 822
57 28 822
28 43 981
43 28 981
28 51 729
51 28 729
28 41 682
41 28 682
28 57 157
57 28 157
28 30 909
30 28 909
28 57 784
57 28 784
28 34 923
34 28 923
28 52 252
52 28 252
29 53 977
53 29 977
29 49 498
49 29 498
29 51 296
51 29 296
29 49 677
49 29 677
29 46 544
46 29 544
29 39 332
39 29 332
29 37 765
37 29 765
29 38 135
38 29 135
29 33 36
33 29 36
29 36 461
36 29 461
29 33 213
33 29 213
30 53 47
53 30 47
30 50 590
50 30 590
30 47 66
47 30 66
30 47 278
47 30 278
30 35 798
35 30 798
30 37 318
37 30 318
30 57 653
57 30 653
30 51 409
51 30 409
31 43 890
43 31 890
31 43 752
43 31 752
31 57 78
57 31 78
31 34 236
34 31 236
31 43 548
43 31 548
31 57 650
57 31 650
31 33 607
33 31 607
31 48 635
48 31 635
31 55 244
55 31 244
31 57 365
57 31 365
32 39 805
39 32 805
32 37 782
37 32 782
32 46 830
46 32 830
32 34 572
34 32 572
32 39 620
39 32 620
32 56 334
56 32 334
32 41 283
41 32 283
32 36 522
36 32 522
32 46 879
46 32 879
32 56 873
56 32 873
33 41 746
41 33 746
33 49 90
49 33 90
33 50 758
50 33 758
33 57 581
57 33 581
33 57 258
57 33 258
33 49 517
49 33 517
33 49 225
49 33 225
33 49 739
49 33 739
33 48 60
48 33 60
33 44 539
44 33 539
33 47 437
47 33 437
33 34 853
34 33 853
34 56 959
56 34 959
34 47 171
47 34 171
34 45 695
45 34 695
34 46 219
46 34 219
34 52 844
52 34 844
34 47 285
47 34 285
35 57 738
57 35 738
35 52 900
52 35 900
35 55 693
55 35 693
35 52 649
52 35 649
35 44 988
44 35 988
35 55 483
55 35 483
35 49 565
49 35 565
35 48 927
48 35 927
35 44 17
44 35 17
35 49 287
49 35 287
35 36 669
36 35 669
35 36 139
36 35 139
35 44 119
44 35 119
36 40 283
40 36 283
36 51 494
51 36 494
36 45 792
45 36 792
36 55 772
55 36 772
36 48 135
48 36 135
36 52 306
52 36 306
36 44 909
44 36 909
36 57 897
57 36 897
36 51 467
51 36 467
36 42 476
42 36 476
36 44 607
44 36 607
36 43 361
43 36 361
37 52 918
52 37 918
37 52 773
52 37 773
37 54 18
54 37 18
37 48 263
48 37 263
37 48 812
48 37 812
37 38 785
38 37 785
38 51 603
51 38 603
38 54 685
54 38 685
38 55 950
55 38 950
38 57 343
57 38 343
38 39 541
39 38 541
38 41 218
41 38 218
38 48 147
48 38 147
39 48 32
48 39 32
39 43 647
43 39 647
39 46 528
46 39 528
39 50 551
50 39 551
39 43 117
43 39 117
39 57 5
57 39 5
39 54 455
54 39 455
40 55 24
55 40 24
40 56 296
56 40 296
40 55 634
55 40 634
40 50 432
50 40 432
40 46 979
46 40 979
40 44 799
44 40 799
40 50 329
50 40 329
40 42 382
42 40 382
41 56 519
56 41 519
41 48 994
48 41 994
41 46 546
46 41 546
42 48 357
48 42 357
42 57 893
57 42 893
42 47 234
47 42 234
42 48 511
48 42 511
42 50 18
50 42 18
42 45 646
45 42 646
43 54 296
54 43 296
43 51 779
51 43 779
43 46 921
46 43 921
43 55 403
55 43 403
43 57 851
57 43 851
43 54 499
54 43 499
44 45 309
45 44 309
44 48 305
48 44 305
44 56 596
56 44 596
44 50 903
50 44 903
44 53 268
53 44 268
45 48 535
48 45 535
45 53 53
53 45 53
45 54 735
54 45 735
45 46 127
46 45 127
45 56 829
56 45 829
45 47 494
47 45 494
45 54 509
54 45 509
45 50 355
50 45 355
46 47 652
47 46 652
46 50 842
50 46 842
46 50 695
50 46 695
46 55 873
55 46 873
46 53 18
53 46 18
47 53 904
53 47 904
47 48 313
48 47 313
47 52 849
52 47 849
47 52 430
52 47 430
47 53 785
53 47 785
47 56 910
56 47 910
47 53 267
53 47 267
48 54 361
54 48 361
48 54 600
54 48 600
48 56 979
56 48 979
49 52 765
52 49 765
49 50 548
50 49 548
49 57 86
57 49 86
49 51 127
51 49 127
50 51 106
51 50 106
50 57 792
57 50 792
50 56 128
56 50 128
50 55 255
55 50 255
51 57 768
57 51 768
52 54 772
54 52 772
52 57 404
57 52 404
52 57 874
57 52 874
52 54 995
54 52 995
54 55 93
55 54 93
54 55 172
55 54 172
57 57 219
57 57 219
