38

0 1 210
1 0 210
0 8 729
8 0 729
0 19 825
19 0 825
0 23 309
23 0 309
0 9 413
9 0 413
0 28 414
28 0 414
0 8 837
8 0 837
0 12 345
12 0 345
0 24 335
24 0 335
0 27 86
27 0 86
0 3 803
3 0 803
0 7 93
7 0 93
0 30 835
30 0 835
0 35 776
35 0 776
0 35 321
35 0 321
0 26 599
26 0 599
0 3 7
3 0 7
0 15 143
15 0 143
0 7 582
7 0 582
0 29 713
29 0 713
0 31 962
31 0 962
0 19 672
19 0 672
0 32 578
32 0 578
0 7 268
7 0 268
0 9 341
9 0 341
0 24 121
24 0 121
0 36 671
36 0 671
0 5 901
5 0 901
0 11 904
11 0 904
1 2 206
2 1 206
1 5 604
5 1 604
1 7 275
7 1 275
1 19 639
19 1 639
1 33 342
33 1 342
1 8 386
8 1 386
1 34 2
34 1 2
1 27 810
27 1 810
1 9 904
9 1 904
1 36 826
36 1 826
1 8 131
8 1 131
1 28 497
28 1 497
1 21 205
21 1 205
1 13 602
13 1 602
1 31 17
31 1 17
1 16 391
16 1 391
2 3 495
3 2 495
2 4 446
4 2 446
2 9 989
9 2 989
2 16 117
16 2 117
2 35 67
35 2 67
2 20 558
20 2 558
2 3 140
3 2 140
2 3 89
3 2 89
2 29 275
29 2 275
2 9 368
9 2 368
2 31 581
31 2 581
2 23 889
23 2 889
2 36 800
36 2 800
2 6 416
6 2 416
2 37 424
37 2 424
2 32 279
32 2 279
2 24 25
24 2 25
2 8 172
8 2 172
2 12 747
12 2 747
2 15 626
15 2 626
2 15 882
15 2 882
2 22 617
22 2 617
3 18 416
18 3 416
3 12 748
12 3 748
3 10 287
10 3 287
3 35 837
35 3 837
3 15 447
15 3 447
3 34 357
34 3 357
3 20 162
20 3 162
3 21 388
21 3 388
3 17 754
17 3 754
3 12 467
12 3 467
3 37 880
37 3 880
3 37 159
37 3 159
3 7 508
7 3 508
3 25 385
25 3 385
4 6 394
6 4 394
4 10 163
10 4 163
4 31 780
31 4 780
4 20 530
20 4 530
4 28 641
28 4 641
4 27 665
27 4 665
4 36 130
36 4 130
4 32 922
32 4 922
4 12 671
12 4 671
4 29 768
29 4 768
4 8 110
8 4 110
4 13 451
13 4 451
4 21 664
21 4 664
4 32 3
32 4 3
4 14 228
14 4 228
4 32 244
32 4 244
4 28 237
28 4 237
4 34 567
34 4 567
4 33 604
33 4 604
4 13 788
13 4 788
4 32 653
32 4 653
4 12 228
12 4 228
4 5 826
5 4 826
4 29 653
29 4 653
5 12 696
12 5 696
5 32 610
32 5 610
5 26 451
26 5 451
5 35 486
35 5 486
5 9 749
9 5 749
5 7 711
7 5 711
5 32 373
32 5 373
5 18 245
18 5 245
5 11 847
11 5 847
5 15 2
15 5 2
5 26 516
26 5 516
5 35 486
35 5 486
5 14 381
14 5 381
5 8 114
8 5 114
5 31 546
31 5 546
5 30 592
30 5 592
5 26 191
26 5 191
5 15 363
15 5 363
5 13 713
13 5 713
6 7 267
7 6 267
6 14 80
14 6 80
6 20 223
20 6 223
6 34 732
34 6 732
6 33 87
33 6 87
6 11 691
11 6 691
6 25 134
25 6 134
6 32 687
32 6 687
6 33 965
33 6 965
6 35 538
35 6 538
6 28 639
28 6 639
6 31 562
31 6 562
6 32 251
32 6 251
6 20 959
20 6 959
6 17 437
17 6 437
6 9 991
9 6 991
6 33 932
33 6 932
6 20 681
20 6 681
6 8 585
8 6 585
7 15 331
15 7 331
7 26 138
26 7 138
7 11 410
11 7 410
7 18 8
18 7 8
7 19 159
19 7 159
7 11 669
11 7 669
7 8 710
8 7 710
7 17 261
17 7 261
7 25 744
25 7 744
7 13 98
13 7 98
7 35 979
35 7 979
7 15 178
15 7 178
7 31 259
31 7 259
7 26 530
26 7 530
7 23 164
23 7 164
7 24 79
24 7 79
7 34 56
34 7 56
7 31 24
31 7 24
8 11 746
11 8 746
8 26 73
26 8 73
8 22 791
22 8 791
8 13 436
13 8 436
8 15 136
15 8 136
8 28 752
28 8 752
8 15 820
15 8 820
8 14 662
14 8 662
8 9 923
9 8 923
8 16 106
16 8 106
8 26 130
26 8 130
8 24 779
24 8 779
8 29 346
29 8 346
8 28 981
28 8 981
8 27 489
27 8 489
9 19 215
19 9 215
9 30 901
30 9 901
9 37 203
37 9 203
9 29 223
29 9 223
9 36 944
36 9 944
9 31 345
31 9 345
9 27 412
27 9 412
9 16 498
16 9 498
9 14 942
14 9 942
9 11 887
11 9 887
9 33 325
33 9 325
9 37 255
37 9 255
10 21 358
21 10 358
10 26 434
26 10 434
10 13 768
13 10 768
10 15 670
15 10 670
10 25 901
25 10 901
10 21 168
21 10 168
10 21 680
21 10 680
10 19 723
19 10 723
10 18 768
18 10 768
10 17 118
17 10 118
10 17 960
17 10 960
10 23 713
23 10 713
10 27 979
27 10 979
10 16 668
16 10 668
10 33 798
33 10 798
10 32 313
32 10 313
11 13 809
13 11 809
11 30 811
30 11 811
11 35 798
35 11 798
11 30 749
30 11 749
11 22 1
22 11 1
11 19 794
19 11 794
11 19 123
19 11 123
11 21 660
21 11 660
11 24 441
24 11 441
11 21 396
21 11 396
11 15 974
15 11 974
11 17 429
17 11 429
11 21 508
21 11 508
12 33 246
33 12 246
12 33 596
33 12 596
12 36 535
36 12 535
12 15 446
15 12 446
12 18 920
18 12 920
12 32 181
32 12 181
12 35 136
35 12 136
12 24 550
24 12 550
12 24 435
24 12 435
12 22 762
22 12 762
12 15 401
15 12 401
12 29 991
29 12 991
12 29 541
29 12 541
12 29 211
29 12 211
13 30 565
30 13 565
13 21 749
21 13 749
13 17 205
17 13 205
13 18 464
18 13 464
13 13 329
13 13 329
13 33 886
33 13 886
13 19 707
19 13 707
13 20 247
20 13 247
13 31 34
31 13 34
14 17 411
17 14 411
14 22 400
22 14 400
14 27 952
27 14 952
14 33 987
33 14 987
14 26 844
26 14 844
14 32 689
32 14 689
14 23 150
23 14 150
14 35 803
35 14 803
14 18 966
18 14 966
14 29 993
29 14 993
14 36 681
36 14 681
14 16 894
16 14 894
14 22 140
22 14 140
14 18 600
18 14 600
15 18 991
18 15 991
15 22 195
22 15 195
15 33 635
33 15 635
15 26 558
26 15 558
15 26 942
26 15 942
15 29 228
29 15 228
16 19 13
19 16 13
16 25 364
25 16 364
16 36 686
36 16 686
16 21 435
21 16 435
16 22 992
22 16 992
16 28 135
28 16 135
16 16 392
16 16 392
16 37 583
37 16 583
17 33 741
33 17 741
17 25 562
25 17 562
17 37 818
37 17 818
17 32 168
32 17 168
17 34 948
34 17 948
17 22 224
22 17 224
17 36 362
36 17 362
17 33 160
33 17 160
17 21 773
21 17 773
18 37 711
37 18 711
18 34 582
34 18 582
18 33 235
33 18 235
18 37 404
37 18 404
18 25 964
25 18 964
18 37 259
37 18 259
18 26 418
26 18 418
18 19 343
19 18 343
18 36 166
36 18 166
18 21 706
21 18 706
19 26 742
26 19 742
19 37 532
37 19 532
19 25 58
25 19 58
19 25 108
25 19 108
19 23 844
23 19 844
19 30 179
30 19 179
19 36 680
36 19 680
19 34 990
34 19 990
19 26 36
26 19 36
19 35 949
35 19 949
19 29 104
29 19 104
19 35 220
35 19 220
19 25 376
25 19 376
19 34 836
34 19 836
20 33 108
33 20 108
20 20 886
20 20 886
20 26 140
26 20 140
20 31 60
31 20 60
20 32 316
32 20 316
20 34 441
34 20 441
20 36 463
36 20 463
21 23 973
23 21 973
21 26 996
26 21 996
21 27 461
27 21 461
21 31 224
31 21 224
21 34 786
34 21 786
22 24 677
24 22 677
22 33 238
33 22 238
22 27 5
27 22 5
22 34 595
34 22 595
22 36 253
36 22 253
22 25 402
25 22 402
22 32 77
32 22 77
22 30 254
30 22 254
22 33 792
33 22 792
22 37 900
37 22 900
23 25 340
25 23 340
23 30 846
30 23 846
23 37 998
37 23 998
23 36 86
36 23 86
23 28 470
28 23 470
23 34 909
34 23 909
23 28 201
28 23 201
24 33 864
33 24 864
24 29 272
29 24 272
24 31 610
31 24 610
24 32 916
32 24 916
24 35 291
35 24 291
25 32 469
32 25 469
25 26 87
26 25 87
25 37 701
37 25 701
25 36 695
36 25 695
25 33 164
33 25 164
25 36 926
36 25 926
25 28 219
28 25 219
25 29 510
29 25 510
25 35 380
35 25 380
25 36 873
36 25 873
25 29 908
29 25 908
26 28 816
28 26 816
26 32 461
32 26 461
26 30 59
30 26 59
26 34 954
34 26 954
26 29 230
29 26 230
26 35 408
35 26 408
26 34 909
34 26 909
26 28 944
28 26 944
26 26 230
26 26 230
27 35 567
35 27 567
27 31 839
31 27 839
27 30 278
30 27 278
27 30 528
30 27 528
28 29 430
29 28 430
28 31 276
31 28 276
28 35 675
35 28 675
28 29 398
29 28 398
28 37 202
37 28 202
29 31 723
31 29 723
29 30 43
30 29 43
29 31 792
31 29 792
30 30 601
30 30 601
30 36 162
36 30 162
30 35 397
35 30 397
30 31 99
31 30 99
30 35 809
35 30 809
31 36 641
36 31 641
31 37 971
37 31 971
32 37 763
37 32 763
32 35 58
35 32 58
33 36 617
36 33 617
33 35 350
35 33 350
33 35 438
35 33 438
33 35 185
35 33 185
34 34 321
34 34 321
34 36 357
36 34 357
35 36 982
36 35 982
