21

0 1 655
1 0 655
0 2 923
2 0 923
0 5 538
5 0 538
0 12 31
12 0 31
0 15 664
15 0 664
0 7 654
7 0 654
0 15 745
15 0 745
0 20 378
20 0 378
0 10 512
10 0 512
0 20 413
20 0 413
0 19 517
19 0 517
0 20 883
20 0 883
0 1 849
1 0 849
0 5 963
5 0 963
0 15 583
15 0 583
0 7 291
7 0 291
0 5 774
5 0 774
0 12 852
12 0 852
0 9 401
9 0 401
0 14 657
14 0 657
0 15 261
15 0 261
0 19 445
19 0 445
1 3 827
3 1 827
1 11 38
11 1 38
1 16 492
16 1 492
1 17 4
17 1 4
1 20 389
20 1 389
1 12 289
12 1 289
1 6 97
6 1 97
1 11 757
11 1 757
1 19 241
19 1 241
1 19 364
19 1 364
1 7 582
7 1 582
1 20 844
20 1 844
1 6 568
6 1 568
1 15 496
15 1 496
1 19 33
19 1 33
1 14 537
14 1 537
1 11 388
11 1 388
1 19 780
19 1 780
1 18 231
18 1 231
2 6 660
6 2 660
2 8 107
8 2 107
2 14 574
14 2 574
2 19 670
19 2 670
2 10 363
10 2 363
2 20 706
20 2 706
2 19 61
19 2 61
2 4 125
4 2 125
2 20 269
20 2 269
2 10 603
10 2 603
2 7 713
7 2 713
2 13 997
13 2 997
2 18 556
18 2 556
2 4 952
4 2 952
2 16 612
16 2 612
2 13 692
13 2 692
2 7 352
7 2 352
2 3 10
3 2 10
2 8 750
8 2 750
2 6 670
6 2 670
2 20 712
20 2 712
2 16 314
16 2 314
2 7 253
7 2 253
2 8 348
8 2 348
3 4 92
4 3 92
3 13 311
13 3 311
3 12 454
12 3 454
3 10 71
10 3 71
3 15 733
15 3 733
3 9 765
9 3 765
3 3 380
3 3 380
3 19 72
19 3 72
3 8 588
8 3 588
3 20 689
20 3 689
3 16 999
16 3 999
3 4 504
4 3 504
3 4 478
4 3 478
3 19 273
19 3 273
4 18 617
18 4 617
4 20 317
20 4 317
4 16 260
16 4 260
4 5 878
5 4 878
4 9 135
9 4 135
4 13 701
13 4 701
4 18 110
18 4 110
4 18 888
18 4 888
4 7 67
7 4 67
4 16 435
16 4 435
4 14 258
14 4 258
4 10 283
10 4 283
4 9 407
9 4 407
4 20 214
20 4 214
4 5 287
5 4 287
4 13 627
13 4 627
5 20 225
20 5 225
5 11 13
11 5 13
5 10 18
10 5 18
5 14 851
14 5 851
5 11 464
11 5 464
5 11 596
11 5 596
5 9 575
9 5 575
5 9 633
9 5 633
5 20 35
20 5 35
5 6 735
6 5 735
5 12 366
12 5 366
5 8 423
8 5 423
5 15 118
15 5 118
5 14 692
14 5 692
5 6 188
6 5 188
5 17 443
17 5 443
5 18 708
18 5 708
6 7 172
7 6 172
6 16 720
16 6 720
6 9 63
9 6 63
6 17 14
17 6 14
6 20 954
20 6 954
6 14 474
14 6 474
6 13 34
13 6 34
7 9 670
9 7 670
7 10 811
10 7 811
7 9 716
9 7 716
7 12 634
12 7 634
7 16 237
16 7 237
7 9 244
9 7 244
7 13 31
13 7 31
7 17 452
17 7 452
7 8 128
8 7 128
7 19 629
19 7 629
8 18 194
18 8 194
8 10 723
10 8 723
8 12 346
12 8 346
8 18 591
18 8 591
8 17 126
17 8 126
8 19 238
19 8 238
8 8 744
8 8 744
8 19 63
19 8 63
8 10 729
10 8 729
8 13 835
13 8 835
8 9 351
9 8 351
8 8 601
8 8 601
8 18 998
18 8 998
8 9 131
9 8 131
9 20 600
20 9 600
9 18 117
18 9 117
9 18 3
18 9 3
9 13 554
13 9 554
9 17 169
17 9 169
9 11 763
11 9 763
9 18 241
18 9 241
9 9 406
9 9 406
9 19 908
19 9 908
10 16 711
16 10 711
10 12 403
12 10 403
10 14 52
14 10 52
10 15 426
15 10 426
10 15 581
15 10 581
10 15 783
15 10 783
10 17 685
17 10 685
10 16 700
16 10 700
10 17 31
17 10 31
11 17 98
17 11 98
11 14 286
14 11 286
11 19 658
19 11 658
12 14 511
14 12 511
12 18 784
18 12 784
12 18 548
18 12 548
12 18 793
18 12 793
13 16 583
16 13 583
14 14 44
14 14 44
14 15 868
15 14 868
14 15 820
15 14 820
14 18 350
18 14 350
14 20 872
20 14 872
15 17 31
17 15 31
15 16 432
16 15 432
15 18 501
18 15 501
15 17 330
17 15 330
15 18 495
18 15 495
15 20 188
20 15 188
15 17 900
17 15 900
15 16 546
16 15 546
16 17 8
17 16 8
16 20 44
20 16 44
16 19 92
19 16 92
16 18 1
18 16 1
16 16 591
16 16 591
16 17 766
17 16 766
16 18 428
18 16 428
17 19 201
19 17 201
17 19 261
19 17 261
17 19 218
19 17 218
18 18 818
18 18 818
19 20 518
20 19 518
19 20 937
20 19 937
