26

0 1 782
1 0 782
0 5 204
5 0 204
0 23 984
23 0 984
0 21 235
21 0 235
0 9 72
9 0 72
0 24 457
24 0 457
1 2 857
2 1 857
1 4 5
4 1 5
1 25 908
25 1 908
1 14 268
14 1 268
2 3 447
3 2 447
2 23 671
23 2 671
2 7 892
7 2 892
3 6 305
6 3 305
3 10 431
10 3 431
3 17 483
17 3 483
3 17 297
17 3 297
3 21 797
21 3 797
4 8 574
8 4 574
4 13 153
13 4 153
4 15 134
15 4 134
4 18 430
18 4 430
4 13 119
13 4 119
5 19 659
19 5 659
6 7 778
7 6 778
6 19 731
19 6 731
6 22 185
22 6 185
7 22 634
22 7 634
7 10 239
10 7 239
8 9 737
9 8 737
8 22 863
22 8 863
8 25 233
25 8 233
9 12 324
12 9 324
9 16 209
16 9 209
9 10 818
10 9 818
9 24 287
24 9 287
9 22 64
22 9 64
9 11 660
11 9 660
10 11 103
11 10 103
10 25 914
25 10 914
10 14 180
14 10 180
12 14 87
14 12 87
15 20 664
20 15 664
15 21 913
21 15 913
16 17 599
17 16 599
17 24 271
24 17 271
18 20 820
20 18 820
23 23 353
23 23 353
