46

0 1 355
1 0 355
0 2 790
2 0 790
0 4 378
4 0 378
0 7 484
7 0 484
0 8 111
8 0 111
0 45 141
45 0 141
0 36 335
36 0 335
0 10 441
10 0 441
0 26 402
26 0 402
0 15 34
15 0 34
0 10 283
10 0 283
0 6 731
6 0 731
0 16 417
16 0 417
0 27 417
27 0 417
0 2 756
2 0 756
0 44 577
44 0 577
0 38 660
38 0 660
0 2 409
2 0 409
0 36 47
36 0 47
0 4 421
4 0 421
0 23 591
23 0 591
0 43 96
43 0 96
0 37 904
37 0 904
0 41 664
41 0 664
0 0 906
0 0 906
0 20 391
20 0 391
0 20 462
20 0 462
1 3 333
3 1 333
1 5 60
5 1 60
1 9 19
9 1 19
1 17 664
17 1 664
1 24 700
24 1 700
1 41 283
41 1 283
1 37 566
37 1 566
1 33 34
33 1 34
1 36 634
36 1 634
1 24 811
24 1 811
1 17 432
17 1 432
1 18 107
18 1 107
1 41 408
41 1 408
1 33 123
33 1 123
1 34 139
34 1 139
1 17 339
17 1 339
1 23 530
23 1 530
1 14 772
14 1 772
1 31 221
31 1 221
1 31 592
31 1 592
1 29 256
29 1 256
1 26 371
26 1 371
1 38 577
38 1 577
1 36 260
36 1 260
1 18 267
18 1 267
1 2 643
2 1 643
2 28 923
28 2 923
2 19 89
19 2 89
2 19 258
19 2 258
2 29 156
29 2 156
2 20 824
20 2 824
2 39 978
39 2 978
2 25 399
25 2 399
2 37 850
37 2 850
2 18 583
18 2 583
2 4 900
4 2 900
2 26 410
26 2 410
2 10 829
10 2 829
2 6 748
6 2 748
2 6 549
6 2 549
2 4 625
4 2 625
2 6 99
6 2 99
2 4 734
4 2 734
2 14 114
14 2 114
2 28 839
28 2 839
2 41 957
41 2 957
2 43 798
43 2 798
2 7 406
7 2 406
2 45 5
45 2 5
2 40 902
40 2 902
2 15 940
15 2 940
2 43 568
43 2 568
2 14 722
14 2 722
2 15 727
15 2 727
2 40 719
40 2 719
2 40 131
40 2 131
2 26 443
26 2 443
2 7 676
7 2 676
2 24 462
24 2 462
2 31 887
31 2 887
3 23 671
23 3 671
3 29 671
29 3 671
3 9 963
9 3 963
3 36 664
36 3 664
3 8 798
8 3 798
3 16 976
16 3 976
3 43 106
43 3 106
3 19 821
19 3 821
3 29 786
29 3 786
3 32 970
32 3 970
3 8 996
8 3 996
3 43 740
43 3 740
3 6 774
6 3 774
3 19 683
19 3 683
3 27 839
27 3 839
3 6 337
6 3 337
3 30 951
30 3 951
3 17 338
17 3 338
3 17 287
17 3 287
3 38 683
38 3 683
3 21 381
21 3 381
4 16 172
16 4 172
4 23 565
23 4 565
4 8 284
8 4 284
4 18 982
18 4 982
4 6 987
6 4 987
4 20 901
20 4 901
4 11 672
11 4 672
4 29 350
29 4 350
4 8 578
8 4 578
4 38 414
38 4 414
4 34 670
34 4 670
4 36 208
36 4 208
4 36 510
36 4 510
4 35 895
35 4 895
4 21 244
21 4 244
4 10 848
10 4 848
4 27 404
27 4 404
4 7 410
7 4 410
4 29 763
29 4 763
4 7 364
7 4 364
4 8 85
8 4 85
4 10 681
10 4 681
5 6 321
6 5 321
5 8 210
8 5 210
5 20 896
20 5 896
5 28 127
28 5 127
5 29 75
29 5 75
5 22 538
22 5 538
5 39 498
39 5 498
5 36 140
36 5 140
5 16 532
16 5 532
5 20 617
20 5 617
5 29 565
29 5 565
5 26 240
26 5 240
5 14 659
14 5 659
5 8 485
8 5 485
5 13 487
13 5 487
5 12 449
12 5 449
5 37 708
37 5 708
5 23 148
23 5 148
5 34 832
34 5 832
5 18 317
18 5 317
5 9 597
9 5 597
5 8 547
8 5 547
5 17 63
17 5 63
5 13 872
13 5 872
5 21 862
21 5 862
5 12 831
12 5 831
5 34 219
34 5 219
6 12 767
12 6 767
6 33 599
33 6 599
6 42 385
42 6 385
6 31 31
31 6 31
6 38 405
38 6 405
6 40 688
40 6 688
6 27 909
27 6 909
6 8 616
8 6 616
6 24 581
24 6 581
6 15 605
15 6 605
6 39 521
39 6 521
6 43 95
43 6 95
6 42 197
42 6 197
6 34 252
34 6 252
6 37 520
37 6 520
6 23 951
23 6 951
6 10 557
10 6 557
6 32 423
32 6 423
6 38 500
38 6 500
6 18 724
18 6 724
6 36 668
36 6 668
6 8 829
8 6 829
7 13 71
13 7 71
7 15 446
15 7 446
7 25 935
25 7 935
7 19 746
19 7 746
7 39 520
39 7 520
7 9 998
9 7 998
7 30 104
30 7 104
7 35 753
35 7 753
7 36 666
36 7 666
7 20 606
20 7 606
7 28 481
28 7 481
7 21 981
21 7 981
7 32 121
32 7 121
7 39 845
39 7 845
7 17 790
17 7 790
7 22 363
22 7 363
7 21 377
21 7 377
7 13 629
13 7 629
7 20 875
20 7 875
7 36 316
36 7 316
7 35 404
35 7 404
7 15 732
15 7 732
7 8 244
8 7 244
7 45 236
45 7 236
7 28 23
28 7 23
7 31 376
31 7 376
7 10 329
10 7 329
8 11 207
11 8 207
8 14 959
14 8 959
8 40 725
40 8 725
8 32 491
32 8 491
8 45 731
45 8 731
8 20 593
20 8 593
8 42 162
42 8 162
8 8 500
8 8 500
8 31 372
31 8 372
8 9 605
9 8 605
8 30 128
30 8 128
8 23 210
23 8 210
8 30 366
30 8 366
8 28 303
28 8 303
8 15 357
15 8 357
8 32 596
32 8 596
8 38 960
38 8 960
8 42 666
42 8 666
8 26 170
26 8 170
8 33 116
33 8 116
8 35 467
35 8 467
8 20 533
20 8 533
8 20 688
20 8 688
8 13 73
13 8 73
9 10 954
10 9 954
9 19 924
19 9 924
9 26 894
26 9 894
9 34 365
34 9 365
9 10 992
10 9 992
9 38 754
38 9 754
9 28 672
28 9 672
9 27 427
27 9 427
9 13 48
13 9 48
9 12 813
12 9 813
9 16 564
16 9 564
9 26 748
26 9 748
9 18 944
18 9 944
9 42 197
42 9 197
9 36 718
36 9 718
9 16 55
16 9 55
9 16 854
16 9 854
10 44 617
44 10 617
10 18 140
18 10 140
10 32 157
32 10 157
10 44 245
44 10 245
10 37 849
37 10 849
10 25 385
25 10 385
10 35 114
35 10 114
10 15 541
15 10 541
10 30 49
30 10 49
10 36 563
36 10 563
10 30 900
30 10 900
10 13 176
13 10 176
10 33 38
33 10 38
10 13 438
13 10 438
10 29 4
29 10 4
10 43 744
43 10 744
10 14 388
14 10 388
10 44 317
44 10 317
11 26 461
26 11 461
11 27 258
27 11 258
11 38 64
38 11 64
11 43 232
43 11 232
11 15 51
15 11 51
11 38 648
38 11 648
11 19 349
19 11 349
11 36 224
36 11 224
11 18 739
18 11 739
11 29 433
29 11 433
11 13 323
13 11 323
11 11 326
11 11 326
11 37 275
37 11 275
11 36 642
36 11 642
11 33 173
33 11 173
11 31 121
31 11 121
11 12 465
12 11 465
11 32 716
32 11 716
11 29 733
29 11 733
11 35 772
35 11 772
11 45 430
45 11 430
11 38 205
38 11 205
11 19 311
19 11 311
11 37 954
37 11 954
11 34 484
34 11 484
11 24 609
24 11 609
11 33 156
33 11 156
11 18 51
18 11 51
12 16 336
16 12 336
12 35 258
35 12 258
12 24 209
24 12 209
12 38 783
38 12 783
12 44 916
44 12 916
12 19 837
19 12 837
12 26 372
26 12 372
12 13 797
13 12 797
12 24 692
24 12 692
12 43 876
43 12 876
12 14 801
14 12 801
12 33 860
33 12 860
12 22 26
22 12 26
13 21 643
21 13 643
13 36 553
36 13 553
13 16 909
16 13 909
13 22 983
22 13 983
13 31 239
31 13 239
13 23 176
23 13 176
13 29 528
29 13 528
13 13 169
13 13 169
13 24 793
24 13 793
13 22 548
22 13 548
13 18 991
18 13 991
13 26 713
26 13 713
13 45 612
45 13 612
13 16 769
16 13 769
13 38 363
38 13 363
13 36 29
36 13 29
13 24 441
24 13 441
13 36 633
36 13 633
14 18 707
18 14 707
14 22 478
22 14 478
14 33 553
33 14 553
14 30 955
30 14 955
14 43 730
43 14 730
14 38 658
38 14 658
14 30 282
30 14 282
14 25 338
25 14 338
14 31 329
31 14 329
14 40 708
40 14 708
14 31 760
31 14 760
14 18 966
18 14 966
14 20 26
20 14 26
14 45 342
45 14 342
14 21 379
21 14 379
14 40 533
40 14 533
14 19 956
19 14 956
14 27 594
27 14 594
15 23 828
23 15 828
15 36 268
36 15 268
15 42 8
42 15 8
15 37 128
37 15 128
15 44 576
44 15 576
15 17 956
17 15 956
15 43 260
43 15 260
15 17 919
17 15 919
15 28 109
28 15 109
15 32 284
32 15 284
15 26 115
26 15 115
15 26 813
26 15 813
15 41 86
41 15 86
15 22 80
22 15 80
15 27 567
27 15 567
15 16 550
16 15 550
15 27 375
27 15 375
15 24 605
24 15 605
16 41 423
41 16 423
16 24 604
24 16 604
16 23 665
23 16 665
16 24 548
24 16 548
16 23 327
23 16 327
16 34 972
34 16 972
16 34 897
34 16 897
16 23 181
23 16 181
16 42 1
42 16 1
16 25 871
25 16 871
16 45 876
45 16 876
16 23 461
23 16 461
16 43 773
43 16 773
16 25 987
25 16 987
16 42 260
42 16 260
16 28 891
28 16 891
16 25 559
25 16 559
16 44 240
44 16 240
16 31 307
31 16 307
17 40 842
40 17 842
17 31 861
31 17 861
17 32 405
32 17 405
17 41 106
41 17 106
17 19 186
19 17 186
17 37 877
37 17 877
17 34 595
34 17 595
17 21 201
21 17 201
17 28 498
28 17 498
17 28 793
28 17 793
17 42 144
42 17 144
17 32 387
32 17 387
17 39 331
39 17 331
17 18 948
18 17 948
17 36 755
36 17 755
17 45 857
45 17 857
18 40 497
40 18 497
18 23 685
23 18 685
18 33 206
33 18 206
18 28 426
28 18 426
18 32 305
32 18 305
18 38 570
38 18 570
18 45 978
45 18 978
18 34 930
34 18 930
18 41 735
41 18 735
18 37 415
37 18 415
18 27 852
27 18 852
19 43 318
43 19 318
19 35 972
35 19 972
19 30 706
30 19 706
19 32 77
32 19 77
19 28 866
28 19 866
19 24 797
24 19 797
19 31 844
31 19 844
19 21 462
21 19 462
19 23 869
23 19 869
19 30 80
30 19 80
19 30 750
30 19 750
19 29 928
29 19 928
19 21 426
21 19 426
19 37 717
37 19 717
19 35 573
35 19 573
19 27 539
27 19 539
19 33 748
33 19 748
19 43 363
43 19 363
19 24 958
24 19 958
19 43 336
43 19 336
19 33 388
33 19 388
19 35 942
35 19 942
20 33 431
33 20 431
20 22 489
22 20 489
20 43 851
43 20 851
20 34 117
34 20 117
20 44 899
44 20 899
20 34 976
34 20 976
20 32 410
32 20 410
20 37 420
37 20 420
20 36 596
36 20 596
20 27 299
27 20 299
21 30 813
30 21 813
21 31 510
31 21 510
21 25 856
25 21 856
21 24 426
24 21 426
21 30 39
30 21 39
21 35 105
35 21 105
21 33 788
33 21 788
21 21 608
21 21 608
21 40 729
40 21 729
21 23 696
23 21 696
21 37 166
37 21 166
21 44 64
44 21 64
21 28 265
28 21 265
21 40 538
40 21 538
21 33 562
33 21 562
21 45 215
45 21 215
21 32 633
32 21 633
21 43 702
43 21 702
21 29 685
29 21 685
21 31 667
31 21 667
22 38 587
38 22 587
22 25 465
25 22 465
22 38 578
38 22 578
22 35 421
35 22 421
22 43 991
43 22 991
22 39 5
39 22 5
22 37 366
37 22 366
22 45 375
45 22 375
22 25 842
25 22 842
22 39 506
39 22 506
22 26 395
26 22 395
22 27 523
27 22 523
23 34 848
34 23 848
23 30 796
30 23 796
23 26 389
26 23 389
23 41 414
41 23 414
23 39 8
39 23 8
23 27 878
27 23 878
23 26 801
26 23 801
23 33 997
33 23 997
23 32 334
32 23 334
23 39 803
39 23 803
23 34 948
34 23 948
23 33 486
33 23 486
24 32 105
32 24 105
24 37 204
37 24 204
24 44 631
44 24 631
24 41 946
41 24 946
24 29 214
29 24 214
24 28 64
28 24 64
24 43 86
43 24 86
24 37 318
37 24 318
24 39 528
39 24 528
24 40 951
40 24 951
24 27 864
27 24 864
24 36 673
36 24 673
24 26 111
26 24 111
24 29 172
29 24 172
24 37 534
37 24 534
24 36 313
36 24 313
24 34 666
34 24 666
24 31 103
31 24 103
24 36 773
36 24 773
24 26 482
26 24 482
24 28 716
28 24 716
25 27 430
27 25 430
25 36 653
36 25 653
25 39 502
39 25 502
25 28 468
28 25 468
25 33 838
33 25 838
25 43 590
43 25 590
25 30 511
30 25 511
25 39 857
39 25 857
25 26 536
26 25 536
25 39 814
39 25 814
25 40 880
40 25 880
26 43 109
43 26 109
26 28 282
28 26 282
26 33 452
33 26 452
26 27 830
27 26 830
26 37 222
37 26 222
26 37 962
37 26 962
27 39 158
39 27 158
27 36 878
36 27 878
27 36 536
36 27 536
27 34 359
34 27 359
27 39 157
39 27 157
27 33 551
33 27 551
27 32 87
32 27 87
27 35 70
35 27 70
27 32 325
32 27 325
27 28 961
28 27 961
27 40 119
40 27 119
27 45 297
45 27 297
27 37 178
37 27 178
27 38 78
38 27 78
27 41 643
41 27 643
27 43 967
43 27 967
27 36 547
36 27 547
28 28 487
28 28 487
28 36 946
36 28 946
28 32 18
32 28 18
28 30 912
30 28 912
28 28 565
28 28 565
28 37 141
37 28 141
28 41 575
41 28 575
28 30 970
30 28 970
28 44 485
44 28 485
28 32 82
32 28 82
28 40 875
40 28 875
28 33 357
33 28 357
28 30 659
30 28 659
28 37 587
37 28 587
28 44 937
44 28 937
29 38 320
38 29 320
29 33 703
33 29 703
29 35 26
35 29 26
29 45 969
45 29 969
29 35 125
35 29 125
29 42 481
42 29 481
29 34 813
34 29 813
29 32 825
32 29 825
30 45 882
45 30 882
30 34 404
34 30 404
30 31 10
31 30 10
30 35 145
35 30 145
30 31 82
31 30 82
30 41 378
41 30 378
30 34 452
34 30 452
30 42 57
42 30 57
30 41 207
41 30 207
30 36 663
36 30 663
30 31 422
31 30 422
30 42 711
42 30 711
31 35 357
35 31 357
31 43 550
43 31 550
31 32 288
32 31 288
31 33 307
33 31 307
31 41 434
41 31 434
31 43 16
43 31 16
31 34 760
34 31 760
31 44 685
44 31 685
31 43 317
43 31 317
31 33 804
33 31 804
32 39 596
39 32 596
32 43 775
43 32 775
32 42 412
42 32 412
32 38 66
38 32 66
32 34 593
34 32 593
32 39 352
39 32 352
32 36 321
36 32 321
32 33 871
33 32 871
32 35 896
35 32 896
32 38 749
38 32 749
33 43 510
43 33 510
33 35 395
35 33 395
33 35 262
35 33 262
33 45 435
45 33 435
33 36 219
36 33 219
34 35 690
35 34 690
34 39 986
39 34 986
34 35 567
35 34 567
34 40 110
40 34 110
34 42 205
42 34 205
34 40 118
40 34 118
34 42 274
42 34 274
35 37 647
37 35 647
35 38 734
38 35 734
35 43 967
43 35 967
35 44 912
44 35 912
35 42 493
42 35 493
35 45 572
45 35 572
35 44 420
44 35 420
36 42 525
42 36 525
36 44 756
44 36 756
36 36 635
36 36 635
36 36 196
36 36 196
37 45 602
45 37 602
37 40 16
40 37 16
37 38 299
38 37 299
37 45 41
45 37 41
37 39 141
39 37 141
37 37 257
37 37 257
37 41 625
41 37 625
37 40 746
40 37 746
38 39 87
39 38 87
38 39 402
39 38 402
38 39 599
39 38 599
38 43 683
43 38 683
39 44 272
44 39 272
39 43 951
43 39 951
39 39 417
39 39 417
40 40 925
40 40 925
41 41 420
41 41 420
41 45 648
45 41 648
42 44 187
44 42 187
43 44 770
44 43 770
43 44 261
44 43 261
45 45 49
45 45 49
