77

0 1 64
1 0 64
0 2 257
2 0 257
0 18 700
18 0 700
0 20 671
20 0 671
0 36 176
36 0 176
0 59 161
59 0 161
0 7 468
7 0 468
0 43 272
43 0 272
0 69 169
69 0 169
0 19 14
19 0 14
0 33 518
33 0 518
0 26 949
26 0 949
0 39 739
39 0 739
0 20 114
20 0 114
0 58 575
58 0 575
0 25 272
25 0 272
0 9 412
9 0 412
0 50 92
50 0 92
0 24 73
24 0 73
0 35 297
35 0 297
0 72 574
72 0 574
0 28 1
28 0 1
1 3 422
3 1 422
1 6 523
6 1 523
1 14 477
14 1 477
1 17 545
17 1 545
1 39 719
39 1 719
1 12 724
12 1 724
1 50 412
50 1 412
1 76 476
76 1 476
1 22 25
22 1 25
1 14 566
14 1 566
1 40 241
40 1 241
1 48 425
48 1 425
1 25 1000
25 1 1000
1 66 660
66 1 660
1 23 73
23 1 73
1 8 41
8 1 41
1 65 736
65 1 736
1 68 9
68 1 9
1 16 977
16 1 977
1 25 985
25 1 985
1 74 266
74 1 266
1 25 925
25 1 925
1 55 964
55 1 964
1 48 663
48 1 663
1 46 351
46 1 351
1 39 172
39 1 172
1 62 77
62 1 77
2 4 20
4 2 20
2 7 877
7 2 877
2 11 358
11 2 358
2 24 442
24 2 442
2 8 228
8 2 228
2 32 338
32 2 338
2 40 260
40 2 260
2 9 354
9 2 354
2 14 960
14 2 960
2 11 605
11 2 605
2 6 784
6 2 784
2 38 324
38 2 324
2 24 955
24 2 955
2 19 33
19 2 33
2 15 447
15 2 447
2 60 985
60 2 985
2 28 429
28 2 429
2 24 355
24 2 355
2 27 745
27 2 745
2 66 213
66 2 213
2 36 769
36 2 769
2 62 91
62 2 91
2 22 98
22 2 98
2 74 797
74 2 797
2 5 616
5 2 616
2 45 904
45 2 904
3 9 288
9 3 288
3 58 489
58 3 489
3 76 892
76 3 892
3 53 256
53 3 256
3 15 645
15 3 645
3 25 933
25 3 933
3 72 523
72 3 523
3 52 796
52 3 796
3 43 177
43 3 177
3 69 587
69 3 587
3 21 156
21 3 156
3 25 45
25 3 45
3 76 346
76 3 346
3 31 839
31 3 839
3 32 532
32 3 532
3 37 991
37 3 991
3 32 453
32 3 453
3 67 921
67 3 921
3 66 332
66 3 332
3 20 722
20 3 722
3 63 197
63 3 197
3 33 176
33 3 176
3 22 871
22 3 871
3 46 553
46 3 553
3 48 423
48 3 423
3 38 50
38 3 50
4 5 40
5 4 40
4 10 750
10 4 750
4 34 383
34 4 383
4 6 203
6 4 203
4 59 565
59 4 565
4 34 179
34 4 179
4 43 188
43 4 188
4 12 400
12 4 400
4 20 914
20 4 914
4 6 797
6 4 797
4 41 322
41 4 322
4 53 115
53 4 115
4 36 778
36 4 778
4 20 301
20 4 301
4 73 927
73 4 927
4 26 785
26 4 785
4 25 73
25 4 73
4 49 487
49 4 487
4 38 810
38 4 810
4 8 967
8 4 967
4 76 647
76 4 647
5 8 863
8 5 863
5 13 165
13 5 165
5 21 533
21 5 533
5 27 23
27 5 23
5 35 81
35 5 81
5 9 679
9 5 679
5 67 544
67 5 544
5 61 479
61 5 479
5 73 646
73 5 646
5 5 155
5 5 155
5 65 843
65 5 843
5 62 207
62 5 207
5 46 22
46 5 22
5 32 390
32 5 390
5 48 366
48 5 366
5 45 308
45 5 308
5 34 183
34 5 183
5 10 559
10 5 559
5 23 393
23 5 393
5 58 514
58 5 514
5 32 206
32 5 206
5 52 931
52 5 931
6 19 536
19 6 536
6 46 975
46 6 975
6 19 316
19 6 316
6 66 852
66 6 852
6 19 842
19 6 842
6 50 373
50 6 373
6 29 395
29 6 395
6 43 277
43 6 277
6 53 440
53 6 440
6 38 605
38 6 605
6 25 275
25 6 275
6 56 406
56 6 406
6 37 576
37 6 576
6 48 93
48 6 93
6 13 284
13 6 284
6 52 59
52 6 59
6 32 28
32 6 28
6 68 467
68 6 467
6 73 505
73 6 505
6 56 1000
56 6 1000
7 60 415
60 7 415
7 59 194
59 7 194
7 39 270
39 7 270
7 10 479
10 7 479
7 24 240
24 7 240
7 76 55
76 7 55
7 22 225
22 7 225
7 39 910
39 7 910
7 12 818
12 7 818
7 30 435
30 7 435
7 45 959
45 7 959
7 60 463
60 7 463
7 29 531
29 7 531
7 46 698
46 7 698
7 63 317
63 7 317
7 17 657
17 7 657
7 24 241
24 7 241
7 19 247
19 7 247
8 25 86
25 8 86
8 31 252
31 8 252
8 75 359
75 8 359
8 56 369
56 8 369
8 58 963
58 8 963
8 46 190
46 8 190
8 53 592
53 8 592
8 67 107
67 8 107
8 57 377
57 8 377
8 13 912
13 8 912
8 31 490
31 8 490
8 54 824
54 8 824
8 19 766
19 8 766
8 45 218
45 8 218
8 53 457
53 8 457
8 52 934
52 8 934
8 34 565
34 8 565
8 9 184
9 8 184
8 52 795
52 8 795
8 14 750
14 8 750
8 37 710
37 8 710
8 57 833
57 8 833
8 20 697
20 8 697
8 26 927
26 8 927
8 25 121
25 8 121
8 56 995
56 8 995
9 22 569
22 9 569
9 49 793
49 9 793
9 63 880
63 9 880
9 43 158
43 9 158
9 23 601
23 9 601
9 44 268
44 9 268
9 45 264
45 9 264
9 29 937
29 9 937
9 28 932
28 9 932
9 29 196
29 9 196
9 61 264
61 9 264
9 58 779
58 9 779
9 26 311
26 9 311
9 30 804
30 9 804
10 12 871
12 10 871
10 22 152
22 10 152
10 53 10
53 10 10
10 59 631
59 10 631
10 23 428
23 10 428
10 19 787
19 10 787
10 39 590
39 10 590
10 55 913
55 10 913
10 24 161
24 10 161
10 63 837
63 10 837
10 74 179
74 10 179
10 19 944
19 10 944
10 72 760
72 10 760
10 36 158
36 10 158
10 48 128
48 10 128
10 21 647
21 10 647
10 47 687
47 10 687
11 15 100
15 11 100
11 19 227
19 11 227
11 21 856
21 11 856
11 56 675
56 11 675
11 75 940
75 11 940
11 22 773
22 11 773
11 19 664
19 11 664
11 26 786
26 11 786
11 57 2
57 11 2
11 15 743
15 11 743
11 46 197
46 11 197
11 23 888
23 11 888
11 73 844
73 11 844
12 33 401
33 12 401
12 51 940
51 12 940
12 53 522
53 12 522
12 25 850
25 12 850
12 64 735
64 12 735
12 13 48
13 12 48
12 45 280
45 12 280
12 47 401
47 12 401
12 36 733
36 12 733
12 68 766
68 12 766
12 29 800
29 12 800
12 70 771
70 12 771
12 73 478
73 12 478
12 50 629
50 12 629
12 51 720
51 12 720
12 72 469
72 12 469
12 21 467
21 12 467
12 62 821
62 12 821
12 69 669
69 12 669
12 39 312
39 12 312
12 72 892
72 12 892
12 66 546
66 12 546
13 16 671
16 13 671
13 41 878
41 13 878
13 50 4
50 13 4
13 75 466
75 13 466
13 20 109
20 13 109
13 38 628
38 13 628
13 23 34
23 13 34
13 52 528
52 13 528
13 55 421
55 13 421
13 59 223
59 13 223
13 68 353
68 13 353
13 44 571
44 13 571
13 35 833
35 13 833
13 76 721
76 13 721
13 58 366
58 13 366
13 37 343
37 13 343
13 51 303
51 13 303
13 23 527
23 13 527
13 35 756
35 13 756
13 74 897
74 13 897
13 69 32
69 13 32
13 72 974
72 13 974
14 45 243
45 14 243
14 35 404
35 14 404
14 31 411
31 14 411
14 65 659
65 14 659
14 24 657
24 14 657
14 32 274
32 14 274
14 43 379
43 14 379
14 73 3
73 14 3
14 64 216
64 14 216
14 60 576
60 14 576
14 16 297
16 14 297
14 46 566
46 14 566
15 23 855
23 15 855
15 30 272
30 15 272
15 66 364
66 15 364
15 59 953
59 15 953
15 26 512
26 15 512
15 67 764
67 15 764
15 15 276
15 15 276
15 63 894
63 15 894
15 33 349
33 15 349
15 41 48
41 15 48
15 76 192
76 15 192
15 20 892
20 15 892
15 16 755
16 15 755
15 70 166
70 15 166
15 42 773
42 15 773
15 42 957
42 15 957
15 56 104
56 15 104
15 16 489
16 15 489
15 34 401
34 15 401
15 32 786
32 15 786
15 19 559
19 15 559
15 66 123
66 15 123
16 26 599
26 16 599
16 28 776
28 16 776
16 44 960
44 16 960
16 66 29
66 16 29
16 20 221
20 16 221
16 41 734
41 16 734
16 57 967
57 16 967
16 55 5
55 16 5
16 24 804
24 16 804
16 62 437
62 16 437
16 74 617
74 16 617
16 52 722
52 16 722
16 24 960
24 16 960
17 65 795
65 17 795
17 70 184
70 17 184
17 62 696
62 17 696
17 57 747
57 17 747
17 76 252
76 17 252
17 66 904
66 17 904
17 22 837
22 17 837
17 75 706
75 17 706
17 74 643
74 17 643
17 22 643
22 17 643
17 18 948
18 17 948
17 42 400
42 17 400
17 58 943
58 17 943
18 62 980
62 18 980
18 30 9
30 18 9
18 35 40
35 18 40
18 47 278
47 18 278
18 53 554
53 18 554
18 28 988
28 18 988
18 41 581
41 18 581
18 33 579
33 18 579
18 68 846
68 18 846
18 52 381
52 18 381
18 38 591
38 18 591
18 33 516
33 18 516
18 73 433
73 18 433
18 61 247
61 18 247
18 60 795
60 18 795
18 35 409
35 18 409
18 47 785
47 18 785
18 47 576
47 18 576
18 19 578
19 18 578
18 71 847
71 18 847
18 43 911
43 18 911
18 41 604
41 18 604
19 55 849
55 19 849
19 45 835
45 19 835
19 27 165
27 19 165
19 33 584
33 19 584
19 40 853
40 19 853
19 37 244
37 19 244
19 23 859
23 19 859
19 74 708
74 19 708
19 33 780
33 19 780
19 67 563
67 19 563
19 31 728
31 19 728
19 76 447
76 19 447
19 65 510
65 19 510
19 53 927
53 19 927
19 59 246
59 19 246
19 75 836
75 19 836
20 35 454
35 20 454
20 30 370
30 20 370
20 37 686
37 20 686
20 75 437
75 20 437
20 25 556
25 20 556
20 65 369
65 20 369
20 31 472
31 20 472
20 40 679
40 20 679
20 48 671
48 20 671
20 72 657
72 20 657
20 70 384
70 20 384
20 39 472
39 20 472
20 36 685
36 20 685
20 57 377
57 20 377
20 62 974
62 20 974
20 24 152
24 20 152
20 59 268
59 20 268
20 28 20
28 20 20
20 41 539
41 20 539
20 59 183
59 20 183
21 29 268
29 21 268
21 45 736
45 21 736
21 61 244
61 21 244
21 64 116
64 21 116
21 64 701
64 21 701
21 27 264
27 21 264
21 65 564
65 21 564
21 36 535
36 21 535
21 23 799
23 21 799
21 21 733
21 21 733
21 21 76
21 21 76
21 54 707
54 21 707
21 24 980
24 21 980
21 35 786
35 21 786
21 67 872
67 21 872
21 58 796
58 21 796
21 44 114
44 21 114
21 43 255
43 21 255
21 34 810
34 21 810
21 68 834
68 21 834
21 67 376
67 21 376
22 40 646
40 22 646
22 43 716
43 22 716
22 36 309
36 22 309
22 34 56
34 22 56
22 74 849
74 22 849
22 62 425
62 22 425
22 38 972
38 22 972
22 46 772
46 22 772
22 25 737
25 22 737
22 30 331
30 22 331
22 35 213
35 22 213
22 51 830
51 22 830
22 57 92
57 22 92
22 62 410
62 22 410
22 55 114
55 22 114
22 67 226
67 22 226
23 24 981
24 23 981
23 32 259
32 23 259
23 47 145
47 23 145
23 74 536
74 23 536
23 49 598
49 23 598
23 51 359
51 23 359
23 52 52
52 23 52
23 57 174
57 23 174
23 46 808
46 23 808
23 30 816
30 23 816
23 65 620
65 23 620
23 65 937
65 23 937
23 43 900
43 23 900
23 65 465
65 23 465
23 67 514
67 23 514
23 50 371
50 23 371
23 37 107
37 23 107
24 72 223
72 24 223
24 67 526
67 24 526
24 38 838
38 24 838
24 30 115
30 24 115
24 67 508
67 24 508
24 35 72
35 24 72
24 44 519
44 24 519
24 64 352
64 24 352
24 32 217
32 24 217
24 60 891
60 24 891
24 62 152
62 24 152
24 27 715
27 24 715
24 70 860
70 24 860
24 55 69
55 24 69
24 54 467
54 24 467
24 48 426
48 24 426
25 56 753
56 25 753
25 34 978
34 25 978
25 35 371
35 25 371
25 62 37
62 25 37
25 29 460
29 25 460
25 35 714
35 25 714
25 32 757
32 25 757
25 31 179
31 25 179
25 35 739
35 25 739
25 28 901
28 25 901
25 61 507
61 25 507
25 60 621
60 25 621
25 47 516
47 25 516
25 63 271
63 25 271
25 65 743
65 25 743
25 31 326
31 25 326
25 61 478
61 25 478
25 58 116
58 25 116
25 37 353
37 25 353
25 67 183
67 25 183
25 73 548
73 25 548
26 52 949
52 26 949
26 27 546
27 26 546
26 55 472
55 26 472
26 44 250
44 26 250
26 42 934
42 26 934
26 64 279
64 26 279
26 66 210
66 26 210
26 62 446
62 26 446
26 47 835
47 26 835
26 44 574
44 26 574
26 67 787
67 26 787
26 53 658
53 26 658
26 58 167
58 26 167
26 46 996
46 26 996
26 73 153
73 26 153
26 37 407
37 26 407
26 43 25
43 26 25
26 74 989
74 26 989
27 37 137
37 27 137
27 71 977
71 27 977
27 33 24
33 27 24
27 50 883
50 27 883
27 70 496
70 27 496
27 52 466
52 27 466
27 27 636
27 27 636
27 41 190
41 27 190
27 64 59
64 27 59
27 62 752
62 27 752
27 52 91
52 27 91
27 46 510
46 27 510
27 27 479
27 27 479
27 74 196
74 27 196
27 73 909
73 27 909
27 65 334
65 27 334
27 43 648
43 27 648
28 66 650
66 28 650
28 50 98
50 28 98
28 41 430
41 28 430
28 49 76
49 28 76
28 55 637
55 28 637
28 66 479
66 28 479
28 44 186
44 28 186
28 60 96
60 28 96
28 40 638
40 28 638
28 56 376
56 28 376
28 52 172
52 28 172
28 69 585
69 28 585
28 38 80
38 28 80
28 64 680
64 28 680
28 71 771
71 28 771
29 38 824
38 29 824
29 43 202
43 29 202
29 50 576
50 29 576
29 38 650
38 29 650
29 34 675
34 29 675
29 73 297
73 29 297
29 60 625
60 29 625
29 65 808
65 29 808
29 72 854
72 29 854
29 55 399
55 29 399
29 39 347
39 29 347
29 57 521
57 29 521
30 62 876
62 30 876
30 57 196
57 30 196
30 32 491
32 30 491
30 54 814
54 30 814
30 70 33
70 30 33
30 62 213
62 30 213
30 42 305
42 30 305
30 49 886
49 30 886
31 48 435
48 31 435
31 54 582
54 31 582
31 58 700
58 31 700
31 61 52
61 31 52
31 52 830
52 31 830
31 51 449
51 31 449
31 72 406
72 31 406
31 72 318
72 31 318
31 62 740
62 31 740
31 46 147
46 31 147
31 38 711
38 31 711
31 52 252
52 31 252
31 58 606
58 31 606
31 35 723
35 31 723
31 42 895
42 31 895
32 36 927
36 32 927
32 43 469
43 32 469
32 75 268
75 32 268
32 68 39
68 32 39
32 55 452
55 32 452
32 50 905
50 32 905
32 71 412
71 32 412
32 67 20
67 32 20
33 69 284
69 33 284
33 37 345
37 33 345
33 66 570
66 33 570
33 47 116
47 33 116
33 60 7
60 33 7
33 70 98
70 33 98
33 34 571
34 33 571
33 76 398
76 33 398
33 51 767
51 33 767
33 62 646
62 33 646
33 67 938
67 33 938
33 72 141
72 33 141
33 73 22
73 33 22
34 65 753
65 34 753
34 76 859
76 34 859
34 74 744
74 34 744
34 59 304
59 34 304
34 40 802
40 34 802
34 67 556
67 34 556
34 41 795
41 34 795
34 61 994
61 34 994
34 41 549
41 34 549
34 57 838
57 34 838
34 49 105
49 34 105
34 75 394
75 34 394
35 42 738
42 35 738
35 44 125
44 35 125
35 68 218
68 35 218
35 58 706
58 35 706
35 68 159
68 35 159
35 61 434
61 35 434
35 73 607
73 35 607
35 44 165
44 35 165
35 57 39
57 35 39
35 51 435
51 35 435
36 61 138
61 36 138
36 39 497
39 36 497
36 42 872
42 36 872
36 40 961
40 36 961
36 41 371
41 36 371
36 52 941
52 36 941
36 40 83
40 36 83
36 75 668
75 36 668
36 40 816
40 36 816
36 65 548
65 36 548
36 55 113
55 36 113
36 60 158
60 36 158
36 47 462
47 36 462
36 71 127
71 36 127
37 65 302
65 37 302
37 56 975
56 37 975
37 43 255
43 37 255
37 67 281
67 37 281
37 46 370
46 37 370
37 46 427
46 37 427
37 62 346
62 37 346
37 38 283
38 37 283
37 75 547
75 37 547
37 70 817
70 37 817
37 47 157
47 37 157
37 39 57
39 37 57
37 39 344
39 37 344
38 43 337
43 38 337
38 47 361
47 38 361
38 60 203
60 38 203
38 45 558
45 38 558
38 48 545
48 38 545
38 73 125
73 38 125
38 40 794
40 38 794
38 58 824
58 38 824
38 65 61
65 38 61
38 58 918
58 38 918
38 60 903
60 38 903
38 40 592
40 38 592
38 68 742
68 38 742
38 46 964
46 38 964
38 57 220
57 38 220
38 46 633
46 38 633
39 66 137
66 39 137
39 67 448
67 39 448
39 62 655
62 39 655
39 68 69
68 39 69
39 55 804
55 39 804
39 75 463
75 39 463
39 53 557
53 39 557
39 52 759
52 39 759
39 50 278
50 39 278
39 69 702
69 39 702
39 76 832
76 39 832
40 54 556
54 40 556
40 62 726
62 40 726
40 75 655
75 40 655
40 72 303
72 40 303
40 55 630
55 40 630
40 52 222
52 40 222
40 65 518
65 40 518
40 57 42
57 40 42
40 47 485
47 40 485
40 51 849
51 40 849
41 56 770
56 41 770
41 61 916
61 41 916
41 69 100
69 41 100
41 55 959
55 41 959
41 54 837
54 41 837
41 60 510
60 41 510
42 58 565
58 42 565
42 45 841
45 42 841
42 43 686
43 42 686
42 63 476
63 42 476
42 44 809
44 42 809
42 68 860
68 42 860
42 74 526
74 42 526
42 48 324
48 42 324
42 57 443
57 42 443
42 64 82
64 42 82
42 54 564
54 42 564
43 62 503
62 43 503
43 51 793
51 43 793
43 64 81
64 43 81
43 69 704
69 43 704
43 60 473
60 43 473
43 64 826
64 43 826
43 49 260
49 43 260
43 62 883
62 43 883
44 61 23
61 44 23
44 68 629
68 44 629
44 69 749
69 44 749
44 57 178
57 44 178
44 72 646
72 44 646
44 74 679
74 44 679
45 59 345
59 45 345
45 70 439
70 45 439
45 53 941
53 45 941
45 53 779
53 45 779
45 70 826
70 45 826
45 69 403
69 45 403
45 66 616
66 45 616
46 58 475
58 46 475
46 73 238
73 46 238
46 54 658
54 46 658
47 53 605
53 47 605
47 58 188
58 47 188
47 75 485
75 47 485
47 66 111
66 47 111
47 68 873
68 47 873
47 62 739
62 47 739
47 67 201
67 47 201
47 47 632
47 47 632
47 54 470
54 47 470
47 67 937
67 47 937
48 71 420
71 48 420
48 63 270
63 48 270
48 66 652
66 48 652
48 49 549
49 48 549
48 76 802
76 48 802
48 53 656
53 48 656
48 60 562
60 48 562
48 72 850
72 48 850
48 56 305
56 48 305
49 76 278
76 49 278
49 69 428
69 49 428
49 73 701
73 49 701
49 60 188
60 49 188
50 54 47
54 50 47
50 73 953
73 50 953
50 55 827
55 50 827
50 53 701
53 50 701
50 60 157
60 50 157
50 63 138
63 50 138
50 71 633
71 50 633
50 61 333
61 50 333
51 65 771
65 51 771
51 67 782
67 51 782
51 72 678
72 51 678
51 63 601
63 51 601
51 73 268
73 51 268
51 70 51
70 51 51
52 69 350
69 52 350
52 63 894
63 52 894
52 57 475
57 52 475
52 73 302
73 52 302
53 73 864
73 53 864
53 57 795
57 53 795
53 66 697
66 53 697
53 72 674
72 53 674
53 53 908
53 53 908
53 62 424
62 53 424
53 75 670
75 53 670
54 62 905
62 54 905
54 70 547
70 54 547
54 75 905
75 54 905
54 70 525
70 54 525
54 55 812
55 54 812
55 73 110
73 55 110
55 59 207
59 55 207
55 70 608
70 55 608
55 70 534
70 55 534
55 76 948
76 55 948
55 73 970
73 55 970
56 57 827
57 56 827
56 73 342
73 56 342
56 70 144
70 56 144
56 68 122
68 56 122
56 68 862
68 56 862
56 64 942
64 56 942
56 63 768
63 56 768
57 63 324
63 57 324
57 71 742
71 57 742
57 59 648
59 57 648
57 59 724
59 57 724
57 59 121
59 57 121
57 73 952
73 57 952
57 63 400
63 57 400
57 74 143
74 57 143
58 70 403
70 58 403
58 76 575
76 58 575
58 62 667
62 58 667
58 73 90
73 58 90
58 66 693
66 58 693
58 67 794
67 58 794
58 62 258
62 58 258
58 69 388
69 58 388
59 67 382
67 59 382
59 64 463
64 59 463
59 76 44
76 59 44
59 64 420
64 59 420
59 62 505
62 59 505
59 69 3
69 59 3
59 60 831
60 59 831
60 74 915
74 60 915
60 68 308
68 60 308
60 76 312
76 60 312
60 64 780
64 60 780
61 70 712
70 61 712
61 74 93
74 61 93
61 70 496
70 61 496
61 62 721
62 61 721
62 70 822
70 62 822
62 70 321
70 62 321
63 73 318
73 63 318
63 76 237
76 63 237
63 74 560
74 63 560
64 66 581
66 64 581
64 66 858
66 64 858
64 67 184
67 64 184
64 68 123
68 64 123
64 64 663
64 64 663
65 67 307
67 65 307
65 73 343
73 65 343
65 76 323
76 65 323
65 75 600
75 65 600
66 76 95
76 66 95
66 70 745
70 66 745
66 74 391
74 66 391
68 72 464
72 68 464
68 75 434
75 68 434
69 71 620
71 69 620
70 71 265
71 70 265
70 75 957
75 70 957
71 72 644
72 71 644
71 76 107
76 71 107
72 72 625
72 72 625
72 74 938
74 72 938
74 76 790
76 74 790
74 76 349
76 74 349
75 76 27
76 75 27
