21

0 1 680
1 0 680
0 2 321
2 0 321
0 7 337
7 0 337
0 9 626
9 0 626
0 20 994
20 0 994
0 13 446
13 0 446
0 14 143
14 0 143
0 18 265
18 0 265
0 14 223
14 0 223
0 10 23
10 0 23
0 5 755
5 0 755
0 10 905
10 0 905
0 20 771
20 0 771
0 0 764
0 0 764
0 14 156
14 0 156
0 19 743
19 0 743
0 15 784
15 0 784
0 5 999
5 0 999
0 12 452
12 0 452
1 5 85
5 1 85
1 7 488
7 1 488
1 10 400
10 1 400
1 12 160
12 1 160
1 15 516
15 1 516
1 3 114
3 1 114
1 5 558
5 1 558
1 7 338
7 1 338
1 12 41
12 1 41
1 6 312
6 1 312
1 4 230
4 1 230
1 12 758
12 1 758
1 1 282
1 1 282
1 12 142
12 1 142
1 20 363
20 1 363
1 9 956
9 1 956
1 8 717
8 1 717
1 7 87
7 1 87
1 4 439
4 1 439
1 5 998
5 1 998
2 3 434
3 2 434
2 14 306
14 2 306
2 4 758
4 2 758
2 6 200
6 2 200
2 20 970
20 2 970
2 10 493
10 2 493
2 4 156
4 2 156
2 14 981
14 2 981
2 17 42
17 2 42
2 11 194
11 2 194
2 4 56
4 2 56
2 10 807
10 2 807
2 16 303
16 2 303
2 5 617
5 2 617
2 9 750
9 2 750
2 10 845
10 2 845
2 14 921
14 2 921
2 11 783
11 2 783
3 4 154
4 3 154
3 7 830
7 3 830
3 10 184
10 3 184
3 19 740
19 3 740
3 3 385
3 3 385
3 18 542
18 3 542
3 19 413
19 3 413
3 7 434
7 3 434
3 6 520
6 3 520
3 4 481
4 3 481
3 13 15
13 3 15
3 6 628
6 3 628
3 20 17
20 3 17
4 6 579
6 4 579
4 18 672
18 4 672
4 10 253
10 4 253
4 7 331
7 4 331
4 14 416
14 4 416
4 9 803
9 4 803
4 6 146
6 4 146
4 6 133
6 4 133
4 12 603
12 4 603
4 8 670
8 4 670
4 11 511
11 4 511
4 13 338
13 4 338
5 11 953
11 5 953
5 9 370
9 5 370
5 12 496
12 5 496
5 16 753
16 5 753
5 11 279
11 5 279
5 10 920
10 5 920
5 9 177
9 5 177
5 8 893
8 5 893
5 10 780
10 5 780
5 10 480
10 5 480
5 9 662
9 5 662
5 9 249
9 5 249
5 9 139
9 5 139
5 16 82
16 5 82
6 8 246
8 6 246
6 9 812
9 6 812
6 15 754
15 6 754
6 11 800
11 6 800
6 17 719
17 6 719
6 17 100
17 6 100
6 10 904
10 6 904
6 13 442
13 6 442
6 16 425
16 6 425
6 16 356
16 6 356
6 16 959
16 6 959
7 17 46
17 7 46
7 18 886
18 7 886
7 17 293
17 7 293
7 18 321
18 7 321
7 19 791
19 7 791
7 16 625
16 7 625
7 11 784
11 7 784
7 9 661
9 7 661
7 15 1
15 7 1
7 14 453
14 7 453
7 11 865
11 7 865
7 12 356
12 7 356
7 18 337
18 7 337
7 10 726
10 7 726
7 19 144
19 7 144
8 12 9
12 8 9
8 16 591
16 8 591
8 10 861
10 8 861
8 10 961
10 8 961
8 9 713
9 8 713
8 13 202
13 8 202
8 8 908
8 8 908
8 20 238
20 8 238
8 10 968
10 8 968
9 17 293
17 9 293
9 14 686
14 9 686
9 19 44
19 9 44
9 12 933
12 9 933
9 12 998
12 9 998
9 20 833
20 9 833
9 14 875
14 9 875
9 15 744
15 9 744
9 14 820
14 9 820
10 13 115
13 10 115
10 15 460
15 10 460
10 16 708
16 10 708
10 16 279
16 10 279
10 16 740
16 10 740
10 19 436
19 10 436
10 11 494
11 10 494
10 13 684
13 10 684
11 13 835
13 11 835
11 15 643
15 11 643
11 18 434
18 11 434
11 12 626
12 11 626
11 15 544
15 11 544
11 14 872
14 11 872
11 18 682
18 11 682
11 20 324
20 11 324
12 16 516
16 12 516
12 19 571
19 12 571
12 13 210
13 12 210
12 17 499
17 12 499
12 15 89
15 12 89
12 14 185
14 12 185
12 20 503
20 12 503
12 18 15
18 12 15
12 20 221
20 12 221
13 17 335
17 13 335
13 17 352
17 13 352
13 17 863
17 13 863
13 20 257
20 13 257
13 14 700
14 13 700
13 18 587
18 13 587
14 20 403
20 14 403
14 19 936
19 14 936
14 20 627
20 14 627
14 14 39
14 14 39
15 18 392
18 15 392
15 20 668
20 15 668
15 17 208
17 15 208
15 20 940
20 15 940
15 16 698
16 15 698
15 20 758
20 15 758
15 20 425
20 15 425
16 20 729
20 16 729
16 17 525
17 16 525
16 17 192
17 16 192
17 17 969
17 17 969
17 19 214
19 17 214
17 20 504
20 17 504
17 20 788
20 17 788
17 17 81
17 17 81
18 18 124
18 18 124
19 20 267
20 19 267
