48

0 1 883
1 0 883
0 2 302
2 0 302
0 3 227
3 0 227
0 6 303
6 0 303
0 21 907
21 0 907
1 4 934
4 1 934
1 33 964
33 1 964
2 14 867
14 2 867
2 8 692
8 2 692
3 7 864
7 3 864
3 27 500
27 3 500
3 32 738
32 3 738
3 46 27
46 3 27
4 5 637
5 4 637
4 39 819
39 4 819
5 9 350
9 5 350
6 8 815
8 6 815
6 10 529
10 6 529
6 29 432
29 6 432
7 17 367
17 7 367
7 43 432
43 7 432
7 39 304
39 7 304
8 12 386
12 8 386
8 15 248
15 8 248
8 24 623
24 8 623
8 16 39
16 8 39
9 11 198
11 9 198
9 18 192
18 9 192
9 22 80
22 9 80
10 20 414
20 10 414
11 13 119
13 11 119
11 19 968
19 11 968
11 31 500
31 11 500
11 45 502
45 11 502
12 26 443
26 12 443
12 41 105
41 12 105
12 45 216
45 12 216
12 39 475
39 12 475
13 16 735
16 13 735
13 30 113
30 13 113
14 34 568
34 14 568
16 23 442
23 16 442
17 42 769
42 17 769
18 40 462
40 18 462
18 45 881
45 18 881
21 47 142
47 21 142
22 25 865
25 22 865
23 38 478
38 23 478
24 28 994
28 24 994
31 36 912
36 31 912
31 44 1000
44 31 1000
32 36 748
36 32 748
33 35 44
35 33 44
34 41 697
41 34 697
35 37 311
37 35 311
37 47 154
47 37 154
39 42 570
42 39 570
39 44 379
44 39 379
