83

0 1 341
1 0 341
0 3 446
3 0 446
0 4 401
4 0 401
0 66 740
66 0 740
0 58 336
58 0 336
0 65 753
65 0 753
0 1 358
1 0 358
0 81 600
81 0 600
0 58 692
58 0 692
0 45 881
45 0 881
0 4 791
4 0 791
0 70 318
70 0 318
0 52 138
52 0 138
0 75 898
75 0 898
0 12 135
12 0 135
1 2 183
2 1 183
1 6 130
6 1 130
1 7 906
7 1 906
1 14 963
14 1 963
1 29 770
29 1 770
1 32 749
32 1 749
1 79 42
79 1 42
1 11 838
11 1 838
1 65 342
65 1 342
1 7 529
7 1 529
1 54 223
54 1 223
1 8 984
8 1 984
1 46 825
46 1 825
1 70 170
70 1 170
1 56 981
56 1 981
1 54 45
54 1 45
1 35 380
35 1 380
1 81 596
81 1 596
1 60 159
60 1 159
1 65 792
65 1 792
1 12 694
12 1 694
1 65 517
65 1 517
1 16 377
16 1 377
1 44 231
44 1 231
2 19 366
19 2 366
2 25 18
25 2 18
2 37 304
37 2 304
2 74 66
74 2 66
2 32 263
32 2 263
2 79 442
79 2 442
2 47 736
47 2 736
2 63 131
63 2 131
2 51 957
51 2 957
2 64 614
64 2 614
2 3 277
3 2 277
2 34 877
34 2 877
2 48 270
48 2 270
2 81 594
81 2 594
2 71 605
71 2 605
2 28 955
28 2 955
2 77 672
77 2 672
2 61 298
61 2 298
2 28 427
28 2 427
3 5 555
5 3 555
3 24 951
24 3 951
3 36 722
36 3 722
3 57 948
57 3 948
3 63 728
63 3 728
3 38 526
38 3 526
3 8 458
8 3 458
3 20 826
20 3 826
3 29 939
29 3 939
3 32 840
32 3 840
3 81 942
81 3 942
3 29 520
29 3 520
3 11 173
11 3 173
3 4 563
4 3 563
3 27 128
27 3 128
3 11 162
11 3 162
4 12 114
12 4 114
4 51 170
51 4 170
4 74 954
74 4 954
4 37 463
37 4 463
4 34 624
34 4 624
4 40 557
40 4 557
4 10 509
10 4 509
4 51 573
51 4 573
4 43 296
43 4 296
4 60 830
60 4 830
4 17 873
17 4 873
4 10 378
10 4 378
5 31 714
31 5 714
5 67 450
67 5 450
5 9 338
9 5 338
5 59 271
59 5 271
5 16 838
16 5 838
5 20 889
20 5 889
5 32 506
32 5 506
5 64 862
64 5 862
5 79 30
79 5 30
5 64 235
64 5 235
5 81 608
81 5 608
5 44 458
44 5 458
5 26 617
26 5 617
5 70 9
70 5 9
5 56 618
56 5 618
5 24 199
24 5 199
5 61 361
61 5 361
5 27 81
27 5 81
5 78 31
78 5 31
5 38 806
38 5 806
5 61 640
61 5 640
5 38 47
38 5 47
6 9 75
9 6 75
6 21 405
21 6 405
6 27 21
27 6 21
6 73 794
73 6 794
6 77 521
77 6 521
6 75 201
75 6 201
6 65 791
65 6 791
6 6 278
6 6 278
6 69 197
69 6 197
6 23 101
23 6 101
6 57 650
57 6 650
6 69 911
69 6 911
6 50 463
50 6 463
6 11 685
11 6 685
6 42 427
42 6 427
6 55 624
55 6 624
6 57 218
57 6 218
6 59 635
59 6 635
6 8 615
8 6 615
6 7 659
7 6 659
6 22 763
22 6 763
6 67 391
67 6 391
6 22 758
22 6 758
6 40 364
40 6 364
6 26 739
26 6 739
7 8 512
8 7 512
7 12 810
12 7 810
7 13 676
13 7 676
7 23 842
23 7 842
7 61 895
61 7 895
7 67 991
67 7 991
7 72 114
72 7 114
7 70 6
70 7 6
7 17 117
17 7 117
7 39 768
39 7 768
7 62 904
62 7 904
7 22 708
22 7 708
7 30 391
30 7 391
7 38 926
38 7 926
7 37 450
37 7 450
7 61 187
61 7 187
7 9 23
9 7 23
7 19 172
19 7 172
7 67 552
67 7 552
7 26 278
26 7 278
7 19 371
19 7 371
7 71 459
71 7 459
7 71 135
71 7 135
7 81 417
81 7 417
8 10 478
10 8 478
8 20 144
20 8 144
8 22 449
22 8 449
8 46 190
46 8 190
8 78 479
78 8 479
8 9 946
9 8 946
8 24 900
24 8 900
8 33 815
33 8 815
8 46 831
46 8 831
8 42 847
42 8 847
8 78 636
78 8 636
8 80 420
80 8 420
8 80 35
80 8 35
8 61 197
61 8 197
8 40 344
40 8 344
9 26 387
26 9 387
9 37 191
37 9 191
9 44 506
44 9 506
9 41 158
41 9 158
9 80 465
80 9 465
9 32 222
32 9 222
9 49 275
49 9 275
9 37 681
37 9 681
9 58 898
58 9 898
9 72 601
72 9 601
9 58 112
58 9 112
9 30 407
30 9 407
9 34 421
34 9 421
9 49 234
49 9 234
9 73 900
73 9 900
9 32 549
32 9 549
9 50 273
50 9 273
9 17 389
17 9 389
9 39 127
39 9 127
9 64 682
64 9 682
9 68 287
68 9 287
9 28 283
28 9 283
9 67 546
67 9 546
10 11 910
11 10 910
10 28 924
28 10 924
10 42 577
42 10 577
10 58 27
58 10 27
10 20 217
20 10 217
10 16 676
16 10 676
10 26 316
26 10 316
10 30 752
30 10 752
10 22 73
22 10 73
10 60 459
60 10 459
10 52 96
52 10 96
10 29 752
29 10 752
10 15 542
15 10 542
10 77 131
77 10 131
10 41 820
41 10 820
11 15 226
15 11 226
11 16 24
16 11 24
11 26 779
26 11 779
11 78 619
78 11 619
11 39 123
39 11 123
11 40 542
40 11 542
11 59 320
59 11 320
11 54 941
54 11 941
11 45 204
45 11 204
11 39 741
39 11 741
11 63 457
63 11 457
11 18 670
18 11 670
12 53 142
53 12 142
12 60 640
60 12 640
12 56 766
56 12 766
12 31 37
31 12 37
12 40 757
40 12 757
12 17 55
17 12 55
12 43 980
43 12 980
12 41 957
41 12 957
12 29 884
29 12 884
12 47 128
47 12 128
13 56 496
56 13 496
13 82 100
82 13 100
13 54 637
54 13 637
13 59 902
59 13 902
13 21 460
21 13 460
13 62 699
62 13 699
13 14 404
14 13 404
13 29 46
29 13 46
13 26 662
26 13 662
13 49 624
49 13 624
13 14 760
14 13 760
13 65 67
65 13 67
14 17 987
17 14 987
14 46 612
46 14 612
14 48 402
48 14 402
14 65 174
65 14 174
14 28 73
28 14 73
14 64 82
64 14 82
14 27 223
27 14 223
14 19 386
19 14 386
14 37 654
37 14 654
14 69 520
69 14 520
14 27 534
27 14 534
14 61 799
61 14 799
14 62 218
62 14 218
14 34 611
34 14 611
14 37 418
37 14 418
14 41 53
41 14 53
14 28 352
28 14 352
15 18 992
18 15 992
15 30 179
30 15 179
15 75 752
75 15 752
15 65 554
65 15 554
15 65 573
65 15 573
15 43 216
43 15 216
15 75 682
75 15 682
15 38 978
38 15 978
15 69 188
69 15 188
15 65 106
65 15 106
15 58 158
58 15 158
15 54 623
54 15 623
15 22 982
22 15 982
15 34 458
34 15 458
15 22 616
22 15 616
15 37 952
37 15 952
15 56 177
56 15 177
15 63 144
63 15 144
15 58 238
58 15 238
16 78 41
78 16 41
16 82 289
82 16 289
16 60 985
60 16 985
16 31 850
31 16 850
16 29 277
29 16 277
16 30 70
30 16 70
16 62 574
62 16 574
16 44 262
44 16 262
16 71 760
71 16 760
16 34 439
34 16 439
16 80 665
80 16 665
17 39 35
39 17 35
17 76 100
76 17 100
17 65 440
65 17 440
17 79 195
79 17 195
17 80 39
80 17 39
17 42 988
42 17 988
17 36 563
36 17 563
17 58 132
58 17 132
17 56 854
56 17 854
17 40 686
40 17 686
17 73 299
73 17 299
17 63 908
63 17 908
17 55 368
55 17 368
18 61 505
61 18 505
18 46 482
46 18 482
18 46 261
46 18 261
18 46 191
46 18 191
18 67 619
67 18 619
18 39 914
39 18 914
18 60 946
60 18 946
18 20 837
20 18 837
18 48 994
48 18 994
18 35 677
35 18 677
19 51 9
51 19 9
19 55 614
55 19 614
19 49 553
49 19 553
19 44 387
44 19 387
19 30 105
30 19 105
19 68 133
68 19 133
19 35 818
35 19 818
19 71 707
71 19 707
19 58 927
58 19 927
19 73 109
73 19 109
19 78 704
78 19 704
19 54 157
54 19 157
19 78 785
78 19 785
19 26 312
26 19 312
19 41 500
41 19 500
20 34 670
34 20 670
20 54 523
54 20 523
20 40 617
40 20 617
20 46 900
46 20 900
20 79 379
79 20 379
20 59 186
59 20 186
20 82 600
82 20 600
20 76 966
76 20 966
20 72 962
72 20 962
20 72 951
72 20 951
20 26 53
26 20 53
20 41 484
41 20 484
20 79 189
79 20 189
20 47 892
47 20 892
20 60 776
60 20 776
20 60 443
60 20 443
20 53 939
53 20 939
20 27 143
27 20 143
21 47 107
47 21 107
21 70 900
70 21 900
21 43 817
43 21 817
21 52 841
52 21 841
21 43 135
43 21 135
21 68 517
68 21 517
21 42 352
42 21 352
21 55 606
55 21 606
21 62 360
62 21 360
21 25 983
25 21 983
21 80 461
80 21 461
21 81 209
81 21 209
22 59 530
59 22 530
22 81 673
81 22 673
22 38 363
38 22 363
22 80 486
80 22 486
22 35 722
35 22 722
22 78 49
78 22 49
22 40 888
40 22 888
22 40 54
40 22 54
22 70 322
70 22 322
22 34 525
34 22 525
22 27 250
27 22 250
22 69 29
69 22 29
22 40 801
40 22 801
22 35 335
35 22 335
23 47 622
47 23 622
23 30 587
30 23 587
23 24 164
24 23 164
23 26 558
26 23 558
23 29 782
29 23 782
23 41 434
41 23 434
23 43 324
43 23 324
23 37 402
37 23 402
23 58 312
58 23 312
23 81 64
81 23 64
23 31 715
31 23 715
23 27 365
27 23 365
23 42 859
42 23 859
23 65 74
65 23 74
23 27 47
27 23 47
23 44 323
44 23 323
23 60 797
60 23 797
23 60 508
60 23 508
23 49 992
49 23 992
23 52 5
52 23 5
24 43 944
43 24 944
24 72 68
72 24 68
24 76 61
76 24 61
25 72 860
72 25 860
25 57 408
57 25 408
25 69 423
69 25 423
25 38 290
38 25 290
25 56 826
56 25 826
25 75 314
75 25 314
25 41 387
41 25 387
25 36 44
36 25 44
25 62 54
62 25 54
25 39 639
39 25 639
25 71 521
71 25 521
25 34 833
34 25 833
26 33 267
33 26 267
26 29 965
29 26 965
26 42 456
42 26 456
26 36 201
36 26 201
26 51 388
51 26 388
26 51 397
51 26 397
26 32 217
32 26 217
26 34 914
34 26 914
26 34 22
34 26 22
26 43 344
43 26 344
26 62 808
62 26 808
26 80 448
80 26 448
27 32 794
32 27 794
27 69 716
69 27 716
27 41 278
41 27 278
27 36 150
36 27 150
27 77 119
77 27 119
28 36 871
36 28 871
28 37 528
37 28 528
28 37 872
37 28 872
28 65 508
65 28 508
28 54 249
54 28 249
28 57 411
57 28 411
28 67 572
67 28 572
28 46 70
46 28 70
28 49 426
49 28 426
28 60 479
60 28 479
28 31 738
31 28 738
28 45 865
45 28 865
28 69 415
69 28 415
29 76 727
76 29 727
29 64 588
64 29 588
29 44 75
44 29 75
29 52 400
52 29 400
29 62 467
62 29 467
29 60 67
60 29 67
29 49 378
49 29 378
29 47 715
47 29 715
29 63 417
63 29 417
29 54 111
54 29 111
29 50 575
50 29 575
29 64 246
64 29 246
29 29 89
29 29 89
29 53 455
53 29 455
29 74 915
74 29 915
29 52 610
52 29 610
29 45 569
45 29 569
29 66 870
66 29 870
30 39 282
39 30 282
30 44 669
44 30 669
30 45 111
45 30 111
30 66 291
66 30 291
30 33 382
33 30 382
30 37 723
37 30 723
30 74 476
74 30 476
30 78 982
78 30 982
30 69 822
69 30 822
30 72 447
72 30 447
31 58 731
58 31 731
31 60 225
60 31 225
31 47 171
47 31 171
31 71 714
71 31 714
31 49 843
49 31 843
31 53 503
53 31 503
31 66 547
66 31 547
31 56 203
56 31 203
31 80 141
80 31 141
31 43 603
43 31 603
31 65 816
65 31 816
32 40 213
40 32 213
32 45 951
45 32 951
32 78 991
78 32 991
32 44 988
44 32 988
32 77 996
77 32 996
32 46 905
46 32 905
32 76 138
76 32 138
33 63 837
63 33 837
33 68 434
68 33 434
33 75 902
75 33 902
33 37 420
37 33 420
33 81 603
81 33 603
33 74 664
74 33 664
33 56 47
56 33 47
33 35 821
35 33 821
33 59 268
59 33 268
33 55 100
55 33 100
34 35 433
35 34 433
34 59 499
59 34 499
34 51 732
51 34 732
34 82 139
82 34 139
34 52 620
52 34 620
34 70 892
70 34 892
34 49 524
49 34 524
34 50 205
50 34 205
35 38 70
38 35 70
35 50 608
50 35 608
35 57 536
57 35 536
35 75 78
75 35 78
35 45 206
45 35 206
35 69 322
69 35 322
35 58 38
58 35 38
35 73 54
73 35 54
35 75 118
75 35 118
35 43 379
43 35 379
35 68 464
68 35 464
35 55 19
55 35 19
35 73 874
73 35 874
35 54 908
54 35 908
35 66 77
66 35 77
36 41 914
41 36 914
36 42 79
42 36 79
36 69 183
69 36 183
36 43 62
43 36 62
36 54 964
54 36 964
36 73 972
73 36 972
36 43 463
43 36 463
36 70 365
70 36 365
36 54 435
54 36 435
36 41 610
41 36 610
36 61 254
61 36 254
36 40 492
40 36 492
37 40 194
40 37 194
37 64 146
64 37 146
37 77 136
77 37 136
37 55 943
55 37 943
37 74 405
74 37 405
38 38 871
38 38 871
38 68 375
68 38 375
38 82 73
82 38 73
38 43 164
43 38 164
38 61 927
61 38 927
38 69 429
69 38 429
38 61 908
61 38 908
38 39 21
39 38 21
38 72 898
72 38 898
39 65 971
65 39 971
39 53 792
53 39 792
39 63 524
63 39 524
39 61 743
61 39 743
39 40 480
40 39 480
39 43 685
43 39 685
39 72 28
72 39 28
39 68 687
68 39 687
40 52 277
52 40 277
40 50 247
50 40 247
40 62 521
62 40 521
40 53 873
53 40 873
40 49 53
49 40 53
40 57 633
57 40 633
40 65 996
65 40 996
40 61 374
61 40 374
40 55 569
55 40 569
41 49 183
49 41 183
41 56 535
56 41 535
41 82 176
82 41 176
41 77 980
77 41 980
41 79 92
79 41 92
41 71 614
71 41 614
41 75 808
75 41 808
41 56 482
56 41 482
42 49 820
49 42 820
42 70 889
70 42 889
42 71 812
71 42 812
42 43 832
43 42 832
42 46 105
46 42 105
42 77 233
77 42 233
42 59 632
59 42 632
42 75 960
75 42 960
42 64 819
64 42 819
43 57 49
57 43 49
43 65 325
65 43 325
43 43 12
43 43 12
43 44 114
44 43 114
43 75 19
75 43 19
43 74 483
74 43 483
43 77 314
77 43 314
43 70 489
70 43 489
43 54 5
54 43 5
43 72 146
72 43 146
44 82 808
82 44 808
44 52 236
52 44 236
44 80 430
80 44 430
44 65 245
65 44 245
44 62 905
62 44 905
44 51 434
51 44 434
44 74 497
74 44 497
44 69 527
69 44 527
44 77 639
77 44 639
44 49 803
49 44 803
44 61 873
61 44 873
44 46 486
46 44 486
44 74 890
74 44 890
45 68 782
68 45 782
45 55 760
55 45 760
45 65 992
65 45 992
45 81 797
81 45 797
45 62 698
62 45 698
45 75 503
75 45 503
46 70 213
70 46 213
46 68 275
68 46 275
46 47 790
47 46 790
46 62 868
62 46 868
46 58 128
58 46 128
46 57 121
57 46 121
47 55 443
55 47 443
47 68 161
68 47 161
47 60 98
60 47 98
47 81 720
81 47 720
47 57 281
57 47 281
47 57 515
57 47 515
47 57 648
57 47 648
47 56 121
56 47 121
48 71 162
71 48 162
48 63 164
63 48 164
49 61 334
61 49 334
49 60 62
60 49 62
49 81 48
81 49 48
49 80 790
80 49 790
49 73 100
73 49 100
49 70 348
70 49 348
49 74 297
74 49 297
49 59 127
59 49 127
49 72 118
72 49 118
49 63 795
63 49 795
50 57 760
57 50 760
50 54 55
54 50 55
50 66 572
66 50 572
50 52 189
52 50 189
50 57 102
57 50 102
51 61 976
61 51 976
51 81 6
81 51 6
51 73 842
73 51 842
51 60 466
60 51 466
52 62 383
62 52 383
52 72 541
72 52 541
52 70 616
70 52 616
52 55 346
55 52 346
52 77 32
77 52 32
52 67 511
67 52 511
53 79 125
79 53 125
53 68 648
68 53 648
53 55 148
55 53 148
54 64 817
64 54 817
54 71 394
71 54 394
54 59 789
59 54 789
55 79 528
79 55 528
55 63 174
63 55 174
55 75 875
75 55 875
55 60 310
60 55 310
56 72 182
72 56 182
56 64 79
64 56 79
56 81 740
81 56 740
57 67 856
67 57 856
58 80 856
80 58 856
58 81 835
81 58 835
58 80 134
80 58 134
58 80 465
80 58 465
58 73 212
73 58 212
58 67 815
67 58 815
58 63 145
63 58 145
59 60 33
60 59 33
59 61 767
61 59 767
59 64 786
64 59 786
59 64 672
64 59 672
59 72 830
72 59 830
59 65 427
65 59 427
59 68 22
68 59 22
59 71 448
71 59 448
59 72 3
72 59 3
59 70 973
70 59 973
60 62 123
62 60 123
60 61 767
61 60 767
60 61 33
61 60 33
60 74 222
74 60 222
60 77 1000
77 60 1000
60 71 228
71 60 228
61 71 202
71 61 202
61 62 807
62 61 807
61 71 675
71 61 675
62 66 673
66 62 673
62 82 719
82 62 719
62 71 161
71 62 161
62 64 61
64 62 61
62 81 260
81 62 260
62 76 906
76 62 906
62 70 83
70 62 83
62 67 615
67 62 615
63 65 63
65 63 63
63 79 933
79 63 933
63 72 937
72 63 937
63 69 341
69 63 341
64 68 940
68 64 940
64 76 370
76 64 370
64 66 469
66 64 469
65 68 905
68 65 905
66 81 541
81 66 541
66 69 514
69 66 514
66 71 862
71 66 862
66 76 707
76 66 707
66 77 880
77 66 880
66 70 225
70 66 225
66 73 948
73 66 948
66 78 907
78 66 907
66 78 598
78 66 598
67 75 842
75 67 842
67 76 807
76 67 807
68 69 259
69 68 259
68 77 777
77 68 777
69 80 458
80 69 458
69 76 193
76 69 193
69 77 766
77 69 766
69 80 832
80 69 832
70 82 876
82 70 876
70 82 224
82 70 224
70 75 30
75 70 30
70 78 358
78 70 358
70 80 545
80 70 545
70 71 65
71 70 65
70 74 422
74 70 422
71 78 570
78 71 570
73 78 526
78 73 526
73 81 909
81 73 909
73 75 345
75 73 345
74 79 392
79 74 392
75 78 334
78 75 334
75 79 623
79 75 623
78 79 250
79 78 250
