68

0 1 307
1 0 307
0 8 769
8 0 769
0 42 954
42 0 954
0 56 11
56 0 11
0 9 699
9 0 699
0 43 956
43 0 956
0 11 224
11 0 224
0 64 870
64 0 870
0 55 14
55 0 14
0 59 504
59 0 504
0 11 900
11 0 900
0 62 524
62 0 524
0 29 381
29 0 381
0 65 998
65 0 998
0 26 194
26 0 194
0 26 836
26 0 836
0 53 311
53 0 311
0 39 428
39 0 428
0 10 199
10 0 199
0 51 16
51 0 16
1 2 770
2 1 770
1 5 251
5 1 251
1 29 788
29 1 788
1 43 59
43 1 59
1 57 967
57 1 967
1 28 802
28 1 802
1 34 503
34 1 503
1 64 977
64 1 977
1 21 73
21 1 73
1 50 808
50 1 808
1 50 577
50 1 577
1 18 546
18 1 546
1 7 602
7 1 602
1 50 423
50 1 423
1 33 4
33 1 4
1 25 869
25 1 869
1 58 30
58 1 30
1 36 763
36 1 763
1 50 851
50 1 851
2 3 85
3 2 85
2 7 625
7 2 625
2 22 245
22 2 245
2 55 75
55 2 75
2 38 373
38 2 373
2 37 161
37 2 161
2 46 961
46 2 961
2 26 898
26 2 898
2 17 825
17 2 825
2 37 157
37 2 157
2 28 532
28 2 532
2 20 630
20 2 630
2 65 525
65 2 525
2 20 655
20 2 655
2 21 821
21 2 821
2 25 354
25 2 354
2 62 23
62 2 23
2 40 831
40 2 831
2 22 914
22 2 914
3 4 71
4 3 71
3 6 481
6 3 481
3 14 724
14 3 724
3 19 836
19 3 836
3 30 654
30 3 654
3 53 229
53 3 229
3 67 375
67 3 375
3 23 80
23 3 80
3 39 695
39 3 695
3 34 66
34 3 66
3 64 927
64 3 927
3 39 492
39 3 492
4 9 392
9 4 392
4 10 232
10 4 232
4 17 129
17 4 129
4 20 543
20 4 543
4 37 719
37 4 719
4 10 985
10 4 985
4 9 240
9 4 240
4 16 580
16 4 580
4 24 296
24 4 296
4 56 577
56 4 577
4 11 538
11 4 538
4 54 1
54 4 1
4 44 287
44 4 287
4 9 349
9 4 349
4 34 979
34 4 979
4 40 307
40 4 307
4 27 503
27 4 503
5 23 378
23 5 378
5 44 914
44 5 914
5 37 12
37 5 12
5 40 235
40 5 235
5 25 687
25 5 687
5 13 438
13 5 438
5 23 694
23 5 694
5 33 659
33 5 659
5 48 849
48 5 849
5 43 865
43 5 865
6 39 828
39 6 828
6 43 869
43 6 869
6 36 598
36 6 598
6 36 453
36 6 453
6 59 453
59 6 453
6 10 632
10 6 632
6 22 92
22 6 92
6 10 414
10 6 414
6 59 106
59 6 106
6 18 501
18 6 501
6 14 367
14 6 367
6 51 635
51 6 635
7 37 662
37 7 662
7 35 735
35 7 735
7 52 70
52 7 70
7 16 517
16 7 517
7 13 264
13 7 264
7 64 814
64 7 814
7 34 616
34 7 616
7 24 257
24 7 257
7 33 596
33 7 596
7 45 893
45 7 893
7 18 534
18 7 534
7 57 277
57 7 277
7 15 927
15 7 927
7 60 576
60 7 576
7 66 866
66 7 866
7 35 566
35 7 566
7 33 380
33 7 380
8 18 234
18 8 234
8 21 959
21 8 959
8 25 983
25 8 983
8 51 108
51 8 108
8 52 479
52 8 479
8 17 109
17 8 109
8 56 366
56 8 366
8 49 632
49 8 632
8 16 142
16 8 142
8 45 31
45 8 31
8 31 995
31 8 995
8 12 364
12 8 364
8 37 825
37 8 825
9 12 382
12 9 382
9 62 465
62 9 465
9 10 993
10 9 993
9 10 743
10 9 743
9 17 296
17 9 296
9 26 687
26 9 687
9 58 759
58 9 759
9 33 890
33 9 890
9 57 92
57 9 92
9 40 705
40 9 705
9 35 593
35 9 593
9 26 751
26 9 751
9 62 741
62 9 741
9 22 268
22 9 268
9 53 246
53 9 246
9 34 292
34 9 292
9 54 860
54 9 860
10 11 324
11 10 324
10 13 430
13 10 430
10 37 721
37 10 721
10 50 250
50 10 250
10 66 622
66 10 622
10 47 456
47 10 456
10 55 695
55 10 695
10 52 72
52 10 72
10 48 133
48 10 133
10 51 290
51 10 290
10 46 894
46 10 894
10 43 783
43 10 783
10 58 695
58 10 695
10 34 500
34 10 500
10 26 1000
26 10 1000
10 65 83
65 10 83
11 58 377
58 11 377
11 11 637
11 11 637
11 42 168
42 11 168
11 41 503
41 11 503
11 45 160
45 11 160
11 15 524
15 11 524
11 17 100
17 11 100
11 52 798
52 11 798
11 55 616
55 11 616
12 15 824
15 12 824
12 35 680
35 12 680
12 53 224
53 12 224
12 31 918
31 12 918
12 59 399
59 12 399
12 26 759
26 12 759
12 67 319
67 12 319
12 51 392
51 12 392
12 34 142
34 12 142
12 42 960
42 12 960
12 50 878
50 12 878
12 63 261
63 12 261
12 52 484
52 12 484
12 44 474
44 12 474
12 48 504
48 12 504
12 44 551
44 12 551
13 16 492
16 13 492
13 28 95
28 13 95
13 34 497
34 13 497
13 41 969
41 13 969
13 47 249
47 13 249
13 48 589
48 13 589
13 64 493
64 13 493
13 32 257
32 13 257
13 34 839
34 13 839
13 48 69
48 13 69
13 35 761
35 13 761
13 41 595
41 13 595
13 30 40
30 13 40
13 67 821
67 13 821
13 15 190
15 13 190
13 54 260
54 13 260
13 61 420
61 13 420
14 26 160
26 14 160
14 31 294
31 14 294
14 65 42
65 14 42
14 53 156
53 14 156
14 45 261
45 14 261
14 14 514
14 14 514
14 24 666
24 14 666
14 34 633
34 14 633
14 17 177
17 14 177
14 20 121
20 14 121
14 39 786
39 14 786
15 50 230
50 15 230
15 67 53
67 15 53
15 60 368
60 15 368
15 67 560
67 15 560
15 40 570
40 15 570
15 61 794
61 15 794
15 34 346
34 15 346
15 43 94
43 15 94
15 63 101
63 15 101
16 40 158
40 16 158
16 66 800
66 16 800
16 64 496
64 16 496
16 52 650
52 16 650
16 21 866
21 16 866
16 40 907
40 16 907
16 34 979
34 16 979
16 57 113
57 16 113
16 50 339
50 16 339
16 54 826
54 16 826
16 47 535
47 16 535
16 64 537
64 16 537
17 22 849
22 17 849
17 54 61
54 17 61
17 60 503
60 17 503
17 60 492
60 17 492
17 38 646
38 17 646
17 20 424
20 17 424
17 27 237
27 17 237
17 66 266
66 17 266
17 17 250
17 17 250
18 67 95
67 18 95
18 30 727
30 18 727
18 52 546
52 18 546
18 64 499
64 18 499
18 53 885
53 18 885
18 57 745
57 18 745
18 50 967
50 18 967
18 37 794
37 18 794
19 27 391
27 19 391
19 39 553
39 19 553
19 49 543
49 19 543
19 32 110
32 19 110
19 23 260
23 19 260
19 43 713
43 19 713
19 28 654
28 19 654
19 47 565
47 19 565
19 25 31
25 19 31
19 28 12
28 19 12
20 24 278
24 20 278
20 46 720
46 20 720
20 35 539
35 20 539
20 32 433
32 20 433
20 41 25
41 20 25
20 33 196
33 20 196
21 33 557
33 21 557
21 32 394
32 21 394
21 35 41
35 21 41
21 47 131
47 21 131
21 35 871
35 21 871
21 35 337
35 21 337
21 63 247
63 21 247
21 55 573
55 21 573
21 23 713
23 21 713
21 30 73
30 21 73
22 59 31
59 22 31
22 34 787
34 22 787
22 67 487
67 22 487
22 59 828
59 22 828
22 65 243
65 22 243
22 62 33
62 22 33
22 33 142
33 22 142
22 35 431
35 22 431
22 62 923
62 22 923
22 67 348
67 22 348
22 29 825
29 22 825
22 58 477
58 22 477
22 22 550
22 22 550
22 25 571
25 22 571
22 49 813
49 22 813
23 36 751
36 23 751
23 54 476
54 23 476
23 66 282
66 23 282
23 57 843
57 23 843
23 55 252
55 23 252
23 67 623
67 23 623
23 49 936
49 23 936
23 25 60
25 23 60
23 48 956
48 23 956
23 44 547
44 23 547
23 51 92
51 23 92
24 50 111
50 24 111
24 34 733
34 24 733
24 42 309
42 24 309
24 43 300
43 24 300
24 45 880
45 24 880
24 37 441
37 24 441
24 59 774
59 24 774
25 54 67
54 25 67
25 64 817
64 25 817
25 54 219
54 25 219
25 40 385
40 25 385
25 56 136
56 25 136
25 52 749
52 25 749
25 33 280
33 25 280
25 63 282
63 25 282
25 65 32
65 25 32
25 25 56
25 25 56
25 28 911
28 25 911
26 55 397
55 26 397
26 39 944
39 26 944
26 59 515
59 26 515
26 61 497
61 26 497
26 56 939
56 26 939
27 32 888
32 27 888
27 55 999
55 27 999
27 42 161
42 27 161
27 54 313
54 27 313
27 41 898
41 27 898
27 55 975
55 27 975
27 54 100
54 27 100
27 28 318
28 27 318
28 42 31
42 28 31
28 55 252
55 28 252
28 63 576
63 28 576
28 50 381
50 28 381
28 65 329
65 28 329
28 62 799
62 28 799
29 44 816
44 29 816
29 50 960
50 29 960
29 53 671
53 29 671
29 35 255
35 29 255
29 64 14
64 29 14
29 56 741
56 29 741
29 36 53
36 29 53
29 62 314
62 29 314
29 31 634
31 29 634
29 47 536
47 29 536
30 58 869
58 30 869
30 35 317
35 30 317
30 59 699
59 30 699
30 34 416
34 30 416
30 59 10
59 30 10
30 48 773
48 30 773
30 62 823
62 30 823
30 47 485
47 30 485
30 35 581
35 30 581
30 38 504
38 30 504
30 31 866
31 30 866
30 66 636
66 30 636
31 60 190
60 31 190
31 48 98
48 31 98
31 61 488
61 31 488
31 58 609
58 31 609
31 38 733
38 31 733
31 59 972
59 31 972
32 38 945
38 32 945
32 43 273
43 32 273
32 48 604
48 32 604
32 60 960
60 32 960
32 46 785
46 32 785
32 55 495
55 32 495
32 38 700
38 32 700
33 40 829
40 33 829
33 48 559
48 33 559
33 65 130
65 33 130
33 48 833
48 33 833
34 45 872
45 34 872
34 43 645
43 34 645
34 60 578
60 34 578
34 56 218
56 34 218
34 41 142
41 34 142
34 63 715
63 34 715
34 47 916
47 34 916
34 47 282
47 34 282
34 54 137
54 34 137
35 52 767
52 35 767
35 56 734
56 35 734
35 41 39
41 35 39
35 55 78
55 35 78
35 66 317
66 35 317
35 57 377
57 35 377
35 58 196
58 35 196
35 42 84
42 35 84
36 49 880
49 36 880
36 56 605
56 36 605
36 61 330
61 36 330
36 54 623
54 36 623
36 37 168
37 36 168
36 64 478
64 36 478
36 65 806
65 36 806
36 42 551
42 36 551
36 66 648
66 36 648
37 56 434
56 37 434
37 61 248
61 37 248
37 45 734
45 37 734
37 42 37
42 37 37
37 59 875
59 37 875
37 57 260
57 37 260
37 51 134
51 37 134
37 48 471
48 37 471
37 67 429
67 37 429
38 67 672
67 38 672
38 54 156
54 38 156
38 42 579
42 38 579
38 58 315
58 38 315
38 40 455
40 38 455
38 63 649
63 38 649
38 44 213
44 38 213
38 44 654
44 38 654
38 47 525
47 38 525
39 50 574
50 39 574
39 60 810
60 39 810
39 41 888
41 39 888
39 47 152
47 39 152
39 60 868
60 39 868
40 43 248
43 40 248
40 40 87
40 40 87
40 63 846
63 40 846
40 43 220
43 40 220
40 64 909
64 40 909
40 63 951
63 40 951
40 61 52
61 40 52
40 43 724
43 40 724
40 64 693
64 40 693
41 42 904
42 41 904
41 56 103
56 41 103
41 59 91
59 41 91
41 55 163
55 41 163
41 53 451
53 41 451
41 57 741
57 41 741
41 46 981
46 41 981
42 45 489
45 42 489
42 65 591
65 42 591
42 51 55
51 42 55
42 62 104
62 42 104
42 58 483
58 42 483
43 61 354
61 43 354
43 55 269
55 43 269
43 47 673
47 43 673
43 63 595
63 43 595
43 64 296
64 43 296
43 59 223
59 43 223
43 57 93
57 43 93
43 53 420
53 43 420
43 59 32
59 43 32
44 53 222
53 44 222
44 44 227
44 44 227
44 58 616
58 44 616
44 49 941
49 44 941
44 57 486
57 44 486
44 47 201
47 44 201
44 45 313
45 44 313
45 52 725
52 45 725
45 56 903
56 45 903
45 62 759
62 45 759
45 61 451
61 45 451
45 67 81
67 45 81
45 60 263
60 45 263
46 55 473
55 46 473
46 53 520
53 46 520
46 60 917
60 46 917
47 65 933
65 47 933
47 52 668
52 47 668
47 50 492
50 47 492
47 59 95
59 47 95
47 49 855
49 47 855
47 51 943
51 47 943
47 53 698
53 47 698
47 49 278
49 47 278
48 62 62
62 48 62
48 52 896
52 48 896
48 51 169
51 48 169
49 51 662
51 49 662
49 50 92
50 49 92
50 63 739
63 50 739
50 54 701
54 50 701
50 52 4
52 50 4
51 57 600
57 51 600
51 64 625
64 51 625
51 62 689
62 51 689
51 56 265
56 51 265
52 60 724
60 52 724
52 59 107
59 52 107
52 54 45
54 52 45
52 53 351
53 52 351
53 57 728
57 53 728
53 61 854
61 53 854
53 64 687
64 53 687
54 58 565
58 54 565
54 60 363
60 54 363
55 60 534
60 55 534
55 56 107
56 55 107
56 58 753
58 56 753
56 58 618
58 56 618
56 57 699
57 56 699
57 65 102
65 57 102
57 65 224
65 57 224
58 59 188
59 58 188
58 60 862
60 58 862
58 65 241
65 58 241
59 63 280
63 59 280
59 66 372
66 59 372
60 65 965
65 60 965
60 64 861
64 60 861
60 62 63
62 60 63
60 66 434
66 60 434
61 63 309
63 61 309
61 67 362
67 61 362
62 62 860
62 62 860
62 67 345
67 62 345
64 65 247
65 64 247
64 65 169
65 64 169
