12

0 1 542
1 0 542
0 2 144
2 0 144
0 7 610
7 0 610
0 1 444
1 0 444
0 4 820
4 0 820
0 3 181
3 0 181
0 8 897
8 0 897
0 4 233
4 0 233
1 7 925
7 1 925
1 8 447
8 1 447
1 1 282
1 1 282
2 3 963
3 2 963
2 4 266
4 2 266
2 5 365
5 2 365
2 6 87
6 2 87
2 7 702
7 2 702
2 7 925
7 2 925
2 9 444
9 2 444
2 3 576
3 2 576
2 9 70
9 2 70
3 9 810
9 3 810
3 10 545
10 3 545
3 10 154
10 3 154
3 4 832
4 3 832
3 9 564
9 3 564
3 7 327
7 3 327
3 3 250
3 3 250
4 8 373
8 4 373
4 6 894
6 4 894
4 11 363
11 4 363
4 9 393
9 4 393
4 5 698
5 4 698
4 11 602
11 4 602
5 8 235
8 5 235
6 10 96
10 6 96
7 10 951
10 7 951
7 8 667
8 7 667
7 8 284
8 7 284
8 8 549
8 8 549
10 11 487
11 10 487
