36

0 1 801
1 0 801
0 2 622
2 0 622
0 3 553
3 0 553
0 5 649
5 0 649
0 10 883
10 0 883
0 34 276
34 0 276
0 18 119
18 0 119
0 10 834
10 0 834
0 2 813
2 0 813
0 15 696
15 0 696
0 16 757
16 0 757
0 10 599
10 0 599
0 0 196
0 0 196
0 29 863
29 0 863
0 21 959
21 0 959
0 28 247
28 0 247
0 8 104
8 0 104
0 22 952
22 0 952
1 6 731
6 1 731
1 33 152
33 1 152
1 16 935
16 1 935
1 27 917
27 1 917
1 28 843
28 1 843
1 5 531
5 1 531
1 13 262
13 1 262
1 33 315
33 1 315
1 4 7
4 1 7
1 34 649
34 1 649
1 16 72
16 1 72
1 13 134
13 1 134
1 30 535
30 1 535
1 17 838
17 1 838
1 31 168
31 1 168
1 13 413
13 1 413
2 4 520
4 2 520
2 34 753
34 2 753
2 21 56
21 2 56
2 35 617
35 2 617
2 17 619
17 2 619
2 28 568
28 2 568
2 8 776
8 2 776
2 8 123
8 2 123
2 16 544
16 2 544
2 32 608
32 2 608
2 19 979
19 2 979
2 11 363
11 2 363
3 16 974
16 3 974
3 26 820
26 3 820
3 27 61
27 3 61
3 24 227
24 3 227
3 34 380
34 3 380
3 5 470
5 3 470
3 35 97
35 3 97
3 4 212
4 3 212
3 5 483
5 3 483
3 21 496
21 3 496
3 33 283
33 3 283
3 18 691
18 3 691
3 21 125
21 3 125
3 28 506
28 3 506
3 29 46
29 3 46
3 6 269
6 3 269
4 7 546
7 4 546
4 8 201
8 4 201
4 8 249
8 4 249
4 20 75
20 4 75
4 21 657
21 4 657
4 27 461
27 4 461
4 20 943
20 4 943
4 6 885
6 4 885
4 5 392
5 4 392
4 24 532
24 4 532
4 18 902
18 4 902
4 4 682
4 4 682
4 13 758
13 4 758
4 27 23
27 4 23
5 19 114
19 5 114
5 11 928
11 5 928
5 6 787
6 5 787
5 34 498
34 5 498
5 9 611
9 5 611
5 23 983
23 5 983
5 35 401
35 5 401
5 13 937
13 5 937
5 20 793
20 5 793
5 29 252
29 5 252
5 17 843
17 5 843
5 27 633
27 5 633
6 23 682
23 6 682
6 27 42
27 6 42
6 13 488
13 6 488
6 10 223
10 6 223
6 14 48
14 6 48
6 28 951
28 6 951
6 33 114
33 6 114
6 15 118
15 6 118
6 14 961
14 6 961
6 34 917
34 6 917
6 10 889
10 6 889
6 13 899
13 6 899
6 24 714
24 6 714
6 16 119
16 6 119
7 20 540
20 7 540
7 21 517
21 7 517
7 26 241
26 7 241
7 19 200
19 7 200
7 14 253
14 7 253
7 27 130
27 7 130
7 18 657
18 7 657
7 18 912
18 7 912
7 24 300
24 7 300
7 33 948
33 7 948
7 9 282
9 7 282
7 10 913
10 7 913
7 14 504
14 7 504
7 14 499
14 7 499
7 14 905
14 7 905
7 16 993
16 7 993
7 19 833
19 7 833
7 28 490
28 7 490
7 10 105
10 7 105
7 11 167
11 7 167
8 9 155
9 8 155
8 24 474
24 8 474
8 21 192
21 8 192
8 10 539
10 8 539
8 21 824
21 8 824
8 33 304
33 8 304
8 24 171
24 8 171
8 16 783
16 8 783
8 11 889
11 8 889
8 15 999
15 8 999
8 25 706
25 8 706
9 11 691
11 9 691
9 14 721
14 9 721
9 11 455
11 9 455
9 10 764
10 9 764
9 23 49
23 9 49
9 23 129
23 9 129
9 16 728
16 9 728
9 31 765
31 9 765
9 20 668
20 9 668
10 12 77
12 10 77
10 26 533
26 10 533
10 20 268
20 10 268
10 21 182
21 10 182
10 34 959
34 10 959
10 16 463
16 10 463
10 33 278
33 10 278
10 31 997
31 10 997
10 27 106
27 10 106
11 13 664
13 11 664
11 28 693
28 11 693
11 35 788
35 11 788
11 28 164
28 11 164
11 29 481
29 11 481
11 21 465
21 11 465
11 30 968
30 11 968
11 14 724
14 11 724
11 22 349
22 11 349
11 28 819
28 11 819
11 21 313
21 11 313
11 31 457
31 11 457
12 17 861
17 12 861
12 24 495
24 12 495
12 23 643
23 12 643
12 19 614
19 12 614
12 15 726
15 12 726
12 29 824
29 12 824
12 35 633
35 12 633
13 18 878
18 13 878
13 30 294
30 13 294
13 35 911
35 13 911
13 30 226
30 13 226
13 15 329
15 13 329
13 33 598
33 13 598
14 15 295
15 14 295
14 32 71
32 14 71
14 22 420
22 14 420
14 16 484
16 14 484
14 33 455
33 14 455
14 20 474
20 14 474
14 31 344
31 14 344
14 16 392
16 14 392
14 33 99
33 14 99
14 23 286
23 14 286
14 28 69
28 14 69
14 17 518
17 14 518
14 32 356
32 14 356
14 33 825
33 14 825
15 28 445
28 15 445
15 28 432
28 15 432
15 33 16
33 15 16
15 32 974
32 15 974
15 34 664
34 15 664
15 17 5
17 15 5
15 35 801
35 15 801
15 18 999
18 15 999
15 35 886
35 15 886
15 29 143
29 15 143
16 22 46
22 16 46
16 25 222
25 16 222
16 20 340
20 16 340
16 28 761
28 16 761
16 27 394
27 16 394
16 32 105
32 16 105
16 30 824
30 16 824
16 29 412
29 16 412
16 23 913
23 16 913
16 33 116
33 16 116
17 30 364
30 17 364
17 22 7
22 17 7
17 30 719
30 17 719
17 21 524
21 17 524
17 21 306
21 17 306
17 24 428
24 17 428
17 19 208
19 17 208
17 26 295
26 17 295
17 26 233
26 17 233
17 28 684
28 17 684
18 29 755
29 18 755
18 22 842
22 18 842
18 33 45
33 18 45
18 31 879
31 18 879
18 24 382
24 18 382
19 21 546
21 19 546
19 33 890
33 19 890
19 34 527
34 19 527
20 21 674
21 20 674
20 30 954
30 20 954
20 34 289
34 20 289
21 34 533
34 21 533
21 21 946
21 21 946
22 27 433
27 22 433
22 26 92
26 22 92
22 32 634
32 22 634
22 33 964
33 22 964
22 30 690
30 22 690
22 26 168
26 22 168
22 22 949
22 22 949
23 31 902
31 23 902
23 33 20
33 23 20
23 25 246
25 23 246
23 32 523
32 23 523
24 34 162
34 24 162
24 28 649
28 24 649
24 33 247
33 24 247
24 25 483
25 24 483
24 35 572
35 24 572
24 27 988
27 24 988
25 31 921
31 25 921
25 34 484
34 25 484
25 26 755
26 25 755
25 26 581
26 25 581
25 27 385
27 25 385
25 27 923
27 25 923
26 35 183
35 26 183
26 30 304
30 26 304
26 31 216
31 26 216
26 32 361
32 26 361
26 31 644
31 26 644
27 29 802
29 27 802
28 29 538
29 28 538
28 29 732
29 28 732
28 31 366
31 28 366
29 32 741
32 29 741
30 33 455
33 30 455
30 34 184
34 30 184
30 32 752
32 30 752
30 33 133
33 30 133
31 33 471
33 31 471
31 32 526
32 31 526
32 34 869
34 32 869
32 35 563
35 32 563
33 34 131
34 33 131
