53

0 1 761
1 0 761
0 2 767
2 0 767
0 7 892
7 0 892
0 8 207
8 0 207
0 52 607
52 0 607
0 39 549
39 0 549
0 3 379
3 0 379
0 7 454
7 0 454
0 48 526
48 0 526
0 9 309
9 0 309
0 3 420
3 0 420
0 51 893
51 0 893
0 31 933
31 0 933
0 17 340
17 0 340
0 6 923
6 0 923
0 45 334
45 0 334
0 9 939
9 0 939
0 15 744
15 0 744
0 36 429
36 0 429
0 33 116
33 0 116
0 20 290
20 0 290
0 38 194
38 0 194
0 11 766
11 0 766
0 24 222
24 0 222
0 33 567
33 0 567
0 19 602
19 0 602
0 5 422
5 0 422
0 35 938
35 0 938
0 42 821
42 0 821
0 13 635
13 0 635
1 3 471
3 1 471
1 9 480
9 1 480
1 14 715
14 1 715
1 38 53
38 1 53
1 3 575
3 1 575
1 48 398
48 1 398
1 31 249
31 1 249
1 5 149
5 1 149
1 39 198
39 1 198
1 4 177
4 1 177
1 51 100
51 1 100
1 15 104
15 1 104
1 34 912
34 1 912
1 33 71
33 1 71
1 50 532
50 1 532
1 30 590
30 1 590
1 42 602
42 1 602
1 20 182
20 1 182
1 6 993
6 1 993
1 41 549
41 1 549
1 47 104
47 1 104
1 33 437
33 1 437
1 23 784
23 1 784
2 5 108
5 2 108
2 6 657
6 2 657
2 13 745
13 2 745
2 29 609
29 2 609
2 15 544
15 2 544
2 14 211
14 2 211
2 47 790
47 2 790
2 40 158
40 2 158
2 14 333
14 2 333
2 37 954
37 2 954
2 12 676
12 2 676
2 43 437
43 2 437
2 36 398
36 2 398
2 38 771
38 2 771
2 20 810
20 2 810
2 40 624
40 2 624
2 12 501
12 2 501
2 45 997
45 2 997
2 8 754
8 2 754
2 48 295
48 2 295
2 52 630
52 2 630
2 32 797
32 2 797
2 15 408
15 2 408
2 25 58
25 2 58
2 46 945
46 2 945
2 28 120
28 2 120
2 4 185
4 2 185
3 4 461
4 3 461
3 16 423
16 3 423
3 23 823
23 3 823
3 28 111
28 3 111
3 12 876
12 3 876
3 19 542
19 3 542
3 19 742
19 3 742
3 9 330
9 3 330
3 29 391
29 3 391
3 49 131
49 3 131
3 19 426
19 3 426
3 29 852
29 3 852
3 14 541
14 3 541
3 18 753
18 3 753
3 10 171
10 3 171
3 17 704
17 3 704
3 41 816
41 3 816
3 16 418
16 3 418
3 16 30
16 3 30
3 52 446
52 3 446
3 13 831
13 3 831
3 28 851
28 3 851
3 24 582
24 3 582
3 15 863
15 3 863
3 31 643
31 3 643
4 39 195
39 4 195
4 43 975
43 4 975
4 18 710
18 4 710
4 43 568
43 4 568
4 12 581
12 4 581
4 28 390
28 4 390
4 38 476
38 4 476
4 8 802
8 4 802
4 22 398
22 4 398
4 31 517
31 4 517
4 38 443
38 4 443
4 8 657
8 4 657
4 49 573
49 4 573
4 17 401
17 4 401
4 5 457
5 4 457
4 32 892
32 4 892
4 39 826
39 4 826
4 49 597
49 4 597
4 47 653
47 4 653
4 15 700
15 4 700
4 26 393
26 4 393
4 32 531
32 4 531
4 43 747
43 4 747
4 17 742
17 4 742
4 14 31
14 4 31
5 19 195
19 5 195
5 48 798
48 5 798
5 48 102
48 5 102
5 30 696
30 5 696
5 24 509
24 5 509
5 18 897
18 5 897
5 42 416
42 5 416
5 51 82
51 5 82
5 45 616
45 5 616
5 48 984
48 5 984
5 43 897
43 5 897
5 36 746
36 5 746
5 25 454
25 5 454
5 24 960
24 5 960
5 29 346
29 5 346
5 18 313
18 5 313
5 33 815
33 5 815
5 31 996
31 5 996
5 33 570
33 5 570
5 18 712
18 5 712
5 48 937
48 5 937
5 28 495
28 5 495
5 33 203
33 5 203
5 11 290
11 5 290
6 17 507
17 6 507
6 45 558
45 6 558
6 20 768
20 6 768
6 15 792
15 6 792
6 14 862
14 6 862
6 31 482
31 6 482
6 15 101
15 6 101
6 35 285
35 6 285
6 47 29
47 6 29
6 42 876
42 6 876
6 11 705
11 6 705
6 52 893
52 6 893
6 33 746
33 6 746
6 33 512
33 6 512
6 24 867
24 6 867
7 10 816
10 7 816
7 12 226
12 7 226
7 18 227
18 7 227
7 30 42
30 7 42
7 43 453
43 7 453
7 32 838
32 7 838
7 52 944
52 7 944
7 17 222
17 7 222
7 47 303
47 7 303
7 27 902
27 7 902
7 17 459
17 7 459
7 9 125
9 7 125
7 41 431
41 7 431
7 33 225
33 7 225
7 31 28
31 7 28
7 25 659
25 7 659
7 29 433
29 7 433
7 17 400
17 7 400
7 27 37
27 7 37
7 35 968
35 7 968
7 13 25
13 7 25
7 33 945
33 7 945
7 23 203
23 7 203
7 24 73
24 7 73
7 29 287
29 7 287
7 38 223
38 7 223
7 15 44
15 7 44
8 20 834
20 8 834
8 22 616
22 8 616
8 29 782
29 8 782
8 9 155
9 8 155
8 33 271
33 8 271
8 49 642
49 8 642
8 22 283
22 8 283
8 52 996
52 8 996
8 27 454
27 8 454
8 15 979
15 8 979
8 36 977
36 8 977
8 43 608
43 8 608
8 28 822
28 8 822
8 38 165
38 8 165
8 50 697
50 8 697
8 23 401
23 8 401
8 28 214
28 8 214
8 28 834
28 8 834
8 10 585
10 8 585
8 24 311
24 8 311
8 22 176
22 8 176
8 20 292
20 8 292
8 26 693
26 8 693
9 15 463
15 9 463
9 17 413
17 9 413
9 50 91
50 9 91
9 48 634
48 9 634
9 33 200
33 9 200
9 52 62
52 9 62
9 42 971
42 9 971
9 47 575
47 9 575
9 41 127
41 9 127
9 10 406
10 9 406
9 14 563
14 9 563
9 47 576
47 9 576
9 52 927
52 9 927
9 34 690
34 9 690
9 49 767
49 9 767
9 47 484
47 9 484
9 37 564
37 9 564
9 50 296
50 9 296
9 22 345
22 9 345
10 11 723
11 10 723
10 27 517
27 10 517
10 35 41
35 10 41
10 49 274
49 10 274
10 48 681
48 10 681
10 14 647
14 10 647
10 12 507
12 10 507
10 29 930
29 10 930
10 29 22
29 10 22
10 12 822
12 10 822
10 43 663
43 10 663
10 29 538
29 10 538
10 17 86
17 10 86
10 11 864
11 10 864
10 14 911
14 10 911
10 13 56
13 10 56
10 18 802
18 10 802
10 44 400
44 10 400
10 43 180
43 10 180
10 45 542
45 10 542
10 32 813
32 10 813
11 39 590
39 11 590
11 38 740
38 11 740
11 44 779
44 11 779
11 39 342
39 11 342
11 13 289
13 11 289
11 50 119
50 11 119
11 50 279
50 11 279
11 32 137
32 11 137
11 33 906
33 11 906
11 39 732
39 11 732
11 22 500
22 11 500
11 47 643
47 11 643
11 46 194
46 11 194
11 47 992
47 11 992
11 20 883
20 11 883
11 24 520
24 11 520
11 31 482
31 11 482
11 18 437
18 11 437
11 15 583
15 11 583
11 42 206
42 11 206
11 25 255
25 11 255
11 27 120
27 11 120
11 47 731
47 11 731
12 17 689
17 12 689
12 34 55
34 12 55
12 51 808
51 12 808
12 45 726
45 12 726
12 25 950
25 12 950
12 26 868
26 12 868
12 37 510
37 12 510
12 36 574
36 12 574
12 24 427
24 12 427
12 28 162
28 12 162
12 37 877
37 12 877
12 39 850
39 12 850
12 39 192
39 12 192
12 18 765
18 12 765
12 30 566
30 12 566
12 44 621
44 12 621
13 52 742
52 13 742
13 26 377
26 13 377
13 44 745
44 13 745
13 48 662
48 13 662
13 16 394
16 13 394
13 30 844
30 13 844
13 44 532
44 13 532
13 16 145
16 13 145
13 39 981
39 13 981
13 20 154
20 13 154
13 47 370
47 13 370
13 38 765
38 13 765
13 27 362
27 13 362
13 32 606
32 13 606
13 42 856
42 13 856
13 47 738
47 13 738
13 41 441
41 13 441
13 18 660
18 13 660
13 42 310
42 13 310
13 50 230
50 13 230
13 18 213
18 13 213
13 17 986
17 13 986
13 52 504
52 13 504
13 16 10
16 13 10
13 17 282
17 13 282
13 19 953
19 13 953
13 39 500
39 13 500
14 24 917
24 14 917
14 26 634
26 14 634
14 15 305
15 14 305
14 21 157
21 14 157
14 40 94
40 14 94
14 47 759
47 14 759
14 35 382
35 14 382
14 32 849
32 14 849
14 25 823
25 14 823
14 36 811
36 14 811
14 24 288
24 14 288
14 17 659
17 14 659
14 45 681
45 14 681
14 21 528
21 14 528
14 40 149
40 14 149
14 26 505
26 14 505
14 32 322
32 14 322
14 28 82
28 14 82
14 33 756
33 14 756
15 26 375
26 15 375
15 43 874
43 15 874
15 31 801
31 15 801
15 35 734
35 15 734
15 47 367
47 15 367
15 21 738
21 15 738
15 16 512
16 15 512
15 31 645
31 15 645
15 46 39
46 15 39
15 38 818
38 15 818
15 42 580
42 15 580
15 37 820
37 15 820
16 21 424
21 16 424
16 25 145
25 16 145
16 31 139
31 16 139
16 16 951
16 16 951
16 18 728
18 16 728
16 25 309
25 16 309
16 41 683
41 16 683
16 46 501
46 16 501
16 22 409
22 16 409
16 34 763
34 16 763
16 51 137
51 16 137
16 25 170
25 16 170
16 22 813
22 16 813
16 38 414
38 16 414
16 40 517
40 16 517
16 39 62
39 16 62
16 20 732
20 16 732
16 18 916
18 16 916
16 31 321
31 16 321
17 37 659
37 17 659
17 47 579
47 17 579
17 46 229
46 17 229
17 27 498
27 17 498
17 39 706
39 17 706
17 19 143
19 17 143
17 36 64
36 17 64
17 27 844
27 17 844
17 46 868
46 17 868
17 45 353
45 17 353
17 20 604
20 17 604
17 41 607
41 17 607
17 30 132
30 17 132
17 24 729
24 17 729
17 44 614
44 17 614
17 45 163
45 17 163
17 23 564
23 17 564
17 41 700
41 17 700
17 18 85
18 17 85
17 32 51
32 17 51
17 37 511
37 17 511
17 36 234
36 17 234
17 20 866
20 17 866
17 38 338
38 17 338
18 26 895
26 18 895
18 44 439
44 18 439
18 47 695
47 18 695
18 47 833
47 18 833
18 35 835
35 18 835
18 42 320
42 18 320
18 18 140
18 18 140
18 35 557
35 18 557
18 32 738
32 18 738
18 50 145
50 18 145
18 52 639
52 18 639
18 42 545
42 18 545
18 28 857
28 18 857
18 39 806
39 18 806
18 39 355
39 18 355
19 25 978
25 19 978
19 33 386
33 19 386
19 52 103
52 19 103
19 45 891
45 19 891
19 42 820
42 19 820
19 43 207
43 19 207
19 20 899
20 19 899
19 34 121
34 19 121
19 22 569
22 19 569
19 48 835
48 19 835
19 25 612
25 19 612
19 38 806
38 19 806
20 40 250
40 20 250
20 42 74
42 20 74
20 49 466
49 20 466
20 51 886
51 20 886
20 40 301
40 20 301
20 45 515
45 20 515
20 33 296
33 20 296
20 34 542
34 20 542
20 23 829
23 20 829
20 48 708
48 20 708
20 36 961
36 20 961
20 52 361
52 20 361
20 27 835
27 20 835
20 36 643
36 20 643
20 52 457
52 20 457
20 27 927
27 20 927
21 41 631
41 21 631
21 48 359
48 21 359
21 34 755
34 21 755
21 28 810
28 21 810
21 24 4
24 21 4
21 45 339
45 21 339
21 47 832
47 21 832
22 38 194
38 22 194
22 51 189
51 22 189
22 30 546
30 22 546
22 47 138
47 22 138
22 34 504
34 22 504
22 49 951
49 22 951
22 50 555
50 22 555
22 42 936
42 22 936
22 43 715
43 22 715
22 25 875
25 22 875
22 37 990
37 22 990
22 48 706
48 22 706
22 40 638
40 22 638
22 44 9
44 22 9
22 43 258
43 22 258
23 40 568
40 23 568
23 30 343
30 23 343
23 30 878
30 23 878
23 48 853
48 23 853
23 37 357
37 23 357
23 25 3
25 23 3
23 46 699
46 23 699
23 39 112
39 23 112
23 26 656
26 23 656
23 44 986
44 23 986
23 24 462
24 23 462
24 32 542
32 24 542
24 48 345
48 24 345
24 27 929
27 24 929
24 49 646
49 24 646
24 48 438
48 24 438
24 26 310
26 24 310
24 32 645
32 24 645
24 39 731
39 24 731
24 25 293
25 24 293
24 28 459
28 24 459
24 49 997
49 24 997
24 33 538
33 24 538
25 36 498
36 25 498
25 38 188
38 25 188
25 42 705
42 25 705
25 36 84
36 25 84
25 27 28
27 25 28
25 33 302
33 25 302
25 42 914
42 25 914
25 45 529
45 25 529
25 42 709
42 25 709
25 27 493
27 25 493
25 34 841
34 25 841
25 30 960
30 25 960
25 40 251
40 25 251
25 31 106
31 25 106
25 31 571
31 25 571
25 28 406
28 25 406
25 45 5
45 25 5
25 33 552
33 25 552
25 40 706
40 25 706
26 34 353
34 26 353
26 43 394
43 26 394
26 52 136
52 26 136
26 38 196
38 26 196
26 29 322
29 26 322
26 32 7
32 26 7
26 51 246
51 26 246
26 28 402
28 26 402
26 29 202
29 26 202
26 45 877
45 26 877
26 47 893
47 26 893
27 33 227
33 27 227
27 50 898
50 27 898
27 39 530
39 27 530
27 50 659
50 27 659
27 29 840
29 27 840
27 50 137
50 27 137
27 51 786
51 27 786
27 38 349
38 27 349
27 40 755
40 27 755
27 44 767
44 27 767
27 47 288
47 27 288
27 33 125
33 27 125
27 51 793
51 27 793
27 35 254
35 27 254
27 44 150
44 27 150
27 46 123
46 27 123
28 41 740
41 28 740
28 45 909
45 28 909
28 47 550
47 28 550
28 52 802
52 28 802
28 46 143
46 28 143
28 50 560
50 28 560
28 37 871
37 28 871
28 29 509
29 28 509
29 31 113
31 29 113
29 34 702
34 29 702
29 35 39
35 29 39
29 33 221
33 29 221
29 38 423
38 29 423
29 34 696
34 29 696
29 32 180
32 29 180
29 36 221
36 29 221
29 30 738
30 29 738
29 46 426
46 29 426
29 47 633
47 29 633
29 52 871
52 29 871
29 33 211
33 29 211
29 39 44
39 29 44
30 32 539
32 30 539
30 36 552
36 30 552
30 52 922
52 30 922
30 51 163
51 30 163
30 42 852
42 30 852
30 41 736
41 30 736
30 44 267
44 30 267
30 50 982
50 30 982
31 38 80
38 31 80
31 42 841
42 31 841
31 40 624
40 31 624
31 41 236
41 31 236
31 36 585
36 31 585
31 52 987
52 31 987
31 42 370
42 31 370
31 46 75
46 31 75
32 39 423
39 32 423
32 42 864
42 32 864
32 36 449
36 32 449
32 49 214
49 32 214
32 34 380
34 32 380
32 35 226
35 32 226
32 37 388
37 32 388
32 52 385
52 32 385
32 35 784
35 32 784
33 44 735
44 33 735
33 40 273
40 33 273
33 41 336
41 33 336
33 45 794
45 33 794
33 47 104
47 33 104
33 37 158
37 33 158
33 50 729
50 33 729
33 40 71
40 33 71
33 41 164
41 33 164
34 50 380
50 34 380
34 50 829
50 34 829
34 47 169
47 34 169
34 51 763
51 34 763
34 42 544
42 34 544
34 51 781
51 34 781
34 41 748
41 34 748
34 41 473
41 34 473
34 48 643
48 34 643
34 43 985
43 34 985
34 50 546
50 34 546
35 42 998
42 35 998
35 45 727
45 35 727
35 41 745
41 35 745
35 50 116
50 35 116
35 47 396
47 35 396
35 37 956
37 35 956
35 47 10
47 35 10
36 41 794
41 36 794
36 46 471
46 36 471
36 50 695
50 36 695
36 44 488
44 36 488
36 38 721
38 36 721
36 52 759
52 36 759
36 36 504
36 36 504
36 47 289
47 36 289
37 39 235
39 37 235
37 42 568
42 37 568
37 42 937
42 37 937
38 52 345
52 38 345
38 44 505
44 38 505
38 40 928
40 38 928
38 50 535
50 38 535
38 48 198
48 38 198
38 39 385
39 38 385
39 40 295
40 39 295
39 48 224
48 39 224
39 40 322
40 39 322
39 44 743
44 39 743
39 49 186
49 39 186
40 51 741
51 40 741
40 49 161
49 40 161
40 50 652
50 40 652
40 41 127
41 40 127
41 44 802
44 41 802
41 43 661
43 41 661
41 43 976
43 41 976
41 49 835
49 41 835
41 46 572
46 41 572
41 49 118
49 41 118
41 52 603
52 41 603
42 42 114
42 42 114
42 45 653
45 42 653
42 49 796
49 42 796
42 48 888
48 42 888
42 49 108
49 42 108
42 45 995
45 42 995
42 44 680
44 42 680
42 50 57
50 42 57
42 51 476
51 42 476
42 48 575
48 42 575
42 51 113
51 42 113
43 48 862
48 43 862
43 46 176
46 43 176
43 43 610
43 43 610
43 47 643
47 43 643
43 52 712
52 43 712
43 47 132
47 43 132
44 48 146
48 44 146
44 47 489
47 44 489
44 49 819
49 44 819
45 48 928
48 45 928
45 48 987
48 45 987
45 50 847
50 45 847
45 47 525
47 45 525
45 49 735
49 45 735
45 51 304
51 45 304
45 47 565
47 45 565
45 51 509
51 45 509
46 50 933
50 46 933
46 51 865
51 46 865
46 51 543
51 46 543
46 48 403
48 46 403
47 50 436
50 47 436
47 49 730
49 47 730
48 48 555
48 48 555
49 49 602
49 49 602
49 52 342
52 49 342
49 51 206
51 49 206
49 50 390
50 49 390
