48

0 1 808
1 0 808
0 2 777
2 0 777
0 19 429
19 0 429
0 37 919
37 0 919
0 1 305
1 0 305
0 9 863
9 0 863
0 12 936
12 0 936
0 9 452
9 0 452
0 18 842
18 0 842
0 39 870
39 0 870
0 37 541
37 0 541
0 27 760
27 0 760
0 26 381
26 0 381
0 16 607
16 0 607
0 30 693
30 0 693
0 45 279
45 0 279
0 40 571
40 0 571
0 36 514
36 0 514
0 29 556
29 0 556
0 10 667
10 0 667
0 28 125
28 0 125
0 17 218
17 0 218
0 22 496
22 0 496
0 35 309
35 0 309
0 47 648
47 0 648
0 21 994
21 0 994
0 29 133
29 0 133
0 42 799
42 0 799
0 36 513
36 0 513
1 12 255
12 1 255
1 40 509
40 1 509
1 44 642
44 1 642
1 31 600
31 1 600
1 29 940
29 1 940
1 41 428
41 1 428
1 21 521
21 1 521
1 20 886
20 1 886
1 33 941
33 1 941
1 41 969
41 1 969
1 32 977
32 1 977
1 15 852
15 1 852
1 16 649
16 1 649
1 14 102
14 1 102
1 25 560
25 1 560
1 18 338
18 1 338
1 10 486
10 1 486
1 44 334
44 1 334
1 44 177
44 1 177
1 47 41
47 1 41
1 26 270
26 1 270
1 3 546
3 1 546
2 3 661
3 2 661
2 5 697
5 2 697
2 15 788
15 2 788
2 20 573
20 2 573
2 32 483
32 2 483
2 35 182
35 2 182
2 26 882
26 2 882
2 44 356
44 2 356
2 21 491
21 2 491
2 4 287
4 2 287
2 4 498
4 2 498
2 26 563
26 2 563
2 20 893
20 2 893
2 35 430
35 2 430
2 4 668
4 2 668
2 9 326
9 2 326
2 15 541
15 2 541
2 42 239
42 2 239
2 5 793
5 2 793
2 35 585
35 2 585
2 40 471
40 2 471
2 20 836
20 2 836
2 2 724
2 2 724
2 22 45
22 2 45
3 4 550
4 3 550
3 31 928
31 3 928
3 34 625
34 3 625
3 9 807
9 3 807
3 36 647
36 3 647
3 22 788
22 3 788
3 17 597
17 3 597
3 45 737
45 3 737
3 45 645
45 3 645
3 12 419
12 3 419
3 23 399
23 3 399
3 13 252
13 3 252
3 44 903
44 3 903
3 39 106
39 3 106
3 29 951
29 3 951
3 13 428
13 3 428
3 17 92
17 3 92
3 31 377
31 3 377
3 46 366
46 3 366
3 9 520
9 3 520
3 25 758
25 3 758
3 34 532
34 3 532
3 38 592
38 3 592
3 23 677
23 3 677
4 6 234
6 4 234
4 25 499
25 4 499
4 26 945
26 4 945
4 12 415
12 4 415
4 44 733
44 4 733
4 30 202
30 4 202
4 12 11
12 4 11
4 42 207
42 4 207
4 29 105
29 4 105
4 6 66
6 4 66
4 33 867
33 4 867
4 4 416
4 4 416
4 37 133
37 4 133
4 29 983
29 4 983
4 10 606
10 4 606
4 35 31
35 4 31
4 8 426
8 4 426
4 31 804
31 4 804
4 11 283
11 4 283
4 28 215
28 4 215
4 7 815
7 4 815
4 23 114
23 4 114
4 31 182
31 4 182
4 27 908
27 4 908
4 19 836
19 4 836
5 7 465
7 5 465
5 8 199
8 5 199
5 11 550
11 5 550
5 37 733
37 5 733
5 12 225
12 5 225
5 27 241
27 5 241
5 18 611
18 5 611
5 6 483
6 5 483
5 45 171
45 5 171
5 14 256
14 5 256
5 8 941
8 5 941
5 47 984
47 5 984
5 36 803
36 5 803
5 17 688
17 5 688
5 46 889
46 5 889
5 15 190
15 5 190
5 18 447
18 5 447
5 10 44
10 5 44
5 38 946
38 5 946
5 31 247
31 5 247
5 23 730
23 5 730
5 15 646
15 5 646
5 45 953
45 5 953
5 6 484
6 5 484
6 21 53
21 6 53
6 14 364
14 6 364
6 15 481
15 6 481
6 27 993
27 6 993
6 27 471
27 6 471
6 38 994
38 6 994
6 40 38
40 6 38
6 47 930
47 6 930
6 35 734
35 6 734
6 47 723
47 6 723
6 44 85
44 6 85
6 32 45
32 6 45
6 23 547
23 6 547
6 8 984
8 6 984
6 42 891
42 6 891
6 44 845
44 6 845
6 10 563
10 6 563
6 39 657
39 6 657
6 40 346
40 6 346
6 44 179
44 6 179
6 10 675
10 6 675
6 14 101
14 6 101
6 32 997
32 6 997
6 14 782
14 6 782
6 19 838
19 6 838
6 22 839
22 6 839
6 35 387
35 6 387
6 25 346
25 6 346
7 13 2
13 7 2
7 28 878
28 7 878
7 14 276
14 7 276
7 37 638
37 7 638
7 30 480
30 7 480
7 39 247
39 7 247
7 25 496
25 7 496
7 34 114
34 7 114
7 21 561
21 7 561
7 18 194
18 7 194
7 7 70
7 7 70
7 12 322
12 7 322
7 8 599
8 7 599
7 33 395
33 7 395
7 38 851
38 7 851
8 9 903
9 8 903
8 9 178
9 8 178
8 13 531
13 8 531
8 17 555
17 8 555
8 24 354
24 8 354
8 10 553
10 8 553
8 10 311
10 8 311
8 38 260
38 8 260
8 38 844
38 8 844
8 34 425
34 8 425
8 32 491
32 8 491
8 20 31
20 8 31
8 37 946
37 8 946
8 41 391
41 8 391
8 17 769
17 8 769
8 42 430
42 8 430
8 17 138
17 8 138
8 39 831
39 8 831
8 35 583
35 8 583
8 36 343
36 8 343
8 35 158
35 8 158
8 36 913
36 8 913
8 19 419
19 8 419
8 9 872
9 8 872
9 10 427
10 9 427
9 17 680
17 9 680
9 24 950
24 9 950
9 11 967
11 9 967
9 15 862
15 9 862
9 31 421
31 9 421
9 20 497
20 9 497
9 17 591
17 9 591
9 43 309
43 9 309
9 18 34
18 9 34
9 27 576
27 9 576
9 38 712
38 9 712
9 34 998
34 9 998
9 10 879
10 9 879
9 20 523
20 9 523
9 18 563
18 9 563
9 26 175
26 9 175
9 12 647
12 9 647
9 46 981
46 9 981
9 38 308
38 9 308
9 23 840
23 9 840
9 27 948
27 9 948
9 33 938
33 9 938
9 41 119
41 9 119
9 29 745
29 9 745
10 18 751
18 10 751
10 46 700
46 10 700
10 40 992
40 10 992
10 34 507
34 10 507
10 29 53
29 10 53
10 26 538
26 10 538
10 24 924
24 10 924
10 20 881
20 10 881
10 23 506
23 10 506
10 35 671
35 10 671
10 22 407
22 10 407
10 42 154
42 10 154
10 13 701
13 10 701
10 43 797
43 10 797
10 20 207
20 10 207
11 14 126
14 11 126
11 23 788
23 11 788
11 30 974
30 11 974
11 43 416
43 11 416
11 30 887
30 11 887
11 29 130
29 11 130
11 20 415
20 11 415
11 43 662
43 11 662
11 21 722
21 11 722
11 15 605
15 11 605
11 24 726
24 11 726
11 28 2
28 11 2
11 17 536
17 11 536
11 38 767
38 11 767
11 43 816
43 11 816
11 41 884
41 11 884
11 44 38
44 11 38
11 37 545
37 11 545
11 37 505
37 11 505
12 29 685
29 12 685
12 33 541
33 12 541
12 45 723
45 12 723
12 21 858
21 12 858
12 45 922
45 12 922
12 42 443
42 12 443
12 23 892
23 12 892
12 45 258
45 12 258
12 14 818
14 12 818
12 44 688
44 12 688
12 25 636
25 12 636
12 26 50
26 12 50
12 13 993
13 12 993
12 47 177
47 12 177
12 37 614
37 12 614
12 40 94
40 12 94
12 32 532
32 12 532
12 30 920
30 12 920
12 37 213
37 12 213
12 15 514
15 12 514
13 26 87
26 13 87
13 23 468
23 13 468
13 37 107
37 13 107
13 26 486
26 13 486
13 47 356
47 13 356
13 26 513
26 13 513
13 42 787
42 13 787
13 27 36
27 13 36
13 19 649
19 13 649
13 27 781
27 13 781
13 15 55
15 13 55
13 28 166
28 13 166
13 45 871
45 13 871
13 37 411
37 13 411
13 17 364
17 13 364
13 42 992
42 13 992
13 22 511
22 13 511
14 15 220
15 14 220
14 39 753
39 14 753
14 14 782
14 14 782
14 31 222
31 14 222
14 29 244
29 14 244
14 15 631
15 14 631
14 31 497
31 14 497
14 40 43
40 14 43
14 28 414
28 14 414
14 16 195
16 14 195
14 44 475
44 14 475
14 32 901
32 14 901
14 26 935
26 14 935
14 30 743
30 14 743
14 22 184
22 14 184
14 15 508
15 14 508
14 30 636
30 14 636
14 37 594
37 14 594
15 16 855
16 15 855
15 36 46
36 15 46
15 16 408
16 15 408
15 40 682
40 15 682
15 31 673
31 15 673
15 34 879
34 15 879
15 39 477
39 15 477
15 35 315
35 15 315
15 28 59
28 15 59
15 34 115
34 15 115
15 28 226
28 15 226
15 38 993
38 15 993
15 39 156
39 15 156
16 47 49
47 16 49
16 46 242
46 16 242
16 24 590
24 16 590
16 21 862
21 16 862
16 39 816
39 16 816
16 21 468
21 16 468
16 35 750
35 16 750
16 43 289
43 16 289
16 19 288
19 16 288
16 20 972
20 16 972
16 38 882
38 16 882
16 32 868
32 16 868
16 23 668
23 16 668
16 35 542
35 16 542
16 44 735
44 16 735
16 19 169
19 16 169
17 42 378
42 17 378
17 29 795
29 17 795
17 31 506
31 17 506
17 32 211
32 17 211
17 40 795
40 17 795
17 39 499
39 17 499
17 25 607
25 17 607
17 39 313
39 17 313
17 23 675
23 17 675
17 23 193
23 17 193
17 25 480
25 17 480
17 19 770
19 17 770
17 19 85
19 17 85
17 30 650
30 17 650
17 43 867
43 17 867
17 36 819
36 17 819
18 42 91
42 18 91
18 24 902
24 18 902
18 32 16
32 18 16
18 26 102
26 18 102
18 47 650
47 18 650
18 47 74
47 18 74
18 39 599
39 18 599
19 22 983
22 19 983
19 25 736
25 19 736
19 38 624
38 19 624
19 20 485
20 19 485
19 20 85
20 19 85
19 22 524
22 19 524
19 20 338
20 19 338
19 42 836
42 19 836
19 25 642
25 19 642
19 24 51
24 19 51
19 20 734
20 19 734
20 37 709
37 20 709
20 39 365
39 20 365
20 41 407
41 20 407
20 36 968
36 20 968
20 46 806
46 20 806
20 39 130
39 20 130
20 42 266
42 20 266
20 31 390
31 20 390
20 45 848
45 20 848
20 25 131
25 20 131
20 36 411
36 20 411
20 30 597
30 20 597
20 31 927
31 20 927
20 32 942
32 20 942
20 47 24
47 20 24
21 43 996
43 21 996
21 28 926
28 21 926
21 40 455
40 21 455
21 26 595
26 21 595
21 44 15
44 21 15
21 43 946
43 21 946
21 30 949
30 21 949
21 23 296
23 21 296
21 22 683
22 21 683
21 35 288
35 21 288
21 46 743
46 21 743
22 28 520
28 22 520
22 26 259
26 22 259
22 43 639
43 22 639
22 28 201
28 22 201
22 29 551
29 22 551
22 46 612
46 22 612
22 46 331
46 22 331
23 46 231
46 23 231
23 43 414
43 23 414
23 40 590
40 23 590
23 37 105
37 23 105
23 41 683
41 23 683
23 26 11
26 23 11
23 24 531
24 23 531
23 43 987
43 23 987
23 31 654
31 23 654
23 44 358
44 23 358
23 29 45
29 23 45
23 39 543
39 23 543
23 26 738
26 23 738
23 45 47
45 23 47
23 45 535
45 23 535
23 27 388
27 23 388
23 25 52
25 23 52
23 38 701
38 23 701
23 45 45
45 23 45
23 27 990
27 23 990
23 28 237
28 23 237
23 43 970
43 23 970
23 31 730
31 23 730
23 43 17
43 23 17
24 34 588
34 24 588
24 43 642
43 24 642
24 46 318
46 24 318
24 33 432
33 24 432
24 35 348
35 24 348
24 33 648
33 24 648
24 30 364
30 24 364
24 42 723
42 24 723
24 42 282
42 24 282
24 34 265
34 24 265
24 39 622
39 24 622
25 27 534
27 25 534
25 42 962
42 25 962
25 44 266
44 25 266
25 32 773
32 25 773
25 39 204
39 25 204
25 42 304
42 25 304
25 40 394
40 25 394
25 39 504
39 25 504
25 39 503
39 25 503
25 26 990
26 25 990
25 41 18
41 25 18
25 26 858
26 25 858
25 46 231
46 25 231
25 35 581
35 25 581
26 41 940
41 26 940
26 33 432
33 26 432
26 32 344
32 26 344
26 29 723
29 26 723
26 41 683
41 26 683
26 29 990
29 26 990
26 47 333
47 26 333
26 39 113
39 26 113
26 43 940
43 26 940
27 38 701
38 27 701
27 43 670
43 27 670
27 41 214
41 27 214
27 44 344
44 27 344
27 40 409
40 27 409
27 40 201
40 27 201
27 39 918
39 27 918
27 43 299
43 27 299
27 29 116
29 27 116
27 31 600
31 27 600
27 37 534
37 27 534
28 45 938
45 28 938
28 29 584
29 28 584
28 45 782
45 28 782
28 38 569
38 28 569
28 42 315
42 28 315
28 43 698
43 28 698
28 37 588
37 28 588
28 39 765
39 28 765
28 39 226
39 28 226
28 40 734
40 28 734
28 41 451
41 28 451
28 47 721
47 28 721
28 47 524
47 28 524
28 32 754
32 28 754
28 46 685
46 28 685
29 36 919
36 29 919
29 41 312
41 29 312
29 34 734
34 29 734
29 38 348
38 29 348
29 39 634
39 29 634
30 38 691
38 30 691
30 32 377
32 30 377
30 43 377
43 30 377
30 32 946
32 30 946
30 33 96
33 30 96
30 44 691
44 30 691
30 41 704
41 30 704
30 36 788
36 30 788
31 43 650
43 31 650
31 34 268
34 31 268
31 33 80
33 31 80
31 42 416
42 31 416
31 37 413
37 31 413
31 38 518
38 31 518
31 36 121
36 31 121
32 35 284
35 32 284
32 39 469
39 32 469
32 34 504
34 32 504
32 33 662
33 32 662
32 47 530
47 32 530
32 35 845
35 32 845
32 34 965
34 32 965
32 38 705
38 32 705
33 38 155
38 33 155
33 38 455
38 33 455
33 37 181
37 33 181
33 38 275
38 33 275
33 36 903
36 33 903
33 39 377
39 33 377
34 38 23
38 34 23
34 41 460
41 34 460
34 35 748
35 34 748
34 43 388
43 34 388
34 45 468
45 34 468
34 35 811
35 34 811
34 44 778
44 34 778
35 47 551
47 35 551
35 35 697
35 35 697
35 35 553
35 35 553
35 47 95
47 35 95
36 44 649
44 36 649
36 39 156
39 36 156
36 40 980
40 36 980
36 44 790
44 36 790
36 44 467
44 36 467
36 41 333
41 36 333
36 46 517
46 36 517
36 37 364
37 36 364
37 42 246
42 37 246
37 40 139
40 37 139
37 47 906
47 37 906
37 47 279
47 37 279
37 42 195
42 37 195
38 43 17
43 38 17
38 47 109
47 38 109
38 41 341
41 38 341
38 39 633
39 38 633
38 40 741
40 38 741
39 40 420
40 39 420
39 41 757
41 39 757
42 42 112
42 42 112
42 44 860
44 42 860
42 43 959
43 42 959
43 46 422
46 43 422
43 43 289
43 43 289
43 46 374
46 43 374
43 45 704
45 43 704
44 45 1000
45 44 1000
44 45 798
45 44 798
44 47 471
47 44 471
44 45 538
45 44 538
44 47 661
47 44 661
44 47 451
47 44 451
45 46 343
46 45 343
