65

0 1 538
1 0 538
0 2 101
2 0 101
0 4 791
4 0 791
0 8 719
8 0 719
0 12 558
12 0 558
0 16 870
16 0 870
0 26 240
26 0 240
0 9 165
9 0 165
0 29 778
29 0 778
0 8 279
8 0 279
0 18 157
18 0 157
0 37 100
37 0 100
0 41 702
41 0 702
0 41 147
41 0 147
0 53 255
53 0 255
0 17 972
17 0 972
0 62 185
62 0 185
0 63 987
63 0 987
0 57 223
57 0 223
0 34 290
34 0 290
0 18 34
18 0 34
0 29 169
29 0 169
0 17 186
17 0 186
0 9 953
9 0 953
0 47 310
47 0 310
1 3 305
3 1 305
1 7 658
7 1 658
1 24 254
24 1 254
1 58 801
58 1 801
1 11 247
11 1 247
1 8 32
8 1 32
1 63 143
63 1 143
1 23 17
23 1 17
1 51 915
51 1 915
1 61 200
61 1 200
1 12 676
12 1 676
1 19 823
19 1 823
1 62 870
62 1 870
1 9 975
9 1 975
1 34 137
34 1 137
1 55 364
55 1 364
1 54 770
54 1 770
1 58 883
58 1 883
2 6 56
6 2 56
2 15 927
15 2 927
2 30 700
30 2 700
2 62 906
62 2 906
2 64 120
64 2 120
2 62 842
62 2 842
2 36 732
36 2 732
2 47 615
47 2 615
2 12 554
12 2 554
2 31 34
31 2 34
2 18 466
18 2 466
2 18 774
18 2 774
2 16 454
16 2 454
2 33 385
33 2 385
2 32 850
32 2 850
2 40 472
40 2 472
2 24 503
24 2 503
2 36 501
36 2 501
2 48 299
48 2 299
2 31 392
31 2 392
2 34 391
34 2 391
2 22 88
22 2 88
2 48 256
48 2 256
2 54 593
54 2 593
2 10 823
10 2 823
2 20 552
20 2 552
3 5 408
5 3 408
3 9 965
9 3 965
3 29 454
29 3 454
3 45 89
45 3 89
3 30 771
30 3 771
3 24 279
24 3 279
3 29 526
29 3 526
3 44 914
44 3 914
3 50 712
50 3 712
3 52 513
52 3 513
3 58 8
58 3 8
3 55 279
55 3 279
3 6 849
6 3 849
3 25 217
25 3 217
3 51 59
51 3 59
3 60 647
60 3 647
3 39 987
39 3 987
3 24 816
24 3 816
3 17 247
17 3 247
3 29 571
29 3 571
3 20 606
20 3 606
3 22 10
22 3 10
3 33 71
33 3 71
3 16 807
16 3 807
3 22 656
22 3 656
3 54 976
54 3 976
3 21 83
21 3 83
3 61 89
61 3 89
3 62 902
62 3 902
3 23 525
23 3 525
3 54 466
54 3 466
3 31 622
31 3 622
4 13 197
13 4 197
4 19 392
19 4 392
4 12 412
12 4 412
4 10 368
10 4 368
4 16 526
16 4 526
4 49 466
49 4 466
4 15 902
15 4 902
4 56 497
56 4 497
4 56 694
56 4 694
4 27 288
27 4 288
4 53 335
53 4 335
4 14 251
14 4 251
4 21 273
21 4 273
4 42 211
42 4 211
4 13 608
13 4 608
4 6 709
6 4 709
4 57 96
57 4 96
4 6 851
6 4 851
4 24 7
24 4 7
4 28 364
28 4 364
4 61 236
61 4 236
5 46 536
46 5 536
5 31 453
31 5 453
5 21 753
21 5 753
5 63 846
63 5 846
5 29 535
29 5 535
5 36 81
36 5 81
5 22 256
22 5 256
5 59 29
59 5 29
5 31 76
31 5 76
5 40 668
40 5 668
5 14 489
14 5 489
5 46 842
46 5 842
5 31 787
31 5 787
5 25 251
25 5 251
5 55 956
55 5 956
5 30 677
30 5 677
5 59 813
59 5 813
5 25 826
25 5 826
5 17 195
17 5 195
5 9 777
9 5 777
5 16 729
16 5 729
5 17 437
17 5 437
5 35 671
35 5 671
5 21 214
21 5 214
5 9 506
9 5 506
5 16 690
16 5 690
6 61 465
61 6 465
6 26 332
26 6 332
6 10 422
10 6 422
6 41 222
41 6 222
6 44 38
44 6 38
6 58 66
58 6 66
6 38 153
38 6 153
6 61 410
61 6 410
6 46 110
46 6 110
6 41 746
41 6 746
6 41 244
41 6 244
6 46 20
46 6 20
6 22 3
22 6 3
6 38 122
38 6 122
6 19 20
19 6 20
6 51 521
51 6 521
6 7 927
7 6 927
6 57 994
57 6 994
6 19 534
19 6 534
6 8 633
8 6 633
6 22 809
22 6 809
6 60 349
60 6 349
6 11 893
11 6 893
6 57 566
57 6 566
6 20 385
20 6 385
7 17 541
17 7 541
7 44 426
44 7 426
7 24 529
24 7 529
7 55 785
55 7 785
7 58 663
58 7 663
7 59 362
59 7 362
7 10 225
10 7 225
7 9 699
9 7 699
7 40 37
40 7 37
7 34 522
34 7 522
7 22 521
22 7 521
7 37 764
37 7 764
7 20 191
20 7 191
7 41 79
41 7 79
7 48 185
48 7 185
7 23 570
23 7 570
7 38 54
38 7 54
7 21 978
21 7 978
7 21 187
21 7 187
7 13 898
13 7 898
7 38 57
38 7 57
7 27 895
27 7 895
7 11 236
11 7 236
7 51 176
51 7 176
7 43 857
43 7 857
7 29 641
29 7 641
7 24 348
24 7 348
8 11 374
11 8 374
8 14 994
14 8 994
8 33 730
33 8 730
8 39 655
39 8 655
8 49 744
49 8 744
8 18 471
18 8 471
8 42 504
42 8 504
8 21 596
21 8 596
8 22 135
22 8 135
8 45 583
45 8 583
8 11 936
11 8 936
8 54 634
54 8 634
8 13 809
13 8 809
8 46 709
46 8 709
8 27 90
27 8 90
8 14 522
14 8 522
8 9 715
9 8 715
9 10 611
10 9 611
9 13 643
13 9 643
9 19 674
19 9 674
9 55 179
55 9 179
9 28 909
28 9 909
9 40 102
40 9 102
9 53 475
53 9 475
9 24 712
24 9 712
9 61 414
61 9 414
9 29 257
29 9 257
9 31 475
31 9 475
9 13 546
13 9 546
9 59 581
59 9 581
9 24 597
24 9 597
9 40 305
40 9 305
9 43 258
43 9 258
9 62 196
62 9 196
9 25 312
25 9 312
9 28 950
28 9 950
9 54 889
54 9 889
9 50 370
50 9 370
9 55 434
55 9 434
10 35 999
35 10 999
10 14 468
14 10 468
10 64 372
64 10 372
10 48 548
48 10 548
10 40 965
40 10 965
10 45 625
45 10 625
10 10 12
10 10 12
10 58 407
58 10 407
10 21 125
21 10 125
10 35 470
35 10 470
10 29 160
29 10 160
10 20 726
20 10 726
10 39 675
39 10 675
10 62 334
62 10 334
11 63 440
63 11 440
11 17 619
17 11 619
11 33 641
33 11 641
11 64 853
64 11 853
11 12 915
12 11 915
11 28 668
28 11 668
11 41 123
41 11 123
11 51 399
51 11 399
11 13 774
13 11 774
11 26 688
26 11 688
11 39 987
39 11 987
11 49 16
49 11 16
11 51 273
51 11 273
11 62 777
62 11 777
12 22 570
22 12 570
12 41 180
41 12 180
12 61 574
61 12 574
12 35 365
35 12 365
12 38 323
38 12 323
12 19 673
19 12 673
12 25 963
25 12 963
12 55 902
55 12 902
12 48 581
48 12 581
12 59 277
59 12 277
12 39 236
39 12 236
12 22 852
22 12 852
12 13 211
13 12 211
12 42 188
42 12 188
12 47 641
47 12 641
12 41 162
41 12 162
12 57 699
57 12 699
12 54 968
54 12 968
12 62 805
62 12 805
12 57 869
57 12 869
12 14 732
14 12 732
13 32 483
32 13 483
13 47 520
47 13 520
13 24 616
24 13 616
13 33 29
33 13 29
13 29 658
29 13 658
13 28 68
28 13 68
13 36 408
36 13 408
13 26 923
26 13 923
13 50 204
50 13 204
13 17 587
17 13 587
13 60 631
60 13 631
13 29 851
29 13 851
13 35 472
35 13 472
13 48 725
48 13 725
13 48 401
48 13 401
13 35 173
35 13 173
13 28 75
28 13 75
13 26 271
26 13 271
13 51 476
51 13 476
13 22 223
22 13 223
13 55 3
55 13 3
13 28 944
28 13 944
13 63 546
63 13 546
14 28 911
28 14 911
14 49 169
49 14 169
14 50 526
50 14 526
14 39 380
39 14 380
14 38 843
38 14 843
14 57 927
57 14 927
14 43 870
43 14 870
14 60 830
60 14 830
14 25 189
25 14 189
14 32 54
32 14 54
15 28 410
28 15 410
15 50 79
50 15 79
15 57 31
57 15 31
15 31 687
31 15 687
15 56 194
56 15 194
15 58 165
58 15 165
15 35 583
35 15 583
15 43 896
43 15 896
15 19 799
19 15 799
15 17 103
17 15 103
15 35 554
35 15 554
15 62 847
62 15 847
15 55 797
55 15 797
15 36 232
36 15 232
15 30 808
30 15 808
15 59 280
59 15 280
15 42 678
42 15 678
15 53 385
53 15 385
15 52 70
52 15 70
15 37 290
37 15 290
15 26 515
26 15 515
15 34 112
34 15 112
15 37 872
37 15 872
16 25 156
25 16 156
16 54 157
54 16 157
16 35 256
35 16 256
16 40 353
40 16 353
16 18 87
18 16 87
16 32 115
32 16 115
16 30 764
30 16 764
16 27 373
27 16 373
16 47 553
47 16 553
16 44 909
44 16 909
16 33 636
33 16 636
16 49 596
49 16 596
16 23 926
23 16 926
16 34 793
34 16 793
16 26 783
26 16 783
16 62 583
62 16 583
16 62 944
62 16 944
16 53 732
53 16 732
16 25 550
25 16 550
16 20 471
20 16 471
17 18 795
18 17 795
17 21 329
21 17 329
17 24 889
24 17 889
17 39 71
39 17 71
17 23 486
23 17 486
17 29 943
29 17 943
17 22 241
22 17 241
17 29 566
29 17 566
17 22 180
22 17 180
17 21 251
21 17 251
17 59 687
59 17 687
17 43 222
43 17 222
17 19 577
19 17 577
17 57 679
57 17 679
17 18 459
18 17 459
17 41 850
41 17 850
18 57 469
57 18 469
18 29 95
29 18 95
18 40 495
40 18 495
18 25 455
25 18 455
18 58 541
58 18 541
18 58 914
58 18 914
18 18 794
18 18 794
18 46 68
46 18 68
18 23 73
23 18 73
18 57 74
57 18 74
18 64 107
64 18 107
18 20 941
20 18 941
18 36 608
36 18 608
18 39 4
39 18 4
18 43 840
43 18 840
18 62 83
62 18 83
18 52 272
52 18 272
18 44 57
44 18 57
18 48 356
48 18 356
19 20 127
20 19 127
19 23 493
23 19 493
19 31 460
31 19 460
19 63 651
63 19 651
19 21 872
21 19 872
19 24 644
24 19 644
19 23 909
23 19 909
19 47 168
47 19 168
19 51 613
51 19 613
19 19 529
19 19 529
19 57 914
57 19 914
19 63 369
63 19 369
19 43 276
43 19 276
19 46 770
46 19 770
19 56 970
56 19 970
19 64 313
64 19 313
19 48 672
48 19 672
19 48 735
48 19 735
19 21 750
21 19 750
19 60 248
60 19 248
19 62 525
62 19 525
19 33 593
33 19 593
19 42 22
42 19 22
19 36 298
36 19 298
19 29 40
29 19 40
19 32 20
32 19 20
19 48 753
48 19 753
19 51 516
51 19 516
20 54 637
54 20 637
20 21 613
21 20 613
20 60 821
60 20 821
20 27 409
27 20 409
20 32 287
32 20 287
20 50 755
50 20 755
20 39 72
39 20 72
20 36 394
36 20 394
20 63 987
63 20 987
21 37 761
37 21 761
21 63 486
63 21 486
21 43 672
43 21 672
21 55 487
55 21 487
21 41 981
41 21 981
21 64 422
64 21 422
21 26 634
26 21 634
21 52 466
52 21 466
21 63 383
63 21 383
21 38 194
38 21 194
21 29 997
29 21 997
21 50 891
50 21 891
21 58 918
58 21 918
21 25 281
25 21 281
21 32 823
32 21 823
21 26 327
26 21 327
21 28 42
28 21 42
21 46 587
46 21 587
22 36 708
36 22 708
22 48 80
48 22 80
22 59 302
59 22 302
22 39 160
39 22 160
22 43 428
43 22 428
22 50 543
50 22 543
22 57 206
57 22 206
22 58 884
58 22 884
22 36 935
36 22 935
22 62 745
62 22 745
22 61 562
61 22 562
22 59 64
59 22 64
22 49 727
49 22 727
23 49 526
49 23 526
23 61 429
61 23 429
23 55 232
55 23 232
23 60 298
60 23 298
23 41 407
41 23 407
23 44 589
44 23 589
23 44 696
44 23 696
23 39 355
39 23 355
23 50 863
50 23 863
23 56 453
56 23 453
23 47 882
47 23 882
23 47 484
47 23 484
23 55 418
55 23 418
23 37 3
37 23 3
23 57 70
57 23 70
23 30 45
30 23 45
23 48 682
48 23 682
24 34 189
34 24 189
24 29 912
29 24 912
24 38 12
38 24 12
24 29 641
29 24 641
24 53 35
53 24 35
24 45 648
45 24 648
24 52 660
52 24 660
24 38 473
38 24 473
24 37 888
37 24 888
24 46 697
46 24 697
24 33 803
33 24 803
24 32 985
32 24 985
24 49 41
49 24 41
24 28 247
28 24 247
24 48 696
48 24 696
24 42 730
42 24 730
25 60 888
60 25 888
25 56 210
56 25 210
25 48 473
48 25 473
25 55 851
55 25 851
25 34 854
34 25 854
25 47 547
47 25 547
25 35 108
35 25 108
25 53 909
53 25 909
25 46 312
46 25 312
25 39 705
39 25 705
25 38 861
38 25 861
25 42 208
42 25 208
25 61 442
61 25 442
26 27 550
27 26 550
26 38 576
38 26 576
26 42 501
42 26 501
26 48 880
48 26 880
26 29 475
29 26 475
26 38 705
38 26 705
26 48 441
48 26 441
26 31 68
31 26 68
26 28 129
28 26 129
26 44 268
44 26 268
26 63 898
63 26 898
26 30 297
30 26 297
26 62 222
62 26 222
26 50 88
50 26 88
26 43 39
43 26 39
26 35 274
35 26 274
26 46 440
46 26 440
27 32 313
32 27 313
27 61 305
61 27 305
27 45 901
45 27 901
27 38 776
38 27 776
27 64 500
64 27 500
27 30 617
30 27 617
27 40 982
40 27 982
27 31 658
31 27 658
27 36 603
36 27 603
27 55 453
55 27 453
27 30 221
30 27 221
27 41 763
41 27 763
27 37 667
37 27 667
27 54 154
54 27 154
27 46 444
46 27 444
27 37 268
37 27 268
28 56 772
56 28 772
28 47 127
47 28 127
28 40 604
40 28 604
28 60 777
60 28 777
28 28 293
28 28 293
28 62 880
62 28 880
28 50 823
50 28 823
28 58 291
58 28 291
28 39 211
39 28 211
28 50 485
50 28 485
28 34 309
34 28 309
28 60 615
60 28 615
28 48 97
48 28 97
28 53 770
53 28 770
29 64 38
64 29 38
29 48 567
48 29 567
29 34 676
34 29 676
29 32 813
32 29 813
29 59 996
59 29 996
29 49 396
49 29 396
29 36 573
36 29 573
29 47 207
47 29 207
30 44 102
44 30 102
30 45 300
45 30 300
30 52 422
52 30 422
30 46 681
46 30 681
30 51 41
51 30 41
30 41 7
41 30 7
30 55 364
55 30 364
30 59 884
59 30 884
30 56 930
56 30 930
31 42 839
42 31 839
31 47 587
47 31 587
31 63 345
63 31 345
31 47 79
47 31 79
31 59 698
59 31 698
31 48 568
48 31 568
31 31 492
31 31 492
31 41 380
41 31 380
31 39 124
39 31 124
31 64 398
64 31 398
31 62 781
62 31 781
31 42 45
42 31 45
31 32 593
32 31 593
31 36 375
36 31 375
31 31 645
31 31 645
31 56 560
56 31 560
31 34 28
34 31 28
32 51 445
51 32 445
32 59 984
59 32 984
32 61 199
61 32 199
32 58 38
58 32 38
32 56 450
56 32 450
32 64 81
64 32 81
32 50 50
50 32 50
32 44 892
44 32 892
32 50 397
50 32 397
32 37 648
37 32 648
32 36 286
36 32 286
32 50 451
50 32 451
32 34 599
34 32 599
32 47 364
47 32 364
32 64 290
64 32 290
33 63 327
63 33 327
33 51 587
51 33 587
33 48 649
48 33 649
33 54 287
54 33 287
33 59 460
59 33 460
33 59 184
59 33 184
33 49 284
49 33 284
33 49 1
49 33 1
33 56 275
56 33 275
33 63 457
63 33 457
34 47 735
47 34 735
34 58 245
58 34 245
34 40 550
40 34 550
34 53 350
53 34 350
34 37 524
37 34 524
34 40 420
40 34 420
34 51 719
51 34 719
34 53 712
53 34 712
34 38 68
38 34 68
34 36 708
36 34 708
34 50 950
50 34 950
35 43 553
43 35 553
35 43 846
43 35 846
35 56 286
56 35 286
35 45 466
45 35 466
35 57 560
57 35 560
35 36 874
36 35 874
35 57 757
57 35 757
35 60 811
60 35 811
35 57 328
57 35 328
35 50 387
50 35 387
35 60 897
60 35 897
35 42 145
42 35 145
35 56 961
56 35 961
36 40 616
40 36 616
36 41 25
41 36 25
36 47 784
47 36 784
36 39 799
39 36 799
36 46 792
46 36 792
36 51 959
51 36 959
36 57 567
57 36 567
36 60 768
60 36 768
36 47 450
47 36 450
36 60 649
60 36 649
36 38 432
38 36 432
36 55 30
55 36 30
36 63 4
63 36 4
37 52 403
52 37 403
37 43 973
43 37 973
37 58 419
58 37 419
37 52 267
52 37 267
37 40 22
40 37 22
37 58 313
58 37 313
37 47 540
47 37 540
37 47 964
47 37 964
37 41 403
41 37 403
37 54 688
54 37 688
37 54 349
54 37 349
37 59 737
59 37 737
38 53 769
53 38 769
38 48 873
48 38 873
38 54 604
54 38 604
38 42 47
42 38 47
38 47 506
47 38 506
38 44 580
44 38 580
39 49 52
49 39 52
39 49 734
49 39 734
39 54 946
54 39 946
39 53 9
53 39 9
39 64 145
64 39 145
39 51 620
51 39 620
40 62 661
62 40 661
40 56 299
56 40 299
40 42 546
42 40 546
40 52 869
52 40 869
40 59 189
59 40 189
40 50 928
50 40 928
40 51 464
51 40 464
40 53 357
53 40 357
40 62 143
62 40 143
40 52 420
52 40 420
40 46 677
46 40 677
40 49 939
49 40 939
40 62 500
62 40 500
41 53 297
53 41 297
41 58 887
58 41 887
41 63 949
63 41 949
41 54 241
54 41 241
41 55 891
55 41 891
41 57 373
57 41 373
42 53 289
53 42 289
42 46 805
46 42 805
42 64 313
64 42 313
42 61 433
61 42 433
42 60 228
60 42 228
42 44 109
44 42 109
42 58 690
58 42 690
42 53 843
53 42 843
42 58 126
58 42 126
42 64 484
64 42 484
42 61 86
61 42 86
42 47 266
47 42 266
42 55 60
55 42 60
43 53 400
53 43 400
43 52 301
52 43 301
43 53 452
53 43 452
43 50 377
50 43 377
43 62 325
62 43 325
43 54 608
54 43 608
43 59 603
59 43 603
43 63 355
63 43 355
43 59 82
59 43 82
43 56 420
56 43 420
44 53 497
53 44 497
44 45 426
45 44 426
44 45 459
45 44 459
44 62 979
62 44 979
44 54 738
54 44 738
44 62 910
62 44 910
44 60 872
60 44 872
44 57 479
57 44 479
44 47 869
47 44 869
44 58 28
58 44 28
44 54 623
54 44 623
44 49 967
49 44 967
44 49 996
49 44 996
45 57 752
57 45 752
45 46 745
46 45 745
45 58 280
58 45 280
45 50 87
50 45 87
45 50 573
50 45 573
45 51 67
51 45 67
46 58 395
58 46 395
46 51 672
51 46 672
46 60 327
60 46 327
46 59 975
59 46 975
46 54 471
54 46 471
46 61 335
61 46 335
46 48 41
48 46 41
46 54 358
54 46 358
46 52 876
52 46 876
46 50 710
50 46 710
46 53 733
53 46 733
47 64 444
64 47 444
47 54 176
54 47 176
47 61 787
61 47 787
47 48 487
48 47 487
47 60 801
60 47 801
47 61 693
61 47 693
47 51 78
51 47 78
47 63 989
63 47 989
47 56 365
56 47 365
47 52 518
52 47 518
47 49 864
49 47 864
47 60 452
60 47 452
48 52 242
52 48 242
48 49 735
49 48 735
48 60 454
60 48 454
48 58 493
58 48 493
48 57 840
57 48 840
49 57 551
57 49 551
49 56 346
56 49 346
49 64 632
64 49 632
49 52 880
52 49 880
49 54 965
54 49 965
49 63 2
63 49 2
50 61 58
61 50 58
50 52 369
52 50 369
50 58 167
58 50 167
50 54 823
54 50 823
50 54 531
54 50 531
50 63 431
63 50 431
50 51 779
51 50 779
50 52 267
52 50 267
50 63 683
63 50 683
51 57 578
57 51 578
51 60 531
60 51 531
51 58 647
58 51 647
51 54 261
54 51 261
52 59 679
59 52 679
52 57 789
57 52 789
52 64 840
64 52 840
52 53 589
53 52 589
53 56 665
56 53 665
53 61 146
61 53 146
53 63 893
63 53 893
53 58 74
58 53 74
53 56 693
56 53 693
54 56 106
56 54 106
54 59 321
59 54 321
54 64 569
64 54 569
54 58 922
58 54 922
56 64 232
64 56 232
56 59 767
59 56 767
56 56 151
56 56 151
56 62 287
62 56 287
57 62 328
62 57 328
57 60 948
60 57 948
57 64 973
64 57 973
57 61 486
61 57 486
57 58 455
58 57 455
58 60 227
60 58 227
59 63 858
63 59 858
59 60 95
60 59 95
59 63 384
63 59 384
60 61 323
61 60 323
61 63 290
63 61 290
61 64 712
64 61 712
61 63 522
63 61 522
61 64 13
64 61 13
