21

0 1 527
1 0 527
0 8 295
8 0 295
0 14 313
14 0 313
0 12 546
12 0 546
0 7 92
7 0 92
0 11 739
11 0 739
0 1 332
1 0 332
0 4 561
4 0 561
0 10 372
10 0 372
0 4 160
4 0 160
0 11 261
11 0 261
0 16 77
16 0 77
0 15 909
15 0 909
0 19 602
19 0 602
0 10 485
10 0 485
0 5 116
5 0 116
0 2 698
2 0 698
0 8 761
8 0 761
0 3 160
3 0 160
0 11 891
11 0 891
0 8 911
8 0 911
0 4 206
4 0 206
0 4 609
4 0 609
1 2 475
2 1 475
1 15 350
15 1 350
1 4 142
4 1 142
1 19 12
19 1 12
1 10 521
10 1 521
1 5 540
5 1 540
1 20 312
20 1 312
1 17 696
17 1 696
1 7 967
7 1 967
1 10 975
10 1 975
2 3 542
3 2 542
2 15 434
15 2 434
2 18 383
18 2 383
2 17 8
17 2 8
2 9 153
9 2 153
2 14 679
14 2 679
2 13 884
13 2 884
2 12 77
12 2 77
2 4 543
4 2 543
2 3 647
3 2 647
2 9 177
9 2 177
2 10 516
10 2 516
2 2 424
2 2 424
2 14 561
14 2 561
2 10 772
10 2 772
2 17 903
17 2 903
3 4 219
4 3 219
3 5 835
5 3 835
3 12 581
12 3 581
3 3 515
3 3 515
3 5 493
5 3 493
3 6 286
6 3 286
3 11 13
11 3 13
3 12 380
12 3 380
3 19 471
19 3 471
4 6 442
6 4 442
4 10 715
10 4 715
4 19 70
19 4 70
4 13 516
13 4 516
4 7 356
7 4 356
4 15 728
15 4 728
4 6 382
6 4 382
4 15 214
15 4 214
4 13 931
13 4 931
4 12 824
12 4 824
4 10 204
10 4 204
4 11 665
11 4 665
5 7 180
7 5 180
5 9 38
9 5 38
5 15 755
15 5 755
5 17 726
17 5 726
5 7 373
7 5 373
5 12 67
12 5 67
5 7 399
7 5 399
5 6 640
6 5 640
5 14 561
14 5 561
5 14 948
14 5 948
5 15 783
15 5 783
6 11 687
11 6 687
6 14 336
14 6 336
6 8 894
8 6 894
6 11 502
11 6 502
6 19 913
19 6 913
6 9 589
9 6 589
6 7 138
7 6 138
6 10 96
10 6 96
7 16 220
16 7 220
7 11 703
11 7 703
7 13 162
13 7 162
7 18 368
18 7 368
7 18 918
18 7 918
7 12 661
12 7 661
7 8 752
8 7 752
7 15 433
15 7 433
7 18 532
18 7 532
8 12 656
12 8 656
8 20 653
20 8 653
8 10 962
10 8 962
8 18 427
18 8 427
8 9 172
9 8 172
8 11 468
11 8 468
8 16 393
16 8 393
8 9 649
9 8 649
8 11 596
11 8 596
8 12 448
12 8 448
8 20 344
20 8 344
8 20 111
20 8 111
8 18 770
18 8 770
8 12 512
12 8 512
8 20 692
20 8 692
9 20 306
20 9 306
9 20 858
20 9 858
9 10 4
10 9 4
9 12 97
12 9 97
9 14 688
14 9 688
9 10 416
10 9 416
10 13 938
13 10 938
10 12 65
12 10 65
10 15 685
15 10 685
10 18 311
18 10 311
10 10 238
10 10 238
10 20 262
20 10 262
10 13 470
13 10 470
10 20 861
20 10 861
10 14 701
14 10 701
10 18 553
18 10 553
10 13 980
13 10 980
11 13 489
13 11 489
11 17 66
17 11 66
11 18 409
18 11 409
11 14 89
14 11 89
11 19 837
19 11 837
11 16 1000
16 11 1000
11 20 288
20 11 288
11 16 113
16 11 113
11 20 460
20 11 460
11 13 309
13 11 309
11 20 788
20 11 788
11 13 168
13 11 168
11 19 520
19 11 520
11 13 421
13 11 421
12 16 670
16 12 670
12 13 602
13 12 602
12 13 91
13 12 91
12 19 976
19 12 976
13 18 972
18 13 972
13 19 571
19 13 571
13 18 550
18 13 550
13 15 679
15 13 679
13 16 401
16 13 401
13 19 980
19 13 980
13 16 875
16 13 875
14 20 714
20 14 714
14 15 749
15 14 749
14 18 443
18 14 443
14 14 337
14 14 337
14 16 646
16 14 646
15 19 756
19 15 756
15 16 41
16 15 41
15 16 910
16 15 910
15 17 98
17 15 98
16 16 714
16 16 714
16 17 474
17 16 474
17 20 257
20 17 257
17 18 914
18 17 914
17 18 746
18 17 746
19 20 717
20 19 717
