85

0 1 867
1 0 867
0 5 923
5 0 923
0 6 471
6 0 471
0 7 606
7 0 606
0 12 637
12 0 637
0 16 50
16 0 50
0 66 749
66 0 749
0 45 24
45 0 24
0 16 987
16 0 987
0 2 123
2 0 123
0 57 205
57 0 205
0 24 761
24 0 761
0 81 148
81 0 148
0 7 970
7 0 970
0 27 336
27 0 336
0 15 555
15 0 555
0 48 156
48 0 156
0 22 774
22 0 774
0 39 296
39 0 296
0 3 835
3 0 835
1 2 303
2 1 303
1 15 834
15 1 834
1 71 282
71 1 282
1 80 809
80 1 809
1 48 380
48 1 380
1 6 674
6 1 674
1 25 880
25 1 880
2 3 773
3 2 773
2 9 26
9 2 26
2 24 713
24 2 713
2 82 955
82 2 955
2 3 110
3 2 110
2 66 105
66 2 105
2 38 414
38 2 414
2 31 187
31 2 187
2 77 862
77 2 862
2 79 395
79 2 395
2 38 463
38 2 463
2 4 890
4 2 890
2 19 360
19 2 360
2 48 809
48 2 809
3 4 760
4 3 760
3 83 165
83 3 165
3 62 828
62 3 828
3 23 846
23 3 846
3 45 741
45 3 741
3 7 174
7 3 174
3 3 27
3 3 27
3 50 773
50 3 773
3 35 162
35 3 162
3 17 509
17 3 509
3 45 514
45 3 514
4 10 227
10 4 227
4 39 878
39 4 878
4 64 264
64 4 264
4 38 424
38 4 424
4 38 644
38 4 644
4 16 664
16 4 664
4 38 76
38 4 76
4 71 607
71 4 607
4 84 260
84 4 260
4 61 243
61 4 243
5 70 399
70 5 399
5 22 740
22 5 740
5 18 34
18 5 34
5 66 296
66 5 296
5 65 371
65 5 371
5 11 350
11 5 350
5 61 702
61 5 702
5 74 770
74 5 770
5 32 836
32 5 836
6 18 47
18 6 47
6 32 196
32 6 196
6 72 6
72 6 6
6 61 563
61 6 563
6 70 835
70 6 835
6 76 743
76 6 743
6 42 290
42 6 290
7 8 872
8 7 872
7 23 767
23 7 767
7 28 813
28 7 813
7 12 46
12 7 46
7 26 591
26 7 591
7 37 719
37 7 719
7 44 824
44 7 824
8 11 809
11 8 809
8 26 193
26 8 193
8 14 806
14 8 806
8 65 593
65 8 593
8 53 841
53 8 841
8 62 753
62 8 753
8 23 935
23 8 935
8 22 749
22 8 749
8 42 825
42 8 825
8 28 351
28 8 351
8 35 732
35 8 732
8 70 830
70 8 830
8 35 823
35 8 823
8 15 225
15 8 225
8 78 204
78 8 204
8 31 163
31 8 163
8 32 730
32 8 730
8 51 806
51 8 806
9 69 730
69 9 730
9 31 614
31 9 614
9 74 590
74 9 590
9 52 494
52 9 494
9 39 753
39 9 753
10 30 22
30 10 22
10 33 80
33 10 80
10 38 789
38 10 789
10 46 754
46 10 754
10 42 341
42 10 341
10 18 629
18 10 629
10 10 193
10 10 193
10 32 375
32 10 375
10 81 405
81 10 405
10 72 493
72 10 493
10 57 280
57 10 280
10 50 783
50 10 783
10 37 511
37 10 511
11 13 455
13 11 455
11 14 901
14 11 901
11 71 651
71 11 651
11 84 554
84 11 554
11 57 403
57 11 403
11 21 315
21 11 315
11 81 407
81 11 407
11 49 708
49 11 708
12 17 804
17 12 804
12 48 922
48 12 922
12 84 353
84 12 353
12 25 986
25 12 986
12 27 804
27 12 804
12 55 145
55 12 145
12 47 579
47 12 579
12 45 680
45 12 680
12 59 689
59 12 689
12 29 382
29 12 382
12 18 775
18 12 775
12 22 679
22 12 679
12 72 827
72 12 827
12 27 604
27 12 604
13 25 643
25 13 643
13 51 362
51 13 362
13 57 673
57 13 673
13 61 112
61 13 112
13 78 662
78 13 662
13 78 521
78 13 521
13 56 583
56 13 583
13 81 474
81 13 474
13 39 388
39 13 388
13 66 997
66 13 997
13 80 641
80 13 641
13 84 793
84 13 793
14 56 235
56 14 235
14 81 781
81 14 781
14 16 658
16 14 658
14 24 531
24 14 531
14 83 571
83 14 571
14 41 42
41 14 42
14 46 938
46 14 938
15 22 135
22 15 135
15 40 266
40 15 266
15 49 338
49 15 338
15 24 208
24 15 208
15 84 95
84 15 95
15 73 738
73 15 738
15 48 159
48 15 159
15 80 647
80 15 647
16 19 83
19 16 83
16 21 28
21 16 28
16 41 27
41 16 27
16 37 731
37 16 731
16 21 640
21 16 640
16 72 344
72 16 344
16 29 525
29 16 525
16 37 174
37 16 174
16 83 404
83 16 404
16 20 952
20 16 952
16 42 960
42 16 960
16 64 492
64 16 492
16 42 535
42 16 535
16 84 933
84 16 933
17 77 725
77 17 725
17 75 202
75 17 202
17 57 653
57 17 653
17 54 114
54 17 114
17 82 327
82 17 327
17 79 955
79 17 955
17 32 583
32 17 583
17 70 4
70 17 4
17 76 789
76 17 789
17 23 824
23 17 824
17 29 87
29 17 87
17 71 483
71 17 483
18 20 498
20 18 498
18 27 530
27 18 530
18 41 307
41 18 307
18 52 671
52 18 671
18 29 475
29 18 475
18 45 473
45 18 473
18 46 616
46 18 616
18 28 722
28 18 722
18 75 746
75 18 746
18 84 403
84 18 403
18 77 250
77 18 250
18 24 770
24 18 770
18 55 961
55 18 961
19 72 587
72 19 587
19 22 431
22 19 431
19 34 287
34 19 287
19 37 263
37 19 263
19 38 408
38 19 408
19 58 130
58 19 130
19 51 265
51 19 265
20 58 766
58 20 766
20 65 862
65 20 862
20 25 728
25 20 728
20 60 2
60 20 2
20 30 767
30 20 767
20 36 140
36 20 140
21 59 222
59 21 222
21 73 584
73 21 584
21 22 716
22 21 716
21 66 132
66 21 132
21 21 475
21 21 475
21 79 370
79 21 370
21 26 867
26 21 867
21 55 439
55 21 439
21 39 228
39 21 228
22 65 726
65 22 726
22 81 67
81 22 67
22 50 930
50 22 930
22 47 562
47 22 562
22 30 894
30 22 894
22 72 605
72 22 605
22 37 559
37 22 559
23 35 404
35 23 404
23 69 482
69 23 482
23 55 840
55 23 840
23 27 157
27 23 157
23 74 70
74 23 70
23 55 540
55 23 540
24 31 685
31 24 685
24 75 245
75 24 245
24 41 453
41 24 453
24 29 598
29 24 598
24 79 58
79 24 58
24 56 883
56 24 883
24 39 717
39 24 717
24 80 626
80 24 626
24 69 420
69 24 420
25 48 996
48 25 996
25 63 294
63 25 294
25 81 780
81 25 780
25 63 459
63 25 459
25 56 847
56 25 847
25 40 859
40 25 859
25 74 364
74 25 364
25 45 124
45 25 124
26 29 216
29 26 216
26 47 120
47 26 120
26 54 890
54 26 890
26 55 255
55 26 255
26 58 868
58 26 868
26 63 513
63 26 513
26 38 708
38 26 708
27 34 120
34 27 120
27 55 876
55 27 876
27 82 832
82 27 832
27 76 794
76 27 794
27 60 478
60 27 478
27 63 130
63 27 130
28 58 980
58 28 980
28 39 491
39 28 491
28 47 349
47 28 349
28 58 127
58 28 127
28 51 993
51 28 993
28 49 195
49 28 195
29 74 498
74 29 498
29 62 440
62 29 440
29 52 784
52 29 784
29 50 324
50 29 324
29 76 917
76 29 917
29 82 404
82 29 404
29 84 153
84 29 153
29 80 724
80 29 724
29 43 173
43 29 173
29 55 891
55 29 891
30 52 584
52 30 584
30 65 839
65 30 839
30 55 142
55 30 142
30 81 351
81 30 351
30 49 451
49 30 451
30 72 665
72 30 665
30 54 233
54 30 233
30 74 281
74 30 281
31 36 567
36 31 567
31 70 239
70 31 239
31 80 365
80 31 365
31 54 697
54 31 697
31 66 631
66 31 631
31 41 447
41 31 447
31 49 776
49 31 776
32 37 224
37 32 224
32 44 801
44 32 801
32 65 349
65 32 349
32 58 81
58 32 81
32 48 436
48 32 436
32 55 874
55 32 874
32 73 487
73 32 487
32 75 767
75 32 767
33 80 167
80 33 167
33 73 806
73 33 806
33 43 872
43 33 872
33 42 175
42 33 175
33 79 629
79 33 629
33 49 288
49 33 288
34 45 737
45 34 737
34 55 282
55 34 282
34 75 666
75 34 666
34 60 446
60 34 446
34 84 705
84 34 705
34 81 772
81 34 772
34 59 283
59 34 283
34 74 947
74 34 947
34 73 514
73 34 514
34 65 350
65 34 350
35 50 504
50 35 504
35 39 752
39 35 752
35 69 433
69 35 433
35 43 628
43 35 628
35 64 70
64 35 70
36 36 446
36 36 446
36 57 854
57 36 854
36 53 712
53 36 712
37 43 510
43 37 510
37 68 505
68 37 505
37 40 415
40 37 415
37 46 718
46 37 718
37 49 638
49 37 638
38 57 672
57 38 672
38 70 397
70 38 397
39 68 228
68 39 228
39 55 564
55 39 564
39 52 396
52 39 396
40 60 787
60 40 787
40 44 146
44 40 146
40 82 12
82 40 12
40 44 304
44 40 304
40 65 208
65 40 208
40 45 419
45 40 419
41 42 349
42 41 349
41 63 933
63 41 933
41 70 807
70 41 807
41 51 972
51 41 972
42 62 956
62 42 956
43 68 411
68 43 411
43 53 89
53 43 89
43 52 491
52 43 491
43 55 350
55 43 350
44 52 243
52 44 243
44 60 787
60 44 787
44 82 524
82 44 524
44 76 249
76 44 249
44 71 164
71 44 164
44 57 49
57 44 49
44 61 241
61 44 241
44 72 741
72 44 741
44 70 255
70 44 255
44 52 518
52 44 518
44 81 941
81 44 941
45 63 112
63 45 112
45 83 117
83 45 117
45 50 707
50 45 707
46 63 950
63 46 950
46 64 80
64 46 80
46 75 293
75 46 293
47 61 702
61 47 702
47 82 407
82 47 407
47 58 547
58 47 547
47 64 179
64 47 179
47 80 174
80 47 174
47 72 974
72 47 974
48 53 225
53 48 225
48 73 369
73 48 369
49 52 810
52 49 810
49 55 118
55 49 118
50 81 521
81 50 521
50 82 395
82 50 395
51 76 892
76 51 892
51 54 615
54 51 615
51 56 595
56 51 595
51 59 403
59 51 403
52 60 684
60 52 684
52 59 508
59 52 508
52 74 722
74 52 722
53 54 531
54 53 531
53 73 211
73 53 211
53 68 384
68 53 384
53 67 229
67 53 229
54 62 537
62 54 537
54 83 555
83 54 555
54 72 162
72 54 162
54 72 743
72 54 743
54 83 684
83 54 684
54 64 625
64 54 625
55 83 908
83 55 908
55 56 101
56 55 101
55 69 530
69 55 530
56 67 773
67 56 773
56 84 457
84 56 457
56 67 590
67 56 590
56 72 262
72 56 262
56 68 443
68 56 443
57 62 921
62 57 921
57 70 783
70 57 783
58 79 427
79 58 427
58 73 202
73 58 202
59 62 919
62 59 919
60 82 862
82 60 862
60 63 689
63 60 689
61 84 744
84 61 744
61 77 221
77 61 221
61 71 141
71 61 141
63 78 516
78 63 516
63 82 272
82 63 272
64 73 609
73 64 609
64 84 840
84 64 840
64 68 863
68 64 863
65 83 74
83 65 74
65 68 573
68 65 573
65 72 259
72 65 259
65 78 807
78 65 807
66 81 138
81 66 138
67 84 674
84 67 674
68 80 187
80 68 187
68 80 816
80 68 816
68 80 871
80 68 871
69 79 765
79 69 765
69 79 854
79 69 854
70 77 423
77 70 423
72 76 660
76 72 660
72 72 973
72 72 973
73 77 449
77 73 449
75 80 400
80 75 400
75 75 493
75 75 493
76 80 268
80 76 268
77 81 680
81 77 680
77 78 498
78 77 498
77 81 744
81 77 744
78 79 164
79 78 164
