20

0 1 907
1 0 907
0 2 517
2 0 517
0 3 305
3 0 305
0 7 262
7 0 262
0 7 960
7 0 960
0 12 22
12 0 22
0 12 253
12 0 253
0 9 552
9 0 552
0 10 295
10 0 295
0 12 57
12 0 57
0 2 759
2 0 759
0 16 666
16 0 666
0 4 158
4 0 158
0 3 19
3 0 19
0 2 901
2 0 901
0 18 972
18 0 972
0 3 325
3 0 325
0 6 858
6 0 858
0 6 565
6 0 565
0 5 450
5 0 450
0 5 515
5 0 515
0 6 217
6 0 217
1 4 277
4 1 277
1 12 732
12 1 732
1 14 255
14 1 255
1 8 494
8 1 494
1 16 874
16 1 874
1 19 839
19 1 839
1 5 548
5 1 548
1 14 910
14 1 910
1 11 57
11 1 57
1 4 33
4 1 33
1 3 443
3 1 443
1 18 746
18 1 746
1 4 710
4 1 710
1 16 167
16 1 167
1 10 403
10 1 403
1 5 515
5 1 515
1 19 468
19 1 468
1 11 248
11 1 248
1 12 699
12 1 699
1 9 461
9 1 461
1 8 905
8 1 905
2 9 942
9 2 942
2 7 258
7 2 258
2 10 384
10 2 384
2 2 754
2 2 754
2 16 762
16 2 762
2 5 79
5 2 79
2 6 71
6 2 71
2 10 487
10 2 487
2 18 540
18 2 540
2 11 828
11 2 828
2 16 988
16 2 988
3 6 202
6 3 202
3 10 898
10 3 898
3 6 56
6 3 56
3 13 609
13 3 609
3 10 964
10 3 964
3 15 560
15 3 560
3 17 827
17 3 827
3 6 249
6 3 249
3 19 469
19 3 469
3 9 400
9 3 400
3 19 858
19 3 858
3 11 898
11 3 898
3 19 879
19 3 879
3 5 8
5 3 8
3 14 153
14 3 153
3 19 69
19 3 69
3 16 709
16 3 709
4 5 320
5 4 320
4 11 226
11 4 226
4 8 321
8 4 321
4 15 565
15 4 565
4 19 492
19 4 492
4 5 922
5 4 922
4 4 294
4 4 294
4 19 858
19 4 858
4 9 191
9 4 191
4 9 61
9 4 61
4 9 394
9 4 394
4 18 438
18 4 438
5 18 868
18 5 868
5 17 93
17 5 93
5 18 256
18 5 256
5 8 956
8 5 956
5 9 876
9 5 876
5 14 790
14 5 790
5 8 765
8 5 765
5 15 697
15 5 697
5 14 235
14 5 235
5 7 642
7 5 642
5 12 855
12 5 855
5 14 539
14 5 539
6 8 749
8 6 749
6 9 525
9 6 525
6 15 406
15 6 406
6 13 748
13 6 748
6 15 838
15 6 838
6 17 135
17 6 135
6 10 207
10 6 207
6 12 497
12 6 497
6 11 243
11 6 243
6 9 923
9 6 923
6 19 531
19 6 531
6 9 616
9 6 616
7 11 105
11 7 105
7 11 959
11 7 959
7 11 499
11 7 499
7 12 723
12 7 723
7 16 150
16 7 150
7 14 955
14 7 955
7 19 680
19 7 680
7 16 739
16 7 739
7 13 219
13 7 219
7 19 926
19 7 926
7 12 927
12 7 927
7 16 274
16 7 274
7 18 732
18 7 732
7 18 392
18 7 392
7 16 111
16 7 111
7 19 534
19 7 534
7 11 109
11 7 109
8 11 287
11 8 287
8 15 382
15 8 382
8 8 881
8 8 881
8 8 516
8 8 516
8 13 411
13 8 411
9 13 457
13 9 457
9 17 537
17 9 537
9 18 349
18 9 349
9 10 967
10 9 967
9 14 187
14 9 187
9 18 459
18 9 459
9 13 977
13 9 977
9 14 771
14 9 771
9 12 121
12 9 121
9 18 293
18 9 293
10 11 31
11 10 31
10 14 427
14 10 427
10 14 637
14 10 637
10 14 342
14 10 342
10 11 325
11 10 325
10 19 784
19 10 784
10 18 69
18 10 69
10 19 642
19 10 642
10 18 434
18 10 434
10 12 840
12 10 840
10 15 111
15 10 111
10 18 758
18 10 758
11 16 635
16 11 635
11 14 946
14 11 946
11 19 677
19 11 677
11 16 183
16 11 183
11 14 482
14 11 482
11 12 303
12 11 303
11 11 887
11 11 887
11 16 74
16 11 74
11 12 79
12 11 79
12 15 382
15 12 382
12 13 811
13 12 811
12 16 283
16 12 283
12 17 618
17 12 618
13 15 331
15 13 331
13 16 492
16 13 492
13 17 122
17 13 122
13 16 571
16 13 571
13 13 909
13 13 909
13 19 506
19 13 506
13 18 587
18 13 587
14 16 410
16 14 410
14 14 201
14 14 201
14 18 106
18 14 106
14 19 428
19 14 428
14 17 696
17 14 696
15 17 144
17 15 144
15 19 573
19 15 573
15 19 469
19 15 469
15 18 727
18 15 727
16 17 118
17 16 118
16 16 504
16 16 504
17 19 47
19 17 47
17 19 963
19 17 963
17 19 940
19 17 940
17 19 361
19 17 361
