75

0 1 164
1 0 164
0 2 963
2 0 963
0 3 413
3 0 413
0 11 553
11 0 553
0 26 793
26 0 793
0 32 445
32 0 445
0 36 63
36 0 63
0 43 46
43 0 46
0 53 473
53 0 473
0 29 900
29 0 900
0 34 134
34 0 134
0 5 858
5 0 858
0 37 564
37 0 564
0 14 224
14 0 224
0 40 701
40 0 701
0 25 215
25 0 215
0 40 489
40 0 489
0 9 287
9 0 287
0 66 614
66 0 614
0 64 453
64 0 453
0 2 968
2 0 968
0 31 215
31 0 215
0 33 210
33 0 210
0 21 305
21 0 305
0 8 33
8 0 33
0 41 927
41 0 927
0 41 222
41 0 222
0 57 871
57 0 871
0 32 933
32 0 933
0 57 444
57 0 444
0 22 878
22 0 878
0 27 997
27 0 997
0 67 290
67 0 290
0 44 896
44 0 896
0 9 632
9 0 632
0 26 835
26 0 835
0 27 405
27 0 405
1 4 253
4 1 253
1 6 487
6 1 487
1 18 704
18 1 704
1 30 197
30 1 197
1 34 533
34 1 533
1 39 530
39 1 530
1 61 68
61 1 68
1 13 27
13 1 27
1 67 158
67 1 158
1 68 638
68 1 638
1 43 61
43 1 61
1 48 51
48 1 51
1 46 575
46 1 575
1 65 44
65 1 44
1 74 406
74 1 406
1 17 453
17 1 453
1 13 20
13 1 20
1 35 371
35 1 371
1 48 299
48 1 299
1 68 884
68 1 884
1 21 406
21 1 406
2 5 407
5 2 407
2 55 128
55 2 128
2 61 431
61 2 431
2 13 190
13 2 190
2 38 854
38 2 854
2 42 338
42 2 338
2 41 954
41 2 954
2 28 107
28 2 107
2 19 451
19 2 451
2 43 149
43 2 149
2 65 814
65 2 814
2 31 916
31 2 916
2 48 529
48 2 529
2 67 918
67 2 918
2 28 324
28 2 324
2 56 666
56 2 666
2 30 267
30 2 267
2 60 218
60 2 218
2 24 21
24 2 21
2 58 801
58 2 801
2 74 735
74 2 735
3 14 852
14 3 852
3 66 539
66 3 539
3 74 390
74 3 390
3 7 568
7 3 568
3 59 15
59 3 15
3 33 31
33 3 31
3 41 911
41 3 911
3 40 599
40 3 599
3 48 795
48 3 795
3 27 253
27 3 253
3 22 737
22 3 737
3 71 921
71 3 921
3 36 272
36 3 272
3 26 236
26 3 236
3 71 4
71 3 4
3 73 65
73 3 65
3 29 576
29 3 576
3 29 168
29 3 168
3 71 307
71 3 307
3 71 146
71 3 146
3 24 860
24 3 860
3 52 52
52 3 52
3 37 790
37 3 790
3 52 478
52 3 478
4 13 917
13 4 917
4 17 422
17 4 422
4 59 567
59 4 567
4 51 552
51 4 552
4 50 85
50 4 85
4 36 42
36 4 42
4 64 495
64 4 495
4 50 438
50 4 438
4 52 757
52 4 757
4 47 314
47 4 314
4 64 371
64 4 371
4 7 543
7 4 543
4 61 721
61 4 721
4 28 31
28 4 31
4 18 424
18 4 424
4 24 267
24 4 267
4 55 120
55 4 120
4 58 482
58 4 482
4 30 82
30 4 82
4 58 821
58 4 821
4 39 180
39 4 180
4 62 653
62 4 653
5 21 630
21 5 630
5 38 766
38 5 766
5 8 806
8 5 806
5 6 169
6 5 169
5 38 228
38 5 228
5 71 448
71 5 448
5 56 391
56 5 391
5 32 934
32 5 934
5 58 554
58 5 554
5 71 663
71 5 663
5 39 692
39 5 692
5 58 96
58 5 96
5 68 592
68 5 592
5 36 969
36 5 969
5 56 154
56 5 154
5 23 287
23 5 287
5 21 796
21 5 796
5 5 339
5 5 339
5 48 289
48 5 289
5 10 377
10 5 377
5 39 549
39 5 549
5 68 704
68 5 704
5 42 142
42 5 142
5 62 673
62 5 673
5 7 960
7 5 960
5 29 753
29 5 753
6 7 74
7 6 74
6 29 114
29 6 114
6 60 868
60 6 868
6 33 134
33 6 134
6 52 113
52 6 113
6 69 790
69 6 790
6 23 334
23 6 334
6 24 676
24 6 676
6 34 689
34 6 689
6 60 206
60 6 206
6 19 789
19 6 789
6 66 290
66 6 290
6 34 737
34 6 737
6 29 719
29 6 719
6 9 177
9 6 177
6 41 708
41 6 708
6 70 52
70 6 52
6 64 341
64 6 341
6 26 795
26 6 795
6 32 428
32 6 428
6 57 45
57 6 45
6 34 567
34 6 567
6 19 73
19 6 73
6 46 529
46 6 529
6 21 797
21 6 797
6 45 826
45 6 826
6 48 294
48 6 294
6 21 141
21 6 141
6 69 975
69 6 975
6 15 823
15 6 823
6 49 395
49 6 395
6 49 381
49 6 381
6 29 732
29 6 732
6 59 98
59 6 98
7 8 736
8 7 736
7 10 546
10 7 546
7 12 246
12 7 246
7 24 745
24 7 745
7 58 622
58 7 622
7 49 563
49 7 563
7 25 161
25 7 161
7 71 354
71 7 354
7 28 911
28 7 911
7 8 45
8 7 45
7 22 211
22 7 211
7 73 505
73 7 505
7 20 954
20 7 954
7 65 872
65 7 872
7 42 390
42 7 390
7 47 884
47 7 884
7 20 146
20 7 146
7 69 554
69 7 554
7 60 766
60 7 766
7 54 659
54 7 659
7 36 99
36 7 99
7 16 69
16 7 69
7 23 92
23 7 92
7 19 338
19 7 338
7 39 460
39 7 460
7 25 13
25 7 13
7 60 853
60 7 853
7 13 555
13 7 555
7 17 15
17 7 15
7 43 114
43 7 114
7 59 258
59 7 258
7 51 474
51 7 474
8 9 144
9 8 144
8 35 838
35 8 838
8 41 246
41 8 246
8 67 468
67 8 468
8 73 836
73 8 836
8 58 632
58 8 632
8 22 260
22 8 260
8 10 795
10 8 795
8 9 434
9 8 434
8 30 803
30 8 803
8 69 634
69 8 634
8 65 189
65 8 189
8 23 930
23 8 930
8 46 186
46 8 186
8 39 238
39 8 238
8 61 413
61 8 413
8 25 904
25 8 904
8 50 324
50 8 324
8 70 934
70 8 934
8 13 793
13 8 793
8 11 225
11 8 225
9 23 886
23 9 886
9 25 255
25 9 255
9 33 154
33 9 154
9 73 698
73 9 698
9 67 446
67 9 446
9 25 846
25 9 846
9 41 66
41 9 66
9 74 373
74 9 373
9 54 632
54 9 632
9 74 932
74 9 932
9 72 226
72 9 226
9 48 89
48 9 89
9 56 689
56 9 689
9 51 72
51 9 72
9 40 276
40 9 276
9 29 903
29 9 903
9 38 553
38 9 553
9 39 650
39 9 650
9 69 142
69 9 142
9 62 622
62 9 622
9 65 583
65 9 583
10 20 451
20 10 451
10 36 137
36 10 137
10 52 879
52 10 879
10 19 559
19 10 559
10 69 610
69 10 610
10 17 325
17 10 325
10 18 522
18 10 522
10 12 821
12 10 821
10 12 697
12 10 697
10 13 419
13 10 419
10 20 753
20 10 753
10 40 933
40 10 933
10 39 333
39 10 333
10 12 808
12 10 808
10 18 656
18 10 656
10 74 193
74 10 193
10 53 207
53 10 207
10 69 265
69 10 265
10 19 835
19 10 835
10 11 470
11 10 470
10 66 796
66 10 796
10 20 388
20 10 388
10 22 814
22 10 814
10 43 379
43 10 379
10 58 554
58 10 554
10 58 972
58 10 972
10 34 952
34 10 952
10 41 944
41 10 944
10 14 155
14 10 155
10 70 690
70 10 690
11 15 356
15 11 356
11 65 465
65 11 465
11 56 166
56 11 166
11 62 902
62 11 902
11 74 431
74 11 431
11 51 518
51 11 518
11 60 964
60 11 964
11 55 290
55 11 290
11 51 742
51 11 742
11 18 293
18 11 293
11 31 25
31 11 25
11 40 267
40 11 267
11 20 370
20 11 370
11 63 470
63 11 470
11 38 342
38 11 342
11 66 705
66 11 705
11 22 584
22 11 584
12 73 162
73 12 162
12 43 439
43 12 439
12 19 291
19 12 291
12 24 154
24 12 154
12 34 923
34 12 923
12 24 826
24 12 826
12 22 678
22 12 678
12 33 312
33 12 312
12 71 841
71 12 841
12 62 947
62 12 947
12 31 426
31 12 426
12 67 133
67 12 133
12 52 371
52 12 371
12 71 623
71 12 623
12 64 895
64 12 895
12 72 561
72 12 561
12 69 590
69 12 590
13 45 356
45 13 356
13 68 847
68 13 847
13 20 2
20 13 2
13 54 879
54 13 879
13 46 905
46 13 905
13 20 4
20 13 4
13 55 569
55 13 569
13 57 423
57 13 423
13 55 302
55 13 302
13 43 886
43 13 886
13 53 472
53 13 472
13 72 611
72 13 611
13 47 494
47 13 494
13 68 744
68 13 744
13 18 21
18 13 21
13 73 347
73 13 347
13 46 653
46 13 653
13 48 483
48 13 483
13 46 498
46 13 498
13 74 881
74 13 881
13 48 525
48 13 525
13 56 663
56 13 663
13 51 942
51 13 942
13 71 473
71 13 473
13 15 838
15 13 838
13 41 10
41 13 10
13 27 949
27 13 949
14 16 317
16 14 317
14 55 189
55 14 189
14 26 802
26 14 802
14 34 168
34 14 168
14 67 11
67 14 11
14 72 317
72 14 317
14 25 290
25 14 290
14 40 362
40 14 362
14 51 536
51 14 536
14 32 155
32 14 155
14 28 149
28 14 149
14 24 315
24 14 315
14 36 415
36 14 415
14 34 663
34 14 663
14 29 658
29 14 658
14 61 794
61 14 794
14 56 983
56 14 983
15 27 675
27 15 675
15 48 776
48 15 776
15 51 29
51 15 29
15 66 18
66 15 18
15 45 701
45 15 701
15 33 847
33 15 847
15 63 297
63 15 297
15 23 493
23 15 493
15 60 477
60 15 477
15 45 594
45 15 594
15 59 945
59 15 945
15 50 140
50 15 140
15 27 486
27 15 486
15 34 469
34 15 469
15 18 422
18 15 422
15 29 335
29 15 335
15 43 266
43 15 266
15 28 134
28 15 134
15 50 735
50 15 735
15 63 634
63 15 634
15 53 487
53 15 487
15 71 515
71 15 515
15 33 211
33 15 211
15 32 721
32 15 721
15 60 448
60 15 448
15 35 900
35 15 900
15 37 458
37 15 458
15 35 711
35 15 711
16 28 720
28 16 720
16 31 962
31 16 962
16 35 72
35 16 72
16 25 496
25 16 496
16 18 663
18 16 663
16 18 404
18 16 404
16 56 303
56 16 303
16 27 397
27 16 397
16 27 365
27 16 365
16 56 41
56 16 41
16 32 673
32 16 673
16 20 881
20 16 881
16 47 395
47 16 395
16 69 795
69 16 795
16 58 40
58 16 40
16 51 550
51 16 550
16 46 418
46 16 418
16 57 992
57 16 992
17 19 894
19 17 894
17 42 820
42 17 820
17 24 222
24 17 222
17 43 475
43 17 475
17 59 559
59 17 559
17 36 895
36 17 895
17 58 615
58 17 615
17 61 197
61 17 197
17 37 983
37 17 983
17 40 933
40 17 933
17 62 560
62 17 560
17 65 442
65 17 442
17 66 7
66 17 7
17 53 181
53 17 181
17 61 222
61 17 222
17 54 879
54 17 879
18 18 831
18 18 831
18 55 472
55 18 472
18 55 35
55 18 35
18 53 140
53 18 140
18 38 632
38 18 632
18 47 141
47 18 141
18 69 751
69 18 751
18 60 54
60 18 54
18 31 204
31 18 204
18 61 489
61 18 489
18 41 435
41 18 435
18 50 585
50 18 585
18 45 267
45 18 267
18 21 977
21 18 977
18 29 189
29 18 189
18 69 595
69 18 595
18 56 683
56 18 683
18 61 452
61 18 452
18 59 961
59 18 961
19 22 621
22 19 621
19 70 101
70 19 101
19 69 834
69 19 834
19 33 143
33 19 143
19 48 875
48 19 875
19 24 30
24 19 30
19 66 156
66 19 156
19 69 394
69 19 394
19 52 457
52 19 457
19 52 288
52 19 288
19 41 936
41 19 936
19 72 907
72 19 907
19 21 978
21 19 978
19 23 442
23 19 442
19 27 442
27 19 442
19 27 516
27 19 516
19 31 346
31 19 346
19 46 134
46 19 134
20 66 265
66 20 265
20 23 106
23 20 106
20 31 453
31 20 453
20 37 784
37 20 784
20 64 357
64 20 357
20 39 889
39 20 889
20 53 556
53 20 556
20 69 5
69 20 5
20 29 624
29 20 624
20 28 906
28 20 906
20 69 607
69 20 607
20 67 377
67 20 377
21 45 345
45 21 345
21 74 848
74 21 848
21 60 681
60 21 681
21 66 556
66 21 556
21 62 167
62 21 167
21 49 224
49 21 224
21 36 476
36 21 476
21 74 815
74 21 815
21 63 215
63 21 215
21 61 963
61 21 963
21 72 791
72 21 791
21 24 45
24 21 45
21 40 618
40 21 618
21 23 661
23 21 661
21 29 645
29 21 645
21 60 5
60 21 5
22 73 92
73 22 92
22 69 857
69 22 857
22 51 835
51 22 835
22 66 242
66 22 242
22 24 883
24 22 883
22 74 332
74 22 332
22 46 283
46 22 283
22 54 560
54 22 560
22 72 730
72 22 730
22 51 203
51 22 203
22 23 129
23 22 129
22 57 338
57 22 338
22 49 558
49 22 558
22 53 206
53 22 206
22 27 941
27 22 941
22 64 526
64 22 526
22 55 842
55 22 842
22 68 330
68 22 330
22 61 383
61 22 383
22 31 907
31 22 907
23 73 765
73 23 765
23 74 985
74 23 985
23 51 127
51 23 127
23 33 554
33 23 554
23 43 233
43 23 233
23 44 414
44 23 414
23 31 64
31 23 64
23 44 441
44 23 441
23 43 102
43 23 102
24 40 865
40 24 865
24 47 682
47 24 682
24 37 686
37 24 686
24 60 715
60 24 715
24 50 162
50 24 162
24 68 920
68 24 920
24 53 814
53 24 814
24 32 139
32 24 139
24 38 28
38 24 28
24 50 871
50 24 871
24 25 9
25 24 9
24 73 276
73 24 276
24 64 515
64 24 515
24 62 274
62 24 274
24 68 615
68 24 615
25 44 727
44 25 727
25 51 655
51 25 655
25 67 652
67 25 652
25 49 882
49 25 882
25 73 829
73 25 829
25 56 271
56 25 271
25 52 626
52 25 626
25 33 660
33 25 660
25 65 326
65 25 326
25 33 165
33 25 165
25 35 580
35 25 580
25 44 179
44 25 179
25 62 150
62 25 150
25 65 101
65 25 101
25 52 528
52 25 528
25 48 133
48 25 133
26 31 212
31 26 212
26 65 717
65 26 717
26 50 115
50 26 115
26 65 530
65 26 530
26 41 398
41 26 398
26 28 663
28 26 663
26 39 809
39 26 809
26 40 588
40 26 588
26 59 712
59 26 712
26 42 664
42 26 664
26 65 598
65 26 598
26 71 72
71 26 72
26 26 875
26 26 875
27 61 660
61 27 660
27 65 176
65 27 176
27 33 207
33 27 207
27 73 245
73 27 245
27 36 176
36 27 176
27 63 554
63 27 554
27 63 719
63 27 719
27 38 350
38 27 350
27 37 4
37 27 4
27 51 198
51 27 198
27 59 241
59 27 241
27 35 356
35 27 356
27 69 548
69 27 548
27 59 559
59 27 559
28 49 132
49 28 132
28 66 151
66 28 151
28 73 640
73 28 640
28 64 894
64 28 894
28 55 323
55 28 323
28 55 305
55 28 305
28 30 697
30 28 697
28 54 685
54 28 685
28 43 789
43 28 789
28 48 588
48 28 588
28 34 972
34 28 972
29 56 541
56 29 541
29 63 840
63 29 840
29 49 71
49 29 71
29 30 441
30 29 441
29 54 422
54 29 422
29 55 846
55 29 846
29 39 791
39 29 791
29 43 876
43 29 876
29 34 658
34 29 658
29 56 57
56 29 57
29 42 959
42 29 959
29 73 773
73 29 773
29 29 362
29 29 362
29 61 619
61 29 619
29 48 9
48 29 9
30 38 401
38 30 401
30 71 974
71 30 974
30 68 665
68 30 665
30 53 632
53 30 632
30 39 318
39 30 318
30 37 657
37 30 657
30 37 794
37 30 794
30 52 434
52 30 434
30 49 164
49 30 164
30 59 495
59 30 495
30 57 557
57 30 557
31 47 693
47 31 693
31 33 827
33 31 827
31 57 956
57 31 956
31 38 411
38 31 411
31 33 421
33 31 421
31 32 656
32 31 656
31 42 627
42 31 627
31 34 359
34 31 359
32 37 989
37 32 989
32 47 634
47 32 634
32 62 303
62 32 303
32 63 762
63 32 762
32 67 249
67 32 249
32 33 280
33 32 280
32 48 72
48 32 72
32 63 927
63 32 927
32 57 734
57 32 734
32 42 627
42 32 627
32 52 377
52 32 377
32 49 560
49 32 560
32 43 590
43 32 590
32 71 901
71 32 901
32 62 90
62 32 90
32 53 587
53 32 587
32 73 324
73 32 324
33 69 509
69 33 509
33 49 727
49 33 727
33 44 940
44 33 940
33 72 523
72 33 523
33 69 799
69 33 799
33 49 329
49 33 329
33 68 642
68 33 642
33 68 943
68 33 943
33 58 304
58 33 304
33 72 385
72 33 385
33 47 844
47 33 844
34 49 478
49 34 478
34 52 785
52 34 785
34 54 701
54 34 701
34 53 537
53 34 537
34 46 703
46 34 703
34 54 97
54 34 97
34 62 824
62 34 824
34 72 163
72 34 163
34 34 186
34 34 186
34 54 825
54 34 825
34 53 509
53 34 509
34 55 410
55 34 410
34 64 640
64 34 640
34 59 591
59 34 591
34 61 825
61 34 825
35 70 776
70 35 776
35 63 205
63 35 205
35 42 483
42 35 483
35 42 296
42 35 296
35 59 352
59 35 352
35 38 266
38 35 266
35 71 653
71 35 653
35 42 810
42 35 810
35 73 563
73 35 563
35 38 881
38 35 881
36 52 983
52 36 983
36 68 245
68 36 245
36 55 847
55 36 847
36 51 740
51 36 740
36 47 628
47 36 628
36 38 309
38 36 309
36 44 746
44 36 746
36 52 910
52 36 910
36 48 116
48 36 116
36 67 887
67 36 887
36 66 215
66 36 215
36 56 90
56 36 90
36 69 269
69 36 269
36 53 107
53 36 107
37 38 603
38 37 603
37 46 856
46 37 856
37 72 448
72 37 448
37 52 211
52 37 211
37 63 975
63 37 975
37 43 671
43 37 671
37 60 138
60 37 138
37 74 499
74 37 499
37 40 628
40 37 628
37 67 655
67 37 655
37 64 645
64 37 645
37 47 857
47 37 857
37 58 770
58 37 770
37 58 825
58 37 825
37 54 338
54 37 338
37 73 485
73 37 485
37 61 457
61 37 457
38 43 235
43 38 235
38 72 188
72 38 188
38 53 885
53 38 885
38 51 632
51 38 632
38 38 54
38 38 54
38 65 4
65 38 4
38 45 178
45 38 178
38 73 533
73 38 533
38 72 965
72 38 965
39 44 336
44 39 336
39 57 863
57 39 863
39 68 764
68 39 764
39 49 938
49 39 938
39 49 188
49 39 188
39 46 688
46 39 688
39 71 513
71 39 513
39 41 700
41 39 700
39 50 76
50 39 76
39 44 95
44 39 95
39 44 870
44 39 870
39 53 139
53 39 139
39 55 592
55 39 592
40 53 15
53 40 15
40 61 235
61 40 235
40 60 155
60 40 155
40 56 864
56 40 864
40 59 657
59 40 657
40 55 552
55 40 552
40 54 428
54 40 428
40 47 705
47 40 705
40 59 505
59 40 505
40 65 766
65 40 766
40 65 164
65 40 164
41 50 428
50 41 428
41 46 544
46 41 544
41 52 509
52 41 509
41 64 32
64 41 32
41 65 315
65 41 315
41 61 881
61 41 881
41 48 378
48 41 378
41 65 916
65 41 916
41 72 885
72 41 885
41 44 153
44 41 153
42 65 870
65 42 870
42 60 240
60 42 240
42 51 770
51 42 770
42 63 102
63 42 102
42 67 943
67 42 943
42 63 950
63 42 950
42 63 439
63 42 439
42 54 876
54 42 876
42 58 9
58 42 9
42 52 198
52 42 198
42 66 908
66 42 908
42 61 170
61 42 170
43 64 981
64 43 981
43 51 497
51 43 497
43 62 134
62 43 134
43 59 786
59 43 786
43 46 121
46 43 121
43 51 389
51 43 389
43 60 854
60 43 854
43 46 561
46 43 561
43 63 355
63 43 355
43 67 314
67 43 314
43 71 291
71 43 291
43 67 716
67 43 716
43 43 855
43 43 855
43 73 168
73 43 168
44 72 45
72 44 45
44 65 84
65 44 84
44 60 988
60 44 988
44 47 783
47 44 783
44 50 998
50 44 998
44 60 350
60 44 350
44 55 425
55 44 425
44 54 517
54 44 517
44 57 120
57 44 120
44 57 701
57 44 701
44 52 318
52 44 318
44 65 472
65 44 472
44 54 284
54 44 284
44 49 362
49 44 362
45 67 839
67 45 839
45 48 31
48 45 31
45 54 898
54 45 898
45 46 298
46 45 298
45 69 479
69 45 479
45 69 95
69 45 95
45 71 426
71 45 426
45 56 396
56 45 396
45 61 86
61 45 86
45 50 211
50 45 211
46 59 969
59 46 969
46 58 270
58 46 270
46 62 527
62 46 527
46 70 6
70 46 6
46 65 198
65 46 198
46 48 771
48 46 771
47 63 74
63 47 74
47 73 761
73 47 761
47 70 558
70 47 558
47 73 483
73 47 483
47 54 670
54 47 670
48 74 386
74 48 386
48 52 829
52 48 829
48 49 369
49 48 369
48 63 347
63 48 347
48 55 336
55 48 336
48 73 923
73 48 923
48 68 467
68 48 467
48 73 842
73 48 842
48 74 861
74 48 861
49 67 889
67 49 889
49 68 684
68 49 684
49 65 293
65 49 293
49 71 708
71 49 708
49 73 852
73 49 852
49 50 756
50 49 756
49 61 672
61 49 672
49 55 250
55 49 250
49 56 404
56 49 404
49 66 855
66 49 855
49 63 42
63 49 42
50 55 797
55 50 797
50 64 153
64 50 153
50 55 857
55 50 857
50 63 410
63 50 410
50 67 941
67 50 941
50 71 334
71 50 334
50 60 99
60 50 99
51 69 558
69 51 558
51 56 543
56 51 543
51 67 892
67 51 892
51 61 793
61 51 793
51 56 759
56 51 759
51 70 950
70 51 950
51 56 341
56 51 341
52 66 885
66 52 885
52 55 367
55 52 367
52 69 397
69 52 397
52 56 800
56 52 800
52 63 104
63 52 104
52 62 403
62 52 403
52 59 744
59 52 744
52 53 898
53 52 898
53 68 765
68 53 765
53 59 744
59 53 744
53 56 323
56 53 323
53 58 181
58 53 181
53 68 852
68 53 852
53 62 898
62 53 898
53 67 934
67 53 934
54 70 337
70 54 337
54 72 167
72 54 167
54 74 442
74 54 442
54 71 604
71 54 604
55 69 620
69 55 620
55 71 784
71 55 784
55 62 260
62 55 260
55 58 169
58 55 169
56 69 209
69 56 209
56 63 453
63 56 453
56 64 954
64 56 954
57 68 673
68 57 673
57 60 274
60 57 274
57 58 44
58 57 44
57 60 985
60 57 985
57 73 825
73 57 825
57 69 120
69 57 120
57 58 887
58 57 887
57 61 547
61 57 547
57 74 21
74 57 21
57 73 913
73 57 913
57 69 875
69 57 875
58 68 883
68 58 883
58 63 727
63 58 727
58 70 242
70 58 242
58 72 248
72 58 248
58 73 381
73 58 381
58 68 850
68 58 850
58 59 606
59 58 606
59 68 879
68 59 879
59 66 710
66 59 710
59 70 453
70 59 453
59 74 282
74 59 282
59 65 476
65 59 476
60 69 931
69 60 931
60 67 876
67 60 876
60 72 286
72 60 286
60 68 471
68 60 471
60 70 183
70 60 183
61 71 403
71 61 403
61 67 809
67 61 809
61 72 273
72 61 273
61 70 876
70 61 876
61 74 166
74 61 166
62 69 194
69 62 194
62 71 91
71 62 91
62 69 405
69 62 405
62 74 421
74 62 421
62 69 155
69 62 155
62 74 722
74 62 722
63 69 824
69 63 824
63 64 372
64 63 372
63 63 231
63 63 231
63 66 152
66 63 152
64 73 497
73 64 497
64 68 850
68 64 850
64 67 962
67 64 962
64 68 500
68 64 500
64 73 290
73 64 290
64 73 360
73 64 360
64 68 836
68 64 836
65 74 141
74 65 141
65 74 159
74 65 159
65 66 691
66 65 691
65 69 476
69 65 476
65 66 70
66 65 70
66 70 442
70 66 442
66 68 469
68 66 469
66 69 932
69 66 932
67 69 472
69 67 472
67 69 266
69 67 266
67 71 929
71 67 929
67 72 81
72 67 81
68 71 459
71 68 459
69 71 400
71 69 400
71 73 262
73 71 262
72 74 148
74 72 148
72 74 579
74 72 579
