74

0 1 267
1 0 267
0 4 821
4 0 821
0 18 401
18 0 401
0 65 593
65 0 593
0 52 753
52 0 753
0 11 478
11 0 478
0 10 163
10 0 163
0 47 908
47 0 908
0 43 398
43 0 398
0 55 596
55 0 596
0 12 731
12 0 731
0 33 282
33 0 282
1 2 399
2 1 399
1 3 297
3 1 297
1 5 664
5 1 664
1 8 565
8 1 565
1 13 192
13 1 192
1 45 700
45 1 700
1 70 429
70 1 429
1 16 720
16 1 720
1 5 417
5 1 417
1 57 744
57 1 744
1 9 551
9 1 551
1 15 28
15 1 28
1 53 720
53 1 720
1 73 468
73 1 468
2 15 906
15 2 906
2 55 950
55 2 950
2 70 291
70 2 291
2 33 845
33 2 845
2 64 648
64 2 648
2 51 951
51 2 951
2 13 106
13 2 106
2 8 943
8 2 943
2 24 912
24 2 912
2 40 428
40 2 428
2 16 501
16 2 501
2 5 437
5 2 437
2 58 561
58 2 561
2 40 374
40 2 374
2 66 761
66 2 761
3 59 782
59 3 782
3 71 158
71 3 158
3 44 697
44 3 697
3 21 141
21 3 141
3 29 410
29 3 410
3 34 214
34 3 214
3 73 938
73 3 938
3 53 458
53 3 458
3 63 826
63 3 826
3 12 205
12 3 205
4 9 192
9 4 192
4 51 711
51 4 711
4 37 736
37 4 736
4 29 9
29 4 9
4 51 609
51 4 609
4 24 940
24 4 940
4 35 164
35 4 164
4 34 815
34 4 815
4 39 430
39 4 430
4 69 733
69 4 733
5 6 949
6 5 949
5 30 316
30 5 316
5 36 82
36 5 82
5 6 515
6 5 515
5 29 394
29 5 394
5 36 585
36 5 585
5 30 478
30 5 478
5 33 898
33 5 898
5 29 28
29 5 28
5 19 198
19 5 198
5 34 539
34 5 539
5 64 224
64 5 224
6 7 108
7 6 108
6 12 129
12 6 129
6 19 790
19 6 790
6 45 956
45 6 956
6 52 347
52 6 347
6 70 355
70 6 355
6 17 978
17 6 978
6 7 699
7 6 699
6 41 905
41 6 905
6 36 462
36 6 462
6 43 599
43 6 599
6 41 79
41 6 79
6 42 953
42 6 953
6 26 50
26 6 50
6 39 690
39 6 690
6 22 350
22 6 350
6 29 881
29 6 881
6 47 36
47 6 36
6 25 580
25 6 580
6 39 666
39 6 666
6 52 443
52 6 443
6 45 268
45 6 268
6 24 194
24 6 194
6 23 491
23 6 491
6 16 37
16 6 37
7 29 840
29 7 840
7 35 58
35 7 58
7 10 714
10 7 714
7 17 735
17 7 735
7 13 769
13 7 769
7 38 987
38 7 987
7 18 553
18 7 553
7 31 683
31 7 683
8 10 433
10 8 433
8 65 199
65 8 199
8 49 984
49 8 984
8 31 676
31 8 676
8 29 989
29 8 989
8 66 683
66 8 683
8 67 571
67 8 571
8 34 944
34 8 944
8 13 461
13 8 461
8 48 479
48 8 479
8 68 894
68 8 894
8 69 371
69 8 371
9 11 868
11 9 868
9 38 831
38 9 831
9 43 137
43 9 137
9 44 225
44 9 225
9 57 150
57 9 150
9 69 366
69 9 366
9 16 720
16 9 720
9 30 347
30 9 347
9 38 51
38 9 51
9 45 782
45 9 782
9 36 509
36 9 509
9 62 809
62 9 809
9 44 935
44 9 935
9 13 940
13 9 940
10 16 984
16 10 984
10 28 417
28 10 417
10 49 83
49 10 83
10 38 444
38 10 444
10 42 802
42 10 802
10 59 115
59 10 115
10 49 24
49 10 24
10 21 302
21 10 302
10 43 129
43 10 129
10 60 703
60 10 703
10 27 973
27 10 973
11 14 441
14 11 441
11 30 568
30 11 568
11 25 836
25 11 836
11 68 323
68 11 323
11 69 52
69 11 52
11 70 96
70 11 96
11 34 479
34 11 479
12 21 608
21 12 608
12 47 477
47 12 477
12 60 312
60 12 312
12 62 789
62 12 789
12 29 70
29 12 70
12 52 446
52 12 446
12 43 171
43 12 171
12 26 511
26 12 511
12 22 14
22 12 14
12 66 536
66 12 536
12 53 211
53 12 211
13 23 766
23 13 766
13 55 406
55 13 406
13 19 884
19 13 884
13 35 909
35 13 909
13 58 402
58 13 402
13 37 621
37 13 621
13 65 827
65 13 827
13 55 124
55 13 124
13 37 678
37 13 678
14 39 533
39 14 533
14 27 418
27 14 418
14 63 240
63 14 240
14 68 63
68 14 63
14 58 102
58 14 102
14 66 448
66 14 448
14 69 542
69 14 542
14 72 884
72 14 884
14 29 562
29 14 562
14 14 727
14 14 727
14 56 946
56 14 946
15 17 803
17 15 803
15 33 532
33 15 532
15 26 207
26 15 207
15 71 353
71 15 353
15 19 148
19 15 148
15 16 187
16 15 187
15 58 679
58 15 679
15 31 46
31 15 46
15 70 491
70 15 491
15 37 598
37 15 598
16 31 846
31 16 846
16 53 331
53 16 331
16 37 917
37 16 917
16 42 257
42 16 257
16 56 167
56 16 167
16 33 76
33 16 76
17 68 241
68 17 241
17 30 408
30 17 408
17 49 641
49 17 641
17 57 711
57 17 711
17 20 938
20 17 938
17 37 342
37 17 342
17 73 705
73 17 705
17 27 3
27 17 3
18 51 521
51 18 521
18 22 871
22 18 871
18 49 972
49 18 972
18 37 395
37 18 395
18 37 412
37 18 412
18 28 450
28 18 450
18 30 123
30 18 123
18 62 546
62 18 546
18 56 976
56 18 976
19 20 864
20 19 864
19 37 986
37 19 986
19 44 786
44 19 786
19 23 742
23 19 742
19 56 790
56 19 790
19 53 744
53 19 744
19 68 495
68 19 495
19 30 682
30 19 682
19 31 617
31 19 617
19 43 989
43 19 989
19 38 542
38 19 542
19 28 529
28 19 529
19 30 821
30 19 821
20 22 164
22 20 164
20 38 245
38 20 245
20 59 298
59 20 298
20 43 841
43 20 841
20 42 11
42 20 11
20 53 997
53 20 997
20 66 473
66 20 473
20 27 520
27 20 520
20 73 792
73 20 792
20 26 549
26 20 549
21 24 654
24 21 654
21 32 766
32 21 766
21 41 229
41 21 229
21 42 275
42 21 275
21 39 136
39 21 136
21 69 4
69 21 4
21 38 150
38 21 150
21 71 273
71 21 273
21 31 399
31 21 399
22 25 534
25 22 534
22 26 215
26 22 215
22 68 157
68 22 157
22 45 260
45 22 260
22 59 334
59 22 334
22 63 513
63 22 513
22 38 261
38 22 261
23 28 939
28 23 939
23 41 195
41 23 195
23 50 612
50 23 612
23 45 910
45 23 910
23 40 325
40 23 325
23 64 980
64 23 980
23 62 870
62 23 870
23 48 83
48 23 83
23 62 52
62 23 52
24 27 702
27 24 702
24 67 352
67 24 352
24 25 379
25 24 379
24 40 990
40 24 990
24 32 808
32 24 808
24 31 243
31 24 243
24 72 501
72 24 501
24 25 99
25 24 99
24 35 9
35 24 9
24 43 870
43 24 870
25 64 822
64 25 822
25 50 958
50 25 958
25 69 747
69 25 747
25 67 654
67 25 654
25 52 922
52 25 922
25 59 855
59 25 855
25 28 220
28 25 220
25 57 915
57 25 915
25 66 534
66 25 534
26 63 694
63 26 694
26 64 119
64 26 119
26 71 327
71 26 327
26 48 715
48 26 715
26 30 494
30 26 494
26 71 434
71 26 434
26 39 769
39 26 769
26 55 316
55 26 316
27 34 59
34 27 59
27 51 957
51 27 957
27 63 200
63 27 200
27 38 479
38 27 479
28 45 986
45 28 986
28 50 53
50 28 53
28 39 765
39 28 765
28 33 156
33 28 156
28 63 103
63 28 103
28 56 584
56 28 584
28 65 26
65 28 26
29 54 185
54 29 185
29 34 840
34 29 840
29 51 1000
51 29 1000
29 54 396
54 29 396
29 50 465
50 29 465
29 32 255
32 29 255
29 29 744
29 29 744
29 50 36
50 29 36
29 38 922
38 29 922
30 72 561
72 30 561
30 42 209
42 30 209
30 52 54
52 30 54
30 65 475
65 30 475
30 47 124
47 30 124
30 59 686
59 30 686
30 73 635
73 30 635
31 36 906
36 31 906
31 58 235
58 31 235
31 47 827
47 31 827
31 67 2
67 31 2
31 72 884
72 31 884
31 54 3
54 31 3
31 52 528
52 31 528
31 55 651
55 31 651
32 39 173
39 32 173
32 45 671
45 32 671
32 57 342
57 32 342
32 68 17
68 32 17
33 35 183
35 33 183
33 40 273
40 33 273
33 39 575
39 33 575
33 64 93
64 33 93
33 34 855
34 33 855
34 42 578
42 34 578
34 56 989
56 34 989
34 51 740
51 34 740
35 46 782
46 35 782
35 66 436
66 35 436
35 59 92
59 35 92
35 55 404
55 35 404
35 62 980
62 35 980
35 41 166
41 35 166
36 60 169
60 36 169
36 70 766
70 36 766
36 57 443
57 36 443
36 60 666
60 36 666
36 57 882
57 36 882
36 45 251
45 36 251
36 70 604
70 36 604
37 56 393
56 37 393
37 60 985
60 37 985
37 41 280
41 37 280
37 55 995
55 37 995
37 67 535
67 37 535
37 72 763
72 37 763
38 52 320
52 38 320
38 46 534
46 38 534
38 38 871
38 38 871
38 57 986
57 38 986
38 50 614
50 38 614
38 70 977
70 38 977
39 68 238
68 39 238
39 42 503
42 39 503
39 46 299
46 39 299
39 41 842
41 39 842
39 57 89
57 39 89
39 67 367
67 39 367
39 46 146
46 39 146
40 62 379
62 40 379
40 40 98
40 40 98
40 60 203
60 40 203
40 49 614
49 40 614
40 55 608
55 40 608
40 68 768
68 40 768
40 73 277
73 40 277
40 47 176
47 40 176
41 70 567
70 41 567
41 72 70
72 41 70
41 60 547
60 41 547
41 59 1
59 41 1
41 52 750
52 41 750
41 51 631
51 41 631
41 60 581
60 41 581
42 68 441
68 42 441
42 67 273
67 42 273
42 61 103
61 42 103
42 55 363
55 42 363
42 73 946
73 42 946
42 44 80
44 42 80
43 53 437
53 43 437
43 48 14
48 43 14
43 54 223
54 43 223
43 68 496
68 43 496
44 52 230
52 44 230
44 47 170
47 44 170
44 66 401
66 44 401
44 50 777
50 44 777
44 63 943
63 44 943
44 60 224
60 44 224
45 69 244
69 45 244
45 66 92
66 45 92
45 53 199
53 45 199
46 48 636
48 46 636
46 46 203
46 46 203
46 66 582
66 46 582
46 48 764
48 46 764
47 63 137
63 47 137
47 48 684
48 47 684
48 49 246
49 48 246
48 60 317
60 48 317
48 69 197
69 48 197
48 68 675
68 48 675
48 73 77
73 48 77
49 61 44
61 49 44
49 72 457
72 49 457
49 65 870
65 49 870
49 66 232
66 49 232
49 70 535
70 49 535
49 59 616
59 49 616
50 71 387
71 50 387
50 68 769
68 50 769
50 58 717
58 50 717
50 62 689
62 50 689
50 71 155
71 50 155
50 71 582
71 50 582
51 56 760
56 51 760
51 55 49
55 51 49
51 53 345
53 51 345
52 66 838
66 52 838
52 67 539
67 52 539
52 64 631
64 52 631
52 57 159
57 52 159
53 71 810
71 53 810
53 53 36
53 53 36
54 58 175
58 54 175
54 72 891
72 54 891
54 56 679
56 54 679
54 57 829
57 54 829
55 61 512
61 55 512
55 64 153
64 55 153
55 69 273
69 55 273
56 58 272
58 56 272
56 70 897
70 56 897
56 68 707
68 56 707
57 59 855
59 57 855
57 65 117
65 57 117
58 60 149
60 58 149
58 71 673
71 58 673
58 61 420
61 58 420
58 71 510
71 58 510
59 72 972
72 59 972
59 73 756
73 59 756
60 70 314
70 60 314
60 67 209
67 60 209
61 65 737
65 61 737
62 73 123
73 62 123
62 66 438
66 62 438
64 69 423
69 64 423
65 67 555
67 65 555
66 72 824
72 66 824
67 71 191
71 67 191
68 70 951
70 68 951
70 71 514
71 70 514
70 72 858
72 70 858
72 73 206
73 72 206
72 72 971
72 72 971
72 73 903
73 72 903
