40

0 1 597
1 0 597
0 16 242
16 0 242
0 39 327
39 0 327
0 24 421
24 0 421
0 36 974
36 0 974
0 25 834
25 0 834
0 26 192
26 0 192
0 23 788
23 0 788
0 12 389
12 0 389
0 32 556
32 0 556
0 1 172
1 0 172
0 29 250
29 0 250
0 28 729
28 0 729
0 35 960
35 0 960
0 11 925
11 0 925
0 13 923
13 0 923
0 8 711
8 0 711
0 15 215
15 0 215
1 2 847
2 1 847
1 7 47
7 1 47
1 18 488
18 1 488
1 34 891
34 1 891
1 17 526
17 1 526
1 33 35
33 1 35
1 10 496
10 1 496
1 30 748
30 1 748
1 3 549
3 1 549
1 13 409
13 1 409
1 18 152
18 1 152
2 3 677
3 2 677
2 4 275
4 2 275
2 5 260
5 2 260
2 8 98
8 2 98
2 14 809
14 2 809
2 18 854
18 2 854
2 9 427
9 2 427
2 10 346
10 2 346
2 15 339
15 2 339
2 23 97
23 2 97
2 9 271
9 2 271
2 33 610
33 2 610
2 17 17
17 2 17
2 7 938
7 2 938
2 17 382
17 2 382
2 28 179
28 2 179
2 9 676
9 2 676
2 39 783
39 2 783
2 8 386
8 2 386
2 25 769
25 2 769
2 26 370
26 2 370
2 38 575
38 2 575
2 23 215
23 2 215
2 38 75
38 2 75
2 13 614
13 2 614
3 6 900
6 3 900
3 9 366
9 3 366
3 28 189
28 3 189
3 26 746
26 3 746
3 11 483
11 3 483
3 17 664
17 3 664
3 21 142
21 3 142
3 39 358
39 3 358
3 7 230
7 3 230
3 6 983
6 3 983
3 16 50
16 3 50
3 14 379
14 3 379
3 8 881
8 3 881
3 23 737
23 3 737
3 7 691
7 3 691
3 37 457
37 3 457
3 28 909
28 3 909
3 8 704
8 3 704
3 15 546
15 3 546
4 17 893
17 4 893
4 14 132
14 4 132
4 39 14
39 4 14
4 37 744
37 4 744
4 10 243
10 4 243
4 37 649
37 4 649
4 21 120
21 4 120
4 7 24
7 4 24
4 33 554
33 4 554
4 5 347
5 4 347
4 27 69
27 4 69
4 19 392
19 4 392
4 39 498
39 4 498
4 29 130
29 4 130
4 18 232
18 4 232
4 28 922
28 4 922
4 31 358
31 4 358
4 17 184
17 4 184
4 10 225
10 4 225
4 28 440
28 4 440
4 18 911
18 4 911
4 34 524
34 4 524
5 10 146
10 5 146
5 12 559
12 5 559
5 20 533
20 5 533
5 10 732
10 5 732
5 30 982
30 5 982
5 12 730
12 5 730
5 6 138
6 5 138
5 23 195
23 5 195
5 6 394
6 5 394
5 6 545
6 5 545
5 10 497
10 5 497
5 14 611
14 5 611
5 32 333
32 5 333
5 11 876
11 5 876
6 13 187
13 6 187
6 36 987
36 6 987
6 21 409
21 6 409
6 28 166
28 6 166
6 21 330
21 6 330
6 15 540
15 6 540
6 36 95
36 6 95
6 24 180
24 6 180
6 11 191
11 6 191
6 23 308
23 6 308
6 22 325
22 6 325
7 38 961
38 7 961
7 16 860
16 7 860
7 22 407
22 7 407
7 30 329
30 7 329
7 13 922
13 7 922
7 37 832
37 7 832
7 19 286
19 7 286
7 21 88
21 7 88
7 36 240
36 7 240
7 27 295
27 7 295
7 34 464
34 7 464
7 35 829
35 7 829
7 14 868
14 7 868
8 11 110
11 8 110
8 21 585
21 8 585
8 31 928
31 8 928
8 36 146
36 8 146
8 34 570
34 8 570
8 27 52
27 8 52
8 25 731
25 8 731
8 34 952
34 8 952
8 35 482
35 8 482
8 20 755
20 8 755
8 21 94
21 8 94
8 34 995
34 8 995
8 14 647
14 8 647
8 37 788
37 8 788
9 27 331
27 9 331
9 20 804
20 9 804
9 18 856
18 9 856
9 28 739
28 9 739
9 17 337
17 9 337
9 14 616
14 9 616
9 33 333
33 9 333
9 39 888
39 9 888
9 35 647
35 9 647
9 18 569
18 9 569
10 22 473
22 10 473
10 22 578
22 10 578
10 39 88
39 10 88
10 28 262
28 10 262
10 30 885
30 10 885
10 19 35
19 10 35
10 22 961
22 10 961
10 39 531
39 10 531
10 35 981
35 10 981
10 23 133
23 10 133
10 32 968
32 10 968
10 19 31
19 10 31
11 13 866
13 11 866
11 11 665
11 11 665
11 18 44
18 11 44
11 29 790
29 11 790
11 30 1000
30 11 1000
11 21 346
21 11 346
11 14 703
14 11 703
12 25 230
25 12 230
12 15 296
15 12 296
12 36 477
36 12 477
12 37 174
37 12 174
12 25 284
25 12 284
12 31 273
31 12 273
12 14 78
14 12 78
12 20 582
20 12 582
12 31 772
31 12 772
12 16 1
16 12 1
12 19 740
19 12 740
12 15 419
15 12 419
13 27 295
27 13 295
13 33 82
33 13 82
13 23 635
23 13 635
13 31 75
31 13 75
13 17 644
17 13 644
13 18 55
18 13 55
13 21 736
21 13 736
13 29 298
29 13 298
13 38 345
38 13 345
14 15 955
15 14 955
14 25 245
25 14 245
14 20 489
20 14 489
14 34 413
34 14 413
14 30 449
30 14 449
14 30 388
30 14 388
14 17 42
17 14 42
14 38 830
38 14 830
14 37 761
37 14 761
15 26 690
26 15 690
15 31 535
31 15 535
15 32 825
32 15 825
15 22 155
22 15 155
15 18 613
18 15 613
15 29 923
29 15 923
15 29 863
29 15 863
15 26 64
26 15 64
15 36 3
36 15 3
15 30 887
30 15 887
15 31 305
31 15 305
15 33 655
33 15 655
16 23 308
23 16 308
16 32 628
32 16 628
16 34 402
34 16 402
16 21 791
21 16 791
16 26 197
26 16 197
16 39 142
39 16 142
16 33 496
33 16 496
16 33 893
33 16 893
16 38 136
38 16 136
16 32 289
32 16 289
16 22 865
22 16 865
16 18 595
18 16 595
17 19 578
19 17 578
17 31 507
31 17 507
17 30 727
30 17 727
17 29 666
29 17 666
17 30 794
30 17 794
17 17 14
17 17 14
17 36 445
36 17 445
17 18 625
18 17 625
17 27 363
27 17 363
17 18 311
18 17 311
17 17 958
17 17 958
18 28 62
28 18 62
18 27 816
27 18 816
18 34 332
34 18 332
18 38 340
38 18 340
18 24 759
24 18 759
18 35 596
35 18 596
18 21 51
21 18 51
19 25 156
25 19 156
19 32 845
32 19 845
19 33 578
33 19 578
19 19 453
19 19 453
19 31 92
31 19 92
19 31 804
31 19 804
19 26 667
26 19 667
19 28 185
28 19 185
20 35 788
35 20 788
20 37 729
37 20 729
20 32 318
32 20 318
20 34 9
34 20 9
20 37 934
37 20 934
20 22 584
22 20 584
20 22 53
22 20 53
20 21 381
21 20 381
20 36 16
36 20 16
20 32 77
32 20 77
20 23 572
23 20 572
20 35 859
35 20 859
20 31 769
31 20 769
21 28 449
28 21 449
21 35 981
35 21 981
21 26 273
26 21 273
21 23 760
23 21 760
21 37 977
37 21 977
21 28 658
28 21 658
21 29 135
29 21 135
22 24 181
24 22 181
22 30 507
30 22 507
22 23 147
23 22 147
22 32 960
32 22 960
22 30 353
30 22 353
22 39 900
39 22 900
22 33 587
33 22 587
22 38 636
38 22 636
22 29 899
29 22 899
22 37 648
37 22 648
23 29 661
29 23 661
23 36 158
36 23 158
23 32 251
32 23 251
23 34 182
34 23 182
23 35 162
35 23 162
23 33 860
33 23 860
24 30 539
30 24 539
24 38 295
38 24 295
24 36 790
36 24 790
25 38 202
38 25 202
25 32 703
32 25 703
26 37 731
37 26 731
26 29 66
29 26 66
26 36 821
36 26 821
26 30 773
30 26 773
26 37 632
37 26 632
26 28 992
28 26 992
26 32 88
32 26 88
27 31 653
31 27 653
27 31 611
31 27 611
27 30 870
30 27 870
27 28 607
28 27 607
27 37 955
37 27 955
27 28 46
28 27 46
27 34 714
34 27 714
28 32 768
32 28 768
28 30 760
30 28 760
28 31 494
31 28 494
28 35 715
35 28 715
28 34 694
34 28 694
28 37 187
37 28 187
29 31 797
31 29 797
29 37 678
37 29 678
29 29 795
29 29 795
29 38 940
38 29 940
30 37 177
37 30 177
30 37 953
37 30 953
30 33 773
33 30 773
30 38 264
38 30 264
31 38 706
38 31 706
31 33 271
33 31 271
32 39 210
39 32 210
32 34 974
34 32 974
33 39 279
39 33 279
33 35 574
35 33 574
34 35 381
35 34 381
36 38 641
38 36 641
38 39 533
39 38 533
