25

0 1 434
1 0 434
0 18 529
18 0 529
0 22 330
22 0 330
0 10 788
10 0 788
0 18 585
18 0 585
0 12 749
12 0 749
0 10 481
10 0 481
0 4 909
4 0 909
0 16 662
16 0 662
0 23 824
23 0 824
0 18 458
18 0 458
0 16 989
16 0 989
0 11 643
11 0 643
0 12 482
12 0 482
0 18 483
18 0 483
0 6 486
6 0 486
0 16 160
16 0 160
0 12 157
12 0 157
0 11 327
11 0 327
0 20 969
20 0 969
0 2 482
2 0 482
1 2 496
2 1 496
1 3 95
3 1 95
1 13 37
13 1 37
1 17 770
17 1 770
1 13 726
13 1 726
1 7 952
7 1 952
1 9 683
9 1 683
1 13 489
13 1 489
1 14 799
14 1 799
1 12 14
12 1 14
1 18 363
18 1 363
1 10 340
10 1 340
1 17 975
17 1 975
1 22 23
22 1 23
1 10 359
10 1 359
1 15 619
15 1 619
1 13 498
13 1 498
1 12 849
12 1 849
1 11 819
11 1 819
1 10 491
10 1 491
1 13 178
13 1 178
1 2 407
2 1 407
1 6 778
6 1 778
2 4 447
4 2 447
2 5 112
5 2 112
2 12 947
12 2 947
2 18 531
18 2 531
2 16 990
16 2 990
2 14 77
14 2 77
2 6 446
6 2 446
2 7 839
7 2 839
2 18 541
18 2 541
2 4 379
4 2 379
2 15 327
15 2 327
2 15 913
15 2 913
2 2 734
2 2 734
2 10 267
10 2 267
2 17 510
17 2 510
2 9 472
9 2 472
3 18 943
18 3 943
3 6 645
6 3 645
3 20 337
20 3 337
3 4 665
4 3 665
3 8 917
8 3 917
3 11 609
11 3 609
3 10 699
10 3 699
3 21 438
21 3 438
3 3 155
3 3 155
3 13 733
13 3 733
3 4 142
4 3 142
3 6 519
6 3 519
3 13 4
13 3 4
3 12 612
12 3 612
3 6 842
6 3 842
3 7 142
7 3 142
4 7 361
7 4 361
4 8 634
8 4 634
4 14 229
14 4 229
4 6 368
6 4 368
4 8 777
8 4 777
4 12 288
12 4 288
4 20 759
20 4 759
4 18 375
18 4 375
4 14 233
14 4 233
4 17 887
17 4 887
4 9 946
9 4 946
4 19 828
19 4 828
4 4 245
4 4 245
5 6 977
6 5 977
5 9 7
9 5 7
5 13 289
13 5 289
5 7 493
7 5 493
5 9 189
9 5 189
5 12 156
12 5 156
5 15 226
15 5 226
5 24 687
24 5 687
5 11 974
11 5 974
5 11 565
11 5 565
5 8 990
8 5 990
5 6 256
6 5 256
5 5 331
5 5 331
5 13 435
13 5 435
5 6 75
6 5 75
6 10 847
10 6 847
6 19 262
19 6 262
6 20 882
20 6 882
6 22 108
22 6 108
6 13 172
13 6 172
6 14 983
14 6 983
6 22 907
22 6 907
6 17 609
17 6 609
6 13 186
13 6 186
6 24 726
24 6 726
6 20 145
20 6 145
6 13 35
13 6 35
6 23 872
23 6 872
6 10 725
10 6 725
7 15 30
15 7 30
7 20 323
20 7 323
7 18 583
18 7 583
7 14 762
14 7 762
7 15 739
15 7 739
7 20 862
20 7 862
7 22 8
22 7 8
7 19 91
19 7 91
7 14 457
14 7 457
7 18 541
18 7 541
7 10 252
10 7 252
7 21 591
21 7 591
7 14 823
14 7 823
7 16 840
16 7 840
7 13 611
13 7 611
7 23 40
23 7 40
7 11 583
11 7 583
7 20 813
20 7 813
8 9 773
9 8 773
8 16 475
16 8 475
8 9 732
9 8 732
8 11 771
11 8 771
8 14 204
14 8 204
8 22 894
22 8 894
8 16 225
16 8 225
8 12 96
12 8 96
8 8 429
8 8 429
8 15 530
15 8 530
8 16 621
16 8 621
9 11 773
11 9 773
9 22 778
22 9 778
9 11 290
11 9 290
9 9 112
9 9 112
9 23 638
23 9 638
9 15 628
15 9 628
9 21 351
21 9 351
9 12 321
12 9 321
9 19 726
19 9 726
9 10 475
10 9 475
9 11 753
11 9 753
9 15 254
15 9 254
9 15 60
15 9 60
10 24 322
24 10 322
10 14 788
14 10 788
10 19 627
19 10 627
10 11 16
11 10 16
10 19 323
19 10 323
10 23 357
23 10 357
10 13 543
13 10 543
10 18 385
18 10 385
10 17 891
17 10 891
10 20 54
20 10 54
11 14 290
14 11 290
11 19 696
19 11 696
11 20 745
20 11 745
11 22 693
22 11 693
11 18 139
18 11 139
11 12 966
12 11 966
11 11 174
11 11 174
11 22 862
22 11 862
11 18 762
18 11 762
12 24 102
24 12 102
12 24 769
24 12 769
12 23 386
23 12 386
12 17 825
17 12 825
12 12 779
12 12 779
12 16 83
16 12 83
12 21 598
21 12 598
12 16 379
16 12 379
12 15 534
15 12 534
12 13 63
13 12 63
12 17 498
17 12 498
12 14 969
14 12 969
12 24 667
24 12 667
12 12 186
12 12 186
13 15 155
15 13 155
13 18 678
18 13 678
13 24 711
24 13 711
13 20 337
20 13 337
13 17 551
17 13 551
13 17 253
17 13 253
13 19 344
19 13 344
13 21 191
21 13 191
13 22 704
22 13 704
13 18 151
18 13 151
13 19 427
19 13 427
13 21 929
21 13 929
13 19 381
19 13 381
13 13 801
13 13 801
13 18 133
18 13 133
14 22 518
22 14 518
14 16 734
16 14 734
14 14 145
14 14 145
14 18 622
18 14 622
14 23 679
23 14 679
14 18 50
18 14 50
15 16 834
16 15 834
15 23 151
23 15 151
15 17 468
17 15 468
15 21 47
21 15 47
15 19 201
19 15 201
15 19 142
19 15 142
15 22 701
22 15 701
15 17 249
17 15 249
15 20 69
20 15 69
15 22 586
22 15 586
15 21 734
21 15 734
15 23 703
23 15 703
16 18 644
18 16 644
16 20 78
20 16 78
16 21 245
21 16 245
17 22 408
22 17 408
17 20 36
20 17 36
17 19 960
19 17 960
17 19 556
19 17 556
17 19 295
19 17 295
17 23 507
23 17 507
18 21 102
21 18 102
18 22 927
22 18 927
18 24 384
24 18 384
18 21 512
21 18 512
18 20 993
20 18 993
18 21 867
21 18 867
18 19 123
19 18 123
18 21 615
21 18 615
18 21 452
21 18 452
19 20 946
20 19 946
19 19 102
19 19 102
19 21 181
21 19 181
19 21 32
21 19 32
20 21 39
21 20 39
20 24 459
24 20 459
20 23 686
23 20 686
20 22 441
22 20 441
21 22 797
22 21 797
21 23 224
23 21 224
21 23 896
23 21 896
21 24 745
24 21 745
21 21 632
21 21 632
21 23 738
23 21 738
22 24 13
24 22 13
22 23 384
23 22 384
22 23 420
23 22 420
