52

0 1 94
1 0 94
0 2 233
2 0 233
0 4 990
4 0 990
0 5 657
5 0 657
0 14 733
14 0 733
0 16 354
16 0 354
0 11 336
11 0 336
0 27 90
27 0 90
0 25 293
25 0 293
0 16 588
16 0 588
0 47 610
47 0 610
0 21 741
21 0 741
0 7 805
7 0 805
0 16 763
16 0 763
0 1 45
1 0 45
0 25 134
25 0 134
0 3 456
3 0 456
0 45 414
45 0 414
1 3 586
3 1 586
1 8 897
8 1 897
1 24 318
24 1 318
1 22 296
22 1 296
1 16 566
16 1 566
1 11 253
11 1 253
1 31 872
31 1 872
1 29 49
29 1 49
1 31 107
31 1 107
1 31 19
31 1 19
1 43 507
43 1 507
1 5 596
5 1 596
1 29 18
29 1 18
1 22 86
22 1 86
1 51 303
51 1 303
1 20 493
20 1 493
1 44 571
44 1 571
1 30 974
30 1 974
1 14 669
14 1 669
1 9 609
9 1 609
2 7 519
7 2 519
2 21 194
21 2 194
2 36 664
36 2 664
2 7 766
7 2 766
2 47 899
47 2 899
2 16 690
16 2 690
2 23 779
23 2 779
2 26 519
26 2 519
2 15 291
15 2 291
2 28 951
28 2 951
2 10 532
10 2 532
2 35 881
35 2 881
2 22 374
22 2 374
2 43 863
43 2 863
2 18 75
18 2 75
2 6 354
6 2 354
2 5 278
5 2 278
3 28 607
28 3 607
3 31 38
31 3 38
3 21 767
21 3 767
3 19 115
19 3 115
3 30 588
30 3 588
3 5 622
5 3 622
3 14 870
14 3 870
3 35 730
35 3 730
3 4 873
4 3 873
3 40 424
40 3 424
3 26 661
26 3 661
3 42 962
42 3 962
3 23 919
23 3 919
3 12 661
12 3 661
3 43 556
43 3 556
3 5 541
5 3 541
3 31 161
31 3 161
3 42 712
42 3 712
3 29 843
29 3 843
3 35 706
35 3 706
3 12 189
12 3 189
3 16 565
16 3 565
3 23 556
23 3 556
3 24 200
24 3 200
4 34 580
34 4 580
4 15 135
15 4 135
4 43 393
43 4 393
4 6 44
6 4 44
4 35 240
35 4 240
4 45 182
45 4 182
4 33 979
33 4 979
4 38 879
38 4 879
4 11 489
11 4 489
4 47 278
47 4 278
4 32 66
32 4 66
4 6 122
6 4 122
4 28 928
28 4 928
5 6 959
6 5 959
5 9 477
9 5 477
5 31 131
31 5 131
5 39 355
39 5 355
5 25 575
25 5 575
5 19 693
19 5 693
5 23 806
23 5 806
5 22 641
22 5 641
5 44 203
44 5 203
5 11 730
11 5 730
5 48 625
48 5 625
5 11 336
11 5 336
5 40 743
40 5 743
5 46 232
46 5 232
5 19 811
19 5 811
5 9 689
9 5 689
5 45 623
45 5 623
5 26 990
26 5 990
5 21 265
21 5 265
5 16 445
16 5 445
5 33 436
33 5 436
5 25 277
25 5 277
5 49 447
49 5 447
6 10 623
10 6 623
6 11 432
11 6 432
6 31 67
31 6 67
6 36 646
36 6 646
6 43 701
43 6 701
6 29 510
29 6 510
6 10 710
10 6 710
6 18 521
18 6 521
6 49 286
49 6 286
6 40 540
40 6 540
6 41 130
41 6 130
6 9 348
9 6 348
6 28 271
28 6 271
6 32 168
32 6 168
6 48 570
48 6 570
6 10 694
10 6 694
6 47 893
47 6 893
6 22 957
22 6 957
7 12 286
12 7 286
7 22 243
22 7 243
7 27 899
27 7 899
7 35 392
35 7 392
7 22 797
22 7 797
7 35 96
35 7 96
7 21 779
21 7 779
7 16 630
16 7 630
7 22 52
22 7 52
7 51 393
51 7 393
7 42 306
42 7 306
7 31 951
31 7 951
7 27 54
27 7 54
7 27 723
27 7 723
7 32 385
32 7 385
7 47 25
47 7 25
8 13 76
13 8 76
8 15 400
15 8 400
8 47 638
47 8 638
8 25 166
25 8 166
8 27 189
27 8 189
8 13 855
13 8 855
8 21 354
21 8 354
8 27 952
27 8 952
8 15 820
15 8 820
8 31 16
31 8 16
8 34 86
34 8 86
8 29 842
29 8 842
8 24 195
24 8 195
8 21 528
21 8 528
8 51 822
51 8 822
8 41 839
41 8 839
8 45 305
45 8 305
8 14 152
14 8 152
8 20 111
20 8 111
8 50 444
50 8 444
8 51 37
51 8 37
8 10 1000
10 8 1000
8 26 740
26 8 740
8 14 225
14 8 225
8 43 506
43 8 506
9 38 167
38 9 167
9 29 930
29 9 930
9 49 303
49 9 303
9 13 156
13 9 156
9 41 810
41 9 810
9 11 213
11 9 213
9 34 759
34 9 759
9 15 68
15 9 68
9 30 670
30 9 670
9 33 27
33 9 27
9 40 442
40 9 442
9 39 250
39 9 250
9 37 994
37 9 994
9 19 147
19 9 147
9 14 754
14 9 754
10 20 884
20 10 884
10 28 170
28 10 170
10 30 808
30 10 808
10 45 271
45 10 271
10 50 892
50 10 892
10 39 297
39 10 297
10 28 982
28 10 982
10 39 209
39 10 209
10 26 190
26 10 190
10 12 452
12 10 452
10 29 646
29 10 646
10 18 242
18 10 242
10 35 314
35 10 314
10 46 803
46 10 803
10 20 179
20 10 179
11 23 792
23 11 792
11 28 159
28 11 159
11 51 994
51 11 994
11 50 645
50 11 645
11 38 975
38 11 975
11 36 365
36 11 365
11 12 828
12 11 828
11 47 69
47 11 69
11 19 101
19 11 101
11 13 83
13 11 83
11 33 642
33 11 642
11 20 494
20 11 494
11 21 167
21 11 167
12 23 65
23 12 65
12 34 659
34 12 659
12 21 934
21 12 934
12 34 376
34 12 376
12 46 610
46 12 610
12 20 728
20 12 728
12 16 666
16 12 666
12 12 996
12 12 996
12 45 646
45 12 646
12 39 431
39 12 431
12 24 293
24 12 293
12 20 485
20 12 485
12 31 21
31 12 21
13 15 413
15 13 413
13 28 133
28 13 133
13 36 242
36 13 242
13 35 44
35 13 44
13 32 729
32 13 729
13 47 102
47 13 102
13 44 409
44 13 409
13 43 780
43 13 780
13 16 66
16 13 66
13 26 531
26 13 531
13 18 317
18 13 317
13 13 522
13 13 522
13 14 180
14 13 180
13 23 947
23 13 947
14 39 559
39 14 559
14 30 920
30 14 920
14 49 430
49 14 430
14 30 299
30 14 299
14 20 205
20 14 205
14 47 586
47 14 586
14 50 223
50 14 223
14 25 669
25 14 669
14 41 415
41 14 415
14 41 325
41 14 325
14 27 832
27 14 832
15 17 96
17 15 96
15 44 470
44 15 470
15 18 481
18 15 481
15 21 907
21 15 907
15 38 769
38 15 769
15 21 286
21 15 286
15 40 667
40 15 667
15 35 589
35 15 589
15 44 989
44 15 989
15 23 336
23 15 336
15 51 253
51 15 253
15 18 706
18 15 706
15 18 530
18 15 530
15 43 256
43 15 256
15 39 553
39 15 553
16 18 12
18 16 12
16 19 703
19 16 703
16 31 285
31 16 285
16 49 11
49 16 11
16 50 421
50 16 421
16 29 928
29 16 928
16 36 588
36 16 588
16 23 998
23 16 998
16 19 486
19 16 486
16 48 354
48 16 354
16 30 612
30 16 612
16 36 638
36 16 638
16 38 937
38 16 937
17 33 671
33 17 671
17 31 781
31 17 781
17 48 405
48 17 405
17 44 201
44 17 201
17 28 585
28 17 585
17 26 57
26 17 57
17 22 445
22 17 445
17 20 771
20 17 771
17 20 816
20 17 816
17 42 86
42 17 86
17 45 755
45 17 755
17 39 452
39 17 452
17 41 313
41 17 313
17 18 56
18 17 56
17 32 399
32 17 399
17 33 267
33 17 267
17 45 696
45 17 696
17 37 336
37 17 336
18 44 1000
44 18 1000
18 32 642
32 18 642
18 24 142
24 18 142
18 32 563
32 18 563
18 27 995
27 18 995
18 49 604
49 18 604
18 34 750
34 18 750
18 35 995
35 18 995
18 47 715
47 18 715
18 40 68
40 18 68
18 48 921
48 18 921
18 42 418
42 18 418
18 29 339
29 18 339
19 26 959
26 19 959
19 29 278
29 19 278
19 32 299
32 19 299
19 29 912
29 19 912
19 32 808
32 19 808
19 21 716
21 19 716
19 40 149
40 19 149
19 28 464
28 19 464
19 19 132
19 19 132
19 38 125
38 19 125
19 44 337
44 19 337
19 45 805
45 19 805
20 30 419
30 20 419
20 35 999
35 20 999
20 47 308
47 20 308
20 50 163
50 20 163
20 20 492
20 20 492
20 50 139
50 20 139
20 33 209
33 20 209
20 51 306
51 20 306
20 38 8
38 20 8
20 29 682
29 20 682
21 40 530
40 21 530
21 43 595
43 21 595
21 28 943
28 21 943
21 28 886
28 21 886
21 26 106
26 21 106
21 23 94
23 21 94
21 31 782
31 21 782
21 33 4
33 21 4
21 28 531
28 21 531
21 41 679
41 21 679
21 43 680
43 21 680
21 22 884
22 21 884
22 25 717
25 22 717
22 47 524
47 22 524
22 41 875
41 22 875
22 44 660
44 22 660
22 32 295
32 22 295
22 47 668
47 22 668
22 45 634
45 22 634
22 46 9
46 22 9
23 42 547
42 23 547
23 36 85
36 23 85
23 39 396
39 23 396
23 33 30
33 23 30
23 28 640
28 23 640
23 38 875
38 23 875
23 48 747
48 23 747
23 46 48
46 23 48
23 37 15
37 23 15
23 45 449
45 23 449
23 51 303
51 23 303
24 51 393
51 24 393
24 50 23
50 24 23
24 42 338
42 24 338
24 37 473
37 24 473
24 46 832
46 24 832
24 25 55
25 24 55
24 35 415
35 24 415
24 50 938
50 24 938
24 51 583
51 24 583
25 44 993
44 25 993
25 45 425
45 25 425
25 33 560
33 25 560
25 35 221
35 25 221
25 31 262
31 25 262
25 37 501
37 25 501
25 37 761
37 25 761
25 42 841
42 25 841
25 39 566
39 25 566
25 49 729
49 25 729
25 51 691
51 25 691
25 28 463
28 25 463
25 42 307
42 25 307
26 39 259
39 26 259
26 42 100
42 26 100
26 31 263
31 26 263
26 47 462
47 26 462
26 35 649
35 26 649
26 42 638
42 26 638
26 51 15
51 26 15
26 51 373
51 26 373
27 49 256
49 27 256
27 41 10
41 27 10
27 43 257
43 27 257
27 42 44
42 27 44
27 51 919
51 27 919
27 46 449
46 27 449
27 37 556
37 27 556
27 48 143
48 27 143
27 51 820
51 27 820
27 45 208
45 27 208
27 35 961
35 27 961
27 39 350
39 27 350
27 43 458
43 27 458
27 51 177
51 27 177
27 30 755
30 27 755
27 49 554
49 27 554
28 39 102
39 28 102
28 46 543
46 28 543
28 39 954
39 28 954
28 50 66
50 28 66
28 32 278
32 28 278
28 31 298
31 28 298
29 51 386
51 29 386
29 48 398
48 29 398
29 32 436
32 29 436
29 51 957
51 29 957
29 33 499
33 29 499
29 45 864
45 29 864
29 44 135
44 29 135
29 40 456
40 29 456
29 41 920
41 29 920
29 46 14
46 29 14
29 45 210
45 29 210
29 33 43
33 29 43
30 50 549
50 30 549
30 37 344
37 30 344
30 42 28
42 30 28
30 51 94
51 30 94
30 41 833
41 30 833
30 31 837
31 30 837
30 38 119
38 30 119
31 41 606
41 31 606
31 37 938
37 31 938
31 51 254
51 31 254
31 51 640
51 31 640
31 39 327
39 31 327
31 32 79
32 31 79
31 50 742
50 31 742
31 48 900
48 31 900
31 35 192
35 31 192
31 42 943
42 31 943
31 37 881
37 31 881
32 48 736
48 32 736
32 45 960
45 32 960
32 43 598
43 32 598
32 49 5
49 32 5
32 44 987
44 32 987
32 47 468
47 32 468
32 44 663
44 32 663
32 43 168
43 32 168
33 45 127
45 33 127
33 46 131
46 33 131
33 33 187
33 33 187
33 36 466
36 33 466
33 37 283
37 33 283
33 46 761
46 33 761
33 35 441
35 33 441
33 35 670
35 33 670
33 40 808
40 33 808
33 37 674
37 33 674
33 40 344
40 33 344
33 41 199
41 33 199
34 35 358
35 34 358
34 49 461
49 34 461
34 47 404
47 34 404
34 40 140
40 34 140
34 46 652
46 34 652
34 44 379
44 34 379
34 37 10
37 34 10
34 36 954
36 34 954
34 44 520
44 34 520
35 47 562
47 35 562
35 38 312
38 35 312
35 39 503
39 35 503
35 46 197
46 35 197
35 43 213
43 35 213
35 40 552
40 35 552
36 37 530
37 36 530
36 49 514
49 36 514
36 41 101
41 36 101
36 37 730
37 36 730
36 38 819
38 36 819
36 45 467
45 36 467
37 47 287
47 37 287
37 49 827
49 37 827
37 40 414
40 37 414
37 50 48
50 37 48
37 47 923
47 37 923
38 38 955
38 38 955
38 42 691
42 38 691
38 48 197
48 38 197
38 38 55
38 38 55
39 51 268
51 39 268
39 44 671
44 39 671
39 47 181
47 39 181
39 46 937
46 39 937
39 43 122
43 39 122
39 47 171
47 39 171
39 51 446
51 39 446
39 41 178
41 39 178
40 46 911
46 40 911
40 41 275
41 40 275
40 47 13
47 40 13
40 49 480
49 40 480
41 42 427
42 41 427
41 44 444
44 41 444
41 45 701
45 41 701
41 44 111
44 41 111
42 48 133
48 42 133
42 42 716
42 42 716
42 48 438
48 42 438
42 49 427
49 42 427
42 51 183
51 42 183
42 48 720
48 42 720
42 44 338
44 42 338
42 48 348
48 42 348
43 51 170
51 43 170
43 51 924
51 43 924
43 49 368
49 43 368
44 49 652
49 44 652
44 46 555
46 44 555
44 46 472
46 44 472
44 50 31
50 44 31
45 51 2
51 45 2
46 46 518
46 46 518
46 51 509
51 46 509
47 50 224
50 47 224
47 49 696
49 47 696
47 51 119
51 47 119
49 49 505
49 49 505
49 49 247
49 49 247
49 51 551
51 49 551
49 50 714
50 49 714
