54

0 1 878
1 0 878
0 2 616
2 0 616
0 6 169
6 0 169
0 23 819
23 0 819
0 26 218
26 0 218
0 38 920
38 0 920
0 52 977
52 0 977
0 23 669
23 0 669
0 41 12
41 0 12
0 31 217
31 0 217
0 2 953
2 0 953
0 6 560
6 0 560
0 51 126
51 0 126
0 16 843
16 0 843
0 49 715
49 0 715
0 22 555
22 0 555
0 48 448
48 0 448
0 4 760
4 0 760
0 23 99
23 0 99
0 28 494
28 0 494
0 12 726
12 0 726
0 9 755
9 0 755
0 48 761
48 0 761
0 48 436
48 0 436
0 24 688
24 0 688
0 16 379
16 0 379
0 17 62
17 0 62
0 40 61
40 0 61
0 11 208
11 0 208
0 28 796
28 0 796
0 8 451
8 0 451
0 49 411
49 0 411
0 10 644
10 0 644
0 13 634
13 0 634
0 41 812
41 0 812
0 52 729
52 0 729
0 43 286
43 0 286
0 38 420
38 0 420
0 13 137
13 0 137
1 3 448
3 1 448
1 8 503
8 1 503
1 9 124
9 1 124
1 17 264
17 1 264
1 39 966
39 1 966
1 20 977
20 1 977
1 18 205
18 1 205
1 7 676
7 1 676
1 42 722
42 1 722
1 13 775
13 1 775
1 13 305
13 1 305
1 2 735
2 1 735
1 24 637
24 1 637
1 15 165
15 1 165
1 5 81
5 1 81
1 47 536
47 1 536
1 21 24
21 1 24
1 40 750
40 1 750
1 37 903
37 1 903
1 33 447
33 1 447
1 4 892
4 1 892
1 26 827
26 1 827
1 38 773
38 1 773
1 22 308
22 1 308
1 2 380
2 1 380
1 12 68
12 1 68
1 44 69
44 1 69
1 14 174
14 1 174
1 50 460
50 1 460
1 14 855
14 1 855
1 17 353
17 1 353
1 8 769
8 1 769
1 25 929
25 1 929
1 13 789
13 1 789
1 2 339
2 1 339
1 5 27
5 1 27
2 4 305
4 2 305
2 24 77
24 2 77
2 40 210
40 2 210
2 12 396
12 2 396
2 15 358
15 2 358
2 44 660
44 2 660
2 14 732
14 2 732
2 25 593
25 2 593
2 7 207
7 2 207
2 21 521
21 2 521
2 48 263
48 2 263
2 11 30
11 2 30
2 51 647
51 2 647
2 53 193
53 2 193
2 31 699
31 2 699
2 26 400
26 2 400
2 31 84
31 2 84
2 7 261
7 2 261
2 24 30
24 2 30
2 17 737
17 2 737
2 11 156
11 2 156
2 32 848
32 2 848
2 11 489
11 2 489
2 52 921
52 2 921
3 5 354
5 3 354
3 28 703
28 3 703
3 27 319
27 3 319
3 5 951
5 3 951
3 37 220
37 3 220
3 32 928
32 3 928
3 13 164
13 3 164
3 19 937
19 3 937
3 15 661
15 3 661
3 11 185
11 3 185
3 40 73
40 3 73
3 51 647
51 3 647
3 6 20
6 3 20
3 22 900
22 3 900
3 53 34
53 3 34
3 6 808
6 3 808
3 44 897
44 3 897
3 22 46
22 3 46
3 37 122
37 3 122
3 51 46
51 3 46
3 24 858
24 3 858
3 38 234
38 3 234
3 29 742
29 3 742
3 27 418
27 3 418
3 22 996
22 3 996
3 43 731
43 3 731
3 9 240
9 3 240
3 53 654
53 3 654
3 49 131
49 3 131
3 53 337
53 3 337
3 12 108
12 3 108
3 11 411
11 3 411
4 11 676
11 4 676
4 46 810
46 4 810
4 39 935
39 4 935
4 19 442
19 4 442
4 53 674
53 4 674
4 50 682
50 4 682
4 36 965
36 4 965
4 19 606
19 4 606
4 53 616
53 4 616
4 47 808
47 4 808
4 30 175
30 4 175
4 39 43
39 4 43
4 36 159
36 4 159
4 21 746
21 4 746
4 11 760
11 4 760
4 48 300
48 4 300
4 36 404
36 4 404
4 15 956
15 4 956
4 47 302
47 4 302
4 8 95
8 4 95
4 11 817
11 4 817
5 12 822
12 5 822
5 13 763
13 5 763
5 30 766
30 5 766
5 32 351
32 5 351
5 32 687
32 5 687
5 46 41
46 5 41
5 52 179
52 5 179
5 39 146
39 5 146
5 5 24
5 5 24
5 30 190
30 5 190
5 15 374
15 5 374
5 9 99
9 5 99
5 47 454
47 5 454
5 36 898
36 5 898
5 33 958
33 5 958
5 50 647
50 5 647
5 34 717
34 5 717
5 6 163
6 5 163
5 19 657
19 5 657
5 47 942
47 5 942
5 27 289
27 5 289
5 27 852
27 5 852
5 45 629
45 5 629
5 8 980
8 5 980
6 7 821
7 6 821
6 18 164
18 6 164
6 48 906
48 6 906
6 12 2
12 6 2
6 50 628
50 6 628
6 32 168
32 6 168
6 15 114
15 6 114
6 41 713
41 6 713
6 44 730
44 6 730
6 13 854
13 6 854
6 38 144
38 6 144
6 41 927
41 6 927
6 34 669
34 6 669
6 10 292
10 6 292
6 21 753
21 6 753
6 38 901
38 6 901
6 33 800
33 6 800
6 26 215
26 6 215
6 15 789
15 6 789
6 39 887
39 6 887
6 10 45
10 6 45
6 47 853
47 6 853
6 37 631
37 6 631
6 17 180
17 6 180
6 46 524
46 6 524
6 18 782
18 6 782
6 53 87
53 6 87
6 50 740
50 6 740
6 49 1000
49 6 1000
7 30 693
30 7 693
7 36 650
36 7 650
7 25 573
25 7 573
7 46 986
46 7 986
7 25 911
25 7 911
7 22 738
22 7 738
7 41 410
41 7 410
7 22 680
22 7 680
7 37 406
37 7 406
7 49 341
49 7 341
7 36 479
36 7 479
7 39 746
39 7 746
7 42 123
42 7 123
7 16 26
16 7 26
7 19 262
19 7 262
7 37 296
37 7 296
7 46 828
46 7 828
7 21 239
21 7 239
7 8 943
8 7 943
7 30 973
30 7 973
7 52 776
52 7 776
7 33 195
33 7 195
7 40 64
40 7 64
7 38 820
38 7 820
7 18 196
18 7 196
7 48 616
48 7 616
7 7 439
7 7 439
7 14 55
14 7 55
7 31 303
31 7 303
8 14 569
14 8 569
8 47 580
47 8 580
8 29 352
29 8 352
8 49 381
49 8 381
8 49 548
49 8 548
8 13 766
13 8 766
8 32 46
32 8 46
8 20 790
20 8 790
8 9 847
9 8 847
8 19 248
19 8 248
8 52 638
52 8 638
8 9 714
9 8 714
8 30 825
30 8 825
8 8 795
8 8 795
8 30 741
30 8 741
8 32 166
32 8 166
8 11 681
11 8 681
8 48 887
48 8 887
8 41 252
41 8 252
8 33 943
33 8 943
8 52 461
52 8 461
8 33 311
33 8 311
8 51 314
51 8 314
8 32 958
32 8 958
8 30 805
30 8 805
8 16 819
16 8 819
8 23 26
23 8 26
8 43 882
43 8 882
9 10 588
10 9 588
9 15 579
15 9 579
9 19 132
19 9 132
9 22 217
22 9 217
9 51 56
51 9 56
9 43 33
43 9 33
9 40 462
40 9 462
9 11 600
11 9 600
9 17 560
17 9 560
9 46 563
46 9 563
9 48 384
48 9 384
9 46 560
46 9 560
9 48 410
48 9 410
9 20 588
20 9 588
9 51 905
51 9 905
9 53 801
53 9 801
9 20 702
20 9 702
9 39 80
39 9 80
9 33 936
33 9 936
9 34 418
34 9 418
9 48 227
48 9 227
9 16 106
16 9 106
9 23 369
23 9 369
9 33 854
33 9 854
9 44 157
44 9 157
9 10 370
10 9 370
9 11 581
11 9 581
9 43 854
43 9 854
9 9 873
9 9 873
9 26 839
26 9 839
9 52 605
52 9 605
9 28 352
28 9 352
9 29 145
29 9 145
9 22 539
22 9 539
10 17 643
17 10 643
10 48 321
48 10 321
10 47 477
47 10 477
10 44 587
44 10 587
10 18 768
18 10 768
10 14 607
14 10 607
10 11 602
11 10 602
10 14 506
14 10 506
10 32 281
32 10 281
10 17 770
17 10 770
10 51 248
51 10 248
10 24 417
24 10 417
10 28 731
28 10 731
10 32 804
32 10 804
10 45 706
45 10 706
10 10 195
10 10 195
10 42 954
42 10 954
10 27 101
27 10 101
10 20 522
20 10 522
11 42 697
42 11 697
11 27 956
27 11 956
11 40 728
40 11 728
11 44 595
44 11 595
11 27 14
27 11 14
11 43 4
43 11 4
11 13 816
13 11 816
11 25 73
25 11 73
11 45 657
45 11 657
11 36 317
36 11 317
11 23 825
23 11 825
11 23 875
23 11 875
11 27 698
27 11 698
11 37 166
37 11 166
11 17 900
17 11 900
11 16 445
16 11 445
11 50 350
50 11 350
11 21 595
21 11 595
11 45 222
45 11 222
11 44 434
44 11 434
12 46 853
46 12 853
12 45 162
45 12 162
12 38 875
38 12 875
12 34 365
34 12 365
12 34 978
34 12 978
12 34 680
34 12 680
12 41 270
41 12 270
12 25 700
25 12 700
12 19 140
19 12 140
12 43 622
43 12 622
12 51 992
51 12 992
12 38 909
38 12 909
12 35 412
35 12 412
12 29 800
29 12 800
12 22 388
22 12 388
13 41 321
41 13 321
13 46 747
46 13 747
13 18 993
18 13 993
13 46 874
46 13 874
13 48 166
48 13 166
13 39 554
39 13 554
13 39 509
39 13 509
13 51 983
51 13 983
13 25 978
25 13 978
13 33 519
33 13 519
13 50 289
50 13 289
13 14 12
14 13 12
13 40 719
40 13 719
13 40 528
40 13 528
13 13 460
13 13 460
13 28 570
28 13 570
13 19 698
19 13 698
13 49 56
49 13 56
13 40 570
40 13 570
13 42 497
42 13 497
13 24 149
24 13 149
13 35 430
35 13 430
13 42 699
42 13 699
14 16 756
16 14 756
14 16 922
16 14 922
14 20 777
20 14 777
14 28 401
28 14 401
14 39 244
39 14 244
14 49 458
49 14 458
14 52 2
52 14 2
14 19 440
19 14 440
14 15 800
15 14 800
14 35 636
35 14 636
14 51 665
51 14 665
14 39 191
39 14 191
14 17 121
17 14 121
14 26 714
26 14 714
14 51 164
51 14 164
14 49 514
49 14 514
14 24 878
24 14 878
14 39 852
39 14 852
14 49 842
49 14 842
14 48 20
48 14 20
14 49 503
49 14 503
14 15 216
15 14 216
14 17 92
17 14 92
14 37 127
37 14 127
14 41 258
41 14 258
15 45 892
45 15 892
15 43 341
43 15 341
15 52 711
52 15 711
15 44 1
44 15 1
15 53 231
53 15 231
15 16 953
16 15 953
15 28 778
28 15 778
15 46 432
46 15 432
15 30 15
30 15 15
15 28 795
28 15 795
15 20 693
20 15 693
15 25 529
25 15 529
15 43 423
43 15 423
15 26 635
26 15 635
15 23 656
23 15 656
15 42 379
42 15 379
15 53 416
53 15 416
15 41 608
41 15 608
15 44 807
44 15 807
15 19 975
19 15 975
15 38 560
38 15 560
15 29 693
29 15 693
16 27 69
27 16 69
16 45 605
45 16 605
16 38 902
38 16 902
16 25 315
25 16 315
16 40 807
40 16 807
16 40 706
40 16 706
16 34 732
34 16 732
16 44 967
44 16 967
16 17 893
17 16 893
16 48 205
48 16 205
16 45 420
45 16 420
16 24 778
24 16 778
16 17 118
17 16 118
16 35 570
35 16 570
16 25 512
25 16 512
16 21 263
21 16 263
16 49 267
49 16 267
17 20 974
20 17 974
17 33 961
33 17 961
17 43 554
43 17 554
17 25 6
25 17 6
17 36 857
36 17 857
17 25 50
25 17 50
17 51 108
51 17 108
17 50 691
50 17 691
17 33 850
33 17 850
17 22 700
22 17 700
17 31 541
31 17 541
17 27 278
27 17 278
17 25 343
25 17 343
17 36 503
36 17 503
17 41 909
41 17 909
17 17 844
17 17 844
17 23 469
23 17 469
17 40 726
40 17 726
17 27 927
27 17 927
17 38 254
38 17 254
17 48 597
48 17 597
17 52 984
52 17 984
17 30 436
30 17 436
17 34 707
34 17 707
17 38 109
38 17 109
17 24 100
24 17 100
17 22 41
22 17 41
17 28 376
28 17 376
18 21 240
21 18 240
18 28 615
28 18 615
18 48 74
48 18 74
18 20 171
20 18 171
18 32 734
32 18 734
18 23 392
23 18 392
18 37 934
37 18 934
18 41 961
41 18 961
18 23 287
23 18 287
18 48 520
48 18 520
18 26 636
26 18 636
18 42 573
42 18 573
18 23 511
23 18 511
18 37 64
37 18 64
18 35 396
35 18 396
18 53 583
53 18 583
18 28 969
28 18 969
18 40 68
40 18 68
18 46 2
46 18 2
18 53 266
53 18 266
18 53 132
53 18 132
18 35 899
35 18 899
18 46 489
46 18 489
18 21 632
21 18 632
18 40 437
40 18 437
18 22 149
22 18 149
19 27 556
27 19 556
19 45 27
45 19 27
19 31 398
31 19 398
19 44 53
44 19 53
19 30 407
30 19 407
19 34 950
34 19 950
19 34 830
34 19 830
19 37 732
37 19 732
19 44 81
44 19 81
19 47 463
47 19 463
19 38 253
38 19 253
19 29 73
29 19 73
19 44 644
44 19 644
19 24 751
24 19 751
19 19 474
19 19 474
19 35 651
35 19 651
19 50 710
50 19 710
19 27 868
27 19 868
19 37 84
37 19 84
19 36 457
36 19 457
19 50 541
50 19 541
20 27 166
27 20 166
20 49 106
49 20 106
20 43 493
43 20 493
20 40 467
40 20 467
20 35 680
35 20 680
20 42 151
42 20 151
20 53 398
53 20 398
20 25 548
25 20 548
20 33 882
33 20 882
20 40 597
40 20 597
20 33 650
33 20 650
20 30 865
30 20 865
20 50 842
50 20 842
21 25 265
25 21 265
21 29 44
29 21 44
21 22 74
22 21 74
21 45 450
45 21 450
21 50 288
50 21 288
21 31 741
31 21 741
21 31 871
31 21 871
21 28 612
28 21 612
21 24 56
24 21 56
21 47 295
47 21 295
21 41 51
41 21 51
21 24 496
24 21 496
21 47 56
47 21 56
21 23 969
23 21 969
22 32 926
32 22 926
22 29 636
29 22 636
22 30 967
30 22 967
22 37 3
37 22 3
22 48 678
48 22 678
22 29 640
29 22 640
22 22 222
22 22 222
22 43 143
43 22 143
22 31 43
31 22 43
22 30 566
30 22 566
22 41 108
41 22 108
22 33 415
33 22 415
22 24 119
24 22 119
22 32 549
32 22 549
22 23 225
23 22 225
22 50 323
50 22 323
23 46 241
46 23 241
23 41 357
41 23 357
23 28 878
28 23 878
23 38 407
38 23 407
23 29 901
29 23 901
23 25 626
25 23 626
23 32 850
32 23 850
23 38 301
38 23 301
23 38 122
38 23 122
24 41 926
41 24 926
24 24 470
24 24 470
24 27 988
27 24 988
24 42 898
42 24 898
24 42 317
42 24 317
24 47 825
47 24 825
24 36 865
36 24 865
24 39 38
39 24 38
24 37 219
37 24 219
24 51 309
51 24 309
24 26 770
26 24 770
24 33 185
33 24 185
24 29 749
29 24 749
24 45 45
45 24 45
24 30 5
30 24 5
24 37 836
37 24 836
24 44 828
44 24 828
24 50 138
50 24 138
24 28 285
28 24 285
24 37 29
37 24 29
24 29 181
29 24 181
24 28 976
28 24 976
25 37 559
37 25 559
25 32 782
32 25 782
25 30 505
30 25 505
25 45 518
45 25 518
25 26 890
26 25 890
25 41 843
41 25 843
25 34 625
34 25 625
25 49 542
49 25 542
25 31 498
31 25 498
25 26 595
26 25 595
25 40 408
40 25 408
25 37 56
37 25 56
25 52 7
52 25 7
25 45 496
45 25 496
25 44 78
44 25 78
25 39 461
39 25 461
25 49 698
49 25 698
25 37 379
37 25 379
26 34 512
34 26 512
26 39 806
39 26 806
26 42 800
42 26 800
26 53 528
53 26 528
26 36 578
36 26 578
26 31 992
31 26 992
26 50 791
50 26 791
26 48 493
48 26 493
26 41 380
41 26 380
26 28 463
28 26 463
26 51 818
51 26 818
26 32 23
32 26 23
27 40 36
40 27 36
27 52 868
52 27 868
27 51 481
51 27 481
27 46 651
46 27 651
27 51 295
51 27 295
27 43 480
43 27 480
27 42 167
42 27 167
27 44 824
44 27 824
27 44 694
44 27 694
27 34 962
34 27 962
27 46 799
46 27 799
27 47 28
47 27 28
27 41 253
41 27 253
27 32 948
32 27 948
27 28 848
28 27 848
28 48 854
48 28 854
28 35 866
35 28 866
28 45 612
45 28 612
28 53 701
53 28 701
28 36 878
36 28 878
28 53 136
53 28 136
28 37 261
37 28 261
28 43 58
43 28 58
28 29 93
29 28 93
28 34 841
34 28 841
28 33 815
33 28 815
28 30 950
30 28 950
28 41 70
41 28 70
28 37 282
37 28 282
29 31 882
31 29 882
29 45 421
45 29 421
29 37 575
37 29 575
29 51 65
51 29 65
29 53 86
53 29 86
29 47 889
47 29 889
29 33 381
33 29 381
29 50 991
50 29 991
29 51 479
51 29 479
29 31 123
31 29 123
29 33 357
33 29 357
29 47 461
47 29 461
29 52 936
52 29 936
29 39 8
39 29 8
29 39 476
39 29 476
29 42 979
42 29 979
29 38 234
38 29 234
29 45 923
45 29 923
29 40 466
40 29 466
30 42 548
42 30 548
30 40 209
40 30 209
30 47 913
47 30 913
30 49 504
49 30 504
30 47 957
47 30 957
30 41 501
41 30 501
30 43 181
43 30 181
30 36 998
36 30 998
30 34 190
34 30 190
30 40 572
40 30 572
30 51 748
51 30 748
31 36 987
36 31 987
31 43 50
43 31 50
31 47 241
47 31 241
31 32 319
32 31 319
31 53 434
53 31 434
31 34 362
34 31 362
31 53 618
53 31 618
31 50 44
50 31 44
31 44 468
44 31 468
31 40 191
40 31 191
31 45 728
45 31 728
31 35 975
35 31 975
31 33 669
33 31 669
32 47 733
47 32 733
32 45 390
45 32 390
32 53 907
53 32 907
32 39 321
39 32 321
32 49 593
49 32 593
32 47 352
47 32 352
32 32 266
32 32 266
32 50 611
50 32 611
32 52 692
52 32 692
32 39 804
39 32 804
32 51 672
51 32 672
33 36 568
36 33 568
33 40 944
40 33 944
33 52 310
52 33 310
33 49 166
49 33 166
33 39 488
39 33 488
33 48 478
48 33 478
33 39 197
39 33 197
33 45 54
45 33 54
34 35 265
35 34 265
34 51 234
51 34 234
34 51 633
51 34 633
34 35 228
35 34 228
34 49 721
49 34 721
34 45 155
45 34 155
34 51 428
51 34 428
34 48 602
48 34 602
34 42 426
42 34 426
34 39 587
39 34 587
34 47 866
47 34 866
34 35 918
35 34 918
34 36 90
36 34 90
34 49 528
49 34 528
35 42 977
42 35 977
35 36 263
36 35 263
35 40 645
40 35 645
35 49 727
49 35 727
35 42 327
42 35 327
35 39 574
39 35 574
35 51 340
51 35 340
35 50 964
50 35 964
35 50 432
50 35 432
35 45 634
45 35 634
35 37 45
37 35 45
35 39 301
39 35 301
35 47 820
47 35 820
36 39 62
39 36 62
36 47 45
47 36 45
36 43 882
43 36 882
36 44 217
44 36 217
36 38 582
38 36 582
36 38 712
38 36 712
37 53 571
53 37 571
37 51 500
51 37 500
37 47 359
47 37 359
37 42 795
42 37 795
37 45 507
45 37 507
37 42 208
42 37 208
37 41 986
41 37 986
37 53 135
53 37 135
38 45 731
45 38 731
38 39 207
39 38 207
38 50 85
50 38 85
38 51 641
51 38 641
38 47 307
47 38 307
38 48 523
48 38 523
38 44 973
44 38 973
39 44 808
44 39 808
39 41 294
41 39 294
39 41 989
41 39 989
39 53 59
53 39 59
39 53 354
53 39 354
39 44 357
44 39 357
39 44 439
44 39 439
40 43 42
43 40 42
40 45 823
45 40 823
40 52 112
52 40 112
40 50 716
50 40 716
40 48 624
48 40 624
40 43 244
43 40 244
41 48 684
48 41 684
41 50 247
50 41 247
42 50 645
50 42 645
42 49 128
49 42 128
42 47 227
47 42 227
42 44 602
44 42 602
42 53 526
53 42 526
42 43 34
43 42 34
42 50 368
50 42 368
43 49 385
49 43 385
43 46 38
46 43 38
43 47 867
47 43 867
44 53 914
53 44 914
44 53 14
53 44 14
44 50 696
50 44 696
44 52 704
52 44 704
45 52 741
52 45 741
45 52 399
52 45 399
45 47 176
47 45 176
45 46 966
46 45 966
45 53 434
53 45 434
45 46 554
46 45 554
45 53 600
53 45 600
46 53 970
53 46 970
46 49 584
49 46 584
46 51 190
51 46 190
46 52 202
52 46 202
46 50 968
50 46 968
47 48 546
48 47 546
47 50 286
50 47 286
47 53 752
53 47 752
47 51 52
51 47 52
48 52 608
52 48 608
48 50 946
50 48 946
49 52 375
52 49 375
49 53 90
53 49 90
50 52 856
52 50 856
50 52 130
52 50 130
50 53 281
53 50 281
51 52 580
52 51 580
51 53 967
53 51 967
