26

0 1 903
1 0 903
0 6 389
6 0 389
0 7 543
7 0 543
0 8 199
8 0 199
0 14 37
14 0 37
0 7 275
7 0 275
0 8 583
8 0 583
1 2 553
2 1 553
1 3 635
3 1 635
1 4 779
4 1 779
1 5 869
5 1 869
1 12 628
12 1 628
1 19 244
19 1 244
1 7 283
7 1 283
1 19 582
19 1 582
1 20 283
20 1 283
1 11 337
11 1 337
2 10 385
10 2 385
2 14 410
14 2 410
2 9 64
9 2 64
2 12 955
12 2 955
2 12 12
12 2 12
2 7 981
7 2 981
2 22 934
22 2 934
2 3 63
3 2 63
2 18 367
18 2 367
3 11 219
11 3 219
3 19 596
19 3 596
3 19 45
19 3 45
3 9 419
9 3 419
3 7 885
7 3 885
3 21 725
21 3 725
3 24 171
24 3 171
3 22 205
22 3 205
3 24 776
24 3 776
3 12 251
12 3 251
4 20 748
20 4 748
4 21 743
21 4 743
4 11 240
11 4 240
4 5 11
5 4 11
5 18 798
18 5 798
5 21 626
21 5 626
5 7 695
7 5 695
5 18 955
18 5 955
5 13 803
13 5 803
5 11 365
11 5 365
5 15 685
15 5 685
5 20 290
20 5 290
6 15 454
15 6 454
6 9 879
9 6 879
6 24 60
24 6 60
6 9 686
9 6 686
6 20 770
20 6 770
6 7 837
7 6 837
7 25 834
25 7 834
7 11 423
11 7 423
7 11 917
11 7 917
7 11 245
11 7 245
8 9 152
9 8 152
8 13 697
13 8 697
8 22 197
22 8 197
9 18 70
18 9 70
9 18 223
18 9 223
9 23 785
23 9 785
9 17 989
17 9 989
9 16 707
16 9 707
10 16 940
16 10 940
10 25 965
25 10 965
10 24 101
24 10 101
10 13 96
13 10 96
10 10 449
10 10 449
11 14 95
14 11 95
11 22 17
22 11 17
11 15 879
15 11 879
11 16 461
16 11 461
11 23 160
23 11 160
12 19 822
19 12 822
12 22 155
22 12 155
12 23 428
23 12 428
13 17 337
17 13 337
13 17 969
17 13 969
13 23 938
23 13 938
14 22 489
22 14 489
14 18 907
18 14 907
14 21 145
21 14 145
14 24 775
24 14 775
14 19 718
19 14 718
15 22 903
22 15 903
15 15 753
15 15 753
15 21 730
21 15 730
16 22 823
22 16 823
16 22 264
22 16 264
16 19 88
19 16 88
17 24 917
24 17 917
17 21 48
21 17 48
17 18 63
18 17 63
18 21 657
21 18 657
18 22 163
22 18 163
18 22 895
22 18 895
18 22 282
22 18 282
19 20 461
20 19 461
19 24 804
24 19 804
20 23 336
23 20 336
20 24 846
24 20 846
21 24 757
24 21 757
21 23 846
23 21 846
21 24 156
24 21 156
22 23 221
23 22 221
24 25 159
25 24 159
24 25 101
25 24 101
