32

0 1 512
1 0 512
0 4 499
4 0 499
0 11 447
11 0 447
0 12 358
12 0 358
0 0 502
0 0 502
1 2 365
2 1 365
1 3 830
3 1 830
1 7 92
7 1 92
1 25 588
25 1 588
1 23 584
23 1 584
1 10 314
10 1 314
1 27 791
27 1 791
1 25 461
25 1 461
1 7 163
7 1 163
1 30 617
30 1 617
2 6 597
6 2 597
2 9 475
9 2 475
2 30 271
30 2 271
2 3 111
3 2 111
2 30 398
30 2 398
2 8 320
8 2 320
2 24 963
24 2 963
3 5 859
5 3 859
3 10 807
10 3 807
3 8 353
8 3 353
3 30 213
30 3 213
3 13 553
13 3 553
3 11 475
11 3 475
4 18 466
18 4 466
4 28 493
28 4 493
4 20 551
20 4 551
4 24 182
24 4 182
4 5 301
5 4 301
4 20 17
20 4 17
4 14 961
14 4 961
4 26 967
26 4 967
4 28 97
28 4 97
4 12 245
12 4 245
5 13 511
13 5 511
5 20 213
20 5 213
5 21 836
21 5 836
5 8 827
8 5 827
5 8 518
8 5 518
5 17 236
17 5 236
6 20 705
20 6 705
6 30 642
30 6 642
6 13 44
13 6 44
6 8 19
8 6 19
6 19 800
19 6 800
6 26 640
26 6 640
6 13 259
13 6 259
6 14 808
14 6 808
7 8 658
8 7 658
7 15 23
15 7 23
7 16 748
16 7 748
7 28 152
28 7 152
7 16 183
16 7 183
8 24 258
24 8 258
8 23 937
23 8 937
8 14 198
14 8 198
9 14 703
14 9 703
9 17 832
17 9 832
9 9 300
9 9 300
10 17 776
17 10 776
10 21 84
21 10 84
10 28 41
28 10 41
10 15 182
15 10 182
11 11 166
11 11 166
11 24 728
24 11 728
11 27 724
27 11 724
11 22 490
22 11 490
12 30 376
30 12 376
13 30 225
30 13 225
13 25 890
25 13 890
13 16 905
16 13 905
13 30 982
30 13 982
13 20 126
20 13 126
14 22 530
22 14 530
14 21 446
21 14 446
14 21 373
21 14 373
14 25 764
25 14 764
15 19 360
19 15 360
15 15 123
15 15 123
15 25 84
25 15 84
15 19 550
19 15 550
15 26 983
26 15 983
16 23 71
23 16 71
16 28 893
28 16 893
16 23 587
23 16 587
16 17 765
17 16 765
16 31 983
31 16 983
17 29 989
29 17 989
17 27 976
27 17 976
18 27 923
27 18 923
18 27 645
27 18 645
19 28 298
28 19 298
19 25 261
25 19 261
21 23 187
23 21 187
22 31 855
31 22 855
22 28 591
28 22 591
22 26 522
26 22 522
23 26 788
26 23 788
23 27 229
27 23 229
23 25 804
25 23 804
23 26 112
26 23 112
25 31 500
31 25 500
26 26 176
26 26 176
27 31 915
31 27 915
29 29 480
29 29 480
30 31 336
31 30 336
