79

0 1 899
1 0 899
0 3 276
3 0 276
0 18 196
18 0 196
0 50 102
50 0 102
0 15 326
15 0 326
0 66 964
66 0 964
0 25 862
25 0 862
0 7 433
7 0 433
0 1 824
1 0 824
0 66 800
66 0 800
1 2 810
2 1 810
1 7 984
7 1 984
1 22 652
22 1 652
1 51 271
51 1 271
1 31 804
31 1 804
1 45 123
45 1 123
1 21 143
21 1 143
1 14 490
14 1 490
1 45 904
45 1 904
1 66 178
66 1 178
2 4 612
4 2 612
2 6 145
6 2 145
2 8 925
8 2 925
2 15 551
15 2 551
2 19 268
19 2 268
2 27 80
27 2 80
2 63 124
63 2 124
2 72 442
72 2 442
2 44 41
44 2 41
2 44 827
44 2 827
2 30 25
30 2 25
2 74 513
74 2 513
3 39 124
39 3 124
3 45 990
45 3 990
3 48 661
48 3 661
3 73 806
73 3 806
3 9 834
9 3 834
3 40 828
40 3 828
3 52 44
52 3 44
3 74 878
74 3 878
3 6 775
6 3 775
4 5 510
5 4 510
4 10 654
10 4 654
4 17 18
17 4 18
4 73 282
73 4 282
4 21 599
21 4 599
4 44 841
44 4 841
4 66 833
66 4 833
4 57 328
57 4 328
4 78 179
78 4 179
5 22 675
22 5 675
5 49 129
49 5 129
5 25 599
25 5 599
5 16 252
16 5 252
5 74 641
74 5 641
5 61 577
61 5 577
6 11 168
11 6 168
6 78 804
78 6 804
6 29 202
29 6 202
6 31 704
31 6 704
6 8 823
8 6 823
6 17 909
17 6 909
6 65 527
65 6 527
7 16 44
16 7 44
7 20 467
20 7 467
7 21 128
21 7 128
7 31 536
31 7 536
7 34 445
34 7 445
7 76 730
76 7 730
7 25 234
25 7 234
7 10 933
10 7 933
7 77 591
77 7 591
7 48 34
48 7 34
7 56 497
56 7 497
7 61 356
61 7 356
7 32 433
32 7 433
8 9 938
9 8 938
8 12 957
12 8 957
8 42 450
42 8 450
8 44 123
44 8 123
8 10 107
10 8 107
8 19 216
19 8 216
8 21 41
21 8 41
8 11 982
11 8 982
8 15 123
15 8 123
8 55 782
55 8 782
8 75 256
75 8 256
9 13 944
13 9 944
9 27 838
27 9 838
9 46 858
46 9 858
9 50 270
50 9 270
9 30 493
30 9 493
9 49 580
49 9 580
9 52 325
52 9 325
9 50 39
50 9 39
9 51 233
51 9 233
9 34 80
34 9 80
9 55 534
55 9 534
9 74 883
74 9 883
10 14 786
14 10 786
10 24 595
24 10 595
10 43 751
43 10 751
10 78 333
78 10 333
10 25 685
25 10 685
10 60 880
60 10 880
10 41 995
41 10 995
10 45 900
45 10 900
10 13 939
13 10 939
10 24 563
24 10 563
11 28 900
28 11 900
11 53 353
53 11 353
11 58 546
58 11 546
11 78 922
78 11 922
11 13 940
13 11 940
12 24 315
24 12 315
12 58 415
58 12 415
12 42 669
42 12 669
12 59 357
59 12 357
12 24 260
24 12 260
13 59 387
59 13 387
13 26 378
26 13 378
13 78 9
78 13 9
13 18 470
18 13 470
13 53 679
53 13 679
13 66 208
66 13 208
13 63 341
63 13 341
13 26 291
26 13 291
13 24 730
24 13 730
13 58 84
58 13 84
14 23 459
23 14 459
14 25 88
25 14 88
14 76 765
76 14 765
14 39 126
39 14 126
14 46 820
46 14 820
14 31 198
31 14 198
14 76 946
76 14 946
14 22 410
22 14 410
14 44 111
44 14 111
14 35 737
35 14 737
15 40 847
40 15 847
15 16 524
16 15 524
15 24 856
24 15 856
15 28 46
28 15 46
15 43 991
43 15 991
15 16 768
16 15 768
16 26 204
26 16 204
16 69 687
69 16 687
16 43 689
43 16 689
16 20 900
20 16 900
16 40 448
40 16 448
16 34 627
34 16 627
16 77 433
77 16 433
16 78 930
78 16 930
17 58 649
58 17 649
17 74 192
74 17 192
17 43 924
43 17 924
17 60 995
60 17 995
17 60 188
60 17 188
17 18 249
18 17 249
17 67 145
67 17 145
17 67 346
67 17 346
17 58 416
58 17 416
18 63 550
63 18 550
18 26 59
26 18 59
18 18 568
18 18 568
18 42 916
42 18 916
18 65 743
65 18 743
18 31 795
31 18 795
18 31 113
31 18 113
18 48 680
48 18 680
19 52 755
52 19 755
19 57 235
57 19 235
19 58 911
58 19 911
19 67 766
67 19 766
19 67 851
67 19 851
19 67 426
67 19 426
19 34 761
34 19 761
19 44 255
44 19 255
19 41 181
41 19 181
19 52 474
52 19 474
19 62 366
62 19 366
20 41 784
41 20 784
20 55 773
55 20 773
20 25 729
25 20 729
20 54 988
54 20 988
20 64 582
64 20 582
20 39 251
39 20 251
20 71 172
71 20 172
21 54 679
54 21 679
21 21 575
21 21 575
21 73 726
73 21 726
21 78 577
78 21 577
21 55 255
55 21 255
21 64 396
64 21 396
21 51 23
51 21 23
22 43 771
43 22 771
22 58 999
58 22 999
22 65 956
65 22 956
22 73 298
73 22 298
22 74 417
74 22 417
22 41 233
41 22 233
23 61 389
61 23 389
23 77 314
77 23 314
23 51 636
51 23 636
23 27 702
27 23 702
23 24 743
24 23 743
23 76 144
76 23 144
23 43 393
43 23 393
23 33 335
33 23 335
24 32 915
32 24 915
24 62 159
62 24 159
24 46 732
46 24 732
24 37 820
37 24 820
24 75 461
75 24 461
24 42 601
42 24 601
24 73 120
73 24 120
24 60 941
60 24 941
25 32 505
32 25 505
25 33 11
33 25 11
25 35 494
35 25 494
25 36 159
36 25 159
25 56 51
56 25 51
25 52 26
52 25 26
25 70 684
70 25 684
25 66 752
66 25 752
25 42 395
42 25 395
26 41 444
41 26 444
26 44 530
44 26 530
26 62 482
62 26 482
26 27 942
27 26 942
26 36 20
36 26 20
27 30 244
30 27 244
27 65 727
65 27 727
27 74 70
74 27 70
27 30 528
30 27 528
27 77 228
77 27 228
27 59 143
59 27 143
27 44 72
44 27 72
27 49 894
49 27 894
27 63 134
63 27 134
28 29 194
29 28 194
28 65 443
65 28 443
28 52 591
52 28 591
28 53 543
53 28 543
29 47 378
47 29 378
29 43 699
43 29 699
29 55 228
55 29 228
29 39 803
39 29 803
29 66 160
66 29 160
29 42 687
42 29 687
29 53 476
53 29 476
29 29 598
29 29 598
29 66 880
66 29 880
29 70 333
70 29 333
30 47 208
47 30 208
30 40 40
40 30 40
30 36 935
36 30 935
30 40 170
40 30 170
30 57 684
57 30 684
30 71 155
71 30 155
30 56 414
56 30 414
31 37 901
37 31 901
31 55 240
55 31 240
31 37 306
37 31 306
31 41 779
41 31 779
32 38 452
38 32 452
32 67 27
67 32 27
32 71 961
71 32 961
32 75 679
75 32 679
32 67 991
67 32 991
32 60 588
60 32 588
32 64 539
64 32 539
33 64 537
64 33 537
33 77 762
77 33 762
34 54 509
54 34 509
34 52 583
52 34 583
34 66 881
66 34 881
34 36 253
36 34 253
34 45 260
45 34 260
34 39 484
39 34 484
34 56 876
56 34 876
35 55 269
55 35 269
35 71 403
71 35 403
35 42 375
42 35 375
35 46 239
46 35 239
35 52 884
52 35 884
35 36 478
36 35 478
36 50 667
50 36 667
36 47 365
47 36 365
36 61 318
61 36 318
36 37 991
37 36 991
36 68 401
68 36 401
36 55 635
55 36 635
37 44 917
44 37 917
37 62 944
62 37 944
37 45 475
45 37 475
37 47 532
47 37 532
37 47 177
47 37 177
37 59 51
59 37 51
37 69 721
69 37 721
38 60 596
60 38 596
38 40 62
40 38 62
38 78 385
78 38 385
38 65 779
65 38 779
38 68 326
68 38 326
38 41 128
41 38 128
39 42 159
42 39 159
39 76 967
76 39 967
39 41 75
41 39 75
39 41 214
41 39 214
40 69 854
69 40 854
41 59 157
59 41 157
41 55 563
55 41 563
41 43 380
43 41 380
41 47 419
47 41 419
41 54 237
54 41 237
41 74 173
74 41 173
42 68 428
68 42 428
42 70 625
70 42 625
42 52 352
52 42 352
42 48 259
48 42 259
42 65 296
65 42 296
43 49 169
49 43 169
43 50 751
50 43 751
43 73 717
73 43 717
43 47 785
47 43 785
44 66 768
66 44 768
44 49 904
49 44 904
44 68 545
68 44 545
44 66 964
66 44 964
44 53 260
53 44 260
44 49 732
49 44 732
45 62 746
62 45 746
45 65 252
65 45 252
46 70 211
70 46 211
47 71 942
71 47 942
47 61 533
61 47 533
47 76 164
76 47 164
47 56 8
56 47 8
48 61 299
61 48 299
48 65 234
65 48 234
49 78 352
78 49 352
50 59 63
59 50 63
50 77 206
77 50 206
50 66 787
66 50 787
50 74 848
74 50 848
50 74 298
74 50 298
50 74 491
74 50 491
51 74 340
74 51 340
52 68 225
68 52 225
52 66 326
66 52 326
53 66 329
66 53 329
53 74 866
74 53 866
53 63 399
63 53 399
53 57 786
57 53 786
54 74 853
74 54 853
54 59 413
59 54 413
54 76 726
76 54 726
54 66 416
66 54 416
55 74 843
74 55 843
55 73 62
73 55 62
55 63 970
63 55 970
56 68 549
68 56 549
57 68 216
68 57 216
58 64 204
64 58 204
58 67 835
67 58 835
59 63 144
63 59 144
60 72 708
72 60 708
60 74 39
74 60 39
60 66 508
66 60 508
60 73 922
73 60 922
61 63 816
63 61 816
62 64 234
64 62 234
64 73 832
73 64 832
64 69 349
69 64 349
64 72 589
72 64 589
65 69 354
69 65 354
65 71 888
71 65 888
65 66 1
66 65 1
66 78 795
78 66 795
67 75 967
75 67 967
67 74 137
74 67 137
67 77 778
77 67 778
68 69 813
69 68 813
68 74 801
74 68 801
68 75 86
75 68 86
68 72 632
72 68 632
70 72 552
72 70 552
70 72 895
72 70 895
70 75 787
75 70 787
75 78 3
78 75 3
77 78 784
78 77 784
