44

0 1 381
1 0 381
0 2 169
2 0 169
0 5 834
5 0 834
0 10 641
10 0 641
0 11 478
11 0 478
0 39 849
39 0 849
0 8 303
8 0 303
0 38 903
38 0 903
0 18 265
18 0 265
0 27 337
27 0 337
0 14 577
14 0 577
0 15 277
15 0 277
0 16 781
16 0 781
0 43 289
43 0 289
0 17 312
17 0 312
0 35 860
35 0 860
0 33 407
33 0 407
0 31 917
31 0 917
0 15 672
15 0 672
0 1 890
1 0 890
0 31 578
31 0 578
0 35 658
35 0 658
0 39 857
39 0 857
0 16 491
16 0 491
0 43 591
43 0 591
0 40 81
40 0 81
0 31 562
31 0 562
0 23 910
23 0 910
0 34 502
34 0 502
1 8 506
8 1 506
1 9 395
9 1 395
1 25 157
25 1 157
1 26 652
26 1 652
1 14 460
14 1 460
1 19 130
19 1 130
1 34 818
34 1 818
1 13 571
13 1 571
1 41 100
41 1 100
1 33 688
33 1 688
1 33 169
33 1 169
1 7 859
7 1 859
1 20 259
20 1 259
1 21 892
21 1 892
1 20 82
20 1 82
1 32 37
32 1 37
1 35 80
35 1 80
1 22 471
22 1 471
1 22 632
22 1 632
1 10 239
10 1 239
1 25 775
25 1 775
1 2 208
2 1 208
1 8 546
8 1 546
1 3 149
3 1 149
1 26 135
26 1 135
1 38 29
38 1 29
1 43 264
43 1 264
1 43 729
43 1 729
2 3 624
3 2 624
2 33 916
33 2 916
2 14 785
14 2 785
2 11 949
11 2 949
2 42 596
42 2 596
2 12 484
12 2 484
2 19 305
19 2 305
2 9 246
9 2 246
2 38 273
38 2 273
2 19 542
19 2 542
2 7 73
7 2 73
2 11 768
11 2 768
2 8 811
8 2 811
2 20 332
20 2 332
2 22 838
22 2 838
2 15 62
15 2 62
2 27 562
27 2 562
2 23 513
23 2 513
2 26 373
26 2 373
3 4 179
4 3 179
3 24 186
24 3 186
3 31 966
31 3 966
3 12 885
12 3 885
3 19 793
19 3 793
3 29 594
29 3 594
3 27 785
27 3 785
3 34 987
34 3 987
3 30 870
30 3 870
3 16 532
16 3 532
3 24 212
24 3 212
3 17 390
17 3 390
3 18 75
18 3 75
3 17 4
17 3 4
3 4 325
4 3 325
3 26 76
26 3 76
3 36 534
36 3 534
3 7 892
7 3 892
3 21 763
21 3 763
3 10 845
10 3 845
3 6 512
6 3 512
3 3 541
3 3 541
3 26 243
26 3 243
3 15 752
15 3 752
3 23 135
23 3 135
3 41 514
41 3 514
3 12 322
12 3 322
3 12 249
12 3 249
3 30 569
30 3 569
3 15 65
15 3 65
4 6 985
6 4 985
4 7 830
7 4 830
4 18 590
18 4 590
4 43 327
43 4 327
4 33 855
33 4 855
4 42 582
42 4 582
4 43 238
43 4 238
4 20 590
20 4 590
4 42 472
42 4 472
4 19 112
19 4 112
4 39 259
39 4 259
4 28 575
28 4 575
4 21 784
21 4 784
4 39 794
39 4 794
4 10 109
10 4 109
4 38 895
38 4 895
4 32 311
32 4 311
4 33 260
33 4 260
4 35 90
35 4 90
4 17 376
17 4 376
4 40 399
40 4 399
4 15 286
15 4 286
4 37 728
37 4 728
4 18 980
18 4 980
4 6 883
6 4 883
4 36 300
36 4 300
4 35 359
35 4 359
4 16 774
16 4 774
4 6 25
6 4 25
5 13 540
13 5 540
5 23 575
23 5 575
5 37 647
37 5 647
5 26 514
26 5 514
5 29 326
29 5 326
5 43 810
43 5 810
5 14 97
14 5 97
5 43 247
43 5 247
5 40 284
40 5 284
5 34 283
34 5 283
5 35 360
35 5 360
5 20 871
20 5 871
5 10 630
10 5 630
5 19 993
19 5 993
5 13 260
13 5 260
5 31 157
31 5 157
5 21 723
21 5 723
5 30 80
30 5 80
5 12 876
12 5 876
5 38 369
38 5 369
5 21 559
21 5 559
5 43 576
43 5 576
5 12 63
12 5 63
5 34 987
34 5 987
5 35 420
35 5 420
5 13 914
13 5 914
5 6 543
6 5 543
5 42 60
42 5 60
5 36 148
36 5 148
5 26 856
26 5 856
5 40 477
40 5 477
6 34 482
34 6 482
6 43 628
43 6 628
6 20 25
20 6 25
6 28 289
28 6 289
6 34 577
34 6 577
6 14 875
14 6 875
6 29 683
29 6 683
6 6 636
6 6 636
6 43 137
43 6 137
6 12 172
12 6 172
6 37 504
37 6 504
6 13 562
13 6 562
6 27 764
27 6 764
6 37 752
37 6 752
7 37 917
37 7 917
7 13 771
13 7 771
7 10 384
10 7 384
7 42 311
42 7 311
7 31 411
31 7 411
7 42 912
42 7 912
7 43 373
43 7 373
7 7 363
7 7 363
7 26 764
26 7 764
7 8 779
8 7 779
7 25 280
25 7 280
7 19 827
19 7 827
7 19 985
19 7 985
7 11 562
11 7 562
7 16 414
16 7 414
7 17 966
17 7 966
7 18 481
18 7 481
7 14 888
14 7 888
7 38 793
38 7 793
7 42 135
42 7 135
7 12 604
12 7 604
7 36 317
36 7 317
7 20 619
20 7 619
7 35 290
35 7 290
7 15 580
15 7 580
7 8 805
8 7 805
7 42 618
42 7 618
7 23 398
23 7 398
8 14 488
14 8 488
8 36 483
36 8 483
8 11 705
11 8 705
8 10 775
10 8 775
8 13 195
13 8 195
8 40 765
40 8 765
8 25 8
25 8 8
8 16 203
16 8 203
8 10 430
10 8 430
8 38 96
38 8 96
8 35 727
35 8 727
8 9 518
9 8 518
8 24 153
24 8 153
8 29 982
29 8 982
8 22 317
22 8 317
8 29 42
29 8 42
8 22 489
22 8 489
8 23 112
23 8 112
8 14 215
14 8 215
8 33 283
33 8 283
8 20 325
20 8 325
8 11 358
11 8 358
9 15 612
15 9 612
9 17 487
17 9 487
9 16 829
16 9 829
9 26 279
26 9 279
9 16 699
16 9 699
9 39 47
39 9 47
9 37 567
37 9 567
9 11 184
11 9 184
9 18 124
18 9 124
9 26 752
26 9 752
9 23 4
23 9 4
9 38 378
38 9 378
9 21 204
21 9 204
9 23 185
23 9 185
9 24 744
24 9 744
9 22 785
22 9 785
9 17 711
17 9 711
9 17 16
17 9 16
9 23 25
23 9 25
9 15 694
15 9 694
9 21 147
21 9 147
9 13 255
13 9 255
9 9 338
9 9 338
10 12 879
12 10 879
10 34 873
34 10 873
10 24 2
24 10 2
10 37 114
37 10 114
10 26 515
26 10 515
10 34 788
34 10 788
10 32 97
32 10 97
10 21 146
21 10 146
10 20 714
20 10 714
10 31 5
31 10 5
10 23 286
23 10 286
10 22 836
22 10 836
10 16 296
16 10 296
10 15 384
15 10 384
10 43 436
43 10 436
10 11 400
11 10 400
10 34 425
34 10 425
10 41 506
41 10 506
10 35 152
35 10 152
10 11 442
11 10 442
10 42 190
42 10 190
10 33 943
33 10 943
10 39 138
39 10 138
10 18 638
18 10 638
10 28 96
28 10 96
11 29 672
29 11 672
11 32 113
32 11 113
11 36 519
36 11 519
11 28 556
28 11 556
11 35 914
35 11 914
11 35 2
35 11 2
11 36 955
36 11 955
11 24 467
24 11 467
11 18 420
18 11 420
11 25 656
25 11 656
11 38 244
38 11 244
11 18 333
18 11 333
11 39 721
39 11 721
11 14 710
14 11 710
11 19 940
19 11 940
11 33 63
33 11 63
11 38 509
38 11 509
11 13 363
13 11 363
12 24 345
24 12 345
12 38 569
38 12 569
12 18 790
18 12 790
12 37 153
37 12 153
12 25 181
25 12 181
12 27 39
27 12 39
12 33 73
33 12 73
12 13 840
13 12 840
12 25 562
25 12 562
12 16 727
16 12 727
12 17 281
17 12 281
12 37 212
37 12 212
12 30 83
30 12 83
12 18 820
18 12 820
12 24 51
24 12 51
12 42 457
42 12 457
12 17 911
17 12 911
12 25 498
25 12 498
12 30 699
30 12 699
13 16 102
16 13 102
13 14 338
14 13 338
13 22 494
22 13 494
13 42 377
42 13 377
13 28 348
28 13 348
13 23 739
23 13 739
13 17 830
17 13 830
13 18 363
18 13 363
13 26 866
26 13 866
13 22 899
22 13 899
13 19 842
19 13 842
13 43 932
43 13 932
13 31 483
31 13 483
13 42 105
42 13 105
13 38 949
38 13 949
14 15 790
15 14 790
14 43 512
43 14 512
14 40 569
40 14 569
14 43 326
43 14 326
14 17 943
17 14 943
14 14 222
14 14 222
14 37 889
37 14 889
14 38 712
38 14 712
14 28 278
28 14 278
14 32 139
32 14 139
14 35 989
35 14 989
14 16 647
16 14 647
14 34 482
34 14 482
14 19 401
19 14 401
14 23 865
23 14 865
14 28 664
28 14 664
14 33 125
33 14 125
15 21 916
21 15 916
15 39 952
39 15 952
15 24 347
24 15 347
15 35 249
35 15 249
15 31 524
31 15 524
15 37 650
37 15 650
15 37 164
37 15 164
15 36 123
36 15 123
15 26 810
26 15 810
15 19 2
19 15 2
15 39 885
39 15 885
15 16 612
16 15 612
16 33 904
33 16 904
16 25 974
25 16 974
16 35 346
35 16 346
16 29 18
29 16 18
16 30 484
30 16 484
16 20 598
20 16 598
16 31 210
31 16 210
16 40 381
40 16 381
16 35 120
35 16 120
16 22 258
22 16 258
16 41 979
41 16 979
16 31 394
31 16 394
16 35 876
35 16 876
16 40 72
40 16 72
17 19 439
19 17 439
17 42 56
42 17 56
17 18 950
18 17 950
17 21 109
21 17 109
17 28 529
28 17 529
17 35 132
35 17 132
17 25 434
25 17 434
17 38 863
38 17 863
17 37 966
37 17 966
17 24 468
24 17 468
17 19 790
19 17 790
17 25 147
25 17 147
17 33 586
33 17 586
17 32 467
32 17 467
17 43 134
43 17 134
17 41 385
41 17 385
17 29 500
29 17 500
17 42 520
42 17 520
17 18 730
18 17 730
17 42 15
42 17 15
17 28 999
28 17 999
17 21 833
21 17 833
17 32 563
32 17 563
18 36 184
36 18 184
18 31 8
31 18 8
18 24 265
24 18 265
18 28 668
28 18 668
18 21 109
21 18 109
18 33 926
33 18 926
18 32 830
32 18 830
18 22 894
22 18 894
18 20 193
20 18 193
18 38 397
38 18 397
18 42 640
42 18 640
18 28 949
28 18 949
18 29 250
29 18 250
18 34 910
34 18 910
18 40 437
40 18 437
18 19 840
19 18 840
19 20 988
20 19 988
19 28 363
28 19 363
19 22 594
22 19 594
19 37 111
37 19 111
19 20 149
20 19 149
19 33 435
33 19 435
19 38 866
38 19 866
19 42 442
42 19 442
19 36 816
36 19 816
19 34 380
34 19 380
19 41 568
41 19 568
19 31 436
31 19 436
19 22 74
22 19 74
19 29 283
29 19 283
19 42 654
42 19 654
19 28 274
28 19 274
19 42 448
42 19 448
19 36 706
36 19 706
20 22 606
22 20 606
20 30 273
30 20 273
20 26 615
26 20 615
20 36 779
36 20 779
20 24 194
24 20 194
20 25 544
25 20 544
20 29 37
29 20 37
20 29 627
29 20 627
20 21 604
21 20 604
20 28 205
28 20 205
20 30 528
30 20 528
20 31 351
31 20 351
20 34 421
34 20 421
20 37 650
37 20 650
20 21 747
21 20 747
21 37 171
37 21 171
21 41 127
41 21 127
21 32 140
32 21 140
21 39 724
39 21 724
21 37 146
37 21 146
21 30 190
30 21 190
21 38 543
38 21 543
21 22 965
22 21 965
21 40 699
40 21 699
21 34 599
34 21 599
21 31 913
31 21 913
21 26 867
26 21 867
22 38 648
38 22 648
22 38 615
38 22 615
22 30 671
30 22 671
22 40 748
40 22 748
22 37 736
37 22 736
22 23 853
23 22 853
22 34 299
34 22 299
22 30 367
30 22 367
22 33 548
33 22 548
22 38 626
38 22 626
22 41 104
41 22 104
22 22 716
22 22 716
22 36 715
36 22 715
23 43 569
43 23 569
23 38 499
38 23 499
23 41 772
41 23 772
23 41 756
41 23 756
23 43 316
43 23 316
23 30 672
30 23 672
23 36 665
36 23 665
23 29 376
29 23 376
23 31 630
31 23 630
23 42 991
42 23 991
24 42 161
42 24 161
24 26 745
26 24 745
24 32 856
32 24 856
24 34 937
34 24 937
24 35 170
35 24 170
24 43 301
43 24 301
24 39 707
39 24 707
24 25 379
25 24 379
24 39 426
39 24 426
24 36 469
36 24 469
24 40 266
40 24 266
24 43 599
43 24 599
24 40 467
40 24 467
24 30 118
30 24 118
25 41 462
41 25 462
25 43 333
43 25 333
25 27 868
27 25 868
25 32 317
32 25 317
25 26 879
26 25 879
25 31 118
31 25 118
25 31 497
31 25 497
25 42 804
42 25 804
25 32 96
32 25 96
25 39 597
39 25 597
25 30 73
30 25 73
26 27 468
27 26 468
26 28 70
28 26 70
26 43 68
43 26 68
26 27 330
27 26 330
26 26 334
26 26 334
26 33 268
33 26 268
26 42 286
42 26 286
26 27 977
27 26 977
26 36 512
36 26 512
26 39 349
39 26 349
26 29 629
29 26 629
26 27 993
27 26 993
26 43 715
43 26 715
26 42 144
42 26 144
26 36 856
36 26 856
26 27 316
27 26 316
27 35 512
35 27 512
27 31 925
31 27 925
27 30 642
30 27 642
27 32 616
32 27 616
27 40 762
40 27 762
27 32 900
32 27 900
27 35 678
35 27 678
27 35 60
35 27 60
27 31 666
31 27 666
27 29 139
29 27 139
27 33 939
33 27 939
27 31 959
31 27 959
27 39 376
39 27 376
27 34 591
34 27 591
28 31 175
31 28 175
28 29 621
29 28 621
28 41 812
41 28 812
28 39 765
39 28 765
28 37 525
37 28 525
29 34 6
34 29 6
29 40 266
40 29 266
29 41 674
41 29 674
29 42 700
42 29 700
29 37 267
37 29 267
29 36 589
36 29 589
29 38 324
38 29 324
29 32 929
32 29 929
29 35 70
35 29 70
30 37 635
37 30 635
30 41 91
41 30 91
30 35 433
35 30 433
30 33 262
33 30 262
30 37 524
37 30 524
30 42 27
42 30 27
30 36 433
36 30 433
31 31 775
31 31 775
31 40 856
40 31 856
31 31 389
31 31 389
31 33 612
33 31 612
31 39 612
39 31 612
31 37 114
37 31 114
32 41 417
41 32 417
32 38 506
38 32 506
32 37 552
37 32 552
32 43 573
43 32 573
32 34 427
34 32 427
32 34 802
34 32 802
32 43 360
43 32 360
32 41 61
41 32 61
32 38 809
38 32 809
32 36 925
36 32 925
33 37 979
37 33 979
34 40 313
40 34 313
34 40 236
40 34 236
34 37 136
37 34 136
34 41 286
41 34 286
34 42 606
42 34 606
34 38 361
38 34 361
35 36 664
36 35 664
35 38 407
38 35 407
35 41 812
41 35 812
35 37 14
37 35 14
35 41 460
41 35 460
35 41 408
41 35 408
35 38 945
38 35 945
36 41 613
41 36 613
36 39 843
39 36 843
36 42 142
42 36 142
37 42 866
42 37 866
37 40 302
40 37 302
37 43 405
43 37 405
37 43 410
43 37 410
37 43 134
43 37 134
37 38 947
38 37 947
38 43 935
43 38 935
38 42 566
42 38 566
38 42 191
42 38 191
38 40 950
40 38 950
39 42 602
42 39 602
40 43 966
43 40 966
40 41 451
41 40 451
41 42 200
42 41 200
41 42 463
42 41 463
42 43 910
43 42 910
43 43 840
43 43 840
43 43 551
43 43 551
