93

0 1 698
1 0 698
0 3 518
3 0 518
0 12 172
12 0 172
0 23 881
23 0 881
0 57 731
57 0 731
0 18 397
18 0 397
0 45 820
45 0 820
0 56 31
56 0 31
0 49 2
49 0 2
0 52 178
52 0 178
0 20 317
20 0 317
0 51 891
51 0 891
0 6 44
6 0 44
0 19 493
19 0 493
1 2 477
2 1 477
1 4 213
4 1 213
1 8 722
8 1 722
1 71 641
71 1 641
1 83 278
83 1 278
1 14 864
14 1 864
1 17 600
17 1 600
1 29 790
29 1 790
1 54 560
54 1 560
1 30 626
30 1 626
1 47 340
47 1 340
1 89 922
89 1 922
1 75 37
75 1 37
1 38 48
38 1 48
1 13 974
13 1 974
1 6 560
6 1 560
1 4 171
4 1 171
1 31 157
31 1 157
1 70 103
70 1 103
2 9 862
9 2 862
2 14 720
14 2 720
2 37 815
37 2 815
2 49 866
49 2 866
2 59 580
59 2 580
2 82 312
82 2 312
2 32 133
32 2 133
2 45 428
45 2 428
2 74 886
74 2 886
2 4 239
4 2 239
2 83 959
83 2 959
2 55 587
55 2 587
2 65 707
65 2 707
2 91 607
91 2 607
2 85 581
85 2 581
3 6 288
6 3 288
3 18 437
18 3 437
3 32 769
32 3 769
3 34 586
34 3 586
3 43 960
43 3 960
3 53 991
53 3 991
3 65 655
65 3 655
3 72 686
72 3 686
3 6 667
6 3 667
3 62 901
62 3 901
3 42 256
42 3 256
3 25 382
25 3 382
3 28 188
28 3 188
3 5 751
5 3 751
3 87 977
87 3 977
3 36 582
36 3 582
3 13 727
13 3 727
3 49 928
49 3 928
3 54 693
54 3 693
3 54 706
54 3 706
4 5 835
5 4 835
4 7 823
7 4 823
4 11 408
11 4 408
4 19 771
19 4 771
4 50 666
50 4 666
4 74 277
74 4 277
4 46 953
46 4 953
4 88 151
88 4 151
4 90 403
90 4 403
4 10 532
10 4 532
4 64 692
64 4 692
4 25 270
25 4 270
4 20 424
20 4 424
4 16 687
16 4 687
4 59 476
59 4 476
4 34 917
34 4 917
4 33 321
33 4 321
4 72 671
72 4 671
4 51 681
51 4 681
4 23 249
23 4 249
5 10 651
10 5 651
5 83 332
83 5 332
5 38 978
38 5 978
5 73 962
73 5 962
5 53 880
53 5 880
5 24 824
24 5 824
5 91 220
91 5 220
5 69 649
69 5 649
6 13 849
13 6 849
6 17 592
17 6 592
6 70 851
70 6 851
6 73 793
73 6 793
6 48 110
48 6 110
6 66 381
66 6 381
6 70 213
70 6 213
6 17 705
17 6 705
6 71 672
71 6 672
6 81 137
81 6 137
6 70 697
70 6 697
6 40 164
40 6 164
6 70 475
70 6 475
6 65 218
65 6 218
6 82 737
82 6 737
7 16 534
16 7 534
7 31 219
31 7 219
7 47 955
47 7 955
7 23 150
23 7 150
7 9 987
9 7 987
7 53 268
53 7 268
7 46 969
46 7 969
7 79 812
79 7 812
7 66 979
66 7 979
7 71 766
71 7 766
8 89 158
89 8 158
8 11 187
11 8 187
8 70 21
70 8 21
8 71 907
71 8 907
8 39 819
39 8 819
8 62 264
62 8 264
8 86 337
86 8 337
8 18 806
18 8 806
8 57 272
57 8 272
8 70 200
70 8 200
8 83 830
83 8 830
9 22 29
22 9 29
9 48 698
48 9 698
9 81 157
81 9 157
9 16 753
16 9 753
9 28 388
28 9 388
9 38 309
38 9 309
9 26 55
26 9 55
9 76 650
76 9 650
9 81 937
81 9 937
9 75 734
75 9 734
10 29 61
29 10 61
10 44 115
44 10 115
10 51 753
51 10 753
10 39 787
39 10 787
10 43 425
43 10 425
10 27 143
27 10 143
10 34 365
34 10 365
11 27 675
27 11 675
11 66 494
66 11 494
11 64 296
64 11 296
11 67 929
67 11 929
11 90 24
90 11 24
11 51 462
51 11 462
11 76 222
76 11 222
11 70 380
70 11 380
11 15 184
15 11 184
12 28 393
28 12 393
12 69 406
69 12 406
12 25 12
25 12 12
12 41 681
41 12 681
12 23 812
23 12 812
12 66 862
66 12 862
12 22 264
22 12 264
12 22 363
22 12 363
12 50 310
50 12 310
12 44 875
44 12 875
12 29 989
29 12 989
13 21 389
21 13 389
13 26 581
26 13 581
13 46 94
46 13 94
13 64 647
64 13 647
13 48 156
48 13 156
13 92 329
92 13 329
13 22 191
22 13 191
13 20 218
20 13 218
14 15 280
15 14 280
14 30 420
30 14 420
14 51 761
51 14 761
14 55 157
55 14 157
14 90 724
90 14 724
14 53 42
53 14 42
14 57 369
57 14 369
14 77 389
77 14 389
14 54 552
54 14 552
14 79 116
79 14 116
14 81 469
81 14 469
14 83 23
83 14 23
15 20 293
20 15 293
15 41 878
41 15 878
15 33 807
33 15 807
15 66 894
66 15 894
15 78 669
78 15 669
15 71 98
71 15 98
15 68 547
68 15 547
15 75 768
75 15 768
15 39 51
39 15 51
16 56 864
56 16 864
16 69 398
69 16 398
16 87 707
87 16 707
16 45 85
45 16 85
16 77 34
77 16 34
16 71 815
71 16 815
17 76 804
76 17 804
17 38 701
38 17 701
17 45 621
45 17 621
17 81 60
81 17 60
17 56 728
56 17 728
17 58 169
58 17 169
17 20 438
20 17 438
17 63 531
63 17 531
18 42 990
42 18 990
18 36 318
36 18 318
18 82 464
82 18 464
18 32 796
32 18 796
18 33 968
33 18 968
18 21 609
21 18 609
18 20 235
20 18 235
18 50 1000
50 18 1000
19 24 158
24 19 158
19 67 469
67 19 469
19 79 438
79 19 438
19 45 727
45 19 727
19 28 632
28 19 632
19 46 149
46 19 149
19 25 846
25 19 846
19 88 706
88 19 706
19 69 645
69 19 645
20 25 917
25 20 917
20 48 886
48 20 886
20 24 410
24 20 410
20 71 204
71 20 204
20 92 715
92 20 715
21 74 388
74 21 388
21 85 584
85 21 584
21 86 564
86 21 564
21 60 107
60 21 107
21 25 151
25 21 151
21 75 953
75 21 953
21 67 530
67 21 530
22 25 929
25 22 929
22 35 522
35 22 522
22 87 810
87 22 810
22 55 499
55 22 499
22 57 819
57 22 819
22 23 733
23 22 733
22 52 305
52 22 305
22 34 296
34 22 296
22 74 818
74 22 818
23 64 181
64 23 181
23 76 331
76 23 331
23 41 116
41 23 116
23 24 600
24 23 600
23 25 532
25 23 532
23 38 213
38 23 213
23 86 32
86 23 32
24 47 171
47 24 171
24 38 59
38 24 59
24 92 16
92 24 16
24 49 826
49 24 826
24 33 131
33 24 131
24 38 848
38 24 848
24 61 794
61 24 794
24 56 456
56 24 456
24 74 341
74 24 341
24 45 608
45 24 608
24 89 193
89 24 193
24 72 361
72 24 361
24 25 987
25 24 987
25 72 943
72 25 943
25 72 731
72 25 731
25 90 350
90 25 350
25 72 406
72 25 406
25 48 822
48 25 822
25 84 224
84 25 224
25 47 526
47 25 526
26 60 298
60 26 298
26 71 275
71 26 275
26 36 962
36 26 962
26 51 95
51 26 95
26 40 335
40 26 335
26 85 138
85 26 138
26 65 316
65 26 316
26 64 951
64 26 951
26 83 825
83 26 825
26 41 764
41 26 764
26 76 124
76 26 124
26 79 439
79 26 439
27 91 759
91 27 759
27 81 247
81 27 247
27 32 426
32 27 426
27 73 268
73 27 268
27 83 273
83 27 273
27 51 642
51 27 642
27 70 638
70 27 638
27 56 548
56 27 548
27 75 620
75 27 620
28 72 559
72 28 559
28 35 502
35 28 502
28 84 13
84 28 13
28 75 365
75 28 365
28 82 846
82 28 846
28 76 108
76 28 108
28 40 613
40 28 613
28 51 220
51 28 220
28 85 399
85 28 399
28 41 710
41 28 710
28 43 597
43 28 597
28 77 932
77 28 932
29 87 911
87 29 911
29 30 614
30 29 614
29 70 453
70 29 453
29 45 524
45 29 524
29 81 933
81 29 933
29 66 776
66 29 776
29 39 951
39 29 951
29 80 491
80 29 491
29 31 794
31 29 794
29 56 723
56 29 723
30 66 981
66 30 981
30 43 153
43 30 153
30 43 409
43 30 409
30 52 468
52 30 468
30 37 50
37 30 50
30 92 482
92 30 482
31 33 607
33 31 607
31 44 900
44 31 900
31 73 30
73 31 30
31 53 474
53 31 474
31 54 185
54 31 185
31 81 320
81 31 320
31 44 259
44 31 259
31 68 318
68 31 318
31 50 74
50 31 74
32 41 694
41 32 694
32 54 961
54 32 961
32 61 737
61 32 737
32 89 111
89 32 111
32 49 912
49 32 912
32 74 939
74 32 939
32 83 492
83 32 492
32 64 32
64 32 32
32 33 839
33 32 839
32 66 831
66 32 831
32 42 697
42 32 697
32 43 30
43 32 30
33 43 6
43 33 6
33 66 663
66 33 663
33 35 393
35 33 393
33 86 584
86 33 584
34 36 272
36 34 272
34 68 19
68 34 19
34 49 751
49 34 751
34 50 422
50 34 422
35 39 526
39 35 526
35 40 984
40 35 984
35 52 333
52 35 333
35 68 767
68 35 767
35 90 387
90 35 387
35 68 825
68 35 825
35 40 12
40 35 12
35 36 129
36 35 129
35 38 204
38 35 204
35 71 655
71 35 655
35 57 189
57 35 189
35 60 160
60 35 160
36 52 325
52 36 325
36 75 954
75 36 954
36 49 892
49 36 892
36 63 529
63 36 529
36 86 145
86 36 145
36 85 562
85 36 562
36 70 27
70 36 27
37 38 784
38 37 784
37 86 348
86 37 348
37 72 694
72 37 694
37 39 976
39 37 976
37 41 297
41 37 297
37 88 916
88 37 916
37 42 968
42 37 968
37 76 62
76 37 62
38 89 140
89 38 140
38 45 777
45 38 777
38 42 496
42 38 496
38 90 424
90 38 424
38 51 926
51 38 926
38 67 689
67 38 689
39 56 27
56 39 27
39 49 756
49 39 756
39 72 786
72 39 786
39 58 300
58 39 300
39 90 904
90 39 904
40 45 106
45 40 106
40 45 384
45 40 384
40 77 527
77 40 527
40 59 834
59 40 834
40 73 163
73 40 163
40 45 431
45 40 431
40 66 788
66 40 788
40 65 947
65 40 947
40 64 463
64 40 463
40 48 839
48 40 839
40 92 900
92 40 900
41 55 370
55 41 370
41 50 735
50 41 735
41 51 63
51 41 63
41 71 343
71 41 343
41 61 160
61 41 160
42 66 635
66 42 635
42 81 369
81 42 369
42 66 765
66 42 765
43 81 370
81 43 370
43 66 997
66 43 997
43 86 447
86 43 447
43 52 754
52 43 754
43 69 697
69 43 697
43 56 690
56 43 690
43 51 677
51 43 677
43 72 100
72 43 100
43 59 24
59 43 24
44 78 131
78 44 131
44 92 297
92 44 297
44 87 155
87 44 155
44 49 249
49 44 249
44 80 565
80 44 565
44 55 85
55 44 85
44 48 855
48 44 855
44 70 46
70 44 46
44 63 712
63 44 712
45 78 106
78 45 106
45 80 311
80 45 311
45 88 681
88 45 681
45 70 199
70 45 199
45 59 132
59 45 132
45 84 439
84 45 439
45 72 533
72 45 533
46 58 423
58 46 423
46 85 624
85 46 624
46 55 806
55 46 806
46 71 816
71 46 816
46 48 804
48 46 804
47 75 50
75 47 50
47 89 650
89 47 650
47 67 882
67 47 882
47 52 123
52 47 123
47 62 77
62 47 77
48 74 749
74 48 749
48 77 223
77 48 223
48 64 254
64 48 254
48 49 331
49 48 331
48 78 695
78 48 695
48 66 10
66 48 10
48 71 526
71 48 526
48 50 437
50 48 437
49 89 414
89 49 414
49 62 408
62 49 408
49 74 719
74 49 719
49 69 289
69 49 289
49 59 150
59 49 150
50 51 592
51 50 592
50 71 744
71 50 744
50 61 395
61 50 395
50 89 412
89 50 412
50 63 363
63 50 363
50 89 832
89 50 832
50 75 117
75 50 117
50 56 642
56 50 642
51 76 909
76 51 909
51 81 919
81 51 919
51 71 120
71 51 120
51 80 25
80 51 25
51 73 50
73 51 50
51 79 131
79 51 131
52 59 772
59 52 772
52 83 981
83 52 981
52 91 848
91 52 848
52 76 1000
76 52 1000
53 63 265
63 53 265
53 70 476
70 53 476
53 63 506
63 53 506
53 57 873
57 53 873
53 68 347
68 53 347
53 85 107
85 53 107
54 69 620
69 54 620
54 76 6
76 54 6
55 76 176
76 55 176
55 58 122
58 55 122
55 73 683
73 55 683
56 67 734
67 56 734
56 88 335
88 56 335
56 92 262
92 56 262
57 91 317
91 57 317
57 75 798
75 57 798
57 69 983
69 57 983
57 74 501
74 57 501
57 68 478
68 57 478
58 61 908
61 58 908
58 71 888
71 58 888
58 71 632
71 58 632
58 67 704
67 58 704
58 70 163
70 58 163
58 72 575
72 58 575
58 68 315
68 58 315
59 62 261
62 59 261
59 74 846
74 59 846
59 72 865
72 59 865
59 67 656
67 59 656
60 76 154
76 60 154
61 82 940
82 61 940
61 65 726
65 61 726
61 61 599
61 61 599
61 90 28
90 61 28
62 78 810
78 62 810
62 89 41
89 62 41
62 83 77
83 62 77
62 92 94
92 62 94
63 66 942
66 63 942
63 89 868
89 63 868
64 80 733
80 64 733
65 80 218
80 65 218
65 84 285
84 65 285
65 75 975
75 65 975
67 69 960
69 67 960
67 90 18
90 67 18
67 87 564
87 67 564
68 77 883
77 68 883
68 91 59
91 68 59
69 83 549
83 69 549
69 87 863
87 69 863
69 78 832
78 69 832
69 87 129
87 69 129
69 72 858
72 69 858
69 70 425
70 69 425
70 90 776
90 70 776
70 75 39
75 70 39
71 92 959
92 71 959
71 75 244
75 71 244
71 89 955
89 71 955
72 84 227
84 72 227
72 90 715
90 72 715
72 85 748
85 72 748
73 81 661
81 73 661
73 77 596
77 73 596
74 92 977
92 74 977
74 87 457
87 74 457
75 80 864
80 75 864
75 84 348
84 75 348
76 91 632
91 76 632
76 91 591
91 76 591
77 86 553
86 77 553
77 82 688
82 77 688
78 80 260
80 78 260
78 89 896
89 78 896
79 81 897
81 79 897
79 91 753
91 79 753
80 87 665
87 80 665
81 89 316
89 81 316
81 86 709
86 81 709
81 81 537
81 81 537
82 91 267
91 82 267
82 88 744
88 82 744
85 86 305
86 85 305
87 90 449
90 87 449
88 90 623
90 88 623
