23

0 1 302
1 0 302
0 3 211
3 0 211
0 6 699
6 0 699
0 8 128
8 0 128
0 14 857
14 0 857
0 20 790
20 0 790
0 6 489
6 0 489
0 16 820
16 0 820
0 21 336
21 0 336
0 18 190
18 0 190
0 11 451
11 0 451
0 5 108
5 0 108
0 4 639
4 0 639
0 8 323
8 0 323
0 11 357
11 0 357
0 6 407
6 0 407
1 2 98
2 1 98
1 4 124
4 1 124
1 20 238
20 1 238
1 21 394
21 1 394
1 4 746
4 1 746
1 7 955
7 1 955
1 18 198
18 1 198
1 22 686
22 1 686
1 14 679
14 1 679
1 8 401
8 1 401
1 3 444
3 1 444
1 5 62
5 1 62
1 1 470
1 1 470
1 3 777
3 1 777
1 14 501
14 1 501
1 20 975
20 1 975
1 8 358
8 1 358
1 2 882
2 1 882
1 4 735
4 1 735
1 2 521
2 1 521
1 11 79
11 1 79
1 17 736
17 1 736
1 16 892
16 1 892
1 5 23
5 1 23
1 22 661
22 1 661
2 18 944
18 2 944
2 5 615
5 2 615
2 3 338
3 2 338
2 15 169
15 2 169
2 9 754
9 2 754
2 18 997
18 2 997
2 11 300
11 2 300
2 6 228
6 2 228
2 21 28
21 2 28
2 6 251
6 2 251
2 12 891
12 2 891
2 11 866
11 2 866
2 7 184
7 2 184
2 5 107
5 2 107
2 19 895
19 2 895
3 5 45
5 3 45
3 7 383
7 3 383
3 12 715
12 3 715
3 18 126
18 3 126
3 11 589
11 3 589
3 7 408
7 3 408
3 13 963
13 3 963
3 3 942
3 3 942
3 20 243
20 3 243
3 12 47
12 3 47
3 9 545
9 3 545
3 8 793
8 3 793
3 7 452
7 3 452
3 11 260
11 3 260
3 10 22
10 3 22
4 6 908
6 4 908
4 22 175
22 4 175
4 13 759
13 4 759
4 20 936
20 4 936
4 20 796
20 4 796
4 21 313
21 4 313
4 19 730
19 4 730
4 20 405
20 4 405
4 9 945
9 4 945
5 22 9
22 5 9
5 17 859
17 5 859
5 20 667
20 5 667
5 9 32
9 5 32
5 9 712
9 5 712
5 20 346
20 5 346
5 11 617
11 5 617
5 14 884
14 5 884
5 6 669
6 5 669
5 11 575
11 5 575
5 15 983
15 5 983
5 8 127
8 5 127
5 16 827
16 5 827
5 7 519
7 5 519
6 8 357
8 6 357
6 17 928
17 6 928
6 10 373
10 6 373
6 22 402
22 6 402
6 18 398
18 6 398
6 14 844
14 6 844
6 13 330
13 6 330
6 21 953
21 6 953
6 19 456
19 6 456
7 15 122
15 7 122
7 16 595
16 7 595
7 22 228
22 7 228
7 13 445
13 7 445
7 10 340
10 7 340
7 9 536
9 7 536
7 14 317
14 7 317
7 14 656
14 7 656
7 22 969
22 7 969
7 20 820
20 7 820
8 9 483
9 8 483
8 11 666
11 8 666
8 22 282
22 8 282
8 15 537
15 8 537
8 21 462
21 8 462
8 20 842
20 8 842
8 13 938
13 8 938
8 20 166
20 8 166
8 14 51
14 8 51
8 12 137
12 8 137
8 13 804
13 8 804
8 10 846
10 8 846
8 9 746
9 8 746
8 10 980
10 8 980
9 10 452
10 9 452
9 13 743
13 9 743
9 18 646
18 9 646
9 11 249
11 9 249
9 9 118
9 9 118
9 14 215
14 9 215
9 16 63
16 9 63
9 14 358
14 9 358
9 22 31
22 9 31
9 11 651
11 9 651
10 19 486
19 10 486
10 15 208
15 10 208
10 22 520
22 10 520
10 22 711
22 10 711
10 20 243
20 10 243
10 13 249
13 10 249
10 15 581
15 10 581
10 19 191
19 10 191
10 17 909
17 10 909
10 14 431
14 10 431
10 19 104
19 10 104
10 15 605
15 10 605
11 14 942
14 11 942
11 20 833
20 11 833
11 12 261
12 11 261
11 11 983
11 11 983
11 21 652
21 11 652
11 21 755
21 11 755
11 17 624
17 11 624
11 20 893
20 11 893
12 21 171
21 12 171
12 13 918
13 12 918
12 22 249
22 12 249
13 14 631
14 13 631
13 15 904
15 13 904
14 18 628
18 14 628
14 22 255
22 14 255
14 20 242
20 14 242
15 17 300
17 15 300
15 22 608
22 15 608
15 17 181
17 15 181
15 17 711
17 15 711
15 21 637
21 15 637
16 19 125
19 16 125
16 19 717
19 16 717
16 16 63
16 16 63
16 21 320
21 16 320
17 19 587
19 17 587
17 22 789
22 17 789
17 21 397
21 17 397
17 19 315
19 17 315
17 19 206
19 17 206
18 22 44
22 18 44
18 18 984
18 18 984
18 19 445
19 18 445
19 21 202
21 19 202
19 21 972
21 19 972
19 22 696
22 19 696
20 22 808
22 20 808
20 21 650
21 20 650
21 22 702
22 21 702
