85

0 1 224
1 0 224
0 2 787
2 0 787
0 3 669
3 0 669
0 25 161
25 0 161
0 3 227
3 0 227
0 48 930
48 0 930
0 8 304
8 0 304
0 18 892
18 0 892
0 41 468
41 0 468
0 32 915
32 0 915
0 5 843
5 0 843
0 52 60
52 0 60
0 43 525
43 0 525
0 80 81
80 0 81
0 82 537
82 0 537
0 45 295
45 0 295
0 71 734
71 0 734
0 10 519
10 0 519
0 58 828
58 0 828
1 5 502
5 1 502
1 16 530
16 1 530
1 33 231
33 1 231
1 42 589
42 1 589
1 43 844
43 1 844
1 15 437
15 1 437
1 43 574
43 1 574
1 74 671
74 1 671
1 56 97
56 1 97
1 55 816
55 1 816
1 32 830
32 1 830
1 83 929
83 1 929
1 20 48
20 1 48
1 25 443
25 1 443
1 62 145
62 1 145
1 52 669
52 1 669
1 62 325
62 1 325
1 46 652
46 1 652
1 48 451
48 1 451
1 30 514
30 1 514
1 56 831
56 1 831
1 45 131
45 1 131
1 53 607
53 1 607
2 4 770
4 2 770
2 6 65
6 2 65
2 32 310
32 2 310
2 11 168
11 2 168
2 58 206
58 2 206
2 35 408
35 2 408
2 13 923
13 2 923
2 2 950
2 2 950
2 5 336
5 2 336
2 48 273
48 2 273
2 12 740
12 2 740
2 70 973
70 2 973
2 31 466
31 2 466
2 42 832
42 2 832
2 2 982
2 2 982
2 77 913
77 2 913
3 7 47
7 3 47
3 10 485
10 3 485
3 12 275
12 3 275
3 13 737
13 3 737
3 19 660
19 3 660
3 20 719
20 3 719
3 26 958
26 3 958
3 65 555
65 3 555
3 65 586
65 3 586
3 39 252
39 3 252
3 27 525
27 3 525
3 49 227
49 3 227
3 76 362
76 3 362
3 68 44
68 3 44
4 53 128
53 4 128
4 21 494
21 4 494
4 70 831
70 4 831
4 71 45
71 4 45
4 42 257
42 4 257
4 27 57
27 4 57
4 63 622
63 4 622
4 4 318
4 4 318
4 73 760
73 4 760
4 4 814
4 4 814
4 30 14
30 4 14
4 83 996
83 4 996
5 31 613
31 5 613
5 56 656
56 5 656
5 48 708
48 5 708
5 77 90
77 5 90
5 20 528
20 5 528
5 13 461
13 5 461
5 22 274
22 5 274
5 33 909
33 5 909
5 39 676
39 5 676
5 32 429
32 5 429
5 81 468
81 5 468
5 40 242
40 5 242
5 53 571
53 5 571
5 11 891
11 5 891
5 41 56
41 5 56
5 64 692
64 5 692
6 9 306
9 6 306
6 23 107
23 6 107
6 82 630
82 6 630
6 19 645
19 6 645
6 73 894
73 6 894
6 31 899
31 6 899
6 56 311
56 6 311
6 41 386
41 6 386
6 33 898
33 6 898
6 74 411
74 6 411
6 82 516
82 6 516
6 28 173
28 6 173
6 12 356
12 6 356
6 26 74
26 6 74
6 51 520
51 6 520
6 29 160
29 6 160
6 72 661
72 6 661
7 8 393
8 7 393
7 21 110
21 7 110
7 27 981
27 7 981
7 77 530
77 7 530
7 59 220
59 7 220
7 51 679
51 7 679
7 14 506
14 7 506
7 68 654
68 7 654
7 84 581
84 7 581
7 8 88
8 7 88
7 40 301
40 7 301
7 64 355
64 7 355
7 38 303
38 7 303
8 14 682
14 8 682
8 24 498
24 8 498
8 53 696
53 8 696
8 43 286
43 8 286
8 46 368
46 8 368
8 36 769
36 8 769
8 14 160
14 8 160
8 45 454
45 8 454
9 17 369
17 9 369
9 28 395
28 9 395
9 83 677
83 9 677
9 53 586
53 9 586
9 20 420
20 9 420
9 56 552
56 9 552
9 72 952
72 9 952
9 55 969
55 9 969
9 28 404
28 9 404
9 66 782
66 9 782
9 55 295
55 9 295
9 74 535
74 9 535
10 11 10
11 10 10
10 58 73
58 10 73
10 58 613
58 10 613
10 62 516
62 10 516
10 65 688
65 10 688
10 15 333
15 10 333
10 84 194
84 10 194
10 45 974
45 10 974
10 39 797
39 10 797
10 51 409
51 10 409
11 15 202
15 11 202
11 30 328
30 11 328
11 36 670
36 11 670
11 71 945
71 11 945
11 16 663
16 11 663
11 51 994
51 11 994
11 38 568
38 11 568
11 28 250
28 11 250
11 67 444
67 11 444
11 58 26
58 11 26
11 51 126
51 11 126
11 20 338
20 11 338
11 25 898
25 11 898
12 40 758
40 12 758
12 61 615
61 12 615
12 38 697
38 12 697
12 28 520
28 12 520
12 63 953
63 12 953
12 23 965
23 12 965
13 22 614
22 13 614
13 34 75
34 13 75
13 66 581
66 13 581
13 30 994
30 13 994
13 66 153
66 13 153
13 66 586
66 13 586
13 34 20
34 13 20
13 76 268
76 13 268
13 21 595
21 13 595
13 77 100
77 13 100
13 42 924
42 13 924
13 45 645
45 13 645
13 36 249
36 13 249
14 41 624
41 14 624
14 64 515
64 14 515
14 62 911
62 14 911
14 47 278
47 14 278
14 35 166
35 14 166
14 46 688
46 14 688
14 83 797
83 14 797
15 26 140
26 15 140
15 17 573
17 15 573
15 65 601
65 15 601
15 29 659
29 15 659
15 30 576
30 15 576
15 84 999
84 15 999
15 32 805
32 15 805
15 74 701
74 15 701
15 25 172
25 15 172
15 84 936
84 15 936
16 18 645
18 16 645
16 39 347
39 16 347
16 44 62
44 16 62
16 76 511
76 16 511
16 19 444
19 16 444
16 54 800
54 16 800
16 33 39
33 16 39
16 19 538
19 16 538
16 43 617
43 16 617
16 29 658
29 16 658
17 45 46
45 17 46
17 33 969
33 17 969
17 73 234
73 17 234
17 35 659
35 17 659
17 29 161
29 17 161
17 65 931
65 17 931
17 18 312
18 17 312
17 81 245
81 17 245
17 65 640
65 17 640
17 56 744
56 17 744
17 20 300
20 17 300
18 81 222
81 18 222
18 68 1000
68 18 1000
18 79 465
79 18 465
18 29 322
29 18 322
18 22 244
22 18 244
18 65 150
65 18 150
18 35 225
35 18 225
18 55 589
55 18 589
18 19 823
19 18 823
19 56 708
56 19 708
19 65 155
65 19 155
19 40 374
40 19 374
19 50 234
50 19 234
19 42 730
42 19 730
19 84 569
84 19 569
19 70 654
70 19 654
19 68 597
68 19 597
19 36 277
36 19 277
19 77 47
77 19 47
19 83 505
83 19 505
19 71 646
71 19 646
19 32 49
32 19 49
19 78 946
78 19 946
20 46 614
46 20 614
20 61 560
61 20 560
20 52 58
52 20 58
20 49 874
49 20 874
20 36 760
36 20 760
20 81 59
81 20 59
20 31 570
31 20 570
20 36 348
36 20 348
20 30 820
30 20 820
20 67 518
67 20 518
20 61 842
61 20 842
20 39 241
39 20 241
21 78 91
78 21 91
21 42 897
42 21 897
21 43 541
43 21 541
21 38 142
38 21 142
21 27 305
27 21 305
21 44 659
44 21 659
21 50 906
50 21 906
21 26 242
26 21 242
21 35 81
35 21 81
21 54 544
54 21 544
21 74 993
74 21 993
21 62 396
62 21 396
21 59 818
59 21 818
22 29 350
29 22 350
22 23 741
23 22 741
22 75 698
75 22 698
22 61 341
61 22 341
22 82 8
82 22 8
22 81 224
81 22 224
22 69 595
69 22 595
22 26 798
26 22 798
23 24 262
24 23 262
23 68 326
68 23 326
23 66 727
66 23 727
23 48 615
48 23 615
23 60 803
60 23 803
23 34 954
34 23 954
24 29 350
29 24 350
24 48 786
48 24 786
24 58 867
58 24 867
24 65 314
65 24 314
24 43 82
43 24 82
24 25 814
25 24 814
24 62 38
62 24 38
24 28 771
28 24 771
24 76 41
76 24 41
24 45 897
45 24 897
25 40 641
40 25 641
25 30 746
30 25 746
25 61 315
61 25 315
25 61 88
61 25 88
25 65 466
65 25 466
25 50 476
50 25 476
25 26 904
26 25 904
25 77 880
77 25 880
25 29 230
29 25 230
25 41 101
41 25 101
25 75 907
75 25 907
26 36 311
36 26 311
26 84 400
84 26 400
26 43 841
43 26 841
26 27 327
27 26 327
26 61 943
61 26 943
26 78 638
78 26 638
26 67 694
67 26 694
26 62 536
62 26 536
26 65 27
65 26 27
26 65 179
65 26 179
26 55 834
55 26 834
26 28 960
28 26 960
26 38 805
38 26 805
26 31 407
31 26 407
27 37 99
37 27 99
27 60 845
60 27 845
27 70 289
70 27 289
27 73 967
73 27 967
27 84 585
84 27 585
27 75 386
75 27 386
27 77 423
77 27 423
27 63 478
63 27 478
27 75 904
75 27 904
28 35 404
35 28 404
28 57 365
57 28 365
28 62 390
62 28 390
28 74 134
74 28 134
28 48 847
48 28 847
28 49 433
49 28 433
28 42 513
42 28 513
28 72 115
72 28 115
28 63 657
63 28 657
28 42 251
42 28 251
28 65 613
65 28 613
29 67 51
67 29 51
29 44 149
44 29 149
29 71 269
71 29 269
29 33 922
33 29 922
29 51 127
51 29 127
29 45 575
45 29 575
29 69 855
69 29 855
29 71 706
71 29 706
29 45 540
45 29 540
29 78 889
78 29 889
30 51 979
51 30 979
30 69 110
69 30 110
30 57 111
57 30 111
30 33 611
33 30 611
30 71 713
71 30 713
30 83 358
83 30 358
30 57 890
57 30 890
30 42 570
42 30 570
30 67 610
67 30 610
31 50 856
50 31 856
31 55 854
55 31 854
31 77 664
77 31 664
31 34 345
34 31 345
31 81 386
81 31 386
31 78 704
78 31 704
31 60 684
60 31 684
31 39 618
39 31 618
32 65 752
65 32 752
32 61 5
61 32 5
32 71 725
71 32 725
32 45 755
45 32 755
32 46 40
46 32 40
33 47 786
47 33 786
33 78 939
78 33 939
33 60 310
60 33 310
33 40 763
40 33 763
33 50 461
50 33 461
33 62 389
62 33 389
33 35 491
35 33 491
33 44 359
44 33 359
33 75 562
75 33 562
33 36 412
36 33 412
33 71 766
71 33 766
33 39 608
39 33 608
34 38 764
38 34 764
34 55 612
55 34 612
34 83 99
83 34 99
34 74 316
74 34 316
34 82 278
82 34 278
34 50 337
50 34 337
35 65 269
65 35 269
35 37 987
37 35 987
35 82 364
82 35 364
36 52 84
52 36 84
36 63 875
63 36 875
36 37 17
37 36 17
36 52 266
52 36 266
36 38 771
38 36 771
36 66 265
66 36 265
36 66 873
66 36 873
36 46 116
46 36 116
37 73 870
73 37 870
37 45 144
45 37 144
37 83 754
83 37 754
37 72 444
72 37 444
37 51 981
51 37 981
37 74 12
74 37 12
37 65 542
65 37 542
37 45 580
45 37 580
37 50 433
50 37 433
37 49 250
49 37 250
37 63 446
63 37 446
38 49 623
49 38 623
38 59 42
59 38 42
38 82 777
82 38 777
38 52 673
52 38 673
38 70 417
70 38 417
38 79 845
79 38 845
38 42 333
42 38 333
39 66 129
66 39 129
39 63 472
63 39 472
39 69 637
69 39 637
39 44 461
44 39 461
39 74 730
74 39 730
39 52 305
52 39 305
40 41 656
41 40 656
40 46 465
46 40 465
40 81 193
81 40 193
40 47 637
47 40 637
40 76 862
76 40 862
40 71 432
71 40 432
40 42 375
42 40 375
40 67 600
67 40 600
41 80 120
80 41 120
41 80 962
80 41 962
41 66 595
66 41 595
41 55 696
55 41 696
41 64 438
64 41 438
41 84 308
84 41 308
41 46 494
46 41 494
42 44 40
44 42 40
42 54 272
54 42 272
42 55 473
55 42 473
42 65 53
65 42 53
42 67 858
67 42 858
42 82 99
82 42 99
42 55 963
55 42 963
42 75 618
75 42 618
43 67 6
67 43 6
43 68 760
68 43 760
43 47 531
47 43 531
43 51 306
51 43 306
43 49 449
49 43 449
44 47 978
47 44 978
44 66 819
66 44 819
44 69 987
69 44 987
44 44 411
44 44 411
44 55 192
55 44 192
45 71 309
71 45 309
45 76 294
76 45 294
45 75 589
75 45 589
45 81 121
81 45 121
45 64 156
64 45 156
45 74 928
74 45 928
45 52 2
52 45 2
45 83 554
83 45 554
46 56 94
56 46 94
46 56 41
56 46 41
46 64 319
64 46 319
46 69 640
69 46 640
46 83 141
83 46 141
46 60 858
60 46 858
46 62 790
62 46 790
46 69 97
69 46 97
47 55 952
55 47 952
47 54 453
54 47 453
47 66 709
66 47 709
47 77 788
77 47 788
47 77 707
77 47 707
48 64 240
64 48 240
48 84 73
84 48 73
48 64 772
64 48 772
48 60 412
60 48 412
48 64 189
64 48 189
48 79 562
79 48 562
49 75 108
75 49 108
49 83 410
83 49 410
49 50 947
50 49 947
49 80 219
80 49 219
50 51 41
51 50 41
50 52 199
52 50 199
50 50 917
50 50 917
50 54 374
54 50 374
51 72 245
72 51 245
51 70 421
70 51 421
51 69 872
69 51 872
52 53 697
53 52 697
52 62 829
62 52 829
52 54 667
54 52 667
52 71 446
71 52 446
52 83 685
83 52 685
52 77 13
77 52 13
52 59 901
59 52 901
52 52 960
52 52 960
52 69 848
69 52 848
53 76 318
76 53 318
53 82 196
82 53 196
53 68 393
68 53 393
53 82 381
82 53 381
53 71 790
71 53 790
53 61 981
61 53 981
54 80 636
80 54 636
54 55 15
55 54 15
54 65 250
65 54 250
54 69 985
69 54 985
54 80 458
80 54 458
54 64 324
64 54 324
55 80 732
80 55 732
55 62 331
62 55 331
55 68 893
68 55 893
55 70 201
70 55 201
55 65 920
65 55 920
55 69 960
69 55 960
55 58 223
58 55 223
56 82 756
82 56 756
56 68 255
68 56 255
56 70 441
70 56 441
56 65 38
65 56 38
57 83 812
83 57 812
57 71 728
71 57 728
57 58 685
58 57 685
57 74 701
74 57 701
57 80 344
80 57 344
58 72 109
72 58 109
58 82 384
82 58 384
58 75 868
75 58 868
58 60 995
60 58 995
58 76 756
76 58 756
59 81 538
81 59 538
59 62 720
62 59 720
59 69 638
69 59 638
60 82 600
82 60 600
61 68 375
68 61 375
61 70 890
70 61 890
61 68 677
68 61 677
61 73 565
73 61 565
61 80 941
80 61 941
62 77 895
77 62 895
62 81 346
81 62 346
62 75 562
75 62 562
62 76 653
76 62 653
62 82 762
82 62 762
62 84 551
84 62 551
63 82 799
82 63 799
63 84 95
84 63 95
63 66 751
66 63 751
63 66 707
66 63 707
64 74 123
74 64 123
64 82 939
82 64 939
64 66 39
66 64 39
64 72 144
72 64 144
65 79 203
79 65 203
65 75 709
75 65 709
65 82 395
82 65 395
66 73 37
73 66 37
66 71 889
71 66 889
66 69 494
69 66 494
68 73 431
73 68 431
68 68 191
68 68 191
69 83 267
83 69 267
69 76 815
76 69 815
70 70 118
70 70 118
70 76 767
76 70 767
70 71 641
71 70 641
71 76 636
76 71 636
75 79 986
79 75 986
76 77 445
77 76 445
77 80 128
80 77 128
81 82 572
82 81 572
