16

0 1 920
1 0 920
0 2 616
2 0 616
0 7 635
7 0 635
0 10 544
10 0 544
0 11 218
11 0 218
0 14 454
14 0 454
0 7 862
7 0 862
0 6 862
6 0 862
0 13 1000
13 0 1000
0 1 542
1 0 542
0 7 424
7 0 424
1 9 983
9 1 983
1 8 301
8 1 301
1 2 995
2 1 995
1 14 208
14 1 208
1 14 312
14 1 312
1 4 928
4 1 928
1 5 339
5 1 339
1 12 567
12 1 567
1 14 780
14 1 780
1 5 970
5 1 970
1 15 6
15 1 6
1 2 464
2 1 464
1 13 486
13 1 486
1 5 800
5 1 800
1 8 961
8 1 961
1 9 430
9 1 430
1 13 701
13 1 701
1 6 68
6 1 68
2 3 495
3 2 495
2 4 253
4 2 253
2 8 896
8 2 896
2 11 425
11 2 425
2 14 515
14 2 515
2 15 636
15 2 636
2 4 838
4 2 838
2 14 411
14 2 411
2 15 188
15 2 188
2 12 345
12 2 345
2 4 479
4 2 479
2 6 491
6 2 491
3 6 920
6 3 920
3 13 428
13 3 428
3 9 27
9 3 27
3 15 659
15 3 659
3 6 366
6 3 366
3 15 595
15 3 595
3 5 803
5 3 803
3 15 994
15 3 994
3 8 397
8 3 397
3 14 886
14 3 886
3 7 803
7 3 803
3 15 220
15 3 220
3 11 731
11 3 731
3 9 439
9 3 439
3 5 855
5 3 855
3 13 998
13 3 998
4 5 107
5 4 107
4 12 148
12 4 148
4 5 809
5 4 809
4 8 659
8 4 659
4 13 379
13 4 379
4 9 102
9 4 102
4 7 993
7 4 993
4 6 592
6 4 592
5 14 82
14 5 82
5 12 466
12 5 466
5 11 457
11 5 457
5 6 586
6 5 586
5 9 204
9 5 204
5 6 148
6 5 148
5 5 240
5 5 240
6 8 802
8 6 802
6 10 751
10 6 751
6 7 397
7 6 397
6 15 830
15 6 830
6 10 207
10 6 207
7 10 176
10 7 176
7 7 931
7 7 931
7 14 292
14 7 292
7 8 364
8 7 364
7 15 35
15 7 35
8 15 828
15 8 828
8 11 743
11 8 743
8 9 230
9 8 230
8 9 629
9 8 629
8 10 620
10 8 620
9 15 718
15 9 718
9 10 130
10 9 130
9 13 612
13 9 612
9 12 740
12 9 740
9 13 708
13 9 708
9 15 622
15 9 622
9 12 835
12 9 835
10 14 756
14 10 756
10 15 916
15 10 916
10 15 752
15 10 752
10 13 791
13 10 791
11 15 211
15 11 211
11 12 538
12 11 538
11 14 808
14 11 808
11 12 825
12 11 825
11 14 678
14 11 678
12 13 824
13 12 824
12 13 553
13 12 553
13 13 931
13 13 931
13 14 802
14 13 802
13 15 892
15 13 892
14 15 152
15 14 152
14 15 941
15 14 941
