92

0 1 231
1 0 231
0 4 564
4 0 564
0 17 228
17 0 228
0 20 229
20 0 229
0 35 575
35 0 575
0 53 610
53 0 610
0 85 687
85 0 687
0 18 954
18 0 954
0 83 707
83 0 707
0 25 492
25 0 492
0 90 486
90 0 486
0 63 887
63 0 887
0 1 139
1 0 139
0 11 250
11 0 250
0 23 356
23 0 356
0 88 623
88 0 623
0 49 700
49 0 700
0 37 784
37 0 784
1 2 880
2 1 880
1 6 273
6 1 273
1 90 932
90 1 932
1 48 823
48 1 823
1 85 561
85 1 561
1 60 305
60 1 305
1 1 934
1 1 934
1 89 349
89 1 349
1 58 730
58 1 730
1 11 780
11 1 780
1 81 1000
81 1 1000
1 31 81
31 1 81
1 58 376
58 1 376
1 7 443
7 1 443
1 41 781
41 1 781
2 3 897
3 2 897
2 11 393
11 2 393
2 22 172
22 2 172
2 40 393
40 2 393
2 51 191
51 2 191
2 56 350
56 2 350
2 91 761
91 2 761
2 64 541
64 2 541
2 75 720
75 2 720
2 79 744
79 2 744
2 53 484
53 2 484
2 60 734
60 2 734
2 21 749
21 2 749
2 87 802
87 2 802
2 15 736
15 2 736
2 86 463
86 2 463
2 28 648
28 2 648
2 9 984
9 2 984
2 22 375
22 2 375
2 17 149
17 2 149
2 57 374
57 2 374
3 5 881
5 3 881
3 9 861
9 3 861
3 44 326
44 3 326
3 72 277
72 3 277
3 21 89
21 3 89
3 35 336
35 3 336
3 90 100
90 3 100
3 65 446
65 3 446
3 24 985
24 3 985
3 18 425
18 3 425
3 49 846
49 3 846
3 46 197
46 3 197
3 64 491
64 3 491
3 41 970
41 3 970
3 91 402
91 3 402
3 86 450
86 3 450
3 20 930
20 3 930
3 67 692
67 3 692
4 7 442
7 4 442
4 13 406
13 4 406
4 15 271
15 4 271
4 60 222
60 4 222
4 6 824
6 4 824
4 23 445
23 4 445
4 74 568
74 4 568
4 70 571
70 4 571
4 59 549
59 4 549
4 90 274
90 4 274
4 27 850
27 4 850
4 73 275
73 4 275
4 30 840
30 4 840
4 25 562
25 4 562
4 12 192
12 4 192
5 8 920
8 5 920
5 23 701
23 5 701
5 30 532
30 5 532
5 38 951
38 5 951
5 54 122
54 5 122
5 39 192
39 5 192
5 53 86
53 5 86
5 62 445
62 5 445
5 29 857
29 5 857
5 25 476
25 5 476
5 47 993
47 5 993
5 28 174
28 5 174
5 8 759
8 5 759
5 18 496
18 5 496
5 16 848
16 5 848
5 59 844
59 5 844
5 13 213
13 5 213
5 34 897
34 5 897
5 21 579
21 5 579
6 16 250
16 6 250
6 51 308
51 6 308
6 91 41
91 6 41
6 23 310
23 6 310
6 33 201
33 6 201
6 79 175
79 6 175
6 54 131
54 6 131
6 22 575
22 6 575
6 66 861
66 6 861
6 28 722
28 6 722
6 65 649
65 6 649
6 38 7
38 6 7
6 76 584
76 6 584
6 36 292
36 6 292
6 49 698
49 6 698
7 12 523
12 7 523
7 18 419
18 7 419
7 63 214
63 7 214
7 66 680
66 7 680
7 72 323
72 7 323
7 42 733
42 7 733
7 87 926
87 7 926
7 16 489
16 7 489
7 69 288
69 7 288
7 72 369
72 7 369
7 23 354
23 7 354
7 15 112
15 7 112
7 60 538
60 7 538
7 66 896
66 7 896
7 87 609
87 7 609
8 10 840
10 8 840
8 29 645
29 8 645
8 45 837
45 8 837
8 46 368
46 8 368
8 75 702
75 8 702
8 60 708
60 8 708
8 68 142
68 8 142
8 24 283
24 8 283
8 82 702
82 8 702
8 13 823
13 8 823
8 16 699
16 8 699
8 13 464
13 8 464
8 88 415
88 8 415
8 58 905
58 8 905
8 50 572
50 8 572
8 85 650
85 8 650
8 88 344
88 8 344
8 88 920
88 8 920
8 20 680
20 8 680
9 43 51
43 9 51
9 54 256
54 9 256
9 38 994
38 9 994
9 70 411
70 9 411
9 45 157
45 9 157
9 13 269
13 9 269
9 59 82
59 9 82
9 19 200
19 9 200
9 56 559
56 9 559
9 23 974
23 9 974
9 81 983
81 9 983
9 62 587
62 9 587
10 64 175
64 10 175
10 84 402
84 10 402
10 59 750
59 10 750
10 34 68
34 10 68
10 42 87
42 10 87
10 29 583
29 10 583
10 51 762
51 10 762
10 89 195
89 10 195
10 77 352
77 10 352
10 49 808
49 10 808
10 74 676
74 10 676
10 58 765
58 10 765
10 90 774
90 10 774
10 28 98
28 10 98
10 85 334
85 10 334
10 82 909
82 10 909
10 86 111
86 10 111
10 49 107
49 10 107
10 18 920
18 10 920
10 73 61
73 10 61
10 62 326
62 10 326
11 19 442
19 11 442
11 47 325
47 11 325
11 59 72
59 11 72
11 89 663
89 11 663
11 14 500
14 11 500
11 67 443
67 11 443
11 28 209
28 11 209
11 40 607
40 11 607
11 21 70
21 11 70
11 22 927
22 11 927
11 54 651
54 11 651
11 90 909
90 11 909
11 88 160
88 11 160
11 50 294
50 11 294
11 24 945
24 11 945
11 13 42
13 11 42
11 82 610
82 11 610
11 80 84
80 11 84
11 69 32
69 11 32
12 14 800
14 12 800
12 88 327
88 12 327
12 27 237
27 12 237
12 49 672
49 12 672
12 19 538
19 12 538
12 49 979
49 12 979
12 87 982
87 12 982
12 16 665
16 12 665
13 25 418
25 13 418
13 28 723
28 13 723
13 65 507
65 13 507
13 24 316
24 13 316
13 48 473
48 13 473
13 33 485
33 13 485
13 88 34
88 13 34
13 19 823
19 13 823
13 51 660
51 13 660
14 37 625
37 14 625
14 85 93
85 14 93
14 38 935
38 14 935
14 56 162
56 14 162
14 89 680
89 14 680
14 24 782
24 14 782
14 17 428
17 14 428
14 73 515
73 14 515
14 18 899
18 14 899
14 37 783
37 14 783
14 62 365
62 14 365
15 21 85
21 15 85
15 75 402
75 15 402
15 44 504
44 15 504
15 73 240
73 15 240
15 91 980
91 15 980
15 57 347
57 15 347
15 73 763
73 15 763
15 49 542
49 15 542
15 73 767
73 15 767
15 33 600
33 15 600
16 74 949
74 16 949
16 82 830
82 16 830
16 52 465
52 16 465
16 90 73
90 16 73
16 86 642
86 16 642
16 71 446
71 16 446
16 89 281
89 16 281
16 46 9
46 16 9
16 74 148
74 16 148
16 74 38
74 16 38
16 57 795
57 16 795
16 33 969
33 16 969
16 82 894
82 16 894
16 43 603
43 16 603
16 25 771
25 16 771
16 90 156
90 16 156
17 60 819
60 17 819
17 35 248
35 17 248
17 91 419
91 17 419
17 37 383
37 17 383
17 89 939
89 17 939
17 69 552
69 17 552
17 20 36
20 17 36
17 89 107
89 17 107
17 91 272
91 17 272
17 30 619
30 17 619
17 57 627
57 17 627
17 90 133
90 17 133
17 45 84
45 17 84
17 77 451
77 17 451
17 71 937
71 17 937
18 24 43
24 18 43
18 32 998
32 18 998
18 37 698
37 18 698
18 36 747
36 18 747
18 53 15
53 18 15
18 48 771
48 18 771
18 34 792
34 18 792
18 65 464
65 18 464
18 42 454
42 18 454
18 82 675
82 18 675
18 65 109
65 18 109
18 41 872
41 18 872
18 35 823
35 18 823
18 20 13
20 18 13
18 83 450
83 18 450
18 57 534
57 18 534
18 79 204
79 18 204
18 20 528
20 18 528
18 61 790
61 18 790
19 48 656
48 19 656
19 53 190
53 19 190
19 55 227
55 19 227
19 44 402
44 19 402
19 27 20
27 19 20
19 37 473
37 19 473
19 86 627
86 19 627
19 35 345
35 19 345
19 49 496
49 19 496
19 88 413
88 19 413
19 71 517
71 19 517
20 31 52
31 20 52
20 52 539
52 20 539
20 66 443
66 20 443
20 48 844
48 20 844
20 62 843
62 20 843
20 29 759
29 20 759
20 56 823
56 20 823
20 70 330
70 20 330
20 90 697
90 20 697
20 21 167
21 20 167
20 45 468
45 20 468
20 88 157
88 20 157
20 55 362
55 20 362
20 80 355
80 20 355
20 31 308
31 20 308
20 59 234
59 20 234
20 46 60
46 20 60
20 85 404
85 20 404
20 85 711
85 20 711
20 75 50
75 20 50
20 26 327
26 20 327
20 44 445
44 20 445
21 27 738
27 21 738
21 32 441
32 21 441
21 34 607
34 21 607
21 47 821
47 21 821
21 22 640
22 21 640
21 87 890
87 21 890
21 77 33
77 21 33
21 87 511
87 21 511
21 77 425
77 21 425
21 64 5
64 21 5
21 80 260
80 21 260
21 56 426
56 21 426
21 71 543
71 21 543
21 59 720
59 21 720
21 86 689
86 21 689
22 88 677
88 22 677
22 23 424
23 22 424
22 70 65
70 22 65
22 84 266
84 22 266
22 28 860
28 22 860
22 88 983
88 22 983
22 69 471
69 22 471
22 60 121
60 22 121
22 64 660
64 22 660
22 73 795
73 22 795
22 57 635
57 22 635
22 90 26
90 22 26
22 50 55
50 22 55
22 37 76
37 22 76
22 46 230
46 22 230
22 66 12
66 22 12
22 46 671
46 22 671
22 35 420
35 22 420
22 37 460
37 22 460
22 83 911
83 22 911
22 51 279
51 22 279
22 29 791
29 22 791
23 26 709
26 23 709
23 33 49
33 23 49
23 88 931
88 23 931
23 26 743
26 23 743
23 79 559
79 23 559
23 38 295
38 23 295
23 58 124
58 23 124
24 82 687
82 24 687
24 83 509
83 24 509
24 38 816
38 24 816
24 58 511
58 24 511
24 85 970
85 24 970
24 46 103
46 24 103
24 73 518
73 24 518
24 87 852
87 24 852
24 36 386
36 24 386
24 44 613
44 24 613
24 37 386
37 24 386
24 61 275
61 24 275
24 64 765
64 24 765
24 70 734
70 24 734
24 87 26
87 24 26
25 79 633
79 25 633
25 74 734
74 25 734
25 83 792
83 25 792
25 56 872
56 25 872
25 38 713
38 25 713
25 39 391
39 25 391
25 39 263
39 25 263
25 48 677
48 25 677
25 64 668
64 25 668
25 80 308
80 25 308
25 82 719
82 25 719
25 89 839
89 25 839
26 39 876
39 26 876
26 41 832
41 26 832
26 50 842
50 26 842
26 66 82
66 26 82
26 72 378
72 26 378
26 78 382
78 26 382
26 32 569
32 26 569
26 59 64
59 26 64
26 46 723
46 26 723
26 72 760
72 26 760
26 43 441
43 26 441
26 43 837
43 26 837
26 87 69
87 26 69
26 85 413
85 26 413
26 67 830
67 26 830
26 28 351
28 26 351
26 42 13
42 26 13
26 41 486
41 26 486
27 57 558
57 27 558
27 73 56
73 27 56
27 59 763
59 27 763
27 44 871
44 27 871
27 28 552
28 27 552
27 61 293
61 27 293
27 84 904
84 27 904
27 62 625
62 27 625
27 88 149
88 27 149
27 56 79
56 27 79
28 66 123
66 28 123
28 77 510
77 28 510
28 68 591
68 28 591
28 40 231
40 28 231
28 36 533
36 28 533
28 33 597
33 28 597
28 35 992
35 28 992
28 89 628
89 28 628
28 28 521
28 28 521
28 43 127
43 28 127
28 89 273
89 28 273
28 49 704
49 28 704
28 75 776
75 28 776
28 55 791
55 28 791
28 81 943
81 28 943
28 47 788
47 28 788
29 55 843
55 29 843
29 63 612
63 29 612
29 49 654
49 29 654
29 81 718
81 29 718
29 81 555
81 29 555
29 39 18
39 29 18
29 72 356
72 29 356
29 68 614
68 29 614
29 79 523
79 29 523
29 56 463
56 29 463
29 42 790
42 29 790
29 51 673
51 29 673
29 56 717
56 29 717
29 84 965
84 29 965
29 87 922
87 29 922
29 72 5
72 29 5
29 60 980
60 29 980
29 91 365
91 29 365
29 38 342
38 29 342
29 64 189
64 29 189
29 67 928
67 29 928
29 83 430
83 29 430
29 49 734
49 29 734
29 76 939
76 29 939
29 63 587
63 29 587
30 42 764
42 30 764
30 89 502
89 30 502
30 78 415
78 30 415
30 89 607
89 30 607
30 62 998
62 30 998
30 49 276
49 30 276
30 34 947
34 30 947
30 32 361
32 30 361
30 82 548
82 30 548
30 59 184
59 30 184
30 66 180
66 30 180
30 37 612
37 30 612
30 42 31
42 30 31
30 64 584
64 30 584
30 54 819
54 30 819
30 42 324
42 30 324
30 64 861
64 30 861
30 34 661
34 30 661
30 89 177
89 30 177
31 36 232
36 31 232
31 54 55
54 31 55
31 53 870
53 31 870
31 63 933
63 31 933
31 41 958
41 31 958
31 67 776
67 31 776
31 66 962
66 31 962
31 65 743
65 31 743
32 45 613
45 32 613
32 44 365
44 32 365
32 67 76
67 32 76
32 50 20
50 32 20
32 39 880
39 32 880
32 76 15
76 32 15
32 37 828
37 32 828
32 34 958
34 32 958
32 50 865
50 32 865
32 57 275
57 32 275
32 91 570
91 32 570
32 39 800
39 32 800
33 49 152
49 33 152
33 63 640
63 33 640
33 69 51
69 33 51
33 44 939
44 33 939
33 91 84
91 33 84
33 65 578
65 33 578
33 64 73
64 33 73
33 70 631
70 33 631
33 75 180
75 33 180
34 80 22
80 34 22
34 34 998
34 34 998
34 47 512
47 34 512
34 36 806
36 34 806
34 86 125
86 34 125
34 78 319
78 34 319
34 61 970
61 34 970
34 74 928
74 34 928
34 40 130
40 34 130
34 66 612
66 34 612
35 79 181
79 35 181
35 62 419
62 35 419
35 79 21
79 35 21
35 64 478
64 35 478
35 49 320
49 35 320
35 61 420
61 35 420
35 36 238
36 35 238
35 50 434
50 35 434
35 54 530
54 35 530
36 67 738
67 36 738
36 67 319
67 36 319
36 77 84
77 36 84
36 42 263
42 36 263
36 42 881
42 36 881
36 42 703
42 36 703
36 50 513
50 36 513
36 50 651
50 36 651
37 71 119
71 37 119
37 87 933
87 37 933
37 72 834
72 37 834
37 57 232
57 37 232
37 89 129
89 37 129
37 80 816
80 37 816
37 51 492
51 37 492
37 72 151
72 37 151
37 78 220
78 37 220
37 44 987
44 37 987
37 56 73
56 37 73
37 41 819
41 37 819
38 45 587
45 38 587
38 54 675
54 38 675
38 41 588
41 38 588
38 71 600
71 38 600
39 42 751
42 39 751
39 49 935
49 39 935
39 79 338
79 39 338
39 68 641
68 39 641
39 74 13
74 39 13
39 67 320
67 39 320
39 55 652
55 39 652
39 70 492
70 39 492
39 87 150
87 39 150
39 62 272
62 39 272
39 67 757
67 39 757
39 90 459
90 39 459
39 76 473
76 39 473
40 88 345
88 40 345
40 44 321
44 40 321
40 64 792
64 40 792
40 56 619
56 40 619
40 80 639
80 40 639
40 65 794
65 40 794
40 66 241
66 40 241
40 76 353
76 40 353
40 41 743
41 40 743
40 73 439
73 40 439
40 61 405
61 40 405
41 75 561
75 41 561
41 58 205
58 41 205
41 48 28
48 41 28
41 46 399
46 41 399
41 75 905
75 41 905
41 61 222
61 41 222
41 56 90
56 41 90
41 86 162
86 41 162
41 87 705
87 41 705
41 42 227
42 41 227
41 72 47
72 41 47
41 64 668
64 41 668
41 78 170
78 41 170
42 86 270
86 42 270
42 90 309
90 42 309
42 87 259
87 42 259
42 45 194
45 42 194
42 64 879
64 42 879
42 53 580
53 42 580
42 54 939
54 42 939
42 60 858
60 42 858
42 69 413
69 42 413
43 69 782
69 43 782
43 77 605
77 43 605
43 59 751
59 43 751
43 48 249
48 43 249
43 69 16
69 43 16
43 82 316
82 43 316
44 59 196
59 44 196
44 70 445
70 44 445
44 65 704
65 44 704
44 87 298
87 44 298
44 68 474
68 44 474
44 90 223
90 44 223
44 80 609
80 44 609
44 67 490
67 44 490
44 88 994
88 44 994
44 58 72
58 44 72
45 86 160
86 45 160
45 88 751
88 45 751
45 46 286
46 45 286
45 54 689
54 45 689
45 78 202
78 45 202
45 87 465
87 45 465
45 61 792
61 45 792
45 61 173
61 45 173
45 75 94
75 45 94
46 89 55
89 46 55
46 60 443
60 46 443
46 75 678
75 46 678
46 83 917
83 46 917
46 65 480
65 46 480
46 52 192
52 46 192
46 73 905
73 46 905
46 80 541
80 46 541
47 88 118
88 47 118
47 51 259
51 47 259
47 59 740
59 47 740
47 64 633
64 47 633
48 49 499
49 48 499
48 76 359
76 48 359
48 64 52
64 48 52
48 81 399
81 48 399
48 52 753
52 48 753
48 87 34
87 48 34
48 59 701
59 48 701
48 74 360
74 48 360
48 83 852
83 48 852
48 81 414
81 48 414
49 84 789
84 49 789
49 80 63
80 49 63
49 72 97
72 49 97
49 51 765
51 49 765
49 62 955
62 49 955
49 60 303
60 49 303
49 57 39
57 49 39
50 61 820
61 50 820
50 75 400
75 50 400
50 76 637
76 50 637
50 79 565
79 50 565
50 76 124
76 50 124
50 62 482
62 50 482
50 68 160
68 50 160
50 60 804
60 50 804
50 52 92
52 50 92
50 74 292
74 50 292
50 62 264
62 50 264
50 57 670
57 50 670
50 77 227
77 50 227
51 61 968
61 51 968
51 68 23
68 51 23
51 54 581
54 51 581
51 67 527
67 51 527
51 77 103
77 51 103
51 54 692
54 51 692
51 71 736
71 51 736
51 75 446
75 51 446
52 64 965
64 52 965
52 54 71
54 52 71
52 78 702
78 52 702
52 89 823
89 52 823
52 78 544
78 52 544
52 53 306
53 52 306
52 82 657
82 52 657
52 84 544
84 52 544
53 86 414
86 53 414
53 62 166
62 53 166
53 81 496
81 53 496
53 55 140
55 53 140
53 76 9
76 53 9
53 85 436
85 53 436
53 79 344
79 53 344
54 69 865
69 54 865
54 81 842
81 54 842
54 68 583
68 54 583
54 84 790
84 54 790
55 77 470
77 55 470
55 86 820
86 55 820
55 88 409
88 55 409
55 67 941
67 55 941
55 66 741
66 55 741
55 62 112
62 55 112
56 58 458
58 56 458
56 56 158
56 56 158
56 88 170
88 56 170
56 67 834
67 56 834
56 71 407
71 56 407
57 70 374
70 57 374
57 83 824
83 57 824
57 64 858
64 57 858
57 75 993
75 57 993
57 66 640
66 57 640
57 71 582
71 57 582
57 72 46
72 57 46
58 62 956
62 58 956
58 80 931
80 58 931
58 66 836
66 58 836
58 59 151
59 58 151
58 62 355
62 58 355
58 88 747
88 58 747
59 64 495
64 59 495
59 71 690
71 59 690
59 61 531
61 59 531
59 64 262
64 59 262
60 73 693
73 60 693
60 80 78
80 60 78
60 62 299
62 60 299
60 78 935
78 60 935
60 86 175
86 60 175
60 87 306
87 60 306
61 62 574
62 61 574
61 66 121
66 61 121
62 80 213
80 62 213
62 65 68
65 62 68
63 71 972
71 63 972
63 73 963
73 63 963
63 88 369
88 63 369
63 85 610
85 63 610
63 80 237
80 63 237
64 68 785
68 64 785
64 88 403
88 64 403
64 78 303
78 64 303
64 70 964
70 64 964
64 72 602
72 64 602
64 86 703
86 64 703
64 87 590
87 64 590
64 67 7
67 64 7
64 71 695
71 64 695
65 67 321
67 65 321
65 88 803
88 65 803
65 67 604
67 65 604
65 72 495
72 65 495
65 76 735
76 65 735
65 90 505
90 65 505
65 72 599
72 65 599
65 89 907
89 65 907
65 73 683
73 65 683
65 70 431
70 65 431
65 78 708
78 65 708
66 72 857
72 66 857
66 89 610
89 66 610
66 77 603
77 66 603
66 70 984
70 66 984
66 74 13
74 66 13
67 72 964
72 67 964
67 77 77
77 67 77
67 77 268
77 67 268
67 76 697
76 67 697
67 83 599
83 67 599
68 80 51
80 68 51
68 74 185
74 68 185
68 71 585
71 68 585
68 70 588
70 68 588
69 91 597
91 69 597
69 73 731
73 69 731
69 81 6
81 69 6
69 72 806
72 69 806
70 78 957
78 70 957
70 89 918
89 70 918
70 75 192
75 70 192
71 86 156
86 71 156
71 84 321
84 71 321
71 78 281
78 71 281
71 74 793
74 71 793
73 76 702
76 73 702
73 90 844
90 73 844
74 80 935
80 74 935
74 80 479
80 74 479
74 89 901
89 74 901
76 81 201
81 76 201
77 83 920
83 77 920
77 81 535
81 77 535
77 87 52
87 77 52
77 80 936
80 77 936
77 80 656
80 77 656
77 85 721
85 77 721
78 84 331
84 78 331
78 86 540
86 78 540
78 80 717
80 78 717
78 78 687
78 78 687
79 84 840
84 79 840
79 80 720
80 79 720
80 88 751
88 80 751
81 89 214
89 81 214
81 86 523
86 81 523
82 83 151
83 82 151
82 88 471
88 82 471
82 85 885
85 82 885
83 85 763
85 83 763
83 87 719
87 83 719
84 90 607
90 84 607
84 85 474
85 84 474
86 89 965
89 86 965
89 90 439
90 89 439
90 90 516
90 90 516
