99

0 1 251
1 0 251
0 76 192
76 0 192
0 88 859
88 0 859
0 28 260
28 0 260
0 66 362
66 0 362
0 10 358
10 0 358
0 71 836
71 0 836
0 2 732
2 0 732
0 78 274
78 0 274
0 16 219
16 0 219
0 92 964
92 0 964
0 81 156
81 0 156
0 90 325
90 0 325
0 11 960
11 0 960
1 2 470
2 1 470
1 3 393
3 1 393
1 4 462
4 1 462
1 5 618
5 1 618
1 6 579
6 1 579
1 22 116
22 1 116
1 57 935
57 1 935
1 36 257
36 1 257
1 95 79
95 1 79
1 48 542
48 1 542
1 1 336
1 1 336
1 85 871
85 1 871
1 54 188
54 1 188
1 97 864
97 1 864
1 14 389
14 1 389
1 41 128
41 1 128
1 52 361
52 1 361
1 56 580
56 1 580
1 47 416
47 1 416
1 78 217
78 1 217
1 49 605
49 1 605
1 18 97
18 1 97
2 9 648
9 2 648
2 29 65
29 2 65
2 45 308
45 2 308
2 46 900
46 2 900
2 88 674
88 2 674
2 78 737
78 2 737
2 28 141
28 2 141
2 10 673
10 2 673
2 30 433
30 2 433
2 9 811
9 2 811
2 75 966
75 2 966
2 51 923
51 2 923
2 44 888
44 2 888
2 80 576
80 2 576
2 25 209
25 2 209
2 66 824
66 2 824
2 94 925
94 2 925
2 96 195
96 2 195
2 81 533
81 2 533
2 60 881
60 2 881
2 3 757
3 2 757
2 60 645
60 2 645
2 47 355
47 2 355
2 53 965
53 2 965
3 15 400
15 3 400
3 17 566
17 3 566
3 62 561
62 3 561
3 31 124
31 3 124
3 50 679
50 3 679
3 96 460
96 3 460
3 39 411
39 3 411
3 26 19
26 3 19
3 79 647
79 3 647
3 35 952
35 3 952
3 68 920
68 3 920
3 66 796
66 3 796
3 98 733
98 3 733
3 18 373
18 3 373
3 38 280
38 3 280
4 7 643
7 4 643
4 34 165
34 4 165
4 52 872
52 4 872
4 71 527
71 4 527
4 83 9
83 4 9
4 55 476
55 4 476
4 70 136
70 4 136
4 22 186
22 4 186
4 10 615
10 4 615
4 24 392
24 4 392
4 21 830
21 4 830
4 67 852
67 4 852
4 16 605
16 4 605
4 40 407
40 4 407
4 12 876
12 4 876
4 9 152
9 4 152
4 48 945
48 4 945
4 53 960
53 4 960
4 20 759
20 4 759
4 85 144
85 4 144
4 88 448
88 4 448
5 8 787
8 5 787
5 10 550
10 5 550
5 16 413
16 5 413
5 36 971
36 5 971
5 87 678
87 5 678
5 92 253
92 5 253
5 41 727
41 5 727
5 82 862
82 5 862
5 66 103
66 5 103
5 68 304
68 5 304
5 57 543
57 5 543
5 23 869
23 5 869
5 29 215
29 5 215
5 58 307
58 5 307
5 83 135
83 5 135
5 92 891
92 5 891
5 91 224
91 5 224
5 34 953
34 5 953
6 11 517
11 6 517
6 69 496
69 6 496
6 89 831
89 6 831
6 41 717
41 6 717
6 18 466
18 6 466
6 25 38
25 6 38
6 68 639
68 6 639
6 77 76
77 6 76
6 27 543
27 6 543
6 91 914
91 6 914
6 34 403
34 6 403
6 46 48
46 6 48
6 21 941
21 6 941
6 55 886
55 6 886
6 81 801
81 6 801
7 20 574
20 7 574
7 26 53
26 7 53
7 30 782
30 7 782
7 94 768
94 7 768
7 78 440
78 7 440
7 41 315
41 7 315
7 98 178
98 7 178
7 29 479
29 7 479
7 80 191
80 7 191
7 36 449
36 7 449
7 83 394
83 7 394
7 42 958
42 7 958
7 61 530
61 7 530
8 33 28
33 8 28
8 51 293
51 8 293
8 77 958
77 8 958
8 87 44
87 8 44
8 83 43
83 8 43
8 10 215
10 8 215
8 48 204
48 8 204
8 72 200
72 8 200
8 17 537
17 8 537
8 13 462
13 8 462
8 71 885
71 8 885
8 34 884
34 8 884
8 46 476
46 8 476
8 59 600
59 8 600
8 72 371
72 8 371
8 86 29
86 8 29
9 14 222
14 9 222
9 39 389
39 9 389
9 66 911
66 9 911
9 19 708
19 9 708
9 19 845
19 9 845
9 91 247
91 9 247
9 41 541
41 9 541
9 64 154
64 9 154
9 19 995
19 9 995
9 67 720
67 9 720
9 94 416
94 9 416
9 97 249
97 9 249
9 82 465
82 9 465
9 81 273
81 9 273
9 91 539
91 9 539
9 75 620
75 9 620
9 85 845
85 9 845
9 79 313
79 9 313
9 11 126
11 9 126
9 90 65
90 9 65
9 30 52
30 9 52
9 53 444
53 9 444
10 13 906
13 10 906
10 19 765
19 10 765
10 90 538
90 10 538
10 85 902
85 10 902
10 63 371
63 10 371
10 12 255
12 10 255
10 60 337
60 10 337
10 44 507
44 10 507
10 32 51
32 10 51
11 12 400
12 11 400
11 32 215
32 11 215
11 42 874
42 11 874
11 37 766
37 11 766
11 73 741
73 11 741
11 69 209
69 11 209
11 16 75
16 11 75
11 94 741
94 11 741
11 79 351
79 11 351
11 59 945
59 11 945
11 64 819
64 11 819
11 80 946
80 11 946
11 42 405
42 11 405
11 59 855
59 11 855
11 87 337
87 11 337
11 36 603
36 11 603
11 16 447
16 11 447
11 36 423
36 11 423
11 75 801
75 11 801
11 67 620
67 11 620
11 63 876
63 11 876
12 18 737
18 12 737
12 91 384
91 12 384
12 25 553
25 12 553
12 27 933
27 12 933
12 49 471
49 12 471
12 58 346
58 12 346
12 93 39
93 12 39
12 21 402
21 12 402
12 65 794
65 12 794
12 90 752
90 12 752
12 17 701
17 12 701
12 23 367
23 12 367
12 53 502
53 12 502
12 51 531
51 12 531
12 13 37
13 12 37
12 76 722
76 12 722
12 87 948
87 12 948
12 62 177
62 12 177
12 73 452
73 12 452
12 55 339
55 12 339
12 51 611
51 12 611
13 53 401
53 13 401
13 50 44
50 13 44
13 29 169
29 13 169
13 60 16
60 13 16
13 41 753
41 13 753
13 85 835
85 13 835
13 70 466
70 13 466
13 28 636
28 13 636
13 59 307
59 13 307
13 68 120
68 13 120
13 23 331
23 13 331
13 19 485
19 13 485
13 43 764
43 13 764
13 50 854
50 13 854
13 76 662
76 13 662
14 69 752
69 14 752
14 92 87
92 14 87
14 29 403
29 14 403
14 32 500
32 14 500
14 26 718
26 14 718
14 51 328
51 14 328
14 56 162
56 14 162
14 84 882
84 14 882
14 77 475
77 14 475
14 26 106
26 14 106
14 37 878
37 14 878
14 34 654
34 14 654
14 26 273
26 14 273
14 91 112
91 14 112
14 20 240
20 14 240
14 23 997
23 14 997
15 23 924
23 15 924
15 35 802
35 15 802
15 53 767
53 15 767
15 73 998
73 15 998
15 73 828
73 15 828
15 82 918
82 15 918
15 80 27
80 15 27
15 19 805
19 15 805
15 93 837
93 15 837
15 91 930
91 15 930
15 50 498
50 15 498
15 57 593
57 15 593
15 22 936
22 15 936
15 72 214
72 15 214
15 67 610
67 15 610
15 20 282
20 15 282
15 44 315
44 15 315
15 69 135
69 15 135
16 21 507
21 16 507
16 63 938
63 16 938
16 86 860
86 16 860
16 70 307
70 16 307
16 51 873
51 16 873
16 40 195
40 16 195
16 70 436
70 16 436
16 37 370
37 16 370
16 20 867
20 16 867
16 67 243
67 16 243
16 86 480
86 16 480
16 69 706
69 16 706
16 35 744
35 16 744
16 70 833
70 16 833
16 25 480
25 16 480
16 31 90
31 16 90
16 70 66
70 16 66
17 25 484
25 17 484
17 27 115
27 17 115
17 31 148
31 17 148
17 37 322
37 17 322
17 67 934
67 17 934
17 67 350
67 17 350
17 25 100
25 17 100
17 87 34
87 17 34
17 70 841
70 17 841
17 58 254
58 17 254
17 48 655
48 17 655
17 27 364
27 17 364
18 42 196
42 18 196
18 51 322
51 18 322
18 61 158
61 18 158
18 26 813
26 18 813
18 76 323
76 18 323
18 84 86
84 18 86
18 65 306
65 18 306
18 25 609
25 18 609
18 28 998
28 18 998
18 38 728
38 18 728
18 50 345
50 18 345
18 81 670
81 18 670
18 67 656
67 18 656
18 28 510
28 18 510
18 62 739
62 18 739
18 31 952
31 18 952
18 46 2
46 18 2
18 49 865
49 18 865
19 22 205
22 19 205
19 60 860
60 19 860
19 44 656
44 19 656
19 42 206
42 19 206
19 95 226
95 19 226
19 75 224
75 19 224
19 88 203
88 19 203
19 29 457
29 19 457
19 65 468
65 19 468
19 30 60
30 19 60
19 84 576
84 19 576
19 72 794
72 19 794
19 70 1000
70 19 1000
19 39 195
39 19 195
20 83 463
83 20 463
20 34 289
34 20 289
20 76 55
76 20 55
20 93 867
93 20 867
20 86 719
86 20 719
20 53 833
53 20 833
20 62 408
62 20 408
20 74 506
74 20 506
20 57 157
57 20 157
20 91 149
91 20 149
20 22 877
22 20 877
21 65 820
65 21 820
21 45 223
45 21 223
21 40 448
40 21 448
21 91 659
91 21 659
21 61 81
61 21 81
21 30 584
30 21 584
21 97 869
97 21 869
22 58 141
58 22 141
22 80 489
80 22 489
22 68 581
68 22 581
22 42 370
42 22 370
22 57 30
57 22 30
22 47 810
47 22 810
22 52 858
52 22 858
22 98 473
98 22 473
22 73 807
73 22 807
22 78 808
78 22 808
22 43 850
43 22 850
22 64 461
64 22 461
23 24 759
24 23 759
23 94 684
94 23 684
23 95 87
95 23 87
23 62 312
62 23 312
23 62 452
62 23 452
23 76 193
76 23 193
23 45 152
45 23 152
23 24 711
24 23 711
23 53 217
53 23 217
23 72 484
72 23 484
23 63 73
63 23 73
23 77 636
77 23 636
23 50 93
50 23 93
23 76 871
76 23 871
23 60 122
60 23 122
23 98 523
98 23 523
23 44 762
44 23 762
23 89 928
89 23 928
24 38 554
38 24 554
24 86 736
86 24 736
24 37 857
37 24 857
24 49 88
49 24 88
24 45 866
45 24 866
24 85 867
85 24 867
24 54 32
54 24 32
24 80 231
80 24 231
24 54 42
54 24 42
24 86 68
86 24 68
24 27 480
27 24 480
24 49 343
49 24 343
24 87 942
87 24 942
24 56 621
56 24 621
25 50 76
50 25 76
25 55 192
55 25 192
25 51 246
51 25 246
25 94 851
94 25 851
25 91 923
91 25 923
25 33 360
33 25 360
25 40 608
40 25 608
25 89 793
89 25 793
25 27 545
27 25 545
25 79 778
79 25 778
25 39 288
39 25 288
25 78 384
78 25 384
26 40 228
40 26 228
26 86 39
86 26 39
26 59 558
59 26 558
26 61 953
61 26 953
26 35 73
35 26 73
26 60 686
60 26 686
26 58 873
58 26 873
26 60 335
60 26 335
26 61 991
61 26 991
26 94 77
94 26 77
27 28 656
28 27 656
27 65 225
65 27 225
27 72 157
72 27 157
27 63 392
63 27 392
27 84 107
84 27 107
27 51 481
51 27 481
27 60 355
60 27 355
27 74 969
74 27 969
27 48 796
48 27 796
28 62 356
62 28 356
28 63 358
63 28 358
28 57 948
57 28 948
28 30 397
30 28 397
28 49 509
49 28 509
28 42 909
42 28 909
28 38 638
38 28 638
28 62 709
62 28 709
28 88 505
88 28 505
29 54 192
54 29 192
29 75 352
75 29 352
29 76 392
76 29 392
29 94 488
94 29 488
29 97 179
97 29 179
29 63 683
63 29 683
29 32 206
32 29 206
29 73 173
73 29 173
29 88 345
88 29 345
29 79 465
79 29 465
30 44 277
44 30 277
30 50 226
50 30 226
30 98 837
98 30 837
30 66 192
66 30 192
30 95 59
95 30 59
30 81 399
81 30 399
30 81 331
81 30 331
30 84 57
84 30 57
30 55 634
55 30 634
30 75 931
75 30 931
30 63 149
63 30 149
30 64 693
64 30 693
31 59 492
59 31 492
31 70 744
70 31 744
31 69 239
69 31 239
31 49 382
49 31 382
31 44 115
44 31 115
31 35 942
35 31 942
31 96 5
96 31 5
31 91 547
91 31 547
31 50 810
50 31 810
31 71 616
71 31 616
31 71 151
71 31 151
31 93 38
93 31 38
31 42 945
42 31 945
31 60 430
60 31 430
32 85 215
85 32 215
32 55 853
55 32 853
32 90 680
90 32 680
32 78 561
78 32 561
32 33 650
33 32 650
32 65 77
65 32 77
32 75 80
75 32 80
32 79 382
79 32 382
33 44 962
44 33 962
33 52 792
52 33 792
33 74 840
74 33 840
33 60 298
60 33 298
33 50 577
50 33 577
33 60 160
60 33 160
33 68 484
68 33 484
33 93 710
93 33 710
33 53 951
53 33 951
33 61 950
61 33 950
33 36 933
36 33 933
33 90 978
90 33 978
33 47 44
47 33 44
34 51 762
51 34 762
34 87 31
87 34 31
34 81 955
81 34 955
34 90 71
90 34 71
34 40 802
40 34 802
34 38 653
38 34 653
34 67 589
67 34 589
34 59 303
59 34 303
34 42 889
42 34 889
34 45 538
45 34 538
34 43 10
43 34 10
34 62 291
62 34 291
35 81 750
81 35 750
35 98 534
98 35 534
35 91 972
91 35 972
35 69 433
69 35 433
35 86 884
86 35 884
35 49 15
49 35 15
35 98 346
98 35 346
35 51 625
51 35 625
35 83 834
83 35 834
35 75 892
75 35 892
35 68 219
68 35 219
35 37 949
37 35 949
35 92 195
92 35 195
35 97 92
97 35 92
35 82 818
82 35 818
35 71 167
71 35 167
35 50 563
50 35 563
36 47 197
47 36 197
36 55 680
55 36 680
36 81 624
81 36 624
36 37 126
37 36 126
36 61 227
61 36 227
36 83 488
83 36 488
36 83 235
83 36 235
36 76 128
76 36 128
36 88 344
88 36 344
36 69 513
69 36 513
37 49 804
49 37 804
37 76 585
76 37 585
37 80 512
80 37 512
37 68 432
68 37 432
37 42 273
42 37 273
37 64 416
64 37 416
37 87 241
87 37 241
37 48 648
48 37 648
37 90 47
90 37 47
37 86 843
86 37 843
37 98 460
98 37 460
37 87 937
87 37 937
37 83 309
83 37 309
37 75 7
75 37 7
37 83 649
83 37 649
37 96 887
96 37 887
38 41 593
41 38 593
38 48 351
48 38 351
38 75 610
75 38 610
38 97 478
97 38 478
38 44 118
44 38 118
38 94 746
94 38 746
38 46 783
46 38 783
38 54 465
54 38 465
38 39 658
39 38 658
38 41 71
41 38 71
38 77 285
77 38 285
38 49 839
49 38 839
38 96 498
96 38 498
38 44 431
44 38 431
38 73 340
73 38 340
38 88 371
88 38 371
38 48 649
48 38 649
39 73 395
73 39 395
39 77 357
77 39 357
39 60 909
60 39 909
39 41 842
41 39 842
40 40 609
40 40 609
40 75 153
75 40 153
40 85 906
85 40 906
40 79 687
79 40 687
40 76 377
76 40 377
40 80 234
80 40 234
40 98 48
98 40 48
40 92 294
92 40 294
40 45 580
45 40 580
40 84 62
84 40 62
40 91 507
91 40 507
41 74 63
74 41 63
41 71 635
71 41 635
41 85 387
85 41 387
41 66 887
66 41 887
41 95 355
95 41 355
42 43 386
43 42 386
42 96 217
96 42 217
42 85 624
85 42 624
42 52 345
52 42 345
42 88 946
88 42 946
42 87 292
87 42 292
42 80 628
80 42 628
42 87 210
87 42 210
42 54 752
54 42 752
42 95 990
95 42 990
42 60 553
60 42 553
42 45 61
45 42 61
42 73 129
73 42 129
42 73 48
73 42 48
42 68 143
68 42 143
43 68 579
68 43 579
43 79 888
79 43 888
43 69 535
69 43 535
43 50 696
50 43 696
43 91 763
91 43 763
43 93 777
93 43 777
43 73 234
73 43 234
43 52 796
52 43 796
43 88 669
88 43 669
43 74 910
74 43 910
43 97 988
97 43 988
43 88 795
88 43 795
43 85 614
85 43 614
43 84 767
84 43 767
44 87 744
87 44 744
44 64 558
64 44 558
44 88 547
88 44 547
44 52 687
52 44 687
44 87 301
87 44 301
44 50 729
50 44 729
44 47 291
47 44 291
45 64 472
64 45 472
45 62 878
62 45 878
45 95 180
95 45 180
45 83 419
83 45 419
45 93 832
93 45 832
45 68 358
68 45 358
45 58 647
58 45 647
45 90 84
90 45 84
45 71 242
71 45 242
45 87 314
87 45 314
46 87 250
87 46 250
46 89 566
89 46 566
46 92 950
92 46 950
46 82 912
82 46 912
46 62 596
62 46 596
46 94 347
94 46 347
46 58 759
58 46 759
46 55 73
55 46 73
46 92 764
92 46 764
47 94 771
94 47 771
47 58 966
58 47 966
47 92 869
92 47 869
47 62 188
62 47 188
47 94 116
94 47 116
47 70 616
70 47 616
47 52 657
52 47 657
47 83 857
83 47 857
47 73 89
73 47 89
47 65 834
65 47 834
47 75 575
75 47 575
47 64 675
64 47 675
47 54 920
54 47 920
47 60 18
60 47 18
47 81 331
81 47 331
48 78 556
78 48 556
48 84 557
84 48 557
48 54 161
54 48 161
49 75 197
75 49 197
49 53 600
53 49 600
49 57 944
57 49 944
49 55 522
55 49 522
49 90 394
90 49 394
49 96 499
96 49 499
50 76 892
76 50 892
50 64 879
64 50 879
50 84 177
84 50 177
50 63 581
63 50 581
50 55 165
55 50 165
50 73 669
73 50 669
50 92 342
92 50 342
50 55 60
55 50 60
50 60 266
60 50 266
50 53 649
53 50 649
50 58 147
58 50 147
50 53 856
53 50 856
50 51 557
51 50 557
51 56 213
56 51 213
51 69 520
69 51 520
51 63 438
63 51 438
51 63 209
63 51 209
51 56 801
56 51 801
51 64 28
64 51 28
51 79 34
79 51 34
51 57 889
57 51 889
51 53 365
53 51 365
51 69 416
69 51 416
51 76 279
76 51 279
51 76 120
76 51 120
52 82 798
82 52 798
52 80 561
80 52 561
52 55 521
55 52 521
52 52 91
52 52 91
52 89 241
89 52 241
52 54 305
54 52 305
52 82 730
82 52 730
52 90 591
90 52 591
52 97 950
97 52 950
52 79 64
79 52 64
52 90 253
90 52 253
53 60 743
60 53 743
53 77 201
77 53 201
53 84 27
84 53 27
53 94 921
94 53 921
53 75 757
75 53 757
53 69 187
69 53 187
53 89 746
89 53 746
53 82 538
82 53 538
53 62 692
62 53 692
54 76 403
76 54 403
54 59 388
59 54 388
54 75 645
75 54 645
54 82 985
82 54 985
54 77 468
77 54 468
54 75 971
75 54 971
55 72 96
72 55 96
55 59 997
59 55 997
55 84 619
84 55 619
55 86 526
86 55 526
55 59 298
59 55 298
55 61 125
61 55 125
55 96 665
96 55 665
56 76 920
76 56 920
56 81 500
81 56 500
56 61 455
61 56 455
56 78 983
78 56 983
57 89 438
89 57 438
57 68 146
68 57 146
57 73 676
73 57 676
57 97 93
97 57 93
57 81 411
81 57 411
57 60 759
60 57 759
58 90 538
90 58 538
58 67 800
67 58 800
58 79 732
79 58 732
58 88 124
88 58 124
58 64 856
64 58 856
59 95 797
95 59 797
59 74 316
74 59 316
59 94 507
94 59 507
59 82 190
82 59 190
59 80 16
80 59 16
59 67 47
67 59 47
59 96 634
96 59 634
59 70 428
70 59 428
59 70 905
70 59 905
60 82 385
82 60 385
60 61 103
61 60 103
60 83 803
83 60 803
60 64 290
64 60 290
60 91 762
91 60 762
61 80 564
80 61 564
61 93 573
93 61 573
61 97 418
97 61 418
61 95 241
95 61 241
61 69 403
69 61 403
61 83 227
83 61 227
61 66 868
66 61 868
61 64 981
64 61 981
61 96 844
96 61 844
61 83 760
83 61 760
61 93 403
93 61 403
61 96 537
96 61 537
62 85 945
85 62 945
62 63 100
63 62 100
62 80 513
80 62 513
62 89 389
89 62 389
62 74 530
74 62 530
62 63 159
63 62 159
62 77 460
77 62 460
63 96 327
96 63 327
63 95 500
95 63 500
63 75 872
75 63 872
64 90 54
90 64 54
64 82 397
82 64 397
64 75 969
75 64 969
64 97 655
97 64 655
64 98 160
98 64 160
65 73 391
73 65 391
65 74 818
74 65 818
66 94 874
94 66 874
66 79 42
79 66 42
67 96 875
96 67 875
67 90 340
90 67 340
67 84 790
84 67 790
67 98 548
98 67 548
67 88 305
88 67 305
68 75 99
75 68 99
68 97 225
97 68 225
69 96 844
96 69 844
70 74 448
74 70 448
70 75 716
75 70 716
70 77 439
77 70 439
71 75 160
75 71 160
71 76 991
76 71 991
71 79 705
79 71 705
72 89 175
89 72 175
72 93 805
93 72 805
73 75 364
75 73 364
73 97 177
97 73 177
73 89 961
89 73 961
73 88 7
88 73 7
73 85 756
85 73 756
73 77 304
77 73 304
73 98 548
98 73 548
74 75 407
75 74 407
75 79 267
79 75 267
75 90 57
90 75 57
75 93 696
93 75 696
75 83 662
83 75 662
75 84 960
84 75 960
75 93 512
93 75 512
76 96 588
96 76 588
76 78 792
78 76 792
77 91 672
91 77 672
77 90 222
90 77 222
77 83 287
83 77 287
77 95 263
95 77 263
77 93 882
93 77 882
77 93 726
93 77 726
78 85 910
85 78 910
78 90 163
90 78 163
78 90 73
90 78 73
78 78 468
78 78 468
78 86 986
86 78 986
79 96 532
96 79 532
79 87 39
87 79 39
79 82 891
82 79 891
79 85 688
85 79 688
80 98 49
98 80 49
80 92 564
92 80 564
81 82 929
82 81 929
81 81 956
81 81 956
81 83 574
83 81 574
81 93 881
93 81 881
82 94 762
94 82 762
82 89 496
89 82 496
82 98 560
98 82 560
83 90 976
90 83 976
83 90 567
90 83 567
83 88 202
88 83 202
84 97 997
97 84 997
85 91 77
91 85 77
85 88 979
88 85 979
85 92 365
92 85 365
85 85 230
85 85 230
86 94 881
94 86 881
86 91 493
91 86 493
87 93 462
93 87 462
87 91 222
91 87 222
88 93 475
93 88 475
89 94 702
94 89 702
89 90 527
90 89 527
89 97 851
97 89 851
90 95 821
95 90 821
90 94 153
94 90 153
90 97 156
97 90 156
91 92 691
92 91 691
91 92 300
92 91 300
93 94 21
94 93 21
93 94 114
94 93 114
93 97 989
97 93 989
94 96 76
96 94 76
95 97 154
97 95 154
95 96 324
96 95 324
96 96 84
96 96 84
96 97 376
97 96 376
