87

0 1 178
1 0 178
0 2 74
2 0 74
0 3 990
3 0 990
0 7 946
7 0 946
0 20 243
20 0 243
0 29 989
29 0 989
0 52 261
52 0 261
0 63 195
63 0 195
0 45 31
45 0 31
0 79 583
79 0 583
0 31 438
31 0 438
0 15 151
15 0 151
0 45 314
45 0 314
0 62 940
62 0 940
0 31 454
31 0 454
0 30 467
30 0 467
1 6 544
6 1 544
1 8 506
8 1 506
1 9 914
9 1 914
1 56 216
56 1 216
1 17 104
17 1 104
1 53 912
53 1 912
1 47 587
47 1 587
1 38 955
38 1 955
1 8 435
8 1 435
1 45 407
45 1 407
2 4 70
4 2 70
2 5 252
5 2 252
2 38 867
38 2 867
2 37 504
37 2 504
2 64 128
64 2 128
2 66 974
66 2 974
2 70 19
70 2 19
2 34 890
34 2 890
2 72 409
72 2 409
2 46 343
46 2 343
2 22 662
22 2 662
3 37 126
37 3 126
3 65 756
65 3 756
3 84 389
84 3 389
3 74 588
74 3 588
3 33 770
33 3 770
3 14 488
14 3 488
3 31 654
31 3 654
3 15 763
15 3 763
3 26 57
26 3 57
3 29 7
29 3 7
3 86 51
86 3 51
4 12 424
12 4 424
4 14 700
14 4 700
4 51 886
51 4 886
4 54 104
54 4 104
4 63 715
63 4 715
4 24 116
24 4 116
4 36 370
36 4 370
4 7 961
7 4 961
4 4 293
4 4 293
5 10 87
10 5 87
5 11 553
11 5 553
5 33 81
33 5 81
5 40 547
40 5 547
5 30 100
30 5 100
5 54 999
54 5 999
5 55 795
55 5 795
5 25 692
25 5 692
5 58 596
58 5 596
5 25 876
25 5 876
5 66 105
66 5 105
5 7 955
7 5 955
6 13 196
13 6 196
6 23 979
23 6 979
6 48 944
48 6 944
6 26 46
26 6 46
6 21 278
21 6 278
6 79 743
79 6 743
6 58 748
58 6 748
6 61 369
61 6 369
6 15 3
15 6 3
6 75 786
75 6 786
6 12 416
12 6 416
6 17 964
17 6 964
6 45 608
45 6 608
6 22 490
22 6 490
7 41 765
41 7 765
7 79 441
79 7 441
7 57 451
57 7 451
7 85 999
85 7 999
7 11 202
11 7 202
8 15 938
15 8 938
8 16 903
16 8 903
8 53 970
53 8 970
8 76 336
76 8 336
8 65 389
65 8 389
8 50 858
50 8 858
8 28 358
28 8 358
9 25 342
25 9 342
9 30 888
30 9 888
9 42 42
42 9 42
9 54 149
54 9 149
9 66 319
66 9 319
9 72 292
72 9 292
9 65 258
65 9 258
9 33 712
33 9 712
9 14 473
14 9 473
9 50 846
50 9 846
10 75 117
75 10 117
10 63 919
63 10 919
10 22 574
22 10 574
10 23 835
23 10 835
10 11 266
11 10 266
10 36 424
36 10 424
10 52 161
52 10 161
11 43 705
43 11 705
11 76 207
76 11 207
11 64 34
64 11 34
11 20 902
20 11 902
11 40 656
40 11 656
11 55 570
55 11 570
11 51 383
51 11 383
12 18 381
18 12 381
12 85 36
85 12 36
12 83 905
83 12 905
12 85 899
85 12 899
12 50 87
50 12 87
13 17 330
17 13 330
13 39 519
39 13 519
13 67 519
67 13 519
13 86 623
86 13 623
13 55 792
55 13 792
13 57 745
57 13 745
13 33 608
33 13 608
13 45 649
45 13 649
13 20 457
20 13 457
13 43 935
43 13 935
13 30 17
30 13 17
13 67 188
67 13 188
14 21 821
21 14 821
14 59 265
59 14 265
14 55 341
55 14 341
14 67 949
67 14 949
14 46 884
46 14 884
15 47 157
47 15 157
15 20 204
20 15 204
15 24 927
24 15 927
15 78 208
78 15 208
15 27 146
27 15 146
15 55 19
55 15 19
15 38 757
38 15 757
16 19 887
19 16 887
16 36 297
36 16 297
16 83 497
83 16 497
16 83 988
83 16 988
16 68 187
68 16 187
17 24 154
24 17 154
17 26 800
26 17 800
17 67 462
67 17 462
17 47 832
47 17 832
17 41 685
41 17 685
17 83 796
83 17 796
17 51 580
51 17 580
17 31 248
31 17 248
17 72 771
72 17 771
18 57 498
57 18 498
18 29 457
29 18 457
18 23 135
23 18 135
18 30 651
30 18 651
18 46 189
46 18 189
18 50 524
50 18 524
18 43 353
43 18 353
19 27 25
27 19 25
19 34 146
34 19 146
19 30 921
30 19 921
19 27 887
27 19 887
19 67 243
67 19 243
19 21 599
21 19 599
19 50 706
50 19 706
19 86 133
86 19 133
20 54 976
54 20 976
20 25 601
25 20 601
20 41 497
41 20 497
21 22 985
22 21 985
21 58 574
58 21 574
21 28 79
28 21 79
21 40 348
40 21 348
21 45 792
45 21 792
21 83 680
83 21 680
21 38 714
38 21 714
21 29 33
29 21 33
22 71 231
71 22 231
22 78 455
78 22 455
22 24 68
24 22 68
22 79 152
79 22 152
22 30 142
30 22 142
22 29 75
29 22 75
22 65 647
65 22 647
22 28 575
28 22 575
23 64 620
64 23 620
23 74 815
74 23 815
23 32 98
32 23 98
23 61 855
61 23 855
24 40 115
40 24 115
24 68 240
68 24 240
24 59 39
59 24 39
24 40 769
40 24 769
24 62 714
62 24 714
24 72 987
72 24 987
24 31 927
31 24 927
24 79 332
79 24 332
25 50 873
50 25 873
25 62 195
62 25 195
25 34 349
34 25 349
25 57 928
57 25 928
25 71 796
71 25 796
25 82 776
82 25 776
26 35 124
35 26 124
26 56 532
56 26 532
26 66 505
66 26 505
26 43 909
43 26 909
26 84 849
84 26 849
26 71 908
71 26 908
26 33 446
33 26 446
26 33 967
33 26 967
26 43 370
43 26 370
26 68 451
68 26 451
27 28 727
28 27 727
27 44 309
44 27 309
27 74 733
74 27 733
27 71 632
71 27 632
27 34 362
34 27 362
27 57 365
57 27 365
27 83 331
83 27 331
28 32 597
32 28 597
28 71 733
71 28 733
28 59 838
59 28 838
28 31 520
31 28 520
29 31 369
31 29 369
29 80 746
80 29 746
29 56 263
56 29 263
29 67 329
67 29 329
29 51 880
51 29 880
29 36 452
36 29 452
29 45 484
45 29 484
30 56 295
56 30 295
30 76 5
76 30 5
30 48 462
48 30 462
31 49 162
49 31 162
31 61 875
61 31 875
31 58 100
58 31 100
31 35 169
35 31 169
31 63 997
63 31 997
32 62 196
62 32 196
32 45 237
45 32 237
32 35 791
35 32 791
32 52 802
52 32 802
32 52 817
52 32 817
32 68 756
68 32 756
32 79 86
79 32 86
33 74 68
74 33 68
33 40 914
40 33 914
33 85 59
85 33 59
33 48 127
48 33 127
34 82 626
82 34 626
34 55 890
55 34 890
34 64 298
64 34 298
34 72 16
72 34 16
35 83 659
83 35 659
35 43 309
43 35 309
35 48 520
48 35 520
35 50 92
50 35 92
36 58 336
58 36 336
36 75 435
75 36 435
36 65 918
65 36 918
37 44 259
44 37 259
37 57 368
57 37 368
37 53 535
53 37 535
37 68 857
68 37 857
38 45 903
45 38 903
38 80 356
80 38 356
38 62 868
62 38 868
38 50 371
50 38 371
38 61 639
61 38 639
39 57 404
57 39 404
39 47 272
47 39 272
39 39 182
39 39 182
39 77 421
77 39 421
40 46 870
46 40 870
40 69 671
69 40 671
40 85 381
85 40 381
40 85 596
85 40 596
40 51 624
51 40 624
41 70 701
70 41 701
41 58 984
58 41 984
41 73 483
73 41 483
41 68 877
68 41 877
42 70 607
70 42 607
42 73 796
73 42 796
43 85 801
85 43 801
43 68 386
68 43 386
43 75 76
75 43 76
43 78 610
78 43 610
43 60 677
60 43 677
44 83 442
83 44 442
44 47 524
47 44 524
44 45 92
45 44 92
45 79 49
79 45 49
45 56 871
56 45 871
46 59 651
59 46 651
46 80 583
80 46 583
47 56 891
56 47 891
47 63 145
63 47 145
47 62 361
62 47 361
47 62 942
62 47 942
47 51 4
51 47 4
47 48 145
48 47 145
48 84 884
84 48 884
48 77 823
77 48 823
48 50 953
50 48 953
49 76 249
76 49 249
49 66 211
66 49 211
50 60 948
60 50 948
50 69 390
69 50 390
51 55 453
55 51 453
51 72 321
72 51 321
51 80 74
80 51 74
52 64 307
64 52 307
52 61 578
61 52 578
52 54 955
54 52 955
52 68 548
68 52 548
53 55 399
55 53 399
54 77 662
77 54 662
54 77 178
77 54 178
54 76 570
76 54 570
55 76 74
76 55 74
55 76 6
76 55 6
56 86 903
86 56 903
56 80 473
80 56 473
56 81 454
81 56 454
57 86 608
86 57 608
57 71 544
71 57 544
57 67 576
67 57 576
57 66 901
66 57 901
58 68 297
68 58 297
58 80 164
80 58 164
58 78 758
78 58 758
58 68 778
68 58 778
58 65 606
65 58 606
59 75 255
75 59 255
59 75 205
75 59 205
59 67 584
67 59 584
61 74 93
74 61 93
61 67 452
67 61 452
61 82 42
82 61 42
61 76 687
76 61 687
61 67 557
67 61 557
62 67 74
67 62 74
62 63 26
63 62 26
62 74 710
74 62 710
63 67 269
67 63 269
64 69 833
69 64 833
64 69 645
69 64 645
65 80 426
80 65 426
65 85 492
85 65 492
66 67 750
67 66 750
67 79 668
79 67 668
67 71 672
71 67 672
68 86 862
86 68 862
68 74 632
74 68 632
70 80 291
80 70 291
70 76 430
76 70 430
73 76 199
76 73 199
75 76 19
76 75 19
76 77 638
77 76 638
77 79 80
79 77 80
77 85 769
85 77 769
78 79 38
79 78 38
78 81 483
81 78 483
81 86 335
86 81 335
81 85 689
85 81 689
