84

0 1 680
1 0 680
0 4 310
4 0 310
0 81 490
81 0 490
0 65 269
65 0 269
0 50 506
50 0 506
0 55 203
55 0 203
0 46 933
46 0 933
0 28 918
28 0 918
0 2 735
2 0 735
0 11 483
11 0 483
0 64 967
64 0 967
0 60 348
60 0 348
0 51 173
51 0 173
0 67 483
67 0 483
1 2 855
2 1 855
1 3 575
3 1 575
1 27 265
27 1 265
1 40 23
40 1 23
1 55 402
55 1 402
1 71 223
71 1 223
1 8 671
8 1 671
1 3 739
3 1 739
1 52 224
52 1 224
1 65 672
65 1 672
1 23 828
23 1 828
1 69 903
69 1 903
1 22 826
22 1 826
1 34 924
34 1 924
1 48 36
48 1 36
1 54 78
54 1 78
1 51 594
51 1 594
1 2 991
2 1 991
1 14 535
14 1 535
1 30 833
30 1 833
2 5 502
5 2 502
2 12 344
12 2 344
2 13 716
13 2 716
2 8 28
8 2 28
2 58 814
58 2 814
2 10 174
10 2 174
2 45 106
45 2 106
2 8 689
8 2 689
2 61 466
61 2 466
2 20 356
20 2 356
2 42 624
42 2 624
2 17 277
17 2 277
2 30 522
30 2 522
2 23 42
23 2 42
2 79 939
79 2 939
3 6 99
6 3 99
3 34 831
34 3 831
3 36 722
36 3 722
3 50 854
50 3 854
3 57 138
57 3 138
3 33 202
33 3 202
3 19 462
19 3 462
3 44 658
44 3 658
3 65 414
65 3 414
3 45 242
45 3 242
3 77 751
77 3 751
3 24 396
24 3 396
3 13 552
13 3 552
3 21 701
21 3 701
3 6 912
6 3 912
3 58 475
58 3 475
3 68 616
68 3 616
3 10 246
10 3 246
3 6 986
6 3 986
3 5 610
5 3 610
3 17 777
17 3 777
4 7 708
7 4 708
4 11 53
11 4 53
4 18 82
18 4 82
4 22 57
22 4 57
4 38 677
38 4 677
4 57 240
57 4 240
4 72 590
72 4 590
4 70 249
70 4 249
4 11 361
11 4 361
4 10 370
10 4 370
4 61 515
61 4 515
4 65 290
65 4 290
4 53 755
53 4 755
4 68 367
68 4 367
4 72 250
72 4 250
4 32 815
32 4 815
5 19 429
19 5 429
5 23 767
23 5 767
5 80 79
80 5 79
5 59 756
59 5 756
5 65 236
65 5 236
5 22 426
22 5 426
5 37 262
37 5 262
5 15 460
15 5 460
5 38 87
38 5 87
5 65 350
65 5 350
5 67 524
67 5 524
5 29 1
29 5 1
5 37 864
37 5 864
5 83 479
83 5 479
5 7 860
7 5 860
5 65 197
65 5 197
5 22 891
22 5 891
5 33 298
33 5 298
6 9 797
9 6 797
6 31 364
31 6 364
6 35 999
35 6 999
6 82 37
82 6 37
6 68 135
68 6 135
6 75 193
75 6 193
6 22 771
22 6 771
6 46 639
46 6 639
6 51 788
51 6 788
6 20 172
20 6 172
6 12 215
12 6 215
6 51 166
51 6 166
6 42 212
42 6 212
6 12 924
12 6 924
6 34 382
34 6 382
6 65 56
65 6 56
6 9 706
9 6 706
6 23 247
23 6 247
6 40 553
40 6 553
6 21 269
21 6 269
6 22 200
22 6 200
6 75 910
75 6 910
7 8 865
8 7 865
7 10 866
10 7 866
7 43 194
43 7 194
7 79 214
79 7 214
7 66 279
66 7 279
7 26 666
26 7 666
7 83 559
83 7 559
7 57 46
57 7 46
7 76 899
76 7 899
7 43 993
43 7 993
7 27 571
27 7 571
7 9 227
9 7 227
7 18 906
18 7 906
7 9 611
9 7 611
7 37 773
37 7 773
7 37 941
37 7 941
7 78 68
78 7 68
7 83 758
83 7 758
8 41 342
41 8 342
8 76 264
76 8 264
8 27 444
27 8 444
8 76 234
76 8 234
8 10 901
10 8 901
8 57 293
57 8 293
8 49 77
49 8 77
8 28 435
28 8 435
8 71 926
71 8 926
8 39 581
39 8 581
8 43 490
43 8 490
8 76 721
76 8 721
8 81 230
81 8 230
8 33 813
33 8 813
8 69 34
69 8 34
8 14 842
14 8 842
8 51 981
51 8 981
8 81 376
81 8 376
9 26 689
26 9 689
9 83 16
83 9 16
9 41 392
41 9 392
9 20 786
20 9 786
9 19 88
19 9 88
9 23 926
23 9 926
9 55 628
55 9 628
9 50 581
50 9 581
9 48 245
48 9 245
9 72 8
72 9 8
9 48 984
48 9 984
9 50 1
50 9 1
9 20 270
20 9 270
9 10 232
10 9 232
9 60 64
60 9 64
9 32 836
32 9 836
9 46 862
46 9 862
9 61 362
61 9 362
9 75 989
75 9 989
9 38 350
38 9 350
9 44 720
44 9 720
10 56 283
56 10 283
10 74 582
74 10 582
10 23 907
23 10 907
10 17 338
17 10 338
10 39 195
39 10 195
10 66 986
66 10 986
10 47 600
47 10 600
10 40 532
40 10 532
10 30 693
30 10 693
10 78 81
78 10 81
10 60 955
60 10 955
10 77 743
77 10 743
11 17 629
17 11 629
11 21 658
21 11 658
11 57 587
57 11 587
11 31 409
31 11 409
11 52 998
52 11 998
11 80 356
80 11 356
11 75 949
75 11 949
11 58 971
58 11 971
11 44 41
44 11 41
11 31 880
31 11 880
11 44 343
44 11 343
11 53 389
53 11 389
11 44 96
44 11 96
11 65 180
65 11 180
11 25 749
25 11 749
11 42 328
42 11 328
11 18 165
18 11 165
11 62 751
62 11 751
11 59 613
59 11 613
11 27 86
27 11 86
11 22 895
22 11 895
11 18 435
18 11 435
11 36 641
36 11 641
12 14 677
14 12 677
12 15 700
15 12 700
12 60 95
60 12 95
12 75 256
75 12 256
12 70 523
70 12 523
12 55 389
55 12 389
12 76 572
76 12 572
12 21 429
21 12 429
12 77 690
77 12 690
12 57 742
57 12 742
12 40 247
40 12 247
12 48 642
48 12 642
12 45 712
45 12 712
12 21 783
21 12 783
12 38 298
38 12 298
12 65 672
65 12 672
12 78 481
78 12 481
12 33 170
33 12 170
12 81 354
81 12 354
12 53 750
53 12 750
13 76 821
76 13 821
13 66 290
66 13 290
13 81 349
81 13 349
13 25 215
25 13 215
13 75 221
75 13 221
13 63 661
63 13 661
13 51 243
51 13 243
13 48 453
48 13 453
13 49 426
49 13 426
13 40 770
40 13 770
13 25 27
25 13 27
13 34 510
34 13 510
13 39 657
39 13 657
13 26 718
26 13 718
13 38 83
38 13 83
13 18 651
18 13 651
13 48 428
48 13 428
13 53 454
53 13 454
13 38 692
38 13 692
13 69 434
69 13 434
14 16 157
16 14 157
14 71 866
71 14 866
14 62 499
62 14 499
14 59 578
59 14 578
14 74 669
74 14 669
14 47 51
47 14 51
14 25 223
25 14 223
14 23 111
23 14 111
14 56 70
56 14 70
14 33 439
33 14 439
14 47 152
47 14 152
14 76 690
76 14 690
15 39 179
39 15 179
15 33 277
33 15 277
15 82 802
82 15 802
15 81 911
81 15 911
15 19 638
19 15 638
15 36 484
36 15 484
15 53 153
53 15 153
16 20 294
20 16 294
16 49 43
49 16 43
16 81 656
81 16 656
16 45 267
45 16 267
16 48 421
48 16 421
16 37 743
37 16 743
16 79 653
79 16 653
16 21 448
21 16 448
16 55 671
55 16 671
16 68 25
68 16 25
16 33 678
33 16 678
16 68 747
68 16 747
16 81 260
81 16 260
16 76 946
76 16 946
16 73 744
73 16 744
16 64 391
64 16 391
16 72 507
72 16 507
16 74 984
74 16 984
16 37 330
37 16 330
16 55 438
55 16 438
16 32 260
32 16 260
16 30 788
30 16 788
16 44 800
44 16 800
16 16 667
16 16 667
16 82 809
82 16 809
17 25 702
25 17 702
17 71 907
71 17 907
17 53 648
53 17 648
17 56 284
56 17 284
17 19 93
19 17 93
17 80 666
80 17 666
17 50 324
50 17 324
17 74 5
74 17 5
17 25 313
25 17 313
17 62 222
62 17 222
17 59 664
59 17 664
17 82 586
82 17 586
17 75 312
75 17 312
18 24 349
24 18 349
18 39 47
39 18 47
18 38 48
38 18 48
18 27 689
27 18 689
18 59 49
59 18 49
18 31 839
31 18 839
18 65 17
65 18 17
18 53 431
53 18 431
18 72 270
72 18 270
18 40 207
40 18 207
18 42 813
42 18 813
19 29 460
29 19 460
19 62 9
62 19 9
19 21 798
21 19 798
19 34 383
34 19 383
19 70 847
70 19 847
19 50 197
50 19 197
19 66 907
66 19 907
19 54 950
54 19 950
19 40 346
40 19 346
19 46 818
46 19 818
19 60 17
60 19 17
19 66 463
66 19 463
19 47 516
47 19 516
20 33 769
33 20 769
20 50 731
50 20 731
20 80 138
80 20 138
20 65 765
65 20 765
20 63 144
63 20 144
20 81 720
81 20 720
20 37 561
37 20 561
20 67 587
67 20 587
20 56 530
56 20 530
20 40 531
40 20 531
20 59 857
59 20 857
20 41 386
41 20 386
20 63 883
63 20 883
20 39 47
39 20 47
20 78 625
78 20 625
20 25 374
25 20 374
20 54 580
54 20 580
20 76 462
76 20 462
21 37 849
37 21 849
21 49 184
49 21 184
21 70 350
70 21 350
21 59 379
59 21 379
21 45 675
45 21 675
21 63 884
63 21 884
21 28 474
28 21 474
21 58 397
58 21 397
21 77 22
77 21 22
21 22 266
22 21 266
21 53 861
53 21 861
21 21 702
21 21 702
22 69 810
69 22 810
22 28 813
28 22 813
22 49 462
49 22 462
22 53 497
53 22 497
22 55 174
55 22 174
22 52 267
52 22 267
22 31 821
31 22 821
22 36 225
36 22 225
22 53 976
53 22 976
22 56 610
56 22 610
22 38 248
38 22 248
22 78 955
78 22 955
22 65 352
65 22 352
22 51 320
51 22 320
22 49 523
49 22 523
22 61 675
61 22 675
23 25 85
25 23 85
23 30 476
30 23 476
23 32 909
32 23 909
23 64 351
64 23 351
23 79 365
79 23 365
23 69 485
69 23 485
23 33 215
33 23 215
23 23 629
23 23 629
23 77 84
77 23 84
23 75 272
75 23 272
23 77 1
77 23 1
23 54 773
54 23 773
23 57 220
57 23 220
23 37 552
37 23 552
23 80 39
80 23 39
23 26 125
26 23 125
24 29 318
29 24 318
24 62 260
62 24 260
24 49 898
49 24 898
24 38 260
38 24 260
24 32 256
32 24 256
24 83 409
83 24 409
24 54 573
54 24 573
24 58 293
58 24 293
24 28 648
28 24 648
24 55 2
55 24 2
24 35 364
35 24 364
24 62 932
62 24 932
25 28 188
28 25 188
25 51 536
51 25 536
25 28 837
28 25 837
25 44 981
44 25 981
25 68 446
68 25 446
25 39 40
39 25 40
25 29 267
29 25 267
25 71 348
71 25 348
25 44 597
44 25 597
25 57 601
57 25 601
25 48 706
48 25 706
25 34 871
34 25 871
26 58 910
58 26 910
26 26 358
26 26 358
26 78 709
78 26 709
26 51 388
51 26 388
26 44 675
44 26 675
26 61 235
61 26 235
26 39 1
39 26 1
26 43 844
43 26 844
26 33 515
33 26 515
26 47 523
47 26 523
26 34 821
34 26 821
26 28 885
28 26 885
27 56 377
56 27 377
27 63 58
63 27 58
27 42 156
42 27 156
27 78 369
78 27 369
27 76 823
76 27 823
27 38 234
38 27 234
27 51 475
51 27 475
27 64 423
64 27 423
27 37 755
37 27 755
27 29 783
29 27 783
27 74 41
74 27 41
27 70 653
70 27 653
27 64 447
64 27 447
28 46 82
46 28 82
28 29 479
29 28 479
28 63 394
63 28 394
28 70 988
70 28 988
28 53 846
53 28 846
28 46 407
46 28 407
28 64 417
64 28 417
28 56 48
56 28 48
28 38 210
38 28 210
28 67 217
67 28 217
28 39 429
39 28 429
28 44 897
44 28 897
28 38 646
38 28 646
28 64 621
64 28 621
28 80 194
80 28 194
28 67 776
67 28 776
28 31 254
31 28 254
28 63 351
63 28 351
28 67 888
67 28 888
29 44 715
44 29 715
29 57 693
57 29 693
29 37 812
37 29 812
29 62 652
62 29 652
29 39 807
39 29 807
29 72 140
72 29 140
29 74 997
74 29 997
29 81 768
81 29 768
29 44 342
44 29 342
29 30 871
30 29 871
29 34 731
34 29 731
29 59 682
59 29 682
29 75 655
75 29 655
30 52 293
52 30 293
30 62 340
62 30 340
30 40 962
40 30 962
30 63 187
63 30 187
30 41 233
41 30 233
30 42 449
42 30 449
30 62 643
62 30 643
30 49 294
49 30 294
30 42 471
42 30 471
30 33 330
33 30 330
30 53 161
53 30 161
30 74 914
74 30 914
30 33 453
33 30 453
31 45 120
45 31 120
31 81 969
81 31 969
31 53 970
53 31 970
31 45 529
45 31 529
31 45 439
45 31 439
31 74 554
74 31 554
31 50 261
50 31 261
31 62 63
62 31 63
31 58 857
58 31 857
31 60 31
60 31 31
31 41 204
41 31 204
31 45 676
45 31 676
31 65 92
65 31 92
31 32 525
32 31 525
32 48 567
48 32 567
32 34 866
34 32 866
32 57 659
57 32 659
32 74 455
74 32 455
32 49 471
49 32 471
32 51 66
51 32 66
32 33 666
33 32 666
32 52 793
52 32 793
32 61 932
61 32 932
32 61 383
61 32 383
32 63 413
63 32 413
32 53 873
53 32 873
32 47 310
47 32 310
32 74 674
74 32 674
33 47 9
47 33 9
33 48 613
48 33 613
33 58 966
58 33 966
33 66 396
66 33 396
33 80 157
80 33 157
33 50 566
50 33 566
33 67 466
67 33 466
33 52 337
52 33 337
33 41 55
41 33 55
33 69 365
69 33 365
33 58 645
58 33 645
33 50 299
50 33 299
33 38 90
38 33 90
33 54 588
54 33 588
34 59 417
59 34 417
34 82 519
82 34 519
34 73 206
73 34 206
34 43 236
43 34 236
34 48 46
48 34 46
34 63 993
63 34 993
34 39 915
39 34 915
34 68 415
68 34 415
34 43 70
43 34 70
34 44 638
44 34 638
34 59 811
59 34 811
34 50 213
50 34 213
34 62 281
62 34 281
34 60 917
60 34 917
35 51 612
51 35 612
35 69 706
69 35 706
35 42 887
42 35 887
35 36 280
36 35 280
36 79 68
79 36 68
36 82 351
82 36 351
36 56 572
56 36 572
36 43 311
43 36 311
36 44 257
44 36 257
36 65 307
65 36 307
36 82 481
82 36 481
36 71 744
71 36 744
36 69 629
69 36 629
36 57 861
57 36 861
36 45 877
45 36 877
37 42 956
42 37 956
37 45 716
45 37 716
37 39 901
39 37 901
37 50 809
50 37 809
37 50 575
50 37 575
37 78 610
78 37 610
37 71 901
71 37 901
37 73 130
73 37 130
37 46 452
46 37 452
37 77 542
77 37 542
37 83 159
83 37 159
37 54 180
54 37 180
37 56 704
56 37 704
37 47 64
47 37 64
37 54 344
54 37 344
37 66 591
66 37 591
37 51 850
51 37 850
37 37 639
37 37 639
38 54 755
54 38 755
38 75 405
75 38 405
38 45 301
45 38 301
38 81 581
81 38 581
38 64 496
64 38 496
38 58 318
58 38 318
38 50 63
50 38 63
38 74 445
74 38 445
38 67 502
67 38 502
38 60 768
60 38 768
38 46 975
46 38 975
38 69 20
69 38 20
38 66 514
66 38 514
38 41 14
41 38 14
38 78 440
78 38 440
39 65 847
65 39 847
39 83 981
83 39 981
39 72 208
72 39 208
39 53 998
53 39 998
39 80 464
80 39 464
39 53 991
53 39 991
39 68 163
68 39 163
39 68 166
68 39 166
39 62 118
62 39 118
39 81 927
81 39 927
40 74 778
74 40 778
40 69 319
69 40 319
40 52 844
52 40 844
40 44 256
44 40 256
40 66 99
66 40 99
40 80 910
80 40 910
40 53 298
53 40 298
40 76 28
76 40 28
40 73 34
73 40 34
40 42 337
42 40 337
40 57 867
57 40 867
40 53 209
53 40 209
40 70 889
70 40 889
40 76 958
76 40 958
41 77 976
77 41 976
41 81 374
81 41 374
41 48 570
48 41 570
41 73 105
73 41 105
41 43 742
43 41 742
41 50 731
50 41 731
41 81 25
81 41 25
41 82 245
82 41 245
41 52 4
52 41 4
41 75 212
75 41 212
41 80 152
80 41 152
42 80 932
80 42 932
42 83 901
83 42 901
42 50 34
50 42 34
42 56 244
56 42 244
42 71 434
71 42 434
42 44 935
44 42 935
42 71 342
71 42 342
42 46 570
46 42 570
42 55 976
55 42 976
42 70 167
70 42 167
42 58 992
58 42 992
43 77 579
77 43 579
43 65 834
65 43 834
43 53 801
53 43 801
43 52 275
52 43 275
43 45 614
45 43 614
43 53 481
53 43 481
43 81 804
81 43 804
43 72 498
72 43 498
44 59 862
59 44 862
44 59 870
59 44 870
44 59 725
59 44 725
44 63 35
63 44 35
44 63 327
63 44 327
44 77 34
77 44 34
44 50 720
50 44 720
45 57 694
57 45 694
45 48 557
48 45 557
46 49 522
49 46 522
46 53 531
53 46 531
46 52 719
52 46 719
46 59 89
59 46 89
46 79 269
79 46 269
46 75 414
75 46 414
47 73 596
73 47 596
47 78 54
78 47 54
47 54 614
54 47 614
47 81 995
81 47 995
47 56 98
56 47 98
47 61 632
61 47 632
47 68 398
68 47 398
48 48 469
48 48 469
48 82 310
82 48 310
48 65 792
65 48 792
49 53 827
53 49 827
49 66 340
66 49 340
49 81 382
81 49 382
49 50 666
50 49 666
50 74 927
74 50 927
50 75 640
75 50 640
50 78 837
78 50 837
50 76 493
76 50 493
50 58 785
58 50 785
50 57 427
57 50 427
50 74 196
74 50 196
50 68 622
68 50 622
50 55 616
55 50 616
50 70 585
70 50 585
50 63 746
63 50 746
50 81 827
81 50 827
51 67 19
67 51 19
51 70 973
70 51 973
51 76 407
76 51 407
51 65 306
65 51 306
51 57 389
57 51 389
51 71 974
71 51 974
51 73 821
73 51 821
51 67 573
67 51 573
51 82 649
82 51 649
51 66 245
66 51 245
52 62 604
62 52 604
52 67 258
67 52 258
52 71 98
71 52 98
52 52 963
52 52 963
52 66 920
66 52 920
53 75 691
75 53 691
53 70 383
70 53 383
53 73 807
73 53 807
53 68 305
68 53 305
53 67 546
67 53 546
54 62 434
62 54 434
54 81 546
81 54 546
54 58 388
58 54 388
54 54 917
54 54 917
54 83 786
83 54 786
54 65 545
65 54 545
54 74 432
74 54 432
55 74 939
74 55 939
55 61 811
61 55 811
55 82 900
82 55 900
55 56 421
56 55 421
55 72 941
72 55 941
55 68 234
68 55 234
56 75 510
75 56 510
56 82 540
82 56 540
56 62 736
62 56 736
56 62 532
62 56 532
56 63 88
63 56 88
56 61 258
61 56 258
56 57 203
57 56 203
57 61 525
61 57 525
57 67 301
67 57 301
57 82 415
82 57 415
57 73 195
73 57 195
57 68 254
68 57 254
57 60 288
60 57 288
57 73 853
73 57 853
58 60 302
60 58 302
58 74 655
74 58 655
58 77 748
77 58 748
59 79 138
79 59 138
59 71 60
71 59 60
59 65 195
65 59 195
59 71 934
71 59 934
60 80 649
80 60 649
60 71 530
71 60 530
60 72 43
72 60 43
60 68 99
68 60 99
60 71 248
71 60 248
61 72 898
72 61 898
61 75 962
75 61 962
61 69 293
69 61 293
61 63 901
63 61 901
61 75 175
75 61 175
61 72 760
72 61 760
61 80 925
80 61 925
61 71 659
71 61 659
61 66 378
66 61 378
62 69 6
69 62 6
62 69 325
69 62 325
62 66 440
66 62 440
62 80 349
80 62 349
62 66 246
66 62 246
62 71 858
71 62 858
62 65 265
65 62 265
62 69 833
69 62 833
63 64 967
64 63 967
63 65 495
65 63 495
63 64 313
64 63 313
63 64 778
64 63 778
63 70 865
70 63 865
63 72 663
72 63 663
63 74 822
74 63 822
64 68 720
68 64 720
64 67 345
67 64 345
64 78 352
78 64 352
64 65 818
65 64 818
64 78 814
78 64 814
64 67 325
67 64 325
65 74 414
74 65 414
66 80 173
80 66 173
66 69 130
69 66 130
66 75 755
75 66 755
68 81 284
81 68 284
68 73 838
73 68 838
68 70 772
70 68 772
69 79 237
79 69 237
69 70 39
70 69 39
69 76 93
76 69 93
70 80 627
80 70 627
70 74 631
74 70 631
70 82 689
82 70 689
71 79 912
79 71 912
71 76 923
76 71 923
71 74 683
74 71 683
71 72 92
72 71 92
72 74 980
74 72 980
72 76 377
76 72 377
72 74 935
74 72 935
72 79 877
79 72 877
73 82 711
82 73 711
73 77 168
77 73 168
74 76 435
76 74 435
74 76 334
76 74 334
74 76 568
76 74 568
75 77 519
77 75 519
75 81 94
81 75 94
75 82 131
82 75 131
78 80 985
80 78 985
78 83 965
83 78 965
78 79 264
79 78 264
80 80 489
80 80 489
