41

0 1 778
1 0 778
0 2 719
2 0 719
0 12 156
12 0 156
0 18 239
18 0 239
0 21 42
21 0 42
0 31 294
31 0 294
0 38 327
38 0 327
0 1 446
1 0 446
0 3 518
3 0 518
0 15 436
15 0 436
0 1 669
1 0 669
0 23 603
23 0 603
0 32 499
32 0 499
0 36 456
36 0 456
0 12 259
12 0 259
0 2 780
2 0 780
0 35 1000
35 0 1000
0 5 833
5 0 833
0 2 840
2 0 840
1 3 649
3 1 649
1 4 306
4 1 306
1 8 654
8 1 654
1 6 347
6 1 347
1 2 23
2 1 23
1 36 899
36 1 899
1 33 793
33 1 793
1 40 53
40 1 53
1 8 909
8 1 909
1 28 947
28 1 947
1 8 113
8 1 113
1 19 313
19 1 313
1 20 779
20 1 779
1 27 481
27 1 481
1 23 317
23 1 317
1 6 362
6 1 362
2 8 864
8 2 864
2 14 14
14 2 14
2 15 234
15 2 234
2 19 749
19 2 749
2 27 885
27 2 885
2 18 295
18 2 295
2 22 364
22 2 364
2 24 704
24 2 704
2 18 537
18 2 537
2 9 675
9 2 675
2 38 717
38 2 717
2 38 570
38 2 570
3 5 535
5 3 535
3 7 576
7 3 576
3 13 751
13 3 751
3 26 126
26 3 126
3 5 88
5 3 88
3 18 9
18 3 9
3 18 173
18 3 173
3 27 444
27 3 444
3 26 664
26 3 664
3 5 793
5 3 793
3 27 298
27 3 298
3 14 593
14 3 593
4 6 527
6 4 527
4 9 718
9 4 718
4 5 100
5 4 100
4 20 376
20 4 376
4 23 556
23 4 556
4 25 667
25 4 667
4 39 704
39 4 704
4 6 643
6 4 643
5 40 330
40 5 330
5 16 413
16 5 413
5 9 973
9 5 973
5 36 809
36 5 809
5 32 774
32 5 774
5 18 293
18 5 293
5 26 831
26 5 831
5 17 972
17 5 972
5 40 167
40 5 167
5 16 393
16 5 393
5 31 99
31 5 99
5 32 458
32 5 458
5 37 449
37 5 449
6 22 463
22 6 463
6 38 50
38 6 50
6 17 357
17 6 357
6 13 179
13 6 179
6 10 694
10 6 694
6 39 778
39 6 778
6 13 985
13 6 985
6 33 26
33 6 26
6 28 523
28 6 523
6 18 851
18 6 851
6 31 266
31 6 266
6 39 193
39 6 193
6 19 746
19 6 746
6 33 873
33 6 873
6 39 730
39 6 730
6 38 82
38 6 82
6 26 139
26 6 139
7 11 305
11 7 305
7 33 927
33 7 927
7 25 324
25 7 324
7 37 291
37 7 291
7 23 655
23 7 655
7 18 664
18 7 664
7 28 371
28 7 371
7 34 757
34 7 757
7 12 860
12 7 860
7 17 501
17 7 501
7 30 1000
30 7 1000
7 32 610
32 7 610
8 32 95
32 8 95
8 30 558
30 8 558
8 13 280
13 8 280
8 35 775
35 8 775
8 11 853
11 8 853
8 38 352
38 8 352
8 31 245
31 8 245
9 10 239
10 9 239
9 17 712
17 9 712
9 20 119
20 9 119
9 33 20
33 9 20
9 14 774
14 9 774
9 26 144
26 9 144
9 18 745
18 9 745
9 26 575
26 9 575
9 14 527
14 9 527
9 12 407
12 9 407
9 35 139
35 9 139
9 35 716
35 9 716
10 16 130
16 10 130
10 28 476
28 10 476
10 38 642
38 10 642
10 39 759
39 10 759
10 11 212
11 10 212
10 32 480
32 10 480
10 16 534
16 10 534
10 33 621
33 10 621
11 28 139
28 11 139
11 36 867
36 11 867
11 35 830
35 11 830
11 29 691
29 11 691
11 19 948
19 11 948
11 39 245
39 11 245
11 17 719
17 11 719
11 29 191
29 11 191
11 30 544
30 11 544
12 23 385
23 12 385
12 32 746
32 12 746
12 16 373
16 12 373
12 39 490
39 12 490
12 31 175
31 12 175
12 27 437
27 12 437
12 38 214
38 12 214
12 35 51
35 12 51
12 12 228
12 12 228
13 29 99
29 13 99
13 40 157
40 13 157
13 22 426
22 13 426
13 24 313
24 13 313
13 24 707
24 13 707
13 21 295
21 13 295
14 22 888
22 14 888
14 27 392
27 14 392
14 29 6
29 14 6
14 30 98
30 14 98
14 39 97
39 14 97
14 15 683
15 14 683
15 35 669
35 15 669
15 38 565
38 15 565
15 16 504
16 15 504
15 26 502
26 15 502
15 33 565
33 15 565
15 18 438
18 15 438
15 23 540
23 15 540
15 37 135
37 15 135
16 33 51
33 16 51
16 27 296
27 16 296
16 22 939
22 16 939
16 17 211
17 16 211
17 37 976
37 17 976
17 34 575
34 17 575
17 26 395
26 17 395
17 40 89
40 17 89
18 20 813
20 18 813
18 19 630
19 18 630
18 19 875
19 18 875
18 27 284
27 18 284
18 36 424
36 18 424
19 32 433
32 19 433
20 25 471
25 20 471
20 25 8
25 20 8
20 26 860
26 20 860
20 26 498
26 20 498
20 26 296
26 20 296
20 36 985
36 20 985
20 37 535
37 20 535
20 30 712
30 20 712
20 31 459
31 20 459
21 24 989
24 21 989
21 24 882
24 21 882
21 31 480
31 21 480
21 40 456
40 21 456
22 37 213
37 22 213
23 24 831
24 23 831
23 34 850
34 23 850
23 29 459
29 23 459
23 27 169
27 23 169
23 39 197
39 23 197
23 38 193
38 23 193
24 38 351
38 24 351
24 27 641
27 24 641
25 30 657
30 25 657
25 37 646
37 25 646
25 31 7
31 25 7
25 34 245
34 25 245
25 35 611
35 25 611
25 34 980
34 25 980
25 36 571
36 25 571
26 27 258
27 26 258
26 31 72
31 26 72
27 38 9
38 27 9
27 27 114
27 27 114
27 28 885
28 27 885
27 39 539
39 27 539
28 38 546
38 28 546
28 37 595
37 28 595
28 30 693
30 28 693
28 30 294
30 28 294
28 34 718
34 28 718
29 32 170
32 29 170
31 39 120
39 31 120
31 40 345
40 31 345
32 34 103
34 32 103
32 34 39
34 32 39
35 35 328
35 35 328
35 35 659
35 35 659
36 40 408
40 36 408
36 36 859
36 36 859
38 38 960
38 38 960
39 40 575
40 39 575
39 39 419
39 39 419
