40

0 1 89
1 0 89
0 7 440
7 0 440
0 31 605
31 0 605
0 6 986
6 0 986
0 6 539
6 0 539
0 1 216
1 0 216
0 34 742
34 0 742
0 31 55
31 0 55
0 39 610
39 0 610
0 21 314
21 0 314
0 17 414
17 0 414
0 31 343
31 0 343
0 10 387
10 0 387
0 14 74
14 0 74
0 20 979
20 0 979
0 28 410
28 0 410
0 34 72
34 0 72
0 13 61
13 0 61
0 15 904
15 0 904
0 21 148
21 0 148
0 19 381
19 0 381
0 39 548
39 0 548
0 33 274
33 0 274
0 19 298
19 0 298
0 36 377
36 0 377
0 16 869
16 0 869
0 28 829
28 0 829
1 2 221
2 1 221
1 3 36
3 1 36
1 4 903
4 1 903
1 8 541
8 1 541
1 10 691
10 1 691
1 11 70
11 1 70
1 28 335
28 1 335
1 4 202
4 1 202
1 4 200
4 1 200
1 29 771
29 1 771
1 22 390
22 1 390
1 37 953
37 1 953
1 28 37
28 1 37
1 18 927
18 1 927
1 3 760
3 1 760
1 3 575
3 1 575
1 29 922
29 1 922
1 4 259
4 1 259
1 36 422
36 1 422
1 35 265
35 1 265
1 34 901
34 1 901
2 6 891
6 2 891
2 2 44
2 2 44
2 5 748
5 2 748
2 8 627
8 2 627
2 16 313
16 2 313
2 11 240
11 2 240
2 17 450
17 2 450
2 5 500
5 2 500
2 26 350
26 2 350
2 30 331
30 2 331
2 30 92
30 2 92
2 19 230
19 2 230
2 29 643
29 2 643
2 30 456
30 2 456
2 10 898
10 2 898
2 9 282
9 2 282
2 25 89
25 2 89
2 10 340
10 2 340
2 4 621
4 2 621
2 34 77
34 2 77
3 12 212
12 3 212
3 5 996
5 3 996
3 21 66
21 3 66
3 7 134
7 3 134
3 23 229
23 3 229
3 18 225
18 3 225
3 9 936
9 3 936
3 39 330
39 3 330
3 32 631
32 3 631
3 37 669
37 3 669
3 11 53
11 3 53
3 39 244
39 3 244
3 12 989
12 3 989
3 5 500
5 3 500
3 4 971
4 3 971
3 27 103
27 3 103
3 19 197
19 3 197
4 5 657
5 4 657
4 13 259
13 4 259
4 17 387
17 4 387
4 30 757
30 4 757
4 32 776
32 4 776
4 7 862
7 4 862
4 17 879
17 4 879
4 30 548
30 4 548
4 21 904
21 4 904
4 13 281
13 4 281
4 12 715
12 4 715
4 25 862
25 4 862
4 14 41
14 4 41
4 21 221
21 4 221
4 5 785
5 4 785
4 10 675
10 4 675
4 16 311
16 4 311
4 10 433
10 4 433
4 10 664
10 4 664
4 27 262
27 4 262
5 10 34
10 5 34
5 12 378
12 5 378
5 14 621
14 5 621
5 26 607
26 5 607
5 11 290
11 5 290
5 28 922
28 5 922
5 6 282
6 5 282
5 33 317
33 5 317
5 37 822
37 5 822
5 8 145
8 5 145
6 14 961
14 6 961
6 34 106
34 6 106
6 37 666
37 6 666
6 20 82
20 6 82
6 25 895
25 6 895
6 31 688
31 6 688
6 34 377
34 6 377
6 36 773
36 6 773
6 34 252
34 6 252
6 22 742
22 6 742
6 19 166
19 6 166
6 27 197
27 6 197
6 34 681
34 6 681
6 11 710
11 6 710
6 32 412
32 6 412
6 7 692
7 6 692
6 15 303
15 6 303
6 8 456
8 6 456
6 37 867
37 6 867
7 9 47
9 7 47
7 38 964
38 7 964
7 34 374
34 7 374
7 20 726
20 7 726
7 22 335
22 7 335
7 24 292
24 7 292
7 23 84
23 7 84
7 29 390
29 7 390
7 19 132
19 7 132
7 9 93
9 7 93
7 10 713
10 7 713
7 16 36
16 7 36
7 18 52
18 7 52
7 29 952
29 7 952
7 18 468
18 7 468
7 19 747
19 7 747
7 24 799
24 7 799
7 8 972
8 7 972
7 31 555
31 7 555
7 28 870
28 7 870
8 20 748
20 8 748
8 24 359
24 8 359
8 27 606
27 8 606
8 39 560
39 8 560
8 33 861
33 8 861
8 27 828
27 8 828
8 35 4
35 8 4
8 14 835
14 8 835
8 32 897
32 8 897
8 10 488
10 8 488
8 24 748
24 8 748
8 21 124
21 8 124
8 39 254
39 8 254
8 26 829
26 8 829
8 29 375
29 8 375
8 27 126
27 8 126
8 29 650
29 8 650
8 38 430
38 8 430
8 36 147
36 8 147
8 38 360
38 8 360
9 16 518
16 9 518
9 23 926
23 9 926
9 25 504
25 9 504
9 37 237
37 9 237
9 32 917
32 9 917
9 27 37
27 9 37
9 29 599
29 9 599
9 25 675
25 9 675
9 38 874
38 9 874
9 19 896
19 9 896
9 15 821
15 9 821
9 10 179
10 9 179
9 19 418
19 9 418
9 35 476
35 9 476
9 24 297
24 9 297
9 11 516
11 9 516
9 24 447
24 9 447
9 36 991
36 9 991
9 14 82
14 9 82
9 35 801
35 9 801
10 15 868
15 10 868
10 31 893
31 10 893
10 10 574
10 10 574
10 33 287
33 10 287
10 19 587
19 10 587
10 20 748
20 10 748
10 14 775
14 10 775
10 39 586
39 10 586
10 17 897
17 10 897
10 33 880
33 10 880
10 11 88
11 10 88
10 21 356
21 10 356
10 12 119
12 10 119
10 26 691
26 10 691
10 23 703
23 10 703
10 20 930
20 10 930
10 19 480
19 10 480
11 16 131
16 11 131
11 28 510
28 11 510
11 20 993
20 11 993
11 23 659
23 11 659
11 33 25
33 11 25
11 26 161
26 11 161
11 29 208
29 11 208
11 31 66
31 11 66
11 21 746
21 11 746
11 39 102
39 11 102
11 32 155
32 11 155
11 25 602
25 11 602
11 35 188
35 11 188
11 34 109
34 11 109
11 20 742
20 11 742
11 12 726
12 11 726
12 21 581
21 12 581
12 35 333
35 12 333
12 37 478
37 12 478
12 36 326
36 12 326
12 25 761
25 12 761
12 29 387
29 12 387
12 17 247
17 12 247
12 26 138
26 12 138
12 24 744
24 12 744
12 37 369
37 12 369
12 18 95
18 12 95
12 33 748
33 12 748
12 15 395
15 12 395
12 26 854
26 12 854
13 19 5
19 13 5
13 24 83
24 13 83
13 37 535
37 13 535
13 39 435
39 13 435
13 29 946
29 13 946
13 16 354
16 13 354
13 23 469
23 13 469
13 35 517
35 13 517
13 28 706
28 13 706
13 27 692
27 13 692
13 19 241
19 13 241
13 39 800
39 13 800
13 21 153
21 13 153
13 34 807
34 13 807
13 26 72
26 13 72
13 22 861
22 13 861
13 26 435
26 13 435
13 36 158
36 13 158
14 15 101
15 14 101
14 18 209
18 14 209
14 29 327
29 14 327
14 15 280
15 14 280
14 16 873
16 14 873
14 19 240
19 14 240
14 38 546
38 14 546
14 26 189
26 14 189
14 21 672
21 14 672
14 35 103
35 14 103
14 30 143
30 14 143
14 33 662
33 14 662
14 29 436
29 14 436
14 39 814
39 14 814
15 29 476
29 15 476
15 31 106
31 15 106
15 20 380
20 15 380
15 17 122
17 15 122
15 18 846
18 15 846
15 30 367
30 15 367
15 24 571
24 15 571
15 18 14
18 15 14
15 25 899
25 15 899
15 21 566
21 15 566
15 31 652
31 15 652
15 22 635
22 15 635
15 25 104
25 15 104
15 38 802
38 15 802
15 33 837
33 15 837
15 21 681
21 15 681
15 17 122
17 15 122
15 23 394
23 15 394
15 35 425
35 15 425
16 22 91
22 16 91
16 35 5
35 16 5
16 39 804
39 16 804
16 24 721
24 16 721
16 20 745
20 16 745
16 26 418
26 16 418
16 33 730
33 16 730
16 21 40
21 16 40
16 30 189
30 16 189
16 19 391
19 16 391
17 22 994
22 17 994
17 25 850
25 17 850
17 26 881
26 17 881
17 38 64
38 17 64
17 19 983
19 17 983
17 28 61
28 17 61
17 39 609
39 17 609
17 36 988
36 17 988
17 20 479
20 17 479
17 35 629
35 17 629
17 34 275
34 17 275
17 26 482
26 17 482
17 32 278
32 17 278
17 19 793
19 17 793
17 24 58
24 17 58
17 19 430
19 17 430
18 19 204
19 18 204
18 24 276
24 18 276
18 39 923
39 18 923
18 31 693
31 18 693
18 36 540
36 18 540
18 22 680
22 18 680
18 36 898
36 18 898
18 39 12
39 18 12
18 32 438
32 18 438
18 36 522
36 18 522
19 34 907
34 19 907
19 20 380
20 19 380
19 26 422
26 19 422
19 31 255
31 19 255
19 26 764
26 19 764
19 24 578
24 19 578
19 26 811
26 19 811
19 29 278
29 19 278
19 35 935
35 19 935
19 37 404
37 19 404
19 23 845
23 19 845
19 24 354
24 19 354
19 22 623
22 19 623
20 36 444
36 20 444
20 38 318
38 20 318
20 31 435
31 20 435
20 36 762
36 20 762
20 23 741
23 20 741
20 28 285
28 20 285
21 26 443
26 21 443
21 25 335
25 21 335
21 22 197
22 21 197
21 37 22
37 21 22
21 36 289
36 21 289
21 33 56
33 21 56
21 23 12
23 21 12
22 38 144
38 22 144
22 29 903
29 22 903
22 29 733
29 22 733
22 22 879
22 22 879
22 35 878
35 22 878
22 25 15
25 22 15
22 31 985
31 22 985
22 30 363
30 22 363
22 33 750
33 22 750
22 28 242
28 22 242
22 23 996
23 22 996
22 33 757
33 22 757
22 34 24
34 22 24
23 34 100
34 23 100
23 37 709
37 23 709
23 31 131
31 23 131
23 28 859
28 23 859
23 33 986
33 23 986
23 38 527
38 23 527
23 25 532
25 23 532
23 34 799
34 23 799
24 31 86
31 24 86
24 25 536
25 24 536
24 35 992
35 24 992
24 25 805
25 24 805
24 26 370
26 24 370
24 25 821
25 24 821
24 34 458
34 24 458
24 32 216
32 24 216
24 38 779
38 24 779
25 27 596
27 25 596
25 38 975
38 25 975
25 28 74
28 25 74
26 28 620
28 26 620
26 32 845
32 26 845
26 39 293
39 26 293
26 37 57
37 26 57
26 32 592
32 26 592
26 33 601
33 26 601
26 37 35
37 26 35
26 38 567
38 26 567
26 31 517
31 26 517
27 39 540
39 27 540
27 29 132
29 27 132
27 29 83
29 27 83
27 34 316
34 27 316
28 33 549
33 28 549
28 36 74
36 28 74
28 30 78
30 28 78
28 32 620
32 28 620
29 33 195
33 29 195
29 36 591
36 29 591
29 38 404
38 29 404
29 38 672
38 29 672
29 37 753
37 29 753
29 31 405
31 29 405
30 32 570
32 30 570
30 32 220
32 30 220
30 35 818
35 30 818
31 36 660
36 31 660
31 33 14
33 31 14
31 34 323
34 31 323
31 38 112
38 31 112
32 36 560
36 32 560
32 33 675
33 32 675
33 37 63
37 33 63
33 37 921
37 33 921
33 33 937
33 33 937
34 38 23
38 34 23
34 37 825
37 34 825
35 38 508
38 35 508
35 36 224
36 35 224
36 38 882
38 36 882
37 39 372
39 37 372
