52

0 1 799
1 0 799
0 7 806
7 0 806
0 17 450
17 0 450
0 24 112
24 0 112
0 12 227
12 0 227
0 13 775
13 0 775
0 29 914
29 0 914
0 12 416
12 0 416
0 50 811
50 0 811
0 39 308
39 0 308
1 2 723
2 1 723
1 3 882
3 1 882
1 23 234
23 1 234
1 4 484
4 1 484
1 39 689
39 1 689
1 29 201
29 1 201
1 10 274
10 1 274
1 21 598
21 1 598
1 23 313
23 1 313
2 6 228
6 2 228
2 13 591
13 2 591
2 22 605
22 2 605
2 25 335
25 2 335
2 42 154
42 2 154
2 45 215
45 2 215
2 19 647
19 2 647
2 51 956
51 2 956
2 10 652
10 2 652
2 22 305
22 2 305
2 12 883
12 2 883
2 15 960
15 2 960
2 38 793
38 2 793
2 27 756
27 2 756
2 29 377
29 2 377
2 9 161
9 2 161
2 46 640
46 2 640
2 26 18
26 2 18
2 26 26
26 2 26
2 16 430
16 2 430
2 11 581
11 2 581
3 4 266
4 3 266
3 5 608
5 3 608
3 8 330
8 3 330
3 11 106
11 3 106
3 38 406
38 3 406
3 12 486
12 3 486
3 10 10
10 3 10
3 24 799
24 3 799
3 5 515
5 3 515
3 8 440
8 3 440
3 9 562
9 3 562
3 43 239
43 3 239
3 21 124
21 3 124
3 35 390
35 3 390
3 12 382
12 3 382
4 15 385
15 4 385
4 18 253
18 4 253
4 45 595
45 4 595
4 28 737
28 4 737
4 23 585
23 4 585
4 47 967
47 4 967
4 49 590
49 4 590
4 8 83
8 4 83
4 32 431
32 4 431
5 31 957
31 5 957
5 38 961
38 5 961
5 38 683
38 5 683
5 45 418
45 5 418
5 44 942
44 5 942
5 12 485
12 5 485
5 41 370
41 5 370
5 35 774
35 5 774
5 8 190
8 5 190
5 49 187
49 5 187
6 24 272
24 6 272
6 45 74
45 6 74
6 26 434
26 6 434
6 8 55
8 6 55
6 42 561
42 6 561
6 26 186
26 6 186
6 31 524
31 6 524
6 51 195
51 6 195
6 10 850
10 6 850
6 47 159
47 6 159
6 43 832
43 6 832
6 45 499
45 6 499
7 10 308
10 7 308
7 12 510
12 7 510
7 26 3
26 7 3
7 29 302
29 7 302
7 33 106
33 7 106
7 30 379
30 7 379
7 51 57
51 7 57
7 16 585
16 7 585
7 44 497
44 7 497
7 35 526
35 7 526
7 24 549
24 7 549
7 19 569
19 7 569
7 19 416
19 7 416
7 25 575
25 7 575
8 9 585
9 8 585
8 14 292
14 8 292
8 40 780
40 8 780
8 9 312
9 8 312
8 31 902
31 8 902
8 42 10
42 8 10
8 36 276
36 8 276
8 13 376
13 8 376
8 32 928
32 8 928
9 39 979
39 9 979
9 41 404
41 9 404
9 49 368
49 9 368
9 50 617
50 9 617
9 21 617
21 9 617
9 49 890
49 9 890
9 18 196
18 9 196
9 10 134
10 9 134
9 45 75
45 9 75
10 23 691
23 10 691
10 36 309
36 10 309
10 44 437
44 10 437
10 10 223
10 10 223
10 29 149
29 10 149
10 13 334
13 10 334
10 47 182
47 10 182
10 23 27
23 10 27
10 24 608
24 10 608
10 17 136
17 10 136
10 50 873
50 10 873
10 11 888
11 10 888
11 49 621
49 11 621
11 50 190
50 11 190
11 24 183
24 11 183
11 24 486
24 11 486
11 32 922
32 11 922
11 39 177
39 11 177
11 50 605
50 11 605
11 14 467
14 11 467
12 36 493
36 12 493
12 13 895
13 12 895
12 21 817
21 12 817
12 17 49
17 12 49
12 12 819
12 12 819
12 39 338
39 12 338
13 20 38
20 13 38
13 23 608
23 13 608
13 46 402
46 13 402
13 35 646
35 13 646
13 27 979
27 13 979
13 19 828
19 13 828
13 45 49
45 13 49
13 42 869
42 13 869
13 21 283
21 13 283
14 16 425
16 14 425
14 21 871
21 14 871
14 44 383
44 14 383
14 27 857
27 14 857
14 15 830
15 14 830
14 47 247
47 14 247
14 48 902
48 14 902
15 41 425
41 15 425
15 21 115
21 15 115
15 25 682
25 15 682
15 42 271
42 15 271
15 46 735
46 15 735
15 27 871
27 15 871
15 48 417
48 15 417
15 20 506
20 15 506
15 35 899
35 15 899
16 27 373
27 16 373
16 35 109
35 16 109
16 32 184
32 16 184
16 16 120
16 16 120
16 22 774
22 16 774
16 31 310
31 16 310
16 35 789
35 16 789
16 30 214
30 16 214
17 19 81
19 17 81
17 24 564
24 17 564
17 44 303
44 17 303
17 33 470
33 17 470
17 33 251
33 17 251
17 46 269
46 17 269
17 34 330
34 17 330
17 26 961
26 17 961
17 19 385
19 17 385
17 51 88
51 17 88
17 31 124
31 17 124
17 29 880
29 17 880
17 40 327
40 17 327
18 37 842
37 18 842
18 35 222
35 18 222
18 51 749
51 18 749
19 22 424
22 19 424
19 27 630
27 19 630
19 28 695
28 19 695
19 41 381
41 19 381
19 35 839
35 19 839
19 45 674
45 19 674
19 21 827
21 19 827
19 25 386
25 19 386
20 21 775
21 20 775
20 45 520
45 20 520
20 20 62
20 20 62
20 34 837
34 20 837
20 23 684
23 20 684
21 28 33
28 21 33
21 34 293
34 21 293
21 37 476
37 21 476
21 25 314
25 21 314
21 23 831
23 21 831
21 35 467
35 21 467
21 38 7
38 21 7
21 45 740
45 21 740
21 45 471
45 21 471
22 25 354
25 22 354
22 50 678
50 22 678
23 39 898
39 23 898
23 31 799
31 23 799
23 33 44
33 23 44
23 36 959
36 23 959
23 47 840
47 23 840
24 47 916
47 24 916
24 26 211
26 24 211
24 28 765
28 24 765
24 46 275
46 24 275
24 30 107
30 24 107
24 51 1
51 24 1
24 24 571
24 24 571
24 36 868
36 24 868
24 24 159
24 24 159
25 37 692
37 25 692
25 51 838
51 25 838
25 48 756
48 25 756
25 30 535
30 25 535
25 36 905
36 25 905
26 30 664
30 26 664
26 48 532
48 26 532
26 50 127
50 26 127
27 41 18
41 27 18
27 43 781
43 27 781
27 38 900
38 27 900
27 36 628
36 27 628
28 45 341
45 28 341
28 41 222
41 28 222
28 46 393
46 28 393
28 29 945
29 28 945
28 39 805
39 28 805
29 32 191
32 29 191
29 44 60
44 29 60
29 45 825
45 29 825
29 33 807
33 29 807
29 49 41
49 29 41
30 46 494
46 30 494
30 46 286
46 30 286
30 43 623
43 30 623
30 34 158
34 30 158
31 41 940
41 31 940
31 44 188
44 31 188
31 48 331
48 31 331
31 40 42
40 31 42
31 49 55
49 31 55
31 36 657
36 31 657
31 47 648
47 31 648
31 35 500
35 31 500
31 49 260
49 31 260
32 37 735
37 32 735
32 43 709
43 32 709
32 40 190
40 32 190
33 48 500
48 33 500
33 48 637
48 33 637
33 39 718
39 33 718
33 47 592
47 33 592
34 35 597
35 34 597
34 44 127
44 34 127
34 44 15
44 34 15
34 40 837
40 34 837
34 34 10
34 34 10
34 47 323
47 34 323
35 45 237
45 35 237
35 43 884
43 35 884
35 45 929
45 35 929
35 37 172
37 35 172
35 41 347
41 35 347
36 38 723
38 36 723
36 47 636
47 36 636
36 44 335
44 36 335
37 48 607
48 37 607
37 45 244
45 37 244
37 39 341
39 37 341
37 45 683
45 37 683
38 39 340
39 38 340
38 46 351
46 38 351
38 39 636
39 38 636
39 42 666
42 39 666
39 43 928
43 39 928
40 43 268
43 40 268
40 46 205
46 40 205
40 41 627
41 40 627
40 50 908
50 40 908
40 50 401
50 40 401
41 46 219
46 41 219
41 48 233
48 41 233
41 44 130
44 41 130
41 43 525
43 41 525
42 48 638
48 42 638
43 48 271
48 43 271
43 43 964
43 43 964
43 47 842
47 43 842
44 46 832
46 44 832
45 51 709
51 45 709
45 47 245
47 45 245
47 50 534
50 47 534
47 49 693
49 47 693
48 48 377
48 48 377
51 51 4
51 51 4
