42

0 1 936
1 0 936
0 6 758
6 0 758
0 11 691
11 0 691
0 39 352
39 0 352
0 10 827
10 0 827
0 15 948
15 0 948
1 2 173
2 1 173
1 3 688
3 1 688
1 35 565
35 1 565
1 20 824
20 1 824
1 36 717
36 1 717
2 5 899
5 2 899
2 10 521
10 2 521
2 12 573
12 2 573
2 30 31
30 2 31
2 3 172
3 2 172
2 2 739
2 2 739
3 4 544
4 3 544
3 25 936
25 3 936
4 13 774
13 4 774
5 7 926
7 5 926
5 22 779
22 5 779
5 33 337
33 5 337
5 34 146
34 5 146
5 36 249
36 5 249
5 17 205
17 5 205
5 25 615
25 5 615
6 8 392
8 6 392
6 35 449
35 6 449
7 9 284
9 7 284
7 33 205
33 7 205
7 10 824
10 7 824
8 14 668
14 8 668
8 19 848
19 8 848
8 15 466
15 8 466
9 15 879
15 9 879
9 20 457
20 9 457
9 21 635
21 9 635
9 15 965
15 9 965
9 40 46
40 9 46
10 18 846
18 10 846
10 29 817
29 10 817
11 40 368
40 11 368
11 38 606
38 11 606
12 24 334
24 12 334
12 29 328
29 12 328
12 32 165
32 12 165
13 16 192
16 13 192
13 17 529
17 13 529
13 31 390
31 13 390
13 29 859
29 13 859
13 19 875
19 13 875
14 23 645
23 14 645
14 33 310
33 14 310
14 28 687
28 14 687
16 26 378
26 16 378
16 37 221
37 16 221
16 22 951
22 16 951
17 27 604
27 17 604
18 26 491
26 18 491
18 31 491
31 18 491
19 38 106
38 19 106
19 28 421
28 19 421
19 26 931
26 19 931
19 27 88
27 19 88
19 34 960
34 19 960
20 20 750
20 20 750
21 31 483
31 21 483
21 39 95
39 21 95
21 34 872
34 21 872
24 37 804
37 24 804
25 33 496
33 25 496
26 38 358
38 26 358
27 28 756
28 27 756
27 41 789
41 27 789
28 32 391
32 28 391
28 34 163
34 28 163
28 36 680
36 28 680
29 38 580
38 29 580
