24

0 1 682
1 0 682
0 3 858
3 0 858
0 6 150
6 0 150
0 10 64
10 0 64
0 11 899
11 0 899
0 10 716
10 0 716
0 20 452
20 0 452
0 5 284
5 0 284
0 6 586
6 0 586
0 16 552
16 0 552
0 18 478
18 0 478
0 17 344
17 0 344
0 8 584
8 0 584
0 2 428
2 0 428
0 16 231
16 0 231
0 22 438
22 0 438
0 4 418
4 0 418
0 23 753
23 0 753
0 23 214
23 0 214
0 22 828
22 0 828
1 2 181
2 1 181
1 16 541
16 1 541
1 8 87
8 1 87
1 9 657
9 1 657
1 3 805
3 1 805
1 15 926
15 1 926
1 16 218
16 1 218
1 6 235
6 1 235
1 13 603
13 1 603
1 4 591
4 1 591
2 7 632
7 2 632
2 16 585
16 2 585
2 11 506
11 2 506
2 5 189
5 2 189
2 4 973
4 2 973
2 17 278
17 2 278
2 21 422
21 2 422
2 12 605
12 2 605
2 23 800
23 2 800
2 14 447
14 2 447
2 23 629
23 2 629
3 4 957
4 3 957
3 5 191
5 3 191
3 5 914
5 3 914
3 16 129
16 3 129
3 8 422
8 3 422
3 13 415
13 3 415
3 7 2
7 3 2
3 11 872
11 3 872
3 11 891
11 3 891
4 12 701
12 4 701
4 17 233
17 4 233
4 16 27
16 4 27
4 12 893
12 4 893
4 8 626
8 4 626
4 15 705
15 4 705
4 5 957
5 4 957
4 15 264
15 4 264
4 6 860
6 4 860
5 15 84
15 5 84
5 20 581
20 5 581
5 13 664
13 5 664
6 13 240
13 6 240
6 14 465
14 6 465
6 23 255
23 6 255
6 7 175
7 6 175
6 14 940
14 6 940
6 7 369
7 6 369
6 16 484
16 6 484
6 6 431
6 6 431
6 15 74
15 6 74
7 8 562
8 7 562
7 9 601
9 7 601
7 22 637
22 7 637
7 19 176
19 7 176
7 17 350
17 7 350
7 21 323
21 7 323
7 13 162
13 7 162
7 10 204
10 7 204
7 17 417
17 7 417
7 16 256
16 7 256
7 17 808
17 7 808
7 12 736
12 7 736
7 13 76
13 7 76
8 19 786
19 8 786
8 12 769
12 8 769
8 22 637
22 8 637
8 19 340
19 8 340
9 20 320
20 9 320
9 23 671
23 9 671
9 15 36
15 9 36
10 20 749
20 10 749
10 19 994
19 10 994
10 20 803
20 10 803
10 17 186
17 10 186
10 20 734
20 10 734
10 17 271
17 10 271
10 19 691
19 10 691
10 23 691
23 10 691
10 22 294
22 10 294
10 11 728
11 10 728
11 20 326
20 11 326
11 20 870
20 11 870
11 11 853
11 11 853
11 17 93
17 11 93
11 15 508
15 11 508
12 14 724
14 12 724
12 19 434
19 12 434
12 21 583
21 12 583
12 23 645
23 12 645
12 23 317
23 12 317
12 13 378
13 12 378
13 15 565
15 13 565
13 21 364
21 13 364
13 14 581
14 13 581
13 18 648
18 13 648
13 14 124
14 13 124
14 17 771
17 14 771
14 23 948
23 14 948
14 23 326
23 14 326
14 21 729
21 14 729
15 18 626
18 15 626
15 15 620
15 15 620
16 19 299
19 16 299
16 18 541
18 16 541
16 18 871
18 16 871
16 18 930
18 16 930
17 18 559
18 17 559
17 18 147
18 17 147
17 21 3
21 17 3
17 17 798
17 17 798
17 23 32
23 17 32
17 23 288
23 17 288
18 23 744
23 18 744
19 21 759
21 19 759
19 21 215
21 19 215
20 23 696
23 20 696
20 20 865
20 20 865
21 23 932
23 21 932
21 22 252
22 21 252
21 22 831
22 21 831
