100

0 1 103
1 0 103
0 2 866
2 0 866
0 6 31
6 0 31
0 8 679
8 0 679
0 23 168
23 0 168
0 79 315
79 0 315
0 93 708
93 0 708
0 63 156
63 0 156
0 7 139
7 0 139
0 29 990
29 0 990
0 94 600
94 0 600
0 92 635
92 0 635
0 19 511
19 0 511
0 64 310
64 0 310
0 27 173
27 0 173
0 31 240
31 0 240
0 53 54
53 0 54
1 7 142
7 1 142
1 13 57
13 1 57
1 50 970
50 1 970
1 69 334
69 1 334
1 79 44
79 1 44
1 32 73
32 1 73
1 79 772
79 1 772
1 19 196
19 1 196
1 86 469
86 1 469
1 81 616
81 1 616
1 5 53
5 1 53
1 59 65
59 1 65
1 83 951
83 1 951
1 76 803
76 1 803
1 7 550
7 1 550
1 92 168
92 1 168
1 58 142
58 1 142
1 33 90
33 1 90
1 12 537
12 1 537
1 52 644
52 1 644
1 55 309
55 1 309
2 3 703
3 2 703
2 9 261
9 2 261
2 25 241
25 2 241
2 30 197
30 2 197
2 14 98
14 2 98
2 27 951
27 2 951
2 45 624
45 2 624
2 12 672
12 2 672
2 63 385
63 2 385
2 42 262
42 2 262
2 61 699
61 2 699
2 69 602
69 2 602
2 89 615
89 2 615
2 79 508
79 2 508
2 14 350
14 2 350
2 67 881
67 2 881
2 76 832
76 2 832
2 55 964
55 2 964
3 4 490
4 3 490
3 79 211
79 3 211
3 54 905
54 3 905
3 75 264
75 3 264
3 61 546
61 3 546
3 41 336
41 3 336
3 78 819
78 3 819
3 34 490
34 3 490
3 12 73
12 3 73
3 68 456
68 3 456
3 71 999
71 3 999
3 99 766
99 3 766
3 23 911
23 3 911
3 38 202
38 3 202
3 13 119
13 3 119
3 20 893
20 3 893
3 55 935
55 3 935
3 51 300
51 3 300
3 33 153
33 3 153
3 14 494
14 3 494
3 83 684
83 3 684
3 40 667
40 3 667
3 54 804
54 3 804
3 94 340
94 3 340
3 52 776
52 3 776
3 66 610
66 3 610
4 5 218
5 4 218
4 10 353
10 4 353
4 17 671
17 4 671
4 34 385
34 4 385
4 63 150
63 4 150
4 64 125
64 4 125
4 68 821
68 4 821
4 80 985
80 4 985
4 10 286
10 4 286
4 99 977
99 4 977
4 9 394
9 4 394
4 67 499
67 4 499
4 73 787
73 4 787
4 46 932
46 4 932
4 82 809
82 4 809
4 57 469
57 4 469
4 90 450
90 4 450
4 38 106
38 4 106
4 74 502
74 4 502
4 55 925
55 4 925
5 31 634
31 5 634
5 24 529
24 5 529
5 95 188
95 5 188
5 21 327
21 5 327
5 64 456
64 5 456
5 33 1
33 5 1
5 34 948
34 5 948
5 82 1
82 5 1
5 44 210
44 5 210
5 38 986
38 5 986
5 39 856
39 5 856
5 74 9
74 5 9
5 93 330
93 5 330
5 86 669
86 5 669
5 28 987
28 5 987
6 58 845
58 6 845
6 59 695
59 6 695
6 55 963
55 6 963
6 44 887
44 6 887
6 44 431
44 6 431
6 40 794
40 6 794
6 70 617
70 6 617
6 50 26
50 6 26
6 27 245
27 6 245
6 71 780
71 6 780
6 45 444
45 6 444
6 62 677
62 6 677
7 42 776
42 7 776
7 75 156
75 7 156
7 57 853
57 7 853
7 25 138
25 7 138
7 55 638
55 7 638
7 80 781
80 7 781
7 41 128
41 7 128
7 13 578
13 7 578
7 51 327
51 7 327
7 33 948
33 7 948
7 99 558
99 7 558
7 23 534
23 7 534
7 19 445
19 7 445
7 68 112
68 7 112
7 72 829
72 7 829
7 27 965
27 7 965
7 83 345
83 7 345
7 79 632
79 7 632
7 8 33
8 7 33
7 75 116
75 7 116
8 62 109
62 8 109
8 87 18
87 8 18
8 42 354
42 8 354
8 82 144
82 8 144
8 23 739
23 8 739
8 39 216
39 8 216
8 89 243
89 8 243
8 20 744
20 8 744
8 36 174
36 8 174
8 72 485
72 8 485
8 67 519
67 8 519
8 83 575
83 8 575
8 81 290
81 8 290
8 48 601
48 8 601
8 73 485
73 8 485
9 12 17
12 9 17
9 27 67
27 9 67
9 52 510
52 9 510
9 22 699
22 9 699
9 57 20
57 9 20
9 94 733
94 9 733
9 76 11
76 9 11
9 49 535
49 9 535
9 94 887
94 9 887
9 69 462
69 9 462
9 43 948
43 9 948
9 99 230
99 9 230
9 72 594
72 9 594
9 39 156
39 9 156
9 78 528
78 9 528
9 97 708
97 9 708
10 11 259
11 10 259
10 19 939
19 10 939
10 22 571
22 10 571
10 70 44
70 10 44
10 63 789
63 10 789
10 79 340
79 10 340
10 77 573
77 10 573
10 80 45
80 10 45
10 72 182
72 10 182
10 72 687
72 10 687
10 91 539
91 10 539
10 37 195
37 10 195
10 36 264
36 10 264
10 90 409
90 10 409
11 99 600
99 11 600
11 40 899
40 11 899
11 30 281
30 11 281
11 61 621
61 11 621
11 64 943
64 11 943
11 89 259
89 11 259
11 90 64
90 11 64
11 53 490
53 11 490
11 13 727
13 11 727
11 39 292
39 11 292
11 12 79
12 11 79
11 12 130
12 11 130
11 67 412
67 11 412
11 62 301
62 11 301
11 53 616
53 11 616
11 61 222
61 11 222
11 85 345
85 11 345
11 32 937
32 11 937
12 14 839
14 12 839
12 15 927
15 12 927
12 16 334
16 12 334
12 76 119
76 12 119
12 82 903
82 12 903
12 91 842
91 12 842
12 70 295
70 12 295
12 77 77
77 12 77
12 13 322
13 12 322
12 77 380
77 12 380
12 85 995
85 12 995
12 38 974
38 12 974
12 98 549
98 12 549
12 48 889
48 12 889
12 29 877
29 12 877
12 98 355
98 12 355
12 53 519
53 12 519
13 20 663
20 13 663
13 92 880
92 13 880
13 69 281
69 13 281
13 96 722
96 13 722
13 69 67
69 13 67
13 67 609
67 13 609
13 69 347
69 13 347
13 71 628
71 13 628
13 36 218
36 13 218
13 83 131
83 13 131
13 39 434
39 13 434
13 57 837
57 13 837
14 64 978
64 14 978
14 52 766
52 14 766
14 50 821
50 14 821
14 88 400
88 14 400
14 19 309
19 14 309
14 15 827
15 14 827
14 32 722
32 14 722
14 69 671
69 14 671
14 40 148
40 14 148
14 56 492
56 14 492
14 63 378
63 14 378
14 70 386
70 14 386
15 18 18
18 15 18
15 24 260
24 15 260
15 30 407
30 15 407
15 40 414
40 15 414
15 32 264
32 15 264
15 86 785
86 15 785
15 37 987
37 15 987
15 82 193
82 15 193
15 43 133
43 15 133
15 60 791
60 15 791
15 92 348
92 15 348
15 54 538
54 15 538
16 37 922
37 16 922
16 41 829
41 16 829
16 54 437
54 16 437
16 99 124
99 16 124
16 26 8
26 16 8
16 86 83
86 16 83
16 18 191
18 16 191
16 20 646
20 16 646
16 83 669
83 16 669
16 73 451
73 16 451
16 80 661
80 16 661
16 38 435
38 16 435
16 28 9
28 16 9
16 67 994
67 16 994
16 75 161
75 16 161
17 47 954
47 17 954
17 53 908
53 17 908
17 45 435
45 17 435
17 98 156
98 17 156
17 83 749
83 17 749
17 45 625
45 17 625
17 31 688
31 17 688
17 57 711
57 17 711
17 20 133
20 17 133
17 71 446
71 17 446
17 23 852
23 17 852
17 56 643
56 17 643
17 83 175
83 17 175
17 31 814
31 17 814
17 64 857
64 17 857
17 37 34
37 17 34
18 21 68
21 18 68
18 65 259
65 18 259
18 93 395
93 18 395
18 98 506
98 18 506
18 28 225
28 18 225
18 62 7
62 18 7
18 51 665
51 18 665
18 85 620
85 18 620
18 35 202
35 18 202
18 96 652
96 18 652
18 41 885
41 18 885
18 58 624
58 18 624
18 40 654
40 18 654
18 25 987
25 18 987
18 44 903
44 18 903
18 99 450
99 18 450
18 63 595
63 18 595
18 76 185
76 18 185
18 47 506
47 18 506
18 65 818
65 18 818
18 61 788
61 18 788
18 88 695
88 18 695
19 42 811
42 19 811
19 34 131
34 19 131
19 37 585
37 19 585
19 42 946
42 19 946
19 80 728
80 19 728
19 81 766
81 19 766
19 44 193
44 19 193
19 19 737
19 19 737
19 20 992
20 19 992
19 54 493
54 19 493
19 50 148
50 19 148
20 32 930
32 20 930
20 43 787
43 20 787
20 56 915
56 20 915
20 96 86
96 20 86
20 59 848
59 20 848
20 27 104
27 20 104
20 26 215
26 20 215
20 39 694
39 20 694
20 51 658
51 20 658
20 68 422
68 20 422
20 49 393
49 20 393
20 74 679
74 20 679
20 87 349
87 20 349
20 38 956
38 20 956
20 74 12
74 20 12
20 73 762
73 20 762
20 65 166
65 20 166
20 27 181
27 20 181
20 41 916
41 20 916
20 34 278
34 20 278
21 94 288
94 21 288
21 29 866
29 21 866
21 27 161
27 21 161
21 49 618
49 21 618
21 64 711
64 21 711
21 53 500
53 21 500
21 79 418
79 21 418
21 37 77
37 21 77
21 97 430
97 21 430
21 28 411
28 21 411
22 26 263
26 22 263
22 66 745
66 22 745
22 41 566
41 22 566
22 86 672
86 22 672
22 75 38
75 22 38
22 32 227
32 22 227
22 32 578
32 22 578
22 68 665
68 22 665
22 33 421
33 22 421
22 95 289
95 22 289
22 24 27
24 22 27
22 98 136
98 22 136
22 83 645
83 22 645
22 64 463
64 22 463
22 60 345
60 22 345
22 39 335
39 22 335
22 46 884
46 22 884
22 57 508
57 22 508
22 73 276
73 22 276
22 25 664
25 22 664
23 28 839
28 23 839
23 92 811
92 23 811
23 32 954
32 23 954
23 99 810
99 23 810
23 80 981
80 23 981
23 64 540
64 23 540
23 27 383
27 23 383
23 28 895
28 23 895
23 53 725
53 23 725
23 56 80
56 23 80
23 60 708
60 23 708
23 87 737
87 23 737
23 29 748
29 23 748
23 31 70
31 23 70
24 34 834
34 24 834
24 38 406
38 24 406
24 51 857
51 24 857
24 47 217
47 24 217
24 54 636
54 24 636
24 66 510
66 24 510
25 33 467
33 25 467
25 35 888
35 25 888
25 49 935
49 25 935
25 91 324
91 25 324
25 43 888
43 25 888
25 37 777
37 25 777
25 50 443
50 25 443
25 58 180
58 25 180
25 52 681
52 25 681
25 88 735
88 25 735
25 29 569
29 25 569
25 43 385
43 25 385
25 43 338
43 25 338
25 68 165
68 25 165
25 53 962
53 25 962
25 26 650
26 25 650
25 35 988
35 25 988
25 74 422
74 25 422
25 83 143
83 25 143
25 53 456
53 25 456
25 40 886
40 25 886
25 91 841
91 25 841
26 29 755
29 26 755
26 61 816
61 26 816
26 67 876
67 26 876
26 89 997
89 26 997
26 45 641
45 26 641
26 36 703
36 26 703
26 42 186
42 26 186
26 57 685
57 26 685
26 59 286
59 26 286
26 90 782
90 26 782
26 40 295
40 26 295
26 92 564
92 26 564
26 54 836
54 26 836
26 85 600
85 26 600
26 93 2
93 26 2
26 43 991
43 26 991
26 41 899
41 26 899
27 36 688
36 27 688
27 46 266
46 27 266
27 59 11
59 27 11
27 94 205
94 27 205
27 54 196
54 27 196
27 61 486
61 27 486
27 42 779
42 27 779
27 98 236
98 27 236
27 80 442
80 27 442
27 35 47
35 27 47
27 52 465
52 27 465
27 72 895
72 27 895
27 81 150
81 27 150
27 34 154
34 27 154
27 87 281
87 27 281
28 39 709
39 28 709
28 70 585
70 28 585
28 50 829
50 28 829
28 73 220
73 28 220
28 41 49
41 28 49
28 66 52
66 28 52
28 93 308
93 28 308
28 67 32
67 28 32
28 69 243
69 28 243
28 86 214
86 28 214
28 65 720
65 28 720
28 41 711
41 28 711
28 28 830
28 28 830
28 55 388
55 28 388
28 35 380
35 28 380
29 57 335
57 29 335
29 80 870
80 29 870
29 72 732
72 29 732
29 69 486
69 29 486
29 82 291
82 29 291
29 66 743
66 29 743
29 42 26
42 29 26
29 91 333
91 29 333
29 76 942
76 29 942
29 52 374
52 29 374
29 69 186
69 29 186
29 64 925
64 29 925
30 65 361
65 30 361
30 38 383
38 30 383
30 67 197
67 30 197
30 58 509
58 30 509
30 68 557
68 30 557
30 81 824
81 30 824
30 53 367
53 30 367
30 60 932
60 30 932
30 66 795
66 30 795
30 57 171
57 30 171
30 79 463
79 30 463
30 94 875
94 30 875
30 55 556
55 30 556
30 91 213
91 30 213
31 92 914
92 31 914
31 49 896
49 31 896
31 97 882
97 31 882
31 77 372
77 31 372
31 66 553
66 31 553
31 99 609
99 31 609
32 99 228
99 32 228
32 60 705
60 32 705
32 89 697
89 32 697
32 43 218
43 32 218
32 54 4
54 32 4
32 81 849
81 32 849
32 94 408
94 32 408
32 78 401
78 32 401
32 72 86
72 32 86
32 88 264
88 32 264
32 65 71
65 32 71
33 54 861
54 33 861
33 97 221
97 33 221
33 78 623
78 33 623
33 79 25
79 33 25
33 78 406
78 33 406
34 44 709
44 34 709
34 71 340
71 34 340
34 44 266
44 34 266
34 96 930
96 34 930
34 95 292
95 34 292
34 72 827
72 34 827
34 84 557
84 34 557
34 35 258
35 34 258
34 45 876
45 34 876
34 85 778
85 34 778
34 67 249
67 34 249
34 90 474
90 34 474
34 45 739
45 34 739
34 96 516
96 34 516
34 91 617
91 34 617
35 38 739
38 35 739
35 59 218
59 35 218
35 89 117
89 35 117
35 60 620
60 35 620
35 83 102
83 35 102
35 87 941
87 35 941
35 52 343
52 35 343
36 60 183
60 36 183
36 87 443
87 36 443
36 40 367
40 36 367
36 55 161
55 36 161
36 78 833
78 36 833
36 58 244
58 36 244
36 98 891
98 36 891
36 94 229
94 36 229
36 75 168
75 36 168
36 53 357
53 36 357
36 41 391
41 36 391
36 66 518
66 36 518
37 63 737
63 37 737
37 92 655
92 37 655
37 88 532
88 37 532
37 48 857
48 37 857
37 62 373
62 37 373
37 69 682
69 37 682
37 86 425
86 37 425
37 81 240
81 37 240
37 48 653
48 37 653
37 67 567
67 37 567
38 96 150
96 38 150
38 80 798
80 38 798
38 69 710
69 38 710
38 73 493
73 38 493
38 48 711
48 38 711
38 90 682
90 38 682
38 99 728
99 38 728
38 40 37
40 38 37
38 74 109
74 38 109
39 40 674
40 39 674
39 48 903
48 39 903
39 73 678
73 39 678
39 84 619
84 39 619
39 76 121
76 39 121
39 84 214
84 39 214
39 51 915
51 39 915
39 52 855
52 39 855
40 58 71
58 40 71
40 51 157
51 40 157
40 84 531
84 40 531
40 90 282
90 40 282
40 84 100
84 40 100
40 45 218
45 40 218
40 66 270
66 40 270
40 58 682
58 40 682
40 70 489
70 40 489
40 45 578
45 40 578
40 47 549
47 40 549
40 42 648
42 40 648
40 77 641
77 40 641
40 61 479
61 40 479
40 89 148
89 40 148
40 90 424
90 40 424
41 71 593
71 41 593
41 73 161
73 41 161
41 88 354
88 41 354
41 64 334
64 41 334
41 69 17
69 41 17
41 71 627
71 41 627
41 50 607
50 41 607
41 59 808
59 41 808
42 73 793
73 42 793
42 93 260
93 42 260
42 84 448
84 42 448
42 66 808
66 42 808
42 43 481
43 42 481
42 49 940
49 42 940
42 62 403
62 42 403
42 72 827
72 42 827
42 73 786
73 42 786
42 43 787
43 42 787
42 92 753
92 42 753
43 78 251
78 43 251
43 51 332
51 43 332
43 52 138
52 43 138
43 73 446
73 43 446
43 56 783
56 43 783
43 62 296
62 43 296
44 45 685
45 44 685
44 52 459
52 44 459
44 61 981
61 44 981
44 45 547
45 44 547
44 64 469
64 44 469
44 65 747
65 44 747
44 64 390
64 44 390
44 93 842
93 44 842
44 77 446
77 44 446
44 51 71
51 44 71
45 77 270
77 45 270
45 57 681
57 45 681
45 91 201
91 45 201
45 86 431
86 45 431
45 77 187
77 45 187
45 87 821
87 45 821
45 87 935
87 45 935
45 81 948
81 45 948
45 57 85
57 45 85
45 79 937
79 45 937
45 76 463
76 45 463
45 75 340
75 45 340
45 95 489
95 45 489
45 73 748
73 45 748
46 84 97
84 46 97
46 68 327
68 46 327
46 54 590
54 46 590
46 87 48
87 46 48
46 61 164
61 46 164
46 70 289
70 46 289
46 63 62
63 46 62
46 65 906
65 46 906
46 59 511
59 46 511
46 99 822
99 46 822
46 63 590
63 46 590
46 56 328
56 46 328
46 49 123
49 46 123
46 71 5
71 46 5
47 55 181
55 47 181
47 84 881
84 47 881
47 49 839
49 47 839
47 65 600
65 47 600
47 55 445
55 47 445
47 84 541
84 47 541
47 74 970
74 47 970
47 68 549
68 47 549
47 79 784
79 47 784
47 66 717
66 47 717
47 64 19
64 47 19
47 64 277
64 47 277
48 75 562
75 48 562
48 84 839
84 48 839
48 99 149
99 48 149
48 85 61
85 48 61
48 48 19
48 48 19
48 62 638
62 48 638
48 59 887
59 48 887
49 51 515
51 49 515
49 68 863
68 49 863
49 49 318
49 49 318
49 93 281
93 49 281
49 67 439
67 49 439
49 62 230
62 49 230
49 83 740
83 49 740
49 80 212
80 49 212
50 82 661
82 50 661
50 67 19
67 50 19
50 74 666
74 50 666
50 84 193
84 50 193
50 76 376
76 50 376
50 97 841
97 50 841
50 71 751
71 50 751
50 61 445
61 50 445
51 72 116
72 51 116
51 57 642
57 51 642
51 73 2
73 51 2
51 60 914
60 51 914
52 80 470
80 52 470
52 88 424
88 52 424
52 96 536
96 52 536
52 97 289
97 52 289
52 60 446
60 52 446
52 99 290
99 52 290
52 56 726
56 52 726
53 97 849
97 53 849
53 82 888
82 53 888
53 66 250
66 53 250
53 84 890
84 53 890
53 57 773
57 53 773
53 68 596
68 53 596
53 85 950
85 53 950
53 81 167
81 53 167
53 57 908
57 53 908
53 69 273
69 53 273
53 58 994
58 53 994
54 86 961
86 54 961
54 90 672
90 54 672
54 96 824
96 54 824
54 57 427
57 54 427
54 83 575
83 54 575
54 84 228
84 54 228
54 72 568
72 54 568
54 56 223
56 54 223
54 94 318
94 54 318
55 70 287
70 55 287
55 58 222
58 55 222
55 70 566
70 55 566
55 69 847
69 55 847
56 70 661
70 56 661
56 82 382
82 56 382
56 92 461
92 56 461
56 94 664
94 56 664
56 67 13
67 56 13
56 69 394
69 56 394
57 78 545
78 57 545
57 77 120
77 57 120
57 88 563
88 57 563
57 87 793
87 57 793
57 77 90
77 57 90
57 75 676
75 57 676
57 63 93
63 57 93
57 61 442
61 57 442
57 85 223
85 57 223
57 70 898
70 57 898
58 70 147
70 58 147
58 80 205
80 58 205
58 87 234
87 58 234
59 74 419
74 59 419
59 83 363
83 59 363
59 61 686
61 59 686
59 98 896
98 59 896
59 74 822
74 59 822
59 88 505
88 59 505
59 62 477
62 59 477
60 76 642
76 60 642
60 84 67
84 60 67
60 98 576
98 60 576
60 72 588
72 60 588
61 71 429
71 61 429
61 84 212
84 61 212
61 70 822
70 61 822
61 89 813
89 61 813
61 91 44
91 61 44
61 74 479
74 61 479
61 91 805
91 61 805
61 83 95
83 61 95
61 76 440
76 61 440
61 85 617
85 61 617
61 82 219
82 61 219
62 90 284
90 62 284
62 80 576
80 62 576
62 91 395
91 62 395
62 86 612
86 62 612
62 70 592
70 62 592
62 73 171
73 62 171
63 72 434
72 63 434
63 73 399
73 63 399
63 98 995
98 63 995
63 74 278
74 63 278
64 97 950
97 64 950
64 75 954
75 64 954
64 72 931
72 64 931
64 96 985
96 64 985
64 84 595
84 64 595
64 77 836
77 64 836
64 91 745
91 64 745
64 77 318
77 64 318
64 93 983
93 64 983
65 71 745
71 65 745
65 94 214
94 65 214
66 99 366
99 66 366
66 87 610
87 66 610
66 97 378
97 66 378
67 73 981
73 67 981
67 95 314
95 67 314
67 97 90
97 67 90
67 91 445
91 67 445
67 78 281
78 67 281
68 88 568
88 68 568
68 93 900
93 68 900
68 90 57
90 68 57
68 70 137
70 68 137
69 81 930
81 69 930
69 84 793
84 69 793
69 78 488
78 69 488
69 88 283
88 69 283
69 71 245
71 69 245
69 99 740
99 69 740
69 78 910
78 69 910
69 91 834
91 69 834
70 97 649
97 70 649
70 91 318
91 70 318
70 73 383
73 70 383
71 72 937
72 71 937
71 83 827
83 71 827
71 74 499
74 71 499
71 85 474
85 71 474
71 95 163
95 71 163
71 74 689
74 71 689
72 79 538
79 72 538
72 99 496
99 72 496
72 74 322
74 72 322
72 93 853
93 72 853
72 76 243
76 72 243
73 82 504
82 73 504
74 75 177
75 74 177
74 82 794
82 74 794
74 93 946
93 74 946
74 92 345
92 74 345
74 76 69
76 74 69
75 95 299
95 75 299
75 81 593
81 75 593
75 97 224
97 75 224
75 86 833
86 75 833
76 78 952
78 76 952
76 96 916
96 76 916
76 81 708
81 76 708
76 88 326
88 76 326
76 78 824
78 76 824
77 83 681
83 77 681
77 87 30
87 77 30
77 92 462
92 77 462
77 84 775
84 77 775
77 86 630
86 77 630
78 92 767
92 78 767
78 83 783
83 78 783
78 96 749
96 78 749
78 83 679
83 78 679
78 86 909
86 78 909
79 87 556
87 79 556
79 88 847
88 79 847
79 97 795
97 79 795
80 93 687
93 80 687
81 94 783
94 81 783
81 93 50
93 81 50
82 83 209
83 82 209
82 92 883
92 82 883
82 84 612
84 82 612
83 95 104
95 83 104
83 84 22
84 83 22
84 85 176
85 84 176
84 85 500
85 84 500
86 87 845
87 86 845
86 89 17
89 86 17
87 99 754
99 87 754
87 92 13
92 87 13
88 98 924
98 88 924
88 95 840
95 88 840
88 92 358
92 88 358
88 91 915
91 88 915
88 91 325
91 88 325
89 91 701
91 89 701
89 95 377
95 89 377
90 90 399
90 90 399
90 95 226
95 90 226
90 98 411
98 90 411
90 99 529
99 90 529
91 96 335
96 91 335
91 98 115
98 91 115
91 97 311
97 91 311
91 94 472
94 91 472
91 92 209
92 91 209
92 97 497
97 92 497
92 97 135
97 92 135
93 97 170
97 93 170
93 97 506
97 93 506
98 99 450
99 98 450
