56

0 1 107
1 0 107
0 8 730
8 0 730
0 32 913
32 0 913
0 33 223
33 0 223
0 19 7
19 0 7
0 29 649
29 0 649
0 13 877
13 0 877
0 4 854
4 0 854
0 43 39
43 0 39
0 7 116
7 0 116
0 46 566
46 0 566
0 19 403
19 0 403
0 41 269
41 0 269
0 31 815
31 0 815
0 31 944
31 0 944
0 44 728
44 0 728
0 32 859
32 0 859
0 9 329
9 0 329
0 17 284
17 0 284
0 13 771
13 0 771
0 37 443
37 0 443
0 44 427
44 0 427
0 25 917
25 0 917
0 0 821
0 0 821
0 4 766
4 0 766
0 48 535
48 0 535
0 1 281
1 0 281
0 50 329
50 0 329
0 51 670
51 0 670
1 2 474
2 1 474
1 5 823
5 1 823
1 7 339
7 1 339
1 20 776
20 1 776
1 54 867
54 1 867
1 40 120
40 1 120
1 38 844
38 1 844
1 46 254
46 1 254
1 14 205
14 1 205
1 12 116
12 1 116
1 46 745
46 1 745
1 13 138
13 1 138
1 20 118
20 1 118
1 23 465
23 1 465
1 4 564
4 1 564
1 26 514
26 1 514
1 19 526
19 1 526
1 48 94
48 1 94
1 44 43
44 1 43
1 9 74
9 1 74
1 26 524
26 1 524
1 47 229
47 1 229
1 25 237
25 1 237
1 21 367
21 1 367
1 28 317
28 1 317
1 31 516
31 1 516
1 5 754
5 1 754
1 7 537
7 1 537
1 47 860
47 1 860
1 34 657
34 1 657
1 11 519
11 1 519
1 32 813
32 1 813
1 13 739
13 1 739
1 19 372
19 1 372
2 3 499
3 2 499
2 4 886
4 2 886
2 24 97
24 2 97
2 28 697
28 2 697
2 51 941
51 2 941
2 3 660
3 2 660
2 24 610
24 2 610
2 30 932
30 2 932
2 16 509
16 2 509
2 43 713
43 2 713
2 12 896
12 2 896
2 15 162
15 2 162
2 54 301
54 2 301
2 30 944
30 2 944
2 9 581
9 2 581
2 43 763
43 2 763
2 14 730
14 2 730
2 13 733
13 2 733
2 40 636
40 2 636
2 5 601
5 2 601
2 29 246
29 2 246
2 21 535
21 2 535
2 36 850
36 2 850
2 3 556
3 2 556
2 23 69
23 2 69
3 11 846
11 3 846
3 55 416
55 3 416
3 45 145
45 3 145
3 52 776
52 3 776
3 5 976
5 3 976
3 9 549
9 3 549
3 12 651
12 3 651
3 11 557
11 3 557
3 16 305
16 3 305
3 7 791
7 3 791
3 12 347
12 3 347
3 34 98
34 3 98
3 55 838
55 3 838
3 23 218
23 3 218
3 14 740
14 3 740
3 55 36
55 3 36
3 36 188
36 3 188
3 11 534
11 3 534
3 54 692
54 3 692
3 16 531
16 3 531
3 25 960
25 3 960
3 43 150
43 3 150
3 7 53
7 3 53
3 14 461
14 3 461
3 40 408
40 3 408
3 47 346
47 3 346
3 47 256
47 3 256
3 36 494
36 3 494
3 52 424
52 3 424
3 39 303
39 3 303
4 6 751
6 4 751
4 9 885
9 4 885
4 38 583
38 4 583
4 35 427
35 4 427
4 34 870
34 4 870
4 8 746
8 4 746
4 10 352
10 4 352
4 50 475
50 4 475
4 43 460
43 4 460
4 12 332
12 4 332
4 30 541
30 4 541
4 28 564
28 4 564
4 50 241
50 4 241
4 25 70
25 4 70
4 8 785
8 4 785
4 16 705
16 4 705
4 34 741
34 4 741
4 28 925
28 4 925
4 44 519
44 4 519
4 33 8
33 4 8
4 41 84
41 4 84
4 51 908
51 4 908
4 41 21
41 4 21
4 29 990
29 4 990
4 12 857
12 4 857
4 5 889
5 4 889
4 21 96
21 4 96
4 6 734
6 4 734
4 8 710
8 4 710
4 55 471
55 4 471
4 16 576
16 4 576
5 10 483
10 5 483
5 16 408
16 5 408
5 47 703
47 5 703
5 15 565
15 5 565
5 47 682
47 5 682
5 39 306
39 5 306
5 19 907
19 5 907
5 37 628
37 5 628
5 50 893
50 5 893
5 36 699
36 5 699
5 16 219
16 5 219
5 12 308
12 5 308
5 6 426
6 5 426
5 17 630
17 5 630
5 46 599
46 5 599
5 34 539
34 5 539
5 30 714
30 5 714
5 12 540
12 5 540
5 42 232
42 5 232
5 28 701
28 5 701
5 32 587
32 5 587
5 32 102
32 5 102
5 45 959
45 5 959
5 44 305
44 5 305
5 46 74
46 5 74
5 22 916
22 5 916
5 7 394
7 5 394
5 52 865
52 5 865
5 8 835
8 5 835
5 18 381
18 5 381
5 27 128
27 5 128
5 49 758
49 5 758
6 17 596
17 6 596
6 18 286
18 6 286
6 45 799
45 6 799
6 25 468
25 6 468
6 34 768
34 6 768
6 8 686
8 6 686
6 7 297
7 6 297
6 14 741
14 6 741
6 37 442
37 6 442
6 22 125
22 6 125
6 29 920
29 6 920
6 13 412
13 6 412
6 17 984
17 6 984
6 41 822
41 6 822
6 28 736
28 6 736
6 37 768
37 6 768
6 18 151
18 6 151
6 39 427
39 6 427
6 34 385
34 6 385
6 49 489
49 6 489
6 17 697
17 6 697
6 19 82
19 6 82
6 54 709
54 6 709
6 52 593
52 6 593
6 39 107
39 6 107
6 27 658
27 6 658
6 18 482
18 6 482
6 11 270
11 6 270
6 23 228
23 6 228
6 42 903
42 6 903
6 55 259
55 6 259
6 13 619
13 6 619
6 32 148
32 6 148
7 17 678
17 7 678
7 18 673
18 7 673
7 22 123
22 7 123
7 46 183
46 7 183
7 47 50
47 7 50
7 38 845
38 7 845
7 12 132
12 7 132
7 42 238
42 7 238
7 49 732
49 7 732
7 43 674
43 7 674
7 11 652
11 7 652
7 34 280
34 7 280
7 28 193
28 7 193
7 43 165
43 7 165
7 33 322
33 7 322
7 41 789
41 7 789
7 13 418
13 7 418
7 46 818
46 7 818
7 53 857
53 7 857
7 51 701
51 7 701
7 43 374
43 7 374
7 19 513
19 7 513
7 52 486
52 7 486
7 13 907
13 7 907
7 28 323
28 7 323
7 23 62
23 7 62
7 41 466
41 7 466
7 55 221
55 7 221
8 12 660
12 8 660
8 13 115
13 8 115
8 25 852
25 8 852
8 47 721
47 8 721
8 46 855
46 8 855
8 18 877
18 8 877
8 49 605
49 8 605
8 36 6
36 8 6
8 45 973
45 8 973
8 52 681
52 8 681
8 18 271
18 8 271
8 12 991
12 8 991
8 21 783
21 8 783
8 51 88
51 8 88
8 28 658
28 8 658
8 20 748
20 8 748
8 20 44
20 8 44
8 51 538
51 8 538
8 8 457
8 8 457
8 17 154
17 8 154
8 50 53
50 8 53
9 36 489
36 9 489
9 20 819
20 9 819
9 37 145
37 9 145
9 20 572
20 9 572
9 34 712
34 9 712
9 36 755
36 9 755
9 12 5
12 9 5
9 12 95
12 9 95
9 29 532
29 9 532
9 35 939
35 9 939
9 24 757
24 9 757
9 34 85
34 9 85
9 20 725
20 9 725
9 42 541
42 9 541
9 20 296
20 9 296
9 54 532
54 9 532
9 18 300
18 9 300
9 16 202
16 9 202
9 45 214
45 9 214
9 11 357
11 9 357
10 14 660
14 10 660
10 27 115
27 10 115
10 11 394
11 10 394
10 55 524
55 10 524
10 26 368
26 10 368
10 50 470
50 10 470
10 16 201
16 10 201
10 20 772
20 10 772
10 33 731
33 10 731
10 42 779
42 10 779
10 36 357
36 10 357
10 48 59
48 10 59
10 38 553
38 10 553
10 38 826
38 10 826
10 22 432
22 10 432
10 12 768
12 10 768
10 12 53
12 10 53
10 21 581
21 10 581
10 28 986
28 10 986
10 35 63
35 10 63
10 26 50
26 10 50
10 27 55
27 10 55
10 36 1
36 10 1
10 13 529
13 10 529
11 37 720
37 11 720
11 45 456
45 11 456
11 26 887
26 11 887
11 52 194
52 11 194
11 41 583
41 11 583
11 43 968
43 11 968
11 35 261
35 11 261
11 32 686
32 11 686
11 33 51
33 11 51
11 48 824
48 11 824
11 51 551
51 11 551
11 45 340
45 11 340
11 18 362
18 11 362
11 44 903
44 11 903
11 34 666
34 11 666
11 49 448
49 11 448
11 45 586
45 11 586
11 24 153
24 11 153
11 25 516
25 11 516
11 14 386
14 11 386
11 41 445
41 11 445
11 54 894
54 11 894
11 47 146
47 11 146
11 13 940
13 11 940
11 28 283
28 11 283
11 28 830
28 11 830
11 47 31
47 11 31
11 54 484
54 11 484
12 26 503
26 12 503
12 42 981
42 12 981
12 18 236
18 12 236
12 53 976
53 12 976
12 33 975
33 12 975
12 53 199
53 12 199
12 32 522
32 12 522
12 23 728
23 12 728
12 23 716
23 12 716
12 21 85
21 12 85
12 22 681
22 12 681
12 16 172
16 12 172
12 42 191
42 12 191
12 52 882
52 12 882
12 39 217
39 12 217
12 14 484
14 12 484
12 40 107
40 12 107
12 43 522
43 12 522
12 34 12
34 12 12
12 32 218
32 12 218
12 26 64
26 12 64
12 29 997
29 12 997
13 15 423
15 13 423
13 42 43
42 13 43
13 21 567
21 13 567
13 45 817
45 13 817
13 30 611
30 13 611
13 29 265
29 13 265
13 29 35
29 13 35
13 23 267
23 13 267
13 37 279
37 13 279
13 53 815
53 13 815
13 28 49
28 13 49
13 44 207
44 13 207
13 42 6
42 13 6
13 19 430
19 13 430
14 19 952
19 14 952
14 23 481
23 14 481
14 30 990
30 14 990
14 31 18
31 14 18
14 35 113
35 14 113
14 33 515
33 14 515
14 21 219
21 14 219
14 54 403
54 14 403
14 35 147
35 14 147
14 23 423
23 14 423
14 38 397
38 14 397
14 15 730
15 14 730
14 20 150
20 14 150
14 30 542
30 14 542
14 39 689
39 14 689
14 16 919
16 14 919
14 49 333
49 14 333
14 34 121
34 14 121
14 26 467
26 14 467
15 22 69
22 15 69
15 25 543
25 15 543
15 19 347
19 15 347
15 29 308
29 15 308
15 24 327
24 15 327
15 15 1000
15 15 1000
15 18 326
18 15 326
15 48 595
48 15 595
15 27 455
27 15 455
15 40 671
40 15 671
15 29 802
29 15 802
15 31 797
31 15 797
15 19 817
19 15 817
15 32 889
32 15 889
15 22 710
22 15 710
15 55 178
55 15 178
15 28 964
28 15 964
16 21 543
21 16 543
16 35 120
35 16 120
16 25 179
25 16 179
16 26 241
26 16 241
16 43 304
43 16 304
16 33 882
33 16 882
16 49 337
49 16 337
16 52 284
52 16 284
16 29 400
29 16 400
16 29 891
29 16 891
16 50 675
50 16 675
16 55 574
55 16 574
16 52 952
52 16 952
16 46 236
46 16 236
16 33 147
33 16 147
16 39 164
39 16 164
16 53 543
53 16 543
16 50 597
50 16 597
17 42 1
42 17 1
17 48 123
48 17 123
17 22 410
22 17 410
17 34 730
34 17 730
17 38 417
38 17 417
17 38 649
38 17 649
17 44 984
44 17 984
17 22 100
22 17 100
17 32 249
32 17 249
17 34 349
34 17 349
17 33 608
33 17 608
17 22 359
22 17 359
17 38 653
38 17 653
17 47 643
47 17 643
17 50 198
50 17 198
17 42 721
42 17 721
17 50 196
50 17 196
17 54 845
54 17 845
18 29 370
29 18 370
18 43 808
43 18 808
18 39 881
39 18 881
18 37 146
37 18 146
18 31 932
31 18 932
18 55 628
55 18 628
18 49 357
49 18 357
18 32 863
32 18 863
18 20 613
20 18 613
18 18 714
18 18 714
18 40 945
40 18 945
18 23 836
23 18 836
18 29 788
29 18 788
18 38 392
38 18 392
18 36 910
36 18 910
18 23 59
23 18 59
18 32 192
32 18 192
18 26 663
26 18 663
18 29 144
29 18 144
18 28 930
28 18 930
18 42 542
42 18 542
19 27 573
27 19 573
19 23 548
23 19 548
19 35 834
35 19 834
19 39 430
39 19 430
19 40 377
40 19 377
19 21 458
21 19 458
19 31 997
31 19 997
19 38 475
38 19 475
19 19 696
19 19 696
19 55 119
55 19 119
19 48 822
48 19 822
19 51 295
51 19 295
19 25 136
25 19 136
20 30 589
30 20 589
20 38 834
38 20 834
20 36 56
36 20 56
20 44 389
44 20 389
20 47 760
47 20 760
20 44 78
44 20 78
20 24 927
24 20 927
20 31 169
31 20 169
20 25 963
25 20 963
20 27 400
27 20 400
20 46 61
46 20 61
20 48 379
48 20 379
20 22 746
22 20 746
20 20 731
20 20 731
20 27 403
27 20 403
20 54 794
54 20 794
20 50 691
50 20 691
20 45 605
45 20 605
20 36 785
36 20 785
21 39 690
39 21 690
21 40 731
40 21 731
21 37 112
37 21 112
21 38 44
38 21 44
21 47 602
47 21 602
21 25 828
25 21 828
21 48 435
48 21 435
21 49 960
49 21 960
21 42 854
42 21 854
21 39 790
39 21 790
21 22 6
22 21 6
21 41 431
41 21 431
21 48 551
48 21 551
21 23 493
23 21 493
21 48 616
48 21 616
21 36 566
36 21 566
21 34 485
34 21 485
22 23 553
23 22 553
22 25 415
25 22 415
22 52 212
52 22 212
22 55 234
55 22 234
22 53 518
53 22 518
22 50 914
50 22 914
22 23 617
23 22 617
22 41 915
41 22 915
22 47 430
47 22 430
22 44 193
44 22 193
22 26 798
26 22 798
22 26 806
26 22 806
22 45 409
45 22 409
22 26 547
26 22 547
22 47 614
47 22 614
22 53 175
53 22 175
22 34 848
34 22 848
22 47 345
47 22 345
22 29 943
29 22 943
22 49 720
49 22 720
22 51 271
51 22 271
22 41 71
41 22 71
23 47 286
47 23 286
23 30 345
30 23 345
23 52 302
52 23 302
23 53 515
53 23 515
23 40 907
40 23 907
23 41 238
41 23 238
23 37 536
37 23 536
23 37 99
37 23 99
23 44 813
44 23 813
23 24 44
24 23 44
23 33 411
33 23 411
23 50 302
50 23 302
23 41 467
41 23 467
23 50 614
50 23 614
23 32 224
32 23 224
23 48 942
48 23 942
23 35 160
35 23 160
23 30 452
30 23 452
23 24 504
24 23 504
23 33 623
33 23 623
23 51 166
51 23 166
23 47 638
47 23 638
24 49 121
49 24 121
24 34 78
34 24 78
24 27 116
27 24 116
24 44 704
44 24 704
24 27 748
27 24 748
24 26 212
26 24 212
24 44 260
44 24 260
24 49 61
49 24 61
24 36 807
36 24 807
24 46 268
46 24 268
24 48 356
48 24 356
24 25 367
25 24 367
24 41 553
41 24 553
25 53 554
53 25 554
25 33 235
33 25 235
25 50 374
50 25 374
25 52 912
52 25 912
25 38 736
38 25 736
25 50 929
50 25 929
25 31 806
31 25 806
25 44 983
44 25 983
25 33 739
33 25 739
25 36 828
36 25 828
25 27 970
27 25 970
25 31 601
31 25 601
25 47 745
47 25 745
25 48 742
48 25 742
25 51 969
51 25 969
25 55 522
55 25 522
25 43 332
43 25 332
26 51 31
51 26 31
26 26 644
26 26 644
26 43 297
43 26 297
26 39 188
39 26 188
26 45 721
45 26 721
26 53 520
53 26 520
26 34 10
34 26 10
26 36 423
36 26 423
26 43 984
43 26 984
26 37 636
37 26 636
26 29 852
29 26 852
26 52 844
52 26 844
26 36 261
36 26 261
26 34 994
34 26 994
26 37 847
37 26 847
27 38 923
38 27 923
27 52 898
52 27 898
27 32 919
32 27 919
27 42 532
42 27 532
27 28 274
28 27 274
27 39 747
39 27 747
27 52 515
52 27 515
27 45 548
45 27 548
27 37 795
37 27 795
27 45 930
45 27 930
27 38 899
38 27 899
27 35 63
35 27 63
27 43 151
43 27 151
27 51 113
51 27 113
27 33 625
33 27 625
27 41 589
41 27 589
27 28 823
28 27 823
27 32 545
32 27 545
28 31 114
31 28 114
28 55 130
55 28 130
28 32 972
32 28 972
28 36 411
36 28 411
28 55 968
55 28 968
28 33 826
33 28 826
28 51 115
51 28 115
28 41 646
41 28 646
29 31 73
31 29 73
29 42 707
42 29 707
29 30 781
30 29 781
29 52 36
52 29 36
29 43 238
43 29 238
29 42 370
42 29 370
29 43 696
43 29 696
29 43 996
43 29 996
29 45 716
45 29 716
29 45 856
45 29 856
29 43 727
43 29 727
29 32 109
32 29 109
29 36 147
36 29 147
30 55 6
55 30 6
30 55 351
55 30 351
30 55 283
55 30 283
30 49 541
49 30 541
30 34 127
34 30 127
30 34 115
34 30 115
30 46 444
46 30 444
30 41 848
41 30 848
30 39 710
39 30 710
31 44 846
44 31 846
31 51 238
51 31 238
31 50 990
50 31 990
31 51 684
51 31 684
31 41 540
41 31 540
31 41 894
41 31 894
31 37 897
37 31 897
31 54 475
54 31 475
31 44 44
44 31 44
31 43 933
43 31 933
31 45 852
45 31 852
31 49 864
49 31 864
31 40 327
40 31 327
32 34 994
34 32 994
32 50 123
50 32 123
32 42 370
42 32 370
32 48 710
48 32 710
32 37 154
37 32 154
32 54 554
54 32 554
32 38 136
38 32 136
32 34 453
34 32 453
32 34 856
34 32 856
32 33 870
33 32 870
32 41 185
41 32 185
32 44 642
44 32 642
33 41 949
41 33 949
33 40 457
40 33 457
33 35 516
35 33 516
33 54 703
54 33 703
33 49 409
49 33 409
33 45 698
45 33 698
33 55 797
55 33 797
33 45 813
45 33 813
33 43 235
43 33 235
33 48 92
48 33 92
33 53 554
53 33 554
33 55 335
55 33 335
34 50 192
50 34 192
34 53 677
53 34 677
34 39 4
39 34 4
34 43 760
43 34 760
34 52 234
52 34 234
34 35 831
35 34 831
34 47 503
47 34 503
34 46 664
46 34 664
34 48 284
48 34 284
34 48 704
48 34 704
34 51 619
51 34 619
34 46 71
46 34 71
34 43 262
43 34 262
34 41 899
41 34 899
35 52 301
52 35 301
35 55 666
55 35 666
35 35 740
35 35 740
35 40 899
40 35 899
35 44 63
44 35 63
35 38 14
38 35 14
35 52 890
52 35 890
35 55 891
55 35 891
36 38 748
38 36 748
36 44 763
44 36 763
36 46 870
46 36 870
36 36 13
36 36 13
36 44 338
44 36 338
36 45 524
45 36 524
36 40 236
40 36 236
36 45 805
45 36 805
36 38 541
38 36 541
36 44 917
44 36 917
37 41 345
41 37 345
37 50 830
50 37 830
37 43 871
43 37 871
37 47 1000
47 37 1000
37 48 275
48 37 275
38 41 624
41 38 624
38 41 905
41 38 905
38 42 770
42 38 770
38 39 647
39 38 647
38 52 406
52 38 406
38 47 911
47 38 911
39 51 207
51 39 207
39 55 822
55 39 822
39 49 92
49 39 92
39 52 520
52 39 520
39 53 721
53 39 721
39 44 840
44 39 840
39 44 785
44 39 785
39 43 24
43 39 24
39 46 247
46 39 247
39 52 412
52 39 412
39 53 995
53 39 995
40 47 555
47 40 555
40 54 266
54 40 266
40 51 861
51 40 861
40 47 67
47 40 67
40 44 964
44 40 964
40 47 345
47 40 345
40 51 690
51 40 690
41 46 453
46 41 453
41 48 388
48 41 388
41 51 742
51 41 742
41 52 86
52 41 86
41 51 729
51 41 729
41 46 783
46 41 783
41 44 83
44 41 83
41 45 368
45 41 368
41 44 496
44 41 496
41 53 59
53 41 59
41 49 493
49 41 493
42 54 195
54 42 195
42 46 504
46 42 504
42 43 731
43 42 731
42 54 763
54 42 763
43 52 371
52 43 371
43 54 65
54 43 65
43 54 833
54 43 833
43 53 139
53 43 139
43 53 26
53 43 26
43 52 225
52 43 225
43 47 709
47 43 709
43 45 291
45 43 291
44 52 477
52 44 477
44 45 410
45 44 410
44 50 814
50 44 814
44 50 122
50 44 122
44 52 551
52 44 551
45 48 388
48 45 388
45 50 113
50 45 113
45 49 602
49 45 602
46 47 953
47 46 953
46 54 70
54 46 70
46 50 80
50 46 80
46 53 764
53 46 764
46 54 407
54 46 407
47 49 1
49 47 1
47 53 877
53 47 877
47 47 47
47 47 47
47 55 564
55 47 564
48 55 850
55 48 850
48 52 271
52 48 271
48 48 462
48 48 462
48 49 85
49 48 85
48 52 127
52 48 127
50 55 943
55 50 943
50 53 692
53 50 692
50 53 681
53 50 681
51 52 702
52 51 702
51 51 968
51 51 968
51 53 337
53 51 337
51 54 991
54 51 991
51 53 31
53 51 31
52 55 780
55 52 780
52 52 908
52 52 908
53 53 653
53 53 653
54 55 681
55 54 681
