85

0 1 268
1 0 268
0 2 282
2 0 282
0 4 281
4 0 281
0 6 982
6 0 982
0 7 600
7 0 600
0 10 392
10 0 392
0 35 811
35 0 811
0 22 39
22 0 39
0 67 276
67 0 276
1 50 743
50 1 743
1 63 36
63 1 36
1 55 946
55 1 946
1 73 727
73 1 727
1 80 590
80 1 590
1 52 124
52 1 124
1 72 122
72 1 122
1 50 370
50 1 370
1 30 698
30 1 698
1 80 510
80 1 510
2 3 615
3 2 615
2 5 134
5 2 134
2 13 761
13 2 761
2 31 430
31 2 430
2 55 889
55 2 889
2 77 748
77 2 748
2 33 813
33 2 813
2 32 538
32 2 538
2 35 597
35 2 597
2 4 849
4 2 849
2 26 861
26 2 861
2 34 28
34 2 28
3 19 262
19 3 262
3 42 435
42 3 435
3 18 599
18 3 599
3 56 632
56 3 632
3 55 105
55 3 105
3 78 21
78 3 21
3 56 607
56 3 607
3 80 296
80 3 296
3 14 933
14 3 933
4 20 506
20 4 506
4 26 509
26 4 509
4 39 815
39 4 815
4 51 947
51 4 947
4 43 472
43 4 472
4 66 629
66 4 629
4 26 273
26 4 273
4 75 961
75 4 961
4 8 379
8 4 379
4 72 96
72 4 96
4 33 120
33 4 120
4 4 192
4 4 192
5 8 871
8 5 871
5 18 5
18 5 5
5 41 215
41 5 215
5 49 122
49 5 122
5 22 462
22 5 462
5 32 548
32 5 548
5 70 762
70 5 762
5 22 593
22 5 593
5 50 564
50 5 564
5 39 128
39 5 128
5 24 328
24 5 328
5 59 261
59 5 261
6 9 258
9 6 258
6 55 178
55 6 178
6 84 568
84 6 568
6 54 92
54 6 92
6 31 503
31 6 503
6 83 335
83 6 335
7 11 287
11 7 287
7 56 125
56 7 125
7 49 50
49 7 50
7 38 649
38 7 649
7 72 816
72 7 816
7 31 636
31 7 636
8 14 74
14 8 74
8 36 32
36 8 32
8 45 217
45 8 217
8 78 648
78 8 648
8 54 918
54 8 918
8 77 187
77 8 187
8 20 462
20 8 462
8 15 663
15 8 663
8 19 710
19 8 710
8 64 217
64 8 217
9 12 473
12 9 473
9 16 719
16 9 719
9 17 864
17 9 864
9 29 606
29 9 606
9 80 60
80 9 60
9 47 471
47 9 471
9 41 848
41 9 848
9 66 361
66 9 361
9 67 22
67 9 22
9 80 963
80 9 963
10 54 94
54 10 94
10 33 982
33 10 982
10 63 641
63 10 641
10 58 389
58 10 389
10 15 822
15 10 822
10 54 504
54 10 504
10 46 671
46 10 671
10 51 478
51 10 478
10 28 302
28 10 302
10 70 925
70 10 925
10 29 917
29 10 917
10 44 668
44 10 668
11 48 214
48 11 214
11 43 488
43 11 488
11 70 314
70 11 314
12 27 451
27 12 451
12 28 698
28 12 698
12 44 796
44 12 796
12 21 490
21 12 490
12 63 423
63 12 423
12 48 289
48 12 289
12 37 66
37 12 66
12 74 100
74 12 100
12 21 13
21 12 13
12 28 705
28 12 705
12 59 907
59 12 907
12 58 164
58 12 164
13 32 812
32 13 812
13 38 958
38 13 958
13 73 212
73 13 212
13 44 864
44 13 864
13 82 172
82 13 172
13 40 626
40 13 626
13 59 318
59 13 318
14 15 162
15 14 162
14 25 258
25 14 258
14 46 723
46 14 723
14 65 999
65 14 999
14 60 5
60 14 5
14 18 189
18 14 189
14 25 589
25 14 589
14 48 492
48 14 492
15 27 459
27 15 459
15 69 653
69 15 653
16 23 248
23 16 248
16 59 963
59 16 963
16 69 538
69 16 538
16 55 181
55 16 181
16 26 380
26 16 380
16 23 831
23 16 831
16 76 283
76 16 283
17 34 659
34 17 659
17 51 906
51 17 906
17 48 616
48 17 616
18 40 507
40 18 507
18 79 31
79 18 31
19 48 484
48 19 484
19 53 904
53 19 904
19 21 991
21 19 991
19 64 199
64 19 199
19 62 762
62 19 762
19 73 945
73 19 945
19 43 726
43 19 726
19 26 155
26 19 155
19 68 156
68 19 156
19 57 264
57 19 264
19 76 498
76 19 498
20 21 678
21 20 678
20 22 413
22 20 413
20 79 939
79 20 939
20 69 767
69 20 767
20 57 577
57 20 577
20 55 861
55 20 861
20 37 765
37 20 765
21 23 784
23 21 784
21 83 90
83 21 90
22 24 293
24 22 293
22 69 142
69 22 142
22 75 630
75 22 630
22 28 122
28 22 122
22 83 653
83 22 653
22 66 469
66 22 469
22 67 982
67 22 982
22 54 568
54 22 568
22 61 898
61 22 898
23 64 467
64 23 467
23 29 739
29 23 739
23 56 358
56 23 358
23 42 266
42 23 266
24 37 370
37 24 370
24 47 948
47 24 948
24 68 285
68 24 285
24 31 990
31 24 990
24 52 192
52 24 192
24 61 328
61 24 328
24 75 676
75 24 676
24 26 488
26 24 488
24 38 630
38 24 630
24 27 217
27 24 217
25 33 898
33 25 898
25 57 600
57 25 600
25 70 30
70 25 30
25 27 136
27 25 136
26 52 162
52 26 162
26 57 244
57 26 244
26 73 718
73 26 718
26 28 14
28 26 14
26 50 479
50 26 479
26 45 35
45 26 35
26 56 163
56 26 163
27 30 992
30 27 992
27 58 759
58 27 759
27 73 33
73 27 33
27 80 833
80 27 833
27 73 446
73 27 446
27 72 831
72 27 831
27 38 342
38 27 342
27 77 536
77 27 536
27 58 32
58 27 32
28 54 969
54 28 969
28 43 414
43 28 414
28 44 895
44 28 895
28 60 701
60 28 701
29 57 212
57 29 212
29 35 323
35 29 323
29 69 889
69 29 889
29 79 405
79 29 405
30 56 702
56 30 702
30 34 996
34 30 996
32 60 92
60 32 92
32 49 453
49 32 453
32 63 502
63 32 502
32 84 385
84 32 385
32 48 736
48 32 736
32 34 135
34 32 135
33 67 744
67 33 744
33 39 305
39 33 305
34 64 44
64 34 44
34 76 431
76 34 431
35 65 988
65 35 988
35 47 797
47 35 797
36 69 824
69 36 824
36 63 66
63 36 66
36 73 419
73 36 419
38 56 819
56 38 819
38 56 34
56 38 34
39 43 645
43 39 645
39 83 845
83 39 845
39 55 711
55 39 711
40 84 770
84 40 770
40 66 672
66 40 672
41 84 284
84 41 284
41 73 80
73 41 80
41 66 420
66 41 420
41 56 786
56 41 786
42 65 668
65 42 668
42 50 361
50 42 361
42 45 503
45 42 503
42 62 675
62 42 675
43 74 831
74 43 831
43 83 741
83 43 741
43 49 98
49 43 98
44 84 333
84 44 333
44 69 741
69 44 741
44 82 178
82 44 178
44 84 283
84 44 283
44 65 241
65 44 241
44 78 175
78 44 175
44 83 843
83 44 843
45 61 399
61 45 399
45 60 751
60 45 751
46 62 194
62 46 194
46 71 934
71 46 934
46 77 781
77 46 781
47 55 904
55 47 904
47 57 805
57 47 805
47 66 229
66 47 229
47 56 410
56 47 410
47 60 958
60 47 958
48 81 888
81 48 888
48 77 438
77 48 438
48 67 222
67 48 222
48 79 822
79 48 822
49 76 863
76 49 863
49 79 624
79 49 624
50 59 952
59 50 952
50 61 701
61 50 701
50 73 997
73 50 997
50 79 473
79 50 473
50 55 523
55 50 523
51 66 245
66 51 245
51 84 270
84 51 270
51 65 392
65 51 392
52 75 735
75 52 735
52 79 309
79 52 309
53 56 57
56 53 57
53 54 906
54 53 906
53 76 547
76 53 547
54 68 718
68 54 718
54 67 376
67 54 376
55 79 435
79 55 435
55 69 962
69 55 962
55 56 686
56 55 686
55 79 511
79 55 511
56 73 798
73 56 798
57 72 431
72 57 431
57 72 9
72 57 9
58 82 699
82 58 699
58 61 946
61 58 946
59 81 954
81 59 954
59 76 403
76 59 403
59 78 274
78 59 274
59 62 992
62 59 992
59 81 55
81 59 55
60 61 368
61 60 368
61 77 910
77 61 910
62 72 485
72 62 485
62 83 117
83 62 117
63 66 270
66 63 270
63 66 15
66 63 15
63 68 667
68 63 667
63 79 897
79 63 897
64 82 158
82 64 158
64 82 148
82 64 148
66 70 736
70 66 736
66 82 750
82 66 750
66 77 489
77 66 489
67 68 78
68 67 78
67 82 495
82 67 495
67 82 199
82 67 199
67 83 860
83 67 860
70 83 951
83 70 951
70 71 440
71 70 440
71 84 147
84 71 147
72 81 818
81 72 818
72 80 139
80 72 139
72 73 513
73 72 513
73 81 200
81 73 200
73 82 760
82 73 760
73 80 912
80 73 912
74 79 596
79 74 596
75 79 929
79 75 929
77 84 139
84 77 139
78 78 892
78 78 892
79 79 208
79 79 208
