71

0 1 418
1 0 418
0 4 176
4 0 176
0 44 294
44 0 294
0 31 701
31 0 701
0 44 81
44 0 81
0 67 878
67 0 878
0 0 894
0 0 894
0 47 645
47 0 645
0 39 973
39 0 973
0 8 836
8 0 836
0 52 984
52 0 984
0 35 49
35 0 49
1 2 363
2 1 363
1 58 207
58 1 207
1 30 165
30 1 165
1 8 90
8 1 90
1 54 857
54 1 857
1 46 713
46 1 713
1 37 827
37 1 827
1 5 568
5 1 568
1 27 922
27 1 922
1 12 501
12 1 501
1 65 890
65 1 890
1 40 635
40 1 635
1 55 873
55 1 873
1 56 392
56 1 392
1 12 366
12 1 366
2 3 492
3 2 492
2 23 250
23 2 250
2 70 446
70 2 446
2 40 834
40 2 834
2 47 240
47 2 240
2 14 859
14 2 859
2 37 763
37 2 763
2 48 752
48 2 752
2 59 755
59 2 755
2 55 392
55 2 392
2 18 585
18 2 585
2 58 69
58 2 69
2 69 310
69 2 310
2 7 627
7 2 627
2 50 43
50 2 43
2 15 783
15 2 783
2 12 378
12 2 378
2 29 612
29 2 612
2 4 573
4 2 573
2 40 405
40 2 405
3 13 251
13 3 251
3 39 261
39 3 261
3 65 940
65 3 940
3 46 900
46 3 900
3 18 476
18 3 476
3 32 803
32 3 803
3 24 213
24 3 213
3 48 479
48 3 479
3 7 640
7 3 640
3 4 575
4 3 575
3 42 855
42 3 855
3 15 738
15 3 738
3 6 748
6 3 748
3 33 27
33 3 27
3 46 709
46 3 709
4 5 137
5 4 137
4 29 897
29 4 897
4 46 816
46 4 816
4 36 393
36 4 393
4 12 723
12 4 723
4 66 744
66 4 744
4 32 123
32 4 123
4 49 46
49 4 46
4 50 69
50 4 69
4 49 579
49 4 579
4 65 911
65 4 911
4 39 51
39 4 51
4 15 908
15 4 908
5 6 823
6 5 823
5 15 321
15 5 321
5 16 854
16 5 854
5 30 361
30 5 361
5 45 793
45 5 793
5 57 812
57 5 812
5 44 619
44 5 619
5 36 118
36 5 118
5 63 290
63 5 290
5 32 399
32 5 399
5 66 324
66 5 324
5 49 342
49 5 342
5 7 540
7 5 540
5 29 345
29 5 345
6 7 372
7 6 372
6 8 920
8 6 920
6 12 398
12 6 398
6 14 194
14 6 194
6 19 623
19 6 623
6 40 130
40 6 130
6 59 778
59 6 778
6 29 396
29 6 396
6 52 285
52 6 285
6 60 523
60 6 523
7 17 997
17 7 997
7 55 196
55 7 196
7 21 732
21 7 732
7 47 220
47 7 220
7 26 175
26 7 175
7 28 961
28 7 961
7 20 752
20 7 752
7 65 404
65 7 404
7 25 336
25 7 336
7 35 860
35 7 860
7 34 214
34 7 214
7 57 694
57 7 694
7 30 120
30 7 120
7 36 280
36 7 280
8 9 853
9 8 853
8 37 240
37 8 240
8 57 496
57 8 496
8 52 822
52 8 822
8 29 885
29 8 885
8 37 326
37 8 326
8 58 447
58 8 447
8 47 583
47 8 583
8 11 156
11 8 156
8 68 982
68 8 982
8 9 536
9 8 536
8 29 46
29 8 46
8 25 964
25 8 964
8 36 564
36 8 564
8 28 312
28 8 312
8 63 117
63 8 117
8 34 419
34 8 419
8 57 137
57 8 137
8 32 857
32 8 857
8 59 450
59 8 450
9 10 739
10 9 739
9 49 178
49 9 178
9 69 172
69 9 172
9 67 399
67 9 399
9 53 4
53 9 4
9 9 919
9 9 919
9 52 902
52 9 902
9 11 439
11 9 439
9 33 12
33 9 12
9 14 455
14 9 455
9 69 195
69 9 195
10 11 442
11 10 442
10 20 305
20 10 305
10 22 163
22 10 163
10 40 523
40 10 523
10 23 571
23 10 571
10 21 403
21 10 403
10 55 590
55 10 590
10 21 121
21 10 121
10 67 602
67 10 602
10 40 376
40 10 376
10 13 703
13 10 703
10 24 42
24 10 42
10 64 39
64 10 39
10 44 689
44 10 689
10 12 305
12 10 305
10 46 493
46 10 493
11 27 262
27 11 262
11 69 136
69 11 136
11 17 79
17 11 79
11 53 136
53 11 136
11 41 900
41 11 900
11 37 551
37 11 551
11 56 30
56 11 30
11 36 761
36 11 761
11 54 210
54 11 210
11 43 498
43 11 498
11 29 869
29 11 869
11 39 385
39 11 385
11 39 803
39 11 803
11 25 603
25 11 603
11 42 33
42 11 33
11 24 108
24 11 108
12 18 533
18 12 533
12 48 773
48 12 773
12 24 187
24 12 187
12 65 610
65 12 610
12 41 670
41 12 670
12 24 733
24 12 733
12 23 80
23 12 80
12 15 648
15 12 648
12 15 265
15 12 265
12 24 853
24 12 853
12 24 466
24 12 466
12 41 524
41 12 524
12 68 388
68 12 388
12 28 869
28 12 869
12 16 453
16 12 453
12 38 634
38 12 634
12 18 553
18 12 553
12 16 63
16 12 63
13 47 755
47 13 755
13 55 297
55 13 297
13 23 598
23 13 598
13 69 950
69 13 950
13 69 151
69 13 151
13 28 370
28 13 370
13 65 271
65 13 271
13 56 380
56 13 380
13 63 894
63 13 894
13 65 880
65 13 880
13 66 994
66 13 994
13 37 341
37 13 341
13 60 4
60 13 4
13 32 618
32 13 618
13 15 167
15 13 167
13 34 278
34 13 278
13 16 267
16 13 267
14 38 714
38 14 714
14 27 617
27 14 617
14 43 450
43 14 450
14 30 612
30 14 612
14 27 488
27 14 488
14 58 198
58 14 198
14 70 414
70 14 414
14 46 684
46 14 684
14 21 605
21 14 605
14 69 201
69 14 201
14 21 282
21 14 282
14 63 860
63 14 860
14 45 737
45 14 737
14 27 612
27 14 612
14 60 359
60 14 359
15 60 588
60 15 588
15 61 840
61 15 840
15 64 63
64 15 63
15 28 25
28 15 25
15 70 431
70 15 431
15 23 752
23 15 752
15 50 41
50 15 41
15 26 506
26 15 506
15 67 456
67 15 456
15 24 617
24 15 617
15 50 218
50 15 218
16 21 779
21 16 779
16 25 618
25 16 618
16 33 70
33 16 70
16 48 626
48 16 626
16 61 924
61 16 924
16 40 189
40 16 189
16 46 623
46 16 623
16 46 300
46 16 300
16 52 708
52 16 708
16 21 567
21 16 567
16 36 753
36 16 753
16 69 999
69 16 999
16 57 323
57 16 323
16 64 863
64 16 863
16 59 212
59 16 212
16 27 273
27 16 273
16 40 168
40 16 168
17 28 869
28 17 869
17 22 535
22 17 535
17 48 449
48 17 449
17 54 45
54 17 45
17 56 574
56 17 574
17 63 729
63 17 729
17 55 627
55 17 627
17 30 346
30 17 346
17 66 82
66 17 82
18 18 938
18 18 938
18 43 860
43 18 860
18 36 429
36 18 429
18 42 135
42 18 135
18 70 635
70 18 635
18 20 401
20 18 401
18 45 46
45 18 46
18 68 971
68 18 971
18 51 793
51 18 793
18 64 911
64 18 911
19 24 747
24 19 747
19 56 568
56 19 568
19 63 486
63 19 486
19 58 357
58 19 357
19 35 726
35 19 726
19 54 67
54 19 67
19 51 158
51 19 158
19 45 785
45 19 785
19 65 419
65 19 419
20 20 915
20 20 915
20 62 153
62 20 153
20 67 570
67 20 570
20 32 642
32 20 642
20 63 939
63 20 939
20 46 52
46 20 52
20 28 186
28 20 186
20 46 508
46 20 508
20 47 289
47 20 289
20 40 971
40 20 971
21 32 991
32 21 991
21 65 640
65 21 640
21 70 58
70 21 58
21 30 528
30 21 528
21 66 58
66 21 58
22 34 727
34 22 727
22 41 984
41 22 984
22 30 801
30 22 801
22 62 293
62 22 293
22 35 433
35 22 433
22 53 201
53 22 201
22 40 481
40 22 481
22 39 867
39 22 867
22 60 980
60 22 980
22 65 579
65 22 579
22 38 500
38 22 500
23 63 412
63 23 412
23 63 689
63 23 689
23 65 703
65 23 703
23 33 733
33 23 733
23 34 619
34 23 619
23 36 456
36 23 456
23 29 418
29 23 418
23 70 894
70 23 894
23 70 569
70 23 569
23 69 924
69 23 924
24 26 720
26 24 720
24 32 490
32 24 490
24 59 62
59 24 62
24 67 271
67 24 271
24 47 986
47 24 986
24 39 819
39 24 819
24 44 546
44 24 546
24 48 687
48 24 687
24 33 234
33 24 234
24 38 936
38 24 936
24 65 822
65 24 822
24 67 184
67 24 184
24 56 495
56 24 495
25 31 927
31 25 927
25 40 780
40 25 780
25 35 719
35 25 719
25 66 200
66 25 200
25 60 460
60 25 460
25 63 848
63 25 848
25 62 751
62 25 751
25 65 396
65 25 396
25 64 957
64 25 957
25 29 300
29 25 300
25 56 676
56 25 676
25 54 187
54 25 187
26 40 104
40 26 104
26 59 767
59 26 767
26 64 926
64 26 926
26 56 98
56 26 98
26 50 132
50 26 132
26 27 916
27 26 916
26 32 581
32 26 581
26 28 586
28 26 586
26 34 878
34 26 878
27 47 239
47 27 239
27 54 233
54 27 233
27 46 411
46 27 411
27 41 964
41 27 964
27 52 590
52 27 590
27 55 609
55 27 609
27 66 132
66 27 132
28 35 96
35 28 96
28 46 142
46 28 142
28 57 771
57 28 771
28 57 900
57 28 900
28 64 109
64 28 109
28 61 887
61 28 887
28 46 900
46 28 900
28 41 301
41 28 301
28 50 60
50 28 60
28 30 467
30 28 467
29 36 244
36 29 244
29 34 321
34 29 321
29 54 388
54 29 388
29 39 793
39 29 793
29 70 467
70 29 467
29 39 394
39 29 394
29 68 704
68 29 704
30 47 718
47 30 718
30 37 88
37 30 88
30 44 693
44 30 693
30 35 698
35 30 698
30 61 171
61 30 171
30 55 289
55 30 289
30 68 281
68 30 281
30 56 200
56 30 200
30 33 473
33 30 473
30 53 697
53 30 697
30 45 989
45 30 989
31 56 175
56 31 175
31 53 71
53 31 71
31 65 574
65 31 574
31 34 359
34 31 359
31 65 727
65 31 727
31 59 111
59 31 111
31 49 706
49 31 706
31 43 472
43 31 472
32 68 794
68 32 794
32 56 577
56 32 577
32 32 129
32 32 129
32 41 952
41 32 952
32 67 17
67 32 17
32 35 224
35 32 224
32 39 896
39 32 896
32 33 598
33 32 598
32 38 381
38 32 381
33 68 866
68 33 866
33 43 631
43 33 631
33 69 467
69 33 467
33 34 26
34 33 26
34 42 817
42 34 817
34 52 868
52 34 868
34 57 379
57 34 379
34 39 653
39 34 653
34 44 33
44 34 33
34 56 572
56 34 572
35 65 773
65 35 773
35 45 369
45 35 369
36 56 753
56 36 753
36 55 797
55 36 797
36 55 143
55 36 143
36 59 662
59 36 662
36 50 506
50 36 506
36 47 971
47 36 971
36 63 503
63 36 503
37 59 535
59 37 535
37 46 397
46 37 397
37 63 457
63 37 457
37 53 987
53 37 987
37 50 747
50 37 747
37 62 84
62 37 84
37 57 512
57 37 512
37 67 595
67 37 595
37 47 473
47 37 473
38 56 271
56 38 271
38 69 435
69 38 435
38 46 11
46 38 11
38 64 361
64 38 361
38 48 99
48 38 99
39 48 419
48 39 419
39 42 726
42 39 726
39 67 525
67 39 525
39 70 134
70 39 134
39 43 277
43 39 277
39 58 227
58 39 227
39 63 180
63 39 180
40 67 816
67 40 816
40 51 15
51 40 15
40 41 182
41 40 182
40 46 760
46 40 760
40 63 402
63 40 402
41 60 525
60 41 525
41 68 342
68 41 342
41 60 73
60 41 73
41 57 197
57 41 197
41 50 229
50 41 229
41 55 577
55 41 577
41 47 433
47 41 433
41 54 515
54 41 515
41 57 281
57 41 281
42 43 557
43 42 557
42 57 273
57 42 273
43 67 678
67 43 678
43 49 847
49 43 847
43 58 943
58 43 943
43 63 676
63 43 676
43 53 631
53 43 631
43 65 148
65 43 148
43 54 469
54 43 469
43 56 373
56 43 373
44 50 920
50 44 920
44 61 222
61 44 222
44 53 799
53 44 799
44 51 284
51 44 284
44 56 188
56 44 188
45 61 751
61 45 751
45 68 843
68 45 843
45 53 471
53 45 471
45 53 937
53 45 937
45 56 88
56 45 88
45 69 788
69 45 788
45 68 203
68 45 203
45 60 435
60 45 435
46 54 548
54 46 548
46 59 561
59 46 561
46 54 902
54 46 902
46 51 410
51 46 410
46 55 608
55 46 608
46 48 80
48 46 80
46 63 282
63 46 282
46 54 836
54 46 836
46 51 737
51 46 737
47 62 647
62 47 647
47 52 840
52 47 840
47 58 714
58 47 714
48 62 404
62 48 404
48 52 972
52 48 972
48 56 798
56 48 798
48 58 931
58 48 931
49 51 344
51 49 344
49 53 158
53 49 158
49 57 508
57 49 508
49 68 653
68 49 653
49 56 987
56 49 987
49 66 171
66 49 171
49 61 808
61 49 808
49 67 57
67 49 57
49 52 908
52 49 908
49 55 631
55 49 631
50 57 887
57 50 887
50 53 964
53 50 964
50 65 457
65 50 457
51 62 912
62 51 912
51 66 912
66 51 912
51 66 577
66 51 577
51 53 69
53 51 69
51 52 106
52 51 106
51 68 201
68 51 201
51 68 714
68 51 714
51 54 6
54 51 6
52 62 846
62 52 846
52 63 951
63 52 951
52 57 274
57 52 274
52 69 155
69 52 155
53 61 548
61 53 548
53 65 566
65 53 566
53 66 154
66 53 154
53 58 417
58 53 417
53 63 761
63 53 761
54 55 133
55 54 133
54 69 236
69 54 236
54 64 442
64 54 442
54 70 372
70 54 372
54 65 415
65 54 415
54 56 758
56 54 758
54 55 148
55 54 148
55 66 204
66 55 204
55 58 28
58 55 28
55 65 583
65 55 583
55 68 782
68 55 782
55 60 79
60 55 79
55 65 241
65 55 241
56 68 176
68 56 176
57 62 455
62 57 455
58 65 309
65 58 309
58 70 951
70 58 951
61 67 793
67 61 793
62 68 888
68 62 888
63 70 425
70 63 425
63 69 504
69 63 504
65 67 430
67 65 430
65 70 145
70 65 145
68 69 842
69 68 842
68 69 625
69 68 625
68 70 267
70 68 267
