91

0 1 274
1 0 274
0 2 876
2 0 876
0 5 800
5 0 800
0 9 60
9 0 60
0 27 674
27 0 674
0 30 54
30 0 54
0 77 336
77 0 336
0 66 175
66 0 175
0 82 146
82 0 146
0 35 779
35 0 779
0 51 529
51 0 529
0 38 169
38 0 169
0 86 873
86 0 873
0 17 366
17 0 366
0 49 160
49 0 160
0 66 65
66 0 65
0 23 895
23 0 895
0 46 110
46 0 110
0 35 59
35 0 59
0 24 67
24 0 67
0 51 66
51 0 66
0 86 949
86 0 949
0 2 516
2 0 516
0 12 676
12 0 676
0 28 16
28 0 16
0 36 978
36 0 978
0 18 914
18 0 914
0 74 960
74 0 960
0 61 683
61 0 683
1 3 127
3 1 127
1 25 686
25 1 686
1 78 664
78 1 664
1 38 151
38 1 151
1 84 131
84 1 131
1 82 148
82 1 148
1 71 131
71 1 131
1 22 573
22 1 573
1 38 396
38 1 396
1 76 929
76 1 929
1 42 965
42 1 965
1 77 494
77 1 494
1 86 258
86 1 258
1 36 290
36 1 290
1 74 439
74 1 439
1 33 655
33 1 655
1 73 791
73 1 791
1 71 272
71 1 272
1 57 546
57 1 546
1 78 983
78 1 983
1 59 524
59 1 524
2 4 992
4 2 992
2 6 231
6 2 231
2 15 335
15 2 335
2 19 306
19 2 306
2 38 475
38 2 475
2 40 836
40 2 836
2 62 779
62 2 779
2 13 416
13 2 416
2 84 640
84 2 640
2 23 755
23 2 755
2 5 817
5 2 817
2 41 957
41 2 957
2 37 343
37 2 343
2 78 774
78 2 774
2 61 196
61 2 196
2 47 217
47 2 217
2 44 942
44 2 942
2 8 778
8 2 778
2 24 843
24 2 843
2 45 639
45 2 639
2 67 600
67 2 600
2 16 28
16 2 28
2 35 5
35 2 5
2 42 658
42 2 658
2 18 167
18 2 167
2 81 813
81 2 813
2 6 495
6 2 495
3 26 785
26 3 785
3 43 462
43 3 462
3 22 815
22 3 815
3 38 948
38 3 948
3 56 927
56 3 927
3 71 684
71 3 684
3 42 345
42 3 345
3 26 947
26 3 947
3 76 117
76 3 117
3 26 848
26 3 848
3 87 814
87 3 814
3 83 361
83 3 361
3 68 711
68 3 711
3 79 994
79 3 994
4 7 91
7 4 91
4 10 465
10 4 465
4 46 410
46 4 410
4 56 557
56 4 557
4 32 153
32 4 153
4 88 723
88 4 723
4 27 688
27 4 688
4 14 423
14 4 423
4 4 815
4 4 815
4 41 961
41 4 961
4 62 428
62 4 428
4 58 84
58 4 84
4 10 694
10 4 694
4 40 140
40 4 140
4 35 591
35 4 591
4 67 710
67 4 710
4 45 248
45 4 248
4 87 427
87 4 427
4 87 975
87 4 975
4 86 323
86 4 323
4 64 138
64 4 138
4 39 555
39 4 555
4 14 86
14 4 86
5 11 263
11 5 263
5 13 745
13 5 745
5 20 930
20 5 930
5 22 584
22 5 584
5 39 742
39 5 742
5 67 851
67 5 851
5 31 879
31 5 879
5 25 44
25 5 44
5 27 329
27 5 329
5 84 852
84 5 852
5 37 498
37 5 498
5 10 576
10 5 576
5 88 175
88 5 175
5 50 9
50 5 9
5 20 284
20 5 284
5 34 519
34 5 519
5 84 41
84 5 41
5 59 753
59 5 753
5 21 829
21 5 829
5 38 319
38 5 319
5 65 600
65 5 600
5 43 724
43 5 724
5 72 43
72 5 43
5 74 485
74 5 485
6 16 245
16 6 245
6 55 979
55 6 979
6 49 474
49 6 474
6 9 327
9 6 327
6 52 157
52 6 157
6 79 226
79 6 226
6 86 330
86 6 330
6 73 850
73 6 850
6 89 836
89 6 836
6 76 424
76 6 424
6 31 878
31 6 878
6 69 550
69 6 550
6 75 957
75 6 957
6 59 314
59 6 314
6 52 881
52 6 881
6 46 268
46 6 268
6 48 831
48 6 831
6 88 227
88 6 227
6 23 138
23 6 138
6 42 198
42 6 198
6 58 970
58 6 970
6 29 157
29 6 157
6 24 752
24 6 752
7 8 299
8 7 299
7 21 36
21 7 36
7 31 199
31 7 199
7 35 48
35 7 48
7 53 34
53 7 34
7 21 871
21 7 871
7 69 55
69 7 55
7 75 621
75 7 621
7 49 200
49 7 200
7 79 859
79 7 859
7 79 195
79 7 195
7 14 215
14 7 215
7 28 337
28 7 337
7 73 336
73 7 336
7 75 846
75 7 846
7 35 808
35 7 808
7 83 870
83 7 870
7 72 919
72 7 919
7 50 741
50 7 741
7 50 876
50 7 876
7 63 100
63 7 100
7 53 760
53 7 760
7 48 580
48 7 580
7 21 399
21 7 399
7 64 422
64 7 422
7 58 880
58 7 880
7 31 782
31 7 782
7 57 863
57 7 863
8 12 986
12 8 986
8 14 779
14 8 779
8 23 910
23 8 910
8 33 111
33 8 111
8 90 281
90 8 281
8 76 545
76 8 545
8 83 143
83 8 143
8 58 688
58 8 688
8 88 443
88 8 443
8 71 192
71 8 192
8 37 79
37 8 79
8 77 746
77 8 746
8 40 865
40 8 865
8 76 191
76 8 191
8 14 528
14 8 528
8 68 861
68 8 861
8 14 330
14 8 330
8 9 6
9 8 6
9 45 845
45 9 845
9 49 221
49 9 221
9 69 744
69 9 744
9 18 253
18 9 253
9 20 764
20 9 764
9 76 581
76 9 581
9 17 30
17 9 30
9 74 177
74 9 177
9 87 164
87 9 164
9 80 88
80 9 88
9 39 635
39 9 635
9 78 466
78 9 466
9 15 1
15 9 1
9 73 832
73 9 832
9 62 301
62 9 301
9 21 245
21 9 245
9 45 766
45 9 766
9 55 201
55 9 201
9 42 444
42 9 444
9 72 891
72 9 891
9 71 491
71 9 491
9 64 168
64 9 168
9 86 708
86 9 708
10 24 891
24 10 891
10 59 821
59 10 821
10 63 788
63 10 788
10 81 293
81 10 293
10 48 704
48 10 704
10 79 252
79 10 252
10 27 422
27 10 422
10 66 860
66 10 860
10 60 540
60 10 540
10 46 446
46 10 446
10 33 944
33 10 944
10 58 395
58 10 395
10 43 808
43 10 808
10 88 897
88 10 897
10 39 135
39 10 135
10 70 653
70 10 653
10 70 679
70 10 679
10 76 353
76 10 353
10 84 183
84 10 183
10 80 48
80 10 48
10 58 171
58 10 171
10 57 759
57 10 759
10 40 528
40 10 528
11 29 878
29 11 878
11 61 395
61 11 395
11 83 683
83 11 683
11 64 859
64 11 859
11 45 930
45 11 930
11 25 391
25 11 391
11 47 739
47 11 739
11 20 591
20 11 591
11 39 895
39 11 895
11 87 739
87 11 739
11 38 396
38 11 396
11 37 335
37 11 335
11 88 501
88 11 501
11 25 444
25 11 444
11 42 16
42 11 16
11 19 543
19 11 543
11 86 987
86 11 987
11 19 754
19 11 754
11 37 932
37 11 932
11 81 498
81 11 498
11 12 547
12 11 547
11 77 35
77 11 35
11 71 70
71 11 70
12 56 470
56 12 470
12 53 32
53 12 32
12 53 241
53 12 241
12 67 124
67 12 124
12 60 694
60 12 694
12 22 44
22 12 44
12 79 448
79 12 448
12 74 817
74 12 817
12 62 153
62 12 153
12 71 567
71 12 567
12 51 412
51 12 412
12 81 596
81 12 596
12 51 880
51 12 880
12 72 169
72 12 169
12 22 818
22 12 818
12 89 494
89 12 494
12 57 617
57 12 617
12 13 789
13 12 789
12 46 826
46 12 826
12 86 198
86 12 198
12 72 538
72 12 538
13 17 897
17 13 897
13 18 365
18 13 365
13 51 280
51 13 280
13 79 791
79 13 791
13 78 86
78 13 86
13 55 489
55 13 489
13 83 720
83 13 720
13 85 857
85 13 857
13 42 504
42 13 504
13 85 578
85 13 578
13 17 764
17 13 764
13 58 24
58 13 24
13 55 711
55 13 711
13 30 42
30 13 42
13 21 62
21 13 62
13 86 764
86 13 764
13 23 724
23 13 724
13 21 896
21 13 896
13 88 546
88 13 546
13 29 330
29 13 330
13 89 100
89 13 100
14 51 512
51 14 512
14 20 547
20 14 547
14 53 161
53 14 161
14 30 687
30 14 687
14 29 734
29 14 734
14 85 612
85 14 612
14 62 127
62 14 127
14 18 810
18 14 810
14 16 578
16 14 578
14 59 943
59 14 943
14 82 1000
82 14 1000
14 17 96
17 14 96
14 15 445
15 14 445
15 28 747
28 15 747
15 44 51
44 15 51
15 66 412
66 15 412
15 60 123
60 15 123
15 16 903
16 15 903
15 61 635
61 15 635
15 52 823
52 15 823
15 53 993
53 15 993
15 45 371
45 15 371
15 37 974
37 15 974
15 31 377
31 15 377
15 47 135
47 15 135
15 44 399
44 15 399
15 25 132
25 15 132
15 25 727
25 15 727
15 77 286
77 15 286
15 30 227
30 15 227
16 58 858
58 16 858
16 82 392
82 16 392
16 52 748
52 16 748
16 86 557
86 16 557
16 84 685
84 16 685
16 29 310
29 16 310
16 46 814
46 16 814
16 47 791
47 16 791
16 23 452
23 16 452
16 19 929
19 16 929
16 23 116
23 16 116
16 59 534
59 16 534
16 56 323
56 16 323
16 54 44
54 16 44
16 48 744
48 16 744
16 19 568
19 16 568
16 42 193
42 16 193
17 72 46
72 17 46
17 56 207
56 17 207
17 43 467
43 17 467
17 87 507
87 17 507
17 25 327
25 17 327
17 90 481
90 17 481
17 82 899
82 17 899
17 23 361
23 17 361
17 71 95
71 17 95
17 65 985
65 17 985
17 39 16
39 17 16
17 21 313
21 17 313
17 52 76
52 17 76
17 56 754
56 17 754
17 65 994
65 17 994
17 41 500
41 17 500
18 75 16
75 18 16
18 83 708
83 18 708
18 46 507
46 18 507
18 43 67
43 18 67
18 68 434
68 18 434
18 65 94
65 18 94
18 60 517
60 18 517
18 22 955
22 18 955
18 85 578
85 18 578
18 54 441
54 18 441
18 62 719
62 18 719
18 55 392
55 18 392
18 31 292
31 18 292
18 54 919
54 18 919
18 44 110
44 18 110
18 38 373
38 18 373
18 67 757
67 18 757
18 23 639
23 18 639
18 48 509
48 18 509
19 88 731
88 19 731
19 59 797
59 19 797
19 19 285
19 19 285
19 35 210
35 19 210
19 71 153
71 19 153
19 30 220
30 19 220
19 52 563
52 19 563
19 46 531
46 19 531
19 49 623
49 19 623
19 31 425
31 19 425
19 49 614
49 19 614
19 90 694
90 19 694
19 26 933
26 19 933
19 82 211
82 19 211
20 42 266
42 20 266
20 67 283
67 20 283
20 36 712
36 20 712
20 46 285
46 20 285
20 75 9
75 20 9
20 40 321
40 20 321
20 31 55
31 20 55
20 31 117
31 20 117
20 54 8
54 20 8
20 66 99
66 20 99
20 61 959
61 20 959
20 60 367
60 20 367
20 48 16
48 20 16
20 81 530
81 20 530
20 24 841
24 20 841
20 27 848
27 20 848
20 46 82
46 20 82
20 44 831
44 20 831
21 34 693
34 21 693
21 50 768
50 21 768
21 68 167
68 21 167
21 24 519
24 21 519
21 63 529
63 21 529
21 83 296
83 21 296
21 41 938
41 21 938
21 71 743
71 21 743
21 35 240
35 21 240
21 70 182
70 21 182
21 68 380
68 21 380
21 73 573
73 21 573
21 59 709
59 21 709
21 64 170
64 21 170
21 60 863
60 21 863
21 46 413
46 21 413
21 56 121
56 21 121
21 74 908
74 21 908
21 31 562
31 21 562
21 72 412
72 21 412
22 88 627
88 22 627
22 28 277
28 22 277
22 36 317
36 22 317
22 28 73
28 22 73
22 41 544
41 22 544
22 79 752
79 22 752
22 58 348
58 22 348
22 54 335
54 22 335
22 30 740
30 22 740
22 54 480
54 22 480
22 49 729
49 22 729
22 66 145
66 22 145
22 48 668
48 22 668
23 85 864
85 23 864
23 51 408
51 23 408
23 69 277
69 23 277
23 50 685
50 23 685
23 67 404
67 23 404
23 62 254
62 23 254
23 24 854
24 23 854
23 45 641
45 23 641
23 81 746
81 23 746
23 32 54
32 23 54
23 64 988
64 23 988
23 26 461
26 23 461
23 47 47
47 23 47
23 44 874
44 23 874
23 40 595
40 23 595
23 73 149
73 23 149
24 71 663
71 24 663
24 31 742
31 24 742
24 71 246
71 24 246
24 26 452
26 24 452
24 27 51
27 24 51
24 77 7
77 24 7
24 33 394
33 24 394
24 71 936
71 24 936
24 47 749
47 24 749
24 69 593
69 24 593
24 66 945
66 24 945
24 57 256
57 24 256
24 81 590
81 24 590
24 87 818
87 24 818
24 30 583
30 24 583
24 51 506
51 24 506
24 49 452
49 24 452
25 73 348
73 25 348
25 70 127
70 25 127
25 66 641
66 25 641
25 81 330
81 25 330
25 85 520
85 25 520
25 64 887
64 25 887
25 73 246
73 25 246
25 73 208
73 25 208
25 81 893
81 25 893
25 61 442
61 25 442
25 84 762
84 25 762
25 56 523
56 25 523
25 70 287
70 25 287
25 86 448
86 25 448
25 53 352
53 25 352
25 71 534
71 25 534
25 89 331
89 25 331
25 88 911
88 25 911
26 69 223
69 26 223
26 55 940
55 26 940
26 39 32
39 26 32
26 55 558
55 26 558
26 62 427
62 26 427
26 35 858
35 26 858
26 40 23
40 26 23
26 76 418
76 26 418
26 54 920
54 26 920
27 70 667
70 27 667
27 64 650
64 27 650
27 68 669
68 27 669
27 70 998
70 27 998
27 76 300
76 27 300
27 34 327
34 27 327
27 87 996
87 27 996
27 27 31
27 27 31
27 69 354
69 27 354
27 59 770
59 27 770
27 67 828
67 27 828
27 90 804
90 27 804
28 82 447
82 28 447
28 60 392
60 28 392
28 86 578
86 28 578
28 50 20
50 28 20
28 29 726
29 28 726
28 87 26
87 28 26
28 58 761
58 28 761
28 86 321
86 28 321
28 82 664
82 28 664
28 57 259
57 28 259
28 86 280
86 28 280
28 48 763
48 28 763
28 40 471
40 28 471
28 49 940
49 28 940
28 71 519
71 28 519
28 30 587
30 28 587
29 72 960
72 29 960
29 35 343
35 29 343
29 82 637
82 29 637
29 87 972
87 29 972
29 36 623
36 29 623
29 62 275
62 29 275
29 52 902
52 29 902
29 45 962
45 29 962
29 61 336
61 29 336
29 75 853
75 29 853
29 39 66
39 29 66
29 87 145
87 29 145
29 51 336
51 29 336
30 37 821
37 30 821
30 57 655
57 30 655
30 65 654
65 30 654
30 33 432
33 30 432
30 48 222
48 30 222
30 68 281
68 30 281
30 76 588
76 30 588
30 82 300
82 30 300
30 74 87
74 30 87
30 57 178
57 30 178
30 59 294
59 30 294
30 84 267
84 30 267
30 63 212
63 30 212
30 78 540
78 30 540
31 32 261
32 31 261
31 64 876
64 31 876
31 74 939
74 31 939
31 64 500
64 31 500
31 55 722
55 31 722
31 53 196
53 31 196
31 72 847
72 31 847
31 43 846
43 31 846
31 64 891
64 31 891
31 77 742
77 31 742
31 88 209
88 31 209
31 46 86
46 31 86
31 78 534
78 31 534
31 63 948
63 31 948
32 36 607
36 32 607
32 43 11
43 32 11
32 62 568
62 32 568
32 65 720
65 32 720
32 42 875
42 32 875
32 47 230
47 32 230
32 41 773
41 32 773
32 69 832
69 32 832
32 34 339
34 32 339
32 88 28
88 32 28
32 80 984
80 32 984
32 72 698
72 32 698
32 83 924
83 32 924
32 68 81
68 32 81
32 72 421
72 32 421
33 76 700
76 33 700
33 70 758
70 33 758
33 49 538
49 33 538
33 84 774
84 33 774
33 49 178
49 33 178
33 58 904
58 33 904
33 45 118
45 33 118
33 78 221
78 33 221
33 46 840
46 33 840
33 76 714
76 33 714
33 52 975
52 33 975
33 65 391
65 33 391
33 58 828
58 33 828
34 53 486
53 34 486
34 69 950
69 34 950
34 63 883
63 34 883
34 51 201
51 34 201
34 61 720
61 34 720
34 87 932
87 34 932
34 83 866
83 34 866
34 67 914
67 34 914
34 52 558
52 34 558
34 90 411
90 34 411
34 71 12
71 34 12
34 75 805
75 34 805
34 63 375
63 34 375
34 89 891
89 34 891
34 65 977
65 34 977
34 45 738
45 34 738
35 54 806
54 35 806
35 61 868
61 35 868
35 70 544
70 35 544
35 87 489
87 35 489
35 65 92
65 35 92
35 43 559
43 35 559
36 48 658
48 36 658
36 89 717
89 36 717
36 58 922
58 36 922
36 86 655
86 36 655
36 39 711
39 36 711
36 67 501
67 36 501
36 80 543
80 36 543
36 46 843
46 36 843
36 78 87
78 36 87
36 78 269
78 36 269
36 70 930
70 36 930
36 65 22
65 36 22
37 49 454
49 37 454
37 60 934
60 37 934
37 71 779
71 37 779
37 47 539
47 37 539
37 48 603
48 37 603
37 56 723
56 37 723
37 83 695
83 37 695
37 72 884
72 37 884
37 68 265
68 37 265
37 87 731
87 37 731
38 41 985
41 38 985
38 49 550
49 38 550
38 79 720
79 38 720
38 47 241
47 38 241
38 63 334
63 38 334
38 81 143
81 38 143
38 61 241
61 38 241
38 39 313
39 38 313
38 73 580
73 38 580
38 63 776
63 38 776
38 40 532
40 38 532
39 66 207
66 39 207
39 72 457
72 39 457
39 78 909
78 39 909
39 42 60
42 39 60
39 63 602
63 39 602
39 90 617
90 39 617
39 70 84
70 39 84
39 40 198
40 39 198
39 48 202
48 39 202
39 58 455
58 39 455
39 43 908
43 39 908
39 74 459
74 39 459
39 45 124
45 39 124
39 89 844
89 39 844
40 43 961
43 40 961
40 62 274
62 40 274
40 70 494
70 40 494
40 42 716
42 40 716
40 53 547
53 40 547
40 44 952
44 40 952
40 62 753
62 40 753
40 81 419
81 40 419
40 82 750
82 40 750
40 78 298
78 40 298
40 88 261
88 40 261
41 52 545
52 41 545
41 62 70
62 41 70
41 85 955
85 41 955
41 55 779
55 41 779
41 43 404
43 41 404
41 64 608
64 41 608
41 46 689
46 41 689
41 79 279
79 41 279
41 77 322
77 41 322
41 64 810
64 41 810
41 65 600
65 41 600
41 83 792
83 41 792
41 68 423
68 41 423
41 71 662
71 41 662
42 47 28
47 42 28
42 59 508
59 42 508
42 81 252
81 42 252
42 45 149
45 42 149
42 69 242
69 42 242
42 80 502
80 42 502
42 62 691
62 42 691
42 60 873
60 42 873
43 86 849
86 43 849
43 48 184
48 43 184
43 75 814
75 43 814
43 63 387
63 43 387
43 47 992
47 43 992
43 56 735
56 43 735
43 54 207
54 43 207
43 81 83
81 43 83
43 88 796
88 43 796
43 71 857
71 43 857
43 45 654
45 43 654
43 66 225
66 43 225
43 45 640
45 43 640
44 53 620
53 44 620
44 49 622
49 44 622
44 57 818
57 44 818
44 82 871
82 44 871
44 83 87
83 44 87
44 87 106
87 44 106
44 49 192
49 44 192
44 51 477
51 44 477
45 48 948
48 45 948
45 55 366
55 45 366
45 69 688
69 45 688
45 73 27
73 45 27
45 85 704
85 45 704
45 78 153
78 45 153
45 59 890
59 45 890
45 74 91
74 45 91
46 80 149
80 46 149
46 80 405
80 46 405
46 73 177
73 46 177
46 89 606
89 46 606
46 83 429
83 46 429
46 85 988
85 46 988
46 89 76
89 46 76
47 60 658
60 47 658
47 80 494
80 47 494
47 87 886
87 47 886
47 65 826
65 47 826
47 85 625
85 47 625
47 84 541
84 47 541
47 47 730
47 47 730
47 86 370
86 47 370
47 81 867
81 47 867
47 67 226
67 47 226
47 68 737
68 47 737
47 55 634
55 47 634
48 84 315
84 48 315
48 56 925
56 48 925
48 53 179
53 48 179
48 71 304
71 48 304
48 62 917
62 48 917
48 79 285
79 48 285
48 50 24
50 48 24
48 48 351
48 48 351
48 77 435
77 48 435
48 81 412
81 48 412
48 57 941
57 48 941
48 72 903
72 48 903
48 62 862
62 48 862
48 75 385
75 48 385
48 63 260
63 48 260
48 63 827
63 48 827
48 84 927
84 48 927
48 69 733
69 48 733
49 53 987
53 49 987
49 86 572
86 49 572
49 72 342
72 49 342
49 51 323
51 49 323
49 49 993
49 49 993
49 86 252
86 49 252
49 66 817
66 49 817
49 66 299
66 49 299
49 89 636
89 49 636
49 80 728
80 49 728
49 65 346
65 49 346
49 61 74
61 49 74
49 52 127
52 49 127
49 74 137
74 49 137
49 56 546
56 49 546
50 50 814
50 50 814
50 73 810
73 50 810
50 83 382
83 50 382
50 86 392
86 50 392
50 70 711
70 50 711
50 54 765
54 50 765
50 90 778
90 50 778
51 71 486
71 51 486
51 68 760
68 51 760
51 78 618
78 51 618
51 63 154
63 51 154
51 61 887
61 51 887
51 60 800
60 51 800
51 84 399
84 51 399
51 71 805
71 51 805
51 82 665
82 51 665
52 71 547
71 52 547
52 86 582
86 52 582
52 56 948
56 52 948
52 70 509
70 52 509
52 57 447
57 52 447
52 76 152
76 52 152
52 65 190
65 52 190
52 69 593
69 52 593
52 67 927
67 52 927
52 64 759
64 52 759
52 88 821
88 52 821
52 67 823
67 52 823
53 79 561
79 53 561
53 66 66
66 53 66
53 69 888
69 53 888
53 63 968
63 53 968
53 61 675
61 53 675
54 85 505
85 54 505
54 54 716
54 54 716
54 54 572
54 54 572
54 70 657
70 54 657
54 56 292
56 54 292
54 72 387
72 54 387
54 81 685
81 54 685
54 87 82
87 54 82
54 83 629
83 54 629
54 57 994
57 54 994
55 81 261
81 55 261
55 69 545
69 55 545
55 59 35
59 55 35
56 70 879
70 56 879
56 69 272
69 56 272
56 82 142
82 56 142
56 89 886
89 56 886
56 82 618
82 56 618
56 88 220
88 56 220
56 61 771
61 56 771
56 80 774
80 56 774
56 60 253
60 56 253
57 90 383
90 57 383
57 79 840
79 57 840
57 80 680
80 57 680
57 65 97
65 57 97
57 85 520
85 57 520
57 87 39
87 57 39
58 73 264
73 58 264
58 82 705
82 58 705
58 70 596
70 58 596
58 63 520
63 58 520
58 71 772
71 58 772
59 73 222
73 59 222
59 67 803
67 59 803
59 79 86
79 59 86
59 59 113
59 59 113
59 77 649
77 59 649
60 75 932
75 60 932
60 62 428
62 60 428
60 75 887
75 60 887
60 73 362
73 60 362
61 62 394
62 61 394
61 77 323
77 61 323
61 90 936
90 61 936
62 82 117
82 62 117
62 87 28
87 62 28
62 81 342
81 62 342
62 67 191
67 62 191
62 75 113
75 62 113
63 89 903
89 63 903
63 80 240
80 63 240
63 81 982
81 63 982
63 64 696
64 63 696
63 67 43
67 63 43
63 68 678
68 63 678
63 70 985
70 63 985
64 67 645
67 64 645
64 64 88
64 64 88
64 69 719
69 64 719
64 76 963
76 64 963
64 72 877
72 64 877
65 75 325
75 65 325
65 82 323
82 65 323
65 82 489
82 65 489
65 81 521
81 65 521
66 72 144
72 66 144
66 77 854
77 66 854
66 89 133
89 66 133
66 90 453
90 66 453
67 75 682
75 67 682
67 88 509
88 67 509
67 82 400
82 67 400
67 88 421
88 67 421
67 86 30
86 67 30
68 70 506
70 68 506
68 82 939
82 68 939
68 71 841
71 68 841
68 84 320
84 68 320
69 77 413
77 69 413
69 76 949
76 69 949
69 82 19
82 69 19
69 86 299
86 69 299
70 71 194
71 70 194
70 77 222
77 70 222
70 84 504
84 70 504
70 75 362
75 70 362
70 85 454
85 70 454
70 79 968
79 70 968
70 76 390
76 70 390
71 75 920
75 71 920
71 79 194
79 71 194
71 89 422
89 71 422
72 79 338
79 72 338
72 82 842
82 72 842
72 85 921
85 72 921
72 87 752
87 72 752
72 73 726
73 72 726
73 79 956
79 73 956
73 78 683
78 73 683
73 79 487
79 73 487
73 88 583
88 73 583
73 74 106
74 73 106
73 78 414
78 73 414
73 76 36
76 73 36
74 76 1
76 74 1
75 81 668
81 75 668
75 83 252
83 75 252
76 85 698
85 76 698
76 77 40
77 76 40
76 90 466
90 76 466
76 77 863
77 76 863
77 78 828
78 77 828
77 82 276
82 77 276
77 86 587
86 77 587
77 88 345
88 77 345
77 82 23
82 77 23
77 81 587
81 77 587
78 88 355
88 78 355
78 81 678
81 78 678
79 86 238
86 79 238
79 88 541
88 79 541
79 89 464
89 79 464
81 90 785
90 81 785
84 89 268
89 84 268
85 87 496
87 85 496
85 89 934
89 85 934
85 86 904
86 85 904
87 87 916
87 87 916
88 90 745
90 88 745
