57

0 1 765
1 0 765
0 2 263
2 0 263
0 3 273
3 0 273
0 4 186
4 0 186
0 45 684
45 0 684
0 34 104
34 0 104
0 13 936
13 0 936
0 9 729
9 0 729
0 39 632
39 0 632
0 44 15
44 0 15
0 34 721
34 0 721
0 5 351
5 0 351
0 1 550
1 0 550
0 51 557
51 0 557
0 37 265
37 0 265
0 24 264
24 0 264
0 55 796
55 0 796
0 38 586
38 0 586
0 41 146
41 0 146
0 2 24
2 0 24
0 17 276
17 0 276
0 24 324
24 0 324
0 54 814
54 0 814
0 27 436
27 0 436
0 15 354
15 0 354
0 34 918
34 0 918
0 28 333
28 0 333
0 26 388
26 0 388
0 25 386
25 0 386
0 46 696
46 0 696
0 34 218
34 0 218
0 39 866
39 0 866
0 15 292
15 0 292
0 41 304
41 0 304
0 41 462
41 0 462
0 50 948
50 0 948
0 28 77
28 0 77
0 46 150
46 0 150
0 49 331
49 0 331
0 15 959
15 0 959
0 1 777
1 0 777
0 25 473
25 0 473
0 16 675
16 0 675
0 42 576
42 0 576
1 9 229
9 1 229
1 47 653
47 1 653
1 34 626
34 1 626
1 46 844
46 1 844
1 20 323
20 1 323
1 8 182
8 1 182
1 2 843
2 1 843
1 29 297
29 1 297
1 3 584
3 1 584
1 40 873
40 1 873
1 32 975
32 1 975
1 56 828
56 1 828
1 51 384
51 1 384
1 17 835
17 1 835
1 46 935
46 1 935
1 32 607
32 1 607
1 13 284
13 1 284
1 7 75
7 1 75
1 1 813
1 1 813
1 56 719
56 1 719
1 32 293
32 1 293
1 3 766
3 1 766
1 7 148
7 1 148
1 11 296
11 1 296
1 3 636
3 1 636
1 32 660
32 1 660
1 16 795
16 1 795
1 28 997
28 1 997
1 27 855
27 1 855
1 1 429
1 1 429
1 29 503
29 1 503
1 8 700
8 1 700
1 33 492
33 1 492
1 26 1
26 1 1
2 10 338
10 2 338
2 13 83
13 2 83
2 14 167
14 2 167
2 15 170
15 2 170
2 30 546
30 2 546
2 29 705
29 2 705
2 10 159
10 2 159
2 19 590
19 2 590
2 10 193
10 2 193
2 13 260
13 2 260
2 55 119
55 2 119
2 14 578
14 2 578
2 23 854
23 2 854
2 21 739
21 2 739
2 34 417
34 2 417
2 36 679
36 2 679
2 50 86
50 2 86
2 26 164
26 2 164
2 50 304
50 2 304
2 5 361
5 2 361
2 29 435
29 2 435
2 7 505
7 2 505
2 34 176
34 2 176
2 53 295
53 2 295
2 19 535
19 2 535
2 6 600
6 2 600
2 19 356
19 2 356
2 9 949
9 2 949
2 44 300
44 2 300
2 56 207
56 2 207
2 37 104
37 2 104
2 26 117
26 2 117
2 12 626
12 2 626
2 56 554
56 2 554
2 52 303
52 2 303
2 49 881
49 2 881
2 53 650
53 2 650
2 17 666
17 2 666
2 6 720
6 2 720
2 33 765
33 2 765
2 29 953
29 2 953
2 32 940
32 2 940
3 5 124
5 3 124
3 12 426
12 3 426
3 19 887
19 3 887
3 22 476
22 3 476
3 49 933
49 3 933
3 55 34
55 3 34
3 6 843
6 3 843
3 24 720
24 3 720
3 45 818
45 3 818
3 52 668
52 3 668
3 34 663
34 3 663
3 54 933
54 3 933
3 39 274
39 3 274
3 30 617
30 3 617
3 22 106
22 3 106
3 55 814
55 3 814
3 5 335
5 3 335
3 40 174
40 3 174
3 33 375
33 3 375
3 47 47
47 3 47
3 23 806
23 3 806
3 33 819
33 3 819
3 54 696
54 3 696
3 46 620
46 3 620
3 36 76
36 3 76
3 20 417
20 3 417
3 44 89
44 3 89
3 13 156
13 3 156
3 16 192
16 3 192
4 6 508
6 4 508
4 8 736
8 4 736
4 19 762
19 4 762
4 52 190
52 4 190
4 21 220
21 4 220
4 48 322
48 4 322
4 21 519
21 4 519
4 21 843
21 4 843
4 12 957
12 4 957
4 35 340
35 4 340
4 51 634
51 4 634
4 16 485
16 4 485
4 27 584
27 4 584
4 9 371
9 4 371
4 28 377
28 4 377
4 35 684
35 4 684
4 43 99
43 4 99
4 44 542
44 4 542
4 36 434
36 4 434
4 54 450
54 4 450
4 9 570
9 4 570
4 40 820
40 4 820
4 24 449
24 4 449
4 52 531
52 4 531
4 32 471
32 4 471
5 11 174
11 5 174
5 21 372
21 5 372
5 26 336
26 5 336
5 6 359
6 5 359
5 17 845
17 5 845
5 5 963
5 5 963
5 31 369
31 5 369
5 56 127
56 5 127
5 54 665
54 5 665
5 7 218
7 5 218
5 49 597
49 5 597
5 9 304
9 5 304
5 34 680
34 5 680
5 19 721
19 5 721
5 9 234
9 5 234
5 17 325
17 5 325
5 34 78
34 5 78
5 48 524
48 5 524
5 39 610
39 5 610
5 21 352
21 5 352
5 15 506
15 5 506
6 7 254
7 6 254
6 56 803
56 6 803
6 14 529
14 6 529
6 45 841
45 6 841
6 11 619
11 6 619
6 12 656
12 6 656
6 17 887
17 6 887
6 14 371
14 6 371
6 37 471
37 6 471
6 7 193
7 6 193
6 35 40
35 6 40
6 42 249
42 6 249
6 41 806
41 6 806
6 31 800
31 6 800
6 13 899
13 6 899
6 6 378
6 6 378
6 7 493
7 6 493
6 18 601
18 6 601
6 12 682
12 6 682
6 55 524
55 6 524
6 48 807
48 6 807
6 47 514
47 6 514
6 7 463
7 6 463
7 52 721
52 7 721
7 22 499
22 7 499
7 12 592
12 7 592
7 8 835
8 7 835
7 52 80
52 7 80
7 9 251
9 7 251
7 12 807
12 7 807
7 56 54
56 7 54
7 35 973
35 7 973
7 8 326
8 7 326
7 15 248
15 7 248
7 11 608
11 7 608
7 8 741
8 7 741
7 19 580
19 7 580
7 54 957
54 7 957
7 34 558
34 7 558
7 51 148
51 7 148
7 28 667
28 7 667
7 8 773
8 7 773
7 24 284
24 7 284
7 54 482
54 7 482
7 22 564
22 7 564
7 26 894
26 7 894
8 18 989
18 8 989
8 25 22
25 8 22
8 49 606
49 8 606
8 48 758
48 8 758
8 29 68
29 8 68
8 39 551
39 8 551
8 54 375
54 8 375
8 40 954
40 8 954
8 33 717
33 8 717
8 39 144
39 8 144
8 15 162
15 8 162
8 32 165
32 8 165
8 24 104
24 8 104
8 18 755
18 8 755
8 48 160
48 8 160
8 28 174
28 8 174
8 52 705
52 8 705
8 21 275
21 8 275
8 39 967
39 8 967
8 32 733
32 8 733
8 44 388
44 8 388
8 53 14
53 8 14
8 15 789
15 8 789
8 15 168
15 8 168
8 46 677
46 8 677
8 50 902
50 8 902
8 44 711
44 8 711
8 37 336
37 8 336
8 13 324
13 8 324
8 26 718
26 8 718
8 9 516
9 8 516
9 20 299
20 9 299
9 37 197
37 9 197
9 24 543
24 9 543
9 54 291
54 9 291
9 25 95
25 9 95
9 28 325
28 9 325
9 45 628
45 9 628
9 43 924
43 9 924
9 36 38
36 9 38
9 56 906
56 9 906
9 30 158
30 9 158
9 34 45
34 9 45
9 42 209
42 9 209
9 31 665
31 9 665
9 16 397
16 9 397
9 32 701
32 9 701
9 40 951
40 9 951
9 12 430
12 9 430
9 44 508
44 9 508
9 26 281
26 9 281
9 49 166
49 9 166
9 45 529
45 9 529
9 46 656
46 9 656
9 23 744
23 9 744
9 46 425
46 9 425
9 42 724
42 9 724
9 45 917
45 9 917
10 47 57
47 10 57
10 39 420
39 10 420
10 15 876
15 10 876
10 49 431
49 10 431
10 54 869
54 10 869
10 32 665
32 10 665
10 25 241
25 10 241
10 14 56
14 10 56
10 55 900
55 10 900
10 17 339
17 10 339
10 11 881
11 10 881
10 53 229
53 10 229
10 35 525
35 10 525
10 30 676
30 10 676
10 31 493
31 10 493
10 24 556
24 10 556
10 26 898
26 10 898
10 38 88
38 10 88
10 19 859
19 10 859
10 44 18
44 10 18
10 12 608
12 10 608
10 27 224
27 10 224
10 40 664
40 10 664
10 49 600
49 10 600
10 32 959
32 10 959
10 30 654
30 10 654
11 34 891
34 11 891
11 52 111
52 11 111
11 54 566
54 11 566
11 15 566
15 11 566
11 14 612
14 11 612
11 50 336
50 11 336
11 52 314
52 11 314
11 49 788
49 11 788
11 17 261
17 11 261
11 26 996
26 11 996
11 30 164
30 11 164
11 23 635
23 11 635
11 16 777
16 11 777
11 53 415
53 11 415
11 38 759
38 11 759
11 37 530
37 11 530
11 12 51
12 11 51
11 35 867
35 11 867
11 21 990
21 11 990
11 27 862
27 11 862
11 54 222
54 11 222
11 36 491
36 11 491
11 32 173
32 11 173
12 16 317
16 12 317
12 22 567
22 12 567
12 32 256
32 12 256
12 37 268
37 12 268
12 27 760
27 12 760
12 24 953
24 12 953
12 34 20
34 12 20
12 17 191
17 12 191
12 28 241
28 12 241
12 34 300
34 12 300
12 25 510
25 12 510
12 52 810
52 12 810
12 37 855
37 12 855
12 33 908
33 12 908
12 46 76
46 12 76
12 33 284
33 12 284
12 22 873
22 12 873
12 52 814
52 12 814
13 33 166
33 13 166
13 38 31
38 13 31
13 44 229
44 13 229
13 45 98
45 13 98
13 43 722
43 13 722
13 19 272
19 13 272
13 15 650
15 13 650
13 33 437
33 13 437
13 48 43
48 13 43
13 21 911
21 13 911
13 43 937
43 13 937
13 28 448
28 13 448
13 18 240
18 13 240
13 54 887
54 13 887
13 22 135
22 13 135
13 19 125
19 13 125
13 13 594
13 13 594
13 19 145
19 13 145
14 35 613
35 14 613
14 36 214
36 14 214
14 43 671
43 14 671
14 55 682
55 14 682
14 39 165
39 14 165
14 23 445
23 14 445
14 26 823
26 14 823
14 36 244
36 14 244
14 38 985
38 14 985
14 40 461
40 14 461
14 51 162
51 14 162
14 23 167
23 14 167
14 42 328
42 14 328
14 39 20
39 14 20
14 25 401
25 14 401
14 18 748
18 14 748
14 16 908
16 14 908
14 56 367
56 14 367
14 16 31
16 14 31
14 30 954
30 14 954
14 31 337
31 14 337
14 43 696
43 14 696
15 26 301
26 15 301
15 28 242
28 15 242
15 19 345
19 15 345
15 32 369
32 15 369
15 25 474
25 15 474
15 34 47
34 15 47
15 56 825
56 15 825
15 30 120
30 15 120
15 53 763
53 15 763
15 19 613
19 15 613
15 27 389
27 15 389
15 32 194
32 15 194
16 17 291
17 16 291
16 56 160
56 16 160
16 44 94
44 16 94
16 37 860
37 16 860
16 43 53
43 16 53
16 32 111
32 16 111
16 19 799
19 16 799
16 36 6
36 16 6
16 23 737
23 16 737
16 32 94
32 16 94
16 46 914
46 16 914
16 23 90
23 16 90
16 46 208
46 16 208
16 18 138
18 16 138
16 47 400
47 16 400
16 18 117
18 16 117
16 27 818
27 16 818
16 41 555
41 16 555
16 25 801
25 16 801
16 43 653
43 16 653
16 36 964
36 16 964
16 18 743
18 16 743
17 23 295
23 17 295
17 27 573
27 17 573
17 18 747
18 17 747
17 54 178
54 17 178
17 29 536
29 17 536
17 20 479
20 17 479
17 49 756
49 17 756
17 38 748
38 17 748
17 49 664
49 17 664
17 52 781
52 17 781
17 47 154
47 17 154
17 32 774
32 17 774
17 19 351
19 17 351
17 46 202
46 17 202
17 22 516
22 17 516
17 19 450
19 17 450
17 47 718
47 17 718
17 27 410
27 17 410
17 56 730
56 17 730
17 44 909
44 17 909
17 43 269
43 17 269
17 19 799
19 17 799
17 23 924
23 17 924
17 42 779
42 17 779
17 28 467
28 17 467
17 40 763
40 17 763
17 24 785
24 17 785
17 30 495
30 17 495
17 48 727
48 17 727
18 24 577
24 18 577
18 27 380
27 18 380
18 24 682
24 18 682
18 48 931
48 18 931
18 49 893
49 18 893
18 53 429
53 18 429
18 38 654
38 18 654
18 51 499
51 18 499
18 46 446
46 18 446
18 40 208
40 18 208
18 30 239
30 18 239
18 51 56
51 18 56
18 24 84
24 18 84
18 31 934
31 18 934
18 42 368
42 18 368
18 28 433
28 18 433
18 37 375
37 18 375
18 38 11
38 18 11
18 20 613
20 18 613
19 29 833
29 19 833
19 41 174
41 19 174
19 35 635
35 19 635
19 25 453
25 19 453
19 46 707
46 19 707
19 46 213
46 19 213
19 54 315
54 19 315
19 47 743
47 19 743
19 33 269
33 19 269
19 52 739
52 19 739
19 20 235
20 19 235
19 30 602
30 19 602
19 31 776
31 19 776
19 54 844
54 19 844
19 21 516
21 19 516
19 52 931
52 19 931
19 21 245
21 19 245
19 50 720
50 19 720
19 41 194
41 19 194
19 56 907
56 19 907
19 53 695
53 19 695
19 20 162
20 19 162
20 32 6
32 20 6
20 23 755
23 20 755
20 26 789
26 20 789
20 27 354
27 20 354
20 20 172
20 20 172
20 48 225
48 20 225
20 41 589
41 20 589
20 30 516
30 20 516
20 56 229
56 20 229
20 47 174
47 20 174
20 56 369
56 20 369
20 37 826
37 20 826
20 21 264
21 20 264
20 41 35
41 20 35
20 56 307
56 20 307
20 50 228
50 20 228
20 31 360
31 20 360
20 29 39
29 20 39
20 33 160
33 20 160
20 34 327
34 20 327
20 21 200
21 20 200
20 34 372
34 20 372
21 23 837
23 21 837
21 31 860
31 21 860
21 22 722
22 21 722
21 33 974
33 21 974
21 22 977
22 21 977
21 27 434
27 21 434
21 45 335
45 21 335
21 36 618
36 21 618
21 37 294
37 21 294
21 25 113
25 21 113
21 51 943
51 21 943
21 32 13
32 21 13
21 24 998
24 21 998
22 48 856
48 22 856
22 31 246
31 22 246
22 23 994
23 22 994
22 31 665
31 22 665
22 29 424
29 22 424
22 41 725
41 22 725
22 24 324
24 22 324
22 24 231
24 22 231
22 43 435
43 22 435
22 46 702
46 22 702
22 24 854
24 22 854
22 47 937
47 22 937
22 52 668
52 22 668
22 31 444
31 22 444
22 29 643
29 22 643
22 46 617
46 22 617
23 24 887
24 23 887
23 55 35
55 23 35
23 23 523
23 23 523
23 49 558
49 23 558
23 36 808
36 23 808
23 50 72
50 23 72
23 30 502
30 23 502
23 53 585
53 23 585
23 42 586
42 23 586
23 34 117
34 23 117
23 56 658
56 23 658
23 33 565
33 23 565
23 44 464
44 23 464
23 39 401
39 23 401
23 33 176
33 23 176
23 43 219
43 23 219
23 47 504
47 23 504
23 27 774
27 23 774
23 28 687
28 23 687
23 26 525
26 23 525
23 33 87
33 23 87
23 24 735
24 23 735
24 27 777
27 24 777
24 43 199
43 24 199
24 36 312
36 24 312
24 47 821
47 24 821
24 35 642
35 24 642
24 34 99
34 24 99
24 28 840
28 24 840
24 48 744
48 24 744
24 50 810
50 24 810
24 50 916
50 24 916
24 31 782
31 24 782
24 26 797
26 24 797
24 50 841
50 24 841
24 51 840
51 24 840
24 49 432
49 24 432
25 26 920
26 25 920
25 40 120
40 25 120
25 47 529
47 25 529
25 45 454
45 25 454
25 29 462
29 25 462
25 37 599
37 25 599
25 38 124
38 25 124
25 29 599
29 25 599
25 31 942
31 25 942
25 26 747
26 25 747
25 41 329
41 25 329
25 53 402
53 25 402
25 41 635
41 25 635
25 35 142
35 25 142
25 36 187
36 25 187
26 42 809
42 26 809
26 44 337
44 26 337
26 34 146
34 26 146
26 30 993
30 26 993
26 38 380
38 26 380
26 44 874
44 26 874
26 39 640
39 26 640
26 34 141
34 26 141
26 34 406
34 26 406
26 45 978
45 26 978
26 27 248
27 26 248
26 34 349
34 26 349
27 31 232
31 27 232
27 35 619
35 27 619
27 31 257
31 27 257
27 38 314
38 27 314
27 55 44
55 27 44
27 53 747
53 27 747
27 43 927
43 27 927
27 40 690
40 27 690
27 50 811
50 27 811
27 35 952
35 27 952
27 35 561
35 27 561
27 47 949
47 27 949
28 54 415
54 28 415
28 45 961
45 28 961
28 49 864
49 28 864
28 54 371
54 28 371
28 45 911
45 28 911
28 47 706
47 28 706
28 53 943
53 28 943
28 49 497
49 28 497
28 38 341
38 28 341
28 51 896
51 28 896
28 55 452
55 28 452
28 41 542
41 28 542
28 50 364
50 28 364
28 39 102
39 28 102
29 55 980
55 29 980
29 34 639
34 29 639
29 54 908
54 29 908
29 42 697
42 29 697
29 51 203
51 29 203
29 38 986
38 29 986
29 52 905
52 29 905
29 38 778
38 29 778
29 36 981
36 29 981
29 47 837
47 29 837
29 53 297
53 29 297
29 40 202
40 29 202
29 37 495
37 29 495
29 29 893
29 29 893
29 48 697
48 29 697
30 51 857
51 30 857
30 52 393
52 30 393
30 48 900
48 30 900
30 48 853
48 30 853
30 39 855
39 30 855
30 32 138
32 30 138
30 46 515
46 30 515
30 34 105
34 30 105
30 50 181
50 30 181
30 51 476
51 30 476
30 55 878
55 30 878
30 51 405
51 30 405
30 31 861
31 30 861
30 49 399
49 30 399
30 55 219
55 30 219
30 32 199
32 30 199
30 46 455
46 30 455
30 51 595
51 30 595
31 39 715
39 31 715
31 54 149
54 31 149
31 35 26
35 31 26
31 35 144
35 31 144
31 43 964
43 31 964
31 49 581
49 31 581
31 53 127
53 31 127
31 34 745
34 31 745
31 34 593
34 31 593
31 34 882
34 31 882
31 50 632
50 31 632
31 34 272
34 31 272
31 48 899
48 31 899
31 50 193
50 31 193
31 44 358
44 31 358
31 35 265
35 31 265
32 40 866
40 32 866
32 52 163
52 32 163
32 51 798
51 32 798
32 35 603
35 32 603
32 50 702
50 32 702
32 37 888
37 32 888
32 33 38
33 32 38
32 47 985
47 32 985
32 42 575
42 32 575
32 42 774
42 32 774
32 49 950
49 32 950
33 53 194
53 33 194
33 46 6
46 33 6
33 39 855
39 33 855
33 42 543
42 33 543
33 43 301
43 33 301
33 49 628
49 33 628
33 53 865
53 33 865
33 55 221
55 33 221
33 56 666
56 33 666
33 38 754
38 33 754
33 41 457
41 33 457
33 51 413
51 33 413
33 43 701
43 33 701
34 49 239
49 34 239
34 41 351
41 34 351
34 42 506
42 34 506
34 43 949
43 34 949
34 35 963
35 34 963
34 41 832
41 34 832
34 49 572
49 34 572
34 52 421
52 34 421
34 42 887
42 34 887
34 44 405
44 34 405
34 37 196
37 34 196
34 39 543
39 34 543
34 44 184
44 34 184
35 51 290
51 35 290
35 52 899
52 35 899
35 49 327
49 35 327
35 38 839
38 35 839
35 56 385
56 35 385
35 46 847
46 35 847
36 50 219
50 36 219
36 40 676
40 36 676
36 37 824
37 36 824
36 51 643
51 36 643
36 56 102
56 36 102
36 51 906
51 36 906
36 50 362
50 36 362
36 49 231
49 36 231
36 55 549
55 36 549
36 46 996
46 36 996
36 42 534
42 36 534
37 40 364
40 37 364
37 43 537
43 37 537
37 40 338
40 37 338
37 42 453
42 37 453
37 50 989
50 37 989
37 40 101
40 37 101
37 40 373
40 37 373
38 49 132
49 38 132
38 43 287
43 38 287
38 54 40
54 38 40
38 53 641
53 38 641
38 43 185
43 38 185
38 41 507
41 38 507
38 54 959
54 38 959
38 55 474
55 38 474
38 39 910
39 38 910
38 56 971
56 38 971
38 50 54
50 38 54
38 44 216
44 38 216
38 55 164
55 38 164
38 39 613
39 38 613
38 53 690
53 38 690
39 49 129
49 39 129
39 53 321
53 39 321
39 39 556
39 39 556
39 50 663
50 39 663
39 53 848
53 39 848
39 55 503
55 39 503
39 46 228
46 39 228
39 55 526
55 39 526
39 47 117
47 39 117
39 55 647
55 39 647
39 43 658
43 39 658
39 47 41
47 39 41
39 51 89
51 39 89
39 55 643
55 39 643
40 42 932
42 40 932
40 45 73
45 40 73
40 42 556
42 40 556
40 53 255
53 40 255
40 53 211
53 40 211
40 53 289
53 40 289
41 46 612
46 41 612
41 49 794
49 41 794
41 42 478
42 41 478
41 55 874
55 41 874
42 50 106
50 42 106
42 45 67
45 42 67
42 52 540
52 42 540
42 54 481
54 42 481
42 53 563
53 42 563
43 44 38
44 43 38
44 50 397
50 44 397
44 44 544
44 44 544
44 45 926
45 44 926
44 44 753
44 44 753
44 54 278
54 44 278
45 45 662
45 45 662
45 51 570
51 45 570
45 52 651
52 45 651
45 51 448
51 45 448
45 49 915
49 45 915
45 46 128
46 45 128
46 56 817
56 46 817
46 49 866
49 46 866
46 53 575
53 46 575
47 54 863
54 47 863
47 49 982
49 47 982
47 53 513
53 47 513
47 48 963
48 47 963
47 54 332
54 47 332
48 55 886
55 48 886
48 51 478
51 48 478
48 53 786
53 48 786
48 56 565
56 48 565
48 48 801
48 48 801
49 53 829
53 49 829
49 50 31
50 49 31
49 51 350
51 49 350
50 54 660
54 50 660
50 56 270
56 50 270
50 55 744
55 50 744
50 52 69
52 50 69
51 55 383
55 51 383
51 51 913
51 51 913
51 54 173
54 51 173
52 52 445
52 52 445
52 53 941
53 52 941
52 55 184
55 52 184
53 56 450
56 53 450
54 55 250
55 54 250
54 54 920
54 54 920
54 55 546
55 54 546
55 56 457
56 55 457
56 56 755
56 56 755
