82

0 1 85
1 0 85
0 3 605
3 0 605
0 7 181
7 0 181
0 25 68
25 0 68
0 48 534
48 0 534
0 14 419
14 0 419
0 60 558
60 0 558
0 35 182
35 0 182
0 75 854
75 0 854
0 51 816
51 0 816
0 54 306
54 0 306
0 22 614
22 0 614
0 61 235
61 0 235
0 81 77
81 0 77
1 2 770
2 1 770
1 24 387
24 1 387
1 36 576
36 1 576
1 45 67
45 1 67
1 72 620
72 1 620
1 80 172
80 1 172
1 77 34
77 1 34
1 79 171
79 1 171
1 44 942
44 1 942
1 11 485
11 1 485
1 56 896
56 1 896
1 32 541
32 1 541
1 68 895
68 1 895
1 29 20
29 1 20
1 36 46
36 1 46
1 57 468
57 1 468
1 77 1000
77 1 1000
1 14 552
14 1 552
2 5 666
5 2 666
2 8 369
8 2 369
2 12 952
12 2 952
2 17 322
17 2 322
2 71 283
71 2 283
2 20 97
20 2 97
2 27 368
27 2 368
2 60 217
60 2 217
2 55 159
55 2 159
2 6 506
6 2 506
2 39 826
39 2 826
2 58 810
58 2 810
2 66 497
66 2 497
2 10 588
10 2 588
2 53 20
53 2 20
2 66 497
66 2 497
2 63 40
63 2 40
2 71 423
71 2 423
3 4 926
4 3 926
3 6 662
6 3 662
3 10 126
10 3 126
3 13 449
13 3 449
3 20 685
20 3 685
3 7 183
7 3 183
3 10 458
10 3 458
3 78 480
78 3 480
3 72 367
72 3 367
3 27 25
27 3 25
3 43 358
43 3 358
3 68 521
68 3 521
3 22 169
22 3 169
3 33 872
33 3 872
3 15 427
15 3 427
3 65 918
65 3 918
3 4 18
4 3 18
3 53 408
53 3 408
3 15 195
15 3 195
3 25 38
25 3 38
3 56 216
56 3 216
3 44 510
44 3 510
3 30 131
30 3 131
4 56 559
56 4 559
4 53 567
53 4 567
4 6 707
6 4 707
4 21 185
21 4 185
4 18 482
18 4 482
4 47 373
47 4 373
4 33 26
33 4 26
4 72 401
72 4 401
4 80 476
80 4 476
4 75 835
75 4 835
4 77 947
77 4 947
4 66 952
66 4 952
4 45 182
45 4 182
4 26 128
26 4 128
4 16 992
16 4 992
4 21 594
21 4 594
4 46 154
46 4 154
4 21 504
21 4 504
4 21 938
21 4 938
5 64 703
64 5 703
5 31 694
31 5 694
5 52 714
52 5 714
5 21 902
21 5 902
5 37 161
37 5 161
5 59 225
59 5 225
5 73 192
73 5 192
5 31 56
31 5 56
5 37 160
37 5 160
5 49 599
49 5 599
5 11 49
11 5 49
5 65 385
65 5 385
5 69 990
69 5 990
5 39 530
39 5 530
5 10 859
10 5 859
5 30 517
30 5 517
5 11 640
11 5 640
5 17 984
17 5 984
5 36 715
36 5 715
5 26 141
26 5 141
5 65 437
65 5 437
5 10 772
10 5 772
6 9 905
9 6 905
6 18 897
18 6 897
6 69 346
69 6 346
6 78 441
78 6 441
6 69 641
69 6 641
6 51 472
51 6 472
6 60 481
60 6 481
6 53 378
53 6 378
6 70 987
70 6 987
6 37 80
37 6 80
6 33 41
33 6 41
6 79 660
79 6 660
6 39 904
39 6 904
6 62 150
62 6 150
7 11 559
11 7 559
7 32 339
32 7 339
7 12 510
12 7 510
7 76 956
76 7 956
7 21 173
21 7 173
7 31 742
31 7 742
7 42 989
42 7 989
7 10 777
10 7 777
7 29 678
29 7 678
7 36 769
36 7 769
7 56 890
56 7 890
7 41 244
41 7 244
7 17 781
17 7 781
7 25 142
25 7 142
7 71 852
71 7 852
8 15 318
15 8 318
8 31 432
31 8 432
8 20 220
20 8 220
8 62 134
62 8 134
8 60 40
60 8 40
8 75 6
75 8 6
8 61 521
61 8 521
8 19 580
19 8 580
8 26 443
26 8 443
8 24 148
24 8 148
8 11 961
11 8 961
8 73 26
73 8 26
8 80 104
80 8 104
8 49 314
49 8 314
9 29 623
29 9 623
9 70 979
70 9 979
9 38 330
38 9 330
9 25 577
25 9 577
9 43 826
43 9 826
9 27 623
27 9 623
9 73 917
73 9 917
9 21 822
21 9 822
9 73 950
73 9 950
9 14 947
14 9 947
9 28 428
28 9 428
9 44 394
44 9 394
10 43 615
43 10 615
10 68 219
68 10 219
10 65 32
65 10 32
10 70 111
70 10 111
10 38 130
38 10 130
10 31 468
31 10 468
10 67 224
67 10 224
10 38 925
38 10 925
10 18 826
18 10 826
10 21 951
21 10 951
10 41 822
41 10 822
10 21 435
21 10 435
11 75 852
75 11 852
11 79 76
79 11 76
11 27 897
27 11 897
11 67 745
67 11 745
11 73 547
73 11 547
11 54 253
54 11 253
11 73 137
73 11 137
11 46 953
46 11 953
11 79 676
79 11 676
12 14 777
14 12 777
12 52 282
52 12 282
12 65 821
65 12 821
12 22 953
22 12 953
12 73 844
73 12 844
12 43 971
43 12 971
12 53 294
53 12 294
12 39 450
39 12 450
12 32 763
32 12 763
12 47 786
47 12 786
12 21 509
21 12 509
12 52 729
52 12 729
13 75 583
75 13 583
13 23 554
23 13 554
13 63 848
63 13 848
13 58 817
58 13 817
13 78 399
78 13 399
13 37 880
37 13 880
13 35 716
35 13 716
13 40 427
40 13 427
13 19 379
19 13 379
13 20 527
20 13 527
13 59 378
59 13 378
13 16 137
16 13 137
13 71 626
71 13 626
13 43 341
43 13 341
14 50 971
50 14 971
14 39 959
39 14 959
14 71 738
71 14 738
14 33 474
33 14 474
14 29 913
29 14 913
14 33 968
33 14 968
14 73 509
73 14 509
14 59 990
59 14 990
14 27 734
27 14 734
14 19 63
19 14 63
14 50 934
50 14 934
14 73 219
73 14 219
14 60 488
60 14 488
15 16 362
16 15 362
15 22 577
22 15 577
15 38 618
38 15 618
15 48 55
48 15 55
15 22 707
22 15 707
15 36 563
36 15 563
15 62 751
62 15 751
15 81 519
81 15 519
15 77 248
77 15 248
15 43 298
43 15 298
15 53 763
53 15 763
15 35 816
35 15 816
15 43 746
43 15 746
15 49 654
49 15 654
15 48 168
48 15 168
16 19 102
19 16 102
16 27 533
27 16 533
16 37 331
37 16 331
16 39 495
39 16 495
16 68 860
68 16 860
16 66 155
66 16 155
16 56 114
56 16 114
16 56 97
56 16 97
16 40 568
40 16 568
16 69 573
69 16 573
16 47 273
47 16 273
16 45 14
45 16 14
16 59 181
59 16 181
16 31 488
31 16 488
16 33 908
33 16 908
16 35 612
35 16 612
16 25 771
25 16 771
16 60 188
60 16 188
16 68 862
68 16 862
16 72 554
72 16 554
16 45 776
45 16 776
17 26 397
26 17 397
17 32 879
32 17 879
17 35 767
35 17 767
17 76 942
76 17 942
17 37 929
37 17 929
17 59 384
59 17 384
17 80 847
80 17 847
17 18 694
18 17 694
17 60 291
60 17 291
17 60 377
60 17 377
18 81 241
81 18 241
18 21 142
21 18 142
18 67 607
67 18 607
18 18 172
18 18 172
18 48 786
48 18 786
18 65 371
65 18 371
18 65 458
65 18 458
18 53 115
53 18 115
18 66 669
66 18 669
18 59 584
59 18 584
18 40 411
40 18 411
18 33 855
33 18 855
18 53 222
53 18 222
18 54 747
54 18 747
19 28 745
28 19 745
19 66 175
66 19 175
19 75 371
75 19 371
19 31 599
31 19 599
19 21 434
21 19 434
19 35 888
35 19 888
19 72 359
72 19 359
19 37 429
37 19 429
19 81 696
81 19 696
19 66 822
66 19 822
20 21 661
21 20 661
20 23 933
23 20 933
20 33 376
33 20 376
20 32 516
32 20 516
20 59 73
59 20 73
20 27 356
27 20 356
20 25 830
25 20 830
20 50 211
50 20 211
20 71 175
71 20 175
21 31 267
31 21 267
21 36 317
36 21 317
21 61 49
61 21 49
21 77 667
77 21 667
21 59 450
59 21 450
21 70 451
70 21 451
21 72 862
72 21 862
21 26 506
26 21 506
21 80 811
80 21 811
21 61 855
61 21 855
21 28 939
28 21 939
21 58 304
58 21 304
21 34 588
34 21 588
21 36 357
36 21 357
21 32 924
32 21 924
22 58 393
58 22 393
22 38 982
38 22 982
22 29 724
29 22 724
22 80 796
80 22 796
22 68 289
68 22 289
22 39 547
39 22 547
22 79 231
79 22 231
22 64 526
64 22 526
22 63 607
63 22 607
22 22 709
22 22 709
22 27 859
27 22 859
22 49 260
49 22 260
22 63 889
63 22 889
23 40 746
40 23 746
23 46 157
46 23 157
23 53 972
53 23 972
23 45 235
45 23 235
23 72 891
72 23 891
23 51 347
51 23 347
23 38 312
38 23 312
23 29 853
29 23 853
23 59 87
59 23 87
23 54 209
54 23 209
23 63 109
63 23 109
23 62 817
62 23 817
23 70 159
70 23 159
23 76 721
76 23 721
23 26 503
26 23 503
23 61 822
61 23 822
23 62 220
62 23 220
23 79 591
79 23 591
23 32 197
32 23 197
24 43 905
43 24 905
24 43 525
43 24 525
24 63 344
63 24 344
24 66 249
66 24 249
24 47 717
47 24 717
24 52 463
52 24 463
24 25 461
25 24 461
24 53 12
53 24 12
24 64 590
64 24 590
24 78 216
78 24 216
24 52 418
52 24 418
24 36 472
36 24 472
24 79 637
79 24 637
25 41 622
41 25 622
25 42 702
42 25 702
25 44 432
44 25 432
25 59 777
59 25 777
25 67 785
67 25 785
25 57 159
57 25 159
25 65 854
65 25 854
25 65 560
65 25 560
25 51 496
51 25 496
25 30 753
30 25 753
25 80 890
80 25 890
25 75 745
75 25 745
25 77 521
77 25 521
25 30 214
30 25 214
26 38 898
38 26 898
26 43 944
43 26 944
26 78 358
78 26 358
26 76 607
76 26 607
26 53 878
53 26 878
26 36 177
36 26 177
26 39 511
39 26 511
26 62 558
62 26 558
26 44 539
44 26 539
26 33 606
33 26 606
26 70 618
70 26 618
26 66 173
66 26 173
26 81 225
81 26 225
26 73 245
73 26 245
27 38 137
38 27 137
27 77 970
77 27 970
27 79 341
79 27 341
27 78 954
78 27 954
27 40 619
40 27 619
27 52 969
52 27 969
27 29 612
29 27 612
27 58 645
58 27 645
27 47 279
47 27 279
27 30 231
30 27 231
27 43 805
43 27 805
27 69 741
69 27 741
27 62 446
62 27 446
28 30 480
30 28 480
28 80 664
80 28 664
28 29 40
29 28 40
28 34 768
34 28 768
28 62 288
62 28 288
28 53 933
53 28 933
28 48 70
48 28 70
28 50 905
50 28 905
28 40 501
40 28 501
28 38 915
38 28 915
28 30 738
30 28 738
29 73 460
73 29 460
29 75 85
75 29 85
29 52 817
52 29 817
29 49 678
49 29 678
29 80 224
80 29 224
29 73 428
73 29 428
29 59 590
59 29 590
29 55 177
55 29 177
30 66 225
66 30 225
30 55 573
55 30 573
30 49 196
49 30 196
30 61 275
61 30 275
30 56 644
56 30 644
30 41 88
41 30 88
30 76 731
76 30 731
30 41 918
41 30 918
30 51 364
51 30 364
31 50 414
50 31 414
31 52 532
52 31 532
31 50 65
50 31 65
31 39 96
39 31 96
31 39 60
39 31 60
31 77 694
77 31 694
31 33 753
33 31 753
31 33 841
33 31 841
31 45 779
45 31 779
31 32 637
32 31 637
31 62 183
62 31 183
32 34 799
34 32 799
32 47 134
47 32 134
32 61 442
61 32 442
32 81 983
81 32 983
32 35 271
35 32 271
32 71 51
71 32 51
32 73 888
73 32 888
32 51 484
51 32 484
32 59 353
59 32 353
33 74 380
74 33 380
33 36 328
36 33 328
33 77 385
77 33 385
33 59 589
59 33 589
33 77 31
77 33 31
33 57 501
57 33 501
33 79 70
79 33 70
33 34 372
34 33 372
33 65 831
65 33 831
33 39 820
39 33 820
33 69 793
69 33 793
33 73 63
73 33 63
33 49 5
49 33 5
33 37 725
37 33 725
33 81 502
81 33 502
34 68 837
68 34 837
34 69 659
69 34 659
34 75 416
75 34 416
34 47 372
47 34 372
34 72 570
72 34 570
34 38 418
38 34 418
34 71 230
71 34 230
35 57 995
57 35 995
35 79 64
79 35 64
35 64 565
64 35 565
35 36 282
36 35 282
35 55 761
55 35 761
35 51 298
51 35 298
35 81 991
81 35 991
35 75 912
75 35 912
35 50 308
50 35 308
35 76 37
76 35 37
35 60 133
60 35 133
35 75 804
75 35 804
35 70 893
70 35 893
35 69 436
69 35 436
36 73 206
73 36 206
36 81 562
81 36 562
36 43 511
43 36 511
36 78 798
78 36 798
36 73 610
73 36 610
36 49 643
49 36 643
36 61 133
61 36 133
36 60 636
60 36 636
36 78 531
78 36 531
37 47 188
47 37 188
37 61 287
61 37 287
37 38 811
38 37 811
37 58 584
58 37 584
37 68 681
68 37 681
37 73 939
73 37 939
37 73 167
73 37 167
38 65 370
65 38 370
38 55 266
55 38 266
38 46 594
46 38 594
38 39 738
39 38 738
38 45 473
45 38 473
38 50 569
50 38 569
38 76 772
76 38 772
38 61 542
61 38 542
38 49 346
49 38 346
38 81 50
81 38 50
38 47 997
47 38 997
38 66 256
66 38 256
39 70 380
70 39 380
39 77 388
77 39 388
39 59 79
59 39 79
39 74 512
74 39 512
39 74 543
74 39 543
39 63 555
63 39 555
39 74 988
74 39 988
39 73 335
73 39 335
39 57 357
57 39 357
39 52 343
52 39 343
39 50 984
50 39 984
40 64 218
64 40 218
40 67 740
67 40 740
40 74 142
74 40 142
40 71 561
71 40 561
40 41 75
41 40 75
40 77 364
77 40 364
40 69 483
69 40 483
40 53 332
53 40 332
40 46 360
46 40 360
41 50 141
50 41 141
41 64 110
64 41 110
41 47 481
47 41 481
41 69 920
69 41 920
41 45 558
45 41 558
41 48 287
48 41 287
41 60 248
60 41 248
41 64 361
64 41 361
41 73 507
73 41 507
41 80 389
80 41 389
41 44 15
44 41 15
42 49 196
49 42 196
42 68 572
68 42 572
42 66 619
66 42 619
42 70 939
70 42 939
42 78 746
78 42 746
42 47 349
47 42 349
42 71 952
71 42 952
42 70 314
70 42 314
42 55 227
55 42 227
43 73 473
73 43 473
43 44 758
44 43 758
43 67 821
67 43 821
43 71 769
71 43 769
43 47 439
47 43 439
43 47 651
47 43 651
44 67 976
67 44 976
44 71 807
71 44 807
44 71 961
71 44 961
44 53 665
53 44 665
44 45 404
45 44 404
44 45 356
45 44 356
44 61 685
61 44 685
44 71 316
71 44 316
44 70 618
70 44 618
44 70 516
70 44 516
45 63 100
63 45 100
45 50 116
50 45 116
45 80 983
80 45 983
45 63 259
63 45 259
46 60 341
60 46 341
46 55 783
55 46 783
46 63 799
63 46 799
46 69 379
69 46 379
46 69 664
69 46 664
46 51 520
51 46 520
46 71 546
71 46 546
46 59 458
59 46 458
46 50 93
50 46 93
46 59 576
59 46 576
46 75 884
75 46 884
47 58 55
58 47 55
47 64 263
64 47 263
47 63 720
63 47 720
47 51 897
51 47 897
47 74 304
74 47 304
48 58 30
58 48 30
48 80 344
80 48 344
48 52 618
52 48 618
49 51 888
51 49 888
49 55 250
55 49 250
49 81 393
81 49 393
49 81 999
81 49 999
49 62 758
62 49 758
49 58 620
58 49 620
49 66 411
66 49 411
49 54 647
54 49 647
49 74 428
74 49 428
49 75 292
75 49 292
49 61 52
61 49 52
49 74 72
74 49 72
50 62 865
62 50 865
50 62 424
62 50 424
50 72 414
72 50 414
50 56 242
56 50 242
50 75 201
75 50 201
50 67 973
67 50 973
50 68 682
68 50 682
50 71 50
71 50 50
50 53 288
53 50 288
51 64 260
64 51 260
51 69 229
69 51 229
51 71 652
71 51 652
51 55 763
55 51 763
51 58 698
58 51 698
51 65 91
65 51 91
51 70 219
70 51 219
52 54 616
54 52 616
52 73 150
73 52 150
52 63 814
63 52 814
52 72 299
72 52 299
52 76 385
76 52 385
52 72 799
72 52 799
52 55 517
55 52 517
53 57 31
57 53 31
53 74 337
74 53 337
53 74 221
74 53 221
53 61 996
61 53 996
53 57 902
57 53 902
53 55 44
55 53 44
54 68 676
68 54 676
54 74 16
74 54 16
55 56 892
56 55 892
55 65 601
65 55 601
55 69 360
69 55 360
55 61 72
61 55 72
56 79 652
79 56 652
56 61 14
61 56 14
56 66 783
66 56 783
56 67 54
67 56 54
56 68 436
68 56 436
57 61 602
61 57 602
57 61 64
61 57 64
57 76 246
76 57 246
57 68 912
68 57 912
57 80 435
80 57 435
57 72 938
72 57 938
58 58 903
58 58 903
58 62 570
62 58 570
58 69 739
69 58 739
58 64 521
64 58 521
58 59 711
59 58 711
59 60 911
60 59 911
59 60 517
60 59 517
59 79 97
79 59 97
59 66 65
66 59 65
59 64 901
64 59 901
60 78 960
78 60 960
60 65 565
65 60 565
60 71 424
71 60 424
60 64 480
64 60 480
60 78 736
78 60 736
61 63 394
63 61 394
61 75 409
75 61 409
61 77 9
77 61 9
61 65 446
65 61 446
61 76 245
76 61 245
62 71 265
71 62 265
63 71 648
71 63 648
63 74 853
74 63 853
63 72 306
72 63 306
63 71 692
71 63 692
63 74 401
74 63 401
63 73 450
73 63 450
64 79 890
79 64 890
64 77 255
77 64 255
65 78 879
78 65 879
65 78 405
78 65 405
66 81 265
81 66 265
66 74 679
74 66 679
66 68 698
68 66 698
66 68 684
68 66 684
66 71 638
71 66 638
66 69 292
69 66 292
66 76 213
76 66 213
66 77 613
77 66 613
67 72 202
72 67 202
67 74 61
74 67 61
67 79 774
79 67 774
68 77 390
77 68 390
68 72 600
72 68 600
68 71 712
71 68 712
68 71 696
71 68 696
71 76 935
76 71 935
71 71 159
71 71 159
73 74 542
74 73 542
73 75 480
75 73 480
73 76 257
76 73 257
74 80 986
80 74 986
77 78 48
78 77 48
