16

0 1 676
1 0 676
0 2 879
2 0 879
0 10 624
10 0 624
0 11 989
11 0 989
0 2 320
2 0 320
0 12 97
12 0 97
0 11 938
11 0 938
1 3 151
3 1 151
1 7 601
7 1 601
1 15 990
15 1 990
1 4 70
4 1 70
1 3 463
3 1 463
1 4 35
4 1 35
2 4 525
4 2 525
2 6 469
6 2 469
2 7 575
7 2 575
2 13 714
13 2 714
2 8 414
8 2 414
2 4 778
4 2 778
2 9 618
9 2 618
2 10 789
10 2 789
3 15 242
15 3 242
3 11 284
11 3 284
3 7 825
7 3 825
3 10 274
10 3 274
3 9 392
9 3 392
4 5 801
5 4 801
4 14 928
14 4 928
4 5 674
5 4 674
4 7 871
7 4 871
4 6 169
6 4 169
5 12 495
12 5 495
5 10 733
10 5 733
6 9 225
9 6 225
6 9 577
9 6 577
7 8 660
8 7 660
7 7 696
7 7 696
8 10 640
10 8 640
8 10 334
10 8 334
9 11 108
11 9 108
9 14 151
14 9 151
9 10 982
10 9 982
10 15 507
15 10 507
10 12 1000
12 10 1000
10 13 848
13 10 848
11 14 836
14 11 836
11 13 287
13 11 287
11 12 768
12 11 768
12 13 786
13 12 786
12 15 693
15 12 693
13 13 205
13 13 205
14 15 105
15 14 105
