77

0 1 469
1 0 469
0 2 590
2 0 590
0 24 578
24 0 578
0 31 253
31 0 253
0 21 566
21 0 566
0 65 882
65 0 882
0 53 76
53 0 76
0 33 424
33 0 424
0 27 996
27 0 996
0 22 251
22 0 251
1 9 278
9 1 278
1 10 132
10 1 132
1 26 152
26 1 152
1 43 723
43 1 723
1 70 872
70 1 872
1 20 696
20 1 696
1 62 34
62 1 34
1 65 111
65 1 111
1 66 436
66 1 436
1 19 781
19 1 781
1 63 631
63 1 631
2 3 1000
3 2 1000
2 4 330
4 2 330
2 6 688
6 2 688
2 7 779
7 2 779
2 71 713
71 2 713
2 12 854
12 2 854
2 20 336
20 2 336
2 28 383
28 2 383
2 30 436
30 2 436
2 66 883
66 2 883
2 11 916
11 2 916
2 75 122
75 2 122
2 32 905
32 2 905
2 74 979
74 2 979
2 30 70
30 2 70
2 34 200
34 2 200
3 5 380
5 3 380
3 25 270
25 3 270
3 34 339
34 3 339
3 35 201
35 3 201
3 50 2
50 3 2
3 53 81
53 3 81
3 15 154
15 3 154
3 29 736
29 3 736
3 54 78
54 3 78
3 75 554
75 3 554
3 14 80
14 3 80
3 54 229
54 3 229
3 47 106
47 3 106
3 57 951
57 3 951
4 14 803
14 4 803
4 13 90
13 4 90
4 15 560
15 4 560
4 37 615
37 4 615
4 7 541
7 4 541
5 30 55
30 5 55
5 46 54
46 5 54
5 39 785
39 5 785
5 31 586
31 5 586
6 8 115
8 6 115
6 12 391
12 6 391
6 15 418
15 6 418
6 29 648
29 6 648
6 72 521
72 6 521
6 75 647
75 6 647
6 48 376
48 6 376
6 12 496
12 6 496
7 17 216
17 7 216
7 23 339
23 7 339
7 21 170
21 7 170
7 36 967
36 7 967
7 54 715
54 7 715
7 15 567
15 7 567
7 41 266
41 7 266
7 43 261
43 7 261
7 59 735
59 7 735
8 13 541
13 8 541
8 15 668
15 8 668
8 56 54
56 8 54
8 24 624
24 8 624
8 72 783
72 8 783
8 17 289
17 8 289
8 35 315
35 8 315
9 11 857
11 9 857
9 18 498
18 9 498
9 42 918
42 9 918
9 21 859
21 9 859
9 16 20
16 9 20
9 70 452
70 9 452
10 19 798
19 10 798
10 52 103
52 10 103
10 41 31
41 10 31
10 17 130
17 10 130
10 11 684
11 10 684
10 51 319
51 10 319
10 38 716
38 10 716
10 61 921
61 10 921
10 20 25
20 10 25
10 62 99
62 10 99
10 58 151
58 10 151
10 66 447
66 10 447
11 41 712
41 11 712
11 69 737
69 11 737
11 26 903
26 11 903
11 38 629
38 11 629
11 37 437
37 11 437
11 56 997
56 11 997
11 41 877
41 11 877
11 45 727
45 11 727
11 51 219
51 11 219
11 67 28
67 11 28
12 13 524
13 12 524
12 43 264
43 12 264
12 50 310
50 12 310
13 22 517
22 13 517
13 57 494
57 13 494
13 72 684
72 13 684
13 75 606
75 13 606
13 57 953
57 13 953
13 44 295
44 13 295
13 57 411
57 13 411
14 16 980
16 14 980
14 40 230
40 14 230
14 28 312
28 14 312
14 52 562
52 14 562
14 21 807
21 14 807
14 41 636
41 14 636
14 63 431
63 14 431
14 35 272
35 14 272
15 20 467
20 15 467
15 38 341
38 15 341
15 76 701
76 15 701
15 56 175
56 15 175
15 73 838
73 15 838
15 73 849
73 15 849
15 35 498
35 15 498
15 74 791
74 15 791
15 43 962
43 15 962
16 47 421
47 16 421
16 57 647
57 16 647
16 62 830
62 16 830
16 40 199
40 16 199
16 66 644
66 16 644
16 57 204
57 16 204
17 21 642
21 17 642
17 18 331
18 17 331
17 38 957
38 17 957
17 19 225
19 17 225
17 27 537
27 17 537
17 31 727
31 17 727
17 62 359
62 17 359
17 20 92
20 17 92
17 49 94
49 17 94
18 44 159
44 18 159
19 27 137
27 19 137
19 28 845
28 19 845
19 68 477
68 19 477
19 38 12
38 19 12
19 52 114
52 19 114
19 65 804
65 19 804
20 21 20
21 20 20
20 56 70
56 20 70
20 76 410
76 20 410
20 60 472
60 20 472
21 23 761
23 21 761
21 27 927
27 21 927
21 35 477
35 21 477
22 39 449
39 22 449
22 46 81
46 22 81
22 38 394
38 22 394
23 31 745
31 23 745
23 45 120
45 23 120
23 55 16
55 23 16
23 41 214
41 23 214
24 37 651
37 24 651
24 50 772
50 24 772
24 41 607
41 24 607
24 75 836
75 24 836
24 66 268
66 24 268
25 36 574
36 25 574
25 40 916
40 25 916
25 60 979
60 25 979
26 28 456
28 26 456
26 32 482
32 26 482
26 59 326
59 26 326
27 29 576
29 27 576
27 32 195
32 27 195
27 59 138
59 27 138
27 64 282
64 27 282
27 64 622
64 27 622
27 76 777
76 27 777
27 60 502
60 27 502
27 56 769
56 27 769
28 33 907
33 28 907
28 45 970
45 28 970
28 59 320
59 28 320
28 39 55
39 28 55
28 57 514
57 28 514
28 32 368
32 28 368
28 48 277
48 28 277
29 64 231
64 29 231
29 63 304
63 29 304
29 48 480
48 29 480
29 54 864
54 29 864
30 43 181
43 30 181
30 64 713
64 30 713
30 51 55
51 30 55
31 35 380
35 31 380
31 43 417
43 31 417
32 60 311
60 32 311
32 62 207
62 32 207
32 67 179
67 32 179
32 73 690
73 32 690
32 51 544
51 32 544
32 59 949
59 32 949
32 72 741
72 32 741
32 62 742
62 32 742
32 48 278
48 32 278
32 44 660
44 32 660
32 43 719
43 32 719
33 37 850
37 33 850
33 49 386
49 33 386
33 34 562
34 33 562
33 53 890
53 33 890
33 36 474
36 33 474
34 68 913
68 34 913
34 75 340
75 34 340
34 50 304
50 34 304
34 75 152
75 34 152
34 71 920
71 34 920
34 72 322
72 34 322
35 74 23
74 35 23
35 60 281
60 35 281
35 56 969
56 35 969
35 40 880
40 35 880
35 65 211
65 35 211
35 57 589
57 35 589
36 44 344
44 36 344
36 67 953
67 36 953
36 67 47
67 36 47
36 62 537
62 36 537
37 47 297
47 37 297
37 67 683
67 37 683
37 47 72
47 37 72
37 57 138
57 37 138
37 74 316
74 37 316
37 42 39
42 37 39
38 59 649
59 38 649
38 49 624
49 38 624
38 68 862
68 38 862
38 67 541
67 38 541
39 49 677
49 39 677
39 66 330
66 39 330
39 66 276
66 39 276
39 72 848
72 39 848
39 56 883
56 39 883
39 76 633
76 39 633
40 67 978
67 40 978
40 68 674
68 40 674
41 62 203
62 41 203
42 74 787
74 42 787
42 67 649
67 42 649
43 47 632
47 43 632
43 45 968
45 43 968
44 70 540
70 44 540
44 54 338
54 44 338
45 51 490
51 45 490
45 54 524
54 45 524
45 47 249
47 45 249
45 55 248
55 45 248
45 47 758
47 45 758
45 60 387
60 45 387
45 47 577
47 45 577
46 48 662
48 46 662
46 70 783
70 46 783
46 60 346
60 46 346
46 56 17
56 46 17
48 72 907
72 48 907
48 59 232
59 48 232
49 54 790
54 49 790
49 71 473
71 49 473
49 57 917
57 49 917
49 60 436
60 49 436
50 71 197
71 50 197
50 58 610
58 50 610
50 70 668
70 50 668
51 55 244
55 51 244
51 60 347
60 51 347
51 73 539
73 51 539
51 71 409
71 51 409
52 55 127
55 52 127
52 74 142
74 52 142
52 62 994
62 52 994
52 74 757
74 52 757
54 58 960
58 54 960
54 63 906
63 54 906
54 65 123
65 54 123
55 64 542
64 55 542
55 76 238
76 55 238
55 58 99
58 55 99
57 65 77
65 57 77
57 74 388
74 57 388
60 61 993
61 60 993
60 73 973
73 60 973
61 73 727
73 61 727
63 73 469
73 63 469
63 67 60
67 63 60
65 75 330
75 65 330
66 68 393
68 66 393
66 67 818
67 66 818
69 75 849
75 69 849
72 75 748
75 72 748
73 74 665
74 73 665
