63

0 1 906
1 0 906
0 2 776
2 0 776
0 3 27
3 0 27
0 6 838
6 0 838
0 32 788
32 0 788
0 3 994
3 0 994
0 5 139
5 0 139
0 36 725
36 0 725
0 33 589
33 0 589
0 38 101
38 0 101
0 45 884
45 0 884
0 49 817
49 0 817
0 56 186
56 0 186
0 28 657
28 0 657
0 40 97
40 0 97
0 39 138
39 0 138
0 16 284
16 0 284
0 34 233
34 0 233
0 32 593
32 0 593
1 4 898
4 1 898
1 8 577
8 1 577
1 34 565
34 1 565
1 20 747
20 1 747
1 7 618
7 1 618
1 60 677
60 1 677
1 47 261
47 1 261
1 32 55
32 1 55
1 29 330
29 1 330
1 48 404
48 1 404
1 58 70
58 1 70
1 61 618
61 1 618
1 15 749
15 1 749
1 41 279
41 1 279
1 42 123
42 1 123
1 56 471
56 1 471
1 38 810
38 1 810
1 37 318
37 1 318
1 41 902
41 1 902
2 5 37
5 2 37
2 7 767
7 2 767
2 9 395
9 2 395
2 15 781
15 2 781
2 16 280
16 2 280
2 16 695
16 2 695
2 33 720
33 2 720
2 58 864
58 2 864
2 46 116
46 2 116
2 56 806
56 2 806
2 19 580
19 2 580
2 6 819
6 2 819
2 16 322
16 2 322
2 16 183
16 2 183
3 27 160
27 3 160
3 14 848
14 3 848
3 60 310
60 3 310
3 41 495
41 3 495
3 8 262
8 3 262
3 37 128
37 3 128
3 47 794
47 3 794
3 36 724
36 3 724
4 28 308
28 4 308
4 33 216
33 4 216
4 35 913
35 4 913
4 51 199
51 4 199
4 58 357
58 4 357
4 62 969
62 4 969
4 14 840
14 4 840
4 26 88
26 4 88
4 32 180
32 4 180
4 6 418
6 4 418
4 12 897
12 4 897
5 38 214
38 5 214
5 40 240
40 5 240
5 44 884
44 5 884
5 17 303
17 5 303
5 39 718
39 5 718
5 18 364
18 5 364
5 13 956
13 5 956
5 27 649
27 5 649
5 33 359
33 5 359
5 45 570
45 5 570
5 29 273
29 5 273
5 35 919
35 5 919
5 43 441
43 5 441
5 24 849
24 5 849
6 11 125
11 6 125
6 41 231
41 6 231
6 8 925
8 6 925
6 21 245
21 6 245
6 62 817
62 6 817
6 10 972
10 6 972
6 12 109
12 6 109
6 50 496
50 6 496
6 46 826
46 6 826
6 38 806
38 6 806
6 30 323
30 6 323
7 20 231
20 7 231
7 31 3
31 7 3
7 42 345
42 7 345
7 55 612
55 7 612
7 60 881
60 7 881
7 43 785
43 7 785
7 12 16
12 7 16
7 47 650
47 7 650
7 23 440
23 7 440
7 45 954
45 7 954
7 31 527
31 7 527
7 27 787
27 7 787
7 32 594
32 7 594
7 37 680
37 7 680
7 46 352
46 7 352
7 39 244
39 7 244
8 12 432
12 8 432
8 18 598
18 8 598
8 25 730
25 8 730
8 45 550
45 8 550
8 9 846
9 8 846
8 12 919
12 8 919
8 57 212
57 8 212
8 51 855
51 8 855
8 22 813
22 8 813
8 26 257
26 8 257
8 16 244
16 8 244
8 18 724
18 8 724
8 34 811
34 8 811
8 44 485
44 8 485
9 10 234
10 9 234
9 29 146
29 9 146
9 30 568
30 9 568
9 43 2
43 9 2
9 24 899
24 9 899
9 19 128
19 9 128
9 43 8
43 9 8
9 42 945
42 9 945
9 40 461
40 9 461
9 22 70
22 9 70
9 43 714
43 9 714
9 32 580
32 9 580
9 55 889
55 9 889
9 26 681
26 9 681
9 24 320
24 9 320
9 17 536
17 9 536
9 59 863
59 9 863
9 26 359
26 9 359
9 49 24
49 9 24
9 29 859
29 9 859
10 19 180
19 10 180
10 26 227
26 10 227
10 45 606
45 10 606
10 46 117
46 10 117
10 23 34
23 10 34
10 24 62
24 10 62
10 51 23
51 10 23
10 37 195
37 10 195
10 29 748
29 10 748
10 61 864
61 10 864
10 59 978
59 10 978
11 24 499
24 11 499
11 32 606
32 11 606
11 49 787
49 11 787
11 20 644
20 11 644
11 53 375
53 11 375
11 20 850
20 11 850
11 44 594
44 11 594
11 23 791
23 11 791
11 61 763
61 11 763
11 50 602
50 11 602
12 13 525
13 12 525
12 14 323
14 12 323
12 41 502
41 12 502
12 14 944
14 12 944
12 26 740
26 12 740
12 45 366
45 12 366
12 46 228
46 12 228
12 28 385
28 12 385
12 23 454
23 12 454
12 17 434
17 12 434
12 34 156
34 12 156
12 22 986
22 12 986
12 17 428
17 12 428
12 15 583
15 12 583
12 62 455
62 12 455
12 31 9
31 12 9
12 25 504
25 12 504
13 26 746
26 13 746
13 31 129
31 13 129
13 48 293
48 13 293
13 42 129
42 13 129
13 56 713
56 13 713
13 61 975
61 13 975
13 13 32
13 13 32
13 38 500
38 13 500
13 46 63
46 13 63
13 28 65
28 13 65
13 31 939
31 13 939
13 27 891
27 13 891
14 42 431
42 14 431
14 47 513
47 14 513
14 59 446
59 14 446
14 29 25
29 14 25
14 51 145
51 14 145
14 55 137
55 14 137
14 45 122
45 14 122
14 52 927
52 14 927
14 54 337
54 14 337
14 32 962
32 14 962
15 55 78
55 15 78
15 49 283
49 15 283
15 27 180
27 15 180
15 44 79
44 15 79
15 28 558
28 15 558
15 22 619
22 15 619
16 17 919
17 16 919
16 22 829
22 16 829
16 23 633
23 16 633
16 52 954
52 16 954
16 40 692
40 16 692
16 34 278
34 16 278
16 37 655
37 16 655
16 46 204
46 16 204
16 59 737
59 16 737
16 30 765
30 16 765
16 43 713
43 16 713
16 41 749
41 16 749
17 21 246
21 17 246
17 33 383
33 17 383
17 54 755
54 17 755
17 55 46
55 17 46
17 18 84
18 17 84
17 50 947
50 17 947
17 42 641
42 17 641
17 22 650
22 17 650
18 24 660
24 18 660
18 56 237
56 18 237
18 25 375
25 18 375
18 48 102
48 18 102
18 35 482
35 18 482
18 21 453
21 18 453
19 46 417
46 19 417
19 53 897
53 19 897
19 62 467
62 19 467
19 39 740
39 19 740
19 61 716
61 19 716
19 25 149
25 19 149
19 61 792
61 19 792
19 42 160
42 19 160
19 32 71
32 19 71
19 33 34
33 19 34
20 24 716
24 20 716
20 60 511
60 20 511
20 62 939
62 20 939
20 48 680
48 20 680
20 54 500
54 20 500
20 22 364
22 20 364
20 36 647
36 20 647
20 39 729
39 20 729
20 57 526
57 20 526
20 32 643
32 20 643
20 50 921
50 20 921
21 35 96
35 21 96
21 53 615
53 21 615
21 35 65
35 21 65
21 28 699
28 21 699
21 43 664
43 21 664
21 28 260
28 21 260
21 30 636
30 21 636
21 53 866
53 21 866
21 27 410
27 21 410
21 53 57
53 21 57
22 56 653
56 22 653
22 49 82
49 22 82
22 61 873
61 22 873
22 50 444
50 22 444
22 29 393
29 22 393
23 31 438
31 23 438
23 50 342
50 23 342
23 44 789
44 23 789
23 52 355
52 23 355
23 53 852
53 23 852
23 26 882
26 23 882
23 25 983
25 23 983
23 29 74
29 23 74
23 40 928
40 23 928
23 58 389
58 23 389
23 42 495
42 23 495
24 50 709
50 24 709
24 31 620
31 24 620
24 25 6
25 24 6
24 30 120
30 24 120
25 48 730
48 25 730
25 26 512
26 25 512
25 42 822
42 25 822
25 38 493
38 25 493
25 62 772
62 25 772
25 40 851
40 25 851
25 56 880
56 25 880
26 40 219
40 26 219
26 54 654
54 26 654
26 58 879
58 26 879
26 43 85
43 26 85
26 27 607
27 26 607
26 60 43
60 26 43
27 38 737
38 27 737
27 40 451
40 27 451
27 55 734
55 27 734
27 48 703
48 27 703
27 62 748
62 27 748
27 32 332
32 27 332
27 35 562
35 27 562
27 45 649
45 27 649
27 50 917
50 27 917
28 39 80
39 28 80
28 39 401
39 28 401
28 40 690
40 28 690
28 58 747
58 28 747
28 29 63
29 28 63
28 42 677
42 28 677
28 35 223
35 28 223
28 36 599
36 28 599
28 34 761
34 28 761
28 29 623
29 28 623
28 32 183
32 28 183
29 36 909
36 29 909
29 33 104
33 29 104
29 44 716
44 29 716
29 46 715
46 29 715
29 61 56
61 29 56
29 52 421
52 29 421
29 57 514
57 29 514
29 39 98
39 29 98
29 33 752
33 29 752
29 30 667
30 29 667
29 61 369
61 29 369
29 62 861
62 29 861
30 37 811
37 30 811
30 58 749
58 30 749
30 53 127
53 30 127
30 39 689
39 30 689
30 37 392
37 30 392
30 34 360
34 30 360
30 60 788
60 30 788
30 30 737
30 30 737
30 35 89
35 30 89
30 58 711
58 30 711
30 41 486
41 30 486
31 47 409
47 31 409
31 56 317
56 31 317
31 37 743
37 31 743
31 44 347
44 31 347
31 53 952
53 31 952
31 56 564
56 31 564
31 61 927
61 31 927
31 50 225
50 31 225
31 55 113
55 31 113
32 61 993
61 32 993
32 59 312
59 32 312
32 33 21
33 32 21
32 53 633
53 32 633
32 39 658
39 32 658
33 36 893
36 33 893
33 45 500
45 33 500
33 55 323
55 33 323
33 55 308
55 33 308
33 46 702
46 33 702
33 37 410
37 33 410
33 40 497
40 33 497
33 40 273
40 33 273
34 43 546
43 34 546
34 58 398
58 34 398
34 40 949
40 34 949
34 47 230
47 34 230
34 36 809
36 34 809
34 61 880
61 34 880
34 46 974
46 34 974
35 55 200
55 35 200
35 41 340
41 35 340
35 39 201
39 35 201
35 43 599
43 35 599
35 58 461
58 35 461
36 41 469
41 36 469
36 53 471
53 36 471
36 60 643
60 36 643
37 51 773
51 37 773
37 51 959
51 37 959
37 49 744
49 37 744
37 46 764
46 37 764
37 61 997
61 37 997
37 51 609
51 37 609
38 44 492
44 38 492
38 60 651
60 38 651
38 42 305
42 38 305
39 57 277
57 39 277
39 48 952
48 39 952
39 41 568
41 39 568
40 48 554
48 40 554
40 53 441
53 40 441
40 42 998
42 40 998
41 57 990
57 41 990
41 56 525
56 41 525
41 62 419
62 41 419
41 60 905
60 41 905
41 55 886
55 41 886
41 51 936
51 41 936
41 49 428
49 41 428
42 45 388
45 42 388
42 56 68
56 42 68
42 52 834
52 42 834
42 56 52
56 42 52
42 46 589
46 42 589
43 47 312
47 43 312
43 46 838
46 43 838
43 47 250
47 43 250
44 49 544
49 44 544
44 44 661
44 44 661
44 62 564
62 44 564
44 45 154
45 44 154
45 46 784
46 45 784
45 58 267
58 45 267
45 62 4
62 45 4
45 61 448
61 45 448
46 55 444
55 46 444
46 58 795
58 46 795
46 62 55
62 46 55
47 53 635
53 47 635
48 61 950
61 48 950
48 59 491
59 48 491
48 62 392
62 48 392
48 60 356
60 48 356
49 52 142
52 49 142
49 61 570
61 49 570
49 51 56
51 49 56
49 55 162
55 49 162
49 51 276
51 49 276
49 57 771
57 49 771
49 58 7
58 49 7
50 62 930
62 50 930
51 57 147
57 51 147
51 59 861
59 51 861
51 59 912
59 51 912
52 54 926
54 52 926
53 56 572
56 53 572
53 60 291
60 53 291
53 57 70
57 53 70
53 55 764
55 53 764
54 58 418
58 54 418
55 55 514
55 55 514
55 60 434
60 55 434
55 58 309
58 55 309
56 57 998
57 56 998
57 59 379
59 57 379
57 62 681
62 57 681
57 58 42
58 57 42
58 58 654
58 58 654
59 61 834
61 59 834
59 61 980
61 59 980
59 62 86
62 59 86
60 62 763
62 60 763
