96

0 1 198
1 0 198
0 3 985
3 0 985
0 5 851
5 0 851
0 6 349
6 0 349
0 8 488
8 0 488
0 17 959
17 0 959
0 87 431
87 0 431
1 2 328
2 1 328
1 8 931
8 1 931
2 4 311
4 2 311
2 7 517
7 2 517
2 11 19
11 2 19
2 25 613
25 2 613
3 16 313
16 3 313
3 38 923
38 3 923
3 91 752
91 3 752
4 20 157
20 4 157
4 67 180
67 4 180
4 78 851
78 4 851
4 71 447
71 4 447
4 27 634
27 4 634
4 85 300
85 4 300
5 9 949
9 5 949
5 15 899
15 5 899
5 27 450
27 5 450
5 28 619
28 5 619
5 61 340
61 5 340
5 29 198
29 5 198
6 13 214
13 6 214
6 14 161
14 6 161
6 55 900
55 6 900
7 40 923
40 7 923
7 71 647
71 7 647
8 10 823
10 8 823
8 88 107
88 8 107
9 92 805
92 9 805
10 12 460
12 10 460
10 18 379
18 10 379
10 90 637
90 10 637
11 30 630
30 11 630
12 22 74
22 12 74
12 34 228
34 12 228
12 57 330
57 12 330
13 19 438
19 13 438
14 73 44
73 14 44
14 35 252
35 14 252
15 76 621
76 15 621
16 54 733
54 16 733
16 51 541
51 16 541
16 23 175
23 16 175
17 21 900
21 17 900
17 23 722
23 17 722
17 24 783
24 17 783
17 35 808
35 17 808
17 63 44
63 17 44
17 64 438
64 17 438
18 33 68
33 18 68
18 69 906
69 18 906
18 75 11
75 18 11
19 26 181
26 19 181
20 71 569
71 20 569
20 78 572
78 20 572
21 92 987
92 21 987
22 50 873
50 22 873
22 35 153
35 22 153
23 65 406
65 23 406
24 31 309
31 24 309
25 44 599
44 25 599
25 64 438
64 25 438
26 58 974
58 26 974
26 33 154
33 26 154
27 29 697
29 27 697
27 30 937
30 27 937
27 39 714
39 27 714
27 43 130
43 27 130
27 45 726
45 27 726
27 93 270
93 27 270
28 76 846
76 28 846
28 85 323
85 28 323
29 41 405
41 29 405
29 84 723
84 29 723
29 48 942
48 29 942
29 37 970
37 29 970
30 56 534
56 30 534
31 32 140
32 31 140
31 83 827
83 31 827
32 45 829
45 32 829
32 40 852
40 32 852
33 42 207
42 33 207
34 36 149
36 34 149
34 37 507
37 34 507
34 89 629
89 34 629
34 47 300
47 34 300
37 70 609
70 37 609
37 87 725
87 37 725
38 48 744
48 38 744
38 83 819
83 38 819
39 52 768
52 39 768
39 60 627
60 39 627
40 46 803
46 40 803
40 85 880
85 40 880
40 45 760
45 40 760
41 47 189
47 41 189
41 53 485
53 41 485
43 59 156
59 43 156
44 49 421
49 44 421
47 81 47
81 47 47
47 91 186
91 47 186
48 51 828
51 48 828
48 75 82
75 48 82
50 72 168
72 50 168
52 79 950
79 52 950
54 86 663
86 54 663
55 68 875
68 55 875
55 82 775
82 55 775
56 80 348
80 56 348
58 62 338
62 58 338
63 66 495
66 63 495
67 74 813
74 67 813
67 94 709
94 67 709
69 84 356
84 69 356
70 77 752
77 70 752
70 87 125
87 70 125
74 90 56
90 74 56
75 94 521
94 75 521
75 81 502
81 75 502
84 95 490
95 84 490
90 93 312
93 90 312
