14

0 1 994
1 0 994
0 2 746
2 0 746
0 3 295
3 0 295
0 4 186
4 0 186
0 5 887
5 0 887
0 1 771
1 0 771
0 10 477
10 0 477
0 6 615
6 0 615
0 2 881
2 0 881
1 13 675
13 1 675
1 2 101
2 1 101
1 3 228
3 1 228
1 7 787
7 1 787
1 12 350
12 1 350
1 6 637
6 1 637
1 4 858
4 1 858
1 7 873
7 1 873
2 6 41
6 2 41
2 5 564
5 2 564
2 5 713
5 2 713
2 9 579
9 2 579
2 7 407
7 2 407
3 7 864
7 3 864
3 3 164
3 3 164
3 6 498
6 3 498
3 4 447
4 3 447
3 7 175
7 3 175
3 6 174
6 3 174
3 8 119
8 3 119
4 10 946
10 4 946
4 12 297
12 4 297
4 11 839
11 4 839
4 6 532
6 4 532
4 5 191
5 4 191
4 9 730
9 4 730
5 6 714
6 5 714
5 8 241
8 5 241
5 12 42
12 5 42
5 6 1000
6 5 1000
5 9 830
9 5 830
5 10 12
10 5 12
6 9 912
9 6 912
6 7 892
7 6 892
6 11 211
11 6 211
7 9 103
9 7 103
7 12 286
12 7 286
7 9 369
9 7 369
7 10 756
10 7 756
7 10 160
10 7 160
7 8 39
8 7 39
7 8 178
8 7 178
8 9 339
9 8 339
9 11 867
11 9 867
9 11 745
11 9 745
10 11 391
11 10 391
