54

0 1 32
1 0 32
0 2 60
2 0 60
0 33 574
33 0 574
0 45 192
45 0 192
0 37 422
37 0 422
0 13 98
13 0 98
0 13 457
13 0 457
0 0 508
0 0 508
0 27 928
27 0 928
0 22 367
22 0 367
0 7 161
7 0 161
0 42 772
42 0 772
0 50 212
50 0 212
0 43 490
43 0 490
0 48 551
48 0 551
0 12 642
12 0 642
0 42 599
42 0 599
0 4 393
4 0 393
0 6 965
6 0 965
0 1 381
1 0 381
0 9 937
9 0 937
0 39 56
39 0 56
0 36 638
36 0 638
0 32 443
32 0 443
0 6 9
6 0 9
1 4 614
4 1 614
1 6 117
6 1 117
1 8 902
8 1 902
1 9 169
9 1 169
1 10 75
10 1 75
1 12 882
12 1 882
1 13 173
13 1 173
1 16 299
16 1 299
1 27 670
27 1 670
1 7 966
7 1 966
1 16 908
16 1 908
1 29 95
29 1 95
1 41 27
41 1 27
1 26 669
26 1 669
1 22 450
22 1 450
1 32 521
32 1 521
1 10 988
10 1 988
1 47 45
47 1 45
1 43 142
43 1 142
1 48 532
48 1 532
1 28 969
28 1 969
1 42 866
42 1 866
1 49 836
49 1 836
1 28 776
28 1 776
1 31 173
31 1 173
1 33 457
33 1 457
1 38 450
38 1 450
1 8 690
8 1 690
1 45 611
45 1 611
1 27 325
27 1 325
2 3 185
3 2 185
2 5 106
5 2 106
2 21 268
21 2 268
2 35 192
35 2 192
2 52 498
52 2 498
2 7 802
7 2 802
2 17 745
17 2 745
2 38 202
38 2 202
2 12 673
12 2 673
2 2 668
2 2 668
2 5 696
5 2 696
2 42 886
42 2 886
2 39 428
39 2 428
2 23 511
23 2 511
2 41 897
41 2 897
2 14 982
14 2 982
2 28 278
28 2 278
2 52 745
52 2 745
2 30 123
30 2 123
2 37 538
37 2 538
2 5 440
5 2 440
2 40 875
40 2 875
3 19 289
19 3 289
3 52 359
52 3 359
3 5 732
5 3 732
3 52 339
52 3 339
3 8 198
8 3 198
3 34 175
34 3 175
3 21 688
21 3 688
3 40 796
40 3 796
3 49 46
49 3 46
3 34 301
34 3 301
3 43 266
43 3 266
3 26 715
26 3 715
3 11 187
11 3 187
3 19 595
19 3 595
3 51 480
51 3 480
3 14 101
14 3 101
3 24 330
24 3 330
3 35 101
35 3 101
3 42 194
42 3 194
3 4 741
4 3 741
3 35 513
35 3 513
4 7 980
7 4 980
4 43 289
43 4 289
4 28 202
28 4 202
4 36 825
36 4 825
4 22 231
22 4 231
4 50 855
50 4 855
4 7 402
7 4 402
4 32 372
32 4 372
4 20 667
20 4 667
4 28 556
28 4 556
4 27 703
27 4 703
4 21 925
21 4 925
4 51 139
51 4 139
4 34 897
34 4 897
4 34 794
34 4 794
4 12 454
12 4 454
4 5 871
5 4 871
4 12 202
12 4 202
4 8 293
8 4 293
4 23 937
23 4 937
4 22 637
22 4 637
4 50 527
50 4 527
4 15 833
15 4 833
5 33 314
33 5 314
5 14 235
14 5 235
5 29 574
29 5 574
5 46 257
46 5 257
5 34 916
34 5 916
5 50 477
50 5 477
5 31 731
31 5 731
5 14 498
14 5 498
5 53 295
53 5 295
5 27 66
27 5 66
5 49 359
49 5 359
5 34 503
34 5 503
5 38 888
38 5 888
5 8 736
8 5 736
5 41 281
41 5 281
5 39 101
39 5 101
5 20 934
20 5 934
5 22 848
22 5 848
5 23 236
23 5 236
5 29 524
29 5 524
5 45 276
45 5 276
5 38 88
38 5 88
6 23 865
23 6 865
6 15 279
15 6 279
6 34 533
34 6 533
6 39 622
39 6 622
6 9 993
9 6 993
6 7 591
7 6 591
6 35 803
35 6 803
6 28 184
28 6 184
6 26 637
26 6 637
6 48 625
48 6 625
6 16 413
16 6 413
6 9 344
9 6 344
6 46 485
46 6 485
6 7 450
7 6 450
6 21 7
21 6 7
6 37 83
37 6 83
6 46 263
46 6 263
6 44 227
44 6 227
6 44 412
44 6 412
7 18 882
18 7 882
7 38 872
38 7 872
7 14 435
14 7 435
7 24 111
24 7 111
7 34 248
34 7 248
7 30 751
30 7 751
7 22 658
22 7 658
7 36 915
36 7 915
7 44 465
44 7 465
7 33 801
33 7 801
7 40 373
40 7 373
7 53 543
53 7 543
7 46 525
46 7 525
7 12 907
12 7 907
7 25 636
25 7 636
7 16 647
16 7 647
7 32 516
32 7 516
7 34 585
34 7 585
7 30 212
30 7 212
7 39 334
39 7 334
7 16 972
16 7 972
7 20 645
20 7 645
7 36 737
36 7 737
8 11 647
11 8 647
8 31 636
31 8 636
8 50 125
50 8 125
8 19 901
19 8 901
8 27 389
27 8 389
8 9 556
9 8 556
8 39 741
39 8 741
8 24 299
24 8 299
8 47 969
47 8 969
8 8 612
8 8 612
8 52 450
52 8 450
8 32 989
32 8 989
8 36 343
36 8 343
8 31 42
31 8 42
8 9 264
9 8 264
8 14 592
14 8 592
8 41 312
41 8 312
8 10 662
10 8 662
8 42 523
42 8 523
8 19 970
19 8 970
8 29 396
29 8 396
8 48 652
48 8 652
8 24 788
24 8 788
8 33 491
33 8 491
9 28 423
28 9 423
9 20 566
20 9 566
9 11 101
11 9 101
9 28 370
28 9 370
9 21 891
21 9 891
9 18 667
18 9 667
9 39 674
39 9 674
9 31 872
31 9 872
9 21 323
21 9 323
9 26 650
26 9 650
9 22 342
22 9 342
9 20 778
20 9 778
9 53 825
53 9 825
9 48 800
48 9 800
9 20 361
20 9 361
9 17 551
17 9 551
9 28 109
28 9 109
9 45 910
45 9 910
9 24 547
24 9 547
9 45 19
45 9 19
9 34 229
34 9 229
9 17 515
17 9 515
9 19 276
19 9 276
9 16 724
16 9 724
10 14 368
14 10 368
10 22 341
22 10 341
10 36 216
36 10 216
10 46 73
46 10 73
10 32 106
32 10 106
10 37 701
37 10 701
10 30 849
30 10 849
10 21 178
21 10 178
10 20 528
20 10 528
10 20 957
20 10 957
10 32 660
32 10 660
10 44 870
44 10 870
10 37 449
37 10 449
10 21 454
21 10 454
10 36 196
36 10 196
10 19 176
19 10 176
10 22 306
22 10 306
10 28 154
28 10 154
10 11 437
11 10 437
10 53 360
53 10 360
10 17 660
17 10 660
10 26 611
26 10 611
10 39 824
39 10 824
10 49 619
49 10 619
10 44 387
44 10 387
10 35 117
35 10 117
11 15 13
15 11 13
11 15 765
15 11 765
11 19 296
19 11 296
11 44 940
44 11 940
11 19 282
19 11 282
11 50 439
50 11 439
11 46 399
46 11 399
11 36 616
36 11 616
11 14 545
14 11 545
11 50 505
50 11 505
11 31 289
31 11 289
11 18 265
18 11 265
11 38 854
38 11 854
11 25 954
25 11 954
11 17 749
17 11 749
11 21 450
21 11 450
11 49 592
49 11 592
11 41 745
41 11 745
11 46 132
46 11 132
12 50 450
50 12 450
12 16 338
16 12 338
12 44 984
44 12 984
12 45 641
45 12 641
12 27 43
27 12 43
12 44 153
44 12 153
12 42 170
42 12 170
12 52 959
52 12 959
12 28 504
28 12 504
12 29 551
29 12 551
12 43 950
43 12 950
12 17 608
17 12 608
12 45 866
45 12 866
12 28 685
28 12 685
12 13 853
13 12 853
12 52 320
52 12 320
12 18 345
18 12 345
12 28 821
28 12 821
12 38 715
38 12 715
12 51 506
51 12 506
12 30 599
30 12 599
12 53 337
53 12 337
12 15 140
15 12 140
12 13 725
13 12 725
12 43 551
43 12 551
12 51 131
51 12 131
13 30 671
30 13 671
13 40 846
40 13 846
13 46 713
46 13 713
13 50 354
50 13 354
13 26 481
26 13 481
13 28 17
28 13 17
13 50 222
50 13 222
13 29 363
29 13 363
13 47 631
47 13 631
13 39 479
39 13 479
13 36 913
36 13 913
13 36 573
36 13 573
13 15 749
15 13 749
13 51 699
51 13 699
13 53 755
53 13 755
13 37 169
37 13 169
13 37 803
37 13 803
13 38 101
38 13 101
13 36 982
36 13 982
13 51 593
51 13 593
13 44 453
44 13 453
13 36 802
36 13 802
13 28 449
28 13 449
14 42 349
42 14 349
14 53 949
53 14 949
14 26 460
26 14 460
14 44 748
44 14 748
14 42 171
42 14 171
14 25 934
25 14 934
14 40 511
40 14 511
14 49 460
49 14 460
14 38 44
38 14 44
14 51 557
51 14 557
14 51 703
51 14 703
14 37 690
37 14 690
15 17 477
17 15 477
15 47 612
47 15 612
15 17 549
17 15 549
15 37 952
37 15 952
15 39 604
39 15 604
15 48 767
48 15 767
15 26 218
26 15 218
15 36 442
36 15 442
15 37 629
37 15 629
15 17 830
17 15 830
15 21 595
21 15 595
15 40 962
40 15 962
15 27 363
27 15 363
15 45 593
45 15 593
15 29 363
29 15 363
15 16 748
16 15 748
15 39 700
39 15 700
15 22 533
22 15 533
16 20 155
20 16 155
16 26 120
26 16 120
16 49 27
49 16 27
16 41 199
41 16 199
16 30 291
30 16 291
16 49 472
49 16 472
16 40 362
40 16 362
16 23 409
23 16 409
16 41 968
41 16 968
16 33 843
33 16 843
16 24 111
24 16 111
16 52 750
52 16 750
16 42 590
42 16 590
16 24 428
24 16 428
16 25 782
25 16 782
16 24 13
24 16 13
16 19 605
19 16 605
16 40 228
40 16 228
16 48 197
48 16 197
16 24 177
24 16 177
16 25 671
25 16 671
16 52 42
52 16 42
16 23 715
23 16 715
16 35 94
35 16 94
17 24 827
24 17 827
17 37 746
37 17 746
17 41 954
41 17 954
17 41 905
41 17 905
17 23 877
23 17 877
17 22 584
22 17 584
17 36 852
36 17 852
17 44 241
44 17 241
17 27 130
27 17 130
17 18 768
18 17 768
17 26 434
26 17 434
17 42 968
42 17 968
17 39 779
39 17 779
17 35 224
35 17 224
17 26 228
26 17 228
17 48 154
48 17 154
17 53 530
53 17 530
17 19 503
19 17 503
17 50 714
50 17 714
17 37 212
37 17 212
17 37 857
37 17 857
17 43 196
43 17 196
17 37 339
37 17 339
17 50 304
50 17 304
17 18 546
18 17 546
18 50 832
50 18 832
18 44 555
44 18 555
18 26 899
26 18 899
18 29 668
29 18 668
18 45 35
45 18 35
18 48 974
48 18 974
18 49 809
49 18 809
18 44 244
44 18 244
18 24 537
24 18 537
18 45 823
45 18 823
18 41 920
41 18 920
18 30 880
30 18 880
18 46 24
46 18 24
18 47 43
47 18 43
18 29 503
29 18 503
18 24 227
24 18 227
19 26 243
26 19 243
19 46 877
46 19 877
19 28 137
28 19 137
19 38 710
38 19 710
19 32 289
32 19 289
19 47 397
47 19 397
19 51 764
51 19 764
19 51 471
51 19 471
19 48 87
48 19 87
19 32 840
32 19 840
19 23 226
23 19 226
19 44 346
44 19 346
19 21 299
21 19 299
19 26 106
26 19 106
19 26 123
26 19 123
19 19 618
19 19 618
19 46 969
46 19 969
19 26 224
26 19 224
19 23 161
23 19 161
19 42 171
42 19 171
19 32 27
32 19 27
19 46 927
46 19 927
19 24 86
24 19 86
19 26 703
26 19 703
19 28 808
28 19 808
19 31 235
31 19 235
20 25 579
25 20 579
20 44 127
44 20 127
20 46 618
46 20 618
20 36 805
36 20 805
20 45 12
45 20 12
20 21 994
21 20 994
20 37 722
37 20 722
20 36 615
36 20 615
20 45 678
45 20 678
20 38 765
38 20 765
20 48 188
48 20 188
20 23 784
23 20 784
20 49 365
49 20 365
20 48 656
48 20 656
20 41 379
41 20 379
20 36 247
36 20 247
21 46 866
46 21 866
21 30 327
30 21 327
21 27 428
27 21 428
21 25 493
25 21 493
21 45 193
45 21 193
21 40 124
40 21 124
21 43 277
43 21 277
21 26 930
26 21 930
21 50 290
50 21 290
21 31 527
31 21 527
21 39 185
39 21 185
21 39 797
39 21 797
21 31 228
31 21 228
21 50 115
50 21 115
22 34 360
34 22 360
22 28 656
28 22 656
22 52 572
52 22 572
22 30 77
30 22 77
22 50 635
50 22 635
22 46 288
46 22 288
22 41 109
41 22 109
22 37 952
37 22 952
22 45 505
45 22 505
22 52 157
52 22 157
22 28 684
28 22 684
22 36 679
36 22 679
22 23 954
23 22 954
22 30 710
30 22 710
22 29 458
29 22 458
22 34 937
34 22 937
22 31 362
31 22 362
22 46 327
46 22 327
23 29 807
29 23 807
23 36 527
36 23 527
23 28 694
28 23 694
23 27 548
27 23 548
23 35 18
35 23 18
23 38 490
38 23 490
23 40 389
40 23 389
23 31 182
31 23 182
23 38 978
38 23 978
23 37 604
37 23 604
23 29 94
29 23 94
23 24 759
24 23 759
23 29 860
29 23 860
23 43 13
43 23 13
23 35 306
35 23 306
23 40 454
40 23 454
23 42 982
42 23 982
23 31 649
31 23 649
23 23 629
23 23 629
23 43 93
43 23 93
23 31 174
31 23 174
24 45 528
45 24 528
24 50 112
50 24 112
24 51 64
51 24 64
24 32 498
32 24 498
24 32 609
32 24 609
24 51 455
51 24 455
24 24 780
24 24 780
24 25 844
25 24 844
24 43 352
43 24 352
24 28 803
28 24 803
24 32 299
32 24 299
24 49 187
49 24 187
24 25 466
25 24 466
24 49 429
49 24 429
24 47 255
47 24 255
24 26 596
26 24 596
24 44 463
44 24 463
25 44 68
44 25 68
25 53 674
53 25 674
25 44 210
44 25 210
25 44 375
44 25 375
25 47 639
47 25 639
25 48 830
48 25 830
25 32 642
32 25 642
25 32 248
32 25 248
25 48 666
48 25 666
25 42 614
42 25 614
25 40 682
40 25 682
25 47 590
47 25 590
25 52 390
52 25 390
25 44 294
44 25 294
26 29 366
29 26 366
26 53 40
53 26 40
26 53 358
53 26 358
26 32 547
32 26 547
26 45 629
45 26 629
26 38 317
38 26 317
26 48 562
48 26 562
26 29 9
29 26 9
26 48 843
48 26 843
26 49 257
49 26 257
26 47 540
47 26 540
26 45 901
45 26 901
27 46 422
46 27 422
27 43 963
43 27 963
27 42 90
42 27 90
27 35 232
35 27 232
27 39 654
39 27 654
27 50 719
50 27 719
27 35 792
35 27 792
27 47 394
47 27 394
27 39 630
39 27 630
27 39 200
39 27 200
27 41 419
41 27 419
28 49 817
49 28 817
28 43 843
43 28 843
28 49 494
49 28 494
28 47 737
47 28 737
28 35 568
35 28 568
28 33 698
33 28 698
28 41 582
41 28 582
28 48 642
48 28 642
28 29 894
29 28 894
28 49 188
49 28 188
28 36 490
36 28 490
28 29 775
29 28 775
28 44 829
44 28 829
28 40 815
40 28 815
28 43 349
43 28 349
28 30 608
30 28 608
28 32 102
32 28 102
28 43 292
43 28 292
28 47 949
47 28 949
29 41 719
41 29 719
29 43 306
43 29 306
29 48 238
48 29 238
29 49 89
49 29 89
29 47 6
47 29 6
29 51 997
51 29 997
29 33 341
33 29 341
30 32 129
32 30 129
30 53 378
53 30 378
30 48 306
48 30 306
30 52 365
52 30 365
30 41 657
41 30 657
30 52 814
52 30 814
30 33 834
33 30 834
30 52 637
52 30 637
30 49 776
49 30 776
30 32 141
32 30 141
30 49 616
49 30 616
30 30 821
30 30 821
30 37 11
37 30 11
31 35 478
35 31 478
31 51 19
51 31 19
31 46 554
46 31 554
31 42 990
42 31 990
31 48 257
48 31 257
31 41 227
41 31 227
31 44 820
44 31 820
31 47 286
47 31 286
31 42 190
42 31 190
31 37 861
37 31 861
32 34 350
34 32 350
32 34 130
34 32 130
32 47 621
47 32 621
32 46 898
46 32 898
32 40 121
40 32 121
32 52 48
52 32 48
32 34 561
34 32 561
32 41 357
41 32 357
32 40 113
40 32 113
32 49 523
49 32 523
33 34 212
34 33 212
33 53 715
53 33 715
33 53 750
53 33 750
33 51 716
51 33 716
33 33 387
33 33 387
33 42 956
42 33 956
33 36 576
36 33 576
33 52 430
52 33 430
34 52 90
52 34 90
34 49 771
49 34 771
34 40 205
40 34 205
34 35 212
35 34 212
34 48 680
48 34 680
34 39 338
39 34 338
34 51 39
51 34 39
34 47 354
47 34 354
34 52 638
52 34 638
34 43 984
43 34 984
34 42 341
42 34 341
34 49 238
49 34 238
35 39 535
39 35 535
35 51 841
51 35 841
35 36 866
36 35 866
35 48 951
48 35 951
35 46 517
46 35 517
35 41 218
41 35 218
35 47 245
47 35 245
35 36 227
36 35 227
36 40 188
40 36 188
36 49 79
49 36 79
36 45 726
45 36 726
36 51 810
51 36 810
36 40 700
40 36 700
36 39 592
39 36 592
37 50 751
50 37 751
37 53 656
53 37 656
37 38 100
38 37 100
37 42 487
42 37 487
37 44 960
44 37 960
37 48 883
48 37 883
37 48 746
48 37 746
37 48 890
48 37 890
38 48 372
48 38 372
38 42 599
42 38 599
38 51 121
51 38 121
38 47 190
47 38 190
38 49 291
49 38 291
38 48 855
48 38 855
39 50 676
50 39 676
39 47 451
47 39 451
39 44 954
44 39 954
39 47 551
47 39 551
39 49 752
49 39 752
39 41 662
41 39 662
39 49 21
49 39 21
39 39 198
39 39 198
39 45 146
45 39 146
39 41 98
41 39 98
39 43 439
43 39 439
39 51 952
51 39 952
40 44 743
44 40 743
40 48 787
48 40 787
40 41 870
41 40 870
40 45 505
45 40 505
40 44 961
44 40 961
40 53 90
53 40 90
40 49 435
49 40 435
40 52 158
52 40 158
40 53 948
53 40 948
40 43 212
43 40 212
41 53 404
53 41 404
41 42 384
42 41 384
41 43 649
43 41 649
41 41 734
41 41 734
41 50 933
50 41 933
42 49 166
49 42 166
42 44 738
44 42 738
42 52 472
52 42 472
42 47 924
47 42 924
43 43 368
43 43 368
45 52 78
52 45 78
45 51 239
51 45 239
45 45 993
45 45 993
45 50 669
50 45 669
45 53 584
53 45 584
46 53 94
53 46 94
46 52 30
52 46 30
46 46 697
46 46 697
47 51 408
51 47 408
47 50 280
50 47 280
48 49 839
49 48 839
48 49 1
49 48 1
48 49 898
49 48 898
48 49 44
49 48 44
48 52 991
52 48 991
48 53 38
53 48 38
49 50 840
50 49 840
49 49 411
49 49 411
49 52 49
52 49 49
50 51 913
51 50 913
50 51 147
51 50 147
51 53 123
53 51 123
52 53 155
53 52 155
