64

0 1 662
1 0 662
0 16 47
16 0 47
0 19 352
19 0 352
0 32 774
32 0 774
0 21 656
21 0 656
0 28 325
28 0 325
0 30 523
30 0 523
0 58 777
58 0 777
0 59 123
59 0 123
1 2 80
2 1 80
1 8 743
8 1 743
1 13 426
13 1 426
1 30 100
30 1 100
1 53 378
53 1 378
1 50 443
50 1 443
2 3 859
3 2 859
2 4 409
4 2 409
2 5 557
5 2 557
2 11 659
11 2 659
2 15 840
15 2 840
2 45 707
45 2 707
2 63 693
63 2 693
3 7 678
7 3 678
3 12 429
12 3 429
3 57 290
57 3 290
3 55 644
55 3 644
3 31 306
31 3 306
3 23 667
23 3 667
3 55 993
55 3 993
4 6 912
6 4 912
4 9 519
9 4 519
4 21 584
21 4 584
4 32 295
32 4 295
4 5 791
5 4 791
5 41 61
41 5 61
5 60 38
60 5 38
5 8 310
8 5 310
5 25 831
25 5 831
6 20 608
20 6 608
6 43 288
43 6 288
6 39 162
39 6 162
6 57 347
57 6 347
6 11 919
11 6 919
6 14 62
14 6 62
6 10 39
10 6 39
7 10 344
10 7 344
7 26 950
26 7 950
7 29 54
29 7 54
7 44 854
44 7 854
7 39 509
39 7 509
8 35 473
35 8 473
8 36 70
36 8 70
8 56 462
56 8 462
8 41 350
41 8 350
8 60 355
60 8 355
9 28 698
28 9 698
9 31 179
31 9 179
10 14 974
14 10 974
10 57 875
57 10 875
11 55 173
55 11 173
11 40 528
40 11 528
12 61 774
61 12 774
12 62 62
62 12 62
12 39 883
39 12 883
12 42 50
42 12 50
13 17 725
17 13 725
13 18 696
18 13 696
13 31 590
31 13 590
13 38 275
38 13 275
13 57 557
57 13 557
14 24 93
24 14 93
14 33 709
33 14 709
14 37 237
37 14 237
14 62 287
62 14 287
14 32 818
32 14 818
14 15 163
15 14 163
14 57 341
57 14 341
15 27 966
27 15 966
15 58 300
58 15 300
15 24 211
24 15 211
15 42 299
42 15 299
16 49 221
49 16 221
16 57 166
57 16 166
16 27 613
27 16 613
16 57 202
57 16 202
17 31 859
31 17 859
17 34 314
34 17 314
17 25 663
25 17 663
18 22 693
22 18 693
18 19 864
19 18 864
18 38 384
38 18 384
18 47 232
47 18 232
19 53 511
53 19 511
19 56 207
56 19 207
20 44 289
44 20 289
20 48 594
48 20 594
20 59 132
59 20 132
21 25 599
25 21 599
21 54 236
54 21 236
22 23 694
23 22 694
22 24 362
24 22 362
22 29 669
29 22 669
23 46 881
46 23 881
23 51 979
51 23 979
24 39 256
39 24 256
24 44 943
44 24 943
25 41 461
41 25 461
26 57 882
57 26 882
27 42 640
42 27 640
28 38 64
38 28 64
28 55 445
55 28 445
28 42 630
42 28 630
29 39 760
39 29 760
29 42 63
42 29 63
30 51 15
51 30 15
31 44 233
44 31 233
32 53 715
53 32 715
33 40 905
40 33 905
33 33 791
33 33 791
34 47 841
47 34 841
34 37 904
37 34 904
34 43 754
43 34 754
35 57 601
57 35 601
35 60 465
60 35 465
38 45 263
45 38 263
39 61 638
61 39 638
39 51 982
51 39 982
39 44 432
44 39 432
40 45 853
45 40 853
40 52 265
52 40 265
40 50 190
50 40 190
40 63 761
63 40 761
41 46 923
46 41 923
42 43 809
43 42 809
42 55 453
55 42 453
43 50 938
50 43 938
43 52 339
52 43 339
45 57 453
57 45 453
47 63 245
63 47 245
47 51 606
51 47 606
49 54 410
54 49 410
49 58 472
58 49 472
52 54 326
54 52 326
55 57 135
57 55 135
58 59 598
59 58 598
58 61 844
61 58 844
