33

0 1 187
1 0 187
0 2 747
2 0 747
0 6 301
6 0 301
0 10 828
10 0 828
0 27 762
27 0 762
0 11 262
11 0 262
0 2 731
2 0 731
0 4 699
4 0 699
0 26 269
26 0 269
0 32 155
32 0 155
0 28 615
28 0 615
0 22 906
22 0 906
0 25 642
25 0 642
0 23 264
23 0 264
0 2 766
2 0 766
0 21 641
21 0 641
0 6 488
6 0 488
1 22 253
22 1 253
1 24 821
24 1 821
1 20 717
20 1 717
1 13 497
13 1 497
1 25 206
25 1 206
1 2 25
2 1 25
1 22 883
22 1 883
1 31 763
31 1 763
1 18 111
18 1 111
2 3 382
3 2 382
2 5 491
5 2 491
2 7 731
7 2 731
2 11 592
11 2 592
2 12 421
12 2 421
2 27 759
27 2 759
2 27 672
27 2 672
2 8 192
8 2 192
2 30 973
30 2 973
2 30 382
30 2 382
2 31 658
31 2 658
2 11 349
11 2 349
2 5 553
5 2 553
2 21 520
21 2 520
2 23 907
23 2 907
2 30 932
30 2 932
2 17 321
17 2 321
2 3 637
3 2 637
2 11 913
11 2 913
2 20 632
20 2 632
2 13 466
13 2 466
2 27 801
27 2 801
3 4 985
4 3 985
3 14 633
14 3 633
3 9 886
9 3 886
3 6 108
6 3 108
3 28 129
28 3 129
3 25 666
25 3 666
3 4 949
4 3 949
3 4 417
4 3 417
3 11 741
11 3 741
3 21 76
21 3 76
3 31 465
31 3 465
3 13 6
13 3 6
3 12 843
12 3 843
3 23 1
23 3 1
3 31 98
31 3 98
3 23 962
23 3 962
4 9 917
9 4 917
4 28 41
28 4 41
4 8 204
8 4 204
4 6 858
6 4 858
4 26 136
26 4 136
4 8 739
8 4 739
4 20 493
20 4 493
4 10 151
10 4 151
4 9 888
9 4 888
4 15 748
15 4 748
5 8 726
8 5 726
5 24 354
24 5 354
5 25 772
25 5 772
5 13 248
13 5 248
5 30 989
30 5 989
5 32 999
32 5 999
5 29 843
29 5 843
5 6 305
6 5 305
5 25 391
25 5 391
5 23 64
23 5 64
5 8 322
8 5 322
5 24 775
24 5 775
5 31 806
31 5 806
5 20 842
20 5 842
6 27 145
27 6 145
6 18 923
18 6 923
6 28 607
28 6 607
6 14 961
14 6 961
6 17 207
17 6 207
6 14 666
14 6 666
6 27 746
27 6 746
6 7 494
7 6 494
7 21 944
21 7 944
7 19 896
19 7 896
7 8 391
8 7 391
7 27 182
27 7 182
7 14 304
14 7 304
7 22 883
22 7 883
7 15 317
15 7 317
7 11 307
11 7 307
7 29 695
29 7 695
8 9 36
9 8 36
8 15 173
15 8 173
8 16 584
16 8 584
8 10 913
10 8 913
8 13 607
13 8 607
8 20 513
20 8 513
8 17 769
17 8 769
8 21 364
21 8 364
8 10 221
10 8 221
8 19 350
19 8 350
8 32 531
32 8 531
8 26 86
26 8 86
8 22 292
22 8 292
9 17 177
17 9 177
9 11 311
11 9 311
9 25 772
25 9 772
9 10 82
10 9 82
9 27 732
27 9 732
9 9 727
9 9 727
9 26 159
26 9 159
9 16 498
16 9 498
10 13 227
13 10 227
10 14 452
14 10 452
10 27 305
27 10 305
10 30 825
30 10 825
10 13 18
13 10 18
10 22 846
22 10 846
10 30 303
30 10 303
10 19 510
19 10 510
10 32 117
32 10 117
10 12 451
12 10 451
10 26 911
26 10 911
11 18 784
18 11 784
11 27 585
27 11 585
11 30 678
30 11 678
11 18 860
18 11 860
11 27 166
27 11 166
11 31 73
31 11 73
11 17 742
17 11 742
11 14 540
14 11 540
11 21 177
21 11 177
12 19 968
19 12 968
12 20 308
20 12 308
12 32 501
32 12 501
12 16 274
16 12 274
12 31 437
31 12 437
12 31 405
31 12 405
12 15 594
15 12 594
12 13 23
13 12 23
12 31 177
31 12 177
12 29 17
29 12 17
12 22 289
22 12 289
12 20 797
20 12 797
12 28 646
28 12 646
12 20 843
20 12 843
13 31 534
31 13 534
13 15 622
15 13 622
13 30 752
30 13 752
13 26 985
26 13 985
13 25 542
25 13 542
13 28 165
28 13 165
13 24 559
24 13 559
13 20 499
20 13 499
14 26 44
26 14 44
14 24 861
24 14 861
14 30 686
30 14 686
14 23 416
23 14 416
14 21 918
21 14 918
14 15 202
15 14 202
14 22 236
22 14 236
14 17 554
17 14 554
14 18 573
18 14 573
14 26 363
26 14 363
14 28 825
28 14 825
14 32 39
32 14 39
14 22 897
22 14 897
15 18 160
18 15 160
15 31 633
31 15 633
15 21 911
21 15 911
15 23 562
23 15 562
15 20 208
20 15 208
15 30 57
30 15 57
15 32 483
32 15 483
15 22 849
22 15 849
15 24 747
24 15 747
15 23 987
23 15 987
15 25 42
25 15 42
15 26 480
26 15 480
15 18 797
18 15 797
16 23 910
23 16 910
16 23 339
23 16 339
16 23 741
23 16 741
16 18 749
18 16 749
16 18 983
18 16 983
16 24 166
24 16 166
17 21 469
21 17 469
17 28 503
28 17 503
17 26 980
26 17 980
17 20 639
20 17 639
17 26 39
26 17 39
17 20 166
20 17 166
17 32 137
32 17 137
17 19 549
19 17 549
17 20 728
20 17 728
17 18 843
18 17 843
17 26 717
26 17 717
18 28 902
28 18 902
18 24 721
24 18 721
18 25 520
25 18 520
18 23 611
23 18 611
18 19 583
19 18 583
19 29 481
29 19 481
19 31 401
31 19 401
19 19 539
19 19 539
19 24 427
24 19 427
19 31 676
31 19 676
19 31 329
31 19 329
19 29 983
29 19 983
19 19 450
19 19 450
19 19 829
19 19 829
19 20 968
20 19 968
20 23 638
23 20 638
20 30 631
30 20 631
20 21 20
21 20 20
20 28 560
28 20 560
20 25 783
25 20 783
20 26 727
26 20 727
20 25 831
25 20 831
20 31 590
31 20 590
20 28 784
28 20 784
20 25 9
25 20 9
20 31 917
31 20 917
21 28 376
28 21 376
21 26 789
26 21 789
21 21 926
21 21 926
21 28 342
28 21 342
21 31 56
31 21 56
21 24 635
24 21 635
21 30 475
30 21 475
21 26 852
26 21 852
21 32 708
32 21 708
21 32 700
32 21 700
22 27 169
27 22 169
22 22 806
22 22 806
22 23 549
23 22 549
23 30 58
30 23 58
23 32 693
32 23 693
23 24 693
24 23 693
23 27 385
27 23 385
23 26 507
26 23 507
23 31 992
31 23 992
24 26 933
26 24 933
24 26 345
26 24 345
24 28 599
28 24 599
24 32 166
32 24 166
24 26 635
26 24 635
24 30 812
30 24 812
24 25 786
25 24 786
24 26 481
26 24 481
24 26 381
26 24 381
25 30 815
30 25 815
25 30 952
30 25 952
26 28 509
28 26 509
26 27 333
27 26 333
26 30 570
30 26 570
27 32 349
32 27 349
27 29 911
29 27 911
27 31 288
31 27 288
27 31 311
31 27 311
28 32 654
32 28 654
28 30 465
30 28 465
28 32 465
32 28 465
29 32 3
32 29 3
