25

0 1 825
1 0 825
0 2 507
2 0 507
0 19 445
19 0 445
0 19 464
19 0 464
0 1 122
1 0 122
0 21 928
21 0 928
0 18 642
18 0 642
0 8 112
8 0 112
0 6 331
6 0 331
0 3 207
3 0 207
0 23 733
23 0 733
0 7 465
7 0 465
0 19 354
19 0 354
0 24 192
24 0 192
0 13 359
13 0 359
0 8 194
8 0 194
0 24 890
24 0 890
0 17 158
17 0 158
0 24 675
24 0 675
0 4 362
4 0 362
0 9 776
9 0 776
0 3 468
3 0 468
0 18 417
18 0 417
1 4 497
4 1 497
1 7 35
7 1 35
1 13 445
13 1 445
1 3 617
3 1 617
1 20 97
20 1 97
1 23 693
23 1 693
1 18 978
18 1 978
1 2 989
2 1 989
1 17 780
17 1 780
1 15 976
15 1 976
1 13 854
13 1 854
1 9 910
9 1 910
1 23 858
23 1 858
1 17 367
17 1 367
2 3 957
3 2 957
2 21 730
21 2 730
2 12 17
12 2 17
2 20 22
20 2 22
2 21 17
21 2 17
2 22 469
22 2 469
2 9 63
9 2 63
2 21 383
21 2 383
2 9 307
9 2 307
2 22 640
22 2 640
2 10 785
10 2 785
2 10 106
10 2 106
3 5 387
5 3 387
3 12 716
12 3 716
3 14 434
14 3 434
3 10 293
10 3 293
3 18 460
18 3 460
3 16 641
16 3 641
3 14 39
14 3 39
3 13 329
13 3 329
3 22 414
22 3 414
3 11 890
11 3 890
3 17 143
17 3 143
3 20 635
20 3 635
3 15 977
15 3 977
3 8 837
8 3 837
3 11 591
11 3 591
3 24 36
24 3 36
3 5 230
5 3 230
3 5 237
5 3 237
3 22 422
22 3 422
3 10 631
10 3 631
3 14 444
14 3 444
3 12 7
12 3 7
3 16 819
16 3 819
4 5 373
5 4 373
4 22 898
22 4 898
4 21 964
21 4 964
4 10 449
10 4 449
4 12 627
12 4 627
4 5 820
5 4 820
4 16 330
16 4 330
4 24 984
24 4 984
4 11 35
11 4 35
4 20 391
20 4 391
4 15 658
15 4 658
4 5 51
5 4 51
4 24 97
24 4 97
4 10 880
10 4 880
5 6 732
6 5 732
5 10 797
10 5 797
5 11 855
11 5 855
5 11 605
11 5 605
5 8 688
8 5 688
5 7 700
7 5 700
5 23 112
23 5 112
5 15 593
15 5 593
5 24 38
24 5 38
5 10 295
10 5 295
5 7 249
7 5 249
5 21 733
21 5 733
5 23 846
23 5 846
5 6 331
6 5 331
5 14 353
14 5 353
5 22 878
22 5 878
5 19 683
19 5 683
6 9 192
9 6 192
6 14 782
14 6 782
6 17 707
17 6 707
6 20 783
20 6 783
6 7 49
7 6 49
6 10 995
10 6 995
6 10 530
10 6 530
6 12 491
12 6 491
6 20 391
20 6 391
6 11 866
11 6 866
6 15 221
15 6 221
6 10 141
10 6 141
6 22 440
22 6 440
6 10 22
10 6 22
6 10 337
10 6 337
6 23 387
23 6 387
6 9 786
9 6 786
6 12 356
12 6 356
6 22 97
22 6 97
7 8 174
8 7 174
7 9 701
9 7 701
7 9 442
9 7 442
7 10 382
10 7 382
7 13 828
13 7 828
7 15 698
15 7 698
7 16 91
16 7 91
7 14 427
14 7 427
7 12 857
12 7 857
7 13 707
13 7 707
8 10 46
10 8 46
8 19 8
19 8 8
8 19 512
19 8 512
8 8 136
8 8 136
8 17 925
17 8 925
8 11 906
11 8 906
8 22 172
22 8 172
8 21 669
21 8 669
8 20 53
20 8 53
8 9 156
9 8 156
8 12 378
12 8 378
8 18 894
18 8 894
8 14 754
14 8 754
8 15 997
15 8 997
9 15 214
15 9 214
9 13 356
13 9 356
9 16 818
16 9 818
9 22 699
22 9 699
9 16 81
16 9 81
9 17 468
17 9 468
9 19 867
19 9 867
9 13 726
13 9 726
9 23 635
23 9 635
9 18 453
18 9 453
9 20 742
20 9 742
10 16 572
16 10 572
10 12 754
12 10 754
10 11 600
11 10 600
10 12 212
12 10 212
10 19 978
19 10 978
10 14 340
14 10 340
10 14 172
14 10 172
11 18 765
18 11 765
11 17 507
17 11 507
11 16 107
16 11 107
11 17 699
17 11 699
11 23 996
23 11 996
11 21 978
21 11 978
11 14 781
14 11 781
12 12 92
12 12 92
12 13 359
13 12 359
12 16 301
16 12 301
12 24 263
24 12 263
12 19 60
19 12 60
12 23 722
23 12 722
12 17 853
17 12 853
12 17 769
17 12 769
12 15 449
15 12 449
12 19 390
19 12 390
13 24 476
24 13 476
13 14 237
14 13 237
13 21 897
21 13 897
13 15 141
15 13 141
13 15 248
15 13 248
13 24 151
24 13 151
13 17 691
17 13 691
13 17 317
17 13 317
13 23 526
23 13 526
13 21 135
21 13 135
13 15 832
15 13 832
13 18 81
18 13 81
13 21 110
21 13 110
13 22 363
22 13 363
14 16 463
16 14 463
14 18 648
18 14 648
14 22 292
22 14 292
14 19 452
19 14 452
14 15 458
15 14 458
14 24 449
24 14 449
14 24 629
24 14 629
14 23 254
23 14 254
15 17 835
17 15 835
15 21 423
21 15 423
15 17 995
17 15 995
15 18 325
18 15 325
15 21 871
21 15 871
15 17 812
17 15 812
16 22 74
22 16 74
16 19 960
19 16 960
16 17 266
17 16 266
16 22 854
22 16 854
17 23 677
23 17 677
17 18 483
18 17 483
17 24 988
24 17 988
17 23 20
23 17 20
17 20 411
20 17 411
18 19 88
19 18 88
18 20 699
20 18 699
18 22 982
22 18 982
18 20 942
20 18 942
19 20 858
20 19 858
19 19 202
19 19 202
19 22 544
22 19 544
19 24 639
24 19 639
20 21 702
21 20 702
20 23 250
23 20 250
20 24 851
24 20 851
20 22 248
22 20 248
20 23 257
23 20 257
21 21 777
21 21 777
21 21 512
21 21 512
21 24 118
24 21 118
21 24 619
24 21 619
21 23 642
23 21 642
21 22 172
22 21 172
21 24 430
24 21 430
22 22 643
22 22 643
22 23 312
23 22 312
23 24 539
24 23 539
