82

0 1 746
1 0 746
0 2 943
2 0 943
0 5 279
5 0 279
0 48 210
48 0 210
0 58 684
58 0 684
0 67 773
67 0 773
0 23 322
23 0 322
0 63 233
63 0 233
0 52 373
52 0 373
0 77 680
77 0 680
0 50 114
50 0 114
0 9 730
9 0 730
0 44 616
44 0 616
0 80 116
80 0 116
0 3 878
3 0 878
1 11 279
11 1 279
1 18 387
18 1 387
1 43 174
43 1 174
1 27 184
27 1 184
1 55 222
55 1 222
1 5 370
5 1 370
2 3 411
3 2 411
2 6 292
6 2 292
2 7 382
7 2 382
2 29 175
29 2 175
2 24 769
24 2 769
2 46 575
46 2 575
2 11 686
11 2 686
2 78 223
78 2 223
2 27 278
27 2 278
2 81 384
81 2 384
2 38 932
38 2 932
2 36 848
36 2 848
2 64 569
64 2 569
2 37 421
37 2 421
2 73 403
73 2 403
2 8 167
8 2 167
3 4 922
4 3 922
3 8 667
8 3 667
3 74 849
74 3 849
3 13 801
13 3 801
3 61 998
61 3 998
3 31 817
31 3 817
3 56 794
56 3 794
3 67 66
67 3 66
3 50 573
50 3 573
3 80 52
80 3 52
3 81 720
81 3 720
3 5 17
5 3 17
3 51 285
51 3 285
3 13 943
13 3 943
3 7 54
7 3 54
3 9 840
9 3 840
3 26 169
26 3 169
3 64 460
64 3 460
4 22 770
22 4 770
4 30 337
30 4 337
4 48 743
48 4 743
4 66 295
66 4 295
4 49 695
49 4 695
4 54 365
54 4 365
4 72 736
72 4 736
4 72 777
72 4 777
4 68 717
68 4 717
5 23 802
23 5 802
5 34 61
34 5 61
5 41 718
41 5 718
5 75 731
75 5 731
5 73 133
73 5 133
5 45 52
45 5 52
5 39 574
39 5 574
5 70 754
70 5 754
5 36 240
36 5 240
5 72 733
72 5 733
5 60 185
60 5 185
5 6 48
6 5 48
5 69 263
69 5 263
5 81 461
81 5 461
5 73 327
73 5 327
5 55 172
55 5 172
6 17 199
17 6 199
6 28 713
28 6 713
6 15 81
15 6 81
6 63 310
63 6 310
6 64 247
64 6 247
6 57 46
57 6 46
6 64 878
64 6 878
6 32 709
32 6 709
6 72 252
72 6 252
6 36 824
36 6 824
6 19 838
19 6 838
7 12 678
12 7 678
7 16 106
16 7 106
7 40 498
40 7 498
7 80 961
80 7 961
7 48 464
48 7 464
7 7 796
7 7 796
7 18 683
18 7 683
7 31 103
31 7 103
7 21 680
21 7 680
7 11 730
11 7 730
7 11 172
11 7 172
7 20 678
20 7 678
7 33 397
33 7 397
7 30 559
30 7 559
7 54 943
54 7 943
7 30 123
30 7 123
7 12 984
12 7 984
8 9 565
9 8 565
8 10 734
10 8 734
8 14 30
14 8 30
8 20 790
20 8 790
8 45 332
45 8 332
8 43 629
43 8 629
8 13 439
13 8 439
8 41 52
41 8 52
8 29 1000
29 8 1000
8 63 318
63 8 318
8 17 17
17 8 17
8 36 131
36 8 131
8 70 672
70 8 672
9 42 525
42 9 525
9 44 358
44 9 358
9 64 62
64 9 62
9 61 800
61 9 800
9 35 488
35 9 488
9 49 686
49 9 686
9 51 916
51 9 916
9 18 758
18 9 758
10 13 579
13 10 579
10 38 125
38 10 125
10 77 399
77 10 399
10 54 911
54 10 911
10 79 149
79 10 149
10 63 500
63 10 500
10 70 892
70 10 892
10 74 204
74 10 204
10 38 688
38 10 688
10 52 353
52 10 353
11 32 509
32 11 509
11 33 965
33 11 965
11 53 212
53 11 212
11 23 500
23 11 500
11 55 121
55 11 121
11 75 857
75 11 857
11 64 484
64 11 484
11 36 978
36 11 978
11 69 183
69 11 183
11 39 52
39 11 52
11 15 230
15 11 230
11 19 734
19 11 734
12 19 954
19 12 954
12 39 507
39 12 507
12 51 532
51 12 532
12 54 399
54 12 399
12 77 682
77 12 682
12 81 809
81 12 809
12 62 692
62 12 692
12 24 197
24 12 197
12 60 347
60 12 347
12 36 507
36 12 507
12 19 921
19 12 921
12 24 476
24 12 476
12 38 30
38 12 30
12 79 164
79 12 164
12 45 465
45 12 465
13 15 805
15 13 805
13 20 665
20 13 665
13 77 12
77 13 12
13 46 952
46 13 952
13 64 876
64 13 876
13 62 881
62 13 881
13 53 481
53 13 481
13 81 221
81 13 221
13 57 129
57 13 129
13 65 756
65 13 756
14 41 938
41 14 938
14 71 180
71 14 180
14 36 326
36 14 326
14 78 385
78 14 385
14 25 503
25 14 503
14 43 99
43 14 99
14 79 969
79 14 969
14 80 977
80 14 977
14 21 317
21 14 317
14 78 191
78 14 191
15 31 91
31 15 91
15 79 460
79 15 460
15 52 745
52 15 745
15 70 604
70 15 604
15 79 394
79 15 394
15 38 35
38 15 35
15 36 366
36 15 366
15 23 680
23 15 680
15 53 889
53 15 889
16 27 880
27 16 880
16 45 254
45 16 254
16 51 811
51 16 811
16 56 2
56 16 2
16 22 158
22 16 158
16 34 681
34 16 681
16 29 625
29 16 625
16 18 880
18 16 880
17 21 635
21 17 635
17 49 330
49 17 330
17 68 507
68 17 507
17 62 665
62 17 665
17 65 451
65 17 451
17 17 402
17 17 402
17 19 807
19 17 807
17 27 771
27 17 771
17 80 515
80 17 515
17 52 827
52 17 827
17 55 437
55 17 437
17 36 732
36 17 732
17 69 371
69 17 371
18 24 33
24 18 33
18 25 148
25 18 148
18 52 456
52 18 456
18 70 49
70 18 49
18 45 237
45 18 237
18 25 877
25 18 877
18 78 560
78 18 560
18 49 823
49 18 823
18 58 628
58 18 628
18 46 882
46 18 882
18 40 539
40 18 539
18 36 81
36 18 81
18 52 703
52 18 703
18 29 966
29 18 966
18 29 684
29 18 684
18 55 322
55 18 322
19 55 268
55 19 268
19 62 384
62 19 384
19 32 91
32 19 91
19 50 941
50 19 941
19 75 792
75 19 792
19 56 932
56 19 932
19 63 293
63 19 293
20 30 611
30 20 611
20 72 908
72 20 908
20 45 502
45 20 502
20 72 894
72 20 894
20 46 735
46 20 735
20 32 744
32 20 744
20 61 686
61 20 686
21 71 682
71 21 682
21 29 212
29 21 212
21 36 295
36 21 295
21 40 491
40 21 491
21 48 71
48 21 71
21 58 147
58 21 147
21 48 600
48 21 600
21 36 643
36 21 643
21 66 294
66 21 294
21 81 769
81 21 769
21 27 697
27 21 697
22 35 905
35 22 905
22 81 158
81 22 158
22 67 171
67 22 171
22 36 215
36 22 215
22 75 564
75 22 564
22 35 393
35 22 393
22 57 374
57 22 374
22 54 442
54 22 442
22 63 703
63 22 703
22 72 507
72 22 507
22 48 288
48 22 288
23 26 237
26 23 237
23 56 20
56 23 20
23 35 888
35 23 888
23 50 426
50 23 426
23 42 26
42 23 26
24 46 977
46 24 977
24 50 56
50 24 56
24 54 829
54 24 829
24 50 636
50 24 636
24 81 152
81 24 152
24 71 540
71 24 540
24 48 316
48 24 316
24 67 660
67 24 660
24 53 865
53 24 865
24 61 693
61 24 693
24 61 225
61 24 225
24 31 576
31 24 576
24 28 21
28 24 21
25 45 972
45 25 972
25 71 612
71 25 612
25 40 404
40 25 404
25 62 900
62 25 900
25 36 876
36 25 876
25 54 746
54 25 746
25 44 131
44 25 131
25 71 456
71 25 456
25 35 247
35 25 247
26 39 202
39 26 202
26 47 208
47 26 208
26 45 133
45 26 133
26 49 652
49 26 652
26 52 709
52 26 709
26 42 857
42 26 857
26 77 563
77 26 563
26 42 462
42 26 462
27 70 533
70 27 533
27 64 180
64 27 180
27 76 149
76 27 149
27 47 126
47 27 126
27 39 260
39 27 260
27 38 994
38 27 994
28 36 807
36 28 807
28 37 33
37 28 33
28 67 826
67 28 826
28 44 970
44 28 970
28 31 993
31 28 993
28 42 826
42 28 826
28 48 34
48 28 34
28 70 697
70 28 697
28 81 226
81 28 226
28 32 507
32 28 507
28 37 39
37 28 39
29 55 105
55 29 105
29 64 54
64 29 54
29 64 283
64 29 283
29 46 789
46 29 789
29 74 800
74 29 800
29 62 281
62 29 281
29 36 690
36 29 690
29 42 590
42 29 590
29 41 921
41 29 921
29 39 291
39 29 291
30 43 787
43 30 787
30 77 324
77 30 324
30 47 346
47 30 346
30 52 635
52 30 635
31 73 599
73 31 599
31 70 908
70 31 908
31 40 87
40 31 87
31 42 940
42 31 940
31 38 159
38 31 159
31 81 244
81 31 244
31 36 903
36 31 903
31 61 310
61 31 310
32 58 491
58 32 491
32 37 693
37 32 693
32 43 626
43 32 626
32 75 487
75 32 487
32 56 330
56 32 330
32 77 584
77 32 584
32 52 182
52 32 182
33 56 894
56 33 894
33 45 93
45 33 93
34 41 459
41 34 459
34 49 644
49 34 644
34 70 439
70 34 439
34 38 93
38 34 93
34 52 877
52 34 877
35 66 569
66 35 569
35 73 489
73 35 489
35 62 160
62 35 160
35 61 81
61 35 81
35 58 929
58 35 929
35 75 376
75 35 376
35 51 794
51 35 794
36 48 276
48 36 276
36 76 952
76 36 952
36 49 701
49 36 701
36 52 328
52 36 328
36 38 316
38 36 316
37 60 958
60 37 958
37 40 348
40 37 348
37 65 431
65 37 431
37 66 54
66 37 54
37 60 492
60 37 492
38 65 863
65 38 863
38 58 565
58 38 565
38 75 711
75 38 711
38 55 8
55 38 8
38 40 929
40 38 929
38 53 283
53 38 283
38 61 919
61 38 919
39 74 927
74 39 927
39 53 696
53 39 696
39 54 893
54 39 893
39 53 476
53 39 476
39 79 687
79 39 687
39 41 415
41 39 415
39 72 750
72 39 750
40 78 944
78 40 944
40 64 203
64 40 203
40 64 976
64 40 976
40 68 792
68 40 792
40 74 849
74 40 849
40 69 87
69 40 87
41 63 208
63 41 208
41 44 525
44 41 525
41 59 728
59 41 728
41 65 80
65 41 80
41 48 166
48 41 166
41 79 89
79 41 89
42 47 61
47 42 61
42 70 326
70 42 326
42 60 338
60 42 338
42 79 439
79 42 439
42 77 533
77 42 533
43 62 1
62 43 1
43 56 853
56 43 853
43 53 484
53 43 484
43 77 853
77 43 853
43 69 796
69 43 796
43 55 342
55 43 342
43 48 3
48 43 3
43 78 223
78 43 223
44 51 331
51 44 331
44 70 753
70 44 753
44 46 594
46 44 594
44 50 267
50 44 267
45 69 462
69 45 462
45 70 812
70 45 812
45 48 647
48 45 647
45 55 986
55 45 986
45 76 897
76 45 897
46 64 550
64 46 550
46 46 408
46 46 408
46 70 950
70 46 950
46 47 214
47 46 214
46 73 814
73 46 814
46 73 894
73 46 894
47 74 163
74 47 163
47 51 584
51 47 584
47 72 807
72 47 807
47 54 862
54 47 862
47 51 195
51 47 195
47 53 263
53 47 263
47 47 402
47 47 402
48 78 712
78 48 712
48 58 320
58 48 320
49 57 804
57 49 804
49 61 84
61 49 84
49 63 151
63 49 151
49 52 238
52 49 238
49 69 923
69 49 923
49 52 935
52 49 935
50 65 590
65 50 590
50 57 532
57 50 532
51 79 232
79 51 232
51 67 877
67 51 877
51 71 746
71 51 746
51 75 659
75 51 659
51 70 339
70 51 339
51 79 706
79 51 706
52 71 660
71 52 660
52 74 944
74 52 944
52 60 200
60 52 200
52 57 179
57 52 179
53 77 609
77 53 609
53 65 309
65 53 309
53 62 818
62 53 818
53 70 204
70 53 204
53 73 632
73 53 632
54 58 487
58 54 487
54 65 667
65 54 667
54 68 381
68 54 381
55 59 629
59 55 629
55 66 1
66 55 1
55 65 318
65 55 318
56 74 751
74 56 751
56 66 877
66 56 877
56 66 713
66 56 713
56 70 716
70 56 716
57 61 195
61 57 195
57 66 603
66 57 603
57 70 813
70 57 813
58 74 41
74 58 41
58 75 813
75 58 813
58 71 571
71 58 571
58 77 240
77 58 240
58 66 792
66 58 792
59 71 463
71 59 463
59 65 53
65 59 53
59 79 270
79 59 270
59 79 70
79 59 70
60 64 63
64 60 63
60 73 190
73 60 190
60 67 189
67 60 189
60 74 497
74 60 497
61 76 999
76 61 999
61 77 157
77 61 157
62 69 842
69 62 842
62 64 998
64 62 998
63 79 151
79 63 151
63 65 347
65 63 347
63 78 150
78 63 150
65 73 521
73 65 521
65 80 291
80 65 291
65 75 547
75 65 547
66 71 411
71 66 411
66 77 147
77 66 147
67 79 960
79 67 960
67 77 44
77 67 44
68 77 908
77 68 908
68 76 266
76 68 266
68 76 21
76 68 21
69 73 940
73 69 940
69 80 340
80 69 340
70 71 233
71 70 233
70 74 816
74 70 816
71 79 117
79 71 117
72 76 764
76 72 764
73 74 148
74 73 148
73 78 520
78 73 520
74 75 447
75 74 447
74 79 890
79 74 890
77 79 766
79 77 766
