68

0 1 992
1 0 992
0 2 571
2 0 571
0 3 850
3 0 850
0 6 354
6 0 354
0 33 542
33 0 542
0 56 915
56 0 915
0 16 64
16 0 64
0 3 704
3 0 704
1 13 228
13 1 228
1 22 326
22 1 326
1 44 270
44 1 270
1 52 261
52 1 261
1 10 531
10 1 531
1 21 118
21 1 118
1 56 74
56 1 74
1 15 130
15 1 130
1 6 571
6 1 571
2 18 105
18 2 105
2 26 506
26 2 506
2 30 992
30 2 992
2 14 672
14 2 672
3 4 81
4 3 81
3 5 88
5 3 88
3 40 393
40 3 393
3 45 636
45 3 636
3 10 769
10 3 769
3 27 294
27 3 294
3 47 380
47 3 380
4 15 604
15 4 604
4 19 430
19 4 430
4 29 977
29 4 977
4 64 773
64 4 773
4 38 748
38 4 748
4 46 675
46 4 675
4 50 375
50 4 375
5 13 570
13 5 570
5 28 193
28 5 193
5 20 641
20 5 641
6 7 131
7 6 131
6 8 30
8 6 30
6 9 845
9 6 845
6 65 20
65 6 20
6 28 84
28 6 84
6 17 963
17 6 963
7 21 645
21 7 645
7 42 278
42 7 278
7 50 252
50 7 252
7 41 667
41 7 667
8 17 497
17 8 497
8 23 531
23 8 531
8 25 123
25 8 123
8 36 633
36 8 633
8 48 838
48 8 838
8 51 953
51 8 953
8 65 928
65 8 928
8 9 534
9 8 534
8 46 532
46 8 532
9 10 314
10 9 314
9 11 936
11 9 936
9 34 892
34 9 892
9 65 915
65 9 915
10 14 988
14 10 988
10 34 3
34 10 3
10 52 871
52 10 871
10 25 457
25 10 457
11 12 52
12 11 52
11 20 908
20 11 908
11 23 167
23 11 167
11 40 548
40 11 548
12 28 237
28 12 237
12 26 306
26 12 306
12 35 978
35 12 978
12 28 505
28 12 505
12 47 788
47 12 788
13 16 211
16 13 211
13 13 661
13 13 661
13 37 182
37 13 182
13 59 994
59 13 994
14 24 775
24 14 775
14 38 103
38 14 103
14 26 179
26 14 179
15 46 930
46 15 930
15 17 456
17 15 456
15 16 207
16 15 207
15 33 160
33 15 160
16 63 357
63 16 357
16 46 436
46 16 436
17 39 37
39 17 37
17 42 529
42 17 529
17 24 382
24 17 382
17 56 180
56 17 180
18 49 987
49 18 987
18 48 809
48 18 809
18 35 469
35 18 469
19 22 454
22 19 454
19 46 725
46 19 725
19 56 805
56 19 805
19 29 310
29 19 310
19 24 889
24 19 889
19 52 108
52 19 108
20 35 950
35 20 950
20 64 885
64 20 885
20 36 359
36 20 359
21 37 850
37 21 850
21 31 942
31 21 942
21 56 656
56 21 656
22 31 589
31 22 589
22 27 97
27 22 97
23 41 450
41 23 450
23 53 521
53 23 521
23 37 624
37 23 624
23 41 46
41 23 46
23 38 434
38 23 434
23 26 824
26 23 824
23 46 183
46 23 183
24 30 281
30 24 281
24 43 908
43 24 908
24 64 332
64 24 332
24 46 816
46 24 816
24 46 346
46 24 346
24 67 456
67 24 456
25 27 961
27 25 961
25 58 168
58 25 168
25 65 383
65 25 383
25 61 566
61 25 566
25 59 399
59 25 399
26 32 289
32 26 289
26 53 341
53 26 341
26 65 375
65 26 375
26 52 263
52 26 263
26 26 744
26 26 744
26 49 423
49 26 423
28 58 620
58 28 620
28 56 863
56 28 863
28 67 70
67 28 70
28 32 875
32 28 875
29 47 547
47 29 547
29 60 208
60 29 208
30 49 898
49 30 898
30 62 739
62 30 739
30 60 179
60 30 179
31 37 687
37 31 687
31 47 751
47 31 751
31 52 826
52 31 826
31 43 49
43 31 49
32 33 505
33 32 505
32 38 788
38 32 788
34 44 68
44 34 68
34 45 946
45 34 946
35 44 231
44 35 231
35 40 481
40 35 481
35 39 749
39 35 749
36 51 648
51 36 648
36 55 151
55 36 151
36 47 415
47 36 415
36 52 884
52 36 884
37 52 691
52 37 691
37 40 878
40 37 878
39 54 611
54 39 611
39 60 564
60 39 564
39 54 447
54 39 447
40 65 173
65 40 173
40 54 412
54 40 412
41 56 59
56 41 59
41 62 462
62 41 462
42 53 978
53 42 978
43 47 892
47 43 892
44 55 639
55 44 639
46 47 927
47 46 927
46 59 768
59 46 768
46 60 999
60 46 999
47 66 646
66 47 646
47 58 668
58 47 668
47 55 869
55 47 869
48 55 694
55 48 694
53 57 540
57 53 540
53 57 316
57 53 316
55 56 305
56 55 305
56 67 222
67 56 222
56 67 61
67 56 61
57 61 930
61 57 930
58 60 480
60 58 480
59 62 204
62 59 204
59 63 218
63 59 218
62 62 328
62 62 328
63 67 270
67 63 270
