33

0 1 682
1 0 682
0 4 678
4 0 678
0 5 953
5 0 953
0 11 397
11 0 397
0 17 620
17 0 620
0 11 573
11 0 573
0 7 922
7 0 922
0 16 740
16 0 740
0 14 314
14 0 314
0 17 445
17 0 445
0 19 751
19 0 751
0 6 461
6 0 461
0 20 162
20 0 162
0 26 160
26 0 160
0 13 156
13 0 156
0 22 722
22 0 722
0 4 374
4 0 374
0 1 27
1 0 27
0 8 734
8 0 734
0 7 647
7 0 647
0 14 877
14 0 877
1 2 396
2 1 396
1 3 956
3 1 956
1 6 745
6 1 745
1 8 626
8 1 626
1 20 333
20 1 333
1 21 606
21 1 606
1 4 395
4 1 395
1 21 770
21 1 770
1 20 492
20 1 492
1 16 214
16 1 214
1 7 165
7 1 165
1 26 837
26 1 837
1 14 201
14 1 201
1 13 742
13 1 742
1 9 143
9 1 143
1 15 31
15 1 31
1 8 174
8 1 174
1 4 554
4 1 554
1 4 580
4 1 580
2 12 883
12 2 883
2 22 970
22 2 970
2 21 489
21 2 489
2 21 470
21 2 470
2 14 334
14 2 334
2 6 878
6 2 878
2 13 412
13 2 412
2 8 371
8 2 371
3 7 608
7 3 608
3 29 649
29 3 649
3 12 75
12 3 75
3 26 908
26 3 908
3 23 733
23 3 733
3 14 665
14 3 665
3 22 937
22 3 937
3 22 515
22 3 515
3 5 229
5 3 229
3 31 517
31 3 517
3 30 932
30 3 932
3 32 271
32 3 271
3 16 642
16 3 642
3 11 126
11 3 126
3 18 66
18 3 66
4 24 202
24 4 202
4 15 802
15 4 802
4 24 35
24 4 35
4 12 741
12 4 741
4 21 155
21 4 155
4 7 800
7 4 800
4 6 520
6 4 520
4 20 570
20 4 570
4 9 516
9 4 516
5 9 232
9 5 232
5 21 950
21 5 950
5 16 955
16 5 955
5 29 819
29 5 819
5 14 918
14 5 918
6 18 701
18 6 701
6 27 940
27 6 940
6 32 523
32 6 523
6 6 676
6 6 676
6 10 634
10 6 634
6 15 666
15 6 666
6 31 569
31 6 569
6 8 930
8 6 930
6 19 850
19 6 850
6 13 388
13 6 388
6 16 396
16 6 396
6 10 175
10 6 175
7 9 448
9 7 448
7 13 668
13 7 668
7 14 532
14 7 532
7 22 775
22 7 775
7 15 987
15 7 987
7 10 23
10 7 23
7 20 562
20 7 562
7 15 917
15 7 917
7 19 150
19 7 150
7 16 647
16 7 647
7 32 165
32 7 165
7 7 256
7 7 256
8 10 723
10 8 723
8 25 277
25 8 277
8 18 669
18 8 669
8 30 430
30 8 430
8 19 815
19 8 815
8 11 16
11 8 16
8 13 509
13 8 509
8 21 148
21 8 148
8 31 819
31 8 819
8 22 79
22 8 79
8 21 759
21 8 759
8 31 620
31 8 620
8 23 196
23 8 196
9 20 702
20 9 702
9 17 259
17 9 259
9 20 541
20 9 541
10 15 675
15 10 675
10 13 563
13 10 563
10 29 601
29 10 601
10 25 738
25 10 738
10 22 278
22 10 278
10 24 360
24 10 360
10 15 419
15 10 419
10 29 312
29 10 312
10 15 885
15 10 885
10 20 87
20 10 87
11 16 412
16 11 412
11 27 1000
27 11 1000
11 14 139
14 11 139
11 19 477
19 11 477
11 30 237
30 11 237
11 30 510
30 11 510
11 23 521
23 11 521
11 22 671
22 11 671
11 14 60
14 11 60
11 15 315
15 11 315
11 12 238
12 11 238
11 23 623
23 11 623
11 24 883
24 11 883
12 30 370
30 12 370
12 18 68
18 12 68
12 27 5
27 12 5
12 24 489
24 12 489
12 32 784
32 12 784
12 20 802
20 12 802
12 17 847
17 12 847
12 14 179
14 12 179
12 19 872
19 12 872
12 18 377
18 12 377
12 20 734
20 12 734
12 20 346
20 12 346
12 23 423
23 12 423
13 15 994
15 13 994
13 28 674
28 13 674
13 18 87
18 13 87
13 13 997
13 13 997
13 23 869
23 13 869
13 23 113
23 13 113
13 18 858
18 13 858
13 18 812
18 13 812
13 22 623
22 13 623
13 22 434
22 13 434
14 24 297
24 14 297
14 28 991
28 14 991
14 24 953
24 14 953
14 18 838
18 14 838
14 30 813
30 14 813
14 14 446
14 14 446
14 28 108
28 14 108
15 19 441
19 15 441
15 27 644
27 15 644
15 29 441
29 15 441
15 25 488
25 15 488
15 27 175
27 15 175
15 28 936
28 15 936
16 26 809
26 16 809
16 21 685
21 16 685
16 28 69
28 16 69
16 21 353
21 16 353
16 23 195
23 16 195
16 24 654
24 16 654
16 17 946
17 16 946
17 22 461
22 17 461
17 31 224
31 17 224
17 17 562
17 17 562
17 18 318
18 17 318
17 21 920
21 17 920
18 26 645
26 18 645
18 21 961
21 18 961
18 18 915
18 18 915
18 20 331
20 18 331
18 27 820
27 18 820
18 22 351
22 18 351
19 31 298
31 19 298
19 22 879
22 19 879
19 22 89
22 19 89
19 24 62
24 19 62
20 23 851
23 20 851
20 29 38
29 20 38
20 22 543
22 20 543
20 25 473
25 20 473
20 29 837
29 20 837
20 29 530
29 20 530
20 29 370
29 20 370
21 27 549
27 21 549
21 24 760
24 21 760
21 32 639
32 21 639
22 27 477
27 22 477
22 29 298
29 22 298
22 30 312
30 22 312
22 25 743
25 22 743
22 31 688
31 22 688
22 32 755
32 22 755
23 31 130
31 23 130
23 27 930
27 23 930
24 30 882
30 24 882
25 32 928
32 25 928
25 29 748
29 25 748
25 29 938
29 25 938
26 31 104
31 26 104
27 27 139
27 27 139
27 29 273
29 27 273
27 32 711
32 27 711
27 31 867
31 27 867
28 31 374
31 28 374
28 29 537
29 28 537
29 31 905
31 29 905
29 29 161
29 29 161
30 32 844
32 30 844
31 32 276
32 31 276
32 32 824
32 32 824
