67

0 1 251
1 0 251
0 2 890
2 0 890
0 9 612
9 0 612
0 15 616
15 0 616
0 34 212
34 0 212
0 62 809
62 0 809
0 40 324
40 0 324
0 57 125
57 0 125
0 44 745
44 0 745
0 12 766
12 0 766
0 53 190
53 0 190
0 27 695
27 0 695
0 56 897
56 0 897
0 64 684
64 0 684
0 25 238
25 0 238
0 25 309
25 0 309
0 33 220
33 0 220
0 64 603
64 0 603
0 28 729
28 0 729
0 37 197
37 0 197
0 64 548
64 0 548
0 18 633
18 0 633
0 52 454
52 0 454
0 18 733
18 0 733
0 25 641
25 0 641
0 61 882
61 0 882
0 58 499
58 0 499
0 17 259
17 0 259
0 2 561
2 0 561
0 29 299
29 0 299
1 4 433
4 1 433
1 6 138
6 1 138
1 11 887
11 1 887
1 42 952
42 1 952
1 51 996
51 1 996
1 55 403
55 1 403
1 29 491
29 1 491
1 34 935
34 1 935
1 14 266
14 1 266
1 38 455
38 1 455
1 24 710
24 1 710
1 2 416
2 1 416
1 17 733
17 1 733
1 16 247
16 1 247
1 43 21
43 1 21
1 2 881
2 1 881
1 43 341
43 1 341
1 51 307
51 1 307
1 8 975
8 1 975
1 24 919
24 1 919
1 21 608
21 1 608
1 39 430
39 1 430
1 3 165
3 1 165
1 54 760
54 1 760
1 32 619
32 1 619
1 57 402
57 1 402
1 56 734
56 1 734
1 18 887
18 1 887
1 64 246
64 1 246
1 4 913
4 1 913
1 21 767
21 1 767
1 48 382
48 1 382
2 3 15
3 2 15
2 7 987
7 2 987
2 12 516
12 2 516
2 25 306
25 2 306
2 37 218
37 2 218
2 39 32
39 2 32
2 4 967
4 2 967
2 26 794
26 2 794
2 64 759
64 2 759
2 7 759
7 2 759
2 31 384
31 2 384
2 58 478
58 2 478
2 23 671
23 2 671
2 41 396
41 2 396
2 41 406
41 2 406
2 39 762
39 2 762
2 8 292
8 2 292
2 17 938
17 2 938
2 33 158
33 2 158
2 60 392
60 2 392
2 21 614
21 2 614
2 30 786
30 2 786
2 26 360
26 2 360
2 19 64
19 2 64
3 5 173
5 3 173
3 14 306
14 3 306
3 23 435
23 3 435
3 54 798
54 3 798
3 52 800
52 3 800
3 53 288
53 3 288
3 30 807
30 3 807
3 60 501
60 3 501
3 19 540
19 3 540
3 54 175
54 3 175
3 20 244
20 3 244
3 64 120
64 3 120
3 37 739
37 3 739
3 33 95
33 3 95
3 18 71
18 3 71
3 22 680
22 3 680
3 32 567
32 3 567
3 48 107
48 3 107
3 8 239
8 3 239
3 16 457
16 3 457
3 41 333
41 3 333
4 8 131
8 4 131
4 10 401
10 4 401
4 32 131
32 4 131
4 36 708
36 4 708
4 16 189
16 4 189
4 8 707
8 4 707
4 27 516
27 4 516
4 5 294
5 4 294
4 57 791
57 4 791
4 33 35
33 4 35
4 19 293
19 4 293
4 63 639
63 4 639
4 5 304
5 4 304
4 46 537
46 4 537
4 11 305
11 4 305
4 8 973
8 4 973
4 64 58
64 4 58
4 36 295
36 4 295
4 25 243
25 4 243
4 8 914
8 4 914
4 50 185
50 4 185
4 58 659
58 4 659
4 23 267
23 4 267
4 43 340
43 4 340
5 27 700
27 5 700
5 21 560
21 5 560
5 35 354
35 5 354
5 20 640
20 5 640
5 13 377
13 5 377
5 66 545
66 5 545
5 66 724
66 5 724
5 18 520
18 5 520
5 41 906
41 5 906
5 26 862
26 5 862
5 25 914
25 5 914
5 54 190
54 5 190
5 60 529
60 5 529
5 60 240
60 5 240
5 63 686
63 5 686
5 11 2
11 5 2
6 57 956
57 6 956
6 44 690
44 6 690
6 64 343
64 6 343
6 35 673
35 6 673
6 41 144
41 6 144
6 25 13
25 6 13
6 42 13
42 6 13
6 56 287
56 6 287
6 65 18
65 6 18
6 37 253
37 6 253
6 51 623
51 6 623
6 31 525
31 6 525
6 43 555
43 6 555
6 21 936
21 6 936
6 33 276
33 6 276
6 7 890
7 6 890
6 43 22
43 6 22
6 15 183
15 6 183
6 32 70
32 6 70
6 53 230
53 6 230
7 31 663
31 7 663
7 33 87
33 7 87
7 27 759
27 7 759
7 48 157
48 7 157
7 66 553
66 7 553
7 39 728
39 7 728
7 48 655
48 7 655
7 32 177
32 7 177
7 7 423
7 7 423
7 26 201
26 7 201
7 32 533
32 7 533
7 7 169
7 7 169
7 9 590
9 7 590
7 47 553
47 7 553
7 62 588
62 7 588
7 41 247
41 7 247
7 59 13
59 7 13
7 38 473
38 7 473
7 45 157
45 7 157
7 29 134
29 7 134
7 51 388
51 7 388
7 27 833
27 7 833
7 9 472
9 7 472
7 40 172
40 7 172
7 45 476
45 7 476
7 22 247
22 7 247
7 9 1000
9 7 1000
7 22 184
22 7 184
7 12 106
12 7 106
7 28 104
28 7 104
7 53 105
53 7 105
7 55 888
55 7 888
8 20 376
20 8 376
8 33 115
33 8 115
8 32 797
32 8 797
8 57 376
57 8 376
8 57 744
57 8 744
8 17 170
17 8 170
8 63 833
63 8 833
8 58 611
58 8 611
8 26 715
26 8 715
8 39 850
39 8 850
8 26 494
26 8 494
8 59 566
59 8 566
8 44 473
44 8 473
8 30 248
30 8 248
8 42 909
42 8 909
8 29 24
29 8 24
8 29 412
29 8 412
8 22 304
22 8 304
8 54 376
54 8 376
8 38 586
38 8 586
8 57 731
57 8 731
9 13 496
13 9 496
9 19 45
19 9 45
9 28 43
28 9 43
9 30 742
30 9 742
9 20 995
20 9 995
9 38 197
38 9 197
9 21 995
21 9 995
9 26 230
26 9 230
9 26 870
26 9 870
9 51 98
51 9 98
9 50 720
50 9 720
9 20 880
20 9 880
9 36 166
36 9 166
9 13 485
13 9 485
9 64 389
64 9 389
9 10 525
10 9 525
9 64 209
64 9 209
9 15 555
15 9 555
9 27 521
27 9 521
9 62 608
62 9 608
9 17 869
17 9 869
9 10 174
10 9 174
9 15 365
15 9 365
9 52 138
52 9 138
10 24 118
24 10 118
10 19 68
19 10 68
10 58 298
58 10 298
10 62 579
62 10 579
10 51 557
51 10 557
10 21 772
21 10 772
10 50 513
50 10 513
10 60 897
60 10 897
10 35 652
35 10 652
10 53 317
53 10 317
10 40 707
40 10 707
10 18 238
18 10 238
10 29 110
29 10 110
10 40 7
40 10 7
10 49 620
49 10 620
10 18 629
18 10 629
10 23 657
23 10 657
10 53 670
53 10 670
10 19 239
19 10 239
11 16 841
16 11 841
11 21 591
21 11 591
11 22 226
22 11 226
11 13 151
13 11 151
11 16 50
16 11 50
11 12 568
12 11 568
11 39 265
39 11 265
11 21 596
21 11 596
11 62 131
62 11 131
11 33 708
33 11 708
11 25 314
25 11 314
11 60 159
60 11 159
11 56 233
56 11 233
11 53 966
53 11 966
11 66 7
66 11 7
11 34 834
34 11 834
11 19 722
19 11 722
11 18 35
18 11 35
11 17 950
17 11 950
12 17 936
17 12 936
12 23 928
23 12 928
12 53 292
53 12 292
12 21 607
21 12 607
12 53 403
53 12 403
12 33 607
33 12 607
12 58 170
58 12 170
12 15 656
15 12 656
12 21 667
21 12 667
12 55 54
55 12 54
12 33 869
33 12 869
12 16 367
16 12 367
13 24 307
24 13 307
13 36 389
36 13 389
13 15 195
15 13 195
13 26 974
26 13 974
13 48 529
48 13 529
13 28 180
28 13 180
13 47 617
47 13 617
13 51 379
51 13 379
13 56 758
56 13 758
13 53 971
53 13 971
13 64 724
64 13 724
13 58 34
58 13 34
13 63 901
63 13 901
13 61 771
61 13 771
13 37 204
37 13 204
13 19 93
19 13 93
13 58 874
58 13 874
13 19 552
19 13 552
13 33 887
33 13 887
13 15 539
15 13 539
13 63 509
63 13 509
13 57 667
57 13 667
13 25 665
25 13 665
14 22 33
22 14 33
14 58 608
58 14 608
14 58 50
58 14 50
14 57 956
57 14 956
14 15 355
15 14 355
14 65 892
65 14 892
14 53 295
53 14 295
14 24 538
24 14 538
14 54 481
54 14 481
14 54 649
54 14 649
14 43 784
43 14 784
14 36 290
36 14 290
14 35 466
35 14 466
14 32 657
32 14 657
14 46 636
46 14 636
14 30 662
30 14 662
14 20 254
20 14 254
14 55 574
55 14 574
14 59 950
59 14 950
14 32 825
32 14 825
14 43 502
43 14 502
15 35 530
35 15 530
15 20 616
20 15 616
15 45 159
45 15 159
15 32 477
32 15 477
15 49 913
49 15 913
15 42 207
42 15 207
15 24 897
24 15 897
15 20 685
20 15 685
15 40 661
40 15 661
15 50 517
50 15 517
15 30 699
30 15 699
15 63 328
63 15 328
15 53 490
53 15 490
15 37 132
37 15 132
15 49 334
49 15 334
15 45 711
45 15 711
15 25 830
25 15 830
15 24 157
24 15 157
15 27 326
27 15 326
15 41 293
41 15 293
16 18 739
18 16 739
16 56 596
56 16 596
16 61 241
61 16 241
16 24 282
24 16 282
16 59 876
59 16 876
16 32 978
32 16 978
16 20 11
20 16 11
16 54 637
54 16 637
16 52 429
52 16 429
16 61 949
61 16 949
16 65 504
65 16 504
16 39 33
39 16 33
16 63 277
63 16 277
16 59 669
59 16 669
16 31 679
31 16 679
16 25 284
25 16 284
17 34 89
34 17 89
17 65 193
65 17 193
17 52 289
52 17 289
17 57 112
57 17 112
17 37 107
37 17 107
17 38 562
38 17 562
17 38 597
38 17 597
17 38 756
38 17 756
17 30 703
30 17 703
17 33 467
33 17 467
17 19 9
19 17 9
17 21 588
21 17 588
17 23 599
23 17 599
17 24 74
24 17 74
17 40 741
40 17 741
17 43 447
43 17 447
17 23 16
23 17 16
17 56 506
56 17 506
17 40 692
40 17 692
17 56 849
56 17 849
18 61 118
61 18 118
18 32 601
32 18 601
18 50 98
50 18 98
18 53 736
53 18 736
18 63 342
63 18 342
18 64 162
64 18 162
18 66 204
66 18 204
18 48 107
48 18 107
18 42 92
42 18 92
18 59 618
59 18 618
18 55 141
55 18 141
18 41 575
41 18 575
18 37 162
37 18 162
18 19 736
19 18 736
18 34 162
34 18 162
18 36 644
36 18 644
18 56 360
56 18 360
18 29 682
29 18 682
18 42 59
42 18 59
19 38 442
38 19 442
19 63 194
63 19 194
19 28 171
28 19 171
19 49 424
49 19 424
19 46 38
46 19 38
19 20 52
20 19 52
19 47 624
47 19 624
19 26 981
26 19 981
19 29 92
29 19 92
19 29 277
29 19 277
19 58 538
58 19 538
19 29 340
29 19 340
19 58 3
58 19 3
19 63 955
63 19 955
19 30 542
30 19 542
19 50 900
50 19 900
19 20 537
20 19 537
19 29 49
29 19 49
19 48 468
48 19 468
19 49 589
49 19 589
19 49 292
49 19 292
19 63 450
63 19 450
19 50 858
50 19 858
20 25 420
25 20 420
20 43 727
43 20 727
20 66 70
66 20 70
20 42 918
42 20 918
20 51 309
51 20 309
20 36 975
36 20 975
20 52 166
52 20 166
20 25 746
25 20 746
20 65 679
65 20 679
20 63 57
63 20 57
20 52 233
52 20 233
20 47 294
47 20 294
20 52 762
52 20 762
20 48 236
48 20 236
20 51 224
51 20 224
20 46 663
46 20 663
21 40 415
40 21 415
21 42 16
42 21 16
21 55 544
55 21 544
21 26 984
26 21 984
21 31 167
31 21 167
21 52 875
52 21 875
21 30 60
30 21 60
21 66 881
66 21 881
21 40 585
40 21 585
21 61 4
61 21 4
21 27 328
27 21 328
21 63 179
63 21 179
21 59 323
59 21 323
21 31 639
31 21 639
21 53 902
53 21 902
21 66 978
66 21 978
21 29 287
29 21 287
21 35 954
35 21 954
21 45 64
45 21 64
21 58 727
58 21 727
21 42 578
42 21 578
22 26 578
26 22 578
22 49 322
49 22 322
22 58 242
58 22 242
22 64 879
64 22 879
22 29 528
29 22 528
22 46 702
46 22 702
22 48 461
48 22 461
22 48 119
48 22 119
22 63 903
63 22 903
22 43 924
43 22 924
22 24 775
24 22 775
22 26 378
26 22 378
22 40 631
40 22 631
22 41 122
41 22 122
22 28 158
28 22 158
22 32 665
32 22 665
22 28 422
28 22 422
22 37 871
37 22 871
22 42 159
42 22 159
23 38 470
38 23 470
23 50 478
50 23 478
23 59 769
59 23 769
23 32 154
32 23 154
23 65 182
65 23 182
23 49 954
49 23 954
23 45 225
45 23 225
23 57 667
57 23 667
23 53 950
53 23 950
23 58 868
58 23 868
24 46 449
46 24 449
24 64 327
64 24 327
24 44 412
44 24 412
24 64 203
64 24 203
24 49 979
49 24 979
24 39 263
39 24 263
24 60 683
60 24 683
24 64 891
64 24 891
24 63 90
63 24 90
24 53 386
53 24 386
24 46 907
46 24 907
24 66 969
66 24 969
24 28 836
28 24 836
24 46 332
46 24 332
25 53 525
53 25 525
25 56 773
56 25 773
25 33 718
33 25 718
25 26 751
26 25 751
25 51 941
51 25 941
25 50 572
50 25 572
25 40 778
40 25 778
25 46 464
46 25 464
25 55 66
55 25 66
26 45 601
45 26 601
26 54 289
54 26 289
26 49 217
49 26 217
26 62 952
62 26 952
26 59 6
59 26 6
26 59 164
59 26 164
26 33 95
33 26 95
26 34 755
34 26 755
26 28 788
28 26 788
26 32 327
32 26 327
26 62 115
62 26 115
26 60 79
60 26 79
26 56 840
56 26 840
27 48 144
48 27 144
27 46 119
46 27 119
27 48 567
48 27 567
27 29 489
29 27 489
27 43 461
43 27 461
27 49 204
49 27 204
27 43 999
43 27 999
27 33 300
33 27 300
27 65 139
65 27 139
27 45 959
45 27 959
27 46 184
46 27 184
28 29 220
29 28 220
28 61 363
61 28 363
28 59 732
59 28 732
28 64 324
64 28 324
28 66 417
66 28 417
28 40 7
40 28 7
28 43 196
43 28 196
28 52 549
52 28 549
28 28 863
28 28 863
29 62 823
62 29 823
29 53 976
53 29 976
29 41 333
41 29 333
29 30 796
30 29 796
29 34 615
34 29 615
29 34 744
34 29 744
29 38 437
38 29 437
29 42 953
42 29 953
29 55 68
55 29 68
30 62 361
62 30 361
30 63 219
63 30 219
30 61 510
61 30 510
30 64 959
64 30 959
30 33 18
33 30 18
30 48 641
48 30 641
30 41 864
41 30 864
30 37 912
37 30 912
30 44 994
44 30 994
30 56 424
56 30 424
30 64 907
64 30 907
30 52 666
52 30 666
30 37 901
37 30 901
30 38 617
38 30 617
31 57 149
57 31 149
31 52 708
52 31 708
31 54 307
54 31 307
31 35 659
35 31 659
31 58 12
58 31 12
31 33 179
33 31 179
31 66 242
66 31 242
31 32 141
32 31 141
31 61 367
61 31 367
32 60 651
60 32 651
32 52 839
52 32 839
32 46 853
46 32 853
32 44 960
44 32 960
32 34 975
34 32 975
32 54 895
54 32 895
32 63 379
63 32 379
32 47 31
47 32 31
32 66 950
66 32 950
33 36 5
36 33 5
33 57 148
57 33 148
33 46 527
46 33 527
33 38 912
38 33 912
33 34 933
34 33 933
33 41 257
41 33 257
33 57 86
57 33 86
33 51 618
51 33 618
33 58 876
58 33 876
33 56 692
56 33 692
33 42 514
42 33 514
33 38 287
38 33 287
33 55 666
55 33 666
33 52 502
52 33 502
33 51 655
51 33 655
34 44 390
44 34 390
34 60 150
60 34 150
34 55 697
55 34 697
34 49 112
49 34 112
34 63 57
63 34 57
34 37 832
37 34 832
34 52 466
52 34 466
34 35 682
35 34 682
34 58 609
58 34 609
34 43 98
43 34 98
34 51 536
51 34 536
34 59 187
59 34 187
35 48 789
48 35 789
35 64 706
64 35 706
35 64 185
64 35 185
35 56 751
56 35 751
35 61 847
61 35 847
35 36 458
36 35 458
35 39 266
39 35 266
35 64 411
64 35 411
36 41 659
41 36 659
36 41 576
41 36 576
36 49 415
49 36 415
36 55 213
55 36 213
36 48 147
48 36 147
36 50 490
50 36 490
36 65 554
65 36 554
36 57 544
57 36 544
37 47 268
47 37 268
37 39 653
39 37 653
37 53 202
53 37 202
37 41 803
41 37 803
37 54 299
54 37 299
37 56 548
56 37 548
37 47 829
47 37 829
37 64 723
64 37 723
38 60 172
60 38 172
38 45 868
45 38 868
38 56 693
56 38 693
38 63 314
63 38 314
38 52 73
52 38 73
38 60 138
60 38 138
38 38 68
38 38 68
38 54 677
54 38 677
38 57 896
57 38 896
38 52 92
52 38 92
39 58 7
58 39 7
39 45 42
45 39 42
39 54 663
54 39 663
39 55 125
55 39 125
39 47 940
47 39 940
39 44 526
44 39 526
39 66 278
66 39 278
40 48 824
48 40 824
40 49 634
49 40 634
40 64 145
64 40 145
40 51 775
51 40 775
40 41 911
41 40 911
40 45 209
45 40 209
40 46 266
46 40 266
40 49 203
49 40 203
40 59 70
59 40 70
40 60 83
60 40 83
41 43 251
43 41 251
41 56 767
56 41 767
41 61 918
61 41 918
41 57 922
57 41 922
41 62 26
62 41 26
41 62 29
62 41 29
41 57 40
57 41 40
41 43 191
43 41 191
42 61 762
61 42 762
42 47 897
47 42 897
42 45 953
45 42 953
42 58 819
58 42 819
42 53 242
53 42 242
43 60 343
60 43 343
43 52 767
52 43 767
43 64 601
64 43 601
43 43 503
43 43 503
43 50 247
50 43 247
44 48 292
48 44 292
44 46 550
46 44 550
44 54 459
54 44 459
44 58 53
58 44 53
44 65 654
65 44 654
44 58 758
58 44 758
44 54 817
54 44 817
44 66 181
66 44 181
44 64 295
64 44 295
44 47 531
47 44 531
44 51 118
51 44 118
44 57 793
57 44 793
44 49 761
49 44 761
45 51 467
51 45 467
45 64 61
64 45 61
45 66 251
66 45 251
45 54 408
54 45 408
45 66 467
66 45 467
45 55 79
55 45 79
45 55 983
55 45 983
45 55 493
55 45 493
46 66 156
66 46 156
46 64 977
64 46 977
46 50 125
50 46 125
46 57 624
57 46 624
46 52 503
52 46 503
46 58 734
58 46 734
47 52 33
52 47 33
47 60 765
60 47 765
47 54 924
54 47 924
47 58 592
58 47 592
47 50 595
50 47 595
47 54 480
54 47 480
47 56 701
56 47 701
47 55 175
55 47 175
47 63 831
63 47 831
47 54 160
54 47 160
48 60 841
60 48 841
48 54 919
54 48 919
48 52 281
52 48 281
48 52 561
52 48 561
48 64 332
64 48 332
48 59 738
59 48 738
48 63 24
63 48 24
48 61 845
61 48 845
48 61 974
61 48 974
48 64 340
64 48 340
48 55 945
55 48 945
48 65 8
65 48 8
49 50 788
50 49 788
49 59 395
59 49 395
49 62 259
62 49 259
49 61 453
61 49 453
49 59 946
59 49 946
49 50 815
50 49 815
49 55 286
55 49 286
49 59 116
59 49 116
49 66 423
66 49 423
49 62 971
62 49 971
49 60 773
60 49 773
49 60 258
60 49 258
50 54 955
54 50 955
50 52 199
52 50 199
50 53 134
53 50 134
50 58 107
58 50 107
50 51 709
51 50 709
51 52 248
52 51 248
51 62 648
62 51 648
51 61 569
61 51 569
52 53 867
53 52 867
52 61 862
61 52 862
52 58 615
58 52 615
52 62 873
62 52 873
53 55 733
55 53 733
53 53 548
53 53 548
53 56 403
56 53 403
53 59 894
59 53 894
53 66 668
66 53 668
53 65 267
65 53 267
54 60 37
60 54 37
54 54 360
54 54 360
55 59 371
59 55 371
55 65 694
65 55 694
56 56 731
56 56 731
56 59 355
59 56 355
57 58 186
58 57 186
57 66 521
66 57 521
57 61 502
61 57 502
57 61 884
61 57 884
58 66 160
66 58 160
58 60 805
60 58 805
59 60 560
60 59 560
60 65 82
65 60 82
60 66 698
66 60 698
61 61 385
61 61 385
61 64 686
64 61 686
61 64 823
64 61 823
61 65 133
65 61 133
61 62 224
62 61 224
62 63 129
63 62 129
62 64 683
64 62 683
64 66 400
66 64 400
64 64 775
64 64 775
65 66 636
66 65 636
