57

0 1 922
1 0 922
0 3 175
3 0 175
0 6 933
6 0 933
0 7 415
7 0 415
0 36 684
36 0 684
0 11 863
11 0 863
0 51 628
51 0 628
0 50 582
50 0 582
0 18 498
18 0 498
0 5 780
5 0 780
0 50 879
50 0 879
0 21 338
21 0 338
0 34 898
34 0 898
0 1 320
1 0 320
0 26 613
26 0 613
0 10 555
10 0 555
0 40 998
40 0 998
0 1 13
1 0 13
0 40 694
40 0 694
0 55 238
55 0 238
0 52 287
52 0 287
1 2 996
2 1 996
1 4 857
4 1 857
1 8 362
8 1 362
1 17 44
17 1 44
1 23 519
23 1 519
1 27 978
27 1 978
1 46 498
46 1 498
1 51 973
51 1 973
1 20 808
20 1 808
1 34 315
34 1 315
1 39 342
39 1 342
1 40 72
40 1 72
1 2 463
2 1 463
1 6 86
6 1 86
1 14 954
14 1 954
1 38 33
38 1 33
1 52 334
52 1 334
1 24 545
24 1 545
2 5 770
5 2 770
2 33 265
33 2 265
2 45 295
45 2 295
2 35 300
35 2 300
2 52 750
52 2 750
2 12 656
12 2 656
2 3 535
3 2 535
2 36 785
36 2 785
2 3 994
3 2 994
2 52 228
52 2 228
2 17 38
17 2 38
2 5 714
5 2 714
2 16 191
16 2 191
2 15 398
15 2 398
2 53 613
53 2 613
2 16 449
16 2 449
3 32 452
32 3 452
3 38 165
38 3 165
3 38 941
38 3 941
3 56 770
56 3 770
3 25 661
25 3 661
3 9 648
9 3 648
3 54 38
54 3 38
3 52 718
52 3 718
3 22 39
22 3 39
3 18 171
18 3 171
3 53 997
53 3 997
3 51 486
51 3 486
3 41 436
41 3 436
3 15 273
15 3 273
3 27 872
27 3 872
3 18 307
18 3 307
3 20 305
20 3 305
3 54 132
54 3 132
3 9 65
9 3 65
3 17 400
17 3 400
3 5 786
5 3 786
3 41 524
41 3 524
4 11 410
11 4 410
4 14 417
14 4 417
4 18 577
18 4 577
4 21 841
21 4 841
4 42 95
42 4 95
4 53 92
53 4 92
4 15 597
15 4 597
4 30 525
30 4 525
4 34 499
34 4 499
4 46 976
46 4 976
4 4 245
4 4 245
4 10 812
10 4 812
4 55 707
55 4 707
4 12 860
12 4 860
4 38 277
38 4 277
4 5 20
5 4 20
4 31 114
31 4 114
4 38 59
38 4 59
4 22 140
22 4 140
4 8 574
8 4 574
4 34 940
34 4 940
4 4 497
4 4 497
4 33 228
33 4 228
4 12 178
12 4 178
5 55 498
55 5 498
5 7 296
7 5 296
5 53 805
53 5 805
5 30 422
30 5 422
5 12 888
12 5 888
5 6 40
6 5 40
5 47 379
47 5 379
5 32 885
32 5 885
5 11 385
11 5 385
5 34 490
34 5 490
5 29 13
29 5 13
5 32 780
32 5 780
5 32 209
32 5 209
5 32 98
32 5 98
5 34 579
34 5 579
5 27 538
27 5 538
6 10 10
10 6 10
6 22 51
22 6 51
6 24 427
24 6 427
6 14 152
14 6 152
6 40 460
40 6 460
6 34 669
34 6 669
6 49 29
49 6 29
6 46 748
46 6 748
6 23 793
23 6 793
6 56 427
56 6 427
6 17 53
17 6 53
6 31 673
31 6 673
6 8 949
8 6 949
7 9 672
9 7 672
7 29 363
29 7 363
7 34 330
34 7 330
7 55 527
55 7 527
7 52 553
52 7 553
7 45 414
45 7 414
7 11 586
11 7 586
7 13 927
13 7 927
7 24 275
24 7 275
7 14 500
14 7 500
7 33 374
33 7 374
7 36 737
36 7 737
8 47 132
47 8 132
8 47 41
47 8 41
8 21 642
21 8 642
8 56 785
56 8 785
8 18 743
18 8 743
8 14 318
14 8 318
8 56 213
56 8 213
8 50 235
50 8 235
8 27 726
27 8 726
8 24 262
24 8 262
8 11 357
11 8 357
8 47 875
47 8 875
8 36 144
36 8 144
8 33 166
33 8 166
8 51 847
51 8 847
8 36 422
36 8 422
8 55 985
55 8 985
8 52 679
52 8 679
8 53 680
53 8 680
9 12 330
12 9 330
9 35 290
35 9 290
9 23 9
23 9 9
9 14 945
14 9 945
9 37 623
37 9 623
9 23 91
23 9 91
9 26 296
26 9 296
9 55 987
55 9 987
9 19 478
19 9 478
9 14 227
14 9 227
9 27 498
27 9 498
9 47 56
47 9 56
9 17 776
17 9 776
9 16 255
16 9 255
10 32 464
32 10 464
10 56 263
56 10 263
10 29 410
29 10 410
10 49 4
49 10 4
10 53 3
53 10 3
10 33 210
33 10 210
10 17 72
17 10 72
10 55 932
55 10 932
10 31 239
31 10 239
10 24 991
24 10 991
10 24 87
24 10 87
10 13 320
13 10 320
10 11 31
11 10 31
10 44 852
44 10 852
10 34 368
34 10 368
10 51 484
51 10 484
11 16 666
16 11 666
11 48 907
48 11 907
11 48 557
48 11 557
11 43 432
43 11 432
11 19 852
19 11 852
11 36 841
36 11 841
11 11 829
11 11 829
11 28 120
28 11 120
11 38 64
38 11 64
11 46 367
46 11 367
11 15 62
15 11 62
11 16 89
16 11 89
11 30 468
30 11 468
11 32 681
32 11 681
11 15 780
15 11 780
11 15 583
15 11 583
11 55 108
55 11 108
11 22 38
22 11 38
11 31 501
31 11 501
11 29 681
29 11 681
11 51 421
51 11 421
11 56 82
56 11 82
11 18 675
18 11 675
11 19 593
19 11 593
11 37 586
37 11 586
12 13 486
13 12 486
12 24 429
24 12 429
12 26 582
26 12 582
12 55 40
55 12 40
12 30 85
30 12 85
12 40 850
40 12 850
12 50 369
50 12 369
12 43 184
43 12 184
12 19 638
19 12 638
12 18 658
18 12 658
12 28 571
28 12 571
12 36 284
36 12 284
12 25 213
25 12 213
12 48 415
48 12 415
12 54 210
54 12 210
12 17 216
17 12 216
12 36 930
36 12 930
12 15 271
15 12 271
13 15 27
15 13 27
13 34 62
34 13 62
13 36 413
36 13 413
13 36 1
36 13 1
13 39 970
39 13 970
13 27 225
27 13 225
13 32 875
32 13 875
13 25 332
25 13 332
13 45 322
45 13 322
13 26 236
26 13 236
13 32 830
32 13 830
13 42 589
42 13 589
13 17 210
17 13 210
13 53 554
53 13 554
13 51 588
51 13 588
13 37 591
37 13 591
13 48 901
48 13 901
13 16 241
16 13 241
13 56 996
56 13 996
13 32 26
32 13 26
14 19 187
19 14 187
14 29 100
29 14 100
14 32 815
32 14 815
14 51 851
51 14 851
14 50 493
50 14 493
14 39 379
39 14 379
14 48 253
48 14 253
14 39 434
39 14 434
14 16 621
16 14 621
14 46 618
46 14 618
14 44 453
44 14 453
14 22 670
22 14 670
14 51 664
51 14 664
14 23 251
23 14 251
14 40 763
40 14 763
14 22 82
22 14 82
15 41 816
41 15 816
15 22 716
22 15 716
15 16 675
16 15 675
15 49 282
49 15 282
15 16 675
16 15 675
15 45 278
45 15 278
15 17 50
17 15 50
15 45 321
45 15 321
15 22 157
22 15 157
15 41 631
41 15 631
15 46 578
46 15 578
15 45 745
45 15 745
15 21 180
21 15 180
15 27 367
27 15 367
15 15 693
15 15 693
15 18 529
18 15 529
15 39 311
39 15 311
16 20 165
20 16 165
16 31 585
31 16 585
16 37 650
37 16 650
16 37 656
37 16 656
16 21 216
21 16 216
16 24 941
24 16 941
16 42 724
42 16 724
16 31 830
31 16 830
16 53 613
53 16 613
16 52 766
52 16 766
16 47 262
47 16 262
16 48 217
48 16 217
16 27 881
27 16 881
16 19 20
19 16 20
17 47 260
47 17 260
17 29 691
29 17 691
17 37 534
37 17 534
17 42 263
42 17 263
17 20 848
20 17 848
17 18 519
18 17 519
17 28 1
28 17 1
17 41 451
41 17 451
17 47 548
47 17 548
17 17 15
17 17 15
17 25 796
25 17 796
17 37 378
37 17 378
18 36 909
36 18 909
18 38 973
38 18 973
18 48 716
48 18 716
18 56 400
56 18 400
18 26 540
26 18 540
18 44 142
44 18 142
18 23 262
23 18 262
18 43 345
43 18 345
18 53 360
53 18 360
18 56 522
56 18 522
18 24 765
24 18 765
18 31 891
31 18 891
18 29 921
29 18 921
18 52 12
52 18 12
18 41 513
41 18 513
19 39 727
39 19 727
19 55 404
55 19 404
19 38 105
38 19 105
19 55 373
55 19 373
19 21 740
21 19 740
19 28 125
28 19 125
19 24 524
24 19 524
19 50 492
50 19 492
19 56 259
56 19 259
19 35 419
35 19 419
19 50 591
50 19 591
19 27 513
27 19 513
19 25 76
25 19 76
19 24 363
24 19 363
19 19 524
19 19 524
19 36 218
36 19 218
20 52 277
52 20 277
20 37 410
37 20 410
20 30 234
30 20 234
20 38 890
38 20 890
20 35 567
35 20 567
20 52 444
52 20 444
20 32 791
32 20 791
20 34 887
34 20 887
20 31 974
31 20 974
20 36 431
36 20 431
21 41 750
41 21 750
21 21 925
21 21 925
21 50 96
50 21 96
21 44 634
44 21 634
21 29 765
29 21 765
21 42 231
42 21 231
21 52 617
52 21 617
21 49 396
49 21 396
21 29 9
29 21 9
21 56 110
56 21 110
21 40 760
40 21 760
21 23 785
23 21 785
22 25 214
25 22 214
22 40 1
40 22 1
22 50 523
50 22 523
22 34 851
34 22 851
22 51 286
51 22 286
22 54 950
54 22 950
22 45 987
45 22 987
22 51 875
51 22 875
22 22 961
22 22 961
22 46 830
46 22 830
22 45 41
45 22 41
22 45 804
45 22 804
22 48 500
48 22 500
22 42 214
42 22 214
22 29 945
29 22 945
22 50 615
50 22 615
22 50 936
50 22 936
22 45 450
45 22 450
22 49 414
49 22 414
22 41 707
41 22 707
23 37 39
37 23 39
23 49 431
49 23 431
23 37 70
37 23 70
23 37 838
37 23 838
23 45 566
45 23 566
23 56 143
56 23 143
23 44 51
44 23 51
23 29 618
29 23 618
23 45 103
45 23 103
23 46 834
46 23 834
23 45 342
45 23 342
23 28 866
28 23 866
23 45 14
45 23 14
23 23 172
23 23 172
23 36 989
36 23 989
24 38 981
38 24 981
24 26 720
26 24 720
24 38 574
38 24 574
24 37 278
37 24 278
24 37 621
37 24 621
24 30 945
30 24 945
24 39 383
39 24 383
24 35 370
35 24 370
24 50 63
50 24 63
24 38 121
38 24 121
24 24 990
24 24 990
25 48 927
48 25 927
25 28 757
28 25 757
25 54 288
54 25 288
25 37 822
37 25 822
25 42 97
42 25 97
25 34 893
34 25 893
25 51 663
51 25 663
25 39 54
39 25 54
25 51 378
51 25 378
25 54 45
54 25 45
25 41 465
41 25 465
26 28 629
28 26 629
26 43 611
43 26 611
26 48 977
48 26 977
26 34 594
34 26 594
26 30 890
30 26 890
26 45 880
45 26 880
26 42 605
42 26 605
26 51 700
51 26 700
26 28 157
28 26 157
26 42 160
42 26 160
26 42 914
42 26 914
26 54 7
54 26 7
26 46 796
46 26 796
26 43 117
43 26 117
26 40 838
40 26 838
26 40 184
40 26 184
27 30 115
30 27 115
27 31 536
31 27 536
27 45 371
45 27 371
27 51 315
51 27 315
27 41 133
41 27 133
27 44 447
44 27 447
27 46 879
46 27 879
27 44 46
44 27 46
27 29 683
29 27 683
27 33 305
33 27 305
27 49 897
49 27 897
27 47 259
47 27 259
27 42 813
42 27 813
27 43 947
43 27 947
27 53 927
53 27 927
27 49 281
49 27 281
28 43 221
43 28 221
28 45 534
45 28 534
28 31 889
31 28 889
28 44 428
44 28 428
28 50 526
50 28 526
28 44 281
44 28 281
28 56 676
56 28 676
29 40 361
40 29 361
29 41 888
41 29 888
29 46 602
46 29 602
29 34 525
34 29 525
29 40 680
40 29 680
29 42 646
42 29 646
29 49 224
49 29 224
29 35 611
35 29 611
29 36 928
36 29 928
29 47 470
47 29 470
30 40 556
40 30 556
30 52 82
52 30 82
30 36 488
36 30 488
30 55 984
55 30 984
30 44 986
44 30 986
30 39 511
39 30 511
30 43 640
43 30 640
30 47 405
47 30 405
30 36 618
36 30 618
30 47 676
47 30 676
31 44 397
44 31 397
31 47 393
47 31 393
31 48 153
48 31 153
31 36 737
36 31 737
31 44 806
44 31 806
31 31 517
31 31 517
31 55 870
55 31 870
31 50 968
50 31 968
31 41 897
41 31 897
31 51 896
51 31 896
31 39 31
39 31 31
31 49 72
49 31 72
32 44 481
44 32 481
32 48 1000
48 32 1000
32 36 424
36 32 424
32 51 679
51 32 679
32 46 247
46 32 247
32 45 343
45 32 343
32 51 981
51 32 981
32 33 248
33 32 248
32 53 180
53 32 180
32 43 253
43 32 253
33 50 977
50 33 977
33 49 99
49 33 99
33 54 524
54 33 524
33 55 468
55 33 468
33 36 297
36 33 297
33 44 148
44 33 148
33 50 6
50 33 6
33 48 835
48 33 835
33 55 766
55 33 766
34 43 122
43 34 122
34 54 98
54 34 98
34 35 455
35 34 455
34 41 707
41 34 707
34 40 974
40 34 974
34 45 635
45 34 635
34 50 758
50 34 758
34 51 449
51 34 449
34 36 283
36 34 283
34 46 76
46 34 76
34 42 643
42 34 643
34 48 243
48 34 243
35 56 583
56 35 583
35 41 774
41 35 774
35 49 801
49 35 801
35 38 530
38 35 530
35 40 710
40 35 710
35 48 685
48 35 685
35 38 194
38 35 194
35 35 268
35 35 268
35 44 229
44 35 229
36 53 885
53 36 885
36 38 233
38 36 233
36 41 414
41 36 414
36 43 210
43 36 210
36 46 399
46 36 399
36 56 550
56 36 550
36 55 700
55 36 700
36 54 479
54 36 479
36 46 437
46 36 437
37 47 146
47 37 146
37 48 739
48 37 739
37 52 757
52 37 757
37 39 930
39 37 930
37 52 704
52 37 704
37 40 655
40 37 655
37 38 284
38 37 284
37 38 220
38 37 220
38 54 807
54 38 807
38 52 900
52 38 900
38 54 705
54 38 705
39 51 300
51 39 300
39 49 136
49 39 136
39 42 860
42 39 860
39 45 238
45 39 238
39 49 454
49 39 454
39 52 530
52 39 530
40 49 475
49 40 475
40 55 274
55 40 274
40 56 72
56 40 72
40 56 734
56 40 734
40 46 855
46 40 855
40 55 358
55 40 358
40 49 83
49 40 83
40 55 900
55 40 900
41 56 204
56 41 204
41 55 276
55 41 276
41 47 444
47 41 444
41 43 786
43 41 786
41 51 212
51 41 212
41 48 367
48 41 367
41 43 430
43 41 430
42 52 436
52 42 436
42 56 878
56 42 878
42 56 209
56 42 209
42 45 228
45 42 228
42 55 373
55 42 373
43 54 478
54 43 478
43 50 457
50 43 457
43 55 310
55 43 310
43 53 217
53 43 217
43 45 571
45 43 571
43 51 627
51 43 627
43 49 763
49 43 763
44 47 634
47 44 634
44 56 399
56 44 399
44 56 489
56 44 489
45 49 836
49 45 836
45 46 710
46 45 710
45 49 235
49 45 235
45 49 415
49 45 415
45 48 924
48 45 924
46 56 520
56 46 520
46 51 76
51 46 76
46 49 123
49 46 123
46 55 31
55 46 31
47 47 792
47 47 792
47 50 983
50 47 983
47 52 862
52 47 862
47 52 306
52 47 306
47 51 785
51 47 785
48 55 114
55 48 114
49 54 205
54 49 205
49 56 38
56 49 38
50 53 764
53 50 764
51 51 962
51 51 962
52 54 5
54 52 5
53 56 728
56 53 728
54 55 486
55 54 486
