62

0 1 915
1 0 915
0 2 879
2 0 879
0 3 541
3 0 541
0 4 723
4 0 723
0 10 91
10 0 91
0 19 71
19 0 71
0 47 659
47 0 659
0 35 165
35 0 165
0 45 517
45 0 517
0 20 142
20 0 142
0 12 359
12 0 359
0 17 978
17 0 978
0 49 302
49 0 302
0 27 570
27 0 570
0 1 761
1 0 761
0 28 131
28 0 131
0 49 194
49 0 194
0 47 786
47 0 786
0 14 364
14 0 364
0 22 238
22 0 238
0 34 609
34 0 609
0 25 978
25 0 978
0 32 125
32 0 125
0 2 204
2 0 204
1 7 980
7 1 980
1 20 959
20 1 959
1 4 675
4 1 675
1 31 862
31 1 862
1 15 764
15 1 764
1 13 107
13 1 107
1 58 215
58 1 215
1 59 410
59 1 410
1 1 748
1 1 748
1 31 68
31 1 68
1 34 874
34 1 874
1 44 782
44 1 782
1 56 20
56 1 20
1 41 749
41 1 749
1 19 856
19 1 856
1 18 591
18 1 591
1 8 87
8 1 87
1 20 499
20 1 499
1 2 626
2 1 626
1 33 477
33 1 477
1 15 576
15 1 576
1 24 198
24 1 198
1 37 195
37 1 195
2 6 183
6 2 183
2 27 757
27 2 757
2 16 915
16 2 915
2 21 229
21 2 229
2 35 417
35 2 417
2 40 989
40 2 989
2 10 528
10 2 528
2 22 633
22 2 633
2 36 551
36 2 551
2 54 828
54 2 828
2 16 616
16 2 616
2 41 8
41 2 8
2 16 278
16 2 278
2 27 543
27 2 543
2 6 542
6 2 542
2 48 7
48 2 7
2 42 669
42 2 669
2 48 398
48 2 398
2 51 846
51 2 846
2 18 448
18 2 448
2 16 32
16 2 32
2 57 934
57 2 934
2 46 553
46 2 553
2 27 781
27 2 781
3 8 545
8 3 545
3 30 524
30 3 524
3 37 503
37 3 503
3 36 551
36 3 551
3 19 433
19 3 433
3 18 93
18 3 93
3 40 73
40 3 73
3 60 440
60 3 440
3 40 971
40 3 971
3 8 891
8 3 891
3 7 79
7 3 79
3 57 526
57 3 526
3 52 746
52 3 746
3 16 435
16 3 435
3 18 554
18 3 554
3 58 503
58 3 503
3 18 478
18 3 478
3 46 77
46 3 77
3 5 422
5 3 422
3 55 170
55 3 170
3 52 160
52 3 160
3 10 924
10 3 924
3 26 848
26 3 848
4 5 27
5 4 27
4 35 793
35 4 793
4 44 740
44 4 740
4 35 462
35 4 462
4 34 922
34 4 922
4 8 366
8 4 366
4 24 250
24 4 250
4 17 616
17 4 616
4 9 656
9 4 656
4 23 428
23 4 428
4 49 5
49 4 5
4 58 262
58 4 262
4 29 218
29 4 218
4 55 655
55 4 655
4 15 939
15 4 939
5 34 705
34 5 705
5 33 300
33 5 300
5 32 650
32 5 650
5 46 821
46 5 821
5 17 633
17 5 633
5 11 690
11 5 690
5 39 433
39 5 433
5 21 184
21 5 184
5 13 446
13 5 446
5 56 961
56 5 961
5 43 75
43 5 75
5 29 8
29 5 8
5 10 120
10 5 120
5 24 361
24 5 361
5 19 983
19 5 983
5 21 702
21 5 702
5 25 389
25 5 389
5 46 872
46 5 872
5 21 825
21 5 825
5 51 705
51 5 705
5 5 955
5 5 955
6 11 327
11 6 327
6 60 195
60 6 195
6 6 722
6 6 722
6 58 552
58 6 552
6 15 913
15 6 913
6 12 176
12 6 176
6 53 8
53 6 8
6 48 383
48 6 383
6 46 79
46 6 79
6 17 853
17 6 853
6 12 1
12 6 1
6 41 779
41 6 779
6 19 24
19 6 24
6 36 820
36 6 820
6 35 714
35 6 714
6 57 187
57 6 187
6 36 766
36 6 766
6 31 602
31 6 602
7 15 997
15 7 997
7 58 820
58 7 820
7 9 440
9 7 440
7 41 460
41 7 460
7 43 468
43 7 468
7 27 911
27 7 911
7 8 790
8 7 790
7 47 214
47 7 214
7 13 847
13 7 847
7 25 275
25 7 275
7 28 581
28 7 581
7 49 633
49 7 633
7 13 206
13 7 206
7 46 844
46 7 844
7 49 946
49 7 946
7 18 862
18 7 862
7 26 349
26 7 349
7 9 795
9 7 795
7 30 573
30 7 573
8 9 269
9 8 269
8 13 483
13 8 483
8 13 856
13 8 856
8 38 329
38 8 329
8 44 405
44 8 405
8 50 720
50 8 720
8 35 15
35 8 15
8 28 566
28 8 566
8 42 182
42 8 182
8 24 987
24 8 987
8 29 506
29 8 506
8 32 110
32 8 110
8 29 365
29 8 365
8 8 916
8 8 916
8 10 185
10 8 185
8 12 616
12 8 616
8 12 377
12 8 377
8 32 996
32 8 996
8 18 119
18 8 119
9 12 761
12 9 761
9 13 680
13 9 680
9 26 594
26 9 594
9 55 457
55 9 457
9 50 973
50 9 973
9 44 447
44 9 447
9 54 533
54 9 533
9 34 709
34 9 709
9 45 98
45 9 98
9 41 531
41 9 531
9 47 838
47 9 838
9 58 87
58 9 87
9 37 396
37 9 396
9 49 866
49 9 866
9 39 288
39 9 288
9 14 728
14 9 728
9 35 511
35 9 511
9 9 705
9 9 705
9 31 24
31 9 24
9 41 137
41 9 137
10 41 612
41 10 612
10 28 26
28 10 26
10 51 405
51 10 405
10 36 90
36 10 90
10 43 39
43 10 39
10 37 180
37 10 180
10 33 995
33 10 995
10 24 288
24 10 288
10 12 142
12 10 142
10 18 895
18 10 895
10 60 919
60 10 919
10 36 976
36 10 976
10 53 429
53 10 429
10 32 724
32 10 724
10 34 530
34 10 530
10 47 528
47 10 528
10 32 508
32 10 508
10 24 91
24 10 91
10 30 810
30 10 810
11 14 344
14 11 344
11 22 808
22 11 808
11 38 210
38 11 210
11 15 611
15 11 611
11 61 49
61 11 49
11 49 853
49 11 853
11 33 210
33 11 210
11 30 958
30 11 958
11 31 230
31 11 230
11 16 209
16 11 209
11 15 62
15 11 62
11 58 953
58 11 953
11 54 470
54 11 470
11 44 910
44 11 910
11 58 123
58 11 123
11 58 628
58 11 628
11 30 246
30 11 246
11 61 719
61 11 719
11 14 260
14 11 260
11 29 128
29 11 128
11 36 484
36 11 484
11 15 280
15 11 280
11 51 638
51 11 638
12 29 532
29 12 532
12 26 115
26 12 115
12 23 64
23 12 64
12 60 945
60 12 945
12 34 718
34 12 718
12 23 665
23 12 665
12 61 121
61 12 121
12 52 151
52 12 151
12 33 888
33 12 888
12 16 435
16 12 435
12 37 570
37 12 570
12 28 30
28 12 30
13 17 489
17 13 489
13 35 896
35 13 896
13 45 173
45 13 173
13 56 349
56 13 349
13 21 622
21 13 622
13 60 140
60 13 140
13 41 278
41 13 278
13 35 323
35 13 323
13 27 782
27 13 782
13 53 874
53 13 874
13 46 550
46 13 550
13 46 800
46 13 800
13 48 723
48 13 723
13 45 218
45 13 218
13 33 173
33 13 173
13 21 559
21 13 559
13 61 767
61 13 767
13 59 188
59 13 188
13 36 271
36 13 271
13 22 576
22 13 576
13 24 434
24 13 434
14 16 450
16 14 450
14 18 867
18 14 867
14 25 765
25 14 765
14 61 971
61 14 971
14 52 74
52 14 74
14 54 886
54 14 886
14 25 824
25 14 824
14 48 531
48 14 531
14 52 890
52 14 890
14 29 646
29 14 646
14 38 745
38 14 745
14 48 187
48 14 187
14 27 633
27 14 633
14 24 606
24 14 606
14 26 55
26 14 55
14 54 834
54 14 834
14 29 601
29 14 601
14 26 105
26 14 105
15 32 876
32 15 876
15 17 226
17 15 226
15 56 798
56 15 798
15 59 753
59 15 753
15 18 80
18 15 80
15 26 663
26 15 663
15 29 221
29 15 221
15 49 451
49 15 451
15 60 351
60 15 351
15 45 907
45 15 907
16 33 410
33 16 410
16 16 746
16 16 746
16 19 734
19 16 734
16 61 111
61 16 111
16 35 840
35 16 840
16 52 44
52 16 44
16 41 618
41 16 618
16 61 361
61 16 361
16 48 76
48 16 76
16 37 770
37 16 770
16 43 588
43 16 588
16 50 917
50 16 917
16 46 479
46 16 479
16 28 153
28 16 153
16 18 265
18 16 265
16 57 214
57 16 214
16 34 924
34 16 924
16 34 27
34 16 27
17 23 602
23 17 602
17 33 877
33 17 877
17 50 544
50 17 544
17 23 923
23 17 923
17 55 408
55 17 408
17 24 56
24 17 56
17 59 230
59 17 230
17 38 674
38 17 674
17 19 459
19 17 459
18 60 717
60 18 717
18 31 724
31 18 724
18 20 262
20 18 262
18 48 169
48 18 169
18 52 914
52 18 914
18 36 620
36 18 620
18 24 674
24 18 674
18 22 141
22 18 141
18 55 266
55 18 266
19 21 487
21 19 487
19 52 817
52 19 817
19 54 845
54 19 845
19 24 75
24 19 75
19 20 818
20 19 818
19 31 950
31 19 950
19 38 671
38 19 671
19 25 3
25 19 3
19 48 770
48 19 770
19 40 181
40 19 181
19 53 256
53 19 256
19 60 698
60 19 698
20 60 115
60 20 115
20 30 798
30 20 798
20 28 474
28 20 474
20 41 312
41 20 312
20 44 170
44 20 170
20 37 552
37 20 552
20 32 592
32 20 592
20 25 92
25 20 92
20 59 360
59 20 360
20 50 328
50 20 328
20 26 766
26 20 766
20 24 115
24 20 115
20 36 786
36 20 786
20 49 450
49 20 450
20 22 762
22 20 762
20 43 39
43 20 39
20 31 40
31 20 40
21 24 851
24 21 851
21 40 538
40 21 538
21 57 662
57 21 662
21 45 589
45 21 589
21 45 412
45 21 412
21 39 358
39 21 358
21 42 180
42 21 180
21 41 513
41 21 513
21 44 658
44 21 658
21 59 394
59 21 394
21 29 110
29 21 110
21 28 663
28 21 663
21 38 179
38 21 179
21 28 438
28 21 438
21 27 401
27 21 401
22 36 373
36 22 373
22 37 491
37 22 491
22 44 785
44 22 785
22 39 365
39 22 365
22 35 81
35 22 81
22 40 99
40 22 99
22 61 890
61 22 890
22 53 158
53 22 158
22 25 791
25 22 791
22 27 157
27 22 157
22 61 593
61 22 593
22 50 25
50 22 25
22 36 283
36 22 283
22 50 793
50 22 793
23 61 385
61 23 385
23 41 885
41 23 885
23 54 291
54 23 291
23 57 209
57 23 209
23 39 684
39 23 684
23 34 166
34 23 166
23 52 664
52 23 664
23 59 97
59 23 97
23 35 319
35 23 319
23 56 772
56 23 772
23 24 217
24 23 217
23 59 933
59 23 933
23 33 746
33 23 746
24 48 343
48 24 343
24 31 45
31 24 45
24 61 506
61 24 506
24 53 693
53 24 693
24 53 351
53 24 351
24 36 155
36 24 155
24 39 161
39 24 161
24 27 397
27 24 397
24 57 92
57 24 92
24 45 34
45 24 34
25 27 600
27 25 600
25 47 99
47 25 99
25 40 14
40 25 14
25 26 998
26 25 998
25 42 609
42 25 609
25 37 846
37 25 846
26 28 141
28 26 141
26 45 50
45 26 50
26 33 827
33 26 827
26 59 829
59 26 829
26 31 629
31 26 629
26 39 228
39 26 228
26 43 902
43 26 902
26 51 579
51 26 579
26 58 549
58 26 549
26 50 306
50 26 306
26 27 184
27 26 184
26 40 146
40 26 146
26 58 784
58 26 784
26 46 839
46 26 839
27 56 388
56 27 388
27 61 410
61 27 410
27 33 762
33 27 762
27 53 342
53 27 342
27 30 417
30 27 417
27 55 994
55 27 994
27 31 894
31 27 894
27 44 38
44 27 38
27 47 810
47 27 810
27 57 777
57 27 777
27 57 217
57 27 217
27 59 456
59 27 456
27 35 572
35 27 572
27 46 150
46 27 150
27 48 359
48 27 359
27 53 886
53 27 886
28 41 117
41 28 117
28 55 853
55 28 853
28 38 685
38 28 685
28 61 751
61 28 751
28 46 718
46 28 718
28 49 883
49 28 883
28 37 150
37 28 150
28 59 600
59 28 600
28 45 315
45 28 315
28 60 678
60 28 678
28 60 286
60 28 286
28 32 39
32 28 39
28 59 222
59 28 222
28 35 568
35 28 568
28 43 171
43 28 171
28 35 863
35 28 863
29 39 103
39 29 103
29 51 599
51 29 599
29 60 310
60 29 310
29 51 569
51 29 569
29 56 889
56 29 889
29 34 80
34 29 80
29 29 494
29 29 494
29 46 695
46 29 695
29 56 294
56 29 294
29 55 386
55 29 386
29 48 758
48 29 758
29 60 386
60 29 386
29 40 906
40 29 906
29 36 414
36 29 414
29 35 658
35 29 658
30 31 793
31 30 793
30 51 537
51 30 537
30 39 852
39 30 852
30 51 884
51 30 884
30 61 199
61 30 199
30 37 640
37 30 640
30 46 167
46 30 167
30 61 283
61 30 283
30 31 791
31 30 791
30 56 505
56 30 505
30 44 721
44 30 721
31 59 205
59 31 205
31 58 751
58 31 751
31 50 401
50 31 401
31 49 447
49 31 447
31 32 190
32 31 190
31 54 240
54 31 240
31 59 889
59 31 889
32 53 362
53 32 362
32 37 970
37 32 970
32 56 392
56 32 392
32 61 925
61 32 925
32 34 548
34 32 548
32 49 53
49 32 53
33 37 644
37 33 644
33 35 589
35 33 589
33 51 40
51 33 40
33 34 659
34 33 659
33 59 813
59 33 813
33 38 321
38 33 321
33 61 948
61 33 948
34 43 335
43 34 335
34 49 2
49 34 2
34 36 434
36 34 434
34 50 423
50 34 423
34 39 552
39 34 552
34 60 335
60 34 335
34 38 176
38 34 176
34 51 627
51 34 627
34 35 500
35 34 500
34 55 981
55 34 981
35 50 185
50 35 185
35 58 949
58 35 949
35 57 236
57 35 236
35 44 160
44 35 160
35 38 221
38 35 221
35 60 587
60 35 587
35 50 509
50 35 509
35 59 170
59 35 170
35 37 495
37 35 495
35 36 840
36 35 840
35 36 278
36 35 278
36 37 23
37 36 23
36 53 567
53 36 567
36 54 703
54 36 703
36 58 714
58 36 714
36 40 992
40 36 992
36 58 952
58 36 952
36 46 413
46 36 413
36 39 570
39 36 570
36 46 818
46 36 818
36 46 988
46 36 988
37 60 935
60 37 935
37 49 145
49 37 145
37 51 432
51 37 432
37 52 717
52 37 717
37 37 161
37 37 161
37 53 620
53 37 620
38 60 381
60 38 381
38 44 82
44 38 82
38 49 599
49 38 599
38 52 884
52 38 884
39 50 752
50 39 752
39 55 468
55 39 468
39 44 661
44 39 661
39 56 711
56 39 711
39 52 536
52 39 536
40 42 827
42 40 827
40 47 855
47 40 855
40 49 14
49 40 14
40 55 581
55 40 581
41 45 646
45 41 646
41 47 128
47 41 128
41 41 98
41 41 98
41 41 763
41 41 763
41 47 522
47 41 522
41 58 881
58 41 881
41 46 801
46 41 801
41 47 50
47 41 50
41 56 687
56 41 687
41 50 521
50 41 521
42 46 986
46 42 986
42 59 362
59 42 362
42 50 266
50 42 266
42 54 514
54 42 514
42 49 674
49 42 674
42 44 823
44 42 823
43 54 987
54 43 987
43 48 846
48 43 846
43 52 846
52 43 846
43 47 357
47 43 357
43 58 999
58 43 999
43 44 5
44 43 5
43 51 165
51 43 165
44 55 154
55 44 154
44 47 149
47 44 149
44 50 69
50 44 69
44 46 997
46 44 997
44 56 31
56 44 31
44 49 628
49 44 628
44 48 289
48 44 289
45 56 746
56 45 746
45 58 501
58 45 501
45 49 56
49 45 56
45 47 964
47 45 964
45 56 695
56 45 695
45 47 762
47 45 762
46 60 662
60 46 662
46 51 525
51 46 525
46 59 102
59 46 102
46 54 589
54 46 589
46 55 683
55 46 683
46 56 376
56 46 376
46 51 432
51 46 432
46 54 337
54 46 337
46 57 742
57 46 742
47 50 579
50 47 579
47 53 18
53 47 18
47 59 379
59 47 379
48 54 644
54 48 644
48 59 768
59 48 768
48 55 266
55 48 266
48 57 510
57 48 510
48 54 264
54 48 264
49 49 291
49 49 291
49 58 941
58 49 941
49 58 234
58 49 234
49 61 961
61 49 961
49 53 250
53 49 250
50 61 487
61 50 487
51 58 516
58 51 516
51 57 533
57 51 533
51 55 266
55 51 266
51 54 155
54 51 155
51 57 453
57 51 453
52 59 339
59 52 339
52 58 772
58 52 772
52 61 700
61 52 700
52 61 364
61 52 364
52 59 270
59 52 270
53 56 625
56 53 625
53 60 59
60 53 59
54 56 282
56 54 282
54 54 21
54 54 21
55 60 483
60 55 483
55 59 309
59 55 309
55 60 479
60 55 479
55 58 853
58 55 853
57 61 490
61 57 490
58 61 335
61 58 335
59 61 324
61 59 324
