37

0 1 279
1 0 279
0 2 997
2 0 997
0 3 69
3 0 69
0 4 172
4 0 172
0 6 48
6 0 48
0 36 279
36 0 279
0 30 9
30 0 9
0 26 186
26 0 186
0 12 766
12 0 766
0 31 387
31 0 387
0 1 633
1 0 633
0 33 923
33 0 923
1 5 846
5 1 846
1 7 900
7 1 900
1 22 503
22 1 503
1 12 163
12 1 163
1 1 689
1 1 689
1 15 652
15 1 652
1 28 472
28 1 472
1 4 939
4 1 939
2 34 318
34 2 318
2 25 438
25 2 438
2 29 907
29 2 907
2 15 466
15 2 466
2 14 944
14 2 944
2 10 424
10 2 424
3 9 566
9 3 566
3 16 258
16 3 258
3 31 918
31 3 918
3 5 200
5 3 200
3 16 767
16 3 767
3 18 980
18 3 980
3 33 771
33 3 771
3 18 457
18 3 457
3 12 652
12 3 652
3 3 544
3 3 544
4 8 121
8 4 121
4 27 168
27 4 168
4 15 116
15 4 116
4 14 488
14 4 488
4 12 427
12 4 427
4 33 272
33 4 272
4 35 492
35 4 492
4 19 769
19 4 769
4 26 476
26 4 476
5 13 394
13 5 394
5 14 354
14 5 354
5 25 623
25 5 623
5 11 64
11 5 64
5 24 428
24 5 428
5 29 748
29 5 748
5 21 809
21 5 809
5 24 484
24 5 484
5 6 770
6 5 770
5 7 734
7 5 734
6 10 263
10 6 263
6 12 435
12 6 435
6 28 185
28 6 185
6 13 407
13 6 407
6 18 125
18 6 125
6 14 725
14 6 725
6 14 921
14 6 921
6 25 284
25 6 284
6 20 775
20 6 775
7 22 795
22 7 795
7 22 825
22 7 825
7 16 849
16 7 849
7 10 40
10 7 40
7 8 588
8 7 588
7 18 137
18 7 137
7 9 23
9 7 23
7 20 105
20 7 105
7 36 492
36 7 492
7 28 908
28 7 908
8 16 397
16 8 397
8 32 678
32 8 678
9 15 848
15 9 848
9 20 338
20 9 338
9 23 15
23 9 15
9 18 202
18 9 202
9 10 257
10 9 257
9 24 277
24 9 277
10 11 154
11 10 154
10 17 544
17 10 544
10 34 165
34 10 165
10 29 522
29 10 522
10 13 61
13 10 61
10 18 963
18 10 963
11 24 530
24 11 530
11 32 88
32 11 88
11 36 38
36 11 38
11 18 637
18 11 637
11 27 439
27 11 439
11 30 612
30 11 612
11 13 758
13 11 758
11 29 668
29 11 668
11 27 479
27 11 479
11 23 723
23 11 723
12 31 918
31 12 918
12 13 804
13 12 804
12 16 466
16 12 466
12 21 13
21 12 13
12 12 197
12 12 197
12 23 353
23 12 353
12 20 861
20 12 861
13 23 968
23 13 968
13 29 100
29 13 100
13 30 5
30 13 5
13 16 627
16 13 627
13 24 730
24 13 730
13 25 520
25 13 520
13 25 743
25 13 743
13 20 288
20 13 288
14 35 131
35 14 131
14 32 352
32 14 352
14 30 376
30 14 376
15 18 251
18 15 251
15 18 778
18 15 778
15 33 125
33 15 125
15 28 443
28 15 443
15 29 674
29 15 674
16 26 782
26 16 782
16 32 653
32 16 653
16 25 395
25 16 395
17 21 612
21 17 612
17 30 760
30 17 760
17 26 993
26 17 993
17 27 193
27 17 193
17 28 671
28 17 671
18 19 918
19 18 918
18 19 542
19 18 542
18 35 727
35 18 727
18 24 788
24 18 788
18 34 915
34 18 915
19 25 707
25 19 707
19 26 439
26 19 439
19 35 494
35 19 494
19 29 519
29 19 519
19 23 192
23 19 192
19 35 149
35 19 149
20 24 403
24 20 403
20 29 715
29 20 715
20 27 997
27 20 997
20 32 902
32 20 902
20 25 102
25 20 102
21 29 173
29 21 173
21 32 579
32 21 579
21 26 145
26 21 145
21 33 837
33 21 837
22 23 739
23 22 739
22 28 337
28 22 337
22 35 858
35 22 858
22 24 595
24 22 595
22 25 412
25 22 412
22 24 44
24 22 44
22 24 861
24 22 861
23 27 250
27 23 250
23 26 400
26 23 400
23 28 788
28 23 788
24 27 157
27 24 157
25 28 529
28 25 529
25 27 639
27 25 639
25 35 245
35 25 245
26 32 911
32 26 911
26 30 430
30 26 430
26 34 662
34 26 662
27 36 681
36 27 681
28 29 155
29 28 155
28 34 109
34 28 109
29 33 560
33 29 560
29 29 467
29 29 467
30 33 347
33 30 347
30 30 413
30 30 413
32 36 704
36 32 704
33 34 249
34 33 249
