70

0 1 927
1 0 927
0 2 897
2 0 897
0 3 538
3 0 538
0 33 344
33 0 344
0 51 315
51 0 315
0 59 314
59 0 314
0 22 902
22 0 902
0 52 695
52 0 695
0 50 766
50 0 766
0 11 595
11 0 595
0 51 652
51 0 652
1 11 883
11 1 883
1 55 783
55 1 783
1 46 730
46 1 730
1 26 188
26 1 188
1 24 535
24 1 535
1 15 467
15 1 467
2 5 133
5 2 133
2 8 797
8 2 797
2 16 428
16 2 428
2 17 81
17 2 81
2 46 331
46 2 331
2 7 992
7 2 992
2 44 188
44 2 188
2 47 39
47 2 39
2 10 365
10 2 365
2 22 118
22 2 118
2 19 712
19 2 712
3 4 340
4 3 340
3 6 548
6 3 548
3 9 813
9 3 813
3 15 840
15 3 840
3 41 398
41 3 398
3 36 721
36 3 721
3 63 604
63 3 604
3 12 861
12 3 861
3 8 876
8 3 876
3 6 331
6 3 331
3 64 837
64 3 837
4 7 691
7 4 691
4 45 88
45 4 88
4 48 167
48 4 167
4 41 64
41 4 64
4 52 769
52 4 769
5 42 722
42 5 722
5 39 203
39 5 203
5 23 568
23 5 568
5 24 786
24 5 786
5 28 559
28 5 559
6 38 725
38 6 725
6 53 864
53 6 864
6 44 980
44 6 980
6 39 899
39 6 899
7 14 707
14 7 707
7 24 289
24 7 289
7 37 364
37 7 364
7 51 427
51 7 427
7 14 739
14 7 739
7 23 576
23 7 576
8 10 16
10 8 16
8 16 413
16 8 413
8 13 53
13 8 53
8 29 778
29 8 778
8 43 9
43 8 9
8 58 570
58 8 570
8 64 922
64 8 922
9 26 918
26 9 918
9 48 102
48 9 102
9 13 274
13 9 274
9 41 189
41 9 189
9 12 433
12 9 433
9 53 425
53 9 425
10 12 772
12 10 772
10 20 868
20 10 868
10 60 125
60 10 125
10 27 634
27 10 634
10 51 550
51 10 550
10 28 166
28 10 166
10 10 834
10 10 834
10 32 356
32 10 356
11 13 322
13 11 322
11 53 675
53 11 675
11 62 225
62 11 225
11 59 828
59 11 828
11 33 383
33 11 383
11 12 143
12 11 143
12 58 386
58 12 386
12 13 668
13 12 668
12 31 311
31 12 311
12 65 156
65 12 156
12 58 513
58 12 513
12 59 968
59 12 968
12 31 764
31 12 764
12 63 66
63 12 66
12 41 330
41 12 330
13 19 238
19 13 238
13 22 286
22 13 286
13 62 371
62 13 371
14 21 996
21 14 996
14 28 451
28 14 451
14 52 14
52 14 14
14 68 813
68 14 813
14 15 652
15 14 652
14 34 298
34 14 298
14 59 11
59 14 11
14 42 895
42 14 895
14 61 504
61 14 504
14 14 411
14 14 411
15 34 744
34 15 744
15 65 403
65 15 403
15 45 239
45 15 239
15 19 759
19 15 759
15 23 45
23 15 45
16 38 857
38 16 857
16 22 686
22 16 686
16 60 925
60 16 925
17 18 719
18 17 719
17 25 125
25 17 125
17 34 930
34 17 930
17 39 624
39 17 624
17 55 833
55 17 833
17 42 356
42 17 356
17 35 727
35 17 727
17 50 772
50 17 772
18 23 564
23 18 564
18 32 263
32 18 263
18 47 284
47 18 284
18 36 659
36 18 659
18 61 963
61 18 963
19 49 924
49 19 924
20 25 738
25 20 738
20 33 736
33 20 736
20 21 89
21 20 89
20 53 345
53 20 345
21 41 614
41 21 614
21 36 257
36 21 257
22 29 844
29 22 844
22 30 355
30 22 355
22 44 329
44 22 329
22 28 830
28 22 830
22 49 508
49 22 508
22 43 598
43 22 598
22 42 829
42 22 829
22 58 503
58 22 503
23 31 669
31 23 669
23 42 658
42 23 658
23 39 689
39 23 689
23 69 364
69 23 364
23 51 843
51 23 843
24 35 845
35 24 845
24 33 38
33 24 38
24 43 182
43 24 182
25 27 545
27 25 545
25 61 587
61 25 587
25 65 97
65 25 97
25 41 74
41 25 74
25 47 587
47 25 587
25 65 812
65 25 812
26 66 924
66 26 924
26 38 571
38 26 571
26 49 653
49 26 653
26 31 915
31 26 915
27 51 67
51 27 67
27 60 244
60 27 244
27 48 250
48 27 250
28 64 917
64 28 917
28 36 745
36 28 745
28 56 826
56 28 826
28 56 392
56 28 392
28 43 753
43 28 753
29 59 794
59 29 794
29 60 357
60 29 357
29 50 496
50 29 496
30 49 817
49 30 817
31 39 733
39 31 733
31 41 552
41 31 552
32 40 502
40 32 502
32 54 741
54 32 741
32 65 376
65 32 376
33 68 959
68 33 959
34 54 568
54 34 568
34 61 645
61 34 645
35 36 685
36 35 685
35 50 145
50 35 145
35 58 379
58 35 379
35 40 759
40 35 759
35 59 353
59 35 353
35 52 484
52 35 484
36 39 444
39 36 444
36 59 37
59 36 37
36 58 53
58 36 53
36 66 464
66 36 464
37 51 721
51 37 721
37 58 735
58 37 735
37 55 550
55 37 550
37 50 438
50 37 438
38 48 365
48 38 365
38 58 166
58 38 166
38 65 868
65 38 868
39 43 104
43 39 104
39 54 785
54 39 785
39 56 74
56 39 74
39 67 406
67 39 406
39 51 458
51 39 458
40 43 232
43 40 232
41 47 893
47 41 893
41 54 983
54 41 983
41 68 645
68 41 645
41 61 595
61 41 595
42 50 606
50 42 606
42 43 122
43 42 122
43 67 416
67 43 416
43 66 345
66 43 345
43 61 721
61 43 721
44 51 303
51 44 303
44 57 509
57 44 509
44 56 527
56 44 527
44 59 646
59 44 646
45 63 990
63 45 990
45 53 614
53 45 614
46 58 107
58 46 107
46 56 597
56 46 597
47 57 155
57 47 155
47 67 933
67 47 933
47 57 540
57 47 540
47 48 423
48 47 423
49 61 557
61 49 557
49 65 986
65 49 986
50 68 326
68 50 326
50 62 453
62 50 453
52 61 265
61 52 265
52 52 105
52 52 105
54 62 656
62 54 656
54 64 732
64 54 732
58 69 824
69 58 824
59 62 317
62 59 317
60 64 630
64 60 630
