85

0 1 780
1 0 780
0 2 636
2 0 636
0 5 835
5 0 835
0 16 127
16 0 127
0 22 683
22 0 683
0 61 554
61 0 554
0 4 775
4 0 775
0 74 415
74 0 415
0 35 831
35 0 831
0 8 460
8 0 460
0 83 848
83 0 848
0 32 475
32 0 475
0 2 861
2 0 861
0 74 103
74 0 103
1 3 962
3 1 962
1 12 903
12 1 903
1 12 785
12 1 785
1 46 657
46 1 657
1 32 476
32 1 476
1 21 417
21 1 417
1 22 192
22 1 192
1 15 684
15 1 684
1 4 357
4 1 357
2 7 24
7 2 24
2 15 142
15 2 142
2 17 853
17 2 853
2 57 235
57 2 235
2 64 465
64 2 465
2 40 775
40 2 775
2 53 584
53 2 584
2 37 406
37 2 406
2 11 3
11 2 3
2 63 331
63 2 331
2 41 84
41 2 84
2 51 681
51 2 681
2 80 29
80 2 29
2 68 724
68 2 724
2 38 12
38 2 12
2 78 991
78 2 991
2 46 908
46 2 908
2 15 241
15 2 241
3 4 881
4 3 881
3 38 635
38 3 635
3 45 367
45 3 367
3 67 322
67 3 322
3 29 898
29 3 898
3 15 161
15 3 161
3 20 258
20 3 258
3 71 319
71 3 319
3 37 273
37 3 273
3 3 311
3 3 311
3 48 636
48 3 636
3 60 870
60 3 870
3 81 630
81 3 630
3 73 253
73 3 253
3 30 428
30 3 428
3 29 895
29 3 895
3 11 484
11 3 484
3 71 764
71 3 764
3 63 284
63 3 284
4 8 713
8 4 713
4 10 131
10 4 131
4 75 958
75 4 958
4 80 348
80 4 348
4 74 524
74 4 524
4 43 232
43 4 232
4 45 827
45 4 827
4 18 814
18 4 814
4 71 680
71 4 680
4 67 930
67 4 930
4 83 558
83 4 558
4 31 263
31 4 263
4 32 184
32 4 184
4 11 797
11 4 797
4 38 443
38 4 443
5 6 219
6 5 219
5 9 411
9 5 411
5 13 27
13 5 27
5 14 371
14 5 371
5 20 189
20 5 189
5 82 166
82 5 166
5 35 79
35 5 79
5 76 344
76 5 344
5 13 940
13 5 940
5 35 434
35 5 434
5 16 747
16 5 747
5 29 746
29 5 746
5 17 659
17 5 659
5 43 231
43 5 231
5 69 914
69 5 914
5 37 859
37 5 859
6 33 478
33 6 478
6 30 175
30 6 175
6 75 682
75 6 682
6 78 173
78 6 173
6 49 741
49 6 741
6 48 665
48 6 665
6 6 283
6 6 283
6 68 749
68 6 749
6 22 405
22 6 405
6 75 891
75 6 891
6 67 222
67 6 222
6 21 8
21 6 8
6 79 11
79 6 11
6 38 339
38 6 339
7 44 973
44 7 973
7 23 753
23 7 753
7 24 533
24 7 533
7 39 263
39 7 263
7 52 739
52 7 739
7 41 653
41 7 653
7 26 539
26 7 539
7 36 442
36 7 442
7 74 503
74 7 503
7 56 361
56 7 361
7 79 850
79 7 850
7 74 501
74 7 501
7 70 905
70 7 905
8 11 980
11 8 980
8 21 951
21 8 951
8 27 599
27 8 599
8 31 655
31 8 655
8 72 918
72 8 918
8 64 187
64 8 187
8 30 945
30 8 945
8 50 613
50 8 613
8 76 281
76 8 281
9 42 34
42 9 34
9 52 634
52 9 634
9 66 793
66 9 793
9 32 705
32 9 705
9 17 27
17 9 27
9 47 383
47 9 383
9 29 914
29 9 914
9 25 494
25 9 494
9 42 833
42 9 833
9 76 400
76 9 400
9 9 895
9 9 895
10 41 546
41 10 546
10 22 484
22 10 484
10 13 842
13 10 842
10 36 796
36 10 796
10 19 713
19 10 713
10 68 685
68 10 685
10 70 564
70 10 564
10 29 481
29 10 481
10 68 617
68 10 617
10 72 747
72 10 747
10 47 175
47 10 175
10 17 487
17 10 487
10 12 710
12 10 710
10 29 758
29 10 758
10 28 833
28 10 833
10 57 741
57 10 741
11 53 952
53 11 952
11 61 451
61 11 451
11 16 670
16 11 670
11 65 992
65 11 992
11 78 377
78 11 377
11 78 118
78 11 118
11 18 970
18 11 970
11 55 659
55 11 659
11 47 108
47 11 108
11 84 627
84 11 627
11 38 506
38 11 506
11 44 36
44 11 36
12 34 874
34 12 874
12 58 138
58 12 138
12 27 258
27 12 258
12 53 225
53 12 225
12 21 679
21 12 679
12 70 475
70 12 475
12 26 913
26 12 913
12 81 831
81 12 831
12 15 660
15 12 660
12 28 117
28 12 117
13 18 890
18 13 890
13 29 700
29 13 700
13 32 832
32 13 832
13 79 223
79 13 223
13 68 780
68 13 780
13 54 112
54 13 112
13 62 609
62 13 609
13 71 166
71 13 166
13 15 572
15 13 572
13 44 209
44 13 209
13 28 49
28 13 49
13 23 34
23 13 34
14 47 587
47 14 587
14 61 593
61 14 593
14 34 178
34 14 178
14 39 947
39 14 947
14 78 785
78 14 785
14 58 217
58 14 217
14 70 499
70 14 499
14 80 461
80 14 461
14 17 645
17 14 645
14 67 657
67 14 657
14 25 360
25 14 360
14 33 980
33 14 980
14 54 482
54 14 482
15 19 167
19 15 167
15 80 506
80 15 506
15 26 468
26 15 468
15 52 305
52 15 305
15 62 686
62 15 686
15 61 902
61 15 902
15 37 193
37 15 193
15 59 640
59 15 640
15 38 795
38 15 795
15 70 26
70 15 26
16 23 537
23 16 537
16 39 226
39 16 226
16 74 4
74 16 4
16 77 710
77 16 710
16 77 595
77 16 595
16 43 92
43 16 92
16 37 914
37 16 914
16 61 699
61 16 699
16 59 687
59 16 687
16 74 550
74 16 550
16 79 379
79 16 379
16 51 196
51 16 196
16 72 928
72 16 928
16 65 211
65 16 211
17 46 707
46 17 707
17 54 247
54 17 247
17 49 12
49 17 12
17 63 457
63 17 457
17 53 380
53 17 380
17 84 23
84 17 23
17 47 288
47 17 288
17 66 309
66 17 309
17 21 343
21 17 343
17 68 393
68 17 393
17 36 414
36 17 414
18 20 946
20 18 946
18 43 204
43 18 204
18 63 846
63 18 846
18 64 584
64 18 584
19 25 468
25 19 468
19 27 632
27 19 632
19 52 718
52 19 718
19 59 252
59 19 252
19 82 615
82 19 615
19 76 107
76 19 107
19 65 645
65 19 645
19 83 127
83 19 127
20 28 916
28 20 916
20 36 882
36 20 882
20 75 305
75 20 305
20 32 910
32 20 910
20 43 378
43 20 378
20 53 785
53 20 785
20 40 779
40 20 779
20 30 833
30 20 833
20 70 202
70 20 202
20 46 183
46 20 183
21 24 6
24 21 6
21 35 12
35 21 12
21 77 922
77 21 922
21 72 554
72 21 554
21 78 137
78 21 137
21 55 51
55 21 51
22 25 894
25 22 894
22 41 401
41 22 401
22 50 812
50 22 812
22 62 223
62 22 223
22 63 922
63 22 922
22 40 928
40 22 928
22 46 511
46 22 511
22 68 209
68 22 209
22 67 855
67 22 855
22 67 964
67 22 964
22 34 670
34 22 670
22 50 576
50 22 576
22 83 272
83 22 272
23 55 894
55 23 894
23 45 146
45 23 146
23 81 213
81 23 213
23 42 963
42 23 963
23 63 569
63 23 569
23 67 191
67 23 191
23 60 166
60 23 166
23 62 794
62 23 794
23 29 217
29 23 217
23 27 787
27 23 787
24 43 460
43 24 460
24 49 535
49 24 535
24 60 560
60 24 560
24 79 137
79 24 137
24 55 850
55 24 850
24 32 703
32 24 703
24 68 386
68 24 386
24 69 218
69 24 218
24 79 891
79 24 891
24 77 957
77 24 957
25 26 786
26 25 786
25 54 749
54 25 749
25 68 999
68 25 999
25 50 887
50 25 887
25 53 837
53 25 837
25 82 622
82 25 622
25 69 264
69 25 264
25 74 559
74 25 559
25 78 931
78 25 931
25 76 546
76 25 546
26 53 256
53 26 256
26 53 38
53 26 38
26 51 721
51 26 721
26 47 571
47 26 571
26 64 453
64 26 453
26 39 878
39 26 878
26 52 48
52 26 48
26 45 925
45 26 925
26 41 103
41 26 103
26 43 573
43 26 573
27 40 17
40 27 17
27 51 177
51 27 177
27 51 478
51 27 478
27 32 35
32 27 35
27 37 987
37 27 987
27 29 765
29 27 765
27 49 627
49 27 627
27 74 338
74 27 338
27 40 565
40 27 565
27 28 916
28 27 916
28 77 435
77 28 435
28 47 973
47 28 973
28 46 315
46 28 315
28 74 654
74 28 654
28 31 440
31 28 440
28 83 652
83 28 652
28 32 440
32 28 440
28 30 218
30 28 218
28 55 565
55 28 565
28 82 681
82 28 681
29 30 891
30 29 891
29 40 923
40 29 923
29 39 596
39 29 596
29 83 635
83 29 635
29 82 728
82 29 728
29 84 795
84 29 795
29 57 227
57 29 227
29 36 468
36 29 468
29 34 240
34 29 240
29 37 391
37 29 391
29 62 250
62 29 250
29 56 654
56 29 654
29 67 184
67 29 184
30 36 923
36 30 923
30 37 439
37 30 439
30 65 896
65 30 896
30 79 601
79 30 601
30 81 323
81 30 323
30 63 798
63 30 798
30 71 117
71 30 117
30 44 899
44 30 899
30 48 661
48 30 661
30 44 527
44 30 527
30 78 915
78 30 915
30 67 235
67 30 235
30 71 646
71 30 646
31 79 45
79 31 45
31 71 873
71 31 873
31 60 41
60 31 41
31 72 925
72 31 925
31 74 759
74 31 759
31 82 673
82 31 673
31 39 892
39 31 892
32 56 980
56 32 980
32 81 238
81 32 238
32 80 654
80 32 654
32 38 258
38 32 258
32 52 134
52 32 134
32 55 552
55 32 552
33 48 48
48 33 48
33 71 242
71 33 242
33 84 281
84 33 281
33 55 729
55 33 729
33 84 815
84 33 815
33 51 848
51 33 848
33 52 371
52 33 371
33 61 896
61 33 896
33 78 54
78 33 54
33 43 361
43 33 361
33 83 899
83 33 899
33 47 809
47 33 809
34 66 780
66 34 780
34 36 587
36 34 587
34 41 257
41 34 257
34 51 311
51 34 311
34 42 899
42 34 899
34 42 975
42 34 975
35 57 838
57 35 838
35 65 189
65 35 189
35 79 390
79 35 390
35 51 353
51 35 353
35 46 281
46 35 281
35 40 201
40 35 201
35 72 70
72 35 70
35 66 603
66 35 603
35 70 577
70 35 577
36 60 8
60 36 8
36 79 785
79 36 785
36 75 494
75 36 494
36 67 354
67 36 354
36 71 263
71 36 263
36 67 28
67 36 28
36 77 730
77 36 730
36 80 413
80 36 413
36 41 315
41 36 315
36 56 13
56 36 13
37 54 660
54 37 660
37 39 348
39 37 348
37 59 496
59 37 496
37 49 863
49 37 863
37 71 673
71 37 673
37 45 356
45 37 356
37 64 590
64 37 590
38 62 723
62 38 723
38 83 745
83 38 745
38 69 47
69 38 47
38 66 416
66 38 416
38 67 256
67 38 256
38 57 539
57 38 539
38 84 591
84 38 591
38 79 253
79 38 253
39 74 700
74 39 700
39 54 846
54 39 846
39 72 226
72 39 226
39 79 719
79 39 719
39 47 440
47 39 440
39 75 64
75 39 64
39 41 787
41 39 787
39 68 665
68 39 665
39 67 218
67 39 218
39 67 56
67 39 56
39 56 853
56 39 853
40 70 52
70 40 52
40 81 979
81 40 979
40 70 24
70 40 24
40 77 252
77 40 252
40 61 729
61 40 729
40 84 55
84 40 55
40 68 953
68 40 953
41 76 247
76 41 247
41 82 701
82 41 701
41 45 734
45 41 734
41 50 759
50 41 759
41 78 235
78 41 235
41 52 446
52 41 446
41 67 944
67 41 944
41 72 21
72 41 21
41 50 680
50 41 680
42 59 106
59 42 106
42 74 978
74 42 978
42 63 423
63 42 423
42 74 750
74 42 750
42 58 232
58 42 232
42 54 413
54 42 413
42 68 997
68 42 997
43 71 881
71 43 881
43 54 966
54 43 966
43 46 859
46 43 859
43 77 953
77 43 953
44 64 519
64 44 519
44 83 370
83 44 370
44 81 492
81 44 492
44 80 445
80 44 445
44 50 582
50 44 582
44 55 901
55 44 901
44 71 162
71 44 162
44 59 946
59 44 946
44 52 355
52 44 355
44 62 205
62 44 205
45 47 200
47 45 200
45 80 346
80 45 346
45 57 315
57 45 315
45 73 47
73 45 47
45 75 774
75 45 774
45 55 275
55 45 275
45 81 959
81 45 959
46 81 311
81 46 311
46 50 63
50 46 63
46 73 991
73 46 991
46 51 856
51 46 856
46 79 776
79 46 776
46 69 361
69 46 361
46 70 431
70 46 431
46 69 372
69 46 372
47 77 163
77 47 163
47 54 222
54 47 222
47 54 600
54 47 600
47 75 424
75 47 424
48 59 530
59 48 530
48 63 146
63 48 146
48 73 602
73 48 602
48 51 708
51 48 708
48 65 73
65 48 73
48 58 881
58 48 881
48 70 157
70 48 157
49 64 197
64 49 197
49 68 769
68 49 769
49 55 902
55 49 902
50 68 829
68 50 829
50 76 748
76 50 748
50 83 836
83 50 836
50 52 326
52 50 326
50 60 173
60 50 173
50 59 272
59 50 272
51 80 120
80 51 120
51 82 331
82 51 331
51 71 30
71 51 30
51 78 544
78 51 544
51 71 747
71 51 747
51 80 464
80 51 464
51 65 636
65 51 636
51 54 722
54 51 722
52 74 256
74 52 256
52 61 838
61 52 838
53 69 174
69 53 174
53 84 319
84 53 319
53 83 21
83 53 21
53 74 843
74 53 843
53 70 517
70 53 517
53 66 356
66 53 356
53 70 82
70 53 82
54 62 371
62 54 371
54 63 141
63 54 141
54 55 966
55 54 966
55 82 925
82 55 925
55 84 792
84 55 792
55 70 947
70 55 947
55 75 633
75 55 633
55 73 885
73 55 885
56 70 112
70 56 112
56 64 423
64 56 423
56 73 41
73 56 41
56 70 874
70 56 874
56 70 284
70 56 284
56 64 426
64 56 426
57 73 424
73 57 424
57 75 333
75 57 333
57 63 221
63 57 221
57 62 667
62 57 667
57 79 800
79 57 800
58 69 615
69 58 615
58 60 505
60 58 505
58 79 491
79 58 491
58 80 100
80 58 100
58 61 523
61 58 523
59 64 234
64 59 234
59 77 57
77 59 57
59 80 961
80 59 961
59 63 919
63 59 919
60 68 913
68 60 913
60 74 262
74 60 262
60 76 660
76 60 660
60 62 555
62 60 555
61 77 339
77 61 339
61 84 352
84 61 352
62 63 681
63 62 681
62 83 328
83 62 328
62 66 881
66 62 881
63 73 314
73 63 314
63 80 658
80 63 658
64 78 358
78 64 358
64 66 699
66 64 699
64 82 708
82 64 708
64 70 81
70 64 81
64 66 381
66 64 381
64 75 981
75 64 981
64 73 524
73 64 524
64 79 394
79 64 394
65 69 165
69 65 165
65 79 119
79 65 119
65 77 957
77 65 957
65 77 444
77 65 444
65 81 521
81 65 521
65 72 422
72 65 422
66 78 525
78 66 525
66 77 901
77 66 901
67 69 493
69 67 493
67 68 265
68 67 265
68 76 966
76 68 966
68 80 255
80 68 255
68 82 711
82 68 711
69 75 44
75 69 44
70 76 69
76 70 69
70 74 903
74 70 903
70 78 935
78 70 935
71 79 133
79 71 133
71 83 373
83 71 373
71 78 191
78 71 191
71 84 695
84 71 695
71 81 802
81 71 802
72 81 833
81 72 833
72 73 799
73 72 799
72 73 211
73 72 211
73 80 43
80 73 43
73 84 838
84 73 838
74 74 306
74 74 306
76 78 165
78 76 165
76 82 822
82 76 822
76 78 277
78 76 277
77 81 578
81 77 578
80 82 318
82 80 318
