17

0 1 813
1 0 813
0 4 629
4 0 629
0 8 669
8 0 669
0 7 427
7 0 427
0 3 814
3 0 814
0 11 695
11 0 695
0 16 416
16 0 416
0 6 828
6 0 828
0 1 173
1 0 173
0 11 85
11 0 85
0 2 878
2 0 878
1 2 782
2 1 782
1 11 311
11 1 311
1 15 797
15 1 797
1 16 65
16 1 65
1 14 208
14 1 208
1 3 217
3 1 217
1 12 247
12 1 247
2 3 623
3 2 623
2 7 398
7 2 398
2 9 356
9 2 356
2 13 177
13 2 177
2 12 849
12 2 849
2 2 658
2 2 658
2 6 849
6 2 849
2 10 612
10 2 612
2 15 705
15 2 705
2 7 565
7 2 565
3 5 986
5 3 986
3 14 553
14 3 553
3 4 692
4 3 692
3 12 797
12 3 797
3 3 301
3 3 301
3 16 175
16 3 175
3 12 888
12 3 888
3 3 214
3 3 214
3 7 261
7 3 261
4 6 853
6 4 853
4 10 665
10 4 665
4 13 356
13 4 356
4 8 424
8 4 424
4 9 159
9 4 159
4 13 672
13 4 672
4 14 296
14 4 296
4 8 53
8 4 53
5 12 485
12 5 485
5 5 280
5 5 280
5 13 648
13 5 648
5 14 950
14 5 950
5 6 556
6 5 556
6 14 256
14 6 256
6 8 8
8 6 8
6 10 673
10 6 673
6 9 318
9 6 318
6 13 13
13 6 13
6 12 469
12 6 469
6 7 224
7 6 224
7 16 270
16 7 270
7 9 635
9 7 635
7 10 306
10 7 306
7 12 758
12 7 758
7 14 927
14 7 927
7 14 109
14 7 109
7 11 451
11 7 451
8 15 819
15 8 819
8 10 497
10 8 497
8 8 393
8 8 393
8 9 74
9 8 74
9 9 422
9 9 422
9 14 63
14 9 63
9 15 26
15 9 26
10 12 826
12 10 826
10 14 360
14 10 360
10 11 558
11 10 558
11 13 630
13 11 630
12 13 550
13 12 550
12 14 785
14 12 785
13 16 841
16 13 841
13 15 301
15 13 301
14 16 738
16 14 738
15 16 956
16 15 956
