60

0 1 742
1 0 742
0 2 940
2 0 940
0 12 169
12 0 169
0 18 56
18 0 56
0 25 458
25 0 458
0 41 992
41 0 992
0 54 839
54 0 839
0 59 114
59 0 114
0 34 160
34 0 160
0 2 121
2 0 121
0 4 613
4 0 613
0 31 823
31 0 823
0 14 896
14 0 896
0 6 16
6 0 16
0 24 1000
24 0 1000
0 58 82
58 0 82
0 19 729
19 0 729
0 37 823
37 0 823
0 4 663
4 0 663
0 57 229
57 0 229
0 54 214
54 0 214
0 15 275
15 0 275
0 47 343
47 0 343
0 31 351
31 0 351
1 3 522
3 1 522
1 4 482
4 1 482
1 14 444
14 1 444
1 5 103
5 1 103
1 31 909
31 1 909
1 47 401
47 1 401
1 25 380
25 1 380
1 40 755
40 1 755
1 13 229
13 1 229
1 57 699
57 1 699
1 6 650
6 1 650
1 45 145
45 1 145
1 2 983
2 1 983
1 34 396
34 1 396
1 6 732
6 1 732
1 41 787
41 1 787
1 5 333
5 1 333
1 38 965
38 1 965
1 32 823
32 1 823
1 30 290
30 1 290
1 17 728
17 1 728
1 21 919
21 1 919
1 40 473
40 1 473
1 32 300
32 1 300
1 19 978
19 1 978
2 10 91
10 2 91
2 44 793
44 2 793
2 27 604
27 2 604
2 18 634
18 2 634
2 42 575
42 2 575
2 45 717
45 2 717
2 21 69
21 2 69
2 18 691
18 2 691
2 6 51
6 2 51
2 49 249
49 2 249
2 42 899
42 2 899
2 49 963
49 2 963
2 56 513
56 2 513
2 35 565
35 2 565
2 11 239
11 2 239
3 6 873
6 3 873
3 8 811
8 3 811
3 31 208
31 3 208
3 52 340
52 3 340
3 28 947
28 3 947
3 42 474
42 3 474
3 18 68
18 3 68
3 15 348
15 3 348
3 14 977
14 3 977
3 26 523
26 3 523
3 37 508
37 3 508
3 57 984
57 3 984
3 34 401
34 3 401
3 28 415
28 3 415
3 37 421
37 3 421
3 11 186
11 3 186
3 54 423
54 3 423
3 16 872
16 3 872
3 32 651
32 3 651
3 25 963
25 3 963
3 34 560
34 3 560
3 28 527
28 3 527
3 48 257
48 3 257
4 5 485
5 4 485
4 11 657
11 4 657
4 15 624
15 4 624
4 47 198
47 4 198
4 52 882
52 4 882
4 46 71
46 4 71
4 14 758
14 4 758
4 17 676
17 4 676
4 21 448
21 4 448
4 51 251
51 4 251
4 54 384
54 4 384
4 37 487
37 4 487
4 55 540
55 4 540
4 20 344
20 4 344
4 45 41
45 4 41
4 17 445
17 4 445
4 29 468
29 4 468
4 28 46
28 4 46
4 33 658
33 4 658
4 11 297
11 4 297
4 13 904
13 4 904
4 48 779
48 4 779
4 27 543
27 4 543
4 33 333
33 4 333
4 21 312
21 4 312
4 29 450
29 4 450
4 53 614
53 4 614
4 36 829
36 4 829
4 8 951
8 4 951
4 24 224
24 4 224
4 59 252
59 4 252
4 5 608
5 4 608
5 57 116
57 5 116
5 20 659
20 5 659
5 54 951
54 5 951
5 42 203
42 5 203
5 33 243
33 5 243
5 54 887
54 5 887
5 59 728
59 5 728
5 18 97
18 5 97
5 6 528
6 5 528
5 19 850
19 5 850
5 39 836
39 5 836
5 37 600
37 5 600
5 20 519
20 5 519
5 27 529
27 5 529
5 44 586
44 5 586
5 41 197
41 5 197
5 7 703
7 5 703
5 41 817
41 5 817
5 31 876
31 5 876
5 50 933
50 5 933
5 12 730
12 5 730
5 56 587
56 5 587
5 45 162
45 5 162
6 7 250
7 6 250
6 16 580
16 6 580
6 19 5
19 6 5
6 53 834
53 6 834
6 59 210
59 6 210
6 51 593
51 6 593
6 16 592
16 6 592
6 17 588
17 6 588
6 10 724
10 6 724
6 49 186
49 6 186
6 16 3
16 6 3
6 41 912
41 6 912
6 44 800
44 6 800
6 33 954
33 6 954
6 22 409
22 6 409
6 45 250
45 6 250
6 19 788
19 6 788
7 50 942
50 7 942
7 47 578
47 7 578
7 32 45
32 7 45
7 25 510
25 7 510
7 44 625
44 7 625
7 41 473
41 7 473
7 15 231
15 7 231
7 42 851
42 7 851
7 25 233
25 7 233
7 12 265
12 7 265
7 59 871
59 7 871
7 56 144
56 7 144
7 55 403
55 7 403
7 26 827
26 7 827
7 23 512
23 7 512
7 24 223
24 7 223
8 9 267
9 8 267
8 33 947
33 8 947
8 55 84
55 8 84
8 19 867
19 8 867
8 37 926
37 8 926
8 43 855
43 8 855
8 16 228
16 8 228
8 47 716
47 8 716
8 27 75
27 8 75
8 45 55
45 8 55
8 29 874
29 8 874
8 12 458
12 8 458
8 41 920
41 8 920
8 52 482
52 8 482
8 15 810
15 8 810
8 11 410
11 8 410
9 34 462
34 9 462
9 40 864
40 9 864
9 9 173
9 9 173
9 42 993
42 9 993
9 29 551
29 9 551
9 31 465
31 9 465
9 40 276
40 9 276
9 37 361
37 9 361
9 23 449
23 9 449
9 21 921
21 9 921
9 23 669
23 9 669
9 28 892
28 9 892
9 19 409
19 9 409
9 45 374
45 9 374
9 26 615
26 9 615
9 24 228
24 9 228
9 41 33
41 9 33
9 31 262
31 9 262
9 43 140
43 9 140
9 35 245
35 9 245
9 42 93
42 9 93
9 11 258
11 9 258
10 21 862
21 10 862
10 49 209
49 10 209
10 38 980
38 10 980
10 49 245
49 10 245
10 27 768
27 10 768
10 18 216
18 10 216
10 41 375
41 10 375
10 19 940
19 10 940
10 53 308
53 10 308
10 58 948
58 10 948
11 13 674
13 11 674
11 47 523
47 11 523
11 59 550
59 11 550
11 35 854
35 11 854
11 15 953
15 11 953
11 28 880
28 11 880
11 43 114
43 11 114
11 32 868
32 11 868
11 58 897
58 11 897
11 57 452
57 11 452
11 41 919
41 11 919
11 33 85
33 11 85
11 43 602
43 11 602
11 56 340
56 11 340
11 49 144
49 11 144
11 59 422
59 11 422
11 14 852
14 11 852
11 26 552
26 11 552
11 33 958
33 11 958
11 28 144
28 11 144
11 19 757
19 11 757
11 30 956
30 11 956
11 35 145
35 11 145
11 19 775
19 11 775
11 54 413
54 11 413
12 24 242
24 12 242
12 45 108
45 12 108
12 12 103
12 12 103
12 43 607
43 12 607
12 44 888
44 12 888
12 35 946
35 12 946
12 51 446
51 12 446
12 39 991
39 12 991
12 57 856
57 12 856
12 33 462
33 12 462
12 52 713
52 12 713
12 52 39
52 12 39
12 23 73
23 12 73
12 42 20
42 12 20
12 29 138
29 12 138
13 22 60
22 13 60
13 19 155
19 13 155
13 45 690
45 13 690
13 20 649
20 13 649
13 33 679
33 13 679
13 22 350
22 13 350
13 35 151
35 13 151
13 15 353
15 13 353
13 39 899
39 13 899
13 27 889
27 13 889
13 44 545
44 13 545
13 23 428
23 13 428
13 23 791
23 13 791
13 23 206
23 13 206
13 34 915
34 13 915
13 45 119
45 13 119
13 16 762
16 13 762
13 23 648
23 13 648
13 48 817
48 13 817
13 22 479
22 13 479
14 17 696
17 14 696
14 20 632
20 14 632
14 23 631
23 14 631
14 30 430
30 14 430
14 17 487
17 14 487
14 15 623
15 14 623
14 17 263
17 14 263
14 50 663
50 14 663
14 54 450
54 14 450
14 36 409
36 14 409
14 40 902
40 14 902
14 14 276
14 14 276
14 14 846
14 14 846
14 50 906
50 14 906
14 46 935
46 14 935
14 47 442
47 14 442
15 31 819
31 15 819
15 19 717
19 15 717
15 23 409
23 15 409
15 18 357
18 15 357
15 49 687
49 15 687
15 50 995
50 15 995
15 50 137
50 15 137
15 24 368
24 15 368
15 22 196
22 15 196
15 57 377
57 15 377
15 49 432
49 15 432
15 27 253
27 15 253
15 57 725
57 15 725
15 28 318
28 15 318
16 48 168
48 16 168
16 27 522
27 16 522
16 35 182
35 16 182
16 35 916
35 16 916
16 56 553
56 16 553
16 26 523
26 16 523
16 39 703
39 16 703
16 33 251
33 16 251
16 20 446
20 16 446
16 47 975
47 16 975
16 16 64
16 16 64
16 57 196
57 16 196
16 20 284
20 16 284
16 53 966
53 16 966
17 26 462
26 17 462
17 53 751
53 17 751
17 52 459
52 17 459
17 17 203
17 17 203
17 22 37
22 17 37
17 52 182
52 17 182
17 39 496
39 17 496
17 21 905
21 17 905
17 37 183
37 17 183
17 35 826
35 17 826
17 55 912
55 17 912
17 19 339
19 17 339
17 37 888
37 17 888
17 26 152
26 17 152
17 25 522
25 17 522
17 55 36
55 17 36
17 50 915
50 17 915
17 42 130
42 17 130
17 28 142
28 17 142
17 55 66
55 17 66
17 56 786
56 17 786
18 28 785
28 18 785
18 51 757
51 18 757
18 31 767
31 18 767
18 54 78
54 18 78
18 36 198
36 18 198
18 34 872
34 18 872
18 44 533
44 18 533
18 31 48
31 18 48
18 45 579
45 18 579
18 50 525
50 18 525
18 23 173
23 18 173
19 38 746
38 19 746
19 53 560
53 19 560
19 53 244
53 19 244
19 49 605
49 19 605
19 58 503
58 19 503
19 19 663
19 19 663
19 24 425
24 19 425
19 36 318
36 19 318
19 26 23
26 19 23
19 36 468
36 19 468
19 20 227
20 19 227
19 27 816
27 19 816
19 38 218
38 19 218
19 35 38
35 19 38
19 59 165
59 19 165
19 51 392
51 19 392
19 53 88
53 19 88
20 32 801
32 20 801
20 46 329
46 20 329
20 42 443
42 20 443
20 21 453
21 20 453
20 26 72
26 20 72
20 29 776
29 20 776
20 36 973
36 20 973
20 32 664
32 20 664
20 53 119
53 20 119
20 21 442
21 20 442
20 44 517
44 20 517
20 45 547
45 20 547
20 30 447
30 20 447
20 43 213
43 20 213
20 55 838
55 20 838
21 37 132
37 21 132
21 42 106
42 21 106
21 25 206
25 21 206
21 29 917
29 21 917
21 26 325
26 21 325
21 29 996
29 21 996
21 22 1
22 21 1
21 43 424
43 21 424
21 37 380
37 21 380
21 58 223
58 21 223
21 23 228
23 21 228
21 52 328
52 21 328
21 48 770
48 21 770
21 59 438
59 21 438
22 27 812
27 22 812
22 58 839
58 22 839
22 51 105
51 22 105
22 29 612
29 22 612
22 36 43
36 22 43
22 56 895
56 22 895
22 46 838
46 22 838
22 59 734
59 22 734
22 26 839
26 22 839
22 48 966
48 22 966
22 26 123
26 22 123
23 36 931
36 23 931
23 48 789
48 23 789
23 52 291
52 23 291
23 37 805
37 23 805
23 55 332
55 23 332
23 26 181
26 23 181
23 32 503
32 23 503
23 57 674
57 23 674
24 39 14
39 24 14
24 58 153
58 24 153
24 26 364
26 24 364
24 41 35
41 24 35
24 32 304
32 24 304
24 50 488
50 24 488
24 28 645
28 24 645
24 26 396
26 24 396
24 58 559
58 24 559
24 31 478
31 24 478
24 38 566
38 24 566
25 43 278
43 25 278
25 34 56
34 25 56
25 51 768
51 25 768
25 46 94
46 25 94
25 54 676
54 25 676
25 57 250
57 25 250
25 53 795
53 25 795
26 28 361
28 26 361
26 29 100
29 26 100
26 31 288
31 26 288
26 31 724
31 26 724
26 41 18
41 26 18
26 26 304
26 26 304
26 31 96
31 26 96
26 48 94
48 26 94
26 48 406
48 26 406
26 30 818
30 26 818
26 52 99
52 26 99
26 31 391
31 26 391
26 28 553
28 26 553
26 34 208
34 26 208
26 40 308
40 26 308
26 37 558
37 26 558
27 56 233
56 27 233
27 33 605
33 27 605
27 35 391
35 27 391
27 56 827
56 27 827
27 49 7
49 27 7
27 32 324
32 27 324
27 54 859
54 27 859
27 54 781
54 27 781
27 45 964
45 27 964
27 56 913
56 27 913
27 56 953
56 27 953
28 41 139
41 28 139
28 47 555
47 28 555
28 34 772
34 28 772
28 57 140
57 28 140
28 53 139
53 28 139
28 50 868
50 28 868
28 44 618
44 28 618
28 48 392
48 28 392
28 34 171
34 28 171
28 52 736
52 28 736
29 57 595
57 29 595
29 30 123
30 29 123
29 41 446
41 29 446
29 44 720
44 29 720
29 55 269
55 29 269
29 33 210
33 29 210
29 55 592
55 29 592
29 36 193
36 29 193
30 54 948
54 30 948
30 53 813
53 30 813
30 58 732
58 30 732
30 45 183
45 30 183
30 44 229
44 30 229
30 49 658
49 30 658
30 55 502
55 30 502
30 55 210
55 30 210
30 46 559
46 30 559
30 54 331
54 30 331
31 35 174
35 31 174
31 34 720
34 31 720
31 38 760
38 31 760
31 33 521
33 31 521
31 59 344
59 31 344
31 39 937
39 31 937
32 45 845
45 32 845
32 47 802
47 32 802
32 34 774
34 32 774
32 56 688
56 32 688
32 37 972
37 32 972
32 55 462
55 32 462
32 42 891
42 32 891
33 51 377
51 33 377
33 34 221
34 33 221
33 51 768
51 33 768
33 59 753
59 33 753
33 55 791
55 33 791
33 58 570
58 33 570
33 52 628
52 33 628
33 35 103
35 33 103
34 39 58
39 34 58
34 38 779
38 34 779
34 40 798
40 34 798
34 54 522
54 34 522
34 35 964
35 34 964
34 42 182
42 34 182
35 37 416
37 35 416
35 47 248
47 35 248
35 58 364
58 35 364
35 41 504
41 35 504
35 45 541
45 35 541
35 49 787
49 35 787
36 37 79
37 36 79
36 47 169
47 36 169
36 36 805
36 36 805
36 45 400
45 36 400
36 56 943
56 36 943
36 46 508
46 36 508
36 47 936
47 36 936
36 47 144
47 36 144
37 42 71
42 37 71
37 57 973
57 37 973
37 47 209
47 37 209
37 49 570
49 37 570
37 55 870
55 37 870
38 43 21
43 38 21
38 50 2
50 38 2
38 43 674
43 38 674
38 54 339
54 38 339
38 55 873
55 38 873
38 46 905
46 38 905
38 58 414
58 38 414
38 50 911
50 38 911
38 38 383
38 38 383
38 38 371
38 38 371
39 39 468
39 39 468
39 53 613
53 39 613
39 53 727
53 39 727
39 57 632
57 39 632
39 43 422
43 39 422
39 58 232
58 39 232
40 57 378
57 40 378
40 58 619
58 40 619
40 46 737
46 40 737
40 43 456
43 40 456
41 51 516
51 41 516
41 45 463
45 41 463
41 59 878
59 41 878
41 51 829
51 41 829
41 51 78
51 41 78
41 52 474
52 41 474
42 50 260
50 42 260
42 53 880
53 42 880
42 50 562
50 42 562
42 49 947
49 42 947
43 51 376
51 43 376
43 57 896
57 43 896
44 54 368
54 44 368
44 54 768
54 44 768
44 46 639
46 44 639
44 51 1000
51 44 1000
44 51 402
51 44 402
45 57 487
57 45 487
45 47 819
47 45 819
45 50 538
50 45 538
46 59 171
59 46 171
46 55 16
55 46 16
47 48 50
48 47 50
47 48 95
48 47 95
48 50 624
50 48 624
48 58 221
58 48 221
48 53 811
53 48 811
49 58 509
58 49 509
49 53 619
53 49 619
49 59 506
59 49 506
49 51 935
51 49 935
50 51 633
51 50 633
50 58 425
58 50 425
50 50 790
50 50 790
50 51 195
51 50 195
51 52 635
52 51 635
51 54 666
54 51 666
51 52 411
52 51 411
52 54 592
54 52 592
52 57 933
57 52 933
53 54 109
54 53 109
53 58 868
58 53 868
54 56 731
56 54 731
55 57 537
57 55 537
56 59 773
59 56 773
57 58 529
58 57 529
57 59 109
59 57 109
58 59 139
59 58 139
