81

0 1 156
1 0 156
0 3 113
3 0 113
0 36 32
36 0 32
0 10 334
10 0 334
0 73 354
73 0 354
0 77 965
77 0 965
0 65 670
65 0 670
0 19 773
19 0 773
0 10 627
10 0 627
0 69 360
69 0 360
0 67 457
67 0 457
0 42 44
42 0 44
0 30 700
30 0 700
0 59 357
59 0 357
0 76 384
76 0 384
0 39 974
39 0 974
0 70 229
70 0 229
0 5 321
5 0 321
1 2 238
2 1 238
1 18 263
18 1 263
1 15 185
15 1 185
1 8 222
8 1 222
1 13 754
13 1 754
1 13 34
13 1 34
1 51 403
51 1 403
1 14 450
14 1 450
1 31 706
31 1 706
1 70 156
70 1 156
1 9 12
9 1 12
1 53 110
53 1 110
1 80 414
80 1 414
1 67 569
67 1 569
1 45 596
45 1 596
1 46 842
46 1 842
1 7 844
7 1 844
1 10 677
10 1 677
1 67 979
67 1 979
1 10 887
10 1 887
1 36 658
36 1 658
1 11 825
11 1 825
2 5 138
5 2 138
2 15 520
15 2 520
2 19 99
19 2 99
2 29 272
29 2 272
2 40 659
40 2 659
2 43 532
43 2 532
2 65 418
65 2 418
2 16 764
16 2 764
2 25 768
25 2 768
2 30 438
30 2 438
2 27 168
27 2 168
2 24 689
24 2 689
2 3 596
3 2 596
2 33 926
33 2 926
2 27 263
27 2 263
2 79 507
79 2 507
2 21 735
21 2 735
2 79 730
79 2 730
2 9 21
9 2 21
2 2 39
2 2 39
2 37 272
37 2 272
2 7 335
7 2 335
2 27 179
27 2 179
2 36 473
36 2 473
2 8 671
8 2 671
2 59 926
59 2 926
3 4 402
4 3 402
3 6 194
6 3 194
3 7 425
7 3 425
3 11 50
11 3 50
3 13 477
13 3 477
3 54 88
54 3 88
3 36 583
36 3 583
3 59 681
59 3 681
3 44 177
44 3 177
3 38 391
38 3 391
3 16 863
16 3 863
3 42 972
42 3 972
3 4 40
4 3 40
3 10 599
10 3 599
3 10 979
10 3 979
3 24 513
24 3 513
3 79 108
79 3 108
3 38 75
38 3 75
4 17 321
17 4 321
4 30 440
30 4 440
4 35 463
35 4 463
4 30 702
30 4 702
4 31 651
31 4 651
4 44 996
44 4 996
4 19 201
19 4 201
4 16 462
16 4 462
4 61 255
61 4 255
4 69 501
69 4 501
4 11 636
11 4 636
4 11 42
11 4 42
4 77 408
77 4 408
4 9 408
9 4 408
4 54 272
54 4 272
4 54 43
54 4 43
4 36 852
36 4 852
4 7 656
7 4 656
4 46 541
46 4 541
4 14 368
14 4 368
4 23 82
23 4 82
4 66 587
66 4 587
4 31 264
31 4 264
4 16 299
16 4 299
4 27 728
27 4 728
4 79 41
79 4 41
4 35 647
35 4 647
4 48 769
48 4 769
4 78 500
78 4 500
4 72 867
72 4 867
4 58 372
58 4 372
4 7 122
7 4 122
4 28 898
28 4 898
4 17 467
17 4 467
5 9 386
9 5 386
5 14 85
14 5 85
5 76 620
76 5 620
5 70 643
70 5 643
5 46 650
46 5 650
5 58 382
58 5 382
5 34 965
34 5 965
5 22 964
22 5 964
5 66 879
66 5 879
5 6 985
6 5 985
5 10 779
10 5 779
5 49 813
49 5 813
5 53 264
53 5 264
5 18 805
18 5 805
5 77 610
77 5 610
5 8 975
8 5 975
5 48 534
48 5 534
5 12 66
12 5 66
5 68 317
68 5 317
5 16 12
16 5 12
5 75 578
75 5 578
5 64 224
64 5 224
5 38 242
38 5 242
5 42 807
42 5 807
5 39 814
39 5 814
5 11 3
11 5 3
5 37 52
37 5 52
6 74 478
74 6 478
6 29 604
29 6 604
6 7 8
7 6 8
6 29 580
29 6 580
6 14 653
14 6 653
6 24 561
24 6 561
6 75 427
75 6 427
6 76 364
76 6 364
6 48 163
48 6 163
6 76 195
76 6 195
6 53 254
53 6 254
6 59 648
59 6 648
6 58 624
58 6 624
6 75 246
75 6 246
6 41 343
41 6 343
6 19 478
19 6 478
6 76 561
76 6 561
6 7 359
7 6 359
7 8 598
8 7 598
7 12 301
12 7 301
7 44 869
44 7 869
7 55 632
55 7 632
7 55 493
55 7 493
7 12 799
12 7 799
7 22 892
22 7 892
7 17 791
17 7 791
7 42 706
42 7 706
7 38 474
38 7 474
7 68 593
68 7 593
7 72 487
72 7 487
7 76 52
76 7 52
7 13 433
13 7 433
7 61 225
61 7 225
7 21 882
21 7 882
8 70 565
70 8 565
8 43 754
43 8 754
8 29 729
29 8 729
8 13 502
13 8 502
8 73 543
73 8 543
8 42 243
42 8 243
8 22 779
22 8 779
8 15 216
15 8 216
8 19 263
19 8 263
8 68 817
68 8 817
8 78 611
78 8 611
8 9 112
9 8 112
8 58 199
58 8 199
9 10 521
10 9 521
9 41 917
41 9 917
9 54 995
54 9 995
9 47 983
47 9 983
9 48 735
48 9 735
9 70 62
70 9 62
9 13 997
13 9 997
9 31 659
31 9 659
9 17 623
17 9 623
9 32 153
32 9 153
9 33 154
33 9 154
9 20 635
20 9 635
9 18 362
18 9 362
9 62 869
62 9 869
9 17 515
17 9 515
9 61 64
61 9 64
9 57 908
57 9 908
9 68 842
68 9 842
10 54 685
54 10 685
10 24 132
24 10 132
10 32 376
32 10 376
10 20 995
20 10 995
10 53 149
53 10 149
10 36 791
36 10 791
10 71 448
71 10 448
10 67 995
67 10 995
10 47 870
47 10 870
10 60 973
60 10 973
10 12 677
12 10 677
10 70 7
70 10 7
10 49 876
49 10 876
10 32 258
32 10 258
10 78 91
78 10 91
10 45 950
45 10 950
11 23 721
23 11 721
11 49 130
49 11 130
11 64 939
64 11 939
11 78 462
78 11 462
11 32 481
32 11 481
11 31 951
31 11 951
11 12 740
12 11 740
11 45 192
45 11 192
11 62 286
62 11 286
11 78 706
78 11 706
11 58 384
58 11 384
11 29 670
29 11 670
11 74 750
74 11 750
11 56 169
56 11 169
11 46 442
46 11 442
11 17 502
17 11 502
11 76 587
76 11 587
11 30 742
30 11 742
11 32 825
32 11 825
11 72 48
72 11 48
11 52 662
52 11 662
12 20 954
20 12 954
12 25 712
25 12 712
12 33 57
33 12 57
12 34 3
34 12 3
12 38 804
38 12 804
12 56 45
56 12 45
12 34 63
34 12 63
12 70 878
70 12 878
12 71 665
71 12 665
12 80 161
80 12 161
12 56 510
56 12 510
12 37 551
37 12 551
12 30 333
30 12 333
12 24 202
24 12 202
12 26 88
26 12 88
12 53 189
53 12 189
12 42 517
42 12 517
12 80 690
80 12 690
12 12 306
12 12 306
12 63 612
63 12 612
12 62 268
62 12 268
12 72 237
72 12 237
12 62 508
62 12 508
12 33 324
33 12 324
12 56 313
56 12 313
12 25 608
25 12 608
12 35 460
35 12 460
12 47 427
47 12 427
12 29 147
29 12 147
12 37 202
37 12 202
13 75 310
75 13 310
13 49 464
49 13 464
13 16 596
16 13 596
13 69 57
69 13 57
13 42 852
42 13 852
13 76 86
76 13 86
13 43 74
43 13 74
13 45 833
45 13 833
13 77 306
77 13 306
13 51 299
51 13 299
13 26 828
26 13 828
13 37 82
37 13 82
13 25 714
25 13 714
13 42 154
42 13 154
13 44 46
44 13 46
13 56 32
56 13 32
13 20 765
20 13 765
13 44 614
44 13 614
14 16 653
16 14 653
14 21 721
21 14 721
14 32 409
32 14 409
14 55 856
55 14 856
14 21 485
21 14 485
14 59 924
59 14 924
14 72 504
72 14 504
14 52 333
52 14 333
14 51 625
51 14 625
14 52 319
52 14 319
14 30 565
30 14 565
14 29 592
29 14 592
14 42 495
42 14 495
14 41 52
41 14 52
14 20 664
20 14 664
14 33 871
33 14 871
14 71 651
71 14 651
14 32 800
32 14 800
14 76 525
76 14 525
14 57 486
57 14 486
14 55 844
55 14 844
14 17 706
17 14 706
15 32 109
32 15 109
15 49 208
49 15 208
15 74 762
74 15 762
15 47 799
47 15 799
15 48 44
48 15 44
15 71 860
71 15 860
15 74 84
74 15 84
15 51 381
51 15 381
15 24 459
24 15 459
15 16 359
16 15 359
15 20 197
20 15 197
15 36 210
36 15 210
15 36 752
36 15 752
15 57 919
57 15 919
16 71 692
71 16 692
16 69 691
69 16 691
16 40 841
40 16 841
16 20 143
20 16 143
16 37 764
37 16 764
16 52 189
52 16 189
16 66 587
66 16 587
16 18 967
18 16 967
16 48 480
48 16 480
16 65 722
65 16 722
16 42 440
42 16 440
16 75 180
75 16 180
16 67 120
67 16 120
16 17 955
17 16 955
16 62 855
62 16 855
16 69 106
69 16 106
16 54 390
54 16 390
16 73 190
73 16 190
16 60 588
60 16 588
16 56 50
56 16 50
16 22 132
22 16 132
17 24 408
24 17 408
17 36 612
36 17 612
17 39 768
39 17 768
17 63 822
63 17 822
17 47 849
47 17 849
17 53 737
53 17 737
17 79 156
79 17 156
17 72 651
72 17 651
17 27 972
27 17 972
17 24 663
24 17 663
17 40 162
40 17 162
17 31 751
31 17 751
17 28 976
28 17 976
17 30 885
30 17 885
17 48 803
48 17 803
17 32 149
32 17 149
17 66 319
66 17 319
18 28 568
28 18 568
18 53 642
53 18 642
18 52 311
52 18 311
18 38 468
38 18 468
18 56 401
56 18 401
18 42 925
42 18 925
18 50 80
50 18 80
18 24 709
24 18 709
18 60 962
60 18 962
18 40 252
40 18 252
18 24 458
24 18 458
18 47 702
47 18 702
18 79 801
79 18 801
19 45 74
45 19 74
19 60 623
60 19 623
19 30 896
30 19 896
19 47 383
47 19 383
19 69 192
69 19 192
19 30 170
30 19 170
19 30 609
30 19 609
19 47 895
47 19 895
19 43 108
43 19 108
19 79 138
79 19 138
19 58 153
58 19 153
19 42 705
42 19 705
19 80 721
80 19 721
19 32 546
32 19 546
19 50 148
50 19 148
20 22 14
22 20 14
20 27 853
27 20 853
20 51 910
51 20 910
20 58 532
58 20 532
20 24 397
24 20 397
20 75 131
75 20 131
20 30 513
30 20 513
20 33 872
33 20 872
20 65 436
65 20 436
20 53 139
53 20 139
20 46 885
46 20 885
20 48 912
48 20 912
20 31 293
31 20 293
20 40 4
40 20 4
20 45 769
45 20 769
20 43 350
43 20 350
20 77 845
77 20 845
20 31 185
31 20 185
21 53 630
53 21 630
21 42 690
42 21 690
21 47 327
47 21 327
21 80 895
80 21 895
21 73 561
73 21 561
21 75 581
75 21 581
21 48 583
48 21 583
21 70 830
70 21 830
21 80 729
80 21 729
21 50 417
50 21 417
21 52 432
52 21 432
22 63 564
63 22 564
22 64 708
64 22 708
22 25 295
25 22 295
22 49 386
49 22 386
22 38 634
38 22 634
22 80 843
80 22 843
22 35 978
35 22 978
22 27 150
27 22 150
22 38 674
38 22 674
22 36 799
36 22 799
22 77 996
77 22 996
23 41 11
41 23 11
23 67 833
67 23 833
23 51 610
51 23 610
23 26 189
26 23 189
23 42 304
42 23 304
23 60 135
60 23 135
23 55 726
55 23 726
23 52 239
52 23 239
23 34 281
34 23 281
23 77 538
77 23 538
23 26 694
26 23 694
23 77 512
77 23 512
23 39 598
39 23 598
23 27 605
27 23 605
23 51 966
51 23 966
23 46 596
46 23 596
24 26 920
26 24 920
24 43 276
43 24 276
24 46 346
46 24 346
24 77 296
77 24 296
24 49 459
49 24 459
24 80 700
80 24 700
24 41 65
41 24 65
24 39 896
39 24 896
24 71 947
71 24 947
24 45 697
45 24 697
24 78 206
78 24 206
24 25 402
25 24 402
24 52 126
52 24 126
24 64 694
64 24 694
24 27 292
27 24 292
25 48 705
48 25 705
25 50 312
50 25 312
25 64 394
64 25 394
25 76 710
76 25 710
25 31 746
31 25 746
25 45 715
45 25 715
25 65 75
65 25 75
25 56 836
56 25 836
25 39 602
39 25 602
25 69 774
69 25 774
25 62 590
62 25 590
25 35 286
35 25 286
25 28 259
28 25 259
25 79 490
79 25 490
25 76 522
76 25 522
25 27 883
27 25 883
26 75 265
75 26 265
26 75 158
75 26 158
26 31 21
31 26 21
26 45 453
45 26 453
26 38 408
38 26 408
26 61 69
61 26 69
26 31 863
31 26 863
26 75 707
75 26 707
26 56 579
56 26 579
26 30 411
30 26 411
26 39 523
39 26 523
26 41 851
41 26 851
26 36 778
36 26 778
26 66 751
66 26 751
26 69 911
69 26 911
26 74 867
74 26 867
26 71 742
71 26 742
27 70 582
70 27 582
27 41 45
41 27 45
27 41 398
41 27 398
27 58 415
58 27 415
27 75 947
75 27 947
27 35 892
35 27 892
27 28 514
28 27 514
27 70 520
70 27 520
27 79 471
79 27 471
27 70 678
70 27 678
28 31 320
31 28 320
28 61 840
61 28 840
28 63 724
63 28 724
28 41 468
41 28 468
28 66 814
66 28 814
28 53 695
53 28 695
28 77 28
77 28 28
28 54 700
54 28 700
28 52 492
52 28 492
28 34 829
34 28 829
28 44 927
44 28 927
29 40 687
40 29 687
29 74 273
74 29 273
29 68 370
68 29 370
29 59 293
59 29 293
29 40 751
40 29 751
29 58 342
58 29 342
29 33 890
33 29 890
29 65 790
65 29 790
29 61 869
61 29 869
29 36 634
36 29 634
29 39 603
39 29 603
29 63 177
63 29 177
29 44 901
44 29 901
29 79 314
79 29 314
30 66 224
66 30 224
30 43 681
43 30 681
30 73 686
73 30 686
30 52 403
52 30 403
30 76 370
76 30 370
30 36 667
36 30 667
30 71 207
71 30 207
30 80 262
80 30 262
30 64 159
64 30 159
30 55 962
55 30 962
30 40 254
40 30 254
30 53 366
53 30 366
30 30 370
30 30 370
30 55 102
55 30 102
30 57 216
57 30 216
31 37 306
37 31 306
31 51 695
51 31 695
31 54 324
54 31 324
31 60 795
60 31 795
31 47 111
47 31 111
31 34 764
34 31 764
31 34 680
34 31 680
31 57 162
57 31 162
31 70 739
70 31 739
31 66 674
66 31 674
31 80 151
80 31 151
31 41 956
41 31 956
31 71 812
71 31 812
31 36 831
36 31 831
31 38 849
38 31 849
31 35 403
35 31 403
32 42 362
42 32 362
32 64 228
64 32 228
32 43 624
43 32 624
32 66 537
66 32 537
32 72 8
72 32 8
32 73 238
73 32 238
32 44 469
44 32 469
32 59 147
59 32 147
32 44 792
44 32 792
32 62 43
62 32 43
33 47 612
47 33 612
33 63 116
63 33 116
33 36 424
36 33 424
33 48 803
48 33 803
33 61 726
61 33 726
33 38 336
38 33 336
33 74 333
74 33 333
33 79 464
79 33 464
33 34 242
34 33 242
33 53 942
53 33 942
33 77 416
77 33 416
33 67 114
67 33 114
33 61 262
61 33 262
33 47 358
47 33 358
34 60 199
60 34 199
34 79 525
79 34 525
34 39 524
39 34 524
34 61 935
61 34 935
34 62 738
62 34 738
34 48 258
48 34 258
34 36 110
36 34 110
34 67 807
67 34 807
34 63 534
63 34 534
34 41 447
41 34 447
34 59 299
59 34 299
34 64 179
64 34 179
34 78 979
78 34 979
34 41 345
41 34 345
34 42 774
42 34 774
34 69 36
69 34 36
34 67 171
67 34 171
34 45 798
45 34 798
34 51 732
51 34 732
34 61 601
61 34 601
34 53 542
53 34 542
35 62 237
62 35 237
35 50 939
50 35 939
35 76 381
76 35 381
35 55 419
55 35 419
35 55 150
55 35 150
35 38 381
38 35 381
35 55 244
55 35 244
35 36 731
36 35 731
35 51 768
51 35 768
35 64 920
64 35 920
36 69 741
69 36 741
36 78 689
78 36 689
36 56 735
56 36 735
36 48 934
48 36 934
36 50 233
50 36 233
36 61 712
61 36 712
36 71 115
71 36 115
36 64 896
64 36 896
36 54 919
54 36 919
37 57 451
57 37 451
37 77 933
77 37 933
37 47 369
47 37 369
37 76 541
76 37 541
37 51 912
51 37 912
37 78 536
78 37 536
37 55 230
55 37 230
37 55 650
55 37 650
37 58 894
58 37 894
37 74 744
74 37 744
37 75 761
75 37 761
37 80 389
80 37 389
37 52 141
52 37 141
37 65 956
65 37 956
37 43 731
43 37 731
38 65 476
65 38 476
38 44 267
44 38 267
38 54 366
54 38 366
38 55 289
55 38 289
38 68 971
68 38 971
38 78 455
78 38 455
38 67 470
67 38 470
38 52 430
52 38 430
38 77 111
77 38 111
38 75 915
75 38 915
38 77 273
77 38 273
38 79 651
79 38 651
38 59 991
59 38 991
38 60 404
60 38 404
38 44 933
44 38 933
38 66 355
66 38 355
39 47 368
47 39 368
39 67 798
67 39 798
39 68 559
68 39 559
39 44 43
44 39 43
39 57 271
57 39 271
39 51 582
51 39 582
39 67 116
67 39 116
40 52 705
52 40 705
40 68 849
68 40 849
40 41 736
41 40 736
40 63 446
63 40 446
40 73 808
73 40 808
40 42 921
42 40 921
40 40 38
40 40 38
40 58 806
58 40 806
40 68 899
68 40 899
40 73 834
73 40 834
40 49 302
49 40 302
40 41 259
41 40 259
40 47 522
47 40 522
40 58 406
58 40 406
41 73 588
73 41 588
41 41 312
41 41 312
41 61 239
61 41 239
41 45 981
45 41 981
41 78 974
78 41 974
41 68 690
68 41 690
41 72 826
72 41 826
41 68 45
68 41 45
41 74 140
74 41 140
41 73 709
73 41 709
41 41 15
41 41 15
41 72 530
72 41 530
41 76 189
76 41 189
41 61 160
61 41 160
41 43 787
43 41 787
41 43 805
43 41 805
41 58 870
58 41 870
42 77 223
77 42 223
42 56 755
56 42 755
42 66 924
66 42 924
42 78 21
78 42 21
42 45 941
45 42 941
42 65 85
65 42 85
42 80 778
80 42 778
43 59 267
59 43 267
43 68 234
68 43 234
43 60 675
60 43 675
43 75 474
75 43 474
43 76 494
76 43 494
43 70 39
70 43 39
43 71 279
71 43 279
43 52 310
52 43 310
43 51 318
51 43 318
43 72 629
72 43 629
43 55 96
55 43 96
43 80 750
80 43 750
43 67 210
67 43 210
43 55 395
55 43 395
44 45 884
45 44 884
44 74 214
74 44 214
44 65 239
65 44 239
44 45 247
45 44 247
44 66 875
66 44 875
44 55 975
55 44 975
44 80 770
80 44 770
45 78 934
78 45 934
45 64 126
64 45 126
45 48 225
48 45 225
45 80 927
80 45 927
45 63 568
63 45 568
45 76 415
76 45 415
45 50 986
50 45 986
45 74 955
74 45 955
46 80 787
80 46 787
46 47 263
47 46 263
46 80 235
80 46 235
46 74 319
74 46 319
46 58 967
58 46 967
46 53 274
53 46 274
47 53 661
53 47 661
47 70 723
70 47 723
47 51 96
51 47 96
47 70 311
70 47 311
47 68 384
68 47 384
47 54 168
54 47 168
47 50 756
50 47 756
48 70 818
70 48 818
48 70 350
70 48 350
48 55 241
55 48 241
48 49 18
49 48 18
48 70 203
70 48 203
48 66 105
66 48 105
49 61 157
61 49 157
49 75 884
75 49 884
49 80 893
80 49 893
49 59 333
59 49 333
49 67 634
67 49 634
49 71 111
71 49 111
49 71 325
71 49 325
50 53 695
53 50 695
50 71 702
71 50 702
50 77 637
77 50 637
50 62 609
62 50 609
50 75 888
75 50 888
50 51 131
51 50 131
50 62 707
62 50 707
50 62 428
62 50 428
51 80 734
80 51 734
51 67 609
67 51 609
51 70 664
70 51 664
51 65 839
65 51 839
51 77 604
77 51 604
51 69 505
69 51 505
51 75 698
75 51 698
51 56 940
56 51 940
52 63 458
63 52 458
52 77 963
77 52 963
52 77 514
77 52 514
52 72 593
72 52 593
52 63 242
63 52 242
52 70 69
70 52 69
53 58 814
58 53 814
53 57 417
57 53 417
53 58 224
58 53 224
54 59 62
59 54 62
54 60 874
60 54 874
54 64 251
64 54 251
54 76 848
76 54 848
54 80 952
80 54 952
54 72 247
72 54 247
54 68 996
68 54 996
54 74 853
74 54 853
54 77 838
77 54 838
54 60 655
60 54 655
54 62 512
62 54 512
55 59 967
59 55 967
55 57 305
57 55 305
55 66 245
66 55 245
55 63 355
63 55 355
56 58 686
58 56 686
56 57 190
57 56 190
56 64 764
64 56 764
56 68 781
68 56 781
56 57 427
57 56 427
57 79 507
79 57 507
57 61 635
61 57 635
57 62 321
62 57 321
57 61 860
61 57 860
58 71 541
71 58 541
58 60 216
60 58 216
58 66 127
66 58 127
58 65 394
65 58 394
58 72 951
72 58 951
58 71 485
71 58 485
59 78 958
78 59 958
59 75 256
75 59 256
60 72 475
72 60 475
60 74 264
74 60 264
60 78 751
78 60 751
60 67 766
67 60 766
60 69 795
69 60 795
60 62 424
62 60 424
60 62 505
62 60 505
60 76 162
76 60 162
60 70 547
70 60 547
60 67 106
67 60 106
61 72 1
72 61 1
61 79 144
79 61 144
61 75 420
75 61 420
61 80 149
80 61 149
62 73 517
73 62 517
62 75 612
75 62 612
62 65 244
65 62 244
63 73 179
73 63 179
63 80 583
80 63 583
63 70 903
70 63 903
63 67 267
67 63 267
63 78 639
78 63 639
63 67 2
67 63 2
63 67 280
67 63 280
64 71 151
71 64 151
64 68 781
68 64 781
64 74 566
74 64 566
64 71 110
71 64 110
65 68 348
68 65 348
65 72 317
72 65 317
65 70 482
70 65 482
66 68 270
68 66 270
67 72 339
72 67 339
67 72 909
72 67 909
67 72 16
72 67 16
67 74 509
74 67 509
68 77 829
77 68 829
68 80 398
80 68 398
68 73 387
73 68 387
69 71 242
71 69 242
69 70 861
70 69 861
70 71 634
71 70 634
71 80 2
80 71 2
71 72 77
72 71 77
72 74 197
74 72 197
72 75 377
75 72 377
74 76 199
76 74 199
75 79 193
79 75 193
76 77 454
77 76 454
76 79 488
79 76 488
