33

0 1 217
1 0 217
0 2 230
2 0 230
0 26 712
26 0 712
0 20 760
20 0 760
0 14 464
14 0 464
0 26 188
26 0 188
0 10 666
10 0 666
0 1 772
1 0 772
0 17 218
17 0 218
0 26 305
26 0 305
0 1 62
1 0 62
0 2 145
2 0 145
0 21 846
21 0 846
0 23 875
23 0 875
0 14 320
14 0 320
1 3 830
3 1 830
1 6 465
6 1 465
1 22 811
22 1 811
1 23 137
23 1 137
1 29 225
29 1 225
1 10 159
10 1 159
1 28 321
28 1 321
1 21 211
21 1 211
1 9 381
9 1 381
1 9 858
9 1 858
1 5 473
5 1 473
1 26 228
26 1 228
1 9 14
9 1 14
1 8 934
8 1 934
1 23 126
23 1 126
1 3 662
3 1 662
2 5 819
5 2 819
2 29 220
29 2 220
2 15 553
15 2 553
2 4 503
4 2 503
2 15 369
15 2 369
2 32 16
32 2 16
2 4 869
4 2 869
2 31 746
31 2 746
2 5 737
5 2 737
2 29 690
29 2 690
2 28 245
28 2 245
2 6 344
6 2 344
2 22 846
22 2 846
3 4 84
4 3 84
3 16 914
16 3 914
3 28 167
28 3 167
3 32 383
32 3 383
3 32 546
32 3 546
3 24 89
24 3 89
3 29 118
29 3 118
3 30 194
30 3 194
3 11 185
11 3 185
3 16 11
16 3 11
3 29 814
29 3 814
3 30 378
30 3 378
3 22 330
22 3 330
3 10 837
10 3 837
3 20 944
20 3 944
3 15 239
15 3 239
3 11 413
11 3 413
3 20 96
20 3 96
3 3 31
3 3 31
4 20 942
20 4 942
4 30 131
30 4 131
4 28 531
28 4 531
4 26 950
26 4 950
4 5 515
5 4 515
4 16 84
16 4 84
4 20 568
20 4 568
4 23 549
23 4 549
4 21 644
21 4 644
4 20 751
20 4 751
4 9 610
9 4 610
4 9 975
9 4 975
4 26 510
26 4 510
5 12 819
12 5 819
5 21 229
21 5 229
5 31 85
31 5 85
5 23 615
23 5 615
5 14 458
14 5 458
5 6 163
6 5 163
5 19 914
19 5 914
5 7 492
7 5 492
5 28 527
28 5 527
5 21 107
21 5 107
5 13 451
13 5 451
5 20 734
20 5 734
5 23 828
23 5 828
6 7 164
7 6 164
6 19 698
19 6 698
6 20 572
20 6 572
6 21 169
21 6 169
6 28 7
28 6 7
6 10 933
10 6 933
6 28 472
28 6 472
7 8 753
8 7 753
7 9 500
9 7 500
7 11 464
11 7 464
7 15 516
15 7 516
7 19 98
19 7 98
7 26 306
26 7 306
7 31 993
31 7 993
7 8 202
8 7 202
7 8 418
8 7 418
7 22 965
22 7 965
8 13 346
13 8 346
8 18 798
18 8 798
8 27 100
27 8 100
8 25 291
25 8 291
8 13 259
13 8 259
8 13 563
13 8 563
8 24 345
24 8 345
9 10 827
10 9 827
9 27 703
27 9 703
9 17 371
17 9 371
9 15 694
15 9 694
9 27 158
27 9 158
9 14 628
14 9 628
9 30 135
30 9 135
9 19 898
19 9 898
10 18 828
18 10 828
10 25 573
25 10 573
10 25 757
25 10 757
10 26 589
26 10 589
10 22 615
22 10 615
10 19 859
19 10 859
10 25 853
25 10 853
10 24 161
24 10 161
10 31 71
31 10 71
10 17 345
17 10 345
10 25 941
25 10 941
10 17 622
17 10 622
11 12 71
12 11 71
11 27 660
27 11 660
11 17 33
17 11 33
11 19 34
19 11 34
12 17 411
17 12 411
12 24 737
24 12 737
12 24 647
24 12 647
12 27 627
27 12 627
12 27 673
27 12 673
12 14 842
14 12 842
12 23 580
23 12 580
12 14 736
14 12 736
12 29 186
29 12 186
12 31 28
31 12 28
12 14 922
14 12 922
12 24 492
24 12 492
13 14 17
14 13 17
13 14 37
14 13 37
13 19 687
19 13 687
13 24 976
24 13 976
13 26 776
26 13 776
13 22 215
22 13 215
13 22 710
22 13 710
13 21 86
21 13 86
13 22 679
22 13 679
13 26 403
26 13 403
13 14 115
14 13 115
14 15 305
15 14 305
14 15 716
15 14 716
14 20 428
20 14 428
14 31 821
31 14 821
14 14 761
14 14 761
14 23 29
23 14 29
14 28 212
28 14 212
14 24 375
24 14 375
14 15 223
15 14 223
15 24 773
24 15 773
15 23 793
23 15 793
15 26 112
26 15 112
15 20 834
20 15 834
15 26 3
26 15 3
15 27 804
27 15 804
15 25 123
25 15 123
15 32 34
32 15 34
15 25 432
25 15 432
16 27 918
27 16 918
16 17 818
17 16 818
16 31 406
31 16 406
16 29 937
29 16 937
16 23 850
23 16 850
16 27 853
27 16 853
16 27 909
27 16 909
16 31 360
31 16 360
16 21 453
21 16 453
16 23 747
23 16 747
17 17 368
17 17 368
17 30 794
30 17 794
17 24 398
24 17 398
17 29 831
29 17 831
17 19 867
19 17 867
18 25 629
25 18 629
18 30 442
30 18 442
18 29 582
29 18 582
18 22 99
22 18 99
19 22 778
22 19 778
19 23 69
23 19 69
19 27 45
27 19 45
19 28 354
28 19 354
20 26 91
26 20 91
20 22 329
22 20 329
20 24 888
24 20 888
21 31 992
31 21 992
21 23 631
23 21 631
21 32 602
32 21 602
21 28 156
28 21 156
22 32 231
32 22 231
22 29 311
29 22 311
22 30 793
30 22 793
22 32 892
32 22 892
22 31 432
31 22 432
23 30 3
30 23 3
23 24 442
24 23 442
23 32 14
32 23 14
23 27 361
27 23 361
23 24 1000
24 23 1000
23 28 584
28 23 584
23 26 160
26 23 160
24 26 126
26 24 126
24 29 18
29 24 18
24 28 795
28 24 795
25 31 789
31 25 789
25 29 240
29 25 240
26 29 120
29 26 120
26 27 498
27 26 498
26 30 130
30 26 130
26 28 241
28 26 241
27 28 960
28 27 960
27 30 172
30 27 172
28 32 714
32 28 714
28 32 961
32 28 961
28 29 620
29 28 620
28 32 548
32 28 548
28 29 939
29 28 939
29 32 30
32 29 30
30 32 557
32 30 557
