98

0 1 559
1 0 559
0 4 473
4 0 473
0 8 37
8 0 37
0 11 181
11 0 181
0 91 317
91 0 317
0 54 408
54 0 408
0 40 992
40 0 992
0 10 39
10 0 39
0 55 719
55 0 719
0 64 359
64 0 359
0 51 874
51 0 874
0 84 845
84 0 845
0 90 594
90 0 594
0 9 96
9 0 96
0 4 276
4 0 276
0 55 874
55 0 874
0 90 224
90 0 224
0 68 869
68 0 869
1 2 872
2 1 872
1 6 412
6 1 412
1 7 202
7 1 202
1 56 188
56 1 188
1 72 273
72 1 273
1 96 979
96 1 979
1 44 505
44 1 505
1 81 475
81 1 475
1 76 112
76 1 112
1 60 772
60 1 772
1 73 637
73 1 637
1 20 346
20 1 346
1 37 476
37 1 476
1 26 449
26 1 449
1 3 810
3 1 810
1 59 504
59 1 504
1 4 673
4 1 673
1 95 446
95 1 446
1 78 957
78 1 957
1 35 64
35 1 64
1 2 467
2 1 467
1 42 106
42 1 106
1 68 508
68 1 508
1 41 50
41 1 50
2 3 634
3 2 634
2 25 642
25 2 642
2 34 621
34 2 621
2 3 95
3 2 95
2 65 895
65 2 895
2 66 981
66 2 981
2 75 723
75 2 723
2 59 251
59 2 251
2 93 190
93 2 190
2 75 45
75 2 45
2 24 61
24 2 61
2 40 151
40 2 151
2 74 942
74 2 942
2 65 138
65 2 138
2 94 132
94 2 132
2 40 358
40 2 358
2 52 704
52 2 704
2 2 91
2 2 91
2 17 954
17 2 954
2 35 458
35 2 458
2 57 517
57 2 517
3 5 408
5 3 408
3 63 399
63 3 399
3 94 104
94 3 104
3 25 57
25 3 57
3 11 211
11 3 211
3 37 1
37 3 1
3 92 762
92 3 762
3 23 492
23 3 492
3 36 432
36 3 432
3 66 943
66 3 943
3 80 813
80 3 813
3 69 917
69 3 917
3 72 767
72 3 767
3 45 198
45 3 198
3 24 449
24 3 449
3 94 495
94 3 495
3 58 452
58 3 452
3 47 208
47 3 208
3 64 558
64 3 558
3 29 763
29 3 763
3 49 531
49 3 531
3 64 753
64 3 753
4 37 120
37 4 120
4 49 13
49 4 13
4 88 370
88 4 370
4 9 100
9 4 100
4 77 213
77 4 213
4 48 941
48 4 941
4 50 109
50 4 109
4 5 168
5 4 168
4 86 207
86 4 207
4 51 442
51 4 442
4 10 673
10 4 673
4 89 802
89 4 802
4 39 813
39 4 813
4 55 636
55 4 636
4 71 188
71 4 188
4 82 677
82 4 677
4 82 778
82 4 778
4 49 293
49 4 293
4 32 526
32 4 526
4 28 141
28 4 141
4 55 404
55 4 404
5 13 729
13 5 729
5 40 879
40 5 879
5 49 166
49 5 166
5 16 994
16 5 994
5 6 304
6 5 304
5 6 191
6 5 191
5 84 612
84 5 612
5 33 115
33 5 115
5 37 327
37 5 327
5 71 124
71 5 124
5 75 605
75 5 605
5 64 175
64 5 175
5 66 369
66 5 369
5 89 245
89 5 245
5 68 567
68 5 567
5 19 765
19 5 765
5 49 706
49 5 706
5 77 760
77 5 760
5 52 538
52 5 538
6 14 276
14 6 276
6 22 905
22 6 905
6 30 206
30 6 206
6 31 506
31 6 506
6 35 263
35 6 263
6 19 992
19 6 992
6 16 303
16 6 303
6 21 707
21 6 707
6 87 630
87 6 630
6 75 434
75 6 434
6 36 653
36 6 653
6 30 192
30 6 192
6 28 415
28 6 415
6 33 275
33 6 275
6 70 901
70 6 901
6 36 578
36 6 578
6 35 937
35 6 937
6 91 454
91 6 454
6 50 740
50 6 740
6 56 489
56 6 489
6 90 503
90 6 503
6 10 477
10 6 477
7 9 491
9 7 491
7 43 321
43 7 321
7 65 532
65 7 532
7 68 938
68 7 938
7 96 949
96 7 949
7 53 275
53 7 275
7 73 453
73 7 453
7 21 854
21 7 854
7 25 924
25 7 924
7 75 72
75 7 72
7 53 211
53 7 211
7 75 721
75 7 721
7 75 453
75 7 453
7 45 237
45 7 237
7 9 914
9 7 914
7 97 522
97 7 522
7 63 868
63 7 868
7 49 936
49 7 936
7 13 570
13 7 570
8 10 106
10 8 106
8 85 339
85 8 339
8 12 102
12 8 102
8 63 985
63 8 985
8 18 607
18 8 607
8 57 906
57 8 906
8 36 449
36 8 449
8 47 18
47 8 18
8 47 605
47 8 605
8 10 998
10 8 998
8 13 552
13 8 552
8 13 995
13 8 995
8 80 788
80 8 788
8 12 657
12 8 657
8 52 639
52 8 639
8 66 125
66 8 125
8 60 560
60 8 560
9 16 914
16 9 914
9 79 243
79 9 243
9 53 611
53 9 611
9 93 558
93 9 558
9 72 145
72 9 145
9 94 943
94 9 943
9 39 416
39 9 416
9 79 884
79 9 884
9 76 386
76 9 386
9 97 635
97 9 635
9 97 675
97 9 675
9 45 646
45 9 646
9 71 499
71 9 499
9 57 339
57 9 339
9 70 298
70 9 298
9 39 956
39 9 956
10 12 143
12 10 143
10 77 552
77 10 552
10 81 763
81 10 763
10 56 100
56 10 100
10 55 47
55 10 47
10 53 315
53 10 315
10 20 138
20 10 138
10 33 661
33 10 661
10 57 5
57 10 5
10 88 601
88 10 601
10 84 160
84 10 160
10 74 545
74 10 545
10 45 458
45 10 458
10 26 504
26 10 504
10 17 235
17 10 235
10 91 824
91 10 824
10 29 178
29 10 178
10 40 299
40 10 299
10 54 578
54 10 578
10 12 654
12 10 654
10 36 584
36 10 584
10 42 169
42 10 169
10 36 98
36 10 98
11 17 979
17 11 979
11 41 211
41 11 211
11 49 281
49 11 281
11 22 255
22 11 255
11 19 838
19 11 838
11 85 991
85 11 991
11 90 889
90 11 889
11 21 780
21 11 780
11 58 649
58 11 649
11 59 366
59 11 366
11 46 910
46 11 910
11 13 192
13 11 192
11 58 121
58 11 121
12 23 272
23 12 272
12 28 973
28 12 973
12 47 950
47 12 950
12 64 161
64 12 161
12 58 161
58 12 161
12 81 422
81 12 422
12 36 559
36 12 559
12 34 720
34 12 720
12 60 853
60 12 853
12 67 377
67 12 377
12 73 345
73 12 345
12 60 162
60 12 162
12 37 297
37 12 297
12 97 449
97 12 449
13 15 810
15 13 810
13 68 157
68 13 157
13 91 744
91 13 744
13 84 745
84 13 745
13 88 523
88 13 523
13 60 361
60 13 361
13 19 262
19 13 262
13 87 948
87 13 948
13 58 652
58 13 652
13 90 402
90 13 402
13 40 690
40 13 690
13 36 171
36 13 171
13 55 16
55 13 16
13 51 140
51 13 140
13 27 835
27 13 835
13 57 871
57 13 871
13 52 368
52 13 368
13 52 93
52 13 93
14 24 429
24 14 429
14 69 267
69 14 267
14 26 772
26 14 772
14 17 222
17 14 222
14 69 63
69 14 63
14 44 986
44 14 986
14 50 561
50 14 561
14 91 789
91 14 789
14 46 836
46 14 836
14 18 141
18 14 141
14 90 645
90 14 645
14 20 531
20 14 531
14 39 606
39 14 606
14 27 453
27 14 453
14 67 651
67 14 651
14 97 847
97 14 847
15 18 214
18 15 214
15 20 356
20 15 356
15 82 717
82 15 717
15 49 650
49 15 650
15 67 430
67 15 430
15 95 652
95 15 652
15 35 973
35 15 973
15 80 894
80 15 894
15 25 977
25 15 977
15 74 976
74 15 976
15 53 851
53 15 851
15 27 606
27 15 606
15 70 372
70 15 372
16 51 479
51 16 479
16 75 628
75 16 628
16 51 376
51 16 376
16 84 85
84 16 85
16 81 203
81 16 203
16 73 375
73 16 375
16 61 605
61 16 605
16 67 83
67 16 83
16 62 176
62 16 176
16 49 356
49 16 356
16 67 817
67 16 817
16 82 178
82 16 178
16 33 248
33 16 248
16 61 619
61 16 619
17 19 121
19 17 121
17 62 591
62 17 591
17 65 451
65 17 451
17 92 778
92 17 778
17 28 1000
28 17 1000
17 95 522
95 17 522
17 89 187
89 17 187
17 97 178
97 17 178
17 81 437
81 17 437
17 35 500
35 17 500
17 34 407
34 17 407
17 86 772
86 17 772
17 57 295
57 17 295
17 45 335
45 17 335
18 21 742
21 18 742
18 53 328
53 18 328
18 62 850
62 18 850
18 87 785
87 18 785
18 89 851
89 18 851
18 43 104
43 18 104
18 88 491
88 18 491
18 20 986
20 18 986
18 72 783
72 18 783
18 86 360
86 18 360
18 94 726
94 18 726
18 20 568
20 18 568
18 39 982
39 18 982
18 59 863
59 18 863
19 33 118
33 19 118
19 58 525
58 19 525
19 90 419
90 19 419
19 58 119
58 19 119
19 23 202
23 19 202
19 81 143
81 19 143
19 81 850
81 19 850
19 96 697
96 19 697
19 36 488
36 19 488
19 45 677
45 19 677
19 52 969
52 19 969
19 97 803
97 19 803
19 54 654
54 19 654
19 28 322
28 19 322
19 70 122
70 19 122
19 85 39
85 19 39
19 55 931
55 19 931
19 63 215
63 19 215
19 52 436
52 19 436
19 62 630
62 19 630
19 59 839
59 19 839
19 42 773
42 19 773
19 88 340
88 19 340
20 42 701
42 20 701
20 45 66
45 20 66
20 35 901
35 20 901
20 94 340
94 20 340
20 54 729
54 20 729
20 29 671
29 20 671
20 81 385
81 20 385
20 26 607
26 20 607
20 52 90
52 20 90
20 30 404
30 20 404
20 52 347
52 20 347
20 79 453
79 20 453
20 55 68
55 20 68
20 81 818
81 20 818
20 51 162
51 20 162
21 26 678
26 21 678
21 44 549
44 21 549
21 71 927
71 21 927
21 29 676
29 21 676
21 57 861
57 21 861
21 22 224
22 21 224
21 95 852
95 21 852
21 40 914
40 21 914
21 78 50
78 21 50
21 30 623
30 21 623
21 58 75
58 21 75
21 90 218
90 21 218
21 40 500
40 21 500
21 96 840
96 21 840
22 38 669
38 22 669
22 44 362
44 22 362
22 87 233
87 22 233
22 74 779
74 22 779
22 84 647
84 22 647
22 36 997
36 22 997
22 35 72
35 22 72
23 72 813
72 23 813
23 57 393
57 23 393
23 92 393
92 23 393
23 23 870
23 23 870
24 27 172
27 24 172
24 39 333
39 24 333
24 68 654
68 24 654
24 61 110
61 24 110
24 38 68
38 24 68
24 61 428
61 24 428
24 80 248
80 24 248
24 75 265
75 24 265
24 31 831
31 24 831
24 33 189
33 24 189
24 54 814
54 24 814
24 46 920
46 24 920
24 63 540
63 24 540
24 25 375
25 24 375
24 67 419
67 24 419
24 86 584
86 24 584
24 29 897
29 24 897
25 29 287
29 25 287
25 36 172
36 25 172
25 54 881
54 25 881
25 88 297
88 25 297
25 67 166
67 25 166
25 63 384
63 25 384
25 41 493
41 25 493
25 82 881
82 25 881
25 92 269
92 25 269
25 43 208
43 25 208
25 25 588
25 25 588
25 73 535
73 25 535
25 54 769
54 25 769
26 51 661
51 26 661
26 69 848
69 26 848
26 33 691
33 26 691
26 97 833
97 26 833
26 62 15
62 26 15
26 60 96
60 26 96
26 94 560
94 26 560
27 52 134
52 27 134
27 62 586
62 27 586
27 50 631
50 27 631
27 65 121
65 27 121
27 66 993
66 27 993
27 53 79
53 27 79
27 45 255
45 27 255
27 89 907
89 27 907
27 38 761
38 27 761
27 73 896
73 27 896
27 76 921
76 27 921
27 59 697
59 27 697
27 74 514
74 27 514
28 44 102
44 28 102
28 97 838
97 28 838
28 95 680
95 28 680
28 79 579
79 28 579
28 44 815
44 28 815
28 30 844
30 28 844
28 36 317
36 28 317
28 74 769
74 28 769
28 84 602
84 28 602
28 40 309
40 28 309
28 55 863
55 28 863
28 65 51
65 28 51
29 51 301
51 29 301
29 57 473
57 29 473
29 32 305
32 29 305
29 34 333
34 29 333
29 37 997
37 29 997
29 81 379
81 29 379
29 65 25
65 29 25
29 94 7
94 29 7
29 90 129
90 29 129
29 74 354
74 29 354
29 53 612
53 29 612
29 57 780
57 29 780
29 93 201
93 29 201
29 42 166
42 29 166
30 32 328
32 30 328
30 46 458
46 30 458
30 64 250
64 30 250
30 89 800
89 30 800
30 37 813
37 30 813
30 95 637
95 30 637
30 34 968
34 30 968
30 89 501
89 30 501
30 59 360
59 30 360
30 73 490
73 30 490
30 54 981
54 30 981
30 47 124
47 30 124
30 49 446
49 30 446
30 73 613
73 30 613
30 89 404
89 30 404
31 48 287
48 31 287
31 61 833
61 31 833
31 44 160
44 31 160
31 48 483
48 31 483
31 35 516
35 31 516
31 55 964
55 31 964
31 62 774
62 31 774
31 43 561
43 31 561
31 73 872
73 31 872
31 73 192
73 31 192
31 41 551
41 31 551
32 60 960
60 32 960
32 55 549
55 32 549
32 71 877
71 32 877
32 70 80
70 32 80
32 51 526
51 32 526
32 54 272
54 32 272
32 42 363
42 32 363
32 77 364
77 32 364
32 84 275
84 32 275
32 73 974
73 32 974
32 45 220
45 32 220
32 47 262
47 32 262
32 92 354
92 32 354
33 41 45
41 33 45
33 56 386
56 33 386
33 89 354
89 33 354
33 51 530
51 33 530
33 85 192
85 33 192
33 81 544
81 33 544
33 44 373
44 33 373
33 50 389
50 33 389
33 92 230
92 33 230
33 40 496
40 33 496
33 38 525
38 33 525
33 59 204
59 33 204
34 48 838
48 34 838
34 74 125
74 34 125
34 96 199
96 34 199
34 72 159
72 34 159
34 67 705
67 34 705
34 48 429
48 34 429
34 44 624
44 34 624
34 67 311
67 34 311
34 86 372
86 34 372
34 76 200
76 34 200
35 70 980
70 35 980
35 71 971
71 35 971
35 89 447
89 35 447
35 66 370
66 35 370
35 85 451
85 35 451
35 42 540
42 35 540
35 63 216
63 35 216
35 93 998
93 35 998
36 55 98
55 36 98
36 74 445
74 36 445
36 58 905
58 36 905
36 48 342
48 36 342
36 89 910
89 36 910
36 77 291
77 36 291
36 49 771
49 36 771
37 50 427
50 37 427
37 93 390
93 37 390
37 89 528
89 37 528
37 81 343
81 37 343
37 70 924
70 37 924
37 76 713
76 37 713
37 87 744
87 37 744
37 74 863
74 37 863
37 74 376
74 37 376
37 70 88
70 37 88
37 54 155
54 37 155
37 66 75
66 37 75
37 79 466
79 37 466
38 76 446
76 38 446
38 83 531
83 38 531
38 59 412
59 38 412
38 63 537
63 38 537
38 96 908
96 38 908
38 63 831
63 38 831
38 80 975
80 38 975
38 38 153
38 38 153
38 76 293
76 38 293
38 68 88
68 38 88
38 91 230
91 38 230
38 55 16
55 38 16
38 48 653
48 38 653
38 73 999
73 38 999
38 72 999
72 38 999
38 57 292
57 38 292
39 75 740
75 39 740
39 94 975
94 39 975
39 71 46
71 39 46
39 50 100
50 39 100
39 66 532
66 39 532
39 78 597
78 39 597
39 84 532
84 39 532
39 82 515
82 39 515
39 92 718
92 39 718
39 77 428
77 39 428
40 69 629
69 40 629
40 74 978
74 40 978
40 75 859
75 40 859
40 51 874
51 40 874
40 77 921
77 40 921
40 41 910
41 40 910
40 77 760
77 40 760
40 76 194
76 40 194
40 96 593
96 40 593
41 75 368
75 41 368
41 89 525
89 41 525
41 45 933
45 41 933
41 57 555
57 41 555
41 63 755
63 41 755
41 52 184
52 41 184
41 49 440
49 41 440
41 86 388
86 41 388
41 71 36
71 41 36
41 79 110
79 41 110
42 72 862
72 42 862
42 72 76
72 42 76
42 59 510
59 42 510
42 80 423
80 42 423
42 69 220
69 42 220
42 50 164
50 42 164
42 55 771
55 42 771
42 52 288
52 42 288
42 48 290
48 42 290
42 60 358
60 42 358
43 53 123
53 43 123
43 84 573
84 43 573
43 84 196
84 43 196
43 46 695
46 43 695
43 81 558
81 43 558
43 73 395
73 43 395
43 53 871
53 43 871
43 46 801
46 43 801
43 94 605
94 43 605
43 54 517
54 43 517
43 50 999
50 43 999
43 89 964
89 43 964
43 63 621
63 43 621
43 48 47
48 43 47
44 71 940
71 44 940
44 75 947
75 44 947
44 89 188
89 44 188
44 88 220
88 44 220
44 47 73
47 44 73
44 87 985
87 44 985
44 84 257
84 44 257
44 59 828
59 44 828
44 88 974
88 44 974
45 67 597
67 45 597
45 89 282
89 45 282
45 86 939
86 45 939
45 74 492
74 45 492
45 55 270
55 45 270
45 93 766
93 45 766
45 58 939
58 45 939
45 65 282
65 45 282
45 85 753
85 45 753
45 55 759
55 45 759
46 91 13
91 46 13
46 76 150
76 46 150
46 90 380
90 46 380
46 75 869
75 46 869
46 89 475
89 46 475
46 88 550
88 46 550
46 61 611
61 46 611
46 61 180
61 46 180
46 74 289
74 46 289
46 72 359
72 46 359
46 80 105
80 46 105
46 54 778
54 46 778
46 68 159
68 46 159
46 71 761
71 46 761
47 87 56
87 47 56
47 82 724
82 47 724
47 88 360
88 47 360
47 51 283
51 47 283
47 66 100
66 47 100
47 77 84
77 47 84
48 66 830
66 48 830
48 68 310
68 48 310
48 90 851
90 48 851
48 73 820
73 48 820
48 56 811
56 48 811
48 85 386
85 48 386
48 62 487
62 48 487
49 54 150
54 49 150
49 72 424
72 49 424
49 81 156
81 49 156
49 66 519
66 49 519
49 69 172
69 49 172
49 84 1000
84 49 1000
50 61 392
61 50 392
50 76 499
76 50 499
50 94 631
94 50 631
50 92 94
92 50 94
50 92 213
92 50 213
51 91 492
91 51 492
51 68 423
68 51 423
51 59 799
59 51 799
51 53 331
53 51 331
51 92 995
92 51 995
51 72 919
72 51 919
51 56 311
56 51 311
51 73 591
73 51 591
52 60 750
60 52 750
52 76 523
76 52 523
52 70 963
70 52 963
52 57 596
57 52 596
52 73 507
73 52 507
52 65 817
65 52 817
53 59 877
59 53 877
53 84 252
84 53 252
53 56 52
56 53 52
53 58 782
58 53 782
53 91 377
91 53 377
53 67 595
67 53 595
53 75 766
75 53 766
53 65 787
65 53 787
53 56 96
56 53 96
53 55 478
55 53 478
53 96 284
96 53 284
54 89 828
89 54 828
54 85 686
85 54 686
54 63 725
63 54 725
54 57 409
57 54 409
54 76 593
76 54 593
54 83 265
83 54 265
55 73 858
73 55 858
55 95 554
95 55 554
55 58 189
58 55 189
55 76 284
76 55 284
55 77 385
77 55 385
55 88 932
88 55 932
55 59 824
59 55 824
55 65 780
65 55 780
56 83 298
83 56 298
56 56 759
56 56 759
56 67 506
67 56 506
56 69 468
69 56 468
56 91 832
91 56 832
56 72 998
72 56 998
56 88 173
88 56 173
56 97 61
97 56 61
57 59 842
59 57 842
57 65 276
65 57 276
57 75 664
75 57 664
57 92 255
92 57 255
57 95 992
95 57 992
57 94 505
94 57 505
57 79 393
79 57 393
57 93 590
93 57 590
58 78 341
78 58 341
58 91 273
91 58 273
58 72 280
72 58 280
58 82 225
82 58 225
58 88 553
88 58 553
58 79 643
79 58 643
59 92 235
92 59 235
59 60 21
60 59 21
59 95 632
95 59 632
59 83 229
83 59 229
59 93 314
93 59 314
59 92 242
92 59 242
59 89 517
89 59 517
59 73 515
73 59 515
59 96 397
96 59 397
60 86 574
86 60 574
60 82 849
82 60 849
60 68 470
68 60 470
60 74 39
74 60 39
60 84 349
84 60 349
60 74 773
74 60 773
60 89 472
89 60 472
60 97 492
97 60 492
60 85 571
85 60 571
60 80 98
80 60 98
60 61 52
61 60 52
61 66 193
66 61 193
61 69 500
69 61 500
61 62 105
62 61 105
61 96 3
96 61 3
61 73 682
73 61 682
61 64 527
64 61 527
61 80 529
80 61 529
61 97 195
97 61 195
62 82 516
82 62 516
62 62 347
62 62 347
62 87 861
87 62 861
62 74 394
74 62 394
63 86 549
86 63 549
63 66 217
66 63 217
63 72 487
72 63 487
63 95 96
95 63 96
64 95 623
95 64 623
64 81 205
81 64 205
64 75 524
75 64 524
64 88 647
88 64 647
65 71 552
71 65 552
65 83 626
83 65 626
65 74 568
74 65 568
65 69 643
69 65 643
65 68 995
68 65 995
65 96 349
96 65 349
65 78 452
78 65 452
66 69 654
69 66 654
66 96 430
96 66 430
66 69 230
69 66 230
66 85 461
85 66 461
66 87 880
87 66 880
67 86 867
86 67 867
67 84 653
84 67 653
67 74 88
74 67 88
67 70 104
70 67 104
68 70 699
70 68 699
68 80 83
80 68 83
68 92 672
92 68 672
68 72 973
72 68 973
68 86 719
86 68 719
69 83 455
83 69 455
69 92 340
92 69 340
69 73 217
73 69 217
69 72 732
72 69 732
70 76 953
76 70 953
70 83 455
83 70 455
71 92 390
92 71 390
71 97 945
97 71 945
71 87 191
87 71 191
71 97 370
97 71 370
71 86 372
86 71 372
72 77 20
77 72 20
72 89 158
89 72 158
72 76 115
76 72 115
72 72 11
72 72 11
73 88 940
88 73 940
73 89 963
89 73 963
73 93 971
93 73 971
74 85 901
85 74 901
74 89 857
89 74 857
74 82 97
82 74 97
74 87 758
87 74 758
75 92 187
92 75 187
75 85 596
85 75 596
75 93 609
93 75 609
75 84 206
84 75 206
75 95 971
95 75 971
77 97 817
97 77 817
77 91 946
91 77 946
77 80 720
80 77 720
77 83 443
83 77 443
77 85 194
85 77 194
78 96 268
96 78 268
78 92 459
92 78 459
78 86 504
86 78 504
79 81 593
81 79 593
79 89 200
89 79 200
79 95 119
95 79 119
80 88 160
88 80 160
80 92 563
92 80 563
80 92 80
92 80 80
81 92 180
92 81 180
81 90 611
90 81 611
81 83 659
83 81 659
81 82 485
82 81 485
81 97 416
97 81 416
82 93 767
93 82 767
83 85 2
85 83 2
83 94 116
94 83 116
84 87 523
87 84 523
84 97 320
97 84 320
84 97 757
97 84 757
84 86 88
86 84 88
84 91 569
91 84 569
84 94 575
94 84 575
84 91 436
91 84 436
85 90 844
90 85 844
85 97 267
97 85 267
85 93 606
93 85 606
86 93 137
93 86 137
89 96 9
96 89 9
91 92 288
92 91 288
92 97 56
97 92 56
92 97 475
97 92 475
94 96 562
96 94 562
