47

0 1 491
1 0 491
0 3 800
3 0 800
0 42 872
42 0 872
1 2 98
2 1 98
1 19 203
19 1 203
1 27 376
27 1 376
1 32 708
32 1 708
1 34 341
34 1 341
1 17 976
17 1 976
1 28 849
28 1 849
2 4 77
4 2 77
2 6 634
6 2 634
2 11 107
11 2 107
3 5 375
5 3 375
3 7 311
7 3 311
3 13 478
13 3 478
3 24 835
24 3 835
3 25 994
25 3 994
3 9 397
9 3 397
3 8 375
8 3 375
4 17 567
17 4 567
4 40 127
40 4 127
4 30 636
30 4 636
5 8 553
8 5 553
5 9 401
9 5 401
5 29 497
29 5 497
5 40 557
40 5 557
5 43 569
43 5 569
6 10 873
10 6 873
6 12 755
12 6 755
6 16 988
16 6 988
6 25 886
25 6 886
7 15 601
15 7 601
7 20 643
20 7 643
8 20 168
20 8 168
8 23 859
23 8 859
8 38 905
38 8 905
8 18 974
18 8 974
9 14 161
14 9 161
9 36 917
36 9 917
9 43 131
43 9 131
9 31 190
31 9 190
10 18 260
18 10 260
11 28 174
28 11 174
11 24 743
24 11 743
12 17 334
17 12 334
12 30 287
30 12 287
12 37 951
37 12 951
12 41 394
41 12 394
13 22 923
22 13 923
14 17 191
17 14 191
15 45 943
45 15 943
15 26 17
26 15 17
17 34 370
34 17 370
18 21 815
21 18 815
18 44 303
44 18 303
19 44 521
44 19 521
19 28 687
28 19 687
20 31 990
31 20 990
20 46 418
46 20 418
21 26 195
26 21 195
22 40 494
40 22 494
23 35 184
35 23 184
23 37 431
37 23 431
24 33 973
33 24 973
25 46 829
46 25 829
28 42 337
42 28 337
28 45 167
45 28 167
28 44 589
44 28 589
32 38 291
38 32 291
34 39 406
39 34 406
35 45 232
45 35 232
37 41 458
41 37 458
38 44 170
44 38 170
