24

0 1 321
1 0 321
0 11 705
11 0 705
0 10 626
10 0 626
0 17 510
17 0 510
0 16 570
16 0 570
0 1 851
1 0 851
0 18 945
18 0 945
0 10 701
10 0 701
0 20 164
20 0 164
0 8 693
8 0 693
0 10 30
10 0 30
0 20 31
20 0 31
0 16 208
16 0 208
0 21 134
21 0 134
1 2 393
2 1 393
1 3 802
3 1 802
1 9 285
9 1 285
1 10 940
10 1 940
1 17 843
17 1 843
1 14 805
14 1 805
1 5 243
5 1 243
1 12 263
12 1 263
1 12 418
12 1 418
1 12 513
12 1 513
1 9 684
9 1 684
1 6 157
6 1 157
1 5 7
5 1 7
1 6 554
6 1 554
1 10 351
10 1 351
1 13 368
13 1 368
1 10 994
10 1 994
1 8 775
8 1 775
1 17 661
17 1 661
1 7 280
7 1 280
1 1 219
1 1 219
1 18 396
18 1 396
1 5 796
5 1 796
1 22 429
22 1 429
1 9 468
9 1 468
1 9 696
9 1 696
1 5 823
5 1 823
2 4 999
4 2 999
2 5 261
5 2 261
2 12 394
12 2 394
2 14 866
14 2 866
2 9 138
9 2 138
2 17 518
17 2 518
2 21 853
21 2 853
2 4 35
4 2 35
2 18 473
18 2 473
2 20 757
20 2 757
2 13 307
13 2 307
2 6 88
6 2 88
2 8 734
8 2 734
2 7 732
7 2 732
2 19 214
19 2 214
2 16 391
16 2 391
2 23 260
23 2 260
2 4 711
4 2 711
2 4 638
4 2 638
2 19 77
19 2 77
2 9 651
9 2 651
2 8 330
8 2 330
2 20 602
20 2 602
3 11 519
11 3 519
3 6 407
6 3 407
3 8 545
8 3 545
3 22 791
22 3 791
3 20 301
20 3 301
3 15 978
15 3 978
3 20 312
20 3 312
3 20 180
20 3 180
3 7 828
7 3 828
3 18 690
18 3 690
3 6 837
6 3 837
3 21 974
21 3 974
3 4 159
4 3 159
3 21 228
21 3 228
3 22 182
22 3 182
3 22 444
22 3 444
3 21 283
21 3 283
4 7 891
7 4 891
4 8 824
8 4 824
4 11 682
11 4 682
4 7 492
7 4 492
4 6 578
6 4 578
4 9 188
9 4 188
4 20 172
20 4 172
4 10 391
10 4 391
4 6 448
6 4 448
4 23 5
23 4 5
4 13 255
13 4 255
4 20 936
20 4 936
4 8 690
8 4 690
4 18 599
18 4 599
4 7 293
7 4 293
4 5 161
5 4 161
4 17 336
17 4 336
4 6 505
6 4 505
4 10 857
10 4 857
4 18 721
18 4 721
4 12 926
12 4 926
4 18 296
18 4 296
4 11 118
11 4 118
5 6 491
6 5 491
5 11 694
11 5 694
5 21 482
21 5 482
5 16 513
16 5 513
5 9 576
9 5 576
5 18 148
18 5 148
5 6 590
6 5 590
5 18 57
18 5 57
5 19 642
19 5 642
5 11 660
11 5 660
5 19 134
19 5 134
5 12 815
12 5 815
5 13 213
13 5 213
5 22 614
22 5 614
5 23 105
23 5 105
5 10 934
10 5 934
5 16 378
16 5 378
5 20 273
20 5 273
6 22 183
22 6 183
6 18 769
18 6 769
6 22 317
22 6 317
6 16 435
16 6 435
6 19 424
19 6 424
6 12 257
12 6 257
7 17 718
17 7 718
7 10 592
10 7 592
7 12 839
12 7 839
7 20 601
20 7 601
7 17 504
17 7 504
7 12 602
12 7 602
7 16 935
16 7 935
7 17 680
17 7 680
7 7 588
7 7 588
7 13 793
13 7 793
7 17 157
17 7 157
8 13 455
13 8 455
8 22 313
22 8 313
8 17 126
17 8 126
8 22 136
22 8 136
8 19 493
19 8 493
8 9 78
9 8 78
8 13 622
13 8 622
8 11 41
11 8 41
8 23 131
23 8 131
8 17 258
17 8 258
8 11 875
11 8 875
8 23 109
23 8 109
9 19 273
19 9 273
9 22 111
22 9 111
9 11 23
11 9 23
9 17 720
17 9 720
9 16 382
16 9 382
9 22 872
22 9 872
9 13 809
13 9 809
9 11 801
11 9 801
9 13 595
13 9 595
9 11 428
11 9 428
9 18 960
18 9 960
9 21 952
21 9 952
9 20 275
20 9 275
10 12 645
12 10 645
10 14 655
14 10 655
10 12 412
12 10 412
10 23 402
23 10 402
10 12 10
12 10 10
10 17 741
17 10 741
10 12 813
12 10 813
10 21 701
21 10 701
10 14 304
14 10 304
10 17 945
17 10 945
10 18 607
18 10 607
10 23 443
23 10 443
10 13 373
13 10 373
10 23 895
23 10 895
10 21 449
21 10 449
10 13 80
13 10 80
11 15 822
15 11 822
11 21 654
21 11 654
11 23 476
23 11 476
11 13 569
13 11 569
11 19 11
19 11 11
11 21 124
21 11 124
11 22 851
22 11 851
11 18 766
18 11 766
11 20 528
20 11 528
11 16 567
16 11 567
12 15 976
15 12 976
12 13 515
13 12 515
12 17 451
17 12 451
12 20 340
20 12 340
12 14 996
14 12 996
12 17 590
17 12 590
12 15 523
15 12 523
12 18 733
18 12 733
12 23 38
23 12 38
12 22 11
22 12 11
12 16 669
16 12 669
12 18 885
18 12 885
12 19 488
19 12 488
13 21 486
21 13 486
13 20 308
20 13 308
13 14 421
14 13 421
13 14 165
14 13 165
13 17 606
17 13 606
13 22 657
22 13 657
14 16 11
16 14 11
14 20 541
20 14 541
14 15 437
15 14 437
14 22 140
22 14 140
14 18 279
18 14 279
14 15 798
15 14 798
14 15 522
15 14 522
15 20 77
20 15 77
15 21 227
21 15 227
15 23 480
23 15 480
15 23 64
23 15 64
16 18 352
18 16 352
16 23 857
23 16 857
16 19 313
19 16 313
16 20 839
20 16 839
16 22 57
22 16 57
16 18 826
18 16 826
16 22 458
22 16 458
16 20 598
20 16 598
16 19 582
19 16 582
16 22 493
22 16 493
17 20 896
20 17 896
17 19 828
19 17 828
17 22 836
22 17 836
17 18 737
18 17 737
17 23 335
23 17 335
17 19 52
19 17 52
18 21 343
21 18 343
18 22 651
22 18 651
18 22 880
22 18 880
18 20 311
20 18 311
18 22 186
22 18 186
18 22 138
22 18 138
18 23 2
23 18 2
18 21 327
21 18 327
18 22 560
22 18 560
19 22 953
22 19 953
19 21 856
21 19 856
20 21 392
21 20 392
20 23 267
23 20 267
20 20 14
20 20 14
20 21 321
21 20 321
21 22 565
22 21 565
22 23 757
23 22 757
22 23 510
23 22 510
