33

0 1 850
1 0 850
0 2 618
2 0 618
0 30 494
30 0 494
0 21 516
21 0 516
0 21 789
21 0 789
0 5 809
5 0 809
0 4 917
4 0 917
0 6 240
6 0 240
0 1 507
1 0 507
0 31 372
31 0 372
0 11 472
11 0 472
0 22 645
22 0 645
0 12 50
12 0 50
0 29 147
29 0 147
0 10 818
10 0 818
0 25 46
25 0 46
0 2 844
2 0 844
0 19 127
19 0 127
0 5 282
5 0 282
0 6 529
6 0 529
0 27 768
27 0 768
0 3 424
3 0 424
0 10 434
10 0 434
0 26 790
26 0 790
0 8 723
8 0 723
0 1 586
1 0 586
0 6 523
6 0 523
1 3 719
3 1 719
1 9 765
9 1 765
1 10 395
10 1 395
1 13 789
13 1 789
1 32 105
32 1 105
1 4 223
4 1 223
1 20 889
20 1 889
1 23 851
23 1 851
1 29 993
29 1 993
1 5 374
5 1 374
1 22 712
22 1 712
1 13 9
13 1 9
1 29 443
29 1 443
1 19 779
19 1 779
1 29 203
29 1 203
1 19 646
19 1 646
1 29 572
29 1 572
1 23 91
23 1 91
1 32 674
32 1 674
1 2 508
2 1 508
1 28 985
28 1 985
1 18 879
18 1 879
1 12 183
12 1 183
1 7 116
7 1 116
1 7 451
7 1 451
1 7 114
7 1 114
1 32 672
32 1 672
1 25 862
25 1 862
1 5 290
5 1 290
1 19 718
19 1 718
1 5 225
5 1 225
1 4 12
4 1 12
1 17 439
17 1 439
1 11 358
11 1 358
1 32 437
32 1 437
1 22 804
22 1 804
1 10 185
10 1 185
1 27 610
27 1 610
2 4 303
4 2 303
2 6 667
6 2 667
2 7 400
7 2 400
2 8 255
8 2 255
2 17 581
17 2 581
2 26 746
26 2 746
2 26 858
26 2 858
2 3 867
3 2 867
2 2 194
2 2 194
2 11 982
11 2 982
2 9 714
9 2 714
2 22 668
22 2 668
2 20 114
20 2 114
2 28 462
28 2 462
2 14 765
14 2 765
2 3 796
3 2 796
2 26 624
26 2 624
2 17 787
17 2 787
2 13 210
13 2 210
2 10 381
10 2 381
2 32 693
32 2 693
2 19 495
19 2 495
2 16 399
16 2 399
2 29 10
29 2 10
2 26 857
26 2 857
2 29 931
29 2 931
2 7 704
7 2 704
2 8 258
8 2 258
2 29 615
29 2 615
3 22 978
22 3 978
3 19 165
19 3 165
3 19 108
19 3 108
3 10 306
10 3 306
3 23 944
23 3 944
3 5 353
5 3 353
3 21 758
21 3 758
3 19 84
19 3 84
3 19 173
19 3 173
3 22 676
22 3 676
3 24 149
24 3 149
3 32 269
32 3 269
3 32 143
32 3 143
3 20 236
20 3 236
3 8 921
8 3 921
3 7 688
7 3 688
3 30 863
30 3 863
3 12 925
12 3 925
3 22 108
22 3 108
4 5 395
5 4 395
4 31 775
31 4 775
4 14 429
14 4 429
4 17 538
17 4 538
4 7 751
7 4 751
4 32 643
32 4 643
4 20 976
20 4 976
4 22 821
22 4 821
4 18 413
18 4 413
4 14 488
14 4 488
4 5 798
5 4 798
4 24 994
24 4 994
4 27 479
27 4 479
4 16 310
16 4 310
4 11 92
11 4 92
4 10 580
10 4 580
4 19 494
19 4 494
4 26 630
26 4 630
4 29 279
29 4 279
4 6 189
6 4 189
4 18 230
18 4 230
5 16 461
16 5 461
5 9 466
9 5 466
5 28 548
28 5 548
5 7 519
7 5 519
5 11 659
11 5 659
5 15 189
15 5 189
5 20 881
20 5 881
5 6 56
6 5 56
5 17 538
17 5 538
5 8 759
8 5 759
5 22 652
22 5 652
5 22 402
22 5 402
5 24 22
24 5 22
5 24 252
24 5 252
5 20 947
20 5 947
5 9 671
9 5 671
5 22 200
22 5 200
5 10 475
10 5 475
5 12 343
12 5 343
5 14 460
14 5 460
5 8 2
8 5 2
5 6 388
6 5 388
5 26 153
26 5 153
5 21 337
21 5 337
5 28 251
28 5 251
5 19 962
19 5 962
5 24 866
24 5 866
5 15 375
15 5 375
6 12 953
12 6 953
6 19 578
19 6 578
6 21 585
21 6 585
6 11 893
11 6 893
6 11 33
11 6 33
6 15 573
15 6 573
6 27 473
27 6 473
6 23 861
23 6 861
6 23 197
23 6 197
6 28 648
28 6 648
6 14 878
14 6 878
6 25 488
25 6 488
6 10 103
10 6 103
6 12 219
12 6 219
6 25 659
25 6 659
6 24 320
24 6 320
6 32 427
32 6 427
6 29 593
29 6 593
6 22 851
22 6 851
6 10 300
10 6 300
6 28 357
28 6 357
6 28 450
28 6 450
6 16 569
16 6 569
7 14 2
14 7 2
7 29 666
29 7 666
7 29 952
29 7 952
7 13 808
13 7 808
7 11 799
11 7 799
7 15 573
15 7 573
7 21 474
21 7 474
7 32 698
32 7 698
7 13 668
13 7 668
7 30 23
30 7 23
7 31 829
31 7 829
8 28 497
28 8 497
8 16 25
16 8 25
8 20 747
20 8 747
8 30 104
30 8 104
8 26 14
26 8 14
8 18 862
18 8 862
8 19 416
19 8 416
8 18 169
18 8 169
8 12 150
12 8 150
8 24 791
24 8 791
9 11 262
11 9 262
9 26 778
26 9 778
9 31 337
31 9 337
9 31 808
31 9 808
9 22 563
22 9 563
9 24 804
24 9 804
9 26 83
26 9 83
9 9 509
9 9 509
9 25 164
25 9 164
9 15 137
15 9 137
9 30 262
30 9 262
9 18 601
18 9 601
9 17 93
17 9 93
9 27 300
27 9 300
9 29 863
29 9 863
9 17 536
17 9 536
9 10 128
10 9 128
9 24 978
24 9 978
9 28 308
28 9 308
9 26 230
26 9 230
10 26 137
26 10 137
10 11 122
11 10 122
10 14 247
14 10 247
10 26 956
26 10 956
10 22 126
22 10 126
10 18 892
18 10 892
10 31 209
31 10 209
10 25 42
25 10 42
10 30 171
30 10 171
10 24 925
24 10 925
10 20 134
20 10 134
10 20 555
20 10 555
10 12 351
12 10 351
10 19 280
19 10 280
10 21 11
21 10 11
10 30 487
30 10 487
10 20 509
20 10 509
10 22 631
22 10 631
10 16 757
16 10 757
10 13 542
13 10 542
11 21 602
21 11 602
11 24 86
24 11 86
11 16 238
16 11 238
11 18 128
18 11 128
11 31 947
31 11 947
11 29 611
29 11 611
11 15 138
15 11 138
11 11 522
11 11 522
11 25 303
25 11 303
11 11 204
11 11 204
11 16 619
16 11 619
11 16 233
16 11 233
12 15 642
15 12 642
12 20 352
20 12 352
12 25 374
25 12 374
12 13 755
13 12 755
12 16 13
16 12 13
12 29 172
29 12 172
12 19 42
19 12 42
12 20 751
20 12 751
12 13 615
13 12 615
12 28 1
28 12 1
12 20 403
20 12 403
12 29 771
29 12 771
12 29 440
29 12 440
12 17 650
17 12 650
12 19 860
19 12 860
12 13 549
13 12 549
12 25 859
25 12 859
12 22 250
22 12 250
13 16 554
16 13 554
13 30 665
30 13 665
13 30 488
30 13 488
13 27 819
27 13 819
13 24 43
24 13 43
13 31 679
31 13 679
13 17 876
17 13 876
13 14 87
14 13 87
13 17 991
17 13 991
13 30 339
30 13 339
13 19 247
19 13 247
13 21 183
21 13 183
13 13 480
13 13 480
13 29 47
29 13 47
13 29 317
29 13 317
13 28 583
28 13 583
13 17 132
17 13 132
13 15 257
15 13 257
14 23 759
23 14 759
14 22 721
22 14 721
14 27 636
27 14 636
14 24 547
24 14 547
14 24 634
24 14 634
14 32 951
32 14 951
14 17 342
17 14 342
14 31 146
31 14 146
14 15 282
15 14 282
14 22 323
22 14 323
14 25 123
25 14 123
14 27 904
27 14 904
14 27 566
27 14 566
14 19 468
19 14 468
15 25 726
25 15 726
15 20 933
20 15 933
15 25 10
25 15 10
15 31 83
31 15 83
15 20 799
20 15 799
15 16 879
16 15 879
15 24 690
24 15 690
15 19 880
19 15 880
15 28 1000
28 15 1000
15 24 801
24 15 801
16 18 265
18 16 265
16 27 247
27 16 247
16 30 691
30 16 691
16 23 44
23 16 44
16 23 415
23 16 415
16 24 941
24 16 941
16 21 162
21 16 162
16 22 829
22 16 829
16 28 589
28 16 589
16 20 475
20 16 475
17 21 671
21 17 671
17 27 358
27 17 358
17 22 778
22 17 778
17 25 246
25 17 246
17 32 961
32 17 961
17 30 954
30 17 954
17 24 565
24 17 565
17 19 572
19 17 572
17 30 510
30 17 510
17 17 80
17 17 80
17 18 299
18 17 299
18 26 547
26 18 547
18 29 472
29 18 472
18 32 269
32 18 269
18 32 744
32 18 744
18 24 627
24 18 627
18 27 920
27 18 920
18 31 233
31 18 233
18 31 912
31 18 912
18 22 172
22 18 172
18 19 416
19 18 416
18 24 537
24 18 537
18 26 432
26 18 432
19 26 103
26 19 103
19 29 976
29 19 976
19 20 547
20 19 547
19 25 333
25 19 333
19 21 887
21 19 887
19 31 861
31 19 861
19 21 334
21 19 334
19 29 211
29 19 211
19 25 955
25 19 955
19 24 255
24 19 255
19 23 719
23 19 719
19 31 939
31 19 939
19 22 995
22 19 995
19 21 446
21 19 446
19 27 309
27 19 309
20 29 485
29 20 485
20 27 940
27 20 940
20 21 221
21 20 221
20 25 55
25 20 55
20 27 828
27 20 828
20 23 863
23 20 863
20 20 605
20 20 605
20 31 717
31 20 717
20 28 573
28 20 573
20 21 63
21 20 63
20 31 968
31 20 968
20 26 43
26 20 43
21 27 641
27 21 641
21 30 871
30 21 871
21 25 690
25 21 690
21 23 785
23 21 785
21 23 350
23 21 350
21 26 527
26 21 527
22 23 956
23 22 956
22 24 665
24 22 665
22 25 300
25 22 300
22 26 216
26 22 216
22 29 265
29 22 265
23 25 730
25 23 730
23 26 813
26 23 813
23 31 262
31 23 262
23 30 732
30 23 732
23 23 267
23 23 267
23 32 5
32 23 5
23 30 708
30 23 708
24 28 338
28 24 338
24 31 241
31 24 241
24 24 285
24 24 285
24 30 181
30 24 181
24 30 854
30 24 854
24 26 134
26 24 134
24 30 359
30 24 359
24 24 193
24 24 193
25 26 7
26 25 7
25 30 87
30 25 87
25 31 913
31 25 913
25 29 417
29 25 417
25 27 718
27 25 718
25 28 205
28 25 205
25 26 112
26 25 112
25 30 987
30 25 987
26 30 401
30 26 401
26 27 217
27 26 217
26 29 104
29 26 104
26 29 67
29 26 67
26 30 856
30 26 856
27 28 410
28 27 410
27 30 667
30 27 667
27 32 750
32 27 750
28 31 894
31 28 894
28 30 857
30 28 857
28 31 197
31 28 197
29 31 646
31 29 646
29 32 162
32 29 162
29 32 163
32 29 163
30 32 163
32 30 163
31 31 977
31 31 977
31 32 789
32 31 789
31 31 963
31 31 963
