74

0 1 274
1 0 274
0 7 576
7 0 576
0 18 117
18 0 117
0 60 946
60 0 946
0 11 75
11 0 75
0 39 536
39 0 536
0 9 59
9 0 59
0 45 106
45 0 106
0 56 840
56 0 840
1 2 278
2 1 278
1 5 555
5 1 555
1 9 320
9 1 320
1 20 398
20 1 398
1 51 336
51 1 336
1 3 950
3 1 950
1 51 332
51 1 332
1 16 395
16 1 395
1 60 78
60 1 78
1 29 882
29 1 882
1 62 36
62 1 36
1 12 314
12 1 314
1 20 630
20 1 630
1 52 205
52 1 205
1 39 895
39 1 895
1 31 607
31 1 607
1 67 198
67 1 198
2 3 468
3 2 468
2 6 265
6 2 265
2 12 430
12 2 430
2 25 163
25 2 163
2 72 831
72 2 831
2 24 430
24 2 430
2 49 224
49 2 224
2 21 227
21 2 227
2 70 398
70 2 398
2 35 213
35 2 213
2 23 744
23 2 744
2 19 840
19 2 840
2 19 308
19 2 308
3 4 328
4 3 328
3 8 548
8 3 548
3 16 726
16 3 726
3 34 646
34 3 646
3 67 642
67 3 642
3 9 871
9 3 871
3 14 263
14 3 263
3 67 855
67 3 855
3 55 977
55 3 977
3 19 155
19 3 155
3 32 751
32 3 751
3 46 493
46 3 493
3 34 374
34 3 374
3 39 919
39 3 919
3 8 404
8 3 404
3 22 438
22 3 438
3 34 451
34 3 451
3 12 10
12 3 10
3 38 823
38 3 823
4 11 947
11 4 947
4 19 494
19 4 494
4 45 767
45 4 767
4 47 188
47 4 188
4 15 426
15 4 426
4 29 320
29 4 320
4 33 907
33 4 907
4 57 495
57 4 495
4 48 358
48 4 358
4 54 980
54 4 980
4 55 344
55 4 344
4 39 607
39 4 607
4 72 341
72 4 341
4 31 2
31 4 2
4 47 282
47 4 282
4 36 126
36 4 126
5 10 713
10 5 713
5 7 284
7 5 284
5 25 733
25 5 733
5 21 59
21 5 59
5 69 820
69 5 820
5 24 112
24 5 112
5 26 283
26 5 283
5 49 263
49 5 263
5 19 522
19 5 522
5 59 677
59 5 677
5 52 436
52 5 436
5 64 84
64 5 84
5 31 553
31 5 553
5 56 602
56 5 602
6 15 102
15 6 102
6 28 140
28 6 140
6 65 740
65 6 740
6 67 490
67 6 490
6 69 403
69 6 403
6 43 991
43 6 991
6 37 315
37 6 315
6 70 390
70 6 390
6 73 359
73 6 359
6 66 267
66 6 267
6 46 790
46 6 790
6 24 619
24 6 619
6 53 6
53 6 6
6 55 181
55 6 181
6 46 610
46 6 610
6 67 270
67 6 270
6 36 363
36 6 363
6 50 325
50 6 325
6 54 703
54 6 703
6 38 758
38 6 758
6 38 899
38 6 899
7 14 401
14 7 401
7 21 419
21 7 419
7 43 325
43 7 325
7 30 309
30 7 309
7 9 233
9 7 233
7 64 346
64 7 346
7 56 415
56 7 415
8 17 961
17 8 961
8 23 128
23 8 128
8 64 850
64 8 850
8 19 696
19 8 696
8 24 353
24 8 353
8 13 795
13 8 795
8 66 921
66 8 921
8 18 318
18 8 318
8 26 106
26 8 106
8 48 330
48 8 330
8 69 102
69 8 102
8 55 295
55 8 295
8 9 300
9 8 300
8 42 606
42 8 606
9 13 503
13 9 503
9 34 768
34 9 768
9 67 786
67 9 786
9 35 514
35 9 514
9 16 7
16 9 7
9 71 258
71 9 258
9 20 86
20 9 86
9 15 918
15 9 918
9 41 600
41 9 600
9 62 647
62 9 647
9 67 469
67 9 469
10 39 65
39 10 65
10 61 576
61 10 576
10 50 856
50 10 856
10 28 609
28 10 609
10 40 139
40 10 139
10 40 349
40 10 349
10 48 382
48 10 382
10 22 109
22 10 109
10 62 411
62 10 411
10 64 558
64 10 558
10 50 638
50 10 638
11 31 210
31 11 210
11 41 832
41 11 832
11 71 553
71 11 553
11 48 741
48 11 741
11 67 995
67 11 995
11 37 200
37 11 200
11 15 827
15 11 827
11 37 355
37 11 355
12 22 696
22 12 696
12 52 892
52 12 892
12 66 670
66 12 670
12 45 185
45 12 185
12 31 307
31 12 307
12 48 697
48 12 697
12 22 686
22 12 686
12 46 353
46 12 353
12 26 520
26 12 520
12 57 177
57 12 177
12 56 849
56 12 849
12 71 936
71 12 936
12 24 520
24 12 520
13 24 615
24 13 615
13 26 712
26 13 712
13 29 243
29 13 243
13 58 19
58 13 19
13 14 694
14 13 694
13 25 192
25 13 192
13 47 537
47 13 537
13 17 156
17 13 156
13 56 676
56 13 676
13 32 12
32 13 12
13 60 392
60 13 392
13 20 221
20 13 221
13 65 638
65 13 638
13 19 342
19 13 342
13 34 255
34 13 255
13 50 560
50 13 560
14 35 50
35 14 50
14 53 157
53 14 157
14 38 516
38 14 516
14 67 560
67 14 560
14 47 793
47 14 793
14 34 942
34 14 942
14 23 597
23 14 597
14 45 352
45 14 352
14 57 996
57 14 996
15 27 665
27 15 665
15 73 648
73 15 648
15 34 12
34 15 12
15 29 474
29 15 474
15 51 727
51 15 727
15 21 613
21 15 613
15 54 443
54 15 443
15 55 331
55 15 331
15 36 862
36 15 862
15 28 486
28 15 486
15 28 960
28 15 960
15 25 758
25 15 758
15 50 750
50 15 750
15 34 947
34 15 947
15 63 352
63 15 352
16 51 754
51 16 754
16 39 133
39 16 133
16 41 883
41 16 883
16 49 562
49 16 562
16 52 518
52 16 518
16 32 998
32 16 998
16 25 120
25 16 120
16 25 536
25 16 536
16 31 41
31 16 41
16 53 38
53 16 38
16 54 784
54 16 784
17 44 966
44 17 966
17 34 627
34 17 627
17 68 84
68 17 84
17 51 99
51 17 99
17 37 181
37 17 181
17 23 819
23 17 819
17 36 441
36 17 441
17 54 466
54 17 466
17 59 423
59 17 423
18 20 767
20 18 767
18 66 639
66 18 639
18 28 822
28 18 822
18 33 795
33 18 795
18 22 24
22 18 24
18 70 747
70 18 747
18 71 680
71 18 680
18 35 17
35 18 17
18 22 436
22 18 436
19 39 936
39 19 936
19 57 36
57 19 36
19 61 544
61 19 544
19 72 666
72 19 666
19 39 994
39 19 994
19 49 348
49 19 348
20 32 57
32 20 57
20 26 64
26 20 64
20 67 44
67 20 44
20 68 997
68 20 997
20 53 941
53 20 941
20 64 771
64 20 771
20 56 65
56 20 65
20 30 29
30 20 29
20 32 283
32 20 283
20 70 390
70 20 390
20 68 318
68 20 318
20 31 497
31 20 497
21 34 576
34 21 576
21 24 573
24 21 573
21 55 66
55 21 66
21 32 36
32 21 36
21 67 879
67 21 879
21 52 178
52 21 178
22 25 461
25 22 461
22 72 980
72 22 980
22 73 862
73 22 862
22 53 278
53 22 278
23 73 906
73 23 906
23 34 648
34 23 648
23 30 830
30 23 830
23 63 258
63 23 258
23 25 80
25 23 80
23 69 53
69 23 53
23 70 144
70 23 144
23 63 349
63 23 349
23 55 768
55 23 768
23 48 250
48 23 250
23 27 850
27 23 850
23 43 223
43 23 223
24 33 970
33 24 970
24 26 358
26 24 358
24 43 333
43 24 333
24 27 943
27 24 943
24 73 344
73 24 344
24 64 474
64 24 474
24 59 538
59 24 538
24 39 805
39 24 805
24 52 258
52 24 258
24 71 350
71 24 350
24 56 201
56 24 201
25 61 873
61 25 873
25 67 224
67 25 224
25 30 141
30 25 141
25 30 14
30 25 14
25 39 751
39 25 751
26 40 865
40 26 865
26 71 516
71 26 516
26 47 556
47 26 556
26 35 491
35 26 491
26 65 300
65 26 300
27 37 300
37 27 300
27 35 198
35 27 198
27 33 205
33 27 205
27 45 861
45 27 861
27 47 64
47 27 64
27 58 550
58 27 550
27 27 169
27 27 169
27 49 769
49 27 769
27 60 507
60 27 507
27 39 401
39 27 401
27 58 400
58 27 400
27 28 494
28 27 494
27 51 189
51 27 189
27 69 855
69 27 855
28 44 123
44 28 123
28 48 756
48 28 756
28 51 35
51 28 35
28 43 461
43 28 461
28 46 409
46 28 409
28 67 614
67 28 614
28 41 178
41 28 178
28 34 657
34 28 657
28 47 118
47 28 118
29 30 382
30 29 382
29 34 179
34 29 179
29 54 774
54 29 774
29 63 50
63 29 50
29 55 282
55 29 282
29 42 758
42 29 758
29 55 81
55 29 81
30 67 223
67 30 223
30 40 89
40 30 89
30 49 679
49 30 679
30 61 982
61 30 982
30 36 736
36 30 736
30 41 467
41 30 467
30 33 869
33 30 869
30 61 341
61 30 341
31 38 470
38 31 470
31 40 27
40 31 27
31 61 670
61 31 670
31 33 77
33 31 77
31 49 641
49 31 641
31 52 414
52 31 414
31 54 504
54 31 504
31 63 378
63 31 378
32 42 122
42 32 122
32 50 297
50 32 297
32 36 193
36 32 193
32 40 977
40 32 977
32 43 323
43 32 323
32 33 120
33 32 120
32 41 466
41 32 466
32 45 532
45 32 532
33 49 715
49 33 715
33 43 285
43 33 285
33 41 317
41 33 317
33 61 168
61 33 168
33 33 597
33 33 597
33 56 808
56 33 808
34 55 189
55 34 189
34 60 110
60 34 110
34 44 46
44 34 46
34 48 830
48 34 830
34 61 586
61 34 586
34 54 625
54 34 625
34 48 871
48 34 871
35 36 667
36 35 667
35 42 96
42 35 96
35 54 565
54 35 565
35 68 204
68 35 204
35 49 927
49 35 927
35 73 427
73 35 427
35 59 434
59 35 434
35 42 608
42 35 608
35 62 940
62 35 940
35 60 412
60 35 412
35 67 780
67 35 780
35 61 502
61 35 502
35 40 511
40 35 511
35 40 104
40 35 104
36 46 162
46 36 162
36 43 254
43 36 254
36 71 901
71 36 901
37 66 173
66 37 173
37 40 929
40 37 929
37 47 241
47 37 241
37 45 693
45 37 693
37 42 823
42 37 823
38 63 24
63 38 24
38 61 147
61 38 147
38 64 735
64 38 735
38 73 971
73 38 971
38 64 504
64 38 504
38 69 572
69 38 572
38 50 191
50 38 191
39 64 896
64 39 896
39 53 444
53 39 444
39 49 256
49 39 256
39 44 402
44 39 402
39 67 81
67 39 81
39 43 421
43 39 421
40 50 133
50 40 133
40 50 583
50 40 583
40 65 803
65 40 803
40 62 140
62 40 140
40 58 262
58 40 262
40 55 363
55 40 363
40 47 488
47 40 488
40 66 645
66 40 645
40 56 376
56 40 376
41 65 366
65 41 366
41 70 863
70 41 863
41 43 445
43 41 445
41 69 360
69 41 360
41 62 375
62 41 375
41 43 587
43 41 587
42 46 577
46 42 577
42 69 757
69 42 757
42 59 379
59 42 379
42 61 693
61 42 693
42 44 472
44 42 472
42 63 328
63 42 328
42 64 472
64 42 472
42 51 595
51 42 595
42 44 512
44 42 512
43 47 344
47 43 344
43 68 622
68 43 622
43 63 409
63 43 409
44 64 311
64 44 311
44 66 732
66 44 732
44 45 454
45 44 454
45 49 514
49 45 514
45 50 994
50 45 994
45 59 305
59 45 305
45 51 812
51 45 812
45 56 325
56 45 325
45 47 103
47 45 103
46 48 644
48 46 644
46 47 501
47 46 501
46 73 550
73 46 550
46 49 58
49 46 58
46 60 678
60 46 678
46 67 879
67 46 879
47 56 472
56 47 472
47 57 355
57 47 355
47 57 959
57 47 959
47 53 656
53 47 656
47 61 513
61 47 513
47 58 852
58 47 852
48 60 279
60 48 279
48 64 191
64 48 191
49 67 820
67 49 820
49 50 44
50 49 44
49 58 502
58 49 502
50 68 452
68 50 452
50 57 650
57 50 650
51 59 958
59 51 958
51 62 643
62 51 643
51 55 890
55 51 890
51 73 677
73 51 677
51 64 369
64 51 369
51 61 62
61 51 62
51 55 459
55 51 459
51 53 64
53 51 64
52 60 773
60 52 773
52 60 227
60 52 227
53 66 909
66 53 909
54 66 592
66 54 592
54 70 44
70 54 44
54 72 677
72 54 677
54 70 217
70 54 217
55 65 504
65 55 504
55 56 231
56 55 231
55 59 941
59 55 941
55 66 296
66 55 296
55 70 973
70 55 973
56 57 940
57 56 940
56 64 261
64 56 261
56 61 890
61 56 890
56 71 223
71 56 223
57 73 397
73 57 397
57 65 550
65 57 550
57 72 950
72 57 950
57 62 36
62 57 36
57 62 396
62 57 396
57 59 129
59 57 129
57 71 483
71 57 483
57 61 121
61 57 121
58 72 611
72 58 611
59 69 450
69 59 450
59 62 58
62 59 58
59 70 779
70 59 779
59 69 395
69 59 395
59 67 642
67 59 642
60 65 681
65 60 681
60 61 728
61 60 728
60 60 607
60 60 607
60 70 163
70 60 163
61 72 144
72 61 144
61 65 142
65 61 142
61 64 677
64 61 677
62 67 802
67 62 802
62 72 225
72 62 225
62 70 632
70 62 632
63 68 6
68 63 6
63 64 568
64 63 568
64 71 164
71 64 164
64 69 726
69 64 726
65 69 408
69 65 408
67 71 752
71 67 752
69 70 820
70 69 820
69 69 146
69 69 146
69 70 528
70 69 528
