88

0 1 760
1 0 760
0 12 356
12 0 356
0 40 657
40 0 657
0 3 457
3 0 457
0 41 130
41 0 130
0 65 443
65 0 443
0 42 307
42 0 307
0 50 96
50 0 96
0 44 982
44 0 982
0 9 113
9 0 113
0 14 823
14 0 823
0 49 71
49 0 71
0 64 593
64 0 593
0 12 386
12 0 386
1 2 456
2 1 456
1 6 645
6 1 645
1 10 542
10 1 542
1 19 548
19 1 548
1 29 271
29 1 271
1 19 894
19 1 894
1 7 419
7 1 419
1 68 530
68 1 530
1 76 822
76 1 822
1 51 510
51 1 510
1 66 250
66 1 250
1 71 875
71 1 875
1 39 411
39 1 411
1 17 597
17 1 597
1 38 942
38 1 942
1 41 728
41 1 728
2 3 178
3 2 178
2 17 141
17 2 141
2 24 291
24 2 291
2 34 999
34 2 999
2 15 775
15 2 775
2 47 5
47 2 5
2 39 991
39 2 991
2 34 428
34 2 428
2 82 742
82 2 742
2 38 483
38 2 483
2 72 948
72 2 948
3 4 428
4 3 428
3 16 402
16 3 402
3 46 268
46 3 268
3 83 572
83 3 572
3 33 155
33 3 155
3 24 309
24 3 309
3 69 579
69 3 579
3 54 381
54 3 381
3 13 233
13 3 233
3 56 770
56 3 770
3 33 126
33 3 126
3 9 897
9 3 897
3 35 464
35 3 464
3 71 622
71 3 622
3 12 850
12 3 850
4 5 515
5 4 515
4 9 263
9 4 263
4 38 985
38 4 985
4 5 763
5 4 763
4 9 50
9 4 50
4 42 934
42 4 934
4 52 729
52 4 729
4 57 684
57 4 684
4 13 600
13 4 600
4 80 503
80 4 503
4 66 495
66 4 495
4 4 718
4 4 718
4 74 879
74 4 879
4 39 566
39 4 566
4 66 539
66 4 539
4 22 351
22 4 351
4 87 171
87 4 171
4 25 291
25 4 291
5 7 518
7 5 518
5 63 581
63 5 581
5 46 878
46 5 878
5 13 308
13 5 308
5 49 989
49 5 989
5 73 651
73 5 651
5 71 42
71 5 42
5 15 970
15 5 970
6 64 304
64 6 304
6 62 900
62 6 900
6 55 245
55 6 245
6 76 536
76 6 536
6 35 554
35 6 554
6 53 732
53 6 732
6 31 553
31 6 553
7 8 23
8 7 23
7 21 650
21 7 650
7 45 764
45 7 764
7 51 348
51 7 348
7 50 709
50 7 709
7 77 194
77 7 194
7 38 559
38 7 559
7 12 260
12 7 260
7 76 144
76 7 144
8 23 487
23 8 487
8 76 72
76 8 72
8 70 616
70 8 616
8 54 23
54 8 23
8 38 77
38 8 77
8 79 753
79 8 753
8 27 847
27 8 847
8 62 324
62 8 324
8 35 979
35 8 979
8 59 298
59 8 298
8 86 880
86 8 880
9 27 905
27 9 905
9 72 615
72 9 615
9 36 330
36 9 330
9 66 70
66 9 70
9 16 974
16 9 974
9 71 854
71 9 854
9 25 148
25 9 148
9 50 278
50 9 278
9 34 89
34 9 89
10 11 148
11 10 148
10 86 205
86 10 205
10 74 279
74 10 279
10 36 141
36 10 141
11 13 884
13 11 884
11 15 611
15 11 611
11 18 325
18 11 325
11 50 499
50 11 499
11 66 434
66 11 434
11 82 680
82 11 680
11 68 827
68 11 827
11 64 671
64 11 671
11 73 352
73 11 352
11 35 136
35 11 136
11 66 546
66 11 546
11 36 844
36 11 844
11 15 728
15 11 728
11 14 905
14 11 905
11 65 135
65 11 135
11 76 718
76 11 718
12 14 335
14 12 335
12 35 355
35 12 355
12 73 173
73 12 173
12 52 263
52 12 263
12 64 571
64 12 571
12 85 482
85 12 482
12 67 833
67 12 833
12 20 29
20 12 29
13 37 814
37 13 814
13 63 991
63 13 991
13 28 433
28 13 433
13 60 785
60 13 785
13 56 274
56 13 274
13 46 756
46 13 756
13 71 352
71 13 352
13 51 232
51 13 232
13 15 466
15 13 466
13 87 102
87 13 102
13 75 216
75 13 216
14 20 576
20 14 576
14 60 918
60 14 918
14 31 179
31 14 179
14 72 483
72 14 483
14 63 243
63 14 243
14 84 403
84 14 403
14 29 144
29 14 144
14 65 409
65 14 409
14 21 523
21 14 523
15 80 693
80 15 693
15 80 972
80 15 972
15 47 236
47 15 236
15 87 14
87 15 14
15 85 897
85 15 897
15 29 2
29 15 2
16 26 135
26 16 135
16 75 287
75 16 287
16 81 692
81 16 692
16 42 811
42 16 811
16 83 29
83 16 29
16 68 195
68 16 195
17 25 126
25 17 126
17 42 333
42 17 333
17 86 514
86 17 514
17 52 516
52 17 516
17 17 478
17 17 478
17 79 282
79 17 282
17 52 614
52 17 614
17 42 192
42 17 192
17 66 550
66 17 550
17 25 861
25 17 861
17 75 159
75 17 159
17 46 230
46 17 230
17 25 46
25 17 46
17 76 23
76 17 23
18 36 477
36 18 477
18 79 159
79 18 159
18 77 455
77 18 455
18 42 62
42 18 62
18 54 359
54 18 359
19 49 280
49 19 280
19 38 654
38 19 654
19 38 235
38 19 235
19 45 386
45 19 386
19 84 753
84 19 753
20 31 556
31 20 556
20 73 27
73 20 27
20 26 985
26 20 985
20 75 796
75 20 796
20 45 290
45 20 290
20 85 733
85 20 733
20 83 854
83 20 854
20 63 632
63 20 632
21 22 579
22 21 579
21 53 856
53 21 856
21 85 571
85 21 571
21 45 929
45 21 929
21 37 601
37 21 601
22 33 952
33 22 952
22 77 67
77 22 67
22 30 463
30 22 463
22 39 996
39 22 996
22 45 893
45 22 893
22 51 961
51 22 961
22 57 246
57 22 246
22 45 722
45 22 722
22 41 853
41 22 853
22 25 250
25 22 250
22 72 956
72 22 956
22 69 856
69 22 856
22 80 258
80 22 258
23 32 761
32 23 761
23 56 601
56 23 601
23 33 80
33 23 80
23 30 405
30 23 405
23 48 787
48 23 787
23 30 894
30 23 894
23 50 175
50 23 175
23 25 857
25 23 857
24 65 865
65 24 865
24 65 152
65 24 152
24 27 282
27 24 282
24 60 959
60 24 959
24 56 259
56 24 259
24 42 757
42 24 757
24 38 211
38 24 211
24 24 446
24 24 446
24 43 358
43 24 358
24 29 399
29 24 399
24 52 134
52 24 134
24 70 557
70 24 557
24 69 558
69 24 558
25 28 822
28 25 822
25 39 332
39 25 332
25 47 71
47 25 71
25 27 258
27 25 258
25 36 139
36 25 139
25 38 696
38 25 696
25 25 939
25 25 939
25 51 120
51 25 120
25 55 365
55 25 365
26 79 608
79 26 608
26 79 169
79 26 169
26 74 867
74 26 867
27 43 140
43 27 140
27 41 256
41 27 256
27 35 32
35 27 32
27 29 179
29 27 179
27 35 299
35 27 299
27 75 140
75 27 140
28 30 437
30 28 437
28 52 422
52 28 422
28 83 404
83 28 404
28 87 900
87 28 900
28 73 697
73 28 697
28 51 911
51 28 911
28 79 473
79 28 473
29 44 64
44 29 64
29 48 271
48 29 271
29 57 243
57 29 243
29 45 839
45 29 839
29 43 381
43 29 381
29 44 213
44 29 213
29 35 919
35 29 919
29 50 21
50 29 21
30 71 172
71 30 172
30 68 938
68 30 938
30 75 658
75 30 658
30 66 690
66 30 690
30 41 324
41 30 324
30 55 616
55 30 616
30 59 243
59 30 243
30 72 347
72 30 347
30 33 670
33 30 670
31 46 716
46 31 716
31 69 73
69 31 73
31 46 138
46 31 138
31 33 550
33 31 550
31 41 989
41 31 989
31 40 98
40 31 98
32 59 334
59 32 334
32 34 942
34 32 942
32 57 621
57 32 621
32 41 377
41 32 377
32 54 273
54 32 273
32 52 199
52 32 199
32 36 344
36 32 344
32 45 119
45 32 119
32 52 821
52 32 821
32 39 644
39 32 644
32 33 145
33 32 145
32 52 580
52 32 580
33 55 444
55 33 444
33 74 758
74 33 758
33 58 100
58 33 100
33 52 290
52 33 290
33 84 307
84 33 307
33 54 637
54 33 637
33 50 788
50 33 788
34 43 137
43 34 137
34 61 977
61 34 977
34 86 776
86 34 776
34 48 589
48 34 589
34 40 33
40 34 33
34 49 306
49 34 306
35 53 540
53 35 540
35 45 817
45 35 817
35 73 264
73 35 264
35 37 931
37 35 931
36 67 331
67 36 331
36 50 842
50 36 842
36 75 414
75 36 414
36 41 934
41 36 934
36 64 543
64 36 543
37 39 590
39 37 590
37 39 681
39 37 681
37 74 937
74 37 937
37 62 391
62 37 391
37 56 657
56 37 657
38 70 444
70 38 444
38 42 515
42 38 515
38 38 122
38 38 122
38 59 14
59 38 14
38 82 102
82 38 102
39 52 659
52 39 659
39 69 171
69 39 171
39 80 253
80 39 253
39 73 220
73 39 220
39 45 362
45 39 362
39 44 171
44 39 171
40 41 944
41 40 944
40 46 170
46 40 170
40 55 210
55 40 210
40 72 410
72 40 410
40 58 552
58 40 552
41 57 903
57 41 903
41 50 365
50 41 365
41 82 706
82 41 706
41 56 496
56 41 496
42 73 376
73 42 376
42 76 66
76 42 66
42 75 394
75 42 394
43 68 733
68 43 733
43 75 62
75 43 62
43 56 933
56 43 933
43 81 775
81 43 775
43 49 522
49 43 522
43 50 679
50 43 679
43 87 186
87 43 186
44 54 57
54 44 57
44 85 57
85 44 57
44 79 710
79 44 710
44 45 895
45 44 895
44 53 421
53 44 421
44 54 923
54 44 923
44 46 58
46 44 58
45 84 687
84 45 687
45 86 941
86 45 941
46 86 685
86 46 685
46 73 577
73 46 577
46 58 234
58 46 234
46 48 874
48 46 874
46 57 391
57 46 391
47 67 514
67 47 514
47 68 831
68 47 831
47 52 561
52 47 561
47 63 190
63 47 190
47 74 761
74 47 761
47 61 618
61 47 618
47 86 276
86 47 276
48 79 306
79 48 306
48 74 533
74 48 533
48 66 337
66 48 337
48 69 372
69 48 372
48 63 155
63 48 155
49 59 955
59 49 955
49 52 887
52 49 887
49 61 601
61 49 601
49 62 753
62 49 753
49 49 522
49 49 522
49 80 721
80 49 721
50 81 586
81 50 586
50 54 646
54 50 646
50 78 47
78 50 47
50 71 764
71 50 764
50 75 440
75 50 440
51 56 924
56 51 924
51 58 928
58 51 928
51 59 49
59 51 49
51 80 992
80 51 992
51 73 44
73 51 44
52 79 195
79 52 195
52 84 751
84 52 751
53 64 242
64 53 242
53 54 48
54 53 48
53 61 48
61 53 48
53 79 337
79 53 337
54 75 381
75 54 381
54 80 41
80 54 41
54 59 557
59 54 557
54 85 267
85 54 267
54 57 431
57 54 431
55 62 680
62 55 680
55 62 286
62 55 286
56 56 322
56 56 322
56 79 193
79 56 193
56 81 597
81 56 597
57 58 996
58 57 996
57 86 121
86 57 121
57 87 24
87 57 24
57 76 563
76 57 563
57 87 567
87 57 567
58 62 240
62 58 240
58 69 658
69 58 658
58 80 773
80 58 773
58 64 256
64 58 256
58 62 47
62 58 47
59 71 799
71 59 799
59 73 997
73 59 997
59 81 1
81 59 1
59 78 702
78 59 702
59 87 539
87 59 539
59 71 577
71 59 577
60 81 47
81 60 47
60 83 359
83 60 359
62 83 45
83 62 45
63 68 574
68 63 574
64 84 797
84 64 797
64 84 506
84 64 506
64 65 254
65 64 254
65 86 209
86 65 209
65 84 522
84 65 522
65 78 434
78 65 434
67 71 887
71 67 887
67 79 58
79 67 58
68 70 457
70 68 457
68 78 296
78 68 296
68 77 195
77 68 195
68 70 527
70 68 527
68 77 336
77 68 336
69 85 484
85 69 484
70 82 978
82 70 978
71 85 451
85 71 451
72 87 425
87 72 425
72 78 400
78 72 400
72 86 940
86 72 940
73 84 542
84 73 542
73 79 540
79 73 540
73 77 169
77 73 169
74 78 135
78 74 135
74 77 719
77 74 719
78 87 461
87 78 461
79 85 272
85 79 272
80 84 237
84 80 237
80 83 268
83 80 268
83 85 31
85 83 31
84 87 445
87 84 445
84 87 876
87 84 876
84 85 855
85 84 855
