65

0 1 958
1 0 958
0 4 953
4 0 953
0 16 268
16 0 268
0 24 892
24 0 892
0 28 810
28 0 810
0 46 562
46 0 562
0 40 290
40 0 290
0 13 332
13 0 332
0 63 505
63 0 505
0 31 789
31 0 789
0 47 144
47 0 144
0 18 66
18 0 66
0 51 368
51 0 368
0 52 517
52 0 517
0 47 123
47 0 123
0 27 531
27 0 531
0 60 5
60 0 5
0 39 369
39 0 369
0 37 28
37 0 28
0 59 701
59 0 701
0 33 32
33 0 32
0 27 725
27 0 725
0 23 647
23 0 647
0 63 245
63 0 245
0 15 191
15 0 191
0 17 946
17 0 946
0 45 650
45 0 650
0 34 704
34 0 704
1 2 307
2 1 307
1 3 896
3 1 896
1 6 460
6 1 460
1 9 736
9 1 736
1 21 314
21 1 314
1 23 337
23 1 337
1 56 864
56 1 864
1 50 61
50 1 61
1 47 606
47 1 606
1 44 559
44 1 559
1 20 303
20 1 303
1 40 199
40 1 199
1 57 157
57 1 157
1 63 202
63 1 202
1 64 936
64 1 936
1 8 385
8 1 385
1 53 312
53 1 312
1 25 312
25 1 312
1 16 853
16 1 853
2 48 877
48 2 877
2 41 18
41 2 18
2 32 381
32 2 381
2 10 374
10 2 374
2 31 845
31 2 845
2 3 540
3 2 540
2 34 22
34 2 22
2 33 339
33 2 339
2 7 860
7 2 860
2 37 728
37 2 728
2 42 995
42 2 995
2 62 373
62 2 373
2 23 941
23 2 941
2 64 300
64 2 300
2 22 93
22 2 93
3 5 798
5 3 798
3 8 63
8 3 63
3 18 460
18 3 460
3 22 725
22 3 725
3 35 786
35 3 786
3 4 444
4 3 444
3 55 908
55 3 908
3 54 369
54 3 369
3 34 843
34 3 843
3 26 811
26 3 811
3 43 556
43 3 556
3 25 728
25 3 728
3 22 610
22 3 610
3 61 908
61 3 908
3 14 704
14 3 704
3 16 839
16 3 839
3 4 300
4 3 300
3 22 933
22 3 933
3 29 99
29 3 99
3 10 322
10 3 322
3 32 756
32 3 756
3 9 223
9 3 223
3 4 255
4 3 255
4 30 414
30 4 414
4 32 773
32 4 773
4 52 606
52 4 606
4 60 769
60 4 769
4 11 156
11 4 156
4 13 358
13 4 358
4 52 349
52 4 349
4 25 843
25 4 843
4 26 892
26 4 892
4 28 981
28 4 981
4 8 851
8 4 851
4 63 465
63 4 465
4 10 116
10 4 116
4 57 97
57 4 97
4 4 325
4 4 325
4 25 832
25 4 832
4 16 107
16 4 107
4 61 866
61 4 866
4 10 878
10 4 878
4 60 202
60 4 202
4 34 367
34 4 367
4 20 376
20 4 376
4 64 903
64 4 903
4 38 983
38 4 983
4 17 901
17 4 901
4 23 38
23 4 38
4 60 953
60 4 953
5 20 673
20 5 673
5 26 270
26 5 270
5 20 567
20 5 567
5 35 575
35 5 575
5 30 891
30 5 891
5 31 466
31 5 466
5 38 227
38 5 227
5 30 480
30 5 480
5 11 929
11 5 929
5 59 931
59 5 931
5 14 148
14 5 148
5 41 457
41 5 457
5 22 490
22 5 490
5 38 597
38 5 597
5 57 195
57 5 195
5 51 805
51 5 805
5 62 574
62 5 574
5 34 783
34 5 783
5 29 207
29 5 207
5 19 999
19 5 999
6 7 499
7 6 499
6 10 373
10 6 373
6 11 405
11 6 405
6 27 54
27 6 54
6 37 892
37 6 892
6 39 760
39 6 760
6 61 226
61 6 226
6 55 588
55 6 588
6 53 624
53 6 624
6 32 389
32 6 389
6 24 499
24 6 499
6 19 612
19 6 612
6 60 349
60 6 349
6 8 667
8 6 667
6 61 578
61 6 578
6 11 663
11 6 663
6 16 479
16 6 479
6 9 189
9 6 189
6 13 457
13 6 457
7 12 304
12 7 304
7 15 102
15 7 102
7 23 52
23 7 52
7 38 722
38 7 722
7 35 786
35 7 786
7 12 102
12 7 102
7 32 331
32 7 331
7 20 681
20 7 681
7 34 569
34 7 569
7 22 634
22 7 634
7 34 645
34 7 645
7 18 18
18 7 18
7 35 598
35 7 598
7 53 133
53 7 133
7 49 590
49 7 590
7 49 528
49 7 528
7 52 707
52 7 707
7 52 791
52 7 791
7 8 495
8 7 495
7 25 175
25 7 175
7 25 436
25 7 436
8 31 617
31 8 617
8 12 516
12 8 516
8 15 27
15 8 27
8 62 774
62 8 774
8 41 800
41 8 800
8 20 454
20 8 454
8 52 109
52 8 109
8 38 245
38 8 245
8 53 594
53 8 594
8 60 830
60 8 830
8 44 958
44 8 958
8 46 719
46 8 719
8 30 93
30 8 93
8 23 358
23 8 358
8 9 309
9 8 309
8 13 331
13 8 331
8 64 176
64 8 176
8 61 76
61 8 76
8 9 316
9 8 316
8 59 166
59 8 166
8 61 553
61 8 553
8 19 20
19 8 20
8 29 562
29 8 562
8 22 584
22 8 584
8 45 586
45 8 586
9 13 536
13 9 536
9 14 995
14 9 995
9 34 677
34 9 677
9 41 346
41 9 346
9 26 879
26 9 879
9 51 241
51 9 241
9 24 445
24 9 445
9 30 213
30 9 213
9 54 278
54 9 278
9 31 273
31 9 273
9 19 752
19 9 752
9 59 291
59 9 291
9 57 857
57 9 857
9 24 674
24 9 674
9 51 627
51 9 627
9 38 517
38 9 517
9 25 949
25 9 949
9 36 241
36 9 241
10 17 207
17 10 207
10 19 676
19 10 676
10 50 81
50 10 81
10 29 34
29 10 34
10 13 583
13 10 583
10 19 20
19 10 20
10 38 52
38 10 52
10 23 762
23 10 762
10 33 89
33 10 89
10 41 30
41 10 30
10 16 919
16 10 919
10 21 995
21 10 995
10 53 441
53 10 441
10 13 897
13 10 897
10 60 179
60 10 179
10 50 848
50 10 848
10 49 930
49 10 930
10 12 427
12 10 427
10 23 277
23 10 277
10 30 795
30 10 795
10 45 571
45 10 571
11 47 14
47 11 14
11 14 714
14 11 714
11 17 227
17 11 227
11 47 638
47 11 638
11 28 167
28 11 167
11 52 155
52 11 155
11 34 396
34 11 396
11 18 240
18 11 240
11 52 441
52 11 441
11 23 373
23 11 373
11 33 423
33 11 423
11 37 707
37 11 707
12 45 481
45 12 481
12 21 828
21 12 828
12 53 383
53 12 383
12 26 966
26 12 966
12 63 890
63 12 890
12 45 173
45 12 173
12 44 34
44 12 34
12 25 125
25 12 125
12 28 952
28 12 952
12 52 407
52 12 407
12 18 709
18 12 709
12 50 544
50 12 544
12 43 884
43 12 884
12 23 340
23 12 340
12 50 480
50 12 480
13 29 780
29 13 780
13 54 84
54 13 84
13 46 612
46 13 612
13 18 934
18 13 934
13 50 806
50 13 806
13 54 281
54 13 281
13 17 104
17 13 104
13 57 725
57 13 725
13 63 990
63 13 990
13 26 406
26 13 406
13 54 530
54 13 530
13 42 979
42 13 979
14 57 985
57 14 985
14 14 613
14 14 613
14 22 728
22 14 728
14 31 380
31 14 380
14 55 527
55 14 527
14 23 447
23 14 447
14 55 164
55 14 164
14 55 964
55 14 964
14 59 185
59 14 185
14 63 208
63 14 208
14 48 426
48 14 426
14 37 424
37 14 424
14 44 332
44 14 332
14 60 123
60 14 123
14 29 19
29 14 19
15 60 917
60 15 917
15 50 509
50 15 509
15 27 561
27 15 561
15 51 496
51 15 496
15 46 65
46 15 65
15 47 820
47 15 820
15 42 603
42 15 603
15 18 370
18 15 370
15 18 195
18 15 195
15 44 62
44 15 62
15 24 982
24 15 982
15 35 628
35 15 628
15 57 35
57 15 35
15 30 48
30 15 48
15 22 316
22 15 316
15 49 353
49 15 353
15 36 309
36 15 309
15 30 164
30 15 164
15 60 366
60 15 366
15 37 471
37 15 471
15 35 869
35 15 869
16 36 599
36 16 599
16 59 113
59 16 113
16 46 312
46 16 312
16 52 888
52 16 888
16 18 970
18 16 970
16 16 300
16 16 300
16 52 766
52 16 766
16 35 653
35 16 653
16 49 315
49 16 315
16 59 970
59 16 970
16 18 712
18 16 712
17 25 62
25 17 62
17 39 397
39 17 397
17 39 305
39 17 305
17 40 515
40 17 515
17 21 909
21 17 909
17 57 330
57 17 330
17 39 477
39 17 477
17 24 597
24 17 597
17 50 496
50 17 496
17 48 435
48 17 435
17 24 302
24 17 302
17 57 329
57 17 329
17 52 806
52 17 806
17 32 970
32 17 970
17 23 739
23 17 739
17 43 713
43 17 713
17 48 10
48 17 10
17 40 166
40 17 166
17 61 592
61 17 592
17 55 369
55 17 369
17 57 846
57 17 846
17 27 24
27 17 24
17 63 491
63 17 491
17 47 950
47 17 950
17 28 267
28 17 267
18 46 977
46 18 977
18 32 738
32 18 738
18 22 690
22 18 690
18 53 72
53 18 72
18 22 924
22 18 924
18 42 723
42 18 723
18 62 911
62 18 911
18 41 374
41 18 374
18 46 642
46 18 642
18 31 989
31 18 989
18 41 491
41 18 491
18 39 774
39 18 774
18 58 517
58 18 517
18 59 429
59 18 429
18 50 118
50 18 118
18 32 194
32 18 194
18 42 291
42 18 291
18 54 381
54 18 381
19 36 916
36 19 916
19 21 387
21 19 387
19 61 544
61 19 544
19 21 164
21 19 164
19 48 813
48 19 813
19 24 357
24 19 357
19 38 203
38 19 203
19 48 797
48 19 797
19 41 597
41 19 597
19 41 584
41 19 584
19 22 561
22 19 561
19 56 294
56 19 294
19 38 58
38 19 58
19 29 648
29 19 648
19 58 91
58 19 91
20 42 896
42 20 896
20 43 366
43 20 366
20 44 598
44 20 598
20 38 282
38 20 282
20 49 403
49 20 403
20 39 753
39 20 753
20 59 812
59 20 812
20 34 573
34 20 573
20 64 504
64 20 504
20 38 279
38 20 279
20 36 220
36 20 220
20 54 737
54 20 737
20 46 379
46 20 379
20 59 909
59 20 909
20 40 250
40 20 250
21 64 335
64 21 335
21 44 195
44 21 195
21 64 174
64 21 174
21 39 723
39 21 723
21 39 116
39 21 116
21 40 736
40 21 736
21 28 382
28 21 382
21 28 193
28 21 193
21 55 4
55 21 4
21 26 614
26 21 614
21 33 517
33 21 517
21 50 48
50 21 48
21 49 717
49 21 717
21 22 447
22 21 447
21 30 248
30 21 248
22 61 260
61 22 260
22 59 174
59 22 174
22 31 110
31 22 110
22 49 517
49 22 517
22 29 259
29 22 259
22 26 609
26 22 609
22 56 599
56 22 599
22 26 869
26 22 869
22 24 361
24 22 361
23 47 479
47 23 479
23 36 882
36 23 882
23 58 451
58 23 451
23 55 821
55 23 821
23 41 377
41 23 377
23 62 822
62 23 822
23 64 580
64 23 580
23 56 985
56 23 985
23 50 555
50 23 555
23 59 746
59 23 746
23 26 885
26 23 885
23 56 969
56 23 969
23 35 368
35 23 368
23 29 437
29 23 437
23 54 991
54 23 991
24 48 250
48 24 250
24 49 332
49 24 332
24 58 384
58 24 384
24 33 575
33 24 575
24 50 879
50 24 879
24 59 939
59 24 939
24 25 151
25 24 151
24 33 825
33 24 825
24 57 368
57 24 368
24 56 966
56 24 966
24 36 964
36 24 964
24 34 294
34 24 294
24 64 639
64 24 639
25 63 498
63 25 498
25 61 893
61 25 893
25 39 836
39 25 836
25 61 987
61 25 987
25 61 617
61 25 617
25 28 700
28 25 700
25 59 802
59 25 802
25 34 70
34 25 70
25 44 342
44 25 342
25 42 420
42 25 420
25 48 534
48 25 534
25 50 15
50 25 15
25 25 955
25 25 955
26 40 156
40 26 156
26 29 329
29 26 329
26 32 555
32 26 555
26 27 922
27 26 922
26 49 359
49 26 359
26 32 339
32 26 339
26 39 259
39 26 259
26 57 767
57 26 767
26 45 919
45 26 919
26 33 183
33 26 183
26 34 197
34 26 197
26 47 871
47 26 871
27 30 690
30 27 690
27 30 532
30 27 532
27 30 247
30 27 247
27 55 635
55 27 635
27 33 95
33 27 95
27 35 325
35 27 325
27 43 855
43 27 855
27 54 432
54 27 432
27 64 731
64 27 731
27 55 323
55 27 323
27 42 157
42 27 157
27 54 863
54 27 863
28 51 399
51 28 399
28 56 667
56 28 667
28 54 93
54 28 93
28 53 501
53 28 501
28 43 541
43 28 541
28 51 417
51 28 417
28 60 308
60 28 308
28 42 313
42 28 313
28 34 766
34 28 766
28 36 341
36 28 341
28 49 924
49 28 924
29 33 511
33 29 511
29 31 39
31 29 39
29 34 237
34 29 237
29 64 855
64 29 855
29 33 504
33 29 504
29 48 227
48 29 227
29 55 95
55 29 95
29 40 853
40 29 853
29 30 436
30 29 436
30 61 54
61 30 54
30 53 175
53 30 175
30 58 779
58 30 779
30 59 567
59 30 567
31 40 789
40 31 789
31 45 760
45 31 760
31 33 542
33 31 542
31 33 66
33 31 66
31 38 676
38 31 676
31 63 216
63 31 216
31 38 647
38 31 647
32 60 118
60 32 118
32 52 690
52 32 690
32 62 370
62 32 370
32 49 665
49 32 665
32 56 713
56 32 713
32 56 252
56 32 252
32 36 576
36 32 576
32 59 355
59 32 355
32 34 273
34 32 273
32 56 391
56 32 391
32 34 747
34 32 747
32 47 851
47 32 851
32 56 425
56 32 425
33 44 454
44 33 454
33 63 323
63 33 323
33 36 100
36 33 100
33 40 701
40 33 701
33 45 533
45 33 533
33 63 426
63 33 426
33 63 913
63 33 913
33 48 546
48 33 546
33 49 720
49 33 720
33 64 507
64 33 507
33 34 66
34 33 66
33 33 893
33 33 893
33 50 455
50 33 455
33 43 285
43 33 285
33 52 716
52 33 716
33 38 959
38 33 959
34 54 619
54 34 619
34 47 971
47 34 971
34 41 208
41 34 208
34 63 183
63 34 183
34 43 690
43 34 690
35 62 948
62 35 948
35 59 749
59 35 749
35 61 74
61 35 74
35 51 827
51 35 827
35 60 985
60 35 985
35 42 561
42 35 561
35 58 494
58 35 494
35 62 844
62 35 844
35 49 471
49 35 471
35 47 74
47 35 74
36 58 41
58 36 41
36 45 378
45 36 378
36 37 256
37 36 256
36 57 348
57 36 348
36 63 334
63 36 334
36 56 367
56 36 367
37 61 413
61 37 413
37 57 573
57 37 573
37 38 590
38 37 590
37 62 662
62 37 662
37 51 546
51 37 546
37 55 414
55 37 414
37 37 691
37 37 691
37 53 103
53 37 103
37 60 591
60 37 591
37 42 953
42 37 953
37 47 126
47 37 126
37 57 575
57 37 575
37 39 641
39 37 641
37 45 253
45 37 253
38 54 709
54 38 709
38 54 44
54 38 44
38 48 437
48 38 437
38 62 387
62 38 387
38 49 345
49 38 345
38 50 352
50 38 352
38 54 574
54 38 574
38 48 207
48 38 207
38 61 952
61 38 952
38 50 155
50 38 155
39 54 475
54 39 475
39 55 882
55 39 882
39 46 672
46 39 672
39 42 995
42 39 995
39 53 747
53 39 747
39 45 268
45 39 268
39 58 882
58 39 882
39 61 1
61 39 1
39 51 212
51 39 212
39 55 840
55 39 840
39 59 854
59 39 854
39 41 667
41 39 667
39 63 943
63 39 943
40 53 192
53 40 192
40 51 989
51 40 989
40 59 473
59 40 473
40 46 353
46 40 353
40 53 75
53 40 75
40 44 847
44 40 847
40 52 431
52 40 431
40 50 87
50 40 87
41 52 626
52 41 626
41 64 767
64 41 767
41 51 969
51 41 969
41 60 132
60 41 132
41 60 66
60 41 66
41 43 654
43 41 654
42 43 897
43 42 897
42 49 213
49 42 213
42 62 788
62 42 788
42 62 912
62 42 912
42 58 207
58 42 207
42 48 762
48 42 762
42 63 509
63 42 509
42 61 901
61 42 901
43 63 789
63 43 789
43 51 463
51 43 463
43 63 876
63 43 876
43 51 558
51 43 558
43 44 377
44 43 377
43 64 937
64 43 937
43 45 205
45 43 205
44 56 322
56 44 322
44 48 464
48 44 464
44 49 876
49 44 876
44 62 877
62 44 877
44 60 624
60 44 624
44 56 590
56 44 590
44 49 931
49 44 931
45 59 137
59 45 137
45 55 312
55 45 312
45 51 917
51 45 917
45 52 282
52 45 282
46 52 765
52 46 765
46 51 676
51 46 676
46 53 935
53 46 935
46 63 897
63 46 897
46 57 847
57 46 847
46 58 183
58 46 183
46 61 730
61 46 730
47 54 400
54 47 400
47 53 127
53 47 127
47 48 102
48 47 102
47 53 519
53 47 519
48 50 194
50 48 194
48 50 170
50 48 170
48 59 987
59 48 987
48 62 969
62 48 969
48 59 472
59 48 472
48 53 285
53 48 285
49 63 226
63 49 226
49 62 171
62 49 171
49 57 767
57 49 767
49 61 241
61 49 241
49 59 487
59 49 487
49 56 596
56 49 596
50 55 322
55 50 322
50 56 883
56 50 883
50 52 862
52 50 862
50 51 409
51 50 409
50 58 265
58 50 265
50 61 172
61 50 172
50 57 48
57 50 48
51 54 818
54 51 818
51 52 773
52 51 773
51 54 568
54 51 568
51 63 747
63 51 747
51 56 482
56 51 482
51 52 916
52 51 916
51 52 283
52 51 283
52 58 354
58 52 354
52 62 977
62 52 977
52 53 539
53 52 539
52 56 881
56 52 881
52 60 924
60 52 924
53 64 291
64 53 291
53 64 131
64 53 131
53 57 668
57 53 668
53 54 174
54 53 174
53 55 155
55 53 155
54 55 595
55 54 595
54 55 127
55 54 127
54 56 466
56 54 466
54 57 37
57 54 37
55 61 943
61 55 943
55 62 903
62 55 903
57 60 348
60 57 348
58 60 569
60 58 569
60 63 205
63 60 205
61 62 758
62 61 758
62 62 959
62 62 959
63 63 780
63 63 780
