18

0 1 951
1 0 951
0 11 150
11 0 150
0 13 977
13 0 977
0 12 954
12 0 954
0 12 69
12 0 69
0 11 115
11 0 115
0 13 56
13 0 56
1 2 2
2 1 2
1 6 553
6 1 553
1 14 103
14 1 103
1 6 503
6 1 503
1 3 977
3 1 977
1 12 178
12 1 178
1 9 516
9 1 516
1 12 595
12 1 595
1 9 444
9 1 444
1 11 706
11 1 706
1 1 323
1 1 323
1 16 961
16 1 961
1 2 808
2 1 808
2 3 882
3 2 882
2 4 444
4 2 444
2 5 671
5 2 671
2 9 659
9 2 659
2 7 244
7 2 244
2 5 481
5 2 481
2 12 76
12 2 76
2 5 551
5 2 551
2 7 893
7 2 893
2 10 333
10 2 333
3 8 817
8 3 817
3 3 932
3 3 932
3 7 15
7 3 15
3 3 284
3 3 284
3 4 513
4 3 513
3 5 293
5 3 293
3 8 325
8 3 325
3 5 226
5 3 226
3 17 910
17 3 910
4 8 847
8 4 847
5 7 953
7 5 953
5 15 471
15 5 471
5 17 682
17 5 682
5 14 538
14 5 538
5 14 750
14 5 750
5 9 668
9 5 668
5 7 936
7 5 936
5 8 61
8 5 61
6 17 730
17 6 730
6 9 167
9 6 167
6 10 14
10 6 14
6 11 987
11 6 987
6 13 109
13 6 109
7 13 127
13 7 127
7 14 82
14 7 82
8 16 18
16 8 18
8 15 396
15 8 396
8 10 339
10 8 339
9 10 140
10 9 140
9 17 123
17 9 123
9 11 535
11 9 535
10 12 741
12 10 741
10 13 654
13 10 654
10 11 557
11 10 557
10 13 930
13 10 930
10 13 543
13 10 543
10 17 562
17 10 562
10 11 716
11 10 716
10 15 463
15 10 463
11 14 71
14 11 71
12 13 217
13 12 217
12 17 30
17 12 30
12 16 149
16 12 149
13 17 84
17 13 84
13 14 486
14 13 486
14 17 751
17 14 751
15 17 272
17 15 272
15 16 230
16 15 230
16 17 501
17 16 501
17 17 419
17 17 419
