26

0 1 267
1 0 267
0 3 338
3 0 338
0 4 329
4 0 329
0 9 797
9 0 797
0 1 185
1 0 185
0 22 382
22 0 382
1 2 192
2 1 192
1 18 256
18 1 256
1 23 962
23 1 962
1 22 652
22 1 652
2 8 364
8 2 364
2 16 406
16 2 406
2 25 522
25 2 522
2 10 998
10 2 998
3 5 507
5 3 507
3 6 842
6 3 842
3 20 744
20 3 744
3 9 696
9 3 696
3 7 932
7 3 932
3 20 506
20 3 506
3 24 732
24 3 732
4 25 334
25 4 334
4 18 367
18 4 367
4 8 10
8 4 10
4 4 766
4 4 766
4 18 713
18 4 713
4 15 129
15 4 129
5 11 178
11 5 178
5 16 292
16 5 292
5 25 471
25 5 471
5 9 206
9 5 206
6 7 565
7 6 565
6 6 991
6 6 991
6 11 960
11 6 960
6 20 220
20 6 220
6 13 756
13 6 756
6 14 841
14 6 841
7 10 478
10 7 478
7 14 84
14 7 84
7 8 62
8 7 62
7 11 468
11 7 468
8 15 782
15 8 782
8 9 751
9 8 751
8 12 342
12 8 342
9 10 628
10 9 628
9 10 509
10 9 509
10 12 32
12 10 32
10 14 972
14 10 972
10 18 25
18 10 25
10 19 744
19 10 744
10 17 42
17 10 42
10 22 35
22 10 35
10 19 226
19 10 226
11 13 851
13 11 851
11 24 79
24 11 79
11 11 938
11 11 938
11 21 190
21 11 190
12 12 516
12 12 516
12 18 897
18 12 897
13 22 607
22 13 607
14 19 698
19 14 698
15 17 112
17 15 112
15 17 257
17 15 257
15 18 902
18 15 902
15 23 63
23 15 63
16 17 895
17 16 895
16 18 37
18 16 37
16 17 470
17 16 470
17 21 332
21 17 332
17 22 574
22 17 574
17 18 657
18 17 657
18 22 992
22 18 992
18 21 338
21 18 338
18 21 735
21 18 735
18 25 714
25 18 714
19 25 157
25 19 157
20 23 165
23 20 165
20 23 913
23 20 913
21 24 720
24 21 720
21 25 589
25 21 589
