11

0 1 249
1 0 249
0 2 637
2 0 637
0 8 748
8 0 748
0 1 488
1 0 488
0 5 477
5 0 477
0 1 571
1 0 571
0 10 954
10 0 954
0 5 236
5 0 236
1 3 28
3 1 28
1 4 939
4 1 939
1 6 425
6 1 425
1 10 131
10 1 131
1 10 236
10 1 236
1 7 499
7 1 499
1 8 858
8 1 858
1 10 661
10 1 661
2 3 373
3 2 373
2 4 812
4 2 812
2 4 119
4 2 119
2 5 462
5 2 462
2 3 722
3 2 722
2 7 736
7 2 736
2 8 14
8 2 14
3 10 24
10 3 24
3 8 675
8 3 675
4 5 290
5 4 290
4 7 743
7 4 743
4 9 319
9 4 319
4 6 303
6 4 303
5 6 472
6 5 472
5 6 826
6 5 826
5 9 560
9 5 560
5 5 923
5 5 923
5 8 63
8 5 63
6 9 745
9 6 745
6 9 981
9 6 981
6 7 686
7 6 686
7 10 467
10 7 467
7 7 32
7 7 32
7 9 2
9 7 2
7 10 798
10 7 798
7 10 135
10 7 135
7 7 167
7 7 167
8 10 771
10 8 771
8 10 4
10 8 4
8 8 488
8 8 488
8 10 300
10 8 300
9 10 367
10 9 367
10 10 798
10 10 798
