36

0 1 443
1 0 443
0 3 66
3 0 66
0 20 475
20 0 475
0 8 19
8 0 19
0 2 575
2 0 575
0 14 399
14 0 399
0 4 258
4 0 258
0 17 601
17 0 601
0 28 836
28 0 836
1 2 404
2 1 404
1 4 887
4 1 887
1 14 363
14 1 363
1 26 593
26 1 593
1 8 84
8 1 84
1 23 823
23 1 823
1 32 553
32 1 553
1 16 919
16 1 919
1 27 418
27 1 418
1 13 470
13 1 470
1 6 831
6 1 831
1 22 94
22 1 94
1 13 707
13 1 707
1 13 512
13 1 512
2 16 103
16 2 103
2 28 559
28 2 559
2 20 125
20 2 125
2 34 779
34 2 779
2 31 92
31 2 92
2 8 477
8 2 477
2 9 142
9 2 142
3 7 330
7 3 330
3 11 43
11 3 43
3 7 996
7 3 996
3 35 136
35 3 136
3 10 817
10 3 817
4 5 196
5 4 196
4 6 581
6 4 581
4 8 989
8 4 989
4 31 548
31 4 548
4 11 837
11 4 837
4 29 149
29 4 149
4 27 831
27 4 831
4 14 869
14 4 869
4 5 19
5 4 19
4 26 239
26 4 239
4 15 564
15 4 564
5 13 460
13 5 460
5 22 559
22 5 559
5 34 833
34 5 833
5 7 797
7 5 797
5 21 852
21 5 852
5 14 624
14 5 624
6 10 368
10 6 368
6 17 646
17 6 646
6 27 811
27 6 811
6 27 889
27 6 889
7 9 624
9 7 624
7 20 435
20 7 435
7 12 231
12 7 231
7 25 159
25 7 159
7 19 157
19 7 157
8 12 393
12 8 393
8 24 610
24 8 610
8 14 857
14 8 857
8 28 403
28 8 403
8 9 127
9 8 127
8 17 304
17 8 304
8 9 129
9 8 129
8 34 227
34 8 227
9 15 345
15 9 345
9 24 575
24 9 575
9 31 441
31 9 441
9 16 508
16 9 508
9 19 551
19 9 551
10 31 419
31 10 419
10 22 515
22 10 515
10 13 232
13 10 232
10 15 736
15 10 736
10 11 488
11 10 488
10 10 890
10 10 890
10 28 654
28 10 654
11 27 293
27 11 293
11 20 863
20 11 863
11 26 773
26 11 773
11 27 254
27 11 254
11 25 458
25 11 458
11 18 718
18 11 718
12 33 279
33 12 279
12 28 775
28 12 775
12 15 671
15 12 671
12 29 77
29 12 77
12 29 806
29 12 806
12 25 366
25 12 366
12 30 502
30 12 502
12 31 135
31 12 135
12 19 823
19 12 823
12 24 318
24 12 318
13 19 364
19 13 364
13 18 349
18 13 349
13 30 536
30 13 536
13 26 277
26 13 277
13 19 417
19 13 417
13 30 711
30 13 711
13 18 46
18 13 46
13 30 437
30 13 437
13 33 487
33 13 487
14 18 79
18 14 79
14 19 108
19 14 108
14 21 809
21 14 809
14 19 290
19 14 290
14 23 894
23 14 894
15 24 994
24 15 994
16 23 646
23 16 646
16 34 820
34 16 820
16 24 284
24 16 284
16 34 570
34 16 570
16 33 475
33 16 475
16 19 518
19 16 518
16 35 254
35 16 254
16 23 723
23 16 723
17 33 179
33 17 179
17 21 76
21 17 76
17 34 17
34 17 17
17 20 431
20 17 431
18 25 896
25 18 896
18 30 883
30 18 883
18 24 238
24 18 238
18 22 613
22 18 613
18 25 353
25 18 353
18 26 233
26 18 233
18 27 117
27 18 117
18 18 128
18 18 128
18 20 634
20 18 634
19 21 386
21 19 386
19 21 514
21 19 514
19 23 100
23 19 100
19 30 988
30 19 988
19 22 552
22 19 552
19 28 820
28 19 820
19 27 669
27 19 669
20 22 963
22 20 963
20 22 765
22 20 765
20 31 961
31 20 961
20 33 341
33 20 341
20 33 1000
33 20 1000
21 31 278
31 21 278
22 25 340
25 22 340
23 35 69
35 23 69
23 27 177
27 23 177
23 31 898
31 23 898
24 29 898
29 24 898
24 28 228
28 24 228
24 27 670
27 24 670
24 31 853
31 24 853
25 35 669
35 25 669
26 35 386
35 26 386
26 35 122
35 26 122
27 33 778
33 27 778
27 34 780
34 27 780
27 34 805
34 27 805
29 30 660
30 29 660
29 32 197
32 29 197
30 32 885
32 30 885
30 33 939
33 30 939
30 34 669
34 30 669
30 33 165
33 30 165
31 32 51
32 31 51
31 34 815
34 31 815
32 32 239
32 32 239
32 32 562
32 32 562
33 35 479
35 33 479
33 34 20
34 33 20
33 34 213
34 33 213
