50

0 1 45
1 0 45
0 2 160
2 0 160
0 11 921
11 0 921
0 36 975
36 0 975
0 15 102
15 0 102
0 36 934
36 0 934
0 24 437
24 0 437
0 49 148
49 0 148
0 6 444
6 0 444
0 37 132
37 0 132
0 35 849
35 0 849
0 29 459
29 0 459
0 20 814
20 0 814
0 2 94
2 0 94
0 29 699
29 0 699
0 7 985
7 0 985
0 25 599
25 0 599
0 11 678
11 0 678
0 44 954
44 0 954
0 10 899
10 0 899
0 12 886
12 0 886
0 31 601
31 0 601
0 9 117
9 0 117
0 1 646
1 0 646
0 36 759
36 0 759
0 26 44
26 0 44
0 14 316
14 0 316
0 9 214
9 0 214
1 47 668
47 1 668
1 12 681
12 1 681
1 30 679
30 1 679
1 30 940
30 1 940
1 3 870
3 1 870
1 40 938
40 1 938
1 19 490
19 1 490
1 19 625
19 1 625
1 46 196
46 1 196
1 22 320
22 1 320
1 22 264
22 1 264
1 15 322
15 1 322
1 40 818
40 1 818
1 9 184
9 1 184
1 41 987
41 1 987
1 49 330
49 1 330
1 13 776
13 1 776
1 41 752
41 1 752
1 42 964
42 1 964
1 2 713
2 1 713
1 23 75
23 1 75
1 43 602
43 1 602
1 39 508
39 1 508
1 40 372
40 1 372
1 12 568
12 1 568
2 3 214
3 2 214
2 19 643
19 2 643
2 15 203
15 2 203
2 29 558
29 2 558
2 22 987
22 2 987
2 23 648
23 2 648
2 45 876
45 2 876
2 45 140
45 2 140
2 19 87
19 2 87
2 37 652
37 2 652
2 41 67
41 2 67
2 27 853
27 2 853
2 17 953
17 2 953
2 31 699
31 2 699
2 16 348
16 2 348
2 44 245
44 2 245
2 38 70
38 2 70
2 5 882
5 2 882
2 43 123
43 2 123
2 40 233
40 2 233
2 41 453
41 2 453
3 4 466
4 3 466
3 5 442
5 3 442
3 9 232
9 3 232
3 10 938
10 3 938
3 25 838
25 3 838
3 29 294
29 3 294
3 43 882
43 3 882
3 14 159
14 3 159
3 31 344
31 3 344
3 24 480
24 3 480
3 49 938
49 3 938
3 27 777
27 3 777
3 8 156
8 3 156
3 17 814
17 3 814
3 46 920
46 3 920
3 42 777
42 3 777
3 44 654
44 3 654
3 4 206
4 3 206
3 13 827
13 3 827
3 29 809
29 3 809
3 43 44
43 3 44
3 17 193
17 3 193
3 22 585
22 3 585
3 25 567
25 3 567
3 20 354
20 3 354
3 9 615
9 3 615
3 25 30
25 3 30
4 6 776
6 4 776
4 12 798
12 4 798
4 46 982
46 4 982
4 35 152
35 4 152
4 6 954
6 4 954
4 10 597
10 4 597
4 18 841
18 4 841
4 30 45
30 4 45
4 33 919
33 4 919
4 43 108
43 4 108
4 6 924
6 4 924
4 18 795
18 4 795
4 20 75
20 4 75
4 37 21
37 4 21
4 21 422
21 4 422
4 41 419
41 4 419
4 12 938
12 4 938
4 40 451
40 4 451
5 32 379
32 5 379
5 14 578
14 5 578
5 32 64
32 5 64
5 24 427
24 5 427
5 26 496
26 5 496
5 28 925
28 5 925
5 46 43
46 5 43
5 34 762
34 5 762
5 11 493
11 5 493
5 12 235
12 5 235
5 31 57
31 5 57
5 13 219
13 5 219
5 8 826
8 5 826
5 40 782
40 5 782
5 45 768
45 5 768
5 38 786
38 5 786
5 41 472
41 5 472
5 37 1
37 5 1
5 6 48
6 5 48
5 23 983
23 5 983
5 20 199
20 5 199
5 8 581
8 5 581
5 36 84
36 5 84
5 7 907
7 5 907
5 24 305
24 5 305
5 43 11
43 5 11
5 10 824
10 5 824
6 7 728
7 6 728
6 8 524
8 6 524
6 18 996
18 6 996
6 25 816
25 6 816
6 29 958
29 6 958
6 35 536
35 6 536
6 15 311
15 6 311
6 49 376
49 6 376
6 17 782
17 6 782
6 26 231
26 6 231
6 36 373
36 6 373
6 28 675
28 6 675
6 35 872
35 6 872
6 31 37
31 6 37
6 26 585
26 6 585
6 21 403
21 6 403
6 16 397
16 6 397
6 27 784
27 6 784
7 13 37
13 7 37
7 35 138
35 7 138
7 30 371
30 7 371
7 21 337
21 7 337
7 39 282
39 7 282
7 17 68
17 7 68
7 11 337
11 7 337
7 17 143
17 7 143
7 22 733
22 7 733
7 40 772
40 7 772
7 37 934
37 7 934
7 12 817
12 7 817
7 47 738
47 7 738
7 10 263
10 7 263
7 30 386
30 7 386
7 40 421
40 7 421
7 9 399
9 7 399
7 15 219
15 7 219
7 46 230
46 7 230
7 46 936
46 7 936
7 18 876
18 7 876
7 34 137
34 7 137
7 23 679
23 7 679
8 28 493
28 8 493
8 32 638
32 8 638
8 49 546
49 8 546
8 46 789
46 8 789
8 20 43
20 8 43
8 24 192
24 8 192
8 35 632
35 8 632
8 16 696
16 8 696
8 48 929
48 8 929
8 32 300
32 8 300
8 41 245
41 8 245
8 40 850
40 8 850
8 17 138
17 8 138
8 47 360
47 8 360
8 48 716
48 8 716
8 42 631
42 8 631
8 41 151
41 8 151
8 27 155
27 8 155
8 27 684
27 8 684
8 35 693
35 8 693
8 47 717
47 8 717
9 20 533
20 9 533
9 48 319
48 9 319
9 12 305
12 9 305
9 29 910
29 9 910
9 26 204
26 9 204
9 12 45
12 9 45
9 12 648
12 9 648
9 42 740
42 9 740
9 49 902
49 9 902
9 34 935
34 9 935
9 23 912
23 9 912
9 31 853
31 9 853
9 35 930
35 9 930
9 38 891
38 9 891
9 14 671
14 9 671
9 34 682
34 9 682
9 21 202
21 9 202
9 25 160
25 9 160
9 15 217
15 9 217
9 19 864
19 9 864
9 33 392
33 9 392
9 24 702
24 9 702
9 34 187
34 9 187
9 43 635
43 9 635
9 24 911
24 9 911
10 15 606
15 10 606
10 16 878
16 10 878
10 17 567
17 10 567
10 21 838
21 10 838
10 11 969
11 10 969
10 47 153
47 10 153
10 19 344
19 10 344
10 47 239
47 10 239
10 29 207
29 10 207
10 24 556
24 10 556
10 20 391
20 10 391
10 34 8
34 10 8
10 36 944
36 10 944
10 34 567
34 10 567
10 40 529
40 10 529
10 37 336
37 10 336
10 25 364
25 10 364
10 39 11
39 10 11
10 39 261
39 10 261
10 32 59
32 10 59
10 18 443
18 10 443
10 22 727
22 10 727
10 23 783
23 10 783
10 39 558
39 10 558
10 42 179
42 10 179
10 23 984
23 10 984
10 25 646
25 10 646
11 14 865
14 11 865
11 43 545
43 11 545
11 22 547
22 11 547
11 30 318
30 11 318
11 26 153
26 11 153
11 46 835
46 11 835
11 23 363
23 11 363
11 34 932
34 11 932
11 33 658
33 11 658
11 13 803
13 11 803
11 42 162
42 11 162
11 25 229
25 11 229
11 47 164
47 11 164
11 11 269
11 11 269
11 19 810
19 11 810
11 13 628
13 11 628
11 22 968
22 11 968
11 23 198
23 11 198
11 42 107
42 11 107
11 49 274
49 11 274
11 22 454
22 11 454
12 26 886
26 12 886
12 40 567
40 12 567
12 27 417
27 12 417
12 39 53
39 12 53
12 40 977
40 12 977
12 17 361
17 12 361
12 48 596
48 12 596
12 18 948
18 12 948
12 32 519
32 12 519
12 44 453
44 12 453
12 45 473
45 12 473
12 16 160
16 12 160
12 40 476
40 12 476
12 29 630
29 12 630
12 23 151
23 12 151
12 46 76
46 12 76
12 49 168
49 12 168
12 42 340
42 12 340
12 22 703
22 12 703
13 37 395
37 13 395
13 27 435
27 13 435
13 45 496
45 13 496
13 24 649
24 13 649
13 39 517
39 13 517
13 23 774
23 13 774
13 42 280
42 13 280
13 17 171
17 13 171
13 31 24
31 13 24
13 30 106
30 13 106
14 23 547
23 14 547
14 37 325
37 14 325
14 16 817
16 14 817
14 17 552
17 14 552
14 35 97
35 14 97
14 33 191
33 14 191
14 35 457
35 14 457
14 31 477
31 14 477
14 14 299
14 14 299
14 36 97
36 14 97
14 17 268
17 14 268
14 27 684
27 14 684
14 17 105
17 14 105
14 17 458
17 14 458
14 35 897
35 14 897
14 40 402
40 14 402
14 33 575
33 14 575
14 26 260
26 14 260
14 22 55
22 14 55
15 30 771
30 15 771
15 42 551
42 15 551
15 40 152
40 15 152
15 30 861
30 15 861
15 49 888
49 15 888
15 45 740
45 15 740
15 48 917
48 15 917
15 39 24
39 15 24
15 32 809
32 15 809
16 33 851
33 16 851
16 29 934
29 16 934
16 42 823
42 16 823
16 34 525
34 16 525
16 34 168
34 16 168
16 27 580
27 16 580
16 40 740
40 16 740
16 44 641
44 16 641
16 17 101
17 16 101
16 35 687
35 16 687
16 35 957
35 16 957
17 27 750
27 17 750
17 44 260
44 17 260
17 34 865
34 17 865
17 48 376
48 17 376
17 38 731
38 17 731
17 28 198
28 17 198
17 20 181
20 17 181
17 42 711
42 17 711
17 27 16
27 17 16
17 33 853
33 17 853
17 47 679
47 17 679
17 42 446
42 17 446
17 25 803
25 17 803
17 48 804
48 17 804
17 49 110
49 17 110
17 41 98
41 17 98
17 25 548
25 17 548
17 36 219
36 17 219
18 35 510
35 18 510
18 32 839
32 18 839
18 28 937
28 18 937
18 23 550
23 18 550
18 28 527
28 18 527
18 25 279
25 18 279
18 32 397
32 18 397
18 46 160
46 18 160
18 21 743
21 18 743
18 35 925
35 18 925
18 29 164
29 18 164
18 20 629
20 18 629
18 25 133
25 18 133
19 21 596
21 19 596
19 42 726
42 19 726
19 36 826
36 19 826
19 37 524
37 19 524
19 37 142
37 19 142
19 41 34
41 19 34
19 22 281
22 19 281
19 38 390
38 19 390
19 35 361
35 19 361
19 22 278
22 19 278
19 22 156
22 19 156
19 34 341
34 19 341
19 31 732
31 19 732
19 48 44
48 19 44
20 22 36
22 20 36
20 24 334
24 20 334
20 29 406
29 20 406
20 39 517
39 20 517
20 24 796
24 20 796
20 34 436
34 20 436
20 48 592
48 20 592
20 33 307
33 20 307
20 45 798
45 20 798
20 49 717
49 20 717
20 46 181
46 20 181
20 46 645
46 20 645
20 47 541
47 20 541
21 46 958
46 21 958
21 37 860
37 21 860
21 33 492
33 21 492
21 37 794
37 21 794
21 42 815
42 21 815
21 30 125
30 21 125
21 35 903
35 21 903
21 47 509
47 21 509
21 31 448
31 21 448
21 48 756
48 21 756
21 37 378
37 21 378
21 22 729
22 21 729
22 33 120
33 22 120
22 23 202
23 22 202
22 41 190
41 22 190
22 43 473
43 22 473
22 38 884
38 22 884
22 39 460
39 22 460
22 25 95
25 22 95
22 33 418
33 22 418
22 28 904
28 22 904
22 22 585
22 22 585
22 39 972
39 22 972
22 40 388
40 22 388
22 42 718
42 22 718
22 30 589
30 22 589
22 40 751
40 22 751
22 49 218
49 22 218
22 34 743
34 22 743
22 26 929
26 22 929
23 49 422
49 23 422
23 25 712
25 23 712
23 29 576
29 23 576
23 38 188
38 23 188
23 27 1
27 23 1
23 25 587
25 23 587
23 30 892
30 23 892
23 26 773
26 23 773
23 49 955
49 23 955
23 30 528
30 23 528
23 26 193
26 23 193
23 27 227
27 23 227
24 31 940
31 24 940
24 43 332
43 24 332
24 42 973
42 24 973
24 37 849
37 24 849
24 28 444
28 24 444
24 26 805
26 24 805
24 45 993
45 24 993
24 33 572
33 24 572
24 40 839
40 24 839
24 38 242
38 24 242
25 48 86
48 25 86
25 43 748
43 25 748
25 32 76
32 25 76
25 26 58
26 25 58
25 27 466
27 25 466
25 36 68
36 25 68
25 37 169
37 25 169
25 43 680
43 25 680
25 34 879
34 25 879
25 37 479
37 25 479
26 39 775
39 26 775
26 32 879
32 26 879
26 26 809
26 26 809
26 44 835
44 26 835
26 29 2
29 26 2
26 30 488
30 26 488
26 44 983
44 26 983
26 39 121
39 26 121
26 27 301
27 26 301
26 47 267
47 26 267
26 26 473
26 26 473
26 33 266
33 26 266
26 26 866
26 26 866
26 48 310
48 26 310
26 36 244
36 26 244
27 32 42
32 27 42
27 31 543
31 27 543
27 31 626
31 27 626
27 30 996
30 27 996
27 30 719
30 27 719
27 48 240
48 27 240
27 47 101
47 27 101
27 29 166
29 27 166
27 29 690
29 27 690
27 35 160
35 27 160
28 41 51
41 28 51
28 34 906
34 28 906
28 33 114
33 28 114
28 41 180
41 28 180
28 35 762
35 28 762
29 48 484
48 29 484
29 40 547
40 29 547
29 32 885
32 29 885
29 49 623
49 29 623
30 34 686
34 30 686
30 37 717
37 30 717
30 41 35
41 30 35
30 40 546
40 30 546
30 41 294
41 30 294
30 37 262
37 30 262
30 42 829
42 30 829
30 47 128
47 30 128
30 35 657
35 30 657
30 32 396
32 30 396
30 32 794
32 30 794
30 37 691
37 30 691
30 44 258
44 30 258
30 34 175
34 30 175
31 32 757
32 31 757
31 49 541
49 31 541
32 44 782
44 32 782
32 37 964
37 32 964
32 35 851
35 32 851
32 40 23
40 32 23
32 37 406
37 32 406
32 42 287
42 32 287
32 45 215
45 32 215
33 38 415
38 33 415
33 45 139
45 33 139
33 34 572
34 33 572
33 49 292
49 33 292
33 36 301
36 33 301
33 38 637
38 33 637
33 44 292
44 33 292
33 40 810
40 33 810
33 36 481
36 33 481
33 36 414
36 33 414
33 45 613
45 33 613
34 47 101
47 34 101
34 47 828
47 34 828
34 42 290
42 34 290
34 48 959
48 34 959
35 43 258
43 35 258
35 47 869
47 35 869
35 41 209
41 35 209
35 46 427
46 35 427
35 39 362
39 35 362
35 44 514
44 35 514
35 43 994
43 35 994
35 39 198
39 35 198
35 40 970
40 35 970
36 40 867
40 36 867
36 47 148
47 36 148
36 39 447
39 36 447
36 40 646
40 36 646
36 48 363
48 36 363
37 47 6
47 37 6
37 46 27
46 37 27
38 39 418
39 38 418
38 39 455
39 38 455
38 40 85
40 38 85
38 41 958
41 38 958
38 39 444
39 38 444
38 40 662
40 38 662
38 39 69
39 38 69
38 48 316
48 38 316
39 39 653
39 39 653
39 39 662
39 39 662
39 39 800
39 39 800
39 46 981
46 39 981
39 46 722
46 39 722
40 43 284
43 40 284
40 48 289
48 40 289
40 41 10
41 40 10
40 44 675
44 40 675
40 41 814
41 40 814
41 45 206
45 41 206
42 47 263
47 42 263
42 45 349
45 42 349
43 45 365
45 43 365
43 49 382
49 43 382
44 49 798
49 44 798
44 49 98
49 44 98
44 46 122
46 44 122
45 48 880
48 45 880
45 47 921
47 45 921
45 47 174
47 45 174
46 49 135
49 46 135
48 49 20
49 48 20
