25

0 1 872
1 0 872
0 3 770
3 0 770
0 5 136
5 0 136
0 6 552
6 0 552
0 8 973
8 0 973
0 17 530
17 0 530
0 24 626
24 0 626
0 2 563
2 0 563
0 15 827
15 0 827
0 9 336
9 0 336
0 15 162
15 0 162
0 8 450
8 0 450
0 10 169
10 0 169
0 14 24
14 0 24
0 5 122
5 0 122
1 2 526
2 1 526
1 18 871
18 1 871
1 6 949
6 1 949
1 20 509
20 1 509
1 15 399
15 1 399
1 23 507
23 1 507
1 15 376
15 1 376
1 7 538
7 1 538
2 4 186
4 2 186
2 13 496
13 2 496
2 21 18
21 2 18
2 7 200
7 2 200
2 22 469
22 2 469
2 7 150
7 2 150
2 5 975
5 2 975
2 19 330
19 2 330
2 15 407
15 2 407
2 24 922
24 2 922
2 21 76
21 2 76
3 15 888
15 3 888
3 21 919
21 3 919
3 8 861
8 3 861
3 20 140
20 3 140
3 22 383
22 3 383
3 17 958
17 3 958
4 7 318
7 4 318
4 22 328
22 4 328
4 5 518
5 4 518
4 8 33
8 4 33
4 17 989
17 4 989
4 15 71
15 4 71
4 9 704
9 4 704
4 16 426
16 4 426
4 10 365
10 4 365
4 7 112
7 4 112
5 11 324
11 5 324
5 14 134
14 5 134
5 11 587
11 5 587
5 15 354
15 5 354
5 6 941
6 5 941
5 8 954
8 5 954
5 21 515
21 5 515
5 11 978
11 5 978
5 7 22
7 5 22
6 20 286
20 6 286
6 24 936
24 6 936
6 15 495
15 6 495
6 15 911
15 6 911
6 8 347
8 6 347
6 8 282
8 6 282
7 9 752
9 7 752
7 12 596
12 7 596
7 22 173
22 7 173
7 14 945
14 7 945
7 24 231
24 7 231
7 19 494
19 7 494
7 22 897
22 7 897
8 10 697
10 8 697
8 16 468
16 8 468
8 13 631
13 8 631
8 13 505
13 8 505
8 17 994
17 8 994
8 24 172
24 8 172
8 17 382
17 8 382
8 12 8
12 8 8
8 11 75
11 8 75
8 24 259
24 8 259
8 17 976
17 8 976
8 20 259
20 8 259
9 13 650
13 9 650
9 19 207
19 9 207
9 17 26
17 9 26
10 23 161
23 10 161
10 19 35
19 10 35
10 15 139
15 10 139
10 23 345
23 10 345
10 15 878
15 10 878
10 12 696
12 10 696
10 11 50
11 10 50
10 18 15
18 10 15
11 19 153
19 11 153
11 20 669
20 11 669
11 19 829
19 11 829
11 17 236
17 11 236
11 12 227
12 11 227
12 18 212
18 12 212
12 20 979
20 12 979
12 24 974
24 12 974
13 21 466
21 13 466
13 21 912
21 13 912
13 15 753
15 13 753
13 20 481
20 13 481
13 17 921
17 13 921
13 23 254
23 13 254
14 16 258
16 14 258
14 20 800
20 14 800
15 23 851
23 15 851
15 24 950
24 15 950
16 17 136
17 16 136
17 21 648
21 17 648
17 18 375
18 17 375
17 19 673
19 17 673
19 20 140
20 19 140
19 21 572
21 19 572
19 22 233
22 19 233
20 24 519
24 20 519
21 24 863
24 21 863
22 23 552
23 22 552
