36

0 1 314
1 0 314
0 2 159
2 0 159
0 17 721
17 0 721
0 27 129
27 0 129
0 30 5
30 0 5
0 27 556
27 0 556
0 18 636
18 0 636
0 26 481
26 0 481
0 20 246
20 0 246
0 1 738
1 0 738
0 4 613
4 0 613
0 3 797
3 0 797
0 26 915
26 0 915
0 7 639
7 0 639
0 10 999
10 0 999
1 3 968
3 1 968
1 4 803
4 1 803
1 6 664
6 1 664
1 15 85
15 1 85
1 29 710
29 1 710
1 16 711
16 1 711
1 11 723
11 1 723
1 34 977
34 1 977
1 16 637
16 1 637
1 28 1000
28 1 1000
1 35 285
35 1 285
1 10 235
10 1 235
1 18 461
18 1 461
1 21 816
21 1 816
1 21 229
21 1 229
1 18 571
18 1 571
1 2 72
2 1 72
2 5 908
5 2 908
2 11 871
11 2 871
2 27 101
27 2 101
2 35 924
35 2 924
2 25 376
25 2 376
2 19 268
19 2 268
2 27 339
27 2 339
2 35 502
35 2 502
2 31 546
31 2 546
2 18 350
18 2 350
2 15 173
15 2 173
2 5 773
5 2 773
2 20 402
20 2 402
2 8 533
8 2 533
2 24 140
24 2 140
2 4 901
4 2 901
2 33 680
33 2 680
2 17 595
17 2 595
2 14 196
14 2 196
2 32 276
32 2 276
2 29 7
29 2 7
2 13 386
13 2 386
2 8 351
8 2 351
2 22 402
22 2 402
2 35 933
35 2 933
2 28 855
28 2 855
3 7 802
7 3 802
3 12 13
12 3 13
3 16 447
16 3 447
3 19 800
19 3 800
3 32 411
32 3 411
3 35 938
35 3 938
3 35 294
35 3 294
3 34 813
34 3 813
3 20 96
20 3 96
3 11 505
11 3 505
3 4 684
4 3 684
3 31 945
31 3 945
3 29 222
29 3 222
3 32 721
32 3 721
3 17 262
17 3 262
3 23 610
23 3 610
3 4 790
4 3 790
3 10 593
10 3 593
3 19 372
19 3 372
3 14 702
14 3 702
3 19 675
19 3 675
3 28 685
28 3 685
3 26 590
26 3 590
3 13 361
13 3 361
3 18 733
18 3 733
3 7 855
7 3 855
3 7 836
7 3 836
3 31 255
31 3 255
3 15 413
15 3 413
3 8 201
8 3 201
3 23 714
23 3 714
3 5 959
5 3 959
3 19 700
19 3 700
4 8 210
8 4 210
4 10 143
10 4 143
4 15 594
15 4 594
4 7 261
7 4 261
4 25 458
25 4 458
4 15 842
15 4 842
4 29 98
29 4 98
4 18 630
18 4 630
4 14 899
14 4 899
4 5 318
5 4 318
4 9 420
9 4 420
4 29 873
29 4 873
4 33 39
33 4 39
4 11 631
11 4 631
4 20 415
20 4 415
4 20 255
20 4 255
4 13 100
13 4 100
4 19 988
19 4 988
4 11 427
11 4 427
4 8 76
8 4 76
4 11 553
11 4 553
4 22 680
22 4 680
4 25 701
25 4 701
5 9 21
9 5 21
5 9 79
9 5 79
5 34 533
34 5 533
5 31 338
31 5 338
5 16 122
16 5 122
5 14 819
14 5 819
5 24 575
24 5 575
5 18 384
18 5 384
5 28 160
28 5 160
5 30 146
30 5 146
5 10 220
10 5 220
5 23 631
23 5 631
5 31 518
31 5 518
5 16 261
16 5 261
5 16 30
16 5 30
5 32 869
32 5 869
5 22 615
22 5 615
6 18 182
18 6 182
6 20 78
20 6 78
6 22 621
22 6 621
6 10 865
10 6 865
6 17 425
17 6 425
6 24 59
24 6 59
6 35 222
35 6 222
6 13 835
13 6 835
6 14 964
14 6 964
6 23 812
23 6 812
6 13 701
13 6 701
6 11 540
11 6 540
6 35 358
35 6 358
6 6 149
6 6 149
6 26 429
26 6 429
7 9 362
9 7 362
7 29 685
29 7 685
7 31 105
31 7 105
7 16 348
16 7 348
7 15 758
15 7 758
7 29 981
29 7 981
7 8 487
8 7 487
7 21 908
21 7 908
7 18 351
18 7 351
7 27 457
27 7 457
7 28 622
28 7 622
7 35 115
35 7 115
7 34 822
34 7 822
7 33 837
33 7 837
7 33 911
33 7 911
7 30 493
30 7 493
7 20 183
20 7 183
7 26 194
26 7 194
7 27 730
27 7 730
7 12 511
12 7 511
7 23 610
23 7 610
7 30 281
30 7 281
7 16 728
16 7 728
7 21 695
21 7 695
8 14 55
14 8 55
8 8 277
8 8 277
8 19 533
19 8 533
8 18 931
18 8 931
8 30 937
30 8 937
8 21 372
21 8 372
8 25 767
25 8 767
8 35 434
35 8 434
8 27 152
27 8 152
8 25 171
25 8 171
8 20 658
20 8 658
8 11 412
11 8 412
8 13 64
13 8 64
9 21 151
21 9 151
9 11 979
11 9 979
9 10 804
10 9 804
9 11 762
11 9 762
9 22 406
22 9 406
9 17 583
17 9 583
9 27 850
27 9 850
9 28 270
28 9 270
9 14 840
14 9 840
9 15 942
15 9 942
9 18 400
18 9 400
9 32 954
32 9 954
9 24 634
24 9 634
10 28 171
28 10 171
10 18 203
18 10 203
10 34 413
34 10 413
10 25 144
25 10 144
10 16 936
16 10 936
10 32 393
32 10 393
10 33 115
33 10 115
10 25 639
25 10 639
10 21 440
21 10 440
10 28 121
28 10 121
10 17 240
17 10 240
10 29 364
29 10 364
10 12 254
12 10 254
10 30 470
30 10 470
10 35 172
35 10 172
11 15 465
15 11 465
11 15 589
15 11 589
11 32 969
32 11 969
11 24 975
24 11 975
11 31 321
31 11 321
11 20 398
20 11 398
11 25 842
25 11 842
11 22 444
22 11 444
11 12 44
12 11 44
11 11 610
11 11 610
11 11 951
11 11 951
11 29 893
29 11 893
11 20 614
20 11 614
12 13 696
13 12 696
12 22 651
22 12 651
12 18 981
18 12 981
12 32 496
32 12 496
12 22 120
22 12 120
12 26 253
26 12 253
12 24 947
24 12 947
12 33 312
33 12 312
12 18 668
18 12 668
12 28 707
28 12 707
12 30 803
30 12 803
12 17 734
17 12 734
12 31 947
31 12 947
12 32 245
32 12 245
12 29 683
29 12 683
12 18 700
18 12 700
13 24 546
24 13 546
13 20 379
20 13 379
13 17 977
17 13 977
13 18 393
18 13 393
13 17 332
17 13 332
13 19 446
19 13 446
13 18 870
18 13 870
13 14 259
14 13 259
13 30 198
30 13 198
13 22 253
22 13 253
13 18 263
18 13 263
13 23 452
23 13 452
13 17 787
17 13 787
14 33 959
33 14 959
14 15 758
15 14 758
14 31 280
31 14 280
14 26 252
26 14 252
14 28 240
28 14 240
14 33 641
33 14 641
14 27 343
27 14 343
14 18 753
18 14 753
14 16 929
16 14 929
14 32 854
32 14 854
14 23 298
23 14 298
14 32 874
32 14 874
14 14 868
14 14 868
14 33 254
33 14 254
14 32 696
32 14 696
14 32 481
32 14 481
14 28 16
28 14 16
14 23 896
23 14 896
14 20 137
20 14 137
15 25 762
25 15 762
15 26 29
26 15 29
15 24 510
24 15 510
15 19 533
19 15 533
15 22 133
22 15 133
15 35 11
35 15 11
15 33 936
33 15 936
15 33 149
33 15 149
15 15 98
15 15 98
15 33 593
33 15 593
15 28 910
28 15 910
15 22 9
22 15 9
15 27 624
27 15 624
15 28 997
28 15 997
16 17 998
17 16 998
16 23 158
23 16 158
16 26 645
26 16 645
16 18 155
18 16 155
16 17 797
17 16 797
16 27 810
27 16 810
16 21 4
21 16 4
16 34 61
34 16 61
16 32 985
32 16 985
16 17 820
17 16 820
16 17 707
17 16 707
16 32 953
32 16 953
16 35 183
35 16 183
16 28 854
28 16 854
16 32 912
32 16 912
17 26 447
26 17 447
17 30 971
30 17 971
17 22 288
22 17 288
17 28 694
28 17 694
17 33 488
33 17 488
17 28 740
28 17 740
17 34 918
34 17 918
17 27 885
27 17 885
18 20 117
20 18 117
18 32 978
32 18 978
18 32 272
32 18 272
18 34 43
34 18 43
18 35 219
35 18 219
18 26 981
26 18 981
18 23 422
23 18 422
18 19 87
19 18 87
18 34 895
34 18 895
18 31 153
31 18 153
19 21 55
21 19 55
19 31 187
31 19 187
19 30 926
30 19 926
19 35 246
35 19 246
19 31 914
31 19 914
19 22 915
22 19 915
19 33 736
33 19 736
19 27 842
27 19 842
19 28 617
28 19 617
19 35 719
35 19 719
20 20 426
20 20 426
20 21 290
21 20 290
20 25 497
25 20 497
20 26 911
26 20 911
20 34 636
34 20 636
20 30 490
30 20 490
20 26 934
26 20 934
20 24 502
24 20 502
21 22 336
22 21 336
21 24 603
24 21 603
21 34 750
34 21 750
21 21 586
21 21 586
21 24 500
24 21 500
21 25 196
25 21 196
21 29 82
29 21 82
21 23 185
23 21 185
22 25 145
25 22 145
22 25 830
25 22 830
22 30 145
30 22 145
22 24 713
24 22 713
23 30 974
30 23 974
23 34 596
34 23 596
23 31 337
31 23 337
23 29 235
29 23 235
23 33 151
33 23 151
23 29 293
29 23 293
23 25 316
25 23 316
23 26 178
26 23 178
24 32 656
32 24 656
24 28 220
28 24 220
24 34 778
34 24 778
24 35 203
35 24 203
24 31 970
31 24 970
25 26 459
26 25 459
25 26 367
26 25 367
25 28 263
28 25 263
25 34 818
34 25 818
25 32 843
32 25 843
25 32 239
32 25 239
25 33 576
33 25 576
26 33 102
33 26 102
26 33 524
33 26 524
26 34 38
34 26 38
26 30 990
30 26 990
26 29 478
29 26 478
26 35 907
35 26 907
26 27 770
27 26 770
26 30 306
30 26 306
26 34 595
34 26 595
26 31 35
31 26 35
26 27 496
27 26 496
26 33 522
33 26 522
27 30 111
30 27 111
27 28 222
28 27 222
27 32 319
32 27 319
27 30 519
30 27 519
28 33 291
33 28 291
28 30 291
30 28 291
28 30 927
30 28 927
28 34 826
34 28 826
28 35 935
35 28 935
28 31 205
31 28 205
28 31 135
31 28 135
28 34 728
34 28 728
29 31 390
31 29 390
29 35 569
35 29 569
29 33 287
33 29 287
29 32 20
32 29 20
29 32 185
32 29 185
30 35 507
35 30 507
30 34 552
34 30 552
30 34 506
34 30 506
30 30 684
30 30 684
30 31 307
31 30 307
31 34 885
34 31 885
31 33 824
33 31 824
31 32 816
32 31 816
31 35 568
35 31 568
32 35 37
35 32 37
32 35 172
35 32 172
33 35 924
35 33 924
34 35 845
35 34 845
