64

0 1 30
1 0 30
0 2 899
2 0 899
0 3 420
3 0 420
0 6 875
6 0 875
0 46 603
46 0 603
0 19 307
19 0 307
0 45 428
45 0 428
0 48 467
48 0 467
0 51 286
51 0 286
0 4 294
4 0 294
0 1 272
1 0 272
0 47 725
47 0 725
0 25 824
25 0 824
0 16 903
16 0 903
0 46 103
46 0 103
1 51 717
51 1 717
1 21 289
21 1 289
1 19 443
19 1 443
1 24 780
24 1 780
1 48 787
48 1 787
1 14 691
14 1 691
1 32 696
32 1 696
1 2 650
2 1 650
1 35 284
35 1 284
1 7 873
7 1 873
2 4 535
4 2 535
2 7 355
7 2 355
2 24 684
24 2 684
2 26 767
26 2 767
2 59 188
59 2 188
2 26 746
26 2 746
2 32 209
32 2 209
2 30 629
30 2 629
2 10 143
10 2 143
2 40 976
40 2 976
2 22 390
22 2 390
2 40 541
40 2 541
3 15 947
15 3 947
3 16 570
16 3 570
3 47 758
47 3 758
3 14 814
14 3 814
3 15 503
15 3 503
3 11 919
11 3 919
3 26 972
26 3 972
3 17 750
17 3 750
4 5 784
5 4 784
4 9 89
9 4 89
4 20 312
20 4 312
4 28 768
28 4 768
4 30 5
30 4 5
4 15 637
15 4 637
4 16 33
16 4 33
4 8 501
8 4 501
4 22 680
22 4 680
4 41 895
41 4 895
4 50 586
50 4 586
4 29 503
29 4 503
4 35 548
35 4 548
4 14 343
14 4 343
4 52 652
52 4 652
4 47 779
47 4 779
4 26 418
26 4 418
4 20 11
20 4 11
4 58 389
58 4 389
4 39 202
39 4 202
4 24 193
24 4 193
4 6 629
6 4 629
5 11 11
11 5 11
5 12 900
12 5 900
5 18 789
18 5 789
5 38 384
38 5 384
5 53 293
53 5 293
5 13 208
13 5 208
5 59 962
59 5 962
5 38 568
38 5 568
5 18 400
18 5 400
5 13 953
13 5 953
5 32 797
32 5 797
6 21 553
21 6 553
6 25 584
25 6 584
6 36 688
36 6 688
6 11 903
11 6 903
6 36 370
36 6 370
6 27 599
27 6 599
7 8 166
8 7 166
7 10 585
10 7 585
7 19 79
19 7 79
7 47 489
47 7 489
7 61 656
61 7 656
7 43 950
43 7 950
7 29 317
29 7 317
7 38 360
38 7 360
7 25 147
25 7 147
7 19 516
19 7 516
7 32 494
32 7 494
8 22 334
22 8 334
8 40 4
40 8 4
8 17 380
17 8 380
8 23 8
23 8 8
8 56 124
56 8 124
8 55 670
55 8 670
8 63 996
63 8 996
8 58 879
58 8 879
8 19 321
19 8 321
8 35 9
35 8 9
8 34 140
34 8 140
8 63 831
63 8 831
8 39 483
39 8 483
8 55 260
55 8 260
8 50 637
50 8 637
8 57 997
57 8 997
9 34 580
34 9 580
9 56 623
56 9 623
9 45 812
45 9 812
9 42 675
42 9 675
9 24 709
24 9 709
9 14 402
14 9 402
9 40 536
40 9 536
9 42 6
42 9 6
9 23 230
23 9 230
9 61 529
61 9 529
9 51 328
51 9 328
9 40 784
40 9 784
9 19 377
19 9 377
9 37 315
37 9 315
9 30 99
30 9 99
9 17 144
17 9 144
9 37 585
37 9 585
10 21 628
21 10 628
10 25 116
25 10 116
10 39 791
39 10 791
10 17 297
17 10 297
10 60 113
60 10 113
10 42 57
42 10 57
10 23 523
23 10 523
10 32 796
32 10 796
11 13 401
13 11 401
11 14 377
14 11 377
11 27 576
27 11 576
11 22 251
22 11 251
11 19 659
19 11 659
11 30 723
30 11 723
11 31 382
31 11 382
11 54 64
54 11 64
11 50 294
50 11 294
11 62 755
62 11 755
11 63 585
63 11 585
11 48 794
48 11 794
11 57 655
57 11 655
11 23 418
23 11 418
11 56 567
56 11 567
11 53 680
53 11 680
12 62 924
62 12 924
12 14 311
14 12 311
12 15 572
15 12 572
12 18 530
18 12 530
12 48 869
48 12 869
12 52 62
52 12 62
12 46 8
46 12 8
12 44 827
44 12 827
12 62 254
62 12 254
12 26 476
26 12 476
12 35 976
35 12 976
12 63 695
63 12 695
12 24 232
24 12 232
13 42 490
42 13 490
13 59 455
59 13 455
13 55 633
55 13 633
13 37 12
37 13 12
13 31 502
31 13 502
13 52 566
52 13 566
13 60 876
60 13 876
13 60 587
60 13 587
13 33 620
33 13 620
13 47 830
47 13 830
13 38 135
38 13 135
13 30 844
30 13 844
13 32 374
32 13 374
13 37 105
37 13 105
14 31 362
31 14 362
14 60 455
60 14 455
14 37 753
37 14 753
14 51 141
51 14 141
14 46 96
46 14 96
14 62 808
62 14 808
14 57 714
57 14 714
14 14 139
14 14 139
14 18 234
18 14 234
14 48 916
48 14 916
15 55 396
55 15 396
15 47 772
47 15 772
15 48 31
48 15 31
15 51 809
51 15 809
15 31 895
31 15 895
15 55 86
55 15 86
15 24 311
24 15 311
15 36 951
36 15 951
15 41 700
41 15 700
15 54 246
54 15 246
15 54 444
54 15 444
15 60 424
60 15 424
15 58 368
58 15 368
15 51 406
51 15 406
15 56 420
56 15 420
15 48 513
48 15 513
16 17 655
17 16 655
16 30 263
30 16 263
16 26 479
26 16 479
16 48 486
48 16 486
16 31 947
31 16 947
16 42 1
42 16 1
16 62 199
62 16 199
16 57 945
57 16 945
16 51 456
51 16 456
16 44 279
44 16 279
16 29 719
29 16 719
16 30 941
30 16 941
16 56 234
56 16 234
16 47 499
47 16 499
16 37 851
37 16 851
17 23 784
23 17 784
17 46 678
46 17 678
17 22 596
22 17 596
17 17 851
17 17 851
17 23 70
23 17 70
17 51 762
51 17 762
17 25 428
25 17 428
17 24 557
24 17 557
17 61 770
61 17 770
17 48 882
48 17 882
17 42 29
42 17 29
17 53 972
53 17 972
17 32 155
32 17 155
18 37 435
37 18 435
18 48 528
48 18 528
18 28 793
28 18 793
18 20 521
20 18 521
18 28 367
28 18 367
18 49 503
49 18 503
18 24 895
24 18 895
18 23 915
23 18 915
19 21 433
21 19 433
19 40 318
40 19 318
19 43 146
43 19 146
19 52 513
52 19 513
19 22 510
22 19 510
19 62 923
62 19 923
19 39 726
39 19 726
19 39 250
39 19 250
19 44 662
44 19 662
19 22 742
22 19 742
20 29 354
29 20 354
20 33 443
33 20 443
20 58 665
58 20 665
20 24 238
24 20 238
20 52 238
52 20 238
20 49 66
49 20 66
20 27 609
27 20 609
20 63 821
63 20 821
20 58 757
58 20 757
21 54 415
54 21 415
21 42 637
42 21 637
21 45 919
45 21 919
21 32 176
32 21 176
21 32 133
32 21 133
21 50 795
50 21 795
22 45 514
45 22 514
22 57 939
57 22 939
22 32 444
32 22 444
22 62 635
62 22 635
22 43 849
43 22 849
22 59 167
59 22 167
22 57 806
57 22 806
23 23 570
23 23 570
23 51 877
51 23 877
23 25 56
25 23 56
23 33 142
33 23 142
23 50 317
50 23 317
23 38 565
38 23 565
23 43 685
43 23 685
23 28 524
28 23 524
23 53 519
53 23 519
24 43 394
43 24 394
24 46 535
46 24 535
24 62 514
62 24 514
24 42 872
42 24 872
24 32 833
32 24 833
25 41 530
41 25 530
25 51 249
51 25 249
25 27 379
27 25 379
25 46 436
46 25 436
25 36 812
36 25 812
25 34 747
34 25 747
25 40 690
40 25 690
25 41 972
41 25 972
26 32 184
32 26 184
26 35 994
35 26 994
26 31 535
31 26 535
26 52 244
52 26 244
26 40 587
40 26 587
26 29 565
29 26 565
27 44 167
44 27 167
27 49 968
49 27 968
27 59 426
59 27 426
27 51 980
51 27 980
27 51 615
51 27 615
27 36 764
36 27 764
27 53 988
53 27 988
28 49 666
49 28 666
28 38 155
38 28 155
28 59 181
59 28 181
28 35 683
35 28 683
29 55 198
55 29 198
29 47 235
47 29 235
29 45 96
45 29 96
29 60 995
60 29 995
29 52 694
52 29 694
29 38 679
38 29 679
29 30 36
30 29 36
29 57 512
57 29 512
29 33 120
33 29 120
30 41 404
41 30 404
30 40 1
40 30 1
30 48 43
48 30 43
30 38 988
38 30 988
31 39 614
39 31 614
31 42 136
42 31 136
31 49 846
49 31 846
31 31 425
31 31 425
31 49 204
49 31 204
31 42 572
42 31 572
32 34 173
34 32 173
32 36 149
36 32 149
33 44 808
44 33 808
33 54 227
54 33 227
33 39 296
39 33 296
34 57 402
57 34 402
34 54 915
54 34 915
34 40 138
40 34 138
34 41 182
41 34 182
34 52 877
52 34 877
34 55 191
55 34 191
34 57 120
57 34 120
35 60 781
60 35 781
35 36 276
36 35 276
35 40 575
40 35 575
35 58 700
58 35 700
35 46 245
46 35 245
35 60 789
60 35 789
35 58 790
58 35 790
36 52 984
52 36 984
36 40 690
40 36 690
36 38 21
38 36 21
36 56 915
56 36 915
36 45 146
45 36 146
37 42 439
42 37 439
37 55 368
55 37 368
37 62 949
62 37 949
37 62 489
62 37 489
37 43 669
43 37 669
37 62 377
62 37 377
37 45 578
45 37 578
38 48 948
48 38 948
38 61 780
61 38 780
38 38 372
38 38 372
39 52 715
52 39 715
39 53 941
53 39 941
39 47 292
47 39 292
39 45 976
45 39 976
39 53 17
53 39 17
39 53 337
53 39 337
39 54 475
54 39 475
39 48 861
48 39 861
40 54 984
54 40 984
40 62 65
62 40 65
41 57 83
57 41 83
41 61 534
61 41 534
41 45 395
45 41 395
41 56 134
56 41 134
42 48 855
48 42 855
42 46 559
46 42 559
42 61 388
61 42 388
42 50 305
50 42 305
42 58 961
58 42 961
42 58 188
58 42 188
43 58 433
58 43 433
43 61 884
61 43 884
43 47 225
47 43 225
44 63 602
63 44 602
44 56 829
56 44 829
44 55 723
55 44 723
44 60 56
60 44 56
44 47 246
47 44 246
45 56 852
56 45 852
45 63 303
63 45 303
46 60 192
60 46 192
46 56 143
56 46 143
46 53 226
53 46 226
46 60 631
60 46 631
47 56 403
56 47 403
47 57 957
57 47 957
48 50 886
50 48 886
48 51 682
51 48 682
50 51 663
51 50 663
50 51 43
51 50 43
50 57 365
57 50 365
50 62 5
62 50 5
51 62 165
62 51 165
51 54 523
54 51 523
52 56 628
56 52 628
52 61 412
61 52 412
52 55 924
55 52 924
52 54 788
54 52 788
52 61 838
61 52 838
54 61 322
61 54 322
54 57 501
57 54 501
54 59 987
59 54 987
54 54 718
54 54 718
55 63 470
63 55 470
55 60 617
60 55 617
55 56 649
56 55 649
56 61 211
61 56 211
57 57 153
57 57 153
57 59 485
59 57 485
58 59 780
59 58 780
58 63 298
63 58 298
59 61 416
61 59 416
