72

0 1 441
1 0 441
0 5 285
5 0 285
0 19 191
19 0 191
0 67 268
67 0 268
0 36 506
36 0 506
0 16 849
16 0 849
0 28 500
28 0 500
0 32 917
32 0 917
0 69 140
69 0 140
0 65 229
65 0 229
0 11 122
11 0 122
0 2 94
2 0 94
0 28 471
28 0 471
0 20 141
20 0 141
0 4 894
4 0 894
0 15 793
15 0 793
0 25 308
25 0 308
0 33 859
33 0 859
0 7 778
7 0 778
0 5 258
5 0 258
0 21 261
21 0 261
0 15 399
15 0 399
0 19 482
19 0 482
0 48 389
48 0 389
1 2 79
2 1 79
1 3 669
3 1 669
1 4 392
4 1 392
1 7 548
7 1 548
1 9 895
9 1 895
1 11 195
11 1 195
1 69 282
69 1 282
1 55 524
55 1 524
1 55 102
55 1 102
1 56 618
56 1 618
1 38 202
38 1 202
1 13 323
13 1 323
1 31 378
31 1 378
1 32 711
32 1 711
1 12 916
12 1 916
1 35 220
35 1 220
1 13 124
13 1 124
1 4 937
4 1 937
1 20 261
20 1 261
1 3 875
3 1 875
1 68 807
68 1 807
1 2 344
2 1 344
1 27 315
27 1 315
1 60 744
60 1 744
1 58 195
58 1 195
1 48 792
48 1 792
2 13 421
13 2 421
2 48 47
48 2 47
2 55 261
55 2 261
2 17 551
17 2 551
2 65 368
65 2 368
2 55 811
55 2 811
2 52 270
52 2 270
2 16 990
16 2 990
2 66 817
66 2 817
2 58 564
58 2 564
2 11 1000
11 2 1000
2 64 450
64 2 450
2 25 566
25 2 566
2 39 625
39 2 625
2 32 481
32 2 481
2 15 72
15 2 72
2 32 146
32 2 146
2 55 640
55 2 640
2 44 31
44 2 31
2 53 829
53 2 829
2 22 109
22 2 109
2 60 664
60 2 664
2 19 925
19 2 925
2 40 658
40 2 658
2 16 594
16 2 594
2 23 524
23 2 524
2 70 133
70 2 133
2 50 29
50 2 29
3 47 197
47 3 197
3 22 42
22 3 42
3 52 181
52 3 181
3 7 757
7 3 757
3 6 60
6 3 60
3 64 244
64 3 244
3 44 386
44 3 386
3 16 575
16 3 575
3 66 65
66 3 65
3 10 213
10 3 213
3 39 8
39 3 8
3 36 546
36 3 546
3 59 141
59 3 141
3 58 817
58 3 817
3 26 748
26 3 748
3 32 421
32 3 421
3 46 729
46 3 729
3 37 864
37 3 864
3 35 303
35 3 303
3 24 876
24 3 876
3 40 33
40 3 33
4 6 599
6 4 599
4 14 446
14 4 446
4 15 448
15 4 448
4 20 4
20 4 4
4 31 735
31 4 735
4 43 343
43 4 343
4 52 472
52 4 472
4 21 310
21 4 310
4 65 446
65 4 446
4 51 621
51 4 621
4 37 634
37 4 634
4 45 225
45 4 225
4 50 346
50 4 346
4 60 993
60 4 993
4 53 258
53 4 258
4 61 601
61 4 601
4 55 508
55 4 508
4 36 423
36 4 423
4 48 509
48 4 509
4 56 963
56 4 963
4 19 164
19 4 164
5 8 973
8 5 973
5 10 258
10 5 258
5 18 104
18 5 104
5 26 559
26 5 559
5 45 9
45 5 9
5 9 901
9 5 901
5 12 647
12 5 647
5 32 103
32 5 103
5 39 450
39 5 450
5 8 113
8 5 113
5 22 960
22 5 960
5 64 574
64 5 574
5 10 376
10 5 376
5 69 486
69 5 486
5 57 596
57 5 596
5 35 91
35 5 91
5 42 337
42 5 337
5 13 584
13 5 584
5 11 607
11 5 607
5 60 958
60 5 958
5 62 656
62 5 656
5 69 244
69 5 244
5 6 812
6 5 812
6 70 867
70 6 867
6 31 510
31 6 510
6 64 745
64 6 745
6 9 307
9 6 307
6 36 483
36 6 483
6 20 446
20 6 446
6 45 984
45 6 984
6 18 895
18 6 895
6 58 284
58 6 284
6 44 204
44 6 204
6 46 181
46 6 181
6 7 668
7 6 668
6 69 571
69 6 571
6 15 574
15 6 574
6 66 320
66 6 320
6 70 191
70 6 191
6 15 328
15 6 328
6 28 591
28 6 591
6 70 86
70 6 86
6 24 221
24 6 221
6 60 885
60 6 885
6 36 805
36 6 805
7 64 391
64 7 391
7 31 477
31 7 477
7 38 291
38 7 291
7 59 97
59 7 97
7 34 753
34 7 753
7 58 330
58 7 330
7 21 989
21 7 989
7 36 765
36 7 765
7 9 680
9 7 680
7 40 825
40 7 825
7 22 437
22 7 437
7 35 458
35 7 458
7 11 113
11 7 113
7 30 631
30 7 631
7 49 636
49 7 636
7 24 75
24 7 75
7 29 92
29 7 92
7 47 507
47 7 507
7 71 513
71 7 513
7 62 569
62 7 569
7 51 893
51 7 893
8 12 81
12 8 81
8 44 727
44 8 727
8 50 963
50 8 963
8 60 699
60 8 699
8 29 855
29 8 855
8 69 753
69 8 753
8 63 840
63 8 840
8 23 132
23 8 132
8 28 97
28 8 97
8 38 280
38 8 280
8 36 197
36 8 197
8 60 416
60 8 416
8 20 174
20 8 174
8 36 408
36 8 408
8 27 784
27 8 784
8 69 733
69 8 733
8 37 879
37 8 879
8 54 463
54 8 463
8 12 73
12 8 73
8 56 234
56 8 234
9 57 160
57 9 160
9 41 603
41 9 603
9 39 290
39 9 290
9 43 276
43 9 276
9 58 336
58 9 336
9 45 234
45 9 234
9 69 439
69 9 439
9 53 892
53 9 892
9 54 70
54 9 70
9 46 839
46 9 839
9 62 868
62 9 868
9 22 453
22 9 453
9 55 885
55 9 885
9 17 35
17 9 35
9 71 435
71 9 435
9 18 940
18 9 940
9 57 183
57 9 183
9 34 432
34 9 432
9 52 295
52 9 295
10 18 23
18 10 23
10 24 992
24 10 992
10 25 990
25 10 990
10 45 27
45 10 27
10 34 712
34 10 712
10 67 302
67 10 302
10 65 192
65 10 192
10 38 681
38 10 681
10 48 391
48 10 391
10 37 151
37 10 151
10 38 319
38 10 319
10 48 450
48 10 450
10 50 447
50 10 447
10 23 702
23 10 702
10 11 935
11 10 935
11 17 755
17 11 755
11 52 368
52 11 368
11 29 763
29 11 763
11 71 360
71 11 360
11 68 117
68 11 117
11 17 835
17 11 835
11 39 473
39 11 473
11 41 384
41 11 384
11 55 329
55 11 329
11 22 32
22 11 32
11 27 853
27 11 853
11 33 480
33 11 480
11 31 917
31 11 917
11 28 426
28 11 426
11 59 453
59 11 453
11 66 536
66 11 536
11 65 520
65 11 520
11 43 793
43 11 793
11 22 226
22 11 226
11 36 115
36 11 115
12 16 328
16 12 328
12 30 580
30 12 580
12 38 83
38 12 83
12 71 151
71 12 151
12 36 82
36 12 82
12 20 362
20 12 362
12 15 450
15 12 450
12 46 460
46 12 460
12 71 189
71 12 189
12 14 803
14 12 803
12 66 331
66 12 331
12 32 200
32 12 200
12 47 246
47 12 246
12 57 875
57 12 875
12 46 803
46 12 803
12 69 69
69 12 69
12 36 508
36 12 508
12 52 817
52 12 817
12 25 486
25 12 486
12 65 476
65 12 476
12 26 217
26 12 217
12 59 743
59 12 743
12 53 52
53 12 52
12 35 754
35 12 754
12 36 223
36 12 223
12 61 764
61 12 764
12 19 571
19 12 571
12 14 811
14 12 811
12 65 655
65 12 655
13 27 421
27 13 421
13 36 436
36 13 436
13 36 191
36 13 191
13 14 700
14 13 700
13 15 786
15 13 786
13 17 607
17 13 607
13 18 488
18 13 488
13 68 480
68 13 480
13 58 806
58 13 806
13 18 663
18 13 663
13 69 351
69 13 351
13 34 665
34 13 665
13 14 833
14 13 833
13 57 704
57 13 704
13 47 307
47 13 307
13 36 598
36 13 598
13 71 810
71 13 810
13 39 552
39 13 552
13 69 892
69 13 892
13 62 678
62 13 678
14 29 32
29 14 32
14 46 380
46 14 380
14 61 677
61 14 677
14 30 115
30 14 115
14 30 716
30 14 716
14 60 684
60 14 684
14 59 879
59 14 879
14 50 744
50 14 744
14 68 585
68 14 585
14 61 17
61 14 17
14 62 283
62 14 283
14 71 211
71 14 211
14 25 784
25 14 784
14 51 479
51 14 479
14 62 164
62 14 164
14 35 879
35 14 879
14 62 399
62 14 399
15 28 310
28 15 310
15 61 276
61 15 276
15 43 306
43 15 306
15 63 506
63 15 506
15 50 4
50 15 4
15 28 823
28 15 823
15 29 473
29 15 473
15 38 611
38 15 611
15 46 676
46 15 676
15 32 556
32 15 556
15 24 562
24 15 562
15 33 305
33 15 305
15 49 607
49 15 607
15 19 375
19 15 375
15 30 414
30 15 414
15 65 593
65 15 593
16 17 800
17 16 800
16 23 798
23 16 798
16 34 172
34 16 172
16 66 56
66 16 56
16 62 15
62 16 15
16 17 513
17 16 513
16 41 382
41 16 382
16 28 995
28 16 995
16 43 803
43 16 803
16 62 973
62 16 973
16 66 62
66 16 62
16 28 394
28 16 394
16 30 830
30 16 830
16 48 949
48 16 949
16 22 546
22 16 546
16 26 575
26 16 575
16 21 280
21 16 280
16 43 178
43 16 178
16 50 423
50 16 423
17 22 33
22 17 33
17 49 105
49 17 105
17 63 159
63 17 159
17 71 448
71 17 448
17 20 494
20 17 494
17 70 888
70 17 888
17 26 361
26 17 361
17 43 659
43 17 659
17 48 955
48 17 955
17 59 697
59 17 697
17 25 598
25 17 598
17 32 247
32 17 247
17 59 856
59 17 856
17 36 4
36 17 4
17 51 522
51 17 522
17 56 710
56 17 710
17 31 609
31 17 609
17 21 585
21 17 585
17 27 645
27 17 645
17 69 590
69 17 590
17 61 887
61 17 887
17 19 72
19 17 72
17 41 469
41 17 469
17 25 769
25 17 769
17 56 134
56 17 134
17 66 766
66 17 766
17 39 558
39 17 558
17 58 242
58 17 242
17 34 649
34 17 649
17 27 998
27 17 998
18 20 196
20 18 196
18 54 943
54 18 943
18 62 703
62 18 703
18 27 216
27 18 216
18 41 428
41 18 428
18 44 271
44 18 271
18 22 722
22 18 722
18 43 577
43 18 577
18 62 26
62 18 26
18 53 893
53 18 893
18 56 381
56 18 381
18 70 412
70 18 412
18 45 270
45 18 270
18 70 657
70 18 657
18 60 588
60 18 588
19 21 337
21 19 337
19 25 146
25 19 146
19 64 398
64 19 398
19 66 38
66 19 38
19 30 160
30 19 160
19 39 109
39 19 109
19 29 858
29 19 858
19 66 31
66 19 31
19 34 180
34 19 180
19 64 163
64 19 163
19 53 175
53 19 175
19 63 746
63 19 746
19 64 900
64 19 900
19 35 671
35 19 671
19 27 371
27 19 371
19 52 887
52 19 887
20 40 933
40 20 933
20 47 39
47 20 39
20 55 780
55 20 780
20 71 385
71 20 385
20 20 592
20 20 592
20 21 945
21 20 945
20 67 337
67 20 337
20 24 21
24 20 21
20 25 386
25 20 386
20 40 715
40 20 715
20 35 971
35 20 971
20 40 523
40 20 523
20 40 257
40 20 257
20 66 43
66 20 43
20 71 470
71 20 470
20 25 992
25 20 992
20 26 853
26 20 853
20 48 192
48 20 192
20 70 63
70 20 63
20 50 411
50 20 411
21 35 779
35 21 779
21 59 969
59 21 969
21 51 700
51 21 700
21 44 912
44 21 912
21 33 752
33 21 752
21 47 629
47 21 629
21 64 909
64 21 909
21 41 988
41 21 988
21 28 466
28 21 466
21 27 418
27 21 418
21 34 164
34 21 164
21 58 41
58 21 41
21 58 382
58 21 382
21 52 573
52 21 573
21 28 667
28 21 667
21 45 715
45 21 715
21 65 697
65 21 697
21 54 373
54 21 373
21 65 980
65 21 980
21 69 238
69 21 238
22 26 614
26 22 614
22 50 398
50 22 398
22 69 556
69 22 556
22 30 727
30 22 727
22 41 607
41 22 607
22 44 150
44 22 150
22 58 314
58 22 314
22 32 606
32 22 606
22 28 815
28 22 815
22 24 282
24 22 282
22 30 702
30 22 702
22 26 588
26 22 588
22 64 254
64 22 254
22 69 460
69 22 460
22 62 965
62 22 965
22 66 179
66 22 179
23 66 351
66 23 351
23 48 934
48 23 934
23 63 530
63 23 530
23 30 515
30 23 515
23 25 658
25 23 658
23 47 487
47 23 487
23 52 324
52 23 324
23 29 878
29 23 878
23 38 930
38 23 930
23 34 165
34 23 165
23 55 937
55 23 937
23 58 78
58 23 78
23 53 924
53 23 924
24 39 484
39 24 484
24 46 382
46 24 382
24 49 807
49 24 807
24 55 833
55 24 833
24 33 184
33 24 184
24 43 191
43 24 191
24 44 466
44 24 466
24 59 89
59 24 89
24 44 443
44 24 443
24 31 516
31 24 516
24 30 121
30 24 121
24 28 222
28 24 222
24 39 68
39 24 68
24 41 441
41 24 441
24 51 473
51 24 473
24 41 521
41 24 521
24 36 749
36 24 749
24 30 855
30 24 855
24 25 711
25 24 711
25 33 775
33 25 775
25 67 972
67 25 972
25 26 285
26 25 285
25 41 2
41 25 2
25 56 587
56 25 587
25 31 223
31 25 223
25 30 418
30 25 418
25 44 730
44 25 730
25 47 53
47 25 53
25 35 53
35 25 53
25 51 645
51 25 645
26 52 626
52 26 626
26 65 188
65 26 188
26 31 250
31 26 250
26 32 250
32 26 250
26 51 162
51 26 162
26 31 113
31 26 113
26 70 557
70 26 557
27 46 633
46 27 633
27 53 458
53 27 458
27 44 16
44 27 16
27 38 54
38 27 54
27 46 812
46 27 812
27 47 412
47 27 412
27 63 36
63 27 36
27 31 962
31 27 962
27 47 167
47 27 167
27 32 631
32 27 631
27 50 268
50 27 268
27 53 9
53 27 9
27 68 69
68 27 69
27 50 447
50 27 447
27 43 590
43 27 590
27 51 483
51 27 483
27 32 529
32 27 529
27 41 211
41 27 211
27 52 804
52 27 804
27 67 260
67 27 260
27 61 133
61 27 133
27 50 609
50 27 609
28 61 443
61 28 443
28 45 233
45 28 233
28 63 68
63 28 68
28 38 140
38 28 140
28 43 58
43 28 58
28 58 849
58 28 849
28 49 866
49 28 866
28 62 959
62 28 959
28 38 1000
38 28 1000
29 32 549
32 29 549
29 51 97
51 29 97
29 60 874
60 29 874
29 54 895
54 29 895
29 69 129
69 29 129
29 45 512
45 29 512
29 65 119
65 29 119
29 31 201
31 29 201
29 51 550
51 29 550
29 32 410
32 29 410
29 58 711
58 29 711
29 64 118
64 29 118
29 45 54
45 29 54
29 50 625
50 29 625
29 49 322
49 29 322
29 32 547
32 29 547
29 55 894
55 29 894
29 60 13
60 29 13
29 50 366
50 29 366
30 42 349
42 30 349
30 56 927
56 30 927
30 55 837
55 30 837
30 56 876
56 30 876
30 34 279
34 30 279
30 57 297
57 30 297
30 46 989
46 30 989
30 71 143
71 30 143
30 54 423
54 30 423
30 68 829
68 30 829
30 54 944
54 30 944
30 62 234
62 30 234
30 38 730
38 30 730
31 41 309
41 31 309
31 64 727
64 31 727
31 43 626
43 31 626
31 63 667
63 31 667
31 45 106
45 31 106
31 44 886
44 31 886
31 51 592
51 31 592
31 66 334
66 31 334
31 71 716
71 31 716
31 39 87
39 31 87
31 49 232
49 31 232
31 35 823
35 31 823
32 41 290
41 32 290
32 43 676
43 32 676
32 66 856
66 32 856
32 45 728
45 32 728
32 47 2
47 32 2
32 66 446
66 32 446
32 68 296
68 32 296
32 68 148
68 32 148
32 65 304
65 32 304
32 52 671
52 32 671
32 35 262
35 32 262
32 58 661
58 32 661
33 55 577
55 33 577
33 68 726
68 33 726
33 67 599
67 33 599
33 63 299
63 33 299
33 39 888
39 33 888
33 41 844
41 33 844
33 41 730
41 33 730
33 65 102
65 33 102
33 58 218
58 33 218
33 53 940
53 33 940
34 60 849
60 34 849
34 51 264
51 34 264
34 39 388
39 34 388
34 63 692
63 34 692
34 68 566
68 34 566
34 46 885
46 34 885
34 44 781
44 34 781
34 64 130
64 34 130
34 65 259
65 34 259
35 37 508
37 35 508
35 57 348
57 35 348
35 64 76
64 35 76
35 54 629
54 35 629
35 71 191
71 35 191
35 62 112
62 35 112
35 70 117
70 35 117
35 48 629
48 35 629
35 45 146
45 35 146
36 40 645
40 36 645
36 52 456
52 36 456
36 71 513
71 36 513
36 47 442
47 36 442
36 39 595
39 36 595
36 46 813
46 36 813
36 54 728
54 36 728
36 38 968
38 36 968
36 61 696
61 36 696
37 61 805
61 37 805
37 49 210
49 37 210
37 43 834
43 37 834
37 67 516
67 37 516
37 69 338
69 37 338
37 67 772
67 37 772
37 50 536
50 37 536
37 53 260
53 37 260
37 50 505
50 37 505
37 50 817
50 37 817
37 45 707
45 37 707
37 59 9
59 37 9
38 51 137
51 38 137
38 68 959
68 38 959
38 49 222
49 38 222
38 43 385
43 38 385
38 41 74
41 38 74
38 60 247
60 38 247
38 55 854
55 38 854
38 71 594
71 38 594
38 62 9
62 38 9
38 68 121
68 38 121
38 39 957
39 38 957
38 44 546
44 38 546
38 55 510
55 38 510
38 42 409
42 38 409
39 45 448
45 39 448
39 54 437
54 39 437
39 51 53
51 39 53
39 41 615
41 39 615
39 64 464
64 39 464
39 66 745
66 39 745
39 41 315
41 39 315
39 56 516
56 39 516
39 40 472
40 39 472
39 48 765
48 39 765
39 53 795
53 39 795
39 64 892
64 39 892
39 66 928
66 39 928
40 68 99
68 40 99
40 58 923
58 40 923
40 46 212
46 40 212
40 71 649
71 40 649
40 40 614
40 40 614
40 67 341
67 40 341
40 61 163
61 40 163
40 55 874
55 40 874
40 62 279
62 40 279
41 58 550
58 41 550
41 60 542
60 41 542
41 43 399
43 41 399
41 60 615
60 41 615
41 52 624
52 41 624
41 61 688
61 41 688
41 46 284
46 41 284
41 56 784
56 41 784
41 42 423
42 41 423
41 56 140
56 41 140
41 50 934
50 41 934
41 44 379
44 41 379
41 56 283
56 41 283
41 68 636
68 41 636
42 62 957
62 42 957
42 60 952
60 42 952
42 45 391
45 42 391
42 53 617
53 42 617
42 45 897
45 42 897
42 44 436
44 42 436
42 52 569
52 42 569
42 61 486
61 42 486
42 53 255
53 42 255
42 43 63
43 42 63
42 52 377
52 42 377
42 45 277
45 42 277
43 50 394
50 43 394
43 59 847
59 43 847
43 68 678
68 43 678
43 67 901
67 43 901
43 68 351
68 43 351
43 67 691
67 43 691
43 57 883
57 43 883
43 64 541
64 43 541
43 60 704
60 43 704
44 65 71
65 44 71
44 64 859
64 44 859
44 66 162
66 44 162
44 54 920
54 44 920
44 68 919
68 44 919
44 65 725
65 44 725
44 57 631
57 44 631
44 59 404
59 44 404
44 67 795
67 44 795
44 61 455
61 44 455
44 47 526
47 44 526
45 67 919
67 45 919
45 67 719
67 45 719
45 67 466
67 45 466
45 51 987
51 45 987
45 68 342
68 45 342
45 55 536
55 45 536
45 56 817
56 45 817
45 57 962
57 45 962
45 52 306
52 45 306
46 50 391
50 46 391
46 64 262
64 46 262
46 68 330
68 46 330
46 67 946
67 46 946
46 48 291
48 46 291
46 49 639
49 46 639
46 57 879
57 46 879
46 48 553
48 46 553
47 53 905
53 47 905
47 56 47
56 47 47
47 52 583
52 47 583
47 51 479
51 47 479
47 66 872
66 47 872
47 67 85
67 47 85
47 62 233
62 47 233
48 58 389
58 48 389
48 61 974
61 48 974
48 55 315
55 48 315
48 54 556
54 48 556
48 62 18
62 48 18
48 59 628
59 48 628
49 68 803
68 49 803
49 60 147
60 49 147
49 69 16
69 49 16
50 61 44
61 50 44
50 57 323
57 50 323
50 51 50
51 50 50
50 62 344
62 50 344
50 62 875
62 50 875
50 63 950
63 50 950
51 56 987
56 51 987
51 57 205
57 51 205
51 60 825
60 51 825
52 66 153
66 52 153
52 63 998
63 52 998
52 68 515
68 52 515
52 61 63
61 52 63
53 61 368
61 53 368
53 70 569
70 53 569
53 56 98
56 53 98
53 62 721
62 53 721
53 59 36
59 53 36
53 68 296
68 53 296
53 63 107
63 53 107
53 70 397
70 53 397
53 68 814
68 53 814
54 56 520
56 54 520
54 68 730
68 54 730
54 62 729
62 54 729
54 55 525
55 54 525
55 67 564
67 55 564
55 66 386
66 55 386
55 66 986
66 55 986
55 62 769
62 55 769
56 58 408
58 56 408
56 57 246
57 56 246
56 71 306
71 56 306
56 57 328
57 56 328
56 60 439
60 56 439
56 62 164
62 56 164
56 62 902
62 56 902
56 65 706
65 56 706
57 60 695
60 57 695
57 57 475
57 57 475
57 68 509
68 57 509
57 65 723
65 57 723
57 64 874
64 57 874
57 65 909
65 57 909
57 63 759
63 57 759
58 67 22
67 58 22
58 59 643
59 58 643
58 71 145
71 58 145
59 61 984
61 59 984
59 67 967
67 59 967
59 67 230
67 59 230
60 68 128
68 60 128
60 60 102
60 60 102
60 69 794
69 60 794
60 68 310
68 60 310
60 69 101
69 60 101
61 67 279
67 61 279
61 69 878
69 61 878
61 70 715
70 61 715
61 64 519
64 61 519
62 69 708
69 62 708
62 65 376
65 62 376
63 64 28
64 63 28
63 69 715
69 63 715
63 67 177
67 63 177
64 65 963
65 64 963
64 71 236
71 64 236
64 65 699
65 64 699
65 67 502
67 65 502
66 68 458
68 66 458
66 71 910
71 66 910
67 68 363
68 67 363
67 70 400
70 67 400
67 68 44
68 67 44
67 69 129
69 67 129
