65

0 1 370
1 0 370
0 3 104
3 0 104
0 5 959
5 0 959
1 2 276
2 1 276
1 7 602
7 1 602
1 8 231
8 1 231
1 11 887
11 1 887
1 26 55
26 1 55
1 49 79
49 1 79
2 4 87
4 2 87
2 6 217
6 2 217
2 13 877
13 2 877
2 16 217
16 2 217
3 34 637
34 3 637
3 55 250
55 3 250
3 8 656
8 3 656
4 10 510
10 4 510
4 27 263
27 4 263
4 53 525
53 4 525
4 62 248
62 4 248
4 44 920
44 4 920
5 14 546
14 5 546
6 54 282
54 6 282
6 29 836
29 6 836
7 52 416
52 7 416
7 59 837
59 7 837
8 9 139
9 8 139
8 12 90
12 8 90
8 19 612
19 8 612
8 23 361
23 8 361
10 17 651
17 10 651
10 14 704
14 10 704
11 18 138
18 11 138
11 35 660
35 11 660
12 28 3
28 12 3
12 43 621
43 12 621
12 44 963
44 12 963
13 15 518
15 13 518
13 24 644
24 13 644
14 20 690
20 14 690
14 29 189
29 14 189
14 32 867
32 14 867
14 46 19
46 14 19
14 31 747
31 14 747
15 25 431
25 15 431
15 31 751
31 15 751
16 21 20
21 16 20
16 33 113
33 16 113
16 63 461
63 16 461
17 39 727
39 17 727
18 23 961
23 18 961
19 60 194
60 19 194
19 47 315
47 19 315
21 22 866
22 21 866
22 45 4
45 22 4
22 50 452
50 22 452
24 30 143
30 24 143
24 36 779
36 24 779
25 41 819
41 25 819
25 57 191
57 25 191
25 32 551
32 25 551
26 28 331
28 26 331
26 60 858
60 26 858
30 38 751
38 30 751
31 47 869
47 31 869
33 37 870
37 33 870
34 42 523
42 34 523
34 58 730
58 34 730
35 40 407
40 35 407
35 49 950
49 35 950
35 61 532
61 35 532
37 56 673
56 37 673
37 44 17
44 37 17
38 56 527
56 38 527
39 51 936
51 39 936
39 56 258
56 39 258
40 46 138
46 40 138
42 61 543
61 42 543
42 51 545
51 42 545
42 53 867
53 42 867
47 48 418
48 47 418
61 64 383
64 61 383
