29

0 1 360
1 0 360
0 3 998
3 0 998
0 7 935
7 0 935
0 28 588
28 0 588
0 11 118
11 0 118
0 10 817
10 0 817
0 19 885
19 0 885
0 11 195
11 0 195
0 3 113
3 0 113
1 2 190
2 1 190
1 4 460
4 1 460
1 5 409
5 1 409
1 12 257
12 1 257
1 20 443
20 1 443
1 14 375
14 1 375
1 14 693
14 1 693
1 6 549
6 1 549
1 19 57
19 1 57
1 8 466
8 1 466
1 21 146
21 1 146
1 17 24
17 1 24
1 5 22
5 1 22
1 9 684
9 1 684
2 18 89
18 2 89
2 12 467
12 2 467
2 22 899
22 2 899
2 13 607
13 2 607
2 23 213
23 2 213
2 21 409
21 2 409
2 9 787
9 2 787
3 6 652
6 3 652
3 10 985
10 3 985
3 13 59
13 3 59
3 25 59
25 3 59
3 10 829
10 3 829
4 17 994
17 4 994
4 23 519
23 4 519
4 6 28
6 4 28
4 25 665
25 4 665
4 17 862
17 4 862
5 25 585
25 5 585
5 17 54
17 5 54
5 20 209
20 5 209
6 9 252
9 6 252
6 18 39
18 6 39
6 22 165
22 6 165
6 7 798
7 6 798
6 13 3
13 6 3
7 8 920
8 7 920
7 14 398
14 7 398
7 15 943
15 7 943
7 23 17
23 7 17
7 13 489
13 7 489
7 19 389
19 7 389
7 24 232
24 7 232
8 23 123
23 8 123
9 11 585
11 9 585
9 26 855
26 9 855
9 12 961
12 9 961
10 28 367
28 10 367
10 25 730
25 10 730
10 28 8
28 10 8
11 22 448
22 11 448
11 21 438
21 11 438
11 27 863
27 11 863
12 13 816
13 12 816
12 17 843
17 12 843
12 15 171
15 12 171
13 26 377
26 13 377
13 19 961
19 13 961
13 26 783
26 13 783
14 16 633
16 14 633
14 22 227
22 14 227
14 27 118
27 14 118
14 27 253
27 14 253
15 27 29
27 15 29
15 26 647
26 15 647
16 23 174
23 16 174
16 26 734
26 16 734
16 27 79
27 16 79
16 28 8
28 16 8
16 28 137
28 16 137
17 21 432
21 17 432
17 28 938
28 17 938
18 19 121
19 18 121
18 24 544
24 18 544
18 28 7
28 18 7
18 26 740
26 18 740
18 18 140
18 18 140
20 24 47
24 20 47
20 22 446
22 20 446
22 22 713
22 22 713
23 26 653
26 23 653
23 27 615
27 23 615
27 28 430
28 27 430
