46

0 1 89
1 0 89
0 2 633
2 0 633
0 3 568
3 0 568
0 14 459
14 0 459
0 17 488
17 0 488
0 40 596
40 0 596
0 11 472
11 0 472
0 35 651
35 0 651
0 36 665
36 0 665
1 11 904
11 1 904
1 15 181
15 1 181
1 39 748
39 1 748
1 26 567
26 1 567
1 34 86
34 1 86
1 9 911
9 1 911
1 40 256
40 1 256
1 1 768
1 1 768
1 42 795
42 1 795
1 37 394
37 1 394
2 4 482
4 2 482
2 13 313
13 2 313
2 19 816
19 2 816
2 40 660
40 2 660
2 37 399
37 2 399
2 17 148
17 2 148
2 24 869
24 2 869
2 9 450
9 2 450
3 12 444
12 3 444
3 40 529
40 3 529
3 17 649
17 3 649
3 44 417
44 3 417
3 10 813
10 3 813
3 33 179
33 3 179
3 35 162
35 3 162
3 34 918
34 3 918
4 5 904
5 4 904
4 24 53
24 4 53
4 29 114
29 4 114
4 36 665
36 4 665
4 43 527
43 4 527
4 22 505
22 4 505
4 20 247
20 4 247
4 5 708
5 4 708
4 15 68
15 4 68
4 29 718
29 4 718
4 29 568
29 4 568
4 23 54
23 4 54
5 6 87
6 5 87
5 8 49
8 5 49
5 22 116
22 5 116
5 27 162
27 5 162
5 7 6
7 5 6
6 7 225
7 6 225
6 10 499
10 6 499
6 31 539
31 6 539
6 28 384
28 6 384
6 16 468
16 6 468
7 25 731
25 7 731
7 34 78
34 7 78
8 9 8
9 8 8
8 30 299
30 8 299
8 32 826
32 8 826
8 33 76
33 8 76
8 33 621
33 8 621
8 11 900
11 8 900
8 37 304
37 8 304
8 32 343
32 8 343
8 11 380
11 8 380
8 44 270
44 8 270
9 39 716
39 9 716
10 16 910
16 10 910
10 27 673
27 10 673
10 27 396
27 10 396
10 39 697
39 10 697
11 42 522
42 11 522
11 33 907
33 11 907
11 43 477
43 11 477
11 12 813
12 11 813
12 20 426
20 12 426
12 23 531
23 12 531
12 38 362
38 12 362
12 28 565
28 12 565
12 28 178
28 12 178
12 26 110
26 12 110
12 38 345
38 12 345
13 28 22
28 13 22
13 15 487
15 13 487
13 18 807
18 13 807
14 25 593
25 14 593
14 14 737
14 14 737
15 18 865
18 15 865
15 34 394
34 15 394
15 31 95
31 15 95
15 17 338
17 15 338
15 33 894
33 15 894
15 19 876
19 15 876
16 21 88
21 16 88
16 25 105
25 16 105
16 41 641
41 16 641
18 18 302
18 18 302
18 20 191
20 18 191
18 30 701
30 18 701
18 34 696
34 18 696
18 27 273
27 18 273
19 41 652
41 19 652
19 36 20
36 19 20
19 26 981
26 19 981
19 28 56
28 19 56
19 31 566
31 19 566
20 30 384
30 20 384
20 41 822
41 20 822
20 31 388
31 20 388
21 37 151
37 21 151
21 34 297
34 21 297
21 33 889
33 21 889
22 27 503
27 22 503
23 26 969
26 23 969
23 32 27
32 23 27
23 25 838
25 23 838
23 25 340
25 23 340
24 45 982
45 24 982
25 39 13
39 25 13
25 41 118
41 25 118
25 26 627
26 25 627
25 26 769
26 25 769
26 31 221
31 26 221
26 33 320
33 26 320
27 44 402
44 27 402
27 33 874
33 27 874
28 35 438
35 28 438
29 30 145
30 29 145
29 41 501
41 29 501
29 37 778
37 29 778
29 40 845
40 29 845
29 32 462
32 29 462
30 42 397
42 30 397
30 43 534
43 30 534
30 40 873
40 30 873
31 34 147
34 31 147
31 33 228
33 31 228
32 36 338
36 32 338
33 45 987
45 33 987
34 35 43
35 34 43
34 41 366
41 34 366
37 39 105
39 37 105
37 44 376
44 37 376
38 43 982
43 38 982
40 43 672
43 40 672
40 42 903
42 40 903
40 45 34
45 40 34
41 42 252
42 41 252
41 44 298
44 41 298
