25

0 1 84
1 0 84
0 6 658
6 0 658
0 18 317
18 0 317
0 10 892
10 0 892
0 23 633
23 0 633
0 8 535
8 0 535
0 16 986
16 0 986
0 17 272
17 0 272
1 2 90
2 1 90
1 3 127
3 1 127
1 4 415
4 1 415
1 13 253
13 1 253
2 5 978
5 2 978
2 7 720
7 2 720
2 10 428
10 2 428
2 16 634
16 2 634
2 18 774
18 2 774
3 16 227
16 3 227
3 8 430
8 3 430
4 11 73
11 4 73
4 15 547
15 4 547
4 19 84
19 4 84
4 22 741
22 4 741
4 24 965
24 4 965
4 23 805
23 4 805
5 14 650
14 5 650
5 21 851
21 5 851
5 18 396
18 5 396
5 19 270
19 5 270
5 13 473
13 5 473
6 14 361
14 6 361
6 10 197
10 6 197
6 16 936
16 6 936
6 21 108
21 6 108
6 20 500
20 6 500
7 8 469
8 7 469
7 12 966
12 7 966
7 19 979
19 7 979
7 16 809
16 7 809
8 9 752
9 8 752
8 17 711
17 8 711
8 13 970
13 8 970
9 15 489
15 9 489
9 22 249
22 9 249
10 23 742
23 10 742
10 14 721
14 10 721
10 20 571
20 10 571
11 12 761
12 11 761
11 18 849
18 11 849
12 20 36
20 12 36
12 20 749
20 12 749
12 21 241
21 12 241
12 18 675
18 12 675
12 14 74
14 12 74
13 14 495
14 13 495
14 20 48
20 14 48
15 22 239
22 15 239
16 24 57
24 16 57
16 16 591
16 16 591
17 24 93
24 17 93
17 21 479
21 17 479
17 22 809
22 17 809
18 19 933
19 18 933
18 24 332
24 18 332
18 20 282
20 18 282
19 21 978
21 19 978
19 21 591
21 19 591
21 21 916
21 21 916
