33

0 1 819
1 0 819
0 2 32
2 0 32
0 3 926
3 0 926
0 27 453
27 0 453
0 27 658
27 0 658
0 22 83
22 0 83
0 1 284
1 0 284
0 25 110
25 0 110
0 17 153
17 0 153
0 6 890
6 0 890
0 1 723
1 0 723
0 14 418
14 0 418
0 22 72
22 0 72
0 16 616
16 0 616
0 11 319
11 0 319
0 26 775
26 0 775
0 17 538
17 0 538
0 1 451
1 0 451
1 4 259
4 1 259
1 7 371
7 1 371
1 21 71
21 1 71
1 22 486
22 1 486
1 21 129
21 1 129
1 21 564
21 1 564
1 2 373
2 1 373
1 12 362
12 1 362
1 25 946
25 1 946
1 25 569
25 1 569
1 26 259
26 1 259
1 18 357
18 1 357
1 9 407
9 1 407
1 14 444
14 1 444
1 29 598
29 1 598
1 21 569
21 1 569
2 5 213
5 2 213
2 30 724
30 2 724
2 32 941
32 2 941
2 31 460
31 2 460
2 17 54
17 2 54
2 25 965
25 2 965
2 3 50
3 2 50
2 30 90
30 2 90
2 13 139
13 2 139
2 13 765
13 2 765
2 17 315
17 2 315
2 6 237
6 2 237
2 23 507
23 2 507
2 4 663
4 2 663
2 10 231
10 2 231
2 16 595
16 2 595
3 20 637
20 3 637
3 30 551
30 3 551
3 13 849
13 3 849
3 32 197
32 3 197
3 30 711
30 3 711
3 11 382
11 3 382
3 9 340
9 3 340
3 13 489
13 3 489
3 31 823
31 3 823
3 10 962
10 3 962
3 25 530
25 3 530
3 5 420
5 3 420
3 18 49
18 3 49
3 25 410
25 3 410
3 16 81
16 3 81
3 10 13
10 3 13
4 8 330
8 4 330
4 32 309
32 4 309
4 27 264
27 4 264
4 21 810
21 4 810
4 21 760
21 4 760
4 24 962
24 4 962
4 11 264
11 4 264
4 9 125
9 4 125
4 20 381
20 4 381
4 20 849
20 4 849
4 21 245
21 4 245
4 11 395
11 4 395
4 5 129
5 4 129
4 13 305
13 4 305
5 6 588
6 5 588
5 14 759
14 5 759
5 9 65
9 5 65
5 13 676
13 5 676
5 6 94
6 5 94
5 13 442
13 5 442
5 17 637
17 5 637
5 23 336
23 5 336
5 6 860
6 5 860
5 30 278
30 5 278
5 27 567
27 5 567
5 13 526
13 5 526
5 32 685
32 5 685
5 29 984
29 5 984
5 15 717
15 5 717
5 17 501
17 5 501
5 11 849
11 5 849
5 25 412
25 5 412
6 11 456
11 6 456
6 16 357
16 6 357
6 25 320
25 6 320
6 26 370
26 6 370
6 32 612
32 6 612
6 27 788
27 6 788
6 16 376
16 6 376
6 25 206
25 6 206
6 26 24
26 6 24
6 9 845
9 6 845
6 28 307
28 6 307
6 30 176
30 6 176
6 32 538
32 6 538
6 23 711
23 6 711
6 9 431
9 6 431
6 25 647
25 6 647
6 9 634
9 6 634
6 15 305
15 6 305
6 9 837
9 6 837
6 21 252
21 6 252
6 17 825
17 6 825
6 17 803
17 6 803
6 8 593
8 6 593
6 30 594
30 6 594
6 26 398
26 6 398
6 28 72
28 6 72
7 9 810
9 7 810
7 12 574
12 7 574
7 19 27
19 7 27
7 24 189
24 7 189
7 14 317
14 7 317
7 15 180
15 7 180
7 28 304
28 7 304
7 27 358
27 7 358
7 24 929
24 7 929
7 9 453
9 7 453
7 24 294
24 7 294
7 16 656
16 7 656
7 8 699
8 7 699
7 21 211
21 7 211
7 25 105
25 7 105
7 24 658
24 7 658
7 27 367
27 7 367
7 19 47
19 7 47
7 29 760
29 7 760
7 29 35
29 7 35
7 32 536
32 7 536
7 13 819
13 7 819
7 19 787
19 7 787
8 10 187
10 8 187
8 15 199
15 8 199
8 18 121
18 8 121
8 30 88
30 8 88
8 14 171
14 8 171
8 27 29
27 8 29
8 20 392
20 8 392
8 17 859
17 8 859
8 22 498
22 8 498
8 15 662
15 8 662
8 22 606
22 8 606
8 12 318
12 8 318
8 14 907
14 8 907
8 25 423
25 8 423
9 11 914
11 9 914
9 20 98
20 9 98
9 10 1
10 9 1
9 10 108
10 9 108
9 11 306
11 9 306
9 26 466
26 9 466
9 20 158
20 9 158
9 30 863
30 9 863
9 20 98
20 9 98
9 15 984
15 9 984
9 20 1
20 9 1
9 29 25
29 9 25
9 32 280
32 9 280
10 22 900
22 10 900
10 14 421
14 10 421
10 22 757
22 10 757
10 25 365
25 10 365
10 25 747
25 10 747
10 22 471
22 10 471
10 17 145
17 10 145
10 26 796
26 10 796
10 13 131
13 10 131
10 22 294
22 10 294
10 23 29
23 10 29
10 13 595
13 10 595
10 17 956
17 10 956
10 27 554
27 10 554
10 15 751
15 10 751
11 28 172
28 11 172
11 32 667
32 11 667
11 20 714
20 11 714
11 31 552
31 11 552
11 22 477
22 11 477
11 28 804
28 11 804
11 29 626
29 11 626
11 12 566
12 11 566
11 15 980
15 11 980
11 31 636
31 11 636
11 28 762
28 11 762
11 16 959
16 11 959
11 28 935
28 11 935
12 13 457
13 12 457
12 21 435
21 12 435
12 29 536
29 12 536
12 32 592
32 12 592
12 27 339
27 12 339
12 26 912
26 12 912
12 16 727
16 12 727
12 29 881
29 12 881
12 13 596
13 12 596
12 28 781
28 12 781
12 19 607
19 12 607
12 26 786
26 12 786
12 13 548
13 12 548
12 18 761
18 12 761
13 25 245
25 13 245
13 14 447
14 13 447
13 21 790
21 13 790
13 14 852
14 13 852
13 32 897
32 13 897
13 30 899
30 13 899
13 23 308
23 13 308
13 32 481
32 13 481
13 23 491
23 13 491
13 30 813
30 13 813
13 16 574
16 13 574
14 17 424
17 14 424
14 24 419
24 14 419
14 18 751
18 14 751
14 21 319
21 14 319
14 32 380
32 14 380
14 29 331
29 14 331
14 26 628
26 14 628
14 26 243
26 14 243
14 15 631
15 14 631
14 16 147
16 14 147
15 17 586
17 15 586
15 21 328
21 15 328
15 16 654
16 15 654
15 30 35
30 15 35
15 31 638
31 15 638
15 21 448
21 15 448
15 20 127
20 15 127
15 29 953
29 15 953
15 21 596
21 15 596
15 15 199
15 15 199
15 21 400
21 15 400
15 21 6
21 15 6
15 28 727
28 15 727
15 29 618
29 15 618
15 18 947
18 15 947
15 29 530
29 15 530
15 16 405
16 15 405
15 32 268
32 15 268
15 31 718
31 15 718
16 19 426
19 16 426
16 28 614
28 16 614
16 19 147
19 16 147
16 30 314
30 16 314
16 23 259
23 16 259
16 16 987
16 16 987
16 29 475
29 16 475
17 17 751
17 17 751
17 27 901
27 17 901
17 30 261
30 17 261
17 27 370
27 17 370
17 28 940
28 17 940
17 29 372
29 17 372
17 29 418
29 17 418
17 27 312
27 17 312
18 31 167
31 18 167
18 20 37
20 18 37
18 22 777
22 18 777
18 21 598
21 18 598
18 19 166
19 18 166
19 29 7
29 19 7
19 22 812
22 19 812
19 29 154
29 19 154
19 28 767
28 19 767
19 26 180
26 19 180
19 32 466
32 19 466
19 27 703
27 19 703
19 27 29
27 19 29
19 25 383
25 19 383
19 20 606
20 19 606
19 26 813
26 19 813
20 28 651
28 20 651
20 31 828
31 20 828
20 23 350
23 20 350
20 22 812
22 20 812
21 30 425
30 21 425
21 31 825
31 21 825
21 32 203
32 21 203
21 27 629
27 21 629
21 27 465
27 21 465
21 25 906
25 21 906
22 23 463
23 22 463
22 28 134
28 22 134
22 27 224
27 22 224
22 24 812
24 22 812
22 26 37
26 22 37
22 29 137
29 22 137
22 25 480
25 22 480
22 30 39
30 22 39
22 31 65
31 22 65
22 27 760
27 22 760
22 32 159
32 22 159
22 24 852
24 22 852
22 32 82
32 22 82
23 24 779
24 23 779
23 27 58
27 23 58
24 29 406
29 24 406
24 28 234
28 24 234
24 28 992
28 24 992
24 32 828
32 24 828
24 26 909
26 24 909
24 26 99
26 24 99
25 28 934
28 25 934
25 28 82
28 25 82
25 28 537
28 25 537
26 28 24
28 26 24
26 30 792
30 26 792
26 32 411
32 26 411
26 29 929
29 26 929
27 29 42
29 27 42
27 32 249
32 27 249
27 28 866
28 27 866
27 29 98
29 27 98
27 29 727
29 27 727
28 31 250
31 28 250
28 30 497
30 28 497
28 32 282
32 28 282
28 32 96
32 28 96
28 28 85
28 28 85
29 29 242
29 29 242
30 30 727
30 30 727
30 31 8
31 30 8
30 32 498
32 30 498
31 32 497
32 31 497
31 32 848
32 31 848
31 31 687
31 31 687
32 32 923
32 32 923
