16

0 1 192
1 0 192
0 2 932
2 0 932
0 7 161
7 0 161
0 10 864
10 0 864
1 6 746
6 1 746
1 7 100
7 1 100
1 12 476
12 1 476
1 3 807
3 1 807
1 8 340
8 1 340
1 3 900
3 1 900
1 3 519
3 1 519
2 3 182
3 2 182
2 4 747
4 2 747
2 8 768
8 2 768
2 6 29
6 2 29
3 15 964
15 3 964
3 5 300
5 3 300
3 12 303
12 3 303
3 3 410
3 3 410
4 5 893
5 4 893
4 14 422
14 4 422
4 14 702
14 4 702
5 9 355
9 5 355
7 10 693
10 7 693
7 11 921
11 7 921
7 10 156
10 7 156
7 13 750
13 7 750
8 13 28
13 8 28
8 11 810
11 8 810
8 12 892
12 8 892
8 10 565
10 8 565
10 13 831
13 10 831
10 14 176
14 10 176
