47

0 1 418
1 0 418
0 2 956
2 0 956
0 8 582
8 0 582
0 9 901
9 0 901
0 32 196
32 0 196
0 38 599
38 0 599
0 9 727
9 0 727
0 4 815
4 0 815
0 12 740
12 0 740
0 29 709
29 0 709
0 6 838
6 0 838
0 12 261
12 0 261
0 46 940
46 0 940
0 8 383
8 0 383
0 20 698
20 0 698
0 4 835
4 0 835
0 14 157
14 0 157
0 46 707
46 0 707
0 39 435
39 0 435
0 33 255
33 0 255
0 9 42
9 0 42
0 17 164
17 0 164
0 21 452
21 0 452
0 26 3
26 0 3
0 30 50
30 0 50
0 20 711
20 0 711
0 39 529
39 0 529
0 24 151
24 0 151
0 17 492
17 0 492
0 44 396
44 0 396
0 42 811
42 0 811
0 8 914
8 0 914
0 2 126
2 0 126
0 27 147
27 0 147
0 30 901
30 0 901
0 46 810
46 0 810
0 13 82
13 0 82
0 34 634
34 0 634
0 30 642
30 0 642
0 12 723
12 0 723
0 33 718
33 0 718
0 28 41
28 0 41
0 40 747
40 0 747
1 3 378
3 1 378
1 5 395
5 1 395
1 37 906
37 1 906
1 4 432
4 1 432
1 28 300
28 1 300
1 36 751
36 1 751
1 32 82
32 1 82
1 34 426
34 1 426
1 39 446
39 1 446
1 43 363
43 1 363
1 30 408
30 1 408
1 7 489
7 1 489
1 5 165
5 1 165
1 19 517
19 1 517
1 45 307
45 1 307
1 31 172
31 1 172
1 43 446
43 1 446
1 42 884
42 1 884
1 31 755
31 1 755
1 42 371
42 1 371
1 30 982
30 1 982
1 3 277
3 1 277
1 26 26
26 1 26
1 28 68
28 1 68
1 6 519
6 1 519
1 10 565
10 1 565
1 26 409
26 1 409
1 24 390
24 1 390
1 29 676
29 1 676
1 18 427
18 1 427
1 20 408
20 1 408
1 13 943
13 1 943
1 5 513
5 1 513
1 40 334
40 1 334
1 14 783
14 1 783
1 24 249
24 1 249
1 25 338
25 1 338
1 14 551
14 1 551
1 6 887
6 1 887
1 13 239
13 1 239
2 4 431
4 2 431
2 6 297
6 2 297
2 19 172
19 2 172
2 44 264
44 2 264
2 13 376
13 2 376
2 12 57
12 2 57
2 35 916
35 2 916
2 24 57
24 2 57
2 21 934
21 2 934
2 10 488
10 2 488
2 10 132
10 2 132
2 5 137
5 2 137
2 9 772
9 2 772
2 32 707
32 2 707
2 32 796
32 2 796
2 46 967
46 2 967
2 3 157
3 2 157
2 8 955
8 2 955
2 42 540
42 2 540
2 38 646
38 2 646
2 26 573
26 2 573
2 40 207
40 2 207
2 7 452
7 2 452
2 18 284
18 2 284
2 18 891
18 2 891
2 14 55
14 2 55
2 31 330
31 2 330
2 19 199
19 2 199
2 41 317
41 2 317
3 7 420
7 3 420
3 33 626
33 3 626
3 10 820
10 3 820
3 15 769
15 3 769
3 14 135
14 3 135
3 29 349
29 3 349
3 9 952
9 3 952
3 20 931
20 3 931
3 22 68
22 3 68
3 7 62
7 3 62
3 33 270
33 3 270
3 41 523
41 3 523
3 36 441
36 3 441
3 6 178
6 3 178
3 23 323
23 3 323
3 18 648
18 3 648
3 29 336
29 3 336
3 17 248
17 3 248
3 43 642
43 3 642
3 36 396
36 3 396
3 25 487
25 3 487
3 32 941
32 3 941
3 19 992
19 3 992
3 17 921
17 3 921
3 8 40
8 3 40
3 10 864
10 3 864
3 43 345
43 3 345
3 33 67
33 3 67
3 46 425
46 3 425
3 41 884
41 3 884
3 30 216
30 3 216
3 41 352
41 3 352
3 34 998
34 3 998
4 18 187
18 4 187
4 21 993
21 4 993
4 20 641
20 4 641
4 45 776
45 4 776
4 8 536
8 4 536
4 31 888
31 4 888
4 11 307
11 4 307
4 14 57
14 4 57
4 42 235
42 4 235
4 26 60
26 4 60
4 26 270
26 4 270
4 24 958
24 4 958
4 7 693
7 4 693
4 17 181
17 4 181
4 14 344
14 4 344
4 39 423
39 4 423
4 38 711
38 4 711
4 16 286
16 4 286
4 21 239
21 4 239
4 27 172
27 4 172
4 19 661
19 4 661
4 29 41
29 4 41
4 21 774
21 4 774
4 33 544
33 4 544
4 8 713
8 4 713
4 21 394
21 4 394
4 13 743
13 4 743
4 9 777
9 4 777
4 42 323
42 4 323
4 23 877
23 4 877
4 38 491
38 4 491
4 37 187
37 4 187
4 23 812
23 4 812
4 45 870
45 4 870
5 11 483
11 5 483
5 12 689
12 5 689
5 13 836
13 5 836
5 28 59
28 5 59
5 21 453
21 5 453
5 42 696
42 5 696
5 20 930
20 5 930
5 41 748
41 5 748
5 20 302
20 5 302
5 37 627
37 5 627
5 9 221
9 5 221
5 12 472
12 5 472
5 9 952
9 5 952
5 24 508
24 5 508
5 41 21
41 5 21
5 43 950
43 5 950
5 35 985
35 5 985
5 42 85
42 5 85
5 27 407
27 5 407
5 36 384
36 5 384
5 31 866
31 5 866
5 6 387
6 5 387
5 16 497
16 5 497
5 36 629
36 5 629
5 20 159
20 5 159
5 44 410
44 5 410
5 10 311
10 5 311
6 20 264
20 6 264
6 29 523
29 6 523
6 35 906
35 6 906
6 29 402
29 6 402
6 30 304
30 6 304
6 38 314
38 6 314
6 41 962
41 6 962
6 13 179
13 6 179
6 35 253
35 6 253
6 11 865
11 6 865
6 6 588
6 6 588
6 8 125
8 6 125
6 12 34
12 6 34
6 45 839
45 6 839
6 32 993
32 6 993
6 25 304
25 6 304
6 32 14
32 6 14
6 15 451
15 6 451
6 23 599
23 6 599
6 6 740
6 6 740
7 22 134
22 7 134
7 25 840
25 7 840
7 19 32
19 7 32
7 25 316
25 7 316
7 42 787
42 7 787
7 20 155
20 7 155
7 15 732
15 7 732
7 14 772
14 7 772
7 32 435
32 7 435
7 40 980
40 7 980
7 24 607
24 7 607
7 38 250
38 7 250
7 22 823
22 7 823
7 17 963
17 7 963
7 20 842
20 7 842
7 14 203
14 7 203
7 7 455
7 7 455
7 32 524
32 7 524
7 10 171
10 7 171
7 19 79
19 7 79
7 39 695
39 7 695
7 9 882
9 7 882
7 12 876
12 7 876
7 30 536
30 7 536
7 15 576
15 7 576
7 31 852
31 7 852
7 32 941
32 7 941
7 9 254
9 7 254
7 23 92
23 7 92
7 8 890
8 7 890
8 10 302
10 8 302
8 23 984
23 8 984
8 24 600
24 8 600
8 29 10
29 8 10
8 17 998
17 8 998
8 33 885
33 8 885
8 36 286
36 8 286
8 14 706
14 8 706
8 13 169
13 8 169
8 40 604
40 8 604
8 25 764
25 8 764
8 32 393
32 8 393
8 42 636
42 8 636
8 12 723
12 8 723
8 41 148
41 8 148
8 28 26
28 8 26
8 43 399
43 8 399
8 9 988
9 8 988
8 45 939
45 8 939
8 26 85
26 8 85
8 36 217
36 8 217
8 39 101
39 8 101
8 33 992
33 8 992
8 14 968
14 8 968
8 31 106
31 8 106
8 8 304
8 8 304
8 16 294
16 8 294
8 39 578
39 8 578
8 11 904
11 8 904
8 25 363
25 8 363
8 11 54
11 8 54
8 44 92
44 8 92
8 26 643
26 8 643
9 14 534
14 9 534
9 24 782
24 9 782
9 38 610
38 9 610
9 26 776
26 9 776
9 27 893
27 9 893
9 18 996
18 9 996
9 11 78
11 9 78
9 41 926
41 9 926
9 40 160
40 9 160
9 12 593
12 9 593
9 20 485
20 9 485
9 37 452
37 9 452
9 27 477
27 9 477
9 18 137
18 9 137
9 24 188
24 9 188
9 18 303
18 9 303
9 41 275
41 9 275
9 10 49
10 9 49
9 46 592
46 9 592
9 25 819
25 9 819
9 45 781
45 9 781
9 9 861
9 9 861
9 39 618
39 9 618
9 20 309
20 9 309
9 37 716
37 9 716
10 17 954
17 10 954
10 32 709
32 10 709
10 45 214
45 10 214
10 16 290
16 10 290
10 12 180
12 10 180
10 29 897
29 10 897
10 39 766
39 10 766
10 44 30
44 10 30
10 24 748
24 10 748
10 46 483
46 10 483
10 28 849
28 10 849
10 10 367
10 10 367
10 46 872
46 10 872
10 17 406
17 10 406
10 44 666
44 10 666
10 30 868
30 10 868
10 31 787
31 10 787
10 18 729
18 10 729
10 42 175
42 10 175
10 20 663
20 10 663
10 24 377
24 10 377
10 41 135
41 10 135
10 33 130
33 10 130
10 13 886
13 10 886
10 33 484
33 10 484
10 41 906
41 10 906
10 16 84
16 10 84
10 19 248
19 10 248
10 19 328
19 10 328
10 44 628
44 10 628
11 44 941
44 11 941
11 13 710
13 11 710
11 17 643
17 11 643
11 29 781
29 11 781
11 44 213
44 11 213
11 46 242
46 11 242
11 34 551
34 11 551
11 16 16
16 11 16
11 26 24
26 11 24
11 44 380
44 11 380
11 23 233
23 11 233
11 11 802
11 11 802
11 23 407
23 11 407
11 45 473
45 11 473
11 18 899
18 11 899
11 32 965
32 11 965
11 15 237
15 11 237
11 35 368
35 11 368
11 44 620
44 11 620
11 14 73
14 11 73
11 31 362
31 11 362
11 32 889
32 11 889
12 16 306
16 12 306
12 43 735
43 12 735
12 37 279
37 12 279
12 15 325
15 12 325
12 37 477
37 12 477
12 41 397
41 12 397
12 38 417
38 12 417
12 30 499
30 12 499
12 36 944
36 12 944
12 12 991
12 12 991
12 30 157
30 12 157
12 27 505
27 12 505
12 46 349
46 12 349
12 19 72
19 12 72
12 45 152
45 12 152
12 33 327
33 12 327
12 37 730
37 12 730
12 20 969
20 12 969
12 13 112
13 12 112
12 36 579
36 12 579
12 46 499
46 12 499
12 23 760
23 12 760
12 39 536
39 12 536
12 34 234
34 12 234
12 43 886
43 12 886
12 14 144
14 12 144
12 15 520
15 12 520
13 36 855
36 13 855
13 42 512
42 13 512
13 43 717
43 13 717
13 30 254
30 13 254
13 22 185
22 13 185
13 44 539
44 13 539
13 26 262
26 13 262
13 37 240
37 13 240
13 34 500
34 13 500
13 46 424
46 13 424
13 42 813
42 13 813
13 37 656
37 13 656
13 27 739
27 13 739
13 43 796
43 13 796
13 42 63
42 13 63
13 32 584
32 13 584
13 40 140
40 13 140
13 41 330
41 13 330
13 37 802
37 13 802
13 44 372
44 13 372
13 37 989
37 13 989
13 28 997
28 13 997
13 17 545
17 13 545
13 37 304
37 13 304
13 39 823
39 13 823
14 15 910
15 14 910
14 31 787
31 14 787
14 43 25
43 14 25
14 40 47
40 14 47
14 22 919
22 14 919
14 34 348
34 14 348
14 36 383
36 14 383
14 30 558
30 14 558
14 16 362
16 14 362
14 39 19
39 14 19
14 38 291
38 14 291
14 27 154
27 14 154
14 18 128
18 14 128
14 19 874
19 14 874
14 14 12
14 14 12
14 45 85
45 14 85
14 14 127
14 14 127
14 42 831
42 14 831
14 16 640
16 14 640
14 35 422
35 14 422
14 37 707
37 14 707
14 44 509
44 14 509
14 15 635
15 14 635
14 43 626
43 14 626
14 14 873
14 14 873
14 16 424
16 14 424
14 22 131
22 14 131
14 34 958
34 14 958
14 42 400
42 14 400
14 43 187
43 14 187
14 40 924
40 14 924
14 20 754
20 14 754
14 36 602
36 14 602
15 41 411
41 15 411
15 44 146
44 15 146
15 41 965
41 15 965
15 34 72
34 15 72
15 34 664
34 15 664
15 39 879
39 15 879
15 34 606
34 15 606
15 30 524
30 15 524
15 34 488
34 15 488
15 16 643
16 15 643
15 23 724
23 15 724
16 26 670
26 16 670
16 45 642
45 16 642
16 34 53
34 16 53
16 32 589
32 16 589
16 33 799
33 16 799
16 31 119
31 16 119
16 27 518
27 16 518
16 26 500
26 16 500
16 23 955
23 16 955
16 42 584
42 16 584
16 21 337
21 16 337
16 45 6
45 16 6
16 43 751
43 16 751
16 25 462
25 16 462
16 18 1
18 16 1
16 40 102
40 16 102
17 23 659
23 17 659
17 25 404
25 17 404
17 30 162
30 17 162
17 17 986
17 17 986
17 24 735
24 17 735
17 24 593
24 17 593
17 29 25
29 17 25
17 39 773
39 17 773
17 34 422
34 17 422
17 20 222
20 17 222
17 26 667
26 17 667
17 24 274
24 17 274
17 38 754
38 17 754
17 32 373
32 17 373
17 17 847
17 17 847
17 20 480
20 17 480
17 28 887
28 17 887
17 21 905
21 17 905
17 34 716
34 17 716
17 19 644
19 17 644
17 21 798
21 17 798
17 25 111
25 17 111
17 45 840
45 17 840
18 40 577
40 18 577
18 41 12
41 18 12
18 32 898
32 18 898
18 29 775
29 18 775
18 43 607
43 18 607
18 31 701
31 18 701
18 24 814
24 18 814
18 44 845
44 18 845
18 28 204
28 18 204
18 36 771
36 18 771
18 27 946
27 18 946
18 20 950
20 18 950
18 33 505
33 18 505
18 38 143
38 18 143
18 43 663
43 18 663
18 20 953
20 18 953
18 44 216
44 18 216
18 39 220
39 18 220
18 32 339
32 18 339
19 27 179
27 19 179
19 38 973
38 19 973
19 40 972
40 19 972
19 24 524
24 19 524
19 24 611
24 19 611
19 34 303
34 19 303
19 42 86
42 19 86
19 38 371
38 19 371
19 35 362
35 19 362
19 24 500
24 19 500
19 20 214
20 19 214
19 25 292
25 19 292
19 46 254
46 19 254
19 35 881
35 19 881
19 25 48
25 19 48
19 22 166
22 19 166
19 45 914
45 19 914
19 21 202
21 19 202
19 44 188
44 19 188
19 40 183
40 19 183
20 40 917
40 20 917
20 44 739
44 20 739
20 29 178
29 20 178
20 31 307
31 20 307
20 21 125
21 20 125
20 40 422
40 20 422
20 32 492
32 20 492
20 44 782
44 20 782
20 38 573
38 20 573
20 33 371
33 20 371
20 21 23
21 20 23
20 26 262
26 20 262
20 30 960
30 20 960
20 43 39
43 20 39
21 27 39
27 21 39
21 29 368
29 21 368
21 36 232
36 21 232
21 21 423
21 21 423
21 34 820
34 21 820
21 34 769
34 21 769
21 28 579
28 21 579
21 36 218
36 21 218
21 35 244
35 21 244
21 26 596
26 21 596
21 34 697
34 21 697
21 35 741
35 21 741
21 38 20
38 21 20
21 43 527
43 21 527
21 30 990
30 21 990
21 23 956
23 21 956
21 44 460
44 21 460
21 42 626
42 21 626
21 32 933
32 21 933
21 28 678
28 21 678
21 30 442
30 21 442
22 44 929
44 22 929
22 31 647
31 22 647
22 45 347
45 22 347
22 30 372
30 22 372
22 37 278
37 22 278
22 36 550
36 22 550
22 24 60
24 22 60
22 24 813
24 22 813
22 38 536
38 22 536
22 29 308
29 22 308
22 43 436
43 22 436
22 42 516
42 22 516
22 25 879
25 22 879
22 26 728
26 22 728
22 28 20
28 22 20
22 43 939
43 22 939
22 41 604
41 22 604
23 34 173
34 23 173
23 46 462
46 23 462
23 29 192
29 23 192
23 28 45
28 23 45
23 24 459
24 23 459
23 38 639
38 23 639
23 39 21
39 23 21
23 30 755
30 23 755
23 29 545
29 23 545
23 31 12
31 23 12
23 44 959
44 23 959
23 29 944
29 23 944
23 41 436
41 23 436
23 24 133
24 23 133
23 31 319
31 23 319
24 27 538
27 24 538
24 26 129
26 24 129
24 34 62
34 24 62
24 34 884
34 24 884
24 38 59
38 24 59
24 43 700
43 24 700
24 39 1000
39 24 1000
24 39 901
39 24 901
24 38 903
38 24 903
24 43 808
43 24 808
24 37 813
37 24 813
24 35 872
35 24 872
25 44 303
44 25 303
25 44 348
44 25 348
25 46 772
46 25 772
25 29 513
29 25 513
25 25 24
25 25 24
25 40 592
40 25 592
25 35 600
35 25 600
25 27 809
27 25 809
25 34 296
34 25 296
25 34 992
34 25 992
25 33 305
33 25 305
25 38 263
38 25 263
25 26 743
26 25 743
25 29 990
29 25 990
25 40 355
40 25 355
25 33 231
33 25 231
25 39 787
39 25 787
25 25 902
25 25 902
25 37 287
37 25 287
25 34 731
34 25 731
25 45 929
45 25 929
25 40 842
40 25 842
26 30 379
30 26 379
26 30 397
30 26 397
26 35 513
35 26 513
26 41 435
41 26 435
26 41 216
41 26 216
26 42 115
42 26 115
26 28 619
28 26 619
27 30 778
30 27 778
27 40 301
40 27 301
27 46 962
46 27 962
27 34 789
34 27 789
27 31 944
31 27 944
27 46 30
46 27 30
27 38 805
38 27 805
27 32 332
32 27 332
27 38 881
38 27 881
27 38 43
38 27 43
27 37 750
37 27 750
27 42 289
42 27 289
28 46 578
46 28 578
28 29 328
29 28 328
28 43 458
43 28 458
28 41 719
41 28 719
28 36 308
36 28 308
28 38 735
38 28 735
28 34 467
34 28 467
28 46 329
46 28 329
28 35 828
35 28 828
28 46 225
46 28 225
28 46 142
46 28 142
28 28 618
28 28 618
28 36 585
36 28 585
29 30 378
30 29 378
29 31 244
31 29 244
29 38 931
38 29 931
29 39 7
39 29 7
29 35 304
35 29 304
29 41 133
41 29 133
29 45 288
45 29 288
29 43 767
43 29 767
29 38 924
38 29 924
29 31 748
31 29 748
29 39 840
39 29 840
29 43 558
43 29 558
30 33 259
33 30 259
30 33 58
33 30 58
30 31 327
31 30 327
30 38 906
38 30 906
30 33 260
33 30 260
30 33 984
33 30 984
30 39 972
39 30 972
30 34 151
34 30 151
30 34 649
34 30 649
30 35 654
35 30 654
30 36 163
36 30 163
30 37 520
37 30 520
30 35 499
35 30 499
31 36 71
36 31 71
31 46 629
46 31 629
31 42 137
42 31 137
31 35 56
35 31 56
31 32 749
32 31 749
31 36 748
36 31 748
31 38 659
38 31 659
31 37 597
37 31 597
31 33 462
33 31 462
31 40 510
40 31 510
32 34 771
34 32 771
32 39 611
39 32 611
32 39 236
39 32 236
32 39 238
39 32 238
32 38 993
38 32 993
32 39 202
39 32 202
32 33 349
33 32 349
32 41 712
41 32 712
32 34 427
34 32 427
32 37 520
37 32 520
32 42 870
42 32 870
32 44 485
44 32 485
32 35 414
35 32 414
32 37 766
37 32 766
33 40 264
40 33 264
33 36 64
36 33 64
33 38 728
38 33 728
33 38 987
38 33 987
33 43 45
43 33 45
33 36 127
36 33 127
34 46 297
46 34 297
34 44 112
44 34 112
34 38 897
38 34 897
34 43 197
43 34 197
34 36 70
36 34 70
34 35 563
35 34 563
34 37 700
37 34 700
34 36 346
36 34 346
34 43 721
43 34 721
35 38 34
38 35 34
35 38 451
38 35 451
35 45 732
45 35 732
35 45 504
45 35 504
35 37 135
37 35 135
35 42 518
42 35 518
35 43 849
43 35 849
35 44 202
44 35 202
35 41 453
41 35 453
35 36 228
36 35 228
35 39 202
39 35 202
36 41 17
41 36 17
36 36 682
36 36 682
36 45 15
45 36 15
37 46 77
46 37 77
37 46 577
46 37 577
37 46 414
46 37 414
37 43 694
43 37 694
37 46 513
46 37 513
37 37 362
37 37 362
37 40 921
40 37 921
37 44 510
44 37 510
38 42 754
42 38 754
38 41 675
41 38 675
38 38 443
38 38 443
38 41 494
41 38 494
38 44 844
44 38 844
39 41 85
41 39 85
39 45 977
45 39 977
40 45 256
45 40 256
40 43 475
43 40 475
40 43 729
43 40 729
40 46 167
46 40 167
40 43 960
43 40 960
40 44 621
44 40 621
41 46 183
46 41 183
41 46 749
46 41 749
41 46 76
46 41 76
41 42 62
42 41 62
41 42 273
42 41 273
41 43 721
43 41 721
41 42 457
42 41 457
41 45 76
45 41 76
43 46 478
46 43 478
44 44 539
44 44 539
44 46 396
46 44 396
45 45 600
45 45 600
45 46 308
46 45 308
45 45 38
45 45 38
