31

0 1 96
1 0 96
0 2 637
2 0 637
0 3 463
3 0 463
0 25 978
25 0 978
0 29 429
29 0 429
0 27 527
27 0 527
0 6 400
6 0 400
0 11 133
11 0 133
0 3 764
3 0 764
0 8 887
8 0 887
0 26 902
26 0 902
0 10 208
10 0 208
0 13 879
13 0 879
0 28 327
28 0 327
0 22 261
22 0 261
0 23 617
23 0 617
0 14 339
14 0 339
0 6 560
6 0 560
0 0 150
0 0 150
0 7 818
7 0 818
0 15 513
15 0 513
0 4 751
4 0 751
0 25 963
25 0 963
0 16 2
16 0 2
0 15 728
15 0 728
0 4 393
4 0 393
0 23 667
23 0 667
1 19 754
19 1 754
1 10 62
10 1 62
1 6 145
6 1 145
1 9 451
9 1 451
1 20 21
20 1 21
1 7 59
7 1 59
1 10 260
10 1 260
1 3 854
3 1 854
1 25 861
25 1 861
1 6 379
6 1 379
1 7 706
7 1 706
1 28 630
28 1 630
1 7 867
7 1 867
1 19 769
19 1 769
1 10 124
10 1 124
1 27 303
27 1 303
1 29 314
29 1 314
1 24 112
24 1 112
1 25 539
25 1 539
1 20 600
20 1 600
1 24 256
24 1 256
2 5 933
5 2 933
2 7 642
7 2 642
2 8 776
8 2 776
2 14 532
14 2 532
2 26 876
26 2 876
2 4 306
4 2 306
2 26 271
26 2 271
2 15 49
15 2 49
2 3 755
3 2 755
2 28 699
28 2 699
2 3 717
3 2 717
2 10 807
10 2 807
2 6 392
6 2 392
2 15 721
15 2 721
2 18 107
18 2 107
2 19 741
19 2 741
2 8 509
8 2 509
2 12 789
12 2 789
2 29 385
29 2 385
2 9 322
9 2 322
2 22 771
22 2 771
2 20 845
20 2 845
2 9 174
9 2 174
2 21 173
21 2 173
2 5 698
5 2 698
3 4 896
4 3 896
3 10 668
10 3 668
3 11 599
11 3 599
3 8 83
8 3 83
3 4 480
4 3 480
3 15 803
15 3 803
3 3 228
3 3 228
3 18 600
18 3 600
3 24 943
24 3 943
3 23 826
23 3 826
3 12 406
12 3 406
3 23 809
23 3 809
3 18 954
18 3 954
3 10 736
10 3 736
3 14 488
14 3 488
3 18 433
18 3 433
3 10 866
10 3 866
3 25 885
25 3 885
3 11 540
11 3 540
3 19 511
19 3 511
3 14 964
14 3 964
3 13 801
13 3 801
3 6 690
6 3 690
3 4 349
4 3 349
3 6 58
6 3 58
3 24 807
24 3 807
3 14 366
14 3 366
3 28 683
28 3 683
3 20 1000
20 3 1000
3 4 768
4 3 768
3 27 794
27 3 794
3 9 72
9 3 72
3 7 301
7 3 301
4 6 58
6 4 58
4 9 802
9 4 802
4 25 724
25 4 724
4 6 883
6 4 883
4 15 975
15 4 975
4 4 662
4 4 662
4 18 346
18 4 346
4 25 266
25 4 266
4 24 621
24 4 621
4 15 651
15 4 651
4 12 940
12 4 940
4 21 259
21 4 259
4 26 25
26 4 25
4 25 293
25 4 293
4 9 41
9 4 41
4 30 192
30 4 192
4 28 719
28 4 719
4 23 705
23 4 705
4 17 12
17 4 12
4 9 422
9 4 422
4 10 873
10 4 873
4 6 99
6 4 99
4 14 840
14 4 840
4 6 636
6 4 636
4 29 866
29 4 866
4 25 840
25 4 840
5 13 714
13 5 714
5 23 909
23 5 909
5 19 871
19 5 871
5 29 845
29 5 845
5 27 179
27 5 179
5 12 211
12 5 211
5 26 876
26 5 876
5 16 865
16 5 865
5 13 262
13 5 262
5 14 285
14 5 285
5 9 473
9 5 473
5 10 193
10 5 193
5 11 186
11 5 186
5 7 416
7 5 416
5 6 640
6 5 640
5 27 736
27 5 736
5 7 454
7 5 454
5 15 173
15 5 173
5 10 213
10 5 213
5 9 758
9 5 758
5 26 979
26 5 979
5 19 904
19 5 904
6 24 465
24 6 465
6 7 960
7 6 960
6 18 103
18 6 103
6 30 806
30 6 806
6 20 297
20 6 297
6 20 464
20 6 464
6 28 281
28 6 281
6 22 323
22 6 323
6 30 998
30 6 998
6 22 157
22 6 157
6 15 321
15 6 321
6 17 763
17 6 763
6 17 355
17 6 355
6 22 465
22 6 465
6 22 692
22 6 692
6 16 137
16 6 137
6 15 807
15 6 807
6 18 72
18 6 72
6 14 809
14 6 809
7 17 246
17 7 246
7 25 39
25 7 39
7 8 455
8 7 455
7 29 452
29 7 452
7 11 506
11 7 506
7 29 432
29 7 432
7 24 304
24 7 304
7 13 868
13 7 868
7 23 647
23 7 647
7 19 804
19 7 804
7 12 905
12 7 905
7 23 107
23 7 107
7 17 457
17 7 457
7 27 309
27 7 309
7 18 964
18 7 964
7 22 831
22 7 831
7 7 95
7 7 95
7 12 338
12 7 338
7 30 270
30 7 270
8 16 861
16 8 861
8 20 686
20 8 686
8 24 511
24 8 511
8 18 859
18 8 859
8 16 886
16 8 886
8 15 374
15 8 374
8 10 798
10 8 798
8 18 568
18 8 568
8 30 466
30 8 466
8 28 692
28 8 692
8 14 247
14 8 247
8 20 572
20 8 572
8 15 115
15 8 115
8 16 914
16 8 914
8 11 611
11 8 611
9 12 388
12 9 388
9 16 619
16 9 619
9 14 120
14 9 120
9 12 83
12 9 83
9 27 457
27 9 457
9 18 457
18 9 457
9 23 526
23 9 526
9 10 455
10 9 455
9 18 111
18 9 111
9 18 717
18 9 717
9 10 896
10 9 896
9 22 926
22 9 926
9 20 244
20 9 244
9 10 324
10 9 324
9 25 936
25 9 936
9 29 952
29 9 952
9 28 888
28 9 888
9 18 801
18 9 801
10 15 227
15 10 227
10 20 763
20 10 763
10 22 821
22 10 821
10 11 437
11 10 437
10 30 2
30 10 2
10 27 341
27 10 341
10 14 816
14 10 816
10 24 414
24 10 414
10 22 651
22 10 651
10 17 397
17 10 397
10 30 131
30 10 131
10 28 937
28 10 937
10 27 949
27 10 949
10 19 341
19 10 341
10 18 953
18 10 953
10 12 955
12 10 955
10 27 768
27 10 768
10 14 987
14 10 987
10 21 840
21 10 840
10 21 6
21 10 6
10 28 357
28 10 357
10 28 579
28 10 579
10 30 369
30 10 369
10 19 461
19 10 461
10 29 194
29 10 194
11 12 967
12 11 967
11 21 44
21 11 44
11 11 586
11 11 586
11 29 87
29 11 87
11 13 202
13 11 202
11 20 793
20 11 793
11 28 673
28 11 673
11 14 578
14 11 578
11 14 534
14 11 534
11 17 213
17 11 213
11 21 241
21 11 241
11 26 519
26 11 519
11 14 9
14 11 9
11 25 935
25 11 935
11 11 686
11 11 686
11 25 294
25 11 294
12 24 800
24 12 800
12 23 391
23 12 391
12 17 854
17 12 854
12 14 905
14 12 905
12 13 905
13 12 905
12 18 685
18 12 685
12 26 439
26 12 439
12 26 138
26 12 138
12 18 374
18 12 374
12 21 250
21 12 250
12 17 835
17 12 835
12 24 163
24 12 163
12 27 341
27 12 341
12 28 23
28 12 23
12 18 808
18 12 808
13 18 442
18 13 442
13 26 795
26 13 795
13 25 820
25 13 820
13 27 87
27 13 87
13 24 745
24 13 745
13 26 934
26 13 934
13 21 639
21 13 639
13 26 14
26 13 14
13 17 847
17 13 847
13 21 754
21 13 754
13 25 782
25 13 782
13 23 476
23 13 476
13 23 938
23 13 938
13 24 297
24 13 297
13 24 712
24 13 712
13 30 596
30 13 596
13 19 822
19 13 822
13 17 433
17 13 433
13 28 909
28 13 909
13 20 277
20 13 277
13 13 680
13 13 680
13 27 510
27 13 510
14 19 596
19 14 596
14 28 221
28 14 221
14 20 833
20 14 833
14 23 854
23 14 854
14 16 75
16 14 75
14 23 879
23 14 879
14 27 355
27 14 355
14 16 590
16 14 590
14 25 766
25 14 766
14 24 589
24 14 589
14 28 859
28 14 859
14 30 472
30 14 472
14 18 681
18 14 681
14 25 795
25 14 795
14 27 36
27 14 36
14 24 482
24 14 482
14 21 441
21 14 441
15 16 360
16 15 360
15 24 859
24 15 859
15 24 651
24 15 651
15 19 697
19 15 697
15 25 51
25 15 51
15 22 188
22 15 188
15 27 621
27 15 621
15 17 690
17 15 690
15 29 344
29 15 344
15 30 27
30 15 27
15 27 289
27 15 289
15 19 24
19 15 24
15 25 887
25 15 887
15 25 126
25 15 126
15 21 164
21 15 164
15 21 676
21 15 676
15 26 298
26 15 298
16 30 419
30 16 419
16 21 480
21 16 480
16 29 916
29 16 916
16 27 820
27 16 820
16 26 664
26 16 664
16 25 50
25 16 50
17 29 931
29 17 931
17 19 174
19 17 174
17 26 399
26 17 399
17 27 793
27 17 793
17 29 397
29 17 397
17 28 635
28 17 635
18 19 717
19 18 717
18 22 540
22 18 540
18 25 156
25 18 156
18 30 20
30 18 20
18 28 428
28 18 428
18 26 411
26 18 411
18 24 318
24 18 318
19 28 458
28 19 458
19 23 713
23 19 713
19 22 905
22 19 905
19 23 540
23 19 540
19 24 652
24 19 652
19 26 382
26 19 382
19 22 247
22 19 247
19 21 103
21 19 103
19 21 994
21 19 994
19 21 607
21 19 607
19 22 71
22 19 71
20 29 355
29 20 355
20 20 345
20 20 345
20 30 326
30 20 326
20 28 492
28 20 492
20 29 423
29 20 423
20 22 420
22 20 420
21 21 534
21 21 534
21 27 396
27 21 396
21 23 202
23 21 202
21 21 421
21 21 421
21 27 974
27 21 974
21 29 818
29 21 818
21 25 839
25 21 839
21 29 603
29 21 603
22 26 247
26 22 247
22 25 766
25 22 766
22 26 755
26 22 755
22 30 992
30 22 992
23 29 611
29 23 611
23 27 483
27 23 483
24 27 559
27 24 559
24 26 472
26 24 472
24 27 419
27 24 419
24 29 976
29 24 976
24 29 191
29 24 191
24 30 248
30 24 248
25 27 580
27 25 580
25 30 605
30 25 605
25 28 916
28 25 916
26 28 300
28 26 300
26 27 771
27 26 771
26 28 277
28 26 277
27 30 473
30 27 473
27 29 60
29 27 60
27 28 240
28 27 240
27 27 235
27 27 235
28 30 985
30 28 985
