36

0 1 653
1 0 653
0 2 850
2 0 850
0 14 750
14 0 750
0 1 103
1 0 103
0 22 510
22 0 510
0 12 386
12 0 386
0 2 420
2 0 420
0 2 44
2 0 44
0 4 964
4 0 964
0 14 746
14 0 746
0 20 546
20 0 546
0 29 738
29 0 738
0 26 188
26 0 188
0 6 793
6 0 793
0 14 625
14 0 625
0 25 838
25 0 838
0 27 72
27 0 72
0 31 424
31 0 424
0 30 310
30 0 310
1 4 577
4 1 577
1 14 687
14 1 687
1 8 23
8 1 23
1 34 291
34 1 291
1 1 314
1 1 314
1 18 326
18 1 326
1 25 449
25 1 449
1 11 386
11 1 386
1 29 567
29 1 567
1 5 506
5 1 506
1 13 400
13 1 400
1 22 929
22 1 929
1 19 71
19 1 71
1 7 805
7 1 805
1 25 58
25 1 58
1 30 623
30 1 623
1 13 732
13 1 732
1 22 687
22 1 687
1 2 797
2 1 797
1 2 958
2 1 958
1 35 398
35 1 398
1 6 422
6 1 422
1 29 320
29 1 320
1 6 458
6 1 458
1 3 768
3 1 768
1 25 436
25 1 436
1 24 460
24 1 460
1 20 647
20 1 647
1 25 945
25 1 945
1 7 728
7 1 728
1 8 996
8 1 996
1 7 404
7 1 404
2 3 497
3 2 497
2 16 700
16 2 700
2 23 563
23 2 563
2 31 713
31 2 713
2 27 718
27 2 718
2 8 260
8 2 260
2 3 288
3 2 288
2 13 266
13 2 266
2 16 634
16 2 634
2 33 625
33 2 625
2 35 637
35 2 637
2 19 521
19 2 521
2 26 40
26 2 40
2 11 475
11 2 475
2 32 521
32 2 521
2 10 390
10 2 390
2 7 152
7 2 152
2 15 722
15 2 722
2 31 528
31 2 528
2 13 90
13 2 90
2 10 17
10 2 17
2 4 199
4 2 199
3 5 508
5 3 508
3 12 410
12 3 410
3 24 166
24 3 166
3 28 404
28 3 404
3 30 727
30 3 727
3 27 936
27 3 936
3 16 559
16 3 559
3 27 197
27 3 197
3 5 333
5 3 333
3 17 942
17 3 942
3 30 630
30 3 630
3 20 614
20 3 614
3 23 52
23 3 52
3 22 791
22 3 791
3 13 885
13 3 885
3 16 74
16 3 74
3 28 971
28 3 971
3 11 762
11 3 762
3 30 488
30 3 488
3 24 699
24 3 699
3 15 516
15 3 516
3 32 815
32 3 815
4 6 709
6 4 709
4 9 158
9 4 158
4 26 671
26 4 671
4 22 768
22 4 768
4 8 21
8 4 21
4 4 691
4 4 691
4 14 453
14 4 453
4 27 585
27 4 585
4 31 474
31 4 474
4 9 339
9 4 339
4 19 758
19 4 758
4 15 851
15 4 851
4 9 591
9 4 591
4 33 91
33 4 91
4 7 446
7 4 446
4 7 669
7 4 669
4 18 721
18 4 721
4 10 867
10 4 867
5 7 216
7 5 216
5 10 797
10 5 797
5 34 938
34 5 938
5 35 154
35 5 154
5 15 881
15 5 881
5 27 263
27 5 263
5 22 604
22 5 604
5 10 18
10 5 18
5 11 456
11 5 456
5 26 402
26 5 402
5 14 158
14 5 158
5 23 911
23 5 911
5 22 301
22 5 301
5 12 551
12 5 551
5 27 685
27 5 685
5 6 377
6 5 377
5 20 471
20 5 471
5 29 224
29 5 224
5 33 92
33 5 92
5 30 686
30 5 686
5 17 280
17 5 280
5 13 379
13 5 379
5 17 177
17 5 177
6 16 662
16 6 662
6 19 165
19 6 165
6 27 679
27 6 679
6 31 587
31 6 587
6 13 781
13 6 781
6 11 390
11 6 390
6 17 731
17 6 731
6 24 619
24 6 619
6 26 647
26 6 647
6 20 63
20 6 63
6 24 115
24 6 115
6 25 378
25 6 378
6 10 187
10 6 187
6 19 534
19 6 534
6 10 383
10 6 383
6 29 569
29 6 569
6 10 17
10 6 17
6 24 554
24 6 554
6 12 771
12 6 771
6 25 572
25 6 572
6 6 873
6 6 873
6 9 129
9 6 129
7 8 762
8 7 762
7 23 651
23 7 651
7 29 163
29 7 163
7 20 301
20 7 301
7 29 313
29 7 313
7 23 123
23 7 123
7 24 279
24 7 279
7 26 950
26 7 950
7 20 25
20 7 25
7 31 284
31 7 284
7 27 395
27 7 395
7 24 708
24 7 708
7 33 52
33 7 52
7 12 677
12 7 677
7 15 959
15 7 959
7 9 991
9 7 991
7 32 372
32 7 372
7 24 629
24 7 629
7 24 659
24 7 659
7 24 625
24 7 625
7 21 188
21 7 188
7 23 854
23 7 854
7 35 841
35 7 841
7 30 505
30 7 505
8 15 883
15 8 883
8 26 211
26 8 211
8 9 309
9 8 309
8 30 742
30 8 742
8 34 376
34 8 376
8 27 762
27 8 762
8 17 492
17 8 492
8 9 797
9 8 797
8 22 726
22 8 726
8 15 339
15 8 339
8 13 893
13 8 893
8 29 947
29 8 947
8 11 736
11 8 736
8 23 138
23 8 138
8 19 401
19 8 401
8 20 921
20 8 921
8 14 753
14 8 753
8 18 958
18 8 958
8 8 122
8 8 122
8 27 856
27 8 856
8 12 168
12 8 168
8 27 966
27 8 966
8 31 420
31 8 420
8 14 587
14 8 587
8 26 964
26 8 964
8 23 811
23 8 811
8 28 36
28 8 36
8 21 990
21 8 990
8 33 105
33 8 105
8 31 130
31 8 130
8 31 838
31 8 838
8 21 911
21 8 911
9 11 153
11 9 153
9 13 172
13 9 172
9 23 805
23 9 805
9 24 81
24 9 81
9 33 47
33 9 47
9 28 63
28 9 63
9 35 952
35 9 952
9 15 217
15 9 217
9 17 96
17 9 96
9 35 922
35 9 922
9 22 427
22 9 427
9 10 158
10 9 158
9 15 116
15 9 116
9 17 952
17 9 952
9 23 227
23 9 227
9 23 543
23 9 543
9 32 252
32 9 252
9 33 136
33 9 136
9 17 654
17 9 654
9 32 962
32 9 962
9 25 155
25 9 155
10 25 626
25 10 626
10 21 27
21 10 27
10 22 452
22 10 452
10 31 230
31 10 230
10 17 758
17 10 758
10 31 658
31 10 658
10 35 393
35 10 393
10 18 416
18 10 416
10 33 698
33 10 698
10 21 76
21 10 76
10 11 74
11 10 74
10 20 686
20 10 686
10 26 666
26 10 666
10 28 241
28 10 241
10 27 195
27 10 195
10 23 47
23 10 47
10 13 292
13 10 292
10 25 817
25 10 817
10 28 899
28 10 899
10 31 468
31 10 468
11 33 7
33 11 7
11 14 920
14 11 920
11 31 781
31 11 781
11 23 687
23 11 687
11 35 422
35 11 422
11 28 567
28 11 567
11 31 963
31 11 963
11 27 715
27 11 715
11 34 796
34 11 796
11 23 831
23 11 831
11 21 630
21 11 630
11 30 898
30 11 898
11 12 625
12 11 625
11 34 563
34 11 563
11 32 745
32 11 745
11 18 177
18 11 177
11 15 913
15 11 913
12 21 283
21 12 283
12 32 559
32 12 559
12 31 656
31 12 656
12 12 709
12 12 709
12 13 124
13 12 124
12 29 146
29 12 146
12 29 609
29 12 609
12 15 144
15 12 144
12 18 206
18 12 206
12 29 469
29 12 469
12 14 96
14 12 96
12 13 588
13 12 588
12 30 352
30 12 352
12 31 761
31 12 761
13 17 581
17 13 581
13 14 596
14 13 596
13 35 741
35 13 741
13 25 654
25 13 654
13 34 59
34 13 59
13 25 173
25 13 173
13 33 387
33 13 387
13 35 328
35 13 328
13 30 145
30 13 145
13 21 909
21 13 909
13 19 415
19 13 415
13 31 302
31 13 302
13 14 14
14 13 14
13 15 360
15 13 360
14 22 997
22 14 997
14 28 637
28 14 637
14 17 914
17 14 914
14 35 863
35 14 863
14 15 220
15 14 220
14 23 907
23 14 907
14 27 622
27 14 622
14 20 131
20 14 131
14 22 609
22 14 609
14 31 447
31 14 447
14 19 74
19 14 74
14 35 78
35 14 78
14 27 169
27 14 169
14 21 991
21 14 991
14 23 351
23 14 351
14 35 823
35 14 823
14 35 280
35 14 280
14 16 901
16 14 901
14 27 221
27 14 221
14 35 403
35 14 403
14 30 212
30 14 212
15 31 398
31 15 398
15 27 758
27 15 758
15 29 561
29 15 561
15 19 197
19 15 197
15 32 13
32 15 13
15 27 768
27 15 768
15 25 725
25 15 725
15 23 550
23 15 550
15 29 975
29 15 975
15 18 494
18 15 494
15 31 302
31 15 302
15 15 813
15 15 813
15 19 253
19 15 253
15 18 622
18 15 622
15 24 277
24 15 277
15 24 24
24 15 24
15 33 147
33 15 147
16 18 683
18 16 683
16 20 84
20 16 84
16 17 916
17 16 916
16 17 260
17 16 260
16 28 81
28 16 81
16 22 155
22 16 155
16 25 836
25 16 836
16 32 882
32 16 882
16 25 769
25 16 769
16 23 396
23 16 396
16 33 371
33 16 371
16 20 603
20 16 603
16 20 998
20 16 998
17 30 690
30 17 690
17 33 918
33 17 918
17 24 983
24 17 983
17 31 944
31 17 944
17 26 147
26 17 147
17 27 116
27 17 116
17 27 710
27 17 710
17 28 811
28 17 811
17 26 591
26 17 591
18 25 713
25 18 713
18 22 370
22 18 370
18 26 608
26 18 608
18 30 448
30 18 448
18 25 337
25 18 337
18 32 280
32 18 280
18 25 438
25 18 438
18 21 979
21 18 979
18 26 915
26 18 915
18 28 568
28 18 568
19 29 561
29 19 561
19 26 743
26 19 743
19 22 198
22 19 198
19 26 487
26 19 487
19 20 463
20 19 463
19 25 992
25 19 992
19 25 80
25 19 80
19 23 658
23 19 658
19 25 4
25 19 4
19 24 325
24 19 325
19 32 337
32 19 337
19 32 629
32 19 629
19 25 38
25 19 38
20 24 825
24 20 825
20 30 190
30 20 190
20 33 711
33 20 711
20 27 903
27 20 903
20 29 809
29 20 809
20 26 697
26 20 697
20 28 973
28 20 973
20 24 880
24 20 880
20 35 615
35 20 615
20 20 700
20 20 700
20 22 437
22 20 437
21 25 338
25 21 338
21 30 866
30 21 866
21 31 225
31 21 225
21 24 534
24 21 534
21 26 772
26 21 772
21 29 66
29 21 66
21 32 780
32 21 780
21 22 184
22 21 184
21 33 820
33 21 820
21 27 387
27 21 387
21 34 718
34 21 718
21 25 412
25 21 412
22 28 622
28 22 622
22 25 509
25 22 509
22 31 442
31 22 442
22 25 756
25 22 756
22 34 868
34 22 868
22 32 227
32 22 227
22 29 677
29 22 677
22 23 902
23 22 902
22 24 65
24 22 65
23 25 926
25 23 926
23 28 958
28 23 958
23 32 374
32 23 374
23 28 816
28 23 816
23 33 651
33 23 651
23 23 918
23 23 918
23 27 179
27 23 179
24 33 798
33 24 798
24 32 431
32 24 431
24 34 27
34 24 27
24 24 311
24 24 311
24 35 39
35 24 39
24 32 631
32 24 631
24 27 932
27 24 932
25 32 317
32 25 317
25 31 240
31 25 240
25 29 481
29 25 481
25 33 156
33 25 156
25 28 98
28 25 98
25 35 193
35 25 193
25 32 317
32 25 317
25 34 943
34 25 943
25 33 792
33 25 792
25 27 872
27 25 872
25 35 54
35 25 54
25 29 482
29 25 482
25 35 120
35 25 120
26 33 664
33 26 664
26 34 421
34 26 421
26 28 819
28 26 819
26 28 942
28 26 942
26 32 986
32 26 986
27 34 588
34 27 588
27 35 847
35 27 847
27 28 187
28 27 187
27 28 267
28 27 267
27 33 744
33 27 744
27 27 815
27 27 815
27 33 876
33 27 876
28 30 40
30 28 40
28 31 735
31 28 735
28 35 131
35 28 131
29 32 803
32 29 803
29 34 35
34 29 35
29 33 339
33 29 339
30 34 907
34 30 907
30 31 206
31 30 206
31 33 521
33 31 521
31 35 192
35 31 192
31 35 669
35 31 669
31 33 467
33 31 467
31 33 63
33 31 63
32 33 168
33 32 168
32 32 921
32 32 921
32 33 737
33 32 737
32 32 336
32 32 336
34 35 433
35 34 433
34 35 541
35 34 541
