22

0 1 721
1 0 721
0 2 638
2 0 638
0 3 385
3 0 385
0 14 700
14 0 700
0 8 793
8 0 793
0 12 427
12 0 427
0 1 944
1 0 944
1 6 65
6 1 65
1 8 587
8 1 587
1 9 843
9 1 843
1 9 51
9 1 51
1 21 776
21 1 776
1 10 813
10 1 813
2 5 563
5 2 563
2 17 758
17 2 758
2 18 253
18 2 253
2 9 932
9 2 932
2 4 752
4 2 752
2 21 164
21 2 164
2 14 604
14 2 604
2 7 631
7 2 631
2 4 236
4 2 236
2 16 609
16 2 609
2 5 914
5 2 914
2 9 777
9 2 777
2 11 964
11 2 964
3 4 470
4 3 470
3 4 108
4 3 108
3 13 108
13 3 108
3 19 862
19 3 862
3 8 949
8 3 949
3 10 769
10 3 769
3 19 189
19 3 189
3 8 459
8 3 459
3 13 14
13 3 14
3 21 785
21 3 785
3 8 158
8 3 158
4 7 723
7 4 723
4 15 205
15 4 205
4 6 897
6 4 897
4 10 113
10 4 113
4 18 105
18 4 105
4 7 826
7 4 826
4 12 691
12 4 691
4 15 970
15 4 970
4 21 383
21 4 383
5 10 777
10 5 777
5 9 3
9 5 3
5 13 92
13 5 92
6 16 903
16 6 903
6 8 912
8 6 912
6 13 921
13 6 921
6 17 874
17 6 874
6 18 486
18 6 486
6 10 855
10 6 855
6 19 644
19 6 644
6 15 384
15 6 384
7 12 567
12 7 567
7 21 250
21 7 250
7 20 43
20 7 43
7 19 987
19 7 987
7 16 66
16 7 66
7 14 263
14 7 263
7 21 504
21 7 504
7 8 217
8 7 217
7 14 708
14 7 708
7 18 845
18 7 845
8 11 885
11 8 885
8 20 675
20 8 675
8 9 312
9 8 312
8 13 809
13 8 809
8 12 862
12 8 862
8 14 565
14 8 565
8 16 196
16 8 196
8 9 595
9 8 595
8 14 612
14 8 612
8 19 980
19 8 980
8 19 745
19 8 745
8 15 541
15 8 541
9 17 233
17 9 233
9 13 220
13 9 220
9 13 515
13 9 515
9 18 791
18 9 791
9 14 650
14 9 650
10 19 599
19 10 599
10 10 150
10 10 150
10 15 204
15 10 204
11 13 694
13 11 694
11 14 977
14 11 977
11 21 130
21 11 130
11 21 101
21 11 101
11 12 831
12 11 831
11 17 250
17 11 250
11 20 156
20 11 156
11 20 444
20 11 444
11 15 75
15 11 75
11 14 578
14 11 578
11 13 809
13 11 809
11 20 437
20 11 437
12 16 188
16 12 188
12 19 491
19 12 491
12 19 382
19 12 382
12 12 443
12 12 443
12 21 129
21 12 129
12 15 33
15 12 33
12 20 748
20 12 748
12 20 980
20 12 980
13 21 699
21 13 699
13 15 437
15 13 437
13 18 915
18 13 915
14 15 685
15 14 685
14 21 527
21 14 527
15 18 155
18 15 155
15 16 458
16 15 458
15 18 95
18 15 95
15 19 38
19 15 38
15 20 587
20 15 587
15 21 195
21 15 195
16 21 714
21 16 714
16 18 53
18 16 53
16 18 322
18 16 322
16 21 525
21 16 525
17 19 507
19 17 507
17 21 98
21 17 98
18 21 481
21 18 481
19 20 537
20 19 537
