16

0 1 771
1 0 771
0 2 204
2 0 204
0 12 435
12 0 435
0 12 381
12 0 381
0 3 672
3 0 672
0 2 612
2 0 612
0 1 598
1 0 598
0 2 524
2 0 524
0 15 363
15 0 363
0 5 195
5 0 195
1 4 988
4 1 988
1 7 677
7 1 677
1 14 320
14 1 320
1 7 280
7 1 280
2 3 979
3 2 979
2 6 778
6 2 778
2 8 384
8 2 384
2 9 557
9 2 557
2 7 869
7 2 869
2 14 303
14 2 303
2 5 518
5 2 518
2 15 374
15 2 374
3 5 74
5 3 74
3 15 143
15 3 143
3 13 682
13 3 682
3 12 365
12 3 365
3 11 934
11 3 934
3 9 111
9 3 111
4 11 652
11 4 652
4 11 193
11 4 193
4 11 187
11 4 187
4 4 706
4 4 706
4 6 380
6 4 380
4 10 43
10 4 43
5 13 938
13 5 938
5 12 526
12 5 526
6 9 823
9 6 823
6 14 715
14 6 715
6 13 864
13 6 864
6 15 697
15 6 697
7 10 359
10 7 359
7 14 132
14 7 132
7 10 901
10 7 901
8 9 86
9 8 86
9 13 170
13 9 170
9 15 977
15 9 977
9 14 143
14 9 143
11 13 357
13 11 357
12 13 413
13 12 413
12 15 46
15 12 46
13 15 876
15 13 876
14 15 989
15 14 989
15 15 702
15 15 702
