54

0 1 941
1 0 941
0 2 482
2 0 482
0 18 84
18 0 84
0 34 243
34 0 243
0 15 18
15 0 18
0 24 632
24 0 632
0 44 867
44 0 867
0 13 936
13 0 936
0 22 356
22 0 356
0 43 115
43 0 115
0 15 688
15 0 688
0 43 746
43 0 746
0 28 330
28 0 330
0 20 754
20 0 754
0 36 659
36 0 659
0 28 767
28 0 767
0 43 69
43 0 69
0 7 229
7 0 229
0 34 818
34 0 818
0 41 369
41 0 369
0 14 222
14 0 222
0 25 675
25 0 675
0 35 75
35 0 75
0 37 980
37 0 980
0 43 330
43 0 330
0 31 45
31 0 45
0 39 25
39 0 25
0 26 175
26 0 175
0 4 141
4 0 141
0 43 881
43 0 881
0 21 726
21 0 726
0 20 190
20 0 190
0 49 105
49 0 105
0 39 429
39 0 429
0 38 425
38 0 425
0 31 356
31 0 356
0 20 453
20 0 453
0 1 923
1 0 923
0 33 329
33 0 329
0 6 958
6 0 958
0 36 357
36 0 357
0 39 993
39 0 993
0 28 212
28 0 212
0 39 626
39 0 626
0 6 498
6 0 498
0 46 559
46 0 559
0 6 284
6 0 284
0 12 327
12 0 327
1 4 717
4 1 717
1 16 829
16 1 829
1 37 473
37 1 473
1 26 295
26 1 295
1 20 290
20 1 290
1 18 959
18 1 959
1 25 898
25 1 898
1 24 156
24 1 156
1 15 536
15 1 536
1 6 758
6 1 758
1 37 231
37 1 231
1 47 274
47 1 274
1 13 396
13 1 396
1 23 80
23 1 80
1 10 712
10 1 712
1 26 361
26 1 361
1 2 262
2 1 262
1 17 968
17 1 968
1 2 277
2 1 277
1 21 48
21 1 48
1 30 805
30 1 805
1 26 907
26 1 907
1 25 214
25 1 214
1 6 94
6 1 94
1 13 288
13 1 288
1 1 496
1 1 496
1 18 482
18 1 482
1 32 228
32 1 228
1 1 771
1 1 771
1 27 233
27 1 233
1 12 854
12 1 854
1 25 435
25 1 435
1 3 673
3 1 673
1 20 203
20 1 203
1 42 9
42 1 9
1 24 691
24 1 691
1 37 173
37 1 173
2 3 611
3 2 611
2 6 678
6 2 678
2 7 223
7 2 223
2 19 863
19 2 863
2 28 681
28 2 681
2 30 512
30 2 512
2 16 288
16 2 288
2 44 930
44 2 930
2 18 500
18 2 500
2 29 483
29 2 483
2 53 604
53 2 604
2 13 950
13 2 950
2 40 435
40 2 435
2 35 653
35 2 653
2 38 690
38 2 690
2 16 715
16 2 715
2 25 784
25 2 784
2 16 627
16 2 627
2 26 404
26 2 404
2 50 828
50 2 828
2 25 716
25 2 716
2 38 980
38 2 980
2 18 736
18 2 736
2 51 317
51 2 317
2 46 796
46 2 796
2 42 331
42 2 331
2 12 445
12 2 445
2 46 238
46 2 238
2 6 798
6 2 798
2 34 830
34 2 830
2 22 667
22 2 667
2 22 898
22 2 898
3 8 556
8 3 556
3 23 988
23 3 988
3 31 594
31 3 594
3 52 982
52 3 982
3 21 361
21 3 361
3 38 815
38 3 815
3 44 225
44 3 225
3 22 800
22 3 800
3 16 45
16 3 45
3 45 322
45 3 322
3 9 854
9 3 854
3 16 136
16 3 136
3 19 320
19 3 320
3 52 789
52 3 789
3 50 960
50 3 960
3 14 381
14 3 381
3 3 256
3 3 256
3 42 184
42 3 184
3 10 448
10 3 448
3 50 474
50 3 474
3 41 608
41 3 608
3 36 693
36 3 693
3 33 341
33 3 341
3 27 810
27 3 810
3 41 747
41 3 747
3 44 30
44 3 30
3 36 216
36 3 216
3 46 90
46 3 90
3 23 885
23 3 885
3 16 780
16 3 780
3 53 730
53 3 730
3 45 645
45 3 645
3 44 893
44 3 893
3 19 666
19 3 666
3 38 628
38 3 628
3 17 582
17 3 582
3 4 273
4 3 273
3 15 773
15 3 773
3 8 528
8 3 528
3 48 668
48 3 668
3 6 661
6 3 661
4 5 161
5 4 161
4 17 13
17 4 13
4 46 962
46 4 962
4 27 410
27 4 410
4 35 513
35 4 513
4 53 741
53 4 741
4 40 824
40 4 824
4 53 201
53 4 201
4 36 889
36 4 889
4 8 715
8 4 715
4 17 331
17 4 331
4 42 515
42 4 515
4 20 707
20 4 707
4 9 108
9 4 108
4 48 718
48 4 718
4 6 153
6 4 153
4 25 243
25 4 243
4 47 286
47 4 286
4 9 997
9 4 997
4 10 263
10 4 263
4 44 942
44 4 942
4 34 451
34 4 451
4 32 162
32 4 162
4 51 432
51 4 432
4 11 863
11 4 863
4 11 74
11 4 74
4 15 877
15 4 877
4 45 290
45 4 290
4 12 240
12 4 240
4 35 164
35 4 164
4 7 587
7 4 587
4 6 758
6 4 758
4 23 613
23 4 613
5 38 766
38 5 766
5 41 489
41 5 489
5 18 159
18 5 159
5 22 385
22 5 385
5 47 71
47 5 71
5 28 298
28 5 298
5 30 830
30 5 830
5 53 194
53 5 194
5 14 457
14 5 457
5 24 147
24 5 147
5 31 633
31 5 633
5 41 718
41 5 718
5 53 125
53 5 125
5 45 952
45 5 952
5 49 65
49 5 65
5 46 791
46 5 791
5 48 179
48 5 179
5 32 78
32 5 78
5 40 532
40 5 532
5 36 946
36 5 946
5 42 849
42 5 849
5 6 416
6 5 416
5 12 859
12 5 859
5 35 694
35 5 694
5 14 307
14 5 307
5 45 66
45 5 66
5 6 781
6 5 781
5 53 442
53 5 442
6 15 429
15 6 429
6 14 347
14 6 347
6 40 945
40 6 945
6 46 145
46 6 145
6 32 216
32 6 216
6 40 311
40 6 311
6 21 974
21 6 974
6 41 95
41 6 95
6 9 155
9 6 155
6 30 156
30 6 156
6 22 565
22 6 565
6 20 10
20 6 10
6 21 765
21 6 765
6 17 127
17 6 127
6 9 904
9 6 904
6 31 12
31 6 12
6 53 711
53 6 711
6 31 272
31 6 272
6 53 340
53 6 340
6 12 404
12 6 404
6 45 619
45 6 619
6 19 719
19 6 719
6 44 879
44 6 879
6 34 669
34 6 669
6 51 399
51 6 399
6 26 563
26 6 563
6 53 519
53 6 519
6 14 210
14 6 210
6 34 743
34 6 743
6 13 507
13 6 507
6 45 679
45 6 679
6 17 802
17 6 802
6 15 752
15 6 752
6 10 193
10 6 193
6 35 893
35 6 893
6 13 959
13 6 959
6 24 895
24 6 895
6 12 424
12 6 424
6 16 615
16 6 615
6 17 161
17 6 161
7 10 976
10 7 976
7 20 57
20 7 57
7 43 37
43 7 37
7 23 150
23 7 150
7 29 563
29 7 563
7 53 18
53 7 18
7 39 612
39 7 612
7 42 996
42 7 996
7 12 118
12 7 118
7 37 289
37 7 289
7 21 247
21 7 247
7 27 271
27 7 271
7 51 774
51 7 774
7 35 162
35 7 162
7 29 730
29 7 730
7 18 659
18 7 659
7 36 590
36 7 590
7 17 755
17 7 755
7 8 640
8 7 640
7 21 971
21 7 971
7 19 20
19 7 20
7 25 398
25 7 398
7 45 448
45 7 448
7 34 906
34 7 906
7 20 655
20 7 655
7 30 35
30 7 35
7 39 572
39 7 572
7 35 659
35 7 659
7 40 882
40 7 882
8 9 837
9 8 837
8 11 867
11 8 867
8 12 135
12 8 135
8 36 853
36 8 853
8 39 362
39 8 362
8 47 784
47 8 784
8 37 709
37 8 709
8 42 557
42 8 557
8 12 305
12 8 305
8 47 460
47 8 460
8 22 93
22 8 93
8 37 822
37 8 822
8 20 47
20 8 47
8 23 466
23 8 466
8 48 45
48 8 45
8 20 519
20 8 519
8 39 399
39 8 399
8 45 969
45 8 969
8 52 438
52 8 438
8 9 523
9 8 523
8 21 683
21 8 683
8 51 263
51 8 263
8 49 675
49 8 675
8 16 3
16 8 3
8 16 498
16 8 498
8 12 154
12 8 154
8 40 306
40 8 306
8 33 343
33 8 343
8 14 278
14 8 278
8 47 855
47 8 855
8 36 683
36 8 683
8 25 721
25 8 721
8 45 464
45 8 464
8 50 604
50 8 604
8 44 459
44 8 459
8 22 333
22 8 333
8 26 171
26 8 171
8 15 952
15 8 952
9 13 434
13 9 434
9 40 304
40 9 304
9 12 618
12 9 618
9 30 890
30 9 890
9 47 572
47 9 572
9 25 205
25 9 205
9 53 671
53 9 671
9 45 411
45 9 411
9 16 875
16 9 875
9 16 209
16 9 209
9 33 931
33 9 931
9 36 699
36 9 699
9 27 812
27 9 812
9 48 557
48 9 557
9 49 442
49 9 442
9 52 793
52 9 793
9 48 474
48 9 474
9 19 863
19 9 863
9 32 500
32 9 500
9 51 166
51 9 166
9 11 816
11 9 816
9 40 925
40 9 925
9 14 805
14 9 805
9 49 839
49 9 839
9 37 851
37 9 851
9 53 433
53 9 433
9 32 192
32 9 192
9 17 457
17 9 457
9 18 331
18 9 331
10 26 137
26 10 137
10 43 515
43 10 515
10 52 120
52 10 120
10 22 142
22 10 142
10 45 75
45 10 75
10 27 492
27 10 492
10 50 393
50 10 393
10 52 255
52 10 255
10 19 84
19 10 84
10 28 175
28 10 175
10 32 90
32 10 90
10 51 219
51 10 219
10 38 314
38 10 314
10 37 144
37 10 144
10 26 986
26 10 986
10 48 637
48 10 637
10 11 268
11 10 268
10 39 139
39 10 139
10 50 137
50 10 137
10 44 301
44 10 301
10 41 566
41 10 566
10 19 755
19 10 755
10 10 268
10 10 268
10 13 292
13 10 292
10 38 315
38 10 315
10 18 66
18 10 66
11 14 406
14 11 406
11 50 560
50 11 560
11 29 547
29 11 547
11 19 692
19 11 692
11 30 548
30 11 548
11 35 798
35 11 798
11 27 494
27 11 494
11 11 487
11 11 487
11 31 564
31 11 564
11 17 73
17 11 73
11 22 377
22 11 377
11 14 549
14 11 549
11 48 652
48 11 652
11 21 57
21 11 57
11 24 890
24 11 890
11 28 728
28 11 728
11 17 10
17 11 10
11 16 488
16 11 488
11 38 473
38 11 473
11 23 118
23 11 118
11 25 16
25 11 16
11 42 954
42 11 954
11 22 290
22 11 290
11 33 908
33 11 908
11 25 165
25 11 165
11 53 634
53 11 634
11 16 39
16 11 39
11 49 73
49 11 73
11 17 722
17 11 722
12 42 969
42 12 969
12 50 258
50 12 258
12 14 492
14 12 492
12 25 86
25 12 86
12 23 916
23 12 916
12 44 72
44 12 72
12 15 103
15 12 103
12 20 246
20 12 246
12 21 279
21 12 279
12 44 200
44 12 200
12 46 202
46 12 202
12 35 190
35 12 190
12 52 704
52 12 704
12 13 318
13 12 318
12 44 614
44 12 614
12 49 473
49 12 473
12 25 72
25 12 72
12 46 205
46 12 205
12 45 669
45 12 669
12 37 619
37 12 619
12 52 504
52 12 504
12 18 428
18 12 428
12 48 894
48 12 894
12 53 522
53 12 522
12 33 828
33 12 828
12 18 127
18 12 127
12 32 87
32 12 87
12 13 210
13 12 210
12 19 720
19 12 720
13 50 187
50 13 187
13 14 999
14 13 999
13 39 261
39 13 261
13 29 977
29 13 977
13 38 964
38 13 964
13 25 27
25 13 27
13 46 345
46 13 345
13 47 661
47 13 661
13 14 358
14 13 358
13 17 414
17 13 414
13 35 476
35 13 476
13 21 289
21 13 289
13 13 914
13 13 914
13 44 606
44 13 606
13 26 93
26 13 93
13 36 721
36 13 721
13 25 184
25 13 184
13 48 67
48 13 67
13 40 669
40 13 669
13 20 312
20 13 312
13 48 555
48 13 555
13 25 755
25 13 755
13 36 406
36 13 406
13 22 97
22 13 97
13 29 454
29 13 454
13 13 336
13 13 336
13 40 147
40 13 147
13 30 2
30 13 2
13 27 449
27 13 449
14 21 40
21 14 40
14 22 913
22 14 913
14 25 309
25 14 309
14 21 342
21 14 342
14 47 860
47 14 860
14 21 170
21 14 170
14 48 895
48 14 895
14 52 702
52 14 702
14 39 953
39 14 953
14 16 310
16 14 310
14 22 144
22 14 144
14 38 109
38 14 109
14 18 972
18 14 972
14 34 273
34 14 273
14 41 313
41 14 313
14 27 628
27 14 628
14 18 27
18 14 27
14 45 758
45 14 758
14 40 458
40 14 458
14 14 602
14 14 602
14 36 400
36 14 400
14 16 767
16 14 767
15 24 376
24 15 376
15 18 606
18 15 606
15 20 927
20 15 927
15 47 220
47 15 220
15 19 181
19 15 181
15 50 700
50 15 700
15 19 188
19 15 188
15 47 197
47 15 197
15 19 865
19 15 865
15 18 832
18 15 832
15 29 963
29 15 963
15 48 951
48 15 951
15 19 217
19 15 217
15 35 369
35 15 369
15 22 97
22 15 97
15 43 819
43 15 819
15 29 5
29 15 5
15 53 525
53 15 525
15 19 504
19 15 504
16 32 54
32 16 54
16 36 755
36 16 755
16 39 347
39 16 347
16 17 880
17 16 880
16 30 532
30 16 532
16 17 274
17 16 274
16 47 173
47 16 173
16 52 312
52 16 312
16 32 190
32 16 190
16 22 644
22 16 644
16 52 399
52 16 399
16 20 457
20 16 457
16 44 739
44 16 739
16 45 999
45 16 999
16 37 34
37 16 34
16 53 574
53 16 574
16 22 256
22 16 256
16 49 906
49 16 906
17 52 962
52 17 962
17 37 221
37 17 221
17 23 266
23 17 266
17 40 870
40 17 870
17 26 466
26 17 466
17 23 97
23 17 97
17 45 685
45 17 685
17 43 260
43 17 260
17 22 462
22 17 462
17 51 626
51 17 626
17 45 169
45 17 169
17 24 651
24 17 651
17 26 660
26 17 660
17 37 605
37 17 605
17 32 887
32 17 887
17 29 516
29 17 516
17 22 792
22 17 792
17 25 685
25 17 685
17 23 94
23 17 94
17 19 238
19 17 238
17 30 108
30 17 108
17 31 474
31 17 474
17 49 554
49 17 554
18 26 919
26 18 919
18 27 466
27 18 466
18 46 817
46 18 817
18 19 668
19 18 668
18 37 449
37 18 449
18 33 925
33 18 925
18 40 848
40 18 848
18 53 852
53 18 852
18 40 108
40 18 108
18 25 736
25 18 736
18 36 781
36 18 781
18 20 823
20 18 823
18 44 555
44 18 555
18 48 156
48 18 156
18 26 778
26 18 778
18 31 155
31 18 155
18 38 533
38 18 533
18 48 573
48 18 573
18 25 443
25 18 443
18 34 183
34 18 183
18 24 275
24 18 275
18 19 163
19 18 163
18 35 15
35 18 15
18 47 608
47 18 608
18 18 319
18 18 319
18 20 731
20 18 731
18 23 426
23 18 426
18 41 681
41 18 681
18 48 247
48 18 247
18 32 78
32 18 78
18 53 211
53 18 211
18 37 308
37 18 308
19 49 468
49 19 468
19 27 219
27 19 219
19 35 58
35 19 58
19 29 469
29 19 469
19 44 949
44 19 949
19 25 338
25 19 338
19 42 725
42 19 725
19 33 719
33 19 719
19 31 165
31 19 165
19 42 482
42 19 482
19 51 583
51 19 583
19 23 333
23 19 333
19 49 98
49 19 98
19 20 79
20 19 79
19 51 962
51 19 962
19 24 383
24 19 383
19 47 356
47 19 356
19 23 106
23 19 106
19 43 778
43 19 778
19 42 655
42 19 655
19 48 155
48 19 155
19 20 43
20 19 43
19 37 86
37 19 86
19 36 76
36 19 76
19 35 999
35 19 999
19 46 786
46 19 786
19 49 669
49 19 669
19 42 954
42 19 954
19 28 802
28 19 802
20 26 214
26 20 214
20 49 258
49 20 258
20 25 174
25 20 174
20 41 136
41 20 136
20 40 71
40 20 71
20 21 520
21 20 520
20 48 566
48 20 566
20 30 739
30 20 739
20 25 374
25 20 374
20 35 339
35 20 339
20 49 122
49 20 122
20 46 227
46 20 227
20 47 357
47 20 357
20 44 202
44 20 202
20 31 444
31 20 444
20 43 789
43 20 789
20 37 897
37 20 897
20 46 294
46 20 294
20 43 620
43 20 620
21 37 353
37 21 353
21 27 756
27 21 756
21 42 333
42 21 333
21 45 588
45 21 588
21 27 950
27 21 950
21 37 717
37 21 717
21 26 922
26 21 922
21 43 550
43 21 550
21 32 415
32 21 415
21 48 213
48 21 213
21 51 495
51 21 495
21 52 440
52 21 440
21 44 800
44 21 800
21 25 744
25 21 744
21 41 718
41 21 718
21 44 883
44 21 883
21 44 888
44 21 888
21 44 388
44 21 388
21 31 53
31 21 53
21 28 912
28 21 912
21 44 420
44 21 420
21 38 105
38 21 105
21 47 126
47 21 126
22 29 382
29 22 382
22 25 250
25 22 250
22 38 96
38 22 96
22 31 894
31 22 894
22 49 850
49 22 850
22 32 488
32 22 488
22 37 196
37 22 196
22 53 873
53 22 873
22 38 693
38 22 693
22 46 991
46 22 991
22 34 54
34 22 54
22 50 164
50 22 164
22 51 405
51 22 405
22 27 502
27 22 502
22 32 530
32 22 530
22 33 547
33 22 547
22 48 235
48 22 235
22 46 241
46 22 241
22 29 887
29 22 887
22 53 853
53 22 853
22 42 792
42 22 792
22 30 352
30 22 352
22 34 64
34 22 64
22 30 632
30 22 632
23 24 923
24 23 923
23 25 913
25 23 913
23 45 51
45 23 51
23 47 846
47 23 846
23 52 1000
52 23 1000
23 38 811
38 23 811
23 36 166
36 23 166
23 34 457
34 23 457
23 41 903
41 23 903
23 42 592
42 23 592
23 52 636
52 23 636
23 50 295
50 23 295
23 51 486
51 23 486
23 51 903
51 23 903
23 35 851
35 23 851
23 32 649
32 23 649
23 38 881
38 23 881
23 46 444
46 23 444
23 47 970
47 23 970
23 32 449
32 23 449
23 41 657
41 23 657
23 45 17
45 23 17
23 52 307
52 23 307
23 50 189
50 23 189
24 41 52
41 24 52
24 46 925
46 24 925
24 48 201
48 24 201
24 42 904
42 24 904
24 35 171
35 24 171
24 36 605
36 24 605
24 47 215
47 24 215
24 40 548
40 24 548
24 25 707
25 24 707
24 40 36
40 24 36
24 45 254
45 24 254
24 42 252
42 24 252
24 53 528
53 24 528
24 34 431
34 24 431
24 25 409
25 24 409
24 34 492
34 24 492
25 43 214
43 25 214
25 52 389
52 25 389
25 28 194
28 25 194
25 29 851
29 25 851
25 39 941
39 25 941
25 43 504
43 25 504
25 31 120
31 25 120
25 32 134
32 25 134
25 36 548
36 25 548
25 41 733
41 25 733
25 51 537
51 25 537
25 51 697
51 25 697
25 31 705
31 25 705
25 31 766
31 25 766
25 36 469
36 25 469
26 30 471
30 26 471
26 33 484
33 26 484
26 47 164
47 26 164
26 32 428
32 26 428
26 40 424
40 26 424
26 34 407
34 26 407
26 35 967
35 26 967
26 50 508
50 26 508
26 46 880
46 26 880
26 50 656
50 26 656
26 45 456
45 26 456
26 33 428
33 26 428
26 27 916
27 26 916
26 41 706
41 26 706
27 35 378
35 27 378
27 28 817
28 27 817
27 33 670
33 27 670
27 47 408
47 27 408
27 50 723
50 27 723
27 30 910
30 27 910
27 44 546
44 27 546
27 29 870
29 27 870
27 43 329
43 27 329
27 51 577
51 27 577
27 49 766
49 27 766
27 38 805
38 27 805
27 37 78
37 27 78
27 35 801
35 27 801
28 33 899
33 28 899
28 37 857
37 28 857
28 37 436
37 28 436
28 45 404
45 28 404
28 29 327
29 28 327
28 31 448
31 28 448
28 45 947
45 28 947
28 36 846
36 28 846
28 31 299
31 28 299
28 30 59
30 28 59
28 37 797
37 28 797
29 29 15
29 29 15
29 49 653
49 29 653
29 47 547
47 29 547
29 44 225
44 29 225
29 53 757
53 29 757
29 36 642
36 29 642
29 42 561
42 29 561
29 34 611
34 29 611
29 48 976
48 29 976
29 51 806
51 29 806
29 32 454
32 29 454
29 48 794
48 29 794
29 52 7
52 29 7
29 51 568
51 29 568
29 31 290
31 29 290
30 51 425
51 30 425
30 39 806
39 30 806
30 53 47
53 30 47
30 38 560
38 30 560
30 38 332
38 30 332
30 52 959
52 30 959
30 33 694
33 30 694
30 46 915
46 30 915
30 51 437
51 30 437
30 38 76
38 30 76
30 48 621
48 30 621
30 51 363
51 30 363
31 42 446
42 31 446
31 53 31
53 31 31
31 49 27
49 31 27
31 38 744
38 31 744
31 47 589
47 31 589
31 33 812
33 31 812
31 35 597
35 31 597
31 34 496
34 31 496
31 50 297
50 31 297
32 34 116
34 32 116
32 34 614
34 32 614
32 38 972
38 32 972
32 44 731
44 32 731
32 42 651
42 32 651
32 50 57
50 32 57
32 47 221
47 32 221
32 40 169
40 32 169
32 42 624
42 32 624
33 53 73
53 33 73
33 52 535
52 33 535
33 45 501
45 33 501
33 45 576
45 33 576
33 49 625
49 33 625
33 43 748
43 33 748
33 36 517
36 33 517
33 34 503
34 33 503
33 51 98
51 33 98
34 44 713
44 34 713
34 53 487
53 34 487
34 44 23
44 34 23
34 41 844
41 34 844
34 38 243
38 34 243
34 41 438
41 34 438
34 52 955
52 34 955
34 53 418
53 34 418
34 35 86
35 34 86
34 49 555
49 34 555
34 43 54
43 34 54
34 35 460
35 34 460
34 40 761
40 34 761
34 40 438
40 34 438
34 39 762
39 34 762
34 41 577
41 34 577
35 53 409
53 35 409
35 53 650
53 35 650
35 45 962
45 35 962
35 49 149
49 35 149
35 38 113
38 35 113
35 36 280
36 35 280
35 41 411
41 35 411
35 51 32
51 35 32
35 39 990
39 35 990
35 41 989
41 35 989
35 49 855
49 35 855
35 37 693
37 35 693
35 49 488
49 35 488
36 43 810
43 36 810
36 45 121
45 36 121
36 48 142
48 36 142
36 43 236
43 36 236
36 43 574
43 36 574
36 49 777
49 36 777
36 51 141
51 36 141
36 42 534
42 36 534
37 39 209
39 37 209
37 52 643
52 37 643
37 45 271
45 37 271
37 42 456
42 37 456
38 40 382
40 38 382
38 53 975
53 38 975
38 48 320
48 38 320
38 43 808
43 38 808
38 51 394
51 38 394
38 49 268
49 38 268
38 43 214
43 38 214
38 46 25
46 38 25
38 43 583
43 38 583
38 46 699
46 38 699
38 39 655
39 38 655
38 42 339
42 38 339
39 44 31
44 39 31
39 52 426
52 39 426
39 51 802
51 39 802
39 46 959
46 39 959
39 51 430
51 39 430
39 52 689
52 39 689
40 44 731
44 40 731
40 42 25
42 40 25
40 51 25
51 40 25
41 44 615
44 41 615
41 43 795
43 41 795
41 42 25
42 41 25
41 51 864
51 41 864
42 51 505
51 42 505
42 52 411
52 42 411
42 44 46
44 42 46
42 53 456
53 42 456
42 53 940
53 42 940
42 46 266
46 42 266
43 49 384
49 43 384
43 47 577
47 43 577
43 44 220
44 43 220
43 53 87
53 43 87
43 49 819
49 43 819
43 51 949
51 43 949
43 49 416
49 43 416
43 49 529
49 43 529
44 53 636
53 44 636
44 49 771
49 44 771
44 51 133
51 44 133
45 48 163
48 45 163
45 51 348
51 45 348
45 48 211
48 45 211
45 53 341
53 45 341
46 50 689
50 46 689
46 47 149
47 46 149
46 49 76
49 46 76
47 53 728
53 47 728
47 52 457
52 47 457
47 53 994
53 47 994
47 48 724
48 47 724
48 52 501
52 48 501
48 50 216
50 48 216
48 50 943
50 48 943
49 53 747
53 49 747
49 51 233
51 49 233
49 53 434
53 49 434
50 53 859
53 50 859
50 53 397
53 50 397
