99

0 1 171
1 0 171
0 2 701
2 0 701
0 3 290
3 0 290
0 6 952
6 0 952
0 7 704
7 0 704
0 11 723
11 0 723
0 17 880
17 0 880
0 23 147
23 0 147
0 64 280
64 0 280
0 83 249
83 0 249
0 92 171
92 0 171
0 80 447
80 0 447
0 68 712
68 0 712
0 61 47
61 0 47
0 58 132
58 0 132
1 9 605
9 1 605
1 13 458
13 1 458
1 18 583
18 1 583
1 31 85
31 1 85
1 86 270
86 1 270
1 32 837
32 1 837
1 15 405
15 1 405
1 64 74
64 1 74
1 84 815
84 1 815
2 4 889
4 2 889
2 12 652
12 2 652
2 33 275
33 2 275
2 36 811
36 2 811
2 84 417
84 2 417
2 15 143
15 2 143
2 96 169
96 2 169
3 5 849
5 3 849
3 39 797
39 3 797
3 40 825
40 3 825
3 44 278
44 3 278
3 66 619
66 3 619
3 57 939
57 3 939
3 7 87
7 3 87
3 63 735
63 3 735
4 10 316
10 4 316
4 27 427
27 4 427
4 81 637
81 4 637
4 31 555
31 4 555
4 96 776
96 4 776
4 56 280
56 4 280
4 70 927
70 4 927
5 24 303
24 5 303
5 75 822
75 5 822
5 7 256
7 5 256
5 68 721
68 5 721
5 24 674
24 5 674
5 39 774
39 5 774
5 56 656
56 5 656
6 8 734
8 6 734
6 20 271
20 6 271
6 34 888
34 6 888
6 72 376
72 6 376
6 33 422
33 6 422
6 91 359
91 6 359
6 39 947
39 6 947
6 38 127
38 6 127
7 85 414
85 7 414
7 18 459
18 7 459
7 33 938
33 7 938
8 21 315
21 8 315
8 61 883
61 8 883
8 74 228
74 8 228
8 19 349
19 8 349
8 97 98
97 8 98
9 52 156
52 9 156
9 40 407
40 9 407
9 40 511
40 9 511
9 21 40
21 9 40
9 93 114
93 9 114
10 16 736
16 10 736
10 45 487
45 10 487
10 13 466
13 10 466
10 65 423
65 10 423
11 32 143
32 11 143
11 37 1
37 11 1
11 65 700
65 11 700
11 82 199
82 11 199
11 62 596
62 11 596
11 63 352
63 11 352
11 23 762
23 11 762
12 15 302
15 12 302
12 29 786
29 12 786
12 91 464
91 12 464
12 52 172
52 12 172
12 19 107
19 12 107
12 54 515
54 12 515
12 98 299
98 12 299
13 14 627
14 13 627
13 15 431
15 13 431
13 19 117
19 13 117
13 71 52
71 13 52
13 42 714
42 13 714
13 14 886
14 13 886
13 93 313
93 13 313
13 20 404
20 13 404
14 56 36
56 14 36
14 74 341
74 14 341
14 95 464
95 14 464
14 92 362
92 14 362
14 19 438
19 14 438
14 69 494
69 14 494
14 20 365
20 14 365
15 38 699
38 15 699
15 50 896
50 15 896
15 73 395
73 15 395
15 51 842
51 15 842
15 32 301
32 15 301
15 55 5
55 15 5
16 27 144
27 16 144
16 69 436
69 16 436
16 98 738
98 16 738
17 26 876
26 17 876
17 67 327
67 17 327
17 87 62
87 17 62
18 75 638
75 18 638
18 79 722
79 18 722
18 20 66
20 18 66
18 89 358
89 18 358
18 30 566
30 18 566
18 67 382
67 18 382
18 78 973
78 18 973
18 67 792
67 18 792
18 30 62
30 18 62
18 73 224
73 18 224
19 22 425
22 19 425
19 35 958
35 19 958
19 55 285
55 19 285
19 26 819
26 19 819
19 95 960
95 19 960
19 66 614
66 19 614
19 97 837
97 19 837
20 86 416
86 20 416
20 80 806
80 20 806
20 64 43
64 20 43
20 55 983
55 20 983
20 86 340
86 20 340
21 28 477
28 21 477
21 29 735
29 21 735
21 66 320
66 21 320
22 50 559
50 22 559
22 76 396
76 22 396
22 36 154
36 22 154
23 25 752
25 23 752
23 48 116
48 23 116
23 82 955
82 23 955
23 34 526
34 23 526
23 39 685
39 23 685
23 96 187
96 23 187
23 35 363
35 23 363
24 41 933
41 24 933
24 61 725
61 24 725
24 92 875
92 24 875
24 60 61
60 24 61
24 48 509
48 24 509
24 93 623
93 24 623
25 49 266
49 25 266
25 90 350
90 25 350
25 98 604
98 25 604
25 86 834
86 25 834
25 43 457
43 25 457
25 96 433
96 25 433
26 41 86
41 26 86
26 66 792
66 26 792
26 65 323
65 26 323
27 46 834
46 27 834
27 66 87
66 27 87
27 27 225
27 27 225
27 52 413
52 27 413
27 66 782
66 27 782
28 30 307
30 28 307
28 85 18
85 28 18
28 37 617
37 28 617
28 65 372
65 28 372
29 53 126
53 29 126
29 37 503
37 29 503
29 85 398
85 29 398
30 42 412
42 30 412
30 47 107
47 30 107
30 81 462
81 30 462
30 80 746
80 30 746
31 53 338
53 31 338
31 81 715
81 31 715
31 57 791
57 31 791
32 67 814
67 32 814
33 88 593
88 33 593
33 49 73
49 33 73
33 75 423
75 33 423
34 83 869
83 34 869
34 97 927
97 34 927
34 60 652
60 34 652
34 56 805
56 34 805
34 54 801
54 34 801
34 64 985
64 34 985
36 73 946
73 36 946
37 98 116
98 37 116
37 59 307
59 37 307
38 52 322
52 38 322
38 76 800
76 38 800
38 78 870
78 38 870
38 55 407
55 38 407
38 73 626
73 38 626
38 49 154
49 38 154
39 43 152
43 39 152
39 62 843
62 39 843
39 54 559
54 39 559
40 54 667
54 40 667
40 86 412
86 40 412
40 42 135
42 40 135
41 60 647
60 41 647
41 83 183
83 41 183
41 54 681
54 41 681
41 48 589
48 41 589
41 71 139
71 41 139
42 83 967
83 42 967
42 46 694
46 42 694
42 52 696
52 42 696
44 51 625
51 44 625
44 57 493
57 44 493
44 60 924
60 44 924
44 45 764
45 44 764
44 61 940
61 44 940
44 83 934
83 44 934
44 98 443
98 44 443
45 58 88
58 45 88
45 86 890
86 45 890
45 80 489
80 45 489
46 70 472
70 46 472
46 96 563
96 46 563
46 92 628
92 46 628
46 95 711
95 46 711
47 71 382
71 47 382
47 76 269
76 47 269
48 86 476
86 48 476
48 93 892
93 48 892
49 75 534
75 49 534
49 98 97
98 49 97
50 71 398
71 50 398
50 53 59
53 50 59
50 96 787
96 50 787
50 69 230
69 50 230
50 89 310
89 50 310
50 82 111
82 50 111
50 90 19
90 50 19
50 66 690
66 50 690
50 74 401
74 50 401
51 73 230
73 51 230
51 90 626
90 51 626
55 89 855
89 55 855
55 97 167
97 55 167
58 59 690
59 58 690
58 68 534
68 58 534
58 87 141
87 58 141
58 72 971
72 58 971
58 66 350
66 58 350
59 77 607
77 59 607
59 64 653
64 59 653
60 71 208
71 60 208
61 64 996
64 61 996
61 92 97
92 61 97
61 77 680
77 61 680
62 63 314
63 62 314
62 94 266
94 62 266
62 98 694
98 62 694
62 71 9
71 62 9
62 89 569
89 62 569
63 72 98
72 63 98
63 91 504
91 63 504
63 93 703
93 63 703
64 90 176
90 64 176
64 90 865
90 64 865
65 82 236
82 65 236
65 78 210
78 65 210
65 96 177
96 65 177
66 93 112
93 66 112
66 82 2
82 66 2
66 67 139
67 66 139
67 70 923
70 67 923
68 93 842
93 68 842
69 79 377
79 69 377
69 85 744
85 69 744
69 96 686
96 69 686
70 74 654
74 70 654
73 80 406
80 73 406
74 84 859
84 74 859
74 75 850
75 74 850
74 85 142
85 74 142
75 80 850
80 75 850
76 96 803
96 76 803
77 90 986
90 77 986
78 81 640
81 78 640
79 89 108
89 79 108
82 94 48
94 82 48
83 91 724
91 83 724
83 86 693
86 83 693
90 95 852
95 90 852
91 97 293
97 91 293
