73

0 1 315
1 0 315
0 2 419
2 0 419
0 11 199
11 0 199
0 12 968
12 0 968
0 27 468
27 0 468
0 41 887
41 0 887
0 52 315
52 0 315
0 33 713
33 0 713
0 39 782
39 0 782
0 57 588
57 0 588
0 42 993
42 0 993
0 58 984
58 0 984
0 17 134
17 0 134
0 3 210
3 0 210
0 14 314
14 0 314
0 59 951
59 0 951
0 56 673
56 0 673
0 43 714
43 0 714
0 21 786
21 0 786
0 64 837
64 0 837
0 32 343
32 0 343
0 8 544
8 0 544
0 72 889
72 0 889
0 23 551
23 0 551
0 20 43
20 0 43
0 46 957
46 0 957
0 1 104
1 0 104
0 63 904
63 0 904
0 5 199
5 0 199
0 25 31
25 0 31
0 14 884
14 0 884
0 43 762
43 0 762
0 45 896
45 0 896
0 50 240
50 0 240
0 33 773
33 0 773
0 40 711
40 0 711
0 7 299
7 0 299
0 62 540
62 0 540
0 14 395
14 0 395
1 6 533
6 1 533
1 47 148
47 1 148
1 50 547
50 1 547
1 52 807
52 1 807
1 44 762
44 1 762
1 68 591
68 1 591
1 13 862
13 1 862
1 24 210
24 1 210
1 57 737
57 1 737
1 40 833
40 1 833
1 22 768
22 1 768
1 19 843
19 1 843
1 63 543
63 1 543
1 53 475
53 1 475
1 43 955
43 1 955
1 18 547
18 1 547
1 6 664
6 1 664
1 11 436
11 1 436
2 3 682
3 2 682
2 51 413
51 2 413
2 5 538
5 2 538
2 3 982
3 2 982
2 43 297
43 2 297
2 22 317
22 2 317
2 60 493
60 2 493
2 21 51
21 2 51
2 15 851
15 2 851
2 51 146
51 2 146
2 31 681
31 2 681
2 60 112
60 2 112
2 26 963
26 2 963
2 57 881
57 2 881
2 65 583
65 2 583
2 69 788
69 2 788
2 24 742
24 2 742
2 26 738
26 2 738
2 29 484
29 2 484
2 18 501
18 2 501
2 7 200
7 2 200
2 11 128
11 2 128
2 31 838
31 2 838
3 4 563
4 3 563
3 5 943
5 3 943
3 8 361
8 3 361
3 16 593
16 3 593
3 28 594
28 3 594
3 40 955
40 3 955
3 69 393
69 3 393
3 68 530
68 3 530
3 39 258
39 3 258
3 55 583
55 3 583
3 29 162
29 3 162
3 35 758
35 3 758
3 65 925
65 3 925
3 45 611
45 3 611
3 27 964
27 3 964
3 34 566
34 3 566
3 27 101
27 3 101
3 10 340
10 3 340
3 59 632
59 3 632
3 46 931
46 3 931
3 33 243
33 3 243
3 70 31
70 3 31
3 18 791
18 3 791
3 12 791
12 3 791
3 65 870
65 3 870
3 53 344
53 3 344
3 62 860
62 3 860
3 65 857
65 3 857
3 30 721
30 3 721
3 35 9
35 3 9
3 68 961
68 3 961
3 72 563
72 3 563
3 45 488
45 3 488
3 25 916
25 3 916
3 39 964
39 3 964
3 55 515
55 3 515
4 58 682
58 4 682
4 60 475
60 4 475
4 9 130
9 4 130
4 55 727
55 4 727
4 29 237
29 4 237
4 66 335
66 4 335
4 37 829
37 4 829
4 23 723
23 4 723
4 11 968
11 4 968
4 32 881
32 4 881
4 20 95
20 4 95
4 9 28
9 4 28
4 36 819
36 4 819
4 49 767
49 4 767
4 58 218
58 4 218
4 52 137
52 4 137
4 35 181
35 4 181
4 24 187
24 4 187
4 37 432
37 4 432
4 13 47
13 4 47
4 65 463
65 4 463
4 16 128
16 4 128
5 9 727
9 5 727
5 13 22
13 5 22
5 14 472
14 5 472
5 23 961
23 5 961
5 62 308
62 5 308
5 38 730
38 5 730
5 72 970
72 5 970
5 37 594
37 5 594
5 17 160
17 5 160
5 39 61
39 5 61
5 14 195
14 5 195
5 65 161
65 5 161
5 66 629
66 5 629
5 18 547
18 5 547
5 25 377
25 5 377
5 72 572
72 5 572
5 40 44
40 5 44
5 25 588
25 5 588
5 62 88
62 5 88
5 72 429
72 5 429
5 53 411
53 5 411
5 19 819
19 5 819
5 53 682
53 5 682
5 53 467
53 5 467
5 28 199
28 5 199
5 29 21
29 5 21
5 28 584
28 5 584
5 51 171
51 5 171
5 41 582
41 5 582
5 55 384
55 5 384
5 19 553
19 5 553
5 60 393
60 5 393
6 7 4
7 6 4
6 57 818
57 6 818
6 15 243
15 6 243
6 56 533
56 6 533
6 67 359
67 6 359
6 51 281
51 6 281
6 15 605
15 6 605
6 63 963
63 6 963
6 65 421
65 6 421
6 8 387
8 6 387
6 16 63
16 6 63
7 21 912
21 7 912
7 39 584
39 7 584
7 46 814
46 7 814
7 36 703
36 7 703
7 39 732
39 7 732
7 11 422
11 7 422
7 44 65
44 7 65
7 27 17
27 7 17
7 65 179
65 7 179
7 32 404
32 7 404
7 44 227
44 7 227
7 26 911
26 7 911
7 18 729
18 7 729
7 43 558
43 7 558
7 66 147
66 7 147
7 70 365
70 7 365
7 53 598
53 7 598
7 33 406
33 7 406
7 65 667
65 7 667
7 49 177
49 7 177
7 72 296
72 7 296
7 14 151
14 7 151
7 65 807
65 7 807
7 46 457
46 7 457
7 31 467
31 7 467
7 47 742
47 7 742
8 29 613
29 8 613
8 67 312
67 8 312
8 54 14
54 8 14
8 68 394
68 8 394
8 33 135
33 8 135
8 10 382
10 8 382
8 28 984
28 8 984
8 40 187
40 8 187
8 26 317
26 8 317
8 62 20
62 8 20
8 12 380
12 8 380
8 56 460
56 8 460
8 46 778
46 8 778
8 49 805
49 8 805
8 47 130
47 8 130
8 60 844
60 8 844
8 23 854
23 8 854
8 34 902
34 8 902
8 29 114
29 8 114
8 20 365
20 8 365
8 32 529
32 8 529
8 41 883
41 8 883
8 54 726
54 8 726
8 53 178
53 8 178
8 50 227
50 8 227
8 9 729
9 8 729
9 10 388
10 9 388
9 19 905
19 9 905
9 20 32
20 9 32
9 47 127
47 9 127
9 29 246
29 9 246
9 17 512
17 9 512
9 22 746
22 9 746
9 17 705
17 9 705
9 27 121
27 9 121
9 58 982
58 9 982
9 29 456
29 9 456
9 21 179
21 9 179
9 31 248
31 9 248
9 60 291
60 9 291
9 34 904
34 9 904
9 35 512
35 9 512
9 17 483
17 9 483
9 21 505
21 9 505
9 66 182
66 9 182
9 69 628
69 9 628
9 70 600
70 9 600
10 17 898
17 10 898
10 37 703
37 10 703
10 44 871
44 10 871
10 31 947
31 10 947
10 52 833
52 10 833
10 24 435
24 10 435
10 50 404
50 10 404
10 67 632
67 10 632
10 45 601
45 10 601
10 69 699
69 10 699
10 29 70
29 10 70
10 26 514
26 10 514
10 62 75
62 10 75
10 41 578
41 10 578
10 23 908
23 10 908
10 56 266
56 10 266
11 66 226
66 11 226
11 21 586
21 11 586
11 66 46
66 11 46
11 62 75
62 11 75
11 57 149
57 11 149
11 65 860
65 11 860
11 54 875
54 11 875
11 66 873
66 11 873
11 44 372
44 11 372
11 56 995
56 11 995
11 27 106
27 11 106
11 44 209
44 11 209
11 45 152
45 11 152
11 62 488
62 11 488
11 42 962
42 11 962
11 24 957
24 11 957
11 32 107
32 11 107
11 45 6
45 11 6
11 24 58
24 11 58
11 41 583
41 11 583
11 44 399
44 11 399
11 49 77
49 11 77
11 16 73
16 11 73
11 64 808
64 11 808
11 39 876
39 11 876
11 39 748
39 11 748
11 54 727
54 11 727
11 35 227
35 11 227
12 38 332
38 12 332
12 68 111
68 12 111
12 24 62
24 12 62
12 60 691
60 12 691
12 51 438
51 12 438
12 62 77
62 12 77
12 40 884
40 12 884
12 36 512
36 12 512
12 61 890
61 12 890
12 62 127
62 12 127
12 42 804
42 12 804
12 57 444
57 12 444
12 52 590
52 12 590
12 45 94
45 12 94
12 61 957
61 12 957
12 42 978
42 12 978
12 59 948
59 12 948
12 58 653
58 12 653
12 19 665
19 12 665
12 40 623
40 12 623
12 32 986
32 12 986
13 18 432
18 13 432
13 45 418
45 13 418
13 48 216
48 13 216
13 42 755
42 13 755
13 55 260
55 13 260
13 61 5
61 13 5
13 23 818
23 13 818
13 66 111
66 13 111
13 51 371
51 13 371
13 28 518
28 13 518
13 38 736
38 13 736
13 71 631
71 13 631
13 66 190
66 13 190
13 15 244
15 13 244
13 31 542
31 13 542
13 47 464
47 13 464
13 68 863
68 13 863
13 56 794
56 13 794
13 15 990
15 13 990
13 71 987
71 13 987
13 22 474
22 13 474
13 16 10
16 13 10
13 44 365
44 13 365
13 35 847
35 13 847
13 60 160
60 13 160
13 41 357
41 13 357
13 28 526
28 13 526
13 21 511
21 13 511
14 15 894
15 14 894
14 52 862
52 14 862
14 38 124
38 14 124
14 71 635
71 14 635
14 22 99
22 14 99
14 64 643
64 14 643
14 58 560
58 14 560
14 51 362
51 14 362
14 58 434
58 14 434
14 22 810
22 14 810
14 56 22
56 14 22
14 69 666
69 14 666
14 31 798
31 14 798
14 40 37
40 14 37
14 50 549
50 14 549
14 26 380
26 14 380
14 60 22
60 14 22
14 54 18
54 14 18
15 25 326
25 15 326
15 56 97
56 15 97
15 17 655
17 15 655
15 42 793
42 15 793
15 47 896
47 15 896
15 63 217
63 15 217
15 57 252
57 15 252
15 68 778
68 15 778
15 36 723
36 15 723
15 57 200
57 15 200
15 58 772
58 15 772
15 65 102
65 15 102
15 45 289
45 15 289
15 24 86
24 15 86
15 29 637
29 15 637
15 16 858
16 15 858
15 28 636
28 15 636
15 42 852
42 15 852
15 55 372
55 15 372
15 39 76
39 15 76
15 55 613
55 15 613
16 60 385
60 16 385
16 31 974
31 16 974
16 57 778
57 16 778
16 58 273
58 16 273
16 23 398
23 16 398
16 57 690
57 16 690
16 60 519
60 16 519
16 65 456
65 16 456
16 67 158
67 16 158
16 27 127
27 16 127
16 29 490
29 16 490
16 21 616
21 16 616
16 28 450
28 16 450
16 21 71
21 16 71
16 56 547
56 16 547
16 54 541
54 16 541
16 61 480
61 16 480
16 54 643
54 16 643
16 34 280
34 16 280
17 49 256
49 17 256
17 28 932
28 17 932
17 20 752
20 17 752
17 33 720
33 17 720
17 20 588
20 17 588
17 19 755
19 17 755
17 38 955
38 17 955
17 37 978
37 17 978
17 43 497
43 17 497
17 37 679
37 17 679
17 60 73
60 17 73
18 30 277
30 18 277
18 34 770
34 18 770
18 55 858
55 18 858
18 56 890
56 18 890
18 57 587
57 18 587
18 58 98
58 18 98
18 31 85
31 18 85
18 63 98
63 18 98
18 67 323
67 18 323
18 58 44
58 18 44
18 58 523
58 18 523
18 39 70
39 18 70
18 35 301
35 18 301
18 59 643
59 18 643
18 30 115
30 18 115
18 36 607
36 18 607
18 72 823
72 18 823
18 67 913
67 18 913
18 42 759
42 18 759
18 28 220
28 18 220
18 64 204
64 18 204
18 27 964
27 18 964
18 69 36
69 18 36
18 47 568
47 18 568
19 20 480
20 19 480
19 22 138
22 19 138
19 32 221
32 19 221
19 60 542
60 19 542
19 28 983
28 19 983
19 35 458
35 19 458
19 46 428
46 19 428
19 43 909
43 19 909
19 46 509
46 19 509
19 29 639
29 19 639
19 37 769
37 19 769
19 70 357
70 19 357
19 43 74
43 19 74
19 27 123
27 19 123
19 22 94
22 19 94
19 45 399
45 19 399
19 37 651
37 19 651
19 44 810
44 19 810
19 36 553
36 19 553
19 47 607
47 19 607
19 53 479
53 19 479
19 34 341
34 19 341
19 44 925
44 19 925
19 57 802
57 19 802
19 48 253
48 19 253
19 55 403
55 19 403
19 48 931
48 19 931
19 33 298
33 19 298
20 26 780
26 20 780
20 40 851
40 20 851
20 48 158
48 20 158
20 64 746
64 20 746
20 44 689
44 20 689
20 58 747
58 20 747
20 42 993
42 20 993
20 39 394
39 20 394
20 69 193
69 20 193
20 27 373
27 20 373
20 21 792
21 20 792
20 54 391
54 20 391
20 62 108
62 20 108
20 21 153
21 20 153
20 63 577
63 20 577
20 54 226
54 20 226
20 67 310
67 20 310
20 39 246
39 20 246
20 40 549
40 20 549
20 44 22
44 20 22
20 30 598
30 20 598
20 23 745
23 20 745
20 70 325
70 20 325
20 41 414
41 20 414
20 55 330
55 20 330
20 32 454
32 20 454
20 61 372
61 20 372
20 58 848
58 20 848
20 66 507
66 20 507
20 66 49
66 20 49
21 43 441
43 21 441
21 45 694
45 21 694
21 71 19
71 21 19
21 61 499
61 21 499
21 52 702
52 21 702
21 62 370
62 21 370
21 36 632
36 21 632
21 68 97
68 21 97
21 41 705
41 21 705
21 54 823
54 21 823
21 24 884
24 21 884
21 50 42
50 21 42
21 28 346
28 21 346
21 22 366
22 21 366
21 55 81
55 21 81
21 58 685
58 21 685
21 48 462
48 21 462
21 48 897
48 21 897
21 52 497
52 21 497
21 23 943
23 21 943
21 55 272
55 21 272
21 44 381
44 21 381
21 44 66
44 21 66
21 71 469
71 21 469
21 44 301
44 21 301
22 24 848
24 22 848
22 32 338
32 22 338
22 28 577
28 22 577
22 22 202
22 22 202
22 58 946
58 22 946
22 41 413
41 22 413
22 68 275
68 22 275
22 26 104
26 22 104
22 44 91
44 22 91
22 61 936
61 22 936
22 63 221
63 22 221
22 35 419
35 22 419
22 35 517
35 22 517
23 33 83
33 23 83
23 35 226
35 23 226
23 60 285
60 23 285
23 36 643
36 23 643
23 62 126
62 23 126
23 56 868
56 23 868
23 24 944
24 23 944
23 68 641
68 23 641
23 31 148
31 23 148
23 62 805
62 23 805
23 30 485
30 23 485
23 57 591
57 23 591
23 55 688
55 23 688
23 36 87
36 23 87
23 64 292
64 23 292
23 58 232
58 23 232
23 36 940
36 23 940
23 31 842
31 23 842
23 43 590
43 23 590
23 33 42
33 23 42
23 62 158
62 23 158
23 24 958
24 23 958
23 63 158
63 23 158
24 44 54
44 24 54
24 61 716
61 24 716
24 71 212
71 24 212
24 66 923
66 24 923
24 58 400
58 24 400
24 54 879
54 24 879
24 72 306
72 24 306
24 50 658
50 24 658
24 57 105
57 24 105
24 66 708
66 24 708
24 68 783
68 24 783
24 65 457
65 24 457
24 31 775
31 24 775
24 34 1000
34 24 1000
24 60 256
60 24 256
24 69 813
69 24 813
24 43 409
43 24 409
24 63 782
63 24 782
24 38 386
38 24 386
24 48 332
48 24 332
25 36 854
36 25 854
25 51 63
51 25 63
25 56 915
56 25 915
25 43 220
43 25 220
25 57 835
57 25 835
25 34 598
34 25 598
25 31 131
31 25 131
25 30 399
30 25 399
25 50 749
50 25 749
25 60 27
60 25 27
25 55 875
55 25 875
25 49 651
49 25 651
25 27 269
27 25 269
26 65 62
65 26 62
26 69 459
69 26 459
26 70 525
70 26 525
26 56 809
56 26 809
26 43 261
43 26 261
26 50 247
50 26 247
26 38 921
38 26 921
26 42 469
42 26 469
26 48 87
48 26 87
26 43 644
43 26 644
26 31 670
31 26 670
26 51 534
51 26 534
26 30 301
30 26 301
26 63 510
63 26 510
26 40 44
40 26 44
26 59 428
59 26 428
26 36 162
36 26 162
26 48 320
48 26 320
26 44 580
44 26 580
26 53 338
53 26 338
26 56 634
56 26 634
26 39 605
39 26 605
26 42 141
42 26 141
26 39 401
39 26 401
26 27 269
27 26 269
27 43 63
43 27 63
27 27 284
27 27 284
27 31 151
31 27 151
27 62 263
62 27 263
27 48 684
48 27 684
27 69 787
69 27 787
27 41 21
41 27 21
27 59 49
59 27 49
27 45 417
45 27 417
27 33 968
33 27 968
27 42 803
42 27 803
27 55 545
55 27 545
27 71 188
71 27 188
27 41 521
41 27 521
27 27 811
27 27 811
27 62 164
62 27 164
27 34 903
34 27 903
27 51 94
51 27 94
27 33 227
33 27 227
27 41 748
41 27 748
27 33 568
33 27 568
27 48 709
48 27 709
27 48 382
48 27 382
27 31 246
31 27 246
28 70 232
70 28 232
28 34 360
34 28 360
28 46 738
46 28 738
28 68 653
68 28 653
28 63 498
63 28 498
28 64 798
64 28 798
28 49 146
49 28 146
28 28 323
28 28 323
28 32 154
32 28 154
28 65 979
65 28 979
28 64 136
64 28 136
28 53 970
53 28 970
28 66 571
66 28 571
28 54 195
54 28 195
28 38 673
38 28 673
28 32 376
32 28 376
28 36 191
36 28 191
28 38 158
38 28 158
28 36 179
36 28 179
29 69 39
69 29 39
29 32 497
32 29 497
29 57 621
57 29 621
29 43 918
43 29 918
29 59 874
59 29 874
29 54 809
54 29 809
29 60 751
60 29 751
29 40 48
40 29 48
29 70 161
70 29 161
29 40 503
40 29 503
29 50 73
50 29 73
29 67 921
67 29 921
29 39 420
39 29 420
29 29 779
29 29 779
29 54 423
54 29 423
30 31 53
31 30 53
30 54 970
54 30 970
30 59 702
59 30 702
30 50 938
50 30 938
30 39 842
39 30 842
30 41 642
41 30 642
30 72 765
72 30 765
30 65 467
65 30 467
30 69 158
69 30 158
30 53 505
53 30 505
30 70 737
70 30 737
30 42 234
42 30 234
30 49 637
49 30 637
30 52 115
52 30 115
30 66 910
66 30 910
30 68 335
68 30 335
30 66 596
66 30 596
30 51 946
51 30 946
31 57 714
57 31 714
31 64 787
64 31 787
31 34 849
34 31 849
31 51 99
51 31 99
31 50 980
50 31 980
31 48 222
48 31 222
31 41 472
41 31 472
31 60 675
60 31 675
31 64 975
64 31 975
31 57 415
57 31 415
31 37 845
37 31 845
31 72 113
72 31 113
31 51 285
51 31 285
31 40 81
40 31 81
31 41 137
41 31 137
31 70 943
70 31 943
31 61 494
61 31 494
31 64 913
64 31 913
31 68 626
68 31 626
31 56 810
56 31 810
31 59 593
59 31 593
31 36 914
36 31 914
32 53 64
53 32 64
32 48 990
48 32 990
32 49 140
49 32 140
32 63 434
63 32 434
32 42 837
42 32 837
32 35 504
35 32 504
32 41 328
41 32 328
32 36 664
36 32 664
32 60 609
60 32 609
32 61 513
61 32 513
32 49 198
49 32 198
32 49 351
49 32 351
32 61 81
61 32 81
32 43 505
43 32 505
32 34 369
34 32 369
32 53 965
53 32 965
33 68 930
68 33 930
33 52 296
52 33 296
33 57 177
57 33 177
33 66 345
66 33 345
33 34 360
34 33 360
33 67 935
67 33 935
33 54 668
54 33 668
33 51 434
51 33 434
33 49 411
49 33 411
33 42 770
42 33 770
33 59 274
59 33 274
33 36 904
36 33 904
33 58 983
58 33 983
33 63 601
63 33 601
33 43 113
43 33 113
33 46 714
46 33 714
33 66 191
66 33 191
34 63 383
63 34 383
34 69 561
69 34 561
34 68 704
68 34 704
34 58 206
58 34 206
34 57 310
57 34 310
34 61 46
61 34 46
34 40 860
40 34 860
34 54 666
54 34 666
34 38 432
38 34 432
34 42 71
42 34 71
35 38 943
38 35 943
35 66 86
66 35 86
35 62 883
62 35 883
35 71 97
71 35 97
35 40 336
40 35 336
35 45 794
45 35 794
35 38 205
38 35 205
35 39 443
39 35 443
35 61 793
61 35 793
36 59 182
59 36 182
36 51 686
51 36 686
36 64 180
64 36 180
36 36 559
36 36 559
36 38 911
38 36 911
36 64 756
64 36 756
36 58 25
58 36 25
36 70 422
70 36 422
36 53 564
53 36 564
36 50 243
50 36 243
37 47 687
47 37 687
37 64 88
64 37 88
37 41 524
41 37 524
37 71 831
71 37 831
37 51 372
51 37 372
37 47 220
47 37 220
37 44 751
44 37 751
37 59 156
59 37 156
37 38 252
38 37 252
37 60 20
60 37 20
38 42 247
42 38 247
38 53 184
53 38 184
38 60 761
60 38 761
38 54 716
54 38 716
38 47 331
47 38 331
38 57 10
57 38 10
38 38 177
38 38 177
39 63 790
63 39 790
39 60 256
60 39 256
39 65 187
65 39 187
39 43 254
43 39 254
39 67 791
67 39 791
39 58 275
58 39 275
39 41 115
41 39 115
39 46 821
46 39 821
39 40 696
40 39 696
39 56 101
56 39 101
39 50 111
50 39 111
39 67 576
67 39 576
39 57 924
57 39 924
39 57 710
57 39 710
39 72 637
72 39 637
40 46 328
46 40 328
40 50 774
50 40 774
40 70 695
70 40 695
40 69 110
69 40 110
40 62 396
62 40 396
40 55 207
55 40 207
40 54 733
54 40 733
40 69 123
69 40 123
40 63 86
63 40 86
40 50 709
50 40 709
40 62 258
62 40 258
40 41 158
41 40 158
40 58 248
58 40 248
41 52 479
52 41 479
41 65 541
65 41 541
41 67 74
67 41 74
41 49 994
49 41 994
41 69 334
69 41 334
41 58 225
58 41 225
41 68 746
68 41 746
41 44 609
44 41 609
41 54 801
54 41 801
41 43 630
43 41 630
41 50 960
50 41 960
41 71 852
71 41 852
42 54 167
54 42 167
42 52 823
52 42 823
42 46 169
46 42 169
42 50 580
50 42 580
42 59 817
59 42 817
42 55 869
55 42 869
42 50 726
50 42 726
42 56 788
56 42 788
42 59 688
59 42 688
42 45 319
45 42 319
42 58 453
58 42 453
42 68 443
68 42 443
43 62 790
62 43 790
43 45 250
45 43 250
43 72 460
72 43 460
43 59 68
59 43 68
43 54 281
54 43 281
43 52 361
52 43 361
43 45 360
45 43 360
44 71 515
71 44 515
44 45 15
45 44 15
44 67 565
67 44 565
44 62 314
62 44 314
44 45 977
45 44 977
44 62 589
62 44 589
44 62 518
62 44 518
44 61 184
61 44 184
45 54 463
54 45 463
45 66 768
66 45 768
45 72 804
72 45 804
45 52 876
52 45 876
45 68 362
68 45 362
45 49 865
49 45 865
45 68 307
68 45 307
45 48 11
48 45 11
45 69 325
69 45 325
45 45 698
45 45 698
46 55 971
55 46 971
46 68 816
68 46 816
46 57 938
57 46 938
46 49 808
49 46 808
46 52 562
52 46 562
46 65 256
65 46 256
46 48 676
48 46 676
46 57 227
57 46 227
46 55 984
55 46 984
46 51 369
51 46 369
47 58 771
58 47 771
47 63 647
63 47 647
47 69 16
69 47 16
47 59 62
59 47 62
47 52 179
52 47 179
47 49 528
49 47 528
47 55 121
55 47 121
47 56 7
56 47 7
48 61 367
61 48 367
48 63 929
63 48 929
48 54 697
54 48 697
48 67 37
67 48 37
48 55 225
55 48 225
48 70 147
70 48 147
48 51 624
51 48 624
48 63 654
63 48 654
48 67 251
67 48 251
48 72 712
72 48 712
48 68 558
68 48 558
49 56 828
56 49 828
49 66 113
66 49 113
49 64 514
64 49 514
49 66 785
66 49 785
49 69 246
69 49 246
49 55 497
55 49 497
49 71 354
71 49 354
49 56 541
56 49 541
49 60 430
60 49 430
49 63 288
63 49 288
49 72 71
72 49 71
49 67 261
67 49 261
50 64 381
64 50 381
50 65 722
65 50 722
50 64 165
64 50 165
50 54 848
54 50 848
50 69 793
69 50 793
50 56 923
56 50 923
51 69 105
69 51 105
51 69 265
69 51 265
51 66 433
66 51 433
51 66 843
66 51 843
51 63 346
63 51 346
51 57 214
57 51 214
51 70 427
70 51 427
51 68 888
68 51 888
51 72 732
72 51 732
52 62 379
62 52 379
52 60 339
60 52 339
52 61 737
61 52 737
52 57 675
57 52 675
52 57 90
57 52 90
53 62 617
62 53 617
53 53 839
53 53 839
53 56 926
56 53 926
53 71 121
71 53 121
53 57 82
57 53 82
54 59 526
59 54 526
54 66 105
66 54 105
54 71 538
71 54 538
54 61 854
61 54 854
54 65 33
65 54 33
54 68 679
68 54 679
55 66 516
66 55 516
55 65 757
65 55 757
55 56 365
56 55 365
55 61 744
61 55 744
56 62 765
62 56 765
56 56 643
56 56 643
56 62 998
62 56 998
56 71 687
71 56 687
57 72 779
72 57 779
57 60 329
60 57 329
57 61 613
61 57 613
57 69 290
69 57 290
57 68 241
68 57 241
57 69 995
69 57 995
57 68 690
68 57 690
58 70 620
70 58 620
58 70 467
70 58 467
58 66 736
66 58 736
58 61 302
61 58 302
59 72 252
72 59 252
59 60 239
60 59 239
59 61 597
61 59 597
60 69 537
69 60 537
60 61 22
61 60 22
60 69 907
69 60 907
60 64 82
64 60 82
61 64 428
64 61 428
62 66 38
66 62 38
62 67 139
67 62 139
62 63 62
63 62 62
62 72 768
72 62 768
63 68 894
68 63 894
63 63 245
63 63 245
63 71 410
71 63 410
63 63 740
63 63 740
63 71 459
71 63 459
63 66 155
66 63 155
63 65 192
65 63 192
64 67 719
67 64 719
64 70 560
70 64 560
64 66 55
66 64 55
65 71 213
71 65 213
65 66 68
66 65 68
65 66 132
66 65 132
68 72 629
72 68 629
68 70 305
70 68 305
68 68 691
68 68 691
68 71 419
71 68 419
69 69 853
69 69 853
70 72 449
72 70 449
