24

0 1 928
1 0 928
0 5 250
5 0 250
0 9 61
9 0 61
0 14 563
14 0 563
0 16 387
16 0 387
0 20 924
20 0 924
0 9 608
9 0 608
0 22 743
22 0 743
1 2 137
2 1 137
1 14 788
14 1 788
2 3 997
3 2 997
2 8 465
8 2 465
2 16 332
16 2 332
2 19 464
19 2 464
3 4 906
4 3 906
3 16 353
16 3 353
3 23 783
23 3 783
3 15 537
15 3 537
3 6 209
6 3 209
4 11 135
11 4 135
4 20 209
20 4 209
5 6 433
6 5 433
5 14 422
14 5 422
5 11 273
11 5 273
5 9 532
9 5 532
6 7 179
7 6 179
6 10 104
10 6 104
6 7 985
7 6 985
6 19 136
19 6 136
7 13 838
13 7 838
8 15 242
15 8 242
8 18 366
18 8 366
8 16 732
16 8 732
9 12 837
12 9 837
9 17 834
17 9 834
9 14 510
14 9 510
9 22 530
22 9 530
9 13 840
13 9 840
11 16 620
16 11 620
12 23 403
23 12 403
12 18 794
18 12 794
12 19 376
19 12 376
13 18 177
18 13 177
14 23 598
23 14 598
16 20 397
20 16 397
18 19 460
19 18 460
18 22 602
22 18 602
18 22 335
22 18 335
19 21 372
21 19 372
22 22 8
22 22 8
