90

0 1 278
1 0 278
0 2 16
2 0 16
0 19 229
19 0 229
0 25 148
25 0 148
0 34 569
34 0 569
0 68 288
68 0 288
0 19 232
19 0 232
0 9 300
9 0 300
0 40 68
40 0 68
0 24 238
24 0 238
0 35 983
35 0 983
0 26 121
26 0 121
0 7 640
7 0 640
0 66 516
66 0 516
0 5 719
5 0 719
0 15 342
15 0 342
0 72 842
72 0 842
0 88 659
88 0 659
0 50 747
50 0 747
0 58 339
58 0 339
1 3 319
3 1 319
1 43 521
43 1 521
1 86 297
86 1 297
1 62 402
62 1 402
1 75 533
75 1 533
1 43 357
43 1 357
1 72 886
72 1 886
1 10 550
10 1 550
1 80 719
80 1 719
1 73 434
73 1 434
1 57 681
57 1 681
1 16 951
16 1 951
1 27 374
27 1 374
2 4 846
4 2 846
2 17 261
17 2 261
2 30 1000
30 2 1000
2 70 625
70 2 625
2 38 941
38 2 941
2 6 242
6 2 242
2 55 284
55 2 284
2 29 883
29 2 883
2 56 81
56 2 81
2 10 619
10 2 619
2 44 405
44 2 405
2 60 141
60 2 141
2 24 569
24 2 569
2 88 558
88 2 558
2 22 817
22 2 817
2 43 519
43 2 519
3 5 757
5 3 757
3 9 909
9 3 909
3 27 543
27 3 543
3 50 578
50 3 578
3 7 692
7 3 692
3 70 960
70 3 960
3 63 791
63 3 791
3 58 488
58 3 488
3 38 728
38 3 728
3 45 679
45 3 679
3 63 376
63 3 376
3 35 325
35 3 325
3 7 260
7 3 260
3 85 448
85 3 448
3 59 872
59 3 872
3 36 570
36 3 570
3 64 682
64 3 682
3 88 34
88 3 34
4 6 637
6 4 637
4 10 998
10 4 998
4 48 993
48 4 993
4 63 361
63 4 361
4 54 749
54 4 749
4 5 163
5 4 163
4 8 687
8 4 687
4 70 109
70 4 109
4 83 941
83 4 941
4 71 808
71 4 808
5 7 491
7 5 491
5 8 187
8 5 187
5 70 40
70 5 40
5 48 322
48 5 322
5 88 530
88 5 530
5 31 653
31 5 653
5 64 33
64 5 33
5 50 110
50 5 110
5 36 200
36 5 200
5 55 728
55 5 728
5 20 125
20 5 125
5 36 804
36 5 804
6 33 391
33 6 391
6 82 612
82 6 612
6 69 213
69 6 213
6 46 132
46 6 132
6 70 205
70 6 205
6 66 70
66 6 70
6 34 910
34 6 910
7 14 698
14 7 698
7 23 581
23 7 581
7 17 262
17 7 262
7 59 693
59 7 693
7 58 998
58 7 998
7 87 921
87 7 921
7 39 499
39 7 499
7 30 730
30 7 730
7 83 501
83 7 501
7 64 960
64 7 960
7 54 666
54 7 666
7 52 661
52 7 661
7 85 607
85 7 607
7 16 975
16 7 975
7 76 612
76 7 612
7 55 886
55 7 886
7 69 554
69 7 554
7 64 323
64 7 323
7 80 231
80 7 231
8 16 111
16 8 111
8 31 828
31 8 828
8 64 678
64 8 678
8 58 117
58 8 117
8 37 740
37 8 740
8 55 866
55 8 866
8 40 931
40 8 931
8 85 298
85 8 298
8 52 771
52 8 771
8 74 664
74 8 664
9 18 727
18 9 727
9 51 855
51 9 855
9 52 602
52 9 602
9 64 578
64 9 578
9 76 342
76 9 342
9 10 11
10 9 11
9 73 761
73 9 761
9 46 872
46 9 872
9 36 7
36 9 7
9 57 122
57 9 122
9 14 747
14 9 747
9 63 83
63 9 83
10 11 597
11 10 597
10 12 294
12 10 294
10 13 720
13 10 720
10 15 973
15 10 973
10 41 50
41 10 50
10 76 812
76 10 812
10 10 213
10 10 213
10 19 591
19 10 591
10 83 483
83 10 483
10 75 31
75 10 31
10 62 749
62 10 749
10 23 90
23 10 90
10 42 810
42 10 810
10 83 903
83 10 903
10 42 83
42 10 83
10 88 118
88 10 118
10 86 364
86 10 364
10 46 289
46 10 289
11 46 896
46 11 896
11 87 267
87 11 267
11 73 183
73 11 183
11 44 892
44 11 892
11 55 744
55 11 744
11 40 469
40 11 469
11 52 453
52 11 453
11 18 824
18 11 824
11 79 11
79 11 11
11 77 241
77 11 241
11 75 278
75 11 278
11 84 82
84 11 82
12 33 644
33 12 644
12 35 598
35 12 598
12 22 892
22 12 892
12 47 100
47 12 100
12 18 189
18 12 189
12 16 193
16 12 193
12 19 960
19 12 960
12 43 431
43 12 431
12 25 127
25 12 127
12 24 361
24 12 361
13 84 454
84 13 454
13 50 173
50 13 173
13 38 750
38 13 750
13 67 83
67 13 83
13 87 689
87 13 689
13 16 739
16 13 739
13 85 7
85 13 7
13 53 510
53 13 510
14 20 886
20 14 886
14 37 675
37 14 675
14 85 645
85 14 645
14 39 665
39 14 665
14 43 217
43 14 217
14 83 256
83 14 256
14 64 194
64 14 194
14 56 446
56 14 446
14 30 219
30 14 219
14 49 394
49 14 394
14 16 437
16 14 437
14 64 647
64 14 647
14 41 402
41 14 402
14 79 862
79 14 862
15 21 116
21 15 116
15 24 485
24 15 485
15 17 773
17 15 773
15 41 137
41 15 137
15 35 121
35 15 121
15 70 600
70 15 600
15 83 356
83 15 356
15 17 238
17 15 238
15 22 162
22 15 162
15 73 104
73 15 104
16 22 835
22 16 835
16 47 846
47 16 846
16 49 510
49 16 510
16 31 695
31 16 695
16 70 873
70 16 873
16 34 188
34 16 188
16 41 102
41 16 102
16 27 40
27 16 40
16 62 619
62 16 619
16 88 441
88 16 441
16 86 91
86 16 91
16 70 344
70 16 344
16 47 32
47 16 32
16 80 259
80 16 259
17 49 796
49 17 796
17 86 896
86 17 896
17 55 671
55 17 671
17 41 405
41 17 405
17 88 391
88 17 391
17 55 259
55 17 259
17 73 999
73 17 999
17 35 242
35 17 242
17 47 483
47 17 483
17 37 479
37 17 479
17 50 173
50 17 173
17 22 305
22 17 305
17 89 558
89 17 558
18 53 840
53 18 840
18 46 257
46 18 257
18 53 729
53 18 729
18 83 695
83 18 695
18 35 362
35 18 362
18 71 596
71 18 596
18 46 617
46 18 617
18 55 936
55 18 936
19 88 909
88 19 909
19 72 629
72 19 629
19 87 80
87 19 80
19 56 745
56 19 745
19 39 969
39 19 969
20 28 355
28 20 355
20 77 145
77 20 145
20 28 412
28 20 412
20 36 15
36 20 15
20 25 875
25 20 875
20 75 687
75 20 687
20 77 95
77 20 95
20 73 218
73 20 218
20 52 368
52 20 368
20 22 332
22 20 332
20 74 421
74 20 421
21 37 791
37 21 791
21 87 73
87 21 73
21 61 96
61 21 96
21 28 633
28 21 633
21 49 623
49 21 623
21 62 652
62 21 652
21 58 443
58 21 443
21 70 834
70 21 834
21 32 66
32 21 66
21 34 424
34 21 424
21 40 12
40 21 12
22 32 353
32 22 353
22 54 691
54 22 691
22 43 575
43 22 575
22 56 404
56 22 404
22 63 553
63 22 553
22 39 311
39 22 311
22 74 738
74 22 738
22 84 42
84 22 42
22 37 224
37 22 224
22 78 566
78 22 566
22 75 796
75 22 796
22 61 667
61 22 667
22 56 515
56 22 515
22 45 31
45 22 31
23 29 647
29 23 647
23 35 351
35 23 351
23 86 227
86 23 227
23 59 296
59 23 296
23 74 734
74 23 734
23 57 159
57 23 159
23 43 937
43 23 937
23 64 498
64 23 498
23 89 794
89 23 794
24 62 553
62 24 553
24 89 393
89 24 393
24 84 140
84 24 140
24 52 276
52 24 276
24 37 353
37 24 353
24 59 647
59 24 647
24 73 89
73 24 89
24 85 117
85 24 117
25 26 39
26 25 39
25 37 919
37 25 919
25 41 959
41 25 959
25 58 847
58 25 847
25 55 812
55 25 812
25 74 157
74 25 157
26 44 596
44 26 596
26 79 748
79 26 748
26 35 97
35 26 97
26 36 935
36 26 935
26 88 921
88 26 921
26 57 220
57 26 220
27 45 565
45 27 565
27 48 963
48 27 963
27 30 681
30 27 681
27 37 351
37 27 351
27 39 858
39 27 858
27 42 735
42 27 735
27 62 464
62 27 464
27 37 901
37 27 901
27 29 73
29 27 73
27 62 570
62 27 570
27 79 459
79 27 459
27 64 682
64 27 682
27 75 605
75 27 605
28 40 481
40 28 481
28 80 520
80 28 520
28 34 687
34 28 687
28 72 72
72 28 72
28 42 987
42 28 987
28 49 184
49 28 184
28 81 213
81 28 213
28 81 995
81 28 995
28 49 226
49 28 226
29 40 534
40 29 534
29 41 692
41 29 692
29 87 932
87 29 932
30 49 442
49 30 442
30 65 672
65 30 672
30 53 724
53 30 724
30 62 425
62 30 425
30 50 383
50 30 383
30 78 240
78 30 240
30 71 304
71 30 304
30 84 3
84 30 3
31 36 793
36 31 793
31 81 224
81 31 224
31 35 613
35 31 613
31 54 395
54 31 395
31 78 689
78 31 689
31 78 221
78 31 221
31 72 132
72 31 132
32 59 640
59 32 640
32 60 468
60 32 468
32 60 849
60 32 849
32 34 492
34 32 492
32 63 450
63 32 450
32 84 351
84 32 351
32 72 134
72 32 134
32 35 935
35 32 935
32 50 103
50 32 103
32 58 869
58 32 869
32 39 761
39 32 761
33 38 716
38 33 716
33 39 164
39 33 164
33 83 962
83 33 962
33 36 919
36 33 919
33 64 342
64 33 342
33 43 171
43 33 171
33 75 197
75 33 197
33 37 449
37 33 449
33 45 672
45 33 672
33 37 300
37 33 300
33 48 944
48 33 944
33 46 87
46 33 87
33 34 490
34 33 490
33 50 514
50 33 514
33 36 648
36 33 648
34 71 697
71 34 697
34 81 5
81 34 5
34 46 129
46 34 129
34 73 611
73 34 611
34 35 813
35 34 813
34 71 821
71 34 821
34 52 420
52 34 420
34 80 110
80 34 110
34 38 867
38 34 867
34 74 104
74 34 104
34 60 692
60 34 692
34 82 144
82 34 144
35 42 834
42 35 834
35 69 572
69 35 572
35 39 517
39 35 517
35 40 525
40 35 525
35 67 713
67 35 713
35 69 360
69 35 360
35 83 876
83 35 876
35 46 426
46 35 426
35 58 518
58 35 518
36 54 670
54 36 670
36 79 887
79 36 887
36 39 777
39 36 777
36 81 980
81 36 980
36 88 315
88 36 315
37 52 719
52 37 719
37 84 346
84 37 346
37 73 96
73 37 96
37 69 387
69 37 387
37 45 494
45 37 494
37 79 263
79 37 263
37 74 210
74 37 210
38 75 464
75 38 464
38 71 70
71 38 70
38 46 735
46 38 735
38 88 777
88 38 777
38 87 176
87 38 176
38 41 678
41 38 678
38 77 988
77 38 988
38 73 728
73 38 728
39 44 734
44 39 734
39 56 821
56 39 821
39 39 443
39 39 443
39 41 888
41 39 888
39 49 95
49 39 95
39 63 721
63 39 721
39 52 996
52 39 996
40 66 82
66 40 82
40 70 106
70 40 106
40 50 728
50 40 728
40 52 965
52 40 965
40 59 203
59 40 203
41 46 245
46 41 245
41 58 59
58 41 59
41 58 979
58 41 979
41 73 539
73 41 539
41 57 244
57 41 244
41 69 286
69 41 286
41 65 990
65 41 990
41 71 341
71 41 341
41 81 621
81 41 621
41 81 617
81 41 617
42 55 528
55 42 528
42 64 85
64 42 85
42 62 688
62 42 688
43 60 995
60 43 995
43 69 148
69 43 148
43 44 526
44 43 526
43 80 53
80 43 53
43 72 133
72 43 133
43 81 130
81 43 130
43 49 588
49 43 588
43 70 311
70 43 311
43 75 417
75 43 417
44 50 215
50 44 215
44 66 473
66 44 473
44 62 158
62 44 158
44 86 793
86 44 793
44 75 767
75 44 767
45 79 1
79 45 1
45 88 112
88 45 112
45 52 978
52 45 978
45 52 567
52 45 567
45 71 670
71 45 670
45 54 657
54 45 657
45 71 390
71 45 390
45 84 489
84 45 489
45 72 587
72 45 587
45 51 660
51 45 660
45 54 591
54 45 591
46 56 610
56 46 610
46 46 468
46 46 468
46 80 63
80 46 63
46 59 79
59 46 79
47 57 492
57 47 492
47 65 955
65 47 955
47 87 964
87 47 964
47 85 16
85 47 16
47 61 256
61 47 256
47 55 693
55 47 693
47 52 171
52 47 171
47 66 947
66 47 947
47 78 935
78 47 935
47 77 338
77 47 338
48 65 928
65 48 928
48 55 432
55 48 432
48 81 989
81 48 989
49 82 583
82 49 583
49 79 318
79 49 318
49 59 333
59 49 333
49 85 66
85 49 66
49 69 457
69 49 457
49 71 842
71 49 842
49 74 542
74 49 542
50 68 312
68 50 312
50 77 968
77 50 968
50 67 379
67 50 379
50 70 518
70 50 518
50 85 413
85 50 413
50 74 662
74 50 662
50 85 849
85 50 849
50 62 632
62 50 632
51 62 774
62 51 774
51 67 559
67 51 559
51 77 700
77 51 700
51 71 57
71 51 57
52 65 842
65 52 842
52 68 780
68 52 780
52 74 705
74 52 705
52 60 370
60 52 370
53 77 922
77 53 922
53 79 380
79 53 380
53 76 521
76 53 521
54 86 664
86 54 664
54 82 977
82 54 977
54 72 483
72 54 483
54 63 979
63 54 979
54 59 900
59 54 900
55 78 391
78 55 391
55 67 989
67 55 989
55 64 639
64 55 639
55 77 935
77 55 935
56 76 294
76 56 294
56 67 91
67 56 91
56 88 318
88 56 318
57 87 321
87 57 321
57 71 561
71 57 561
57 75 79
75 57 79
57 68 137
68 57 137
57 86 305
86 57 305
58 61 166
61 58 166
58 84 502
84 58 502
59 63 119
63 59 119
59 66 827
66 59 827
59 81 642
81 59 642
59 69 767
69 59 767
60 69 627
69 60 627
60 75 115
75 60 115
61 71 631
71 61 631
61 72 378
72 61 378
61 69 444
69 61 444
61 67 878
67 61 878
62 81 559
81 62 559
62 75 624
75 62 624
62 73 408
73 62 408
63 68 589
68 63 589
63 86 926
86 63 926
63 87 504
87 63 504
63 71 341
71 63 341
63 75 712
75 63 712
64 68 580
68 64 580
64 75 200
75 64 200
64 84 157
84 64 157
65 72 318
72 65 318
65 89 421
89 65 421
65 87 714
87 65 714
65 73 702
73 65 702
65 70 231
70 65 231
66 84 424
84 66 424
66 73 480
73 66 480
66 87 688
87 66 688
66 84 982
84 66 982
67 69 51
69 67 51
67 81 600
81 67 600
67 76 329
76 67 329
67 80 257
80 67 257
68 70 23
70 68 23
68 77 937
77 68 937
68 78 464
78 68 464
68 88 255
88 68 255
68 79 504
79 68 504
69 73 148
73 69 148
69 80 920
80 69 920
69 76 133
76 69 133
69 77 912
77 69 912
69 76 229
76 69 229
69 84 230
84 69 230
69 84 71
84 69 71
70 72 778
72 70 778
70 87 521
87 70 521
71 82 131
82 71 131
71 81 365
81 71 365
71 87 506
87 71 506
72 74 712
74 72 712
72 84 548
84 72 548
72 74 319
74 72 319
72 84 972
84 72 972
72 78 786
78 72 786
72 83 955
83 72 955
72 74 33
74 72 33
73 74 258
74 73 258
73 89 413
89 73 413
73 80 543
80 73 543
73 75 24
75 73 24
74 80 307
80 74 307
75 78 121
78 75 121
75 84 65
84 75 65
75 81 643
81 75 643
76 86 729
86 76 729
76 86 344
86 76 344
77 81 3
81 77 3
78 86 579
86 78 579
78 89 868
89 78 868
78 88 40
88 78 40
80 84 218
84 80 218
82 84 679
84 82 679
82 87 57
87 82 57
82 87 331
87 82 331
83 85 971
85 83 971
84 87 568
87 84 568
84 89 588
89 84 588
85 86 128
86 85 128
86 87 97
87 86 97
