95

0 1 327
1 0 327
0 45 316
45 0 316
0 49 503
49 0 503
0 68 212
68 0 212
0 90 609
90 0 609
0 29 39
29 0 39
0 15 747
15 0 747
0 37 863
37 0 863
0 36 200
36 0 200
0 64 719
64 0 719
0 80 553
80 0 553
0 46 772
46 0 772
0 56 18
56 0 18
0 21 326
21 0 326
0 88 259
88 0 259
0 78 386
78 0 386
0 77 831
77 0 831
0 7 655
7 0 655
0 93 377
93 0 377
0 19 759
19 0 759
0 3 598
3 0 598
1 2 74
2 1 74
1 17 755
17 1 755
1 35 375
35 1 375
1 59 102
59 1 102
1 53 409
53 1 409
1 54 234
54 1 234
1 92 846
92 1 846
1 57 801
57 1 801
1 43 349
43 1 349
1 48 742
48 1 742
1 9 30
9 1 30
1 13 913
13 1 913
1 66 988
66 1 988
1 74 950
74 1 950
1 60 446
60 1 446
1 50 475
50 1 475
1 28 127
28 1 127
1 27 321
27 1 321
1 57 199
57 1 199
1 9 338
9 1 338
2 3 475
3 2 475
2 12 491
12 2 491
2 16 161
16 2 161
2 30 480
30 2 480
2 42 728
42 2 728
2 72 275
72 2 275
2 93 510
93 2 510
2 16 314
16 2 314
2 38 439
38 2 439
2 30 386
30 2 386
2 6 56
6 2 56
2 15 135
15 2 135
2 65 141
65 2 141
2 27 163
27 2 163
2 19 260
19 2 260
2 17 584
17 2 584
2 5 435
5 2 435
2 31 496
31 2 496
2 94 323
94 2 323
2 14 637
14 2 637
2 72 884
72 2 884
2 55 958
55 2 958
2 27 105
27 2 105
2 23 104
23 2 104
2 17 289
17 2 289
2 83 453
83 2 453
2 88 402
88 2 402
2 56 449
56 2 449
2 65 668
65 2 668
2 36 782
36 2 782
3 4 469
4 3 469
3 5 526
5 3 526
3 6 61
6 3 61
3 24 413
24 3 413
3 47 813
47 3 813
3 14 422
14 3 422
3 28 518
28 3 518
3 94 208
94 3 208
3 79 875
79 3 875
3 16 847
16 3 847
3 19 686
19 3 686
3 60 657
60 3 657
3 3 990
3 3 990
3 8 857
8 3 857
3 32 17
32 3 17
3 28 568
28 3 568
3 82 274
82 3 274
3 5 798
5 3 798
3 78 646
78 3 646
3 48 360
48 3 360
3 76 185
76 3 185
3 62 896
62 3 896
4 24 578
24 4 578
4 89 487
89 4 487
4 13 933
13 4 933
4 93 868
93 4 868
4 85 619
85 4 619
4 19 430
19 4 430
4 78 203
78 4 203
4 57 535
57 4 535
4 72 168
72 4 168
4 19 757
19 4 757
4 93 490
93 4 490
4 72 479
72 4 479
4 54 854
54 4 854
4 77 84
77 4 84
4 62 763
62 4 763
5 7 425
7 5 425
5 31 609
31 5 609
5 40 709
40 5 709
5 93 201
93 5 201
5 56 944
56 5 944
5 69 803
69 5 803
5 13 371
13 5 371
5 51 737
51 5 737
5 89 753
89 5 753
5 40 754
40 5 754
5 50 799
50 5 799
5 54 639
54 5 639
5 57 1
57 5 1
5 90 419
90 5 419
5 79 187
79 5 187
5 5 361
5 5 361
5 69 538
69 5 538
5 69 993
69 5 993
6 9 145
9 6 145
6 20 911
20 6 911
6 11 905
11 6 905
6 93 469
93 6 469
6 23 171
23 6 171
6 53 916
53 6 916
6 32 435
32 6 435
6 39 47
39 6 47
6 25 365
25 6 365
6 12 213
12 6 213
6 42 469
42 6 469
6 62 171
62 6 171
6 26 96
26 6 96
6 80 145
80 6 145
6 94 110
94 6 110
6 10 414
10 6 414
6 94 647
94 6 647
6 41 418
41 6 418
6 93 595
93 6 595
6 73 487
73 6 487
7 8 994
8 7 994
7 10 970
10 7 970
7 11 429
11 7 429
7 25 968
25 7 968
7 82 582
82 7 582
7 37 122
37 7 122
7 15 79
15 7 79
7 28 797
28 7 797
7 32 977
32 7 977
7 26 197
26 7 197
7 87 448
87 7 448
7 17 912
17 7 912
7 14 692
14 7 692
7 15 386
15 7 386
7 81 712
81 7 712
7 92 83
92 7 83
7 66 760
66 7 760
7 46 942
46 7 942
7 41 667
41 7 667
7 16 785
16 7 785
7 80 632
80 7 632
7 67 927
67 7 927
7 32 541
32 7 541
8 69 483
69 8 483
8 17 118
17 8 118
8 66 673
66 8 673
8 26 483
26 8 483
8 10 277
10 8 277
8 67 596
67 8 596
8 31 183
31 8 183
8 90 846
90 8 846
8 16 779
16 8 779
8 12 253
12 8 253
8 59 394
59 8 394
8 16 406
16 8 406
8 24 7
24 8 7
8 40 264
40 8 264
8 81 354
81 8 354
8 16 931
16 8 931
8 24 478
24 8 478
8 22 522
22 8 522
9 75 358
75 9 358
9 83 615
83 9 615
9 86 773
86 9 773
9 78 67
78 9 67
9 31 703
31 9 703
9 50 445
50 9 445
9 51 364
51 9 364
9 16 198
16 9 198
9 67 39
67 9 39
9 65 885
65 9 885
9 47 78
47 9 78
9 59 564
59 9 564
9 50 491
50 9 491
9 93 820
93 9 820
9 22 446
22 9 446
9 68 351
68 9 351
9 34 492
34 9 492
9 56 154
56 9 154
10 39 844
39 10 844
10 72 994
72 10 994
10 39 819
39 10 819
10 68 945
68 10 945
10 65 550
65 10 550
10 30 800
30 10 800
10 52 507
52 10 507
10 55 162
55 10 162
10 85 369
85 10 369
10 75 477
75 10 477
10 30 589
30 10 589
10 67 218
67 10 218
10 85 167
85 10 167
10 29 501
29 10 501
11 37 341
37 11 341
11 28 85
28 11 85
11 44 31
44 11 31
11 11 270
11 11 270
11 82 501
82 11 501
11 38 153
38 11 153
11 57 707
57 11 707
11 55 531
55 11 531
11 13 579
13 11 579
11 27 103
27 11 103
11 91 289
91 11 289
11 33 984
33 11 984
11 31 872
31 11 872
11 73 967
73 11 967
11 40 89
40 11 89
11 77 99
77 11 99
11 94 447
94 11 447
11 61 398
61 11 398
12 13 390
13 12 390
12 15 115
15 12 115
12 28 413
28 12 413
12 44 784
44 12 784
12 87 599
87 12 599
12 69 743
69 12 743
12 85 172
85 12 172
12 67 976
67 12 976
12 86 2
86 12 2
12 61 270
61 12 270
12 33 783
33 12 783
12 58 170
58 12 170
12 86 636
86 12 636
12 27 542
27 12 542
12 93 675
93 12 675
13 14 104
14 13 104
13 19 520
19 13 520
13 23 418
23 13 418
13 62 744
62 13 744
13 27 470
27 13 470
13 88 792
88 13 792
13 33 756
33 13 756
13 89 665
89 13 665
13 51 330
51 13 330
13 72 587
72 13 587
13 50 519
50 13 519
13 47 696
47 13 696
13 21 619
21 13 619
13 37 810
37 13 810
14 27 989
27 14 989
14 46 269
46 14 269
14 29 125
29 14 125
14 88 894
88 14 894
14 48 308
48 14 308
14 71 219
71 14 219
14 51 183
51 14 183
14 55 192
55 14 192
14 81 242
81 14 242
14 88 29
88 14 29
14 51 221
51 14 221
14 21 238
21 14 238
14 50 284
50 14 284
14 75 354
75 14 354
14 37 493
37 14 493
14 75 187
75 14 187
14 21 109
21 14 109
14 51 524
51 14 524
14 22 470
22 14 470
14 75 942
75 14 942
14 41 242
41 14 242
14 70 709
70 14 709
14 77 669
77 14 669
15 21 553
21 15 553
15 73 184
73 15 184
15 31 513
31 15 513
15 40 834
40 15 834
15 79 66
79 15 66
15 28 885
28 15 885
15 55 590
55 15 590
15 32 105
32 15 105
15 86 961
86 15 961
15 49 382
49 15 382
15 87 822
87 15 822
15 38 129
38 15 129
15 39 11
39 15 11
15 60 125
60 15 125
15 94 627
94 15 627
16 18 32
18 16 32
16 70 585
70 16 585
16 86 258
86 16 258
16 49 702
49 16 702
16 50 962
50 16 962
16 41 317
41 16 317
16 31 714
31 16 714
16 73 538
73 16 538
16 24 670
24 16 670
16 57 802
57 16 802
16 64 883
64 16 883
17 73 114
73 17 114
17 93 756
93 17 756
17 52 495
52 17 495
17 24 343
24 17 343
17 92 601
92 17 601
17 37 318
37 17 318
17 58 585
58 17 585
17 48 30
48 17 30
17 91 705
91 17 705
17 73 130
73 17 130
17 90 967
90 17 967
17 71 109
71 17 109
17 52 687
52 17 687
17 33 516
33 17 516
18 71 682
71 18 682
18 38 220
38 18 220
18 93 597
93 18 597
18 53 817
53 18 817
18 38 927
38 18 927
18 69 536
69 18 536
18 22 429
22 18 429
18 32 234
32 18 234
18 59 514
59 18 514
18 31 920
31 18 920
18 42 15
42 18 15
18 66 139
66 18 139
18 71 860
71 18 860
18 48 824
48 18 824
18 49 58
49 18 58
18 19 66
19 18 66
19 26 317
26 19 317
19 89 99
89 19 99
19 44 390
44 19 390
19 78 555
78 19 555
19 46 201
46 19 201
19 78 366
78 19 366
19 73 526
73 19 526
19 45 645
45 19 645
19 29 907
29 19 907
19 46 804
46 19 804
19 69 791
69 19 791
19 89 657
89 19 657
19 73 592
73 19 592
19 20 931
20 19 931
20 22 507
22 20 507
20 66 847
66 20 847
20 54 57
54 20 57
20 83 321
83 20 321
20 66 857
66 20 857
20 74 662
74 20 662
20 84 120
84 20 120
20 39 501
39 20 501
20 68 29
68 20 29
20 36 453
36 20 453
20 47 946
47 20 946
20 47 967
47 20 967
20 43 762
43 20 762
20 29 362
29 20 362
20 58 107
58 20 107
20 87 562
87 20 562
21 34 635
34 21 635
21 61 338
61 21 338
21 61 471
61 21 471
21 87 117
87 21 117
21 33 553
33 21 553
21 40 227
40 21 227
21 33 286
33 21 286
21 85 653
85 21 653
21 64 914
64 21 914
21 75 301
75 21 301
21 60 695
60 21 695
21 66 698
66 21 698
21 64 760
64 21 760
21 58 805
58 21 805
21 34 523
34 21 523
22 50 468
50 22 468
22 61 157
61 22 157
22 42 85
42 22 85
22 32 988
32 22 988
22 48 382
48 22 382
22 56 165
56 22 165
22 23 915
23 22 915
22 84 928
84 22 928
22 81 1
81 22 1
22 29 907
29 22 907
23 29 307
29 23 307
23 69 22
69 23 22
23 75 885
75 23 885
23 70 38
70 23 38
23 68 236
68 23 236
23 61 337
61 23 337
23 53 317
53 23 317
23 30 88
30 23 88
23 92 676
92 23 676
23 76 331
76 23 331
23 63 453
63 23 453
23 57 20
57 23 20
23 88 289
88 23 289
23 83 268
83 23 268
23 56 322
56 23 322
23 82 458
82 23 458
23 67 988
67 23 988
24 33 386
33 24 386
24 30 581
30 24 581
24 51 459
51 24 459
24 63 98
63 24 98
24 74 676
74 24 676
24 93 626
93 24 626
24 29 761
29 24 761
24 54 124
54 24 124
24 80 885
80 24 885
24 85 51
85 24 51
24 68 578
68 24 578
24 52 225
52 24 225
24 80 337
80 24 337
25 32 180
32 25 180
25 47 52
47 25 52
25 81 692
81 25 692
25 61 909
61 25 909
25 80 128
80 25 128
25 37 375
37 25 375
25 63 449
63 25 449
25 49 616
49 25 616
25 43 514
43 25 514
25 71 76
71 25 76
25 30 357
30 25 357
25 34 24
34 25 24
25 58 835
58 25 835
25 30 881
30 25 881
25 77 806
77 25 806
26 38 80
38 26 80
26 65 786
65 26 786
26 80 82
80 26 82
26 90 734
90 26 734
26 34 484
34 26 484
26 79 61
79 26 61
26 66 717
66 26 717
26 54 388
54 26 388
26 37 968
37 26 968
26 90 190
90 26 190
26 71 939
71 26 939
26 70 854
70 26 854
26 77 458
77 26 458
26 35 837
35 26 837
26 40 778
40 26 778
26 26 217
26 26 217
26 75 493
75 26 493
26 72 104
72 26 104
26 47 779
47 26 779
26 37 339
37 26 339
26 65 401
65 26 401
26 38 340
38 26 340
26 92 971
92 26 971
27 50 342
50 27 342
27 48 30
48 27 30
27 77 220
77 27 220
27 46 760
46 27 760
27 54 572
54 27 572
27 31 73
31 27 73
27 43 35
43 27 35
27 70 283
70 27 283
27 90 412
90 27 412
27 51 643
51 27 643
27 38 13
38 27 13
27 66 773
66 27 773
27 44 334
44 27 334
27 69 207
69 27 207
27 89 895
89 27 895
27 56 956
56 27 956
28 36 279
36 28 279
28 53 447
53 28 447
28 81 320
81 28 320
28 64 129
64 28 129
28 29 559
29 28 559
28 52 225
52 28 225
28 87 242
87 28 242
28 61 56
61 28 56
28 84 661
84 28 661
28 67 504
67 28 504
28 48 499
48 28 499
29 52 577
52 29 577
29 42 408
42 29 408
29 47 681
47 29 681
29 69 700
69 29 700
29 78 452
78 29 452
29 60 393
60 29 393
29 34 57
34 29 57
29 41 597
41 29 597
29 65 768
65 29 768
29 87 404
87 29 404
29 69 907
69 29 907
29 53 465
53 29 465
30 43 36
43 30 36
30 94 649
94 30 649
30 37 250
37 30 250
30 67 581
67 30 581
30 87 445
87 30 445
30 50 432
50 30 432
30 48 872
48 30 872
30 57 430
57 30 430
30 59 15
59 30 15
30 59 304
59 30 304
30 66 821
66 30 821
31 41 959
41 31 959
31 55 227
55 31 227
31 57 142
57 31 142
31 91 565
91 31 565
31 61 217
61 31 217
31 54 534
54 31 534
31 70 35
70 31 35
31 48 789
48 31 789
31 68 878
68 31 878
31 64 818
64 31 818
31 87 960
87 31 960
31 33 206
33 31 206
31 50 620
50 31 620
31 82 446
82 31 446
31 61 296
61 31 296
31 68 804
68 31 804
31 32 393
32 31 393
31 43 696
43 31 696
31 77 96
77 31 96
32 51 8
51 32 8
32 70 320
70 32 320
32 62 652
62 32 652
32 83 935
83 32 935
32 92 755
92 32 755
32 86 383
86 32 383
32 79 63
79 32 63
33 47 478
47 33 478
33 89 562
89 33 562
33 75 65
75 33 65
33 69 826
69 33 826
33 43 589
43 33 589
33 86 75
86 33 75
33 49 191
49 33 191
33 47 67
47 33 67
33 44 922
44 33 922
33 61 400
61 33 400
34 54 906
54 34 906
34 93 400
93 34 400
34 60 133
60 34 133
34 65 852
65 34 852
34 37 398
37 34 398
34 46 191
46 34 191
34 40 507
40 34 507
34 68 853
68 34 853
35 56 517
56 35 517
35 69 928
69 35 928
35 80 859
80 35 859
35 42 759
42 35 759
35 85 298
85 35 298
35 41 68
41 35 68
35 69 920
69 35 920
35 94 110
94 35 110
35 65 623
65 35 623
36 48 362
48 36 362
36 76 757
76 36 757
36 70 313
70 36 313
36 57 346
57 36 346
36 60 891
60 36 891
36 74 295
74 36 295
36 84 856
84 36 856
36 71 652
71 36 652
37 53 919
53 37 919
37 52 33
52 37 33
37 45 528
45 37 528
37 51 238
51 37 238
37 52 153
52 37 153
37 90 178
90 37 178
37 55 20
55 37 20
37 81 452
81 37 452
37 91 399
91 37 399
37 47 175
47 37 175
37 52 106
52 37 106
37 64 346
64 37 346
37 47 698
47 37 698
37 75 141
75 37 141
38 85 293
85 38 293
38 63 96
63 38 96
38 40 126
40 38 126
38 61 32
61 38 32
38 52 477
52 38 477
38 91 113
91 38 113
38 77 257
77 38 257
38 75 288
75 38 288
38 40 787
40 38 787
38 64 635
64 38 635
38 88 309
88 38 309
38 56 589
56 38 589
38 54 667
54 38 667
38 86 494
86 38 494
39 50 160
50 39 160
39 79 765
79 39 765
39 88 39
88 39 39
39 69 777
69 39 777
39 51 576
51 39 576
39 55 288
55 39 288
39 59 696
59 39 696
39 61 227
61 39 227
39 44 80
44 39 80
39 41 796
41 39 796
39 44 505
44 39 505
39 47 935
47 39 935
39 66 673
66 39 673
40 69 483
69 40 483
40 57 788
57 40 788
40 94 137
94 40 137
40 69 482
69 40 482
40 87 449
87 40 449
40 82 895
82 40 895
40 93 642
93 40 642
40 44 878
44 40 878
40 85 12
85 40 12
40 85 690
85 40 690
41 78 809
78 41 809
41 42 261
42 41 261
41 58 365
58 41 365
41 90 508
90 41 508
41 53 815
53 41 815
41 49 793
49 41 793
41 79 341
79 41 341
41 43 966
43 41 966
41 79 141
79 41 141
41 52 740
52 41 740
41 53 523
53 41 523
41 64 215
64 41 215
41 51 107
51 41 107
41 91 95
91 41 95
41 74 929
74 41 929
41 67 596
67 41 596
42 51 888
51 42 888
42 46 55
46 42 55
42 81 258
81 42 258
42 45 83
45 42 83
42 50 214
50 42 214
42 85 753
85 42 753
42 65 950
65 42 950
42 57 990
57 42 990
43 77 582
77 43 582
43 92 888
92 43 888
43 70 131
70 43 131
43 45 155
45 43 155
43 47 652
47 43 652
43 58 520
58 43 520
43 78 775
78 43 775
44 62 359
62 44 359
44 94 481
94 44 481
44 94 451
94 44 451
44 89 318
89 44 318
44 85 697
85 44 697
44 80 544
80 44 544
44 52 17
52 44 17
44 66 78
66 44 78
44 59 67
59 44 67
44 74 407
74 44 407
45 60 419
60 45 419
45 49 363
49 45 363
45 93 821
93 45 821
45 91 906
91 45 906
45 46 47
46 45 47
45 76 9
76 45 9
45 86 599
86 45 599
45 49 154
49 45 154
46 88 82
88 46 82
46 65 682
65 46 682
46 52 437
52 46 437
46 67 142
67 46 142
46 60 606
60 46 606
46 90 199
90 46 199
46 77 238
77 46 238
46 53 733
53 46 733
46 62 119
62 46 119
46 86 107
86 46 107
47 71 519
71 47 519
47 49 102
49 47 102
47 60 333
60 47 333
47 64 653
64 47 653
47 73 231
73 47 231
48 52 80
52 48 80
48 76 607
76 48 607
48 71 132
71 48 132
48 52 860
52 48 860
48 55 506
55 48 506
48 64 91
64 48 91
48 64 54
64 48 54
48 54 840
54 48 840
48 77 951
77 48 951
48 63 211
63 48 211
48 81 861
81 48 861
48 54 145
54 48 145
48 68 124
68 48 124
48 60 887
60 48 887
48 57 28
57 48 28
49 58 319
58 49 319
49 63 911
63 49 911
49 85 466
85 49 466
49 79 140
79 49 140
49 77 500
77 49 500
49 91 620
91 49 620
49 77 970
77 49 970
49 49 683
49 49 683
49 68 683
68 49 683
49 75 156
75 49 156
49 87 987
87 49 987
50 60 836
60 50 836
50 67 959
67 50 959
50 56 298
56 50 298
51 86 844
86 51 844
51 70 513
70 51 513
51 67 184
67 51 184
51 71 375
71 51 375
51 65 406
65 51 406
51 58 339
58 51 339
51 88 367
88 51 367
51 65 114
65 51 114
51 52 374
52 51 374
52 62 206
62 52 206
52 84 140
84 52 140
52 60 563
60 52 563
52 79 410
79 52 410
52 86 430
86 52 430
52 61 751
61 52 751
52 69 636
69 52 636
52 73 930
73 52 930
53 70 667
70 53 667
53 67 616
67 53 616
53 78 139
78 53 139
53 90 721
90 53 721
53 76 807
76 53 807
53 93 245
93 53 245
53 63 300
63 53 300
53 64 280
64 53 280
53 75 758
75 53 758
53 77 639
77 53 639
53 93 579
93 53 579
53 84 313
84 53 313
53 74 876
74 53 876
54 69 711
69 54 711
54 68 367
68 54 367
54 91 569
91 54 569
54 65 788
65 54 788
54 60 761
60 54 761
54 83 706
83 54 706
55 66 383
66 55 383
55 74 75
74 55 75
55 80 139
80 55 139
55 76 434
76 55 434
55 91 208
91 55 208
55 81 150
81 55 150
55 80 738
80 55 738
55 56 718
56 55 718
55 73 345
73 55 345
56 80 193
80 56 193
56 93 258
93 56 258
56 64 848
64 56 848
56 93 856
93 56 856
56 76 586
76 56 586
56 94 387
94 56 387
56 94 157
94 56 157
56 72 562
72 56 562
56 79 70
79 56 70
57 65 951
65 57 951
57 80 594
80 57 594
57 79 334
79 57 334
57 84 391
84 57 391
58 67 909
67 58 909
58 76 442
76 58 442
58 62 780
62 58 780
58 82 684
82 58 684
58 80 517
80 58 517
58 79 790
79 58 790
59 64 464
64 59 464
59 67 88
67 59 88
59 81 521
81 59 521
59 76 205
76 59 205
59 74 451
74 59 451
59 65 869
65 59 869
59 86 759
86 59 759
59 67 774
67 59 774
59 85 248
85 59 248
59 92 773
92 59 773
59 82 823
82 59 823
60 66 980
66 60 980
60 88 706
88 60 706
60 64 99
64 60 99
60 68 390
68 60 390
60 90 517
90 60 517
61 87 593
87 61 593
61 65 987
65 61 987
61 69 812
69 61 812
61 72 328
72 61 328
61 94 112
94 61 112
62 82 379
82 62 379
62 91 731
91 62 731
62 68 677
68 62 677
62 86 1000
86 62 1000
62 83 632
83 62 632
62 85 382
85 62 382
62 81 542
81 62 542
62 80 48
80 62 48
62 90 819
90 62 819
62 77 273
77 62 273
62 68 52
68 62 52
62 87 4
87 62 4
62 80 183
80 62 183
63 79 174
79 63 174
63 70 448
70 63 448
64 67 196
67 64 196
64 69 699
69 64 699
64 71 542
71 64 542
64 90 602
90 64 602
65 82 488
82 65 488
65 76 727
76 65 727
65 85 426
85 65 426
65 71 641
71 65 641
65 74 331
74 65 331
66 69 588
69 66 588
66 84 321
84 66 321
66 87 543
87 66 543
66 77 610
77 66 610
66 85 98
85 66 98
66 92 115
92 66 115
66 80 953
80 66 953
67 85 315
85 67 315
67 77 477
77 67 477
67 69 636
69 67 636
67 85 419
85 67 419
67 74 248
74 67 248
67 83 319
83 67 319
68 89 607
89 68 607
68 91 248
91 68 248
68 93 177
93 68 177
68 81 467
81 68 467
69 85 28
85 69 28
69 86 73
86 69 73
69 83 130
83 69 130
69 82 614
82 69 614
69 73 856
73 69 856
69 75 331
75 69 331
69 77 400
77 69 400
69 70 805
70 69 805
69 84 869
84 69 869
70 88 756
88 70 756
70 88 905
88 70 905
70 90 470
90 70 470
70 80 557
80 70 557
70 77 68
77 70 68
71 86 831
86 71 831
72 86 226
86 72 226
72 74 257
74 72 257
72 74 630
74 72 630
72 86 794
86 72 794
73 81 481
81 73 481
73 83 706
83 73 706
73 85 751
85 73 751
73 94 279
94 73 279
74 85 513
85 74 513
74 86 58
86 74 58
74 90 39
90 74 39
75 79 345
79 75 345
75 91 907
91 75 907
75 87 237
87 75 237
76 94 863
94 76 863
76 87 812
87 76 812
76 80 351
80 76 351
76 87 246
87 76 246
76 90 110
90 76 110
76 83 309
83 76 309
76 85 831
85 76 831
77 83 840
83 77 840
77 93 15
93 77 15
77 89 378
89 77 378
78 92 476
92 78 476
79 90 438
90 79 438
79 90 32
90 79 32
80 92 826
92 80 826
80 81 797
81 80 797
81 92 12
92 81 12
81 94 253
94 81 253
81 88 466
88 81 466
81 92 594
92 81 594
82 83 373
83 82 373
83 90 567
90 83 567
83 86 19
86 83 19
83 94 43
94 83 43
84 91 183
91 84 183
84 89 583
89 84 583
84 85 425
85 84 425
84 89 143
89 84 143
84 85 871
85 84 871
85 89 66
89 85 66
85 94 394
94 85 394
85 90 415
90 85 415
85 89 468
89 85 468
88 93 179
93 88 179
89 93 675
93 89 675
89 93 722
93 89 722
92 94 364
94 92 364
92 94 896
94 92 896
94 94 710
94 94 710
