81

0 1 211
1 0 211
0 4 225
4 0 225
0 8 566
8 0 566
0 75 208
75 0 208
0 32 478
32 0 478
0 17 537
17 0 537
0 60 911
60 0 911
0 50 62
50 0 62
0 4 356
4 0 356
0 48 886
48 0 886
0 32 881
32 0 881
0 16 495
16 0 495
0 76 777
76 0 777
0 49 779
49 0 779
0 58 945
58 0 945
0 37 978
37 0 978
0 72 452
72 0 452
0 43 404
43 0 404
0 12 382
12 0 382
0 24 352
24 0 352
0 40 977
40 0 977
0 61 699
61 0 699
0 80 756
80 0 756
0 26 333
26 0 333
1 2 334
2 1 334
1 3 2
3 1 2
1 7 336
7 1 336
1 13 261
13 1 261
1 28 752
28 1 752
1 77 668
77 1 668
1 77 255
77 1 255
1 59 375
59 1 375
1 59 102
59 1 102
1 22 667
22 1 667
1 34 169
34 1 169
1 56 951
56 1 951
1 3 439
3 1 439
1 43 271
43 1 271
1 2 521
2 1 521
1 11 955
11 1 955
1 8 974
8 1 974
1 33 422
33 1 422
1 54 472
54 1 472
2 10 455
10 2 455
2 61 597
61 2 597
2 45 786
45 2 786
2 35 141
35 2 141
2 71 678
71 2 678
2 80 835
80 2 835
2 77 112
77 2 112
2 5 219
5 2 219
2 79 95
79 2 95
2 67 980
67 2 980
2 58 810
58 2 810
2 23 490
23 2 490
2 64 327
64 2 327
2 46 963
46 2 963
2 68 743
68 2 743
2 74 667
74 2 667
2 9 706
9 2 706
2 36 138
36 2 138
2 75 474
75 2 474
2 46 330
46 2 330
2 53 846
53 2 846
3 38 975
38 3 975
3 45 204
45 3 204
3 48 680
48 3 680
3 35 675
35 3 675
3 74 369
74 3 369
3 5 917
5 3 917
3 52 720
52 3 720
3 20 886
20 3 886
3 59 912
59 3 912
3 9 204
9 3 204
3 76 308
76 3 308
3 12 817
12 3 817
3 70 590
70 3 590
3 59 211
59 3 211
3 70 536
70 3 536
3 16 366
16 3 366
3 79 423
79 3 423
3 26 905
26 3 905
3 33 584
33 3 584
3 8 181
8 3 181
3 43 298
43 3 298
3 11 599
11 3 599
3 58 596
58 3 596
3 43 431
43 3 431
3 62 696
62 3 696
3 48 794
48 3 794
4 5 176
5 4 176
4 11 978
11 4 978
4 17 12
17 4 12
4 6 176
6 4 176
4 14 479
14 4 479
4 43 219
43 4 219
4 35 970
35 4 970
4 28 242
28 4 242
4 25 9
25 4 9
4 12 181
12 4 181
4 67 711
67 4 711
4 78 750
78 4 750
4 12 394
12 4 394
4 26 510
26 4 510
4 39 897
39 4 897
4 36 15
36 4 15
4 46 839
46 4 839
4 4 195
4 4 195
4 6 721
6 4 721
5 6 603
6 5 603
5 12 87
12 5 87
5 42 418
42 5 418
5 62 772
62 5 772
5 53 891
53 5 891
5 48 931
48 5 931
5 55 485
55 5 485
5 48 968
48 5 968
5 19 147
19 5 147
5 24 213
24 5 213
5 31 194
31 5 194
5 8 732
8 5 732
5 37 93
37 5 93
5 69 395
69 5 395
5 24 698
24 5 698
5 68 84
68 5 84
5 66 528
66 5 528
5 34 577
34 5 577
6 9 433
9 6 433
6 34 394
34 6 394
6 37 209
37 6 209
6 54 214
54 6 214
6 69 777
69 6 777
6 67 885
67 6 885
6 20 195
20 6 195
6 18 196
18 6 196
6 22 776
22 6 776
6 38 319
38 6 319
6 72 280
72 6 280
6 22 381
22 6 381
6 27 70
27 6 70
6 13 164
13 6 164
6 26 47
26 6 47
6 27 901
27 6 901
6 64 265
64 6 265
6 31 614
31 6 614
6 47 74
47 6 74
6 54 777
54 6 777
6 21 197
21 6 197
6 23 603
23 6 603
6 50 246
50 6 246
6 78 242
78 6 242
7 28 706
28 7 706
7 33 438
33 7 438
7 72 724
72 7 724
7 29 336
29 7 336
7 11 580
11 7 580
7 45 871
45 7 871
7 58 453
58 7 453
7 56 469
56 7 469
7 52 708
52 7 708
7 35 328
35 7 328
7 24 612
24 7 612
7 59 960
59 7 960
7 19 703
19 7 703
7 57 56
57 7 56
7 73 384
73 7 384
8 32 1000
32 8 1000
8 71 78
71 8 78
8 15 376
15 8 376
8 11 407
11 8 407
8 76 948
76 8 948
8 35 887
35 8 887
8 59 39
59 8 39
8 35 99
35 8 99
8 78 31
78 8 31
8 48 320
48 8 320
8 79 957
79 8 957
8 69 553
69 8 553
8 67 844
67 8 844
8 23 893
23 8 893
8 55 528
55 8 528
8 61 800
61 8 800
8 40 39
40 8 39
8 40 450
40 8 450
8 66 244
66 8 244
9 14 659
14 9 659
9 15 37
15 9 37
9 21 570
21 9 570
9 25 899
25 9 899
9 37 597
37 9 597
9 39 353
39 9 353
9 64 52
64 9 52
9 15 487
15 9 487
9 52 761
52 9 761
9 69 769
69 9 769
9 23 915
23 9 915
9 66 507
66 9 507
9 41 724
41 9 724
9 16 471
16 9 471
9 57 796
57 9 796
9 63 555
63 9 555
9 38 840
38 9 840
9 17 395
17 9 395
9 48 538
48 9 538
9 47 863
47 9 863
10 19 696
19 10 696
10 23 304
23 10 304
10 36 240
36 10 240
10 51 440
51 10 440
10 61 93
61 10 93
10 40 193
40 10 193
10 16 912
16 10 912
10 65 192
65 10 192
10 50 443
50 10 443
10 60 746
60 10 746
10 44 455
44 10 455
10 64 200
64 10 200
10 17 633
17 10 633
10 76 939
76 10 939
10 31 592
31 10 592
10 76 416
76 10 416
10 80 429
80 10 429
10 30 851
30 10 851
10 61 951
61 10 951
10 43 217
43 10 217
10 52 243
52 10 243
10 30 771
30 10 771
10 16 275
16 10 275
11 42 832
42 11 832
11 45 23
45 11 23
11 58 428
58 11 428
11 49 554
49 11 554
11 33 889
33 11 889
11 76 572
76 11 572
11 45 610
45 11 610
11 29 67
29 11 67
11 45 661
45 11 661
11 50 784
50 11 784
11 75 437
75 11 437
11 14 507
14 11 507
11 37 49
37 11 49
11 60 903
60 11 903
11 59 267
59 11 267
11 59 808
59 11 808
12 55 348
55 12 348
12 78 170
78 12 170
12 71 204
71 12 204
12 70 450
70 12 450
12 20 618
20 12 618
12 71 685
71 12 685
12 25 430
25 12 430
12 71 669
71 12 669
12 37 264
37 12 264
12 15 548
15 12 548
12 37 939
37 12 939
12 60 597
60 12 597
12 62 332
62 12 332
12 45 254
45 12 254
12 21 492
21 12 492
12 25 975
25 12 975
12 13 904
13 12 904
13 16 469
16 13 469
13 62 659
62 13 659
13 35 671
35 13 671
13 50 688
50 13 688
13 46 458
46 13 458
13 65 427
65 13 427
13 59 95
59 13 95
13 77 433
77 13 433
13 32 304
32 13 304
13 59 441
59 13 441
13 70 734
70 13 734
13 18 635
18 13 635
13 75 275
75 13 275
13 45 482
45 13 482
13 59 878
59 13 878
14 26 591
26 14 591
14 30 879
30 14 879
14 42 267
42 14 267
14 75 508
75 14 508
14 79 56
79 14 56
14 49 269
49 14 269
14 46 587
46 14 587
14 71 58
71 14 58
14 74 644
74 14 644
14 54 501
54 14 501
14 80 118
80 14 118
14 79 437
79 14 437
14 65 677
65 14 677
14 25 394
25 14 394
14 45 126
45 14 126
14 17 230
17 14 230
14 58 654
58 14 654
14 58 156
58 14 156
14 43 509
43 14 509
14 31 386
31 14 386
14 72 91
72 14 91
14 73 148
73 14 148
15 20 1
20 15 1
15 64 981
64 15 981
15 69 887
69 15 887
15 56 828
56 15 828
15 80 189
80 15 189
15 76 372
76 15 372
15 61 383
61 15 383
15 60 244
60 15 244
15 19 583
19 15 583
15 78 731
78 15 731
15 53 527
53 15 527
15 59 614
59 15 614
15 27 714
27 15 714
15 72 318
72 15 318
15 59 499
59 15 499
15 46 250
46 15 250
15 44 246
44 15 246
16 58 672
58 16 672
16 61 676
61 16 676
16 46 549
46 16 549
16 22 7
22 16 7
16 46 588
46 16 588
16 65 432
65 16 432
16 40 150
40 16 150
16 45 171
45 16 171
16 68 133
68 16 133
16 52 281
52 16 281
16 80 582
80 16 582
16 67 222
67 16 222
17 18 513
18 17 513
17 31 523
31 17 523
17 49 971
49 17 971
17 73 13
73 17 13
17 30 610
30 17 610
17 79 559
79 17 559
17 55 485
55 17 485
17 51 991
51 17 991
17 30 628
30 17 628
17 41 901
41 17 901
17 24 883
24 17 883
17 68 672
68 17 672
17 29 136
29 17 136
17 56 738
56 17 738
17 63 815
63 17 815
17 18 82
18 17 82
17 40 671
40 17 671
17 51 940
51 17 940
17 72 310
72 17 310
17 61 34
61 17 34
17 31 433
31 17 433
18 41 474
41 18 474
18 65 35
65 18 35
18 59 108
59 18 108
18 42 388
42 18 388
18 56 834
56 18 834
18 64 337
64 18 337
18 25 323
25 18 323
18 26 931
26 18 931
18 27 424
27 18 424
18 28 829
28 18 829
18 69 814
69 18 814
18 57 399
57 18 399
18 80 718
80 18 718
18 52 613
52 18 613
18 20 528
20 18 528
19 22 166
22 19 166
19 27 819
27 19 819
19 57 657
57 19 657
19 38 442
38 19 442
19 66 517
66 19 517
19 34 996
34 19 996
19 51 416
51 19 416
19 53 309
53 19 309
19 54 624
54 19 624
19 31 418
31 19 418
19 46 848
46 19 848
19 20 22
20 19 22
19 33 993
33 19 993
19 59 11
59 19 11
19 52 766
52 19 766
19 57 37
57 19 37
19 32 789
32 19 789
19 26 894
26 19 894
19 24 798
24 19 798
19 65 938
65 19 938
19 66 766
66 19 766
20 43 392
43 20 392
20 44 906
44 20 906
20 67 392
67 20 392
20 20 970
20 20 970
20 38 906
38 20 906
20 39 771
39 20 771
20 23 883
23 20 883
20 41 804
41 20 804
20 62 342
62 20 342
20 60 436
60 20 436
20 20 683
20 20 683
21 22 345
22 21 345
21 73 546
73 21 546
21 42 162
42 21 162
21 36 492
36 21 492
21 43 532
43 21 532
21 73 404
73 21 404
21 50 222
50 21 222
21 62 910
62 21 910
21 47 837
47 21 837
21 35 853
35 21 853
21 33 640
33 21 640
21 22 221
22 21 221
21 56 582
56 21 582
22 40 125
40 22 125
22 35 918
35 22 918
22 71 879
71 22 879
22 73 358
73 22 358
22 71 902
71 22 902
22 64 52
64 22 52
22 69 264
69 22 264
22 80 209
80 22 209
22 63 901
63 22 901
22 29 827
29 22 827
22 31 985
31 22 985
22 35 406
35 22 406
22 26 534
26 22 534
23 24 460
24 23 460
23 59 174
59 23 174
23 50 900
50 23 900
23 23 57
23 23 57
23 37 285
37 23 285
23 62 930
62 23 930
23 70 525
70 23 525
23 49 156
49 23 156
23 72 123
72 23 123
23 46 423
46 23 423
23 63 727
63 23 727
23 23 102
23 23 102
24 33 490
33 24 490
24 73 803
73 24 803
24 66 372
66 24 372
24 67 263
67 24 263
24 26 456
26 24 456
24 64 53
64 24 53
24 37 816
37 24 816
24 27 833
27 24 833
24 59 41
59 24 41
24 77 304
77 24 304
24 56 51
56 24 51
24 35 166
35 24 166
24 64 764
64 24 764
24 72 305
72 24 305
25 29 823
29 25 823
25 33 564
33 25 564
25 46 705
46 25 705
25 32 344
32 25 344
25 29 533
29 25 533
25 30 74
30 25 74
25 71 9
71 25 9
25 72 325
72 25 325
25 49 286
49 25 286
25 29 959
29 25 959
25 46 810
46 25 810
25 55 952
55 25 952
25 63 185
63 25 185
25 46 946
46 25 946
25 76 896
76 25 896
26 32 569
32 26 569
26 31 271
31 26 271
26 32 7
32 26 7
26 40 111
40 26 111
26 68 412
68 26 412
26 63 191
63 26 191
26 65 856
65 26 856
26 38 607
38 26 607
26 65 948
65 26 948
26 79 799
79 26 799
26 79 539
79 26 539
26 69 643
69 26 643
26 48 44
48 26 44
27 44 848
44 27 848
27 60 928
60 27 928
27 44 259
44 27 259
27 54 210
54 27 210
27 71 837
71 27 837
27 70 702
70 27 702
27 61 717
61 27 717
27 66 760
66 27 760
27 30 515
30 27 515
27 78 95
78 27 95
28 72 98
72 28 98
28 80 597
80 28 597
28 63 747
63 28 747
28 69 95
69 28 95
28 33 284
33 28 284
28 73 422
73 28 422
28 58 147
58 28 147
28 51 148
51 28 148
28 48 664
48 28 664
28 76 397
76 28 397
28 42 17
42 28 17
28 41 367
41 28 367
28 57 311
57 28 311
28 61 922
61 28 922
28 77 315
77 28 315
28 41 888
41 28 888
28 61 174
61 28 174
28 42 286
42 28 286
28 36 870
36 28 870
28 42 567
42 28 567
28 62 835
62 28 835
29 37 525
37 29 525
29 55 215
55 29 215
29 70 773
70 29 773
29 35 782
35 29 782
29 69 899
69 29 899
29 35 191
35 29 191
29 50 140
50 29 140
29 45 584
45 29 584
29 53 538
53 29 538
29 55 604
55 29 604
29 77 235
77 29 235
29 76 423
76 29 423
29 75 34
75 29 34
29 78 359
78 29 359
29 40 257
40 29 257
29 67 814
67 29 814
30 31 861
31 30 861
30 74 226
74 30 226
30 60 831
60 30 831
30 55 445
55 30 445
30 73 719
73 30 719
30 58 834
58 30 834
30 67 447
67 30 447
30 60 97
60 30 97
30 50 679
50 30 679
30 77 969
77 30 969
30 61 250
61 30 250
30 54 35
54 30 35
31 35 390
35 31 390
31 64 630
64 31 630
31 67 371
67 31 371
31 73 220
73 31 220
31 53 495
53 31 495
31 65 748
65 31 748
31 36 231
36 31 231
31 66 753
66 31 753
31 33 838
33 31 838
31 54 577
54 31 577
31 71 557
71 31 557
31 73 353
73 31 353
31 70 100
70 31 100
31 69 995
69 31 995
31 46 348
46 31 348
31 64 495
64 31 495
32 77 184
77 32 184
32 36 245
36 32 245
32 32 614
32 32 614
32 69 87
69 32 87
32 47 306
47 32 306
32 76 114
76 32 114
32 50 663
50 32 663
32 76 470
76 32 470
32 58 166
58 32 166
32 50 493
50 32 493
32 34 954
34 32 954
32 68 190
68 32 190
32 62 843
62 32 843
32 74 645
74 32 645
32 79 609
79 32 609
32 46 454
46 32 454
32 73 144
73 32 144
33 34 864
34 33 864
33 66 450
66 33 450
33 73 804
73 33 804
33 53 631
53 33 631
33 51 53
51 33 53
33 58 868
58 33 868
33 62 255
62 33 255
33 42 154
42 33 154
33 67 272
67 33 272
33 66 775
66 33 775
33 52 825
52 33 825
33 36 295
36 33 295
33 51 484
51 33 484
33 72 501
72 33 501
33 72 32
72 33 32
33 53 177
53 33 177
33 62 543
62 33 543
34 39 79
39 34 79
34 48 986
48 34 986
34 78 232
78 34 232
34 80 886
80 34 886
34 76 119
76 34 119
34 64 939
64 34 939
34 59 384
59 34 384
34 42 491
42 34 491
35 56 586
56 35 586
35 68 301
68 35 301
35 73 869
73 35 869
35 42 207
42 35 207
35 68 735
68 35 735
35 56 351
56 35 351
35 66 690
66 35 690
35 39 578
39 35 578
35 46 990
46 35 990
35 80 60
80 35 60
35 67 447
67 35 447
36 52 445
52 36 445
36 48 570
48 36 570
36 72 983
72 36 983
36 36 867
36 36 867
36 72 78
72 36 78
36 45 760
45 36 760
36 59 827
59 36 827
36 51 681
51 36 681
36 72 434
72 36 434
37 47 85
47 37 85
37 41 45
41 37 45
37 52 298
52 37 298
37 60 364
60 37 364
37 46 108
46 37 108
37 75 381
75 37 381
37 60 575
60 37 575
37 72 347
72 37 347
37 73 269
73 37 269
37 59 224
59 37 224
38 55 303
55 38 303
38 79 286
79 38 286
38 76 32
76 38 32
38 76 684
76 38 684
38 65 126
65 38 126
38 53 215
53 38 215
38 75 582
75 38 582
38 41 803
41 38 803
38 45 80
45 38 80
38 59 753
59 38 753
38 47 674
47 38 674
38 45 19
45 38 19
39 53 952
53 39 952
39 43 689
43 39 689
39 54 598
54 39 598
39 53 97
53 39 97
39 54 765
54 39 765
39 75 449
75 39 449
40 70 352
70 40 352
40 55 444
55 40 444
40 47 862
47 40 862
40 58 57
58 40 57
40 68 370
68 40 370
40 75 219
75 40 219
40 68 199
68 40 199
40 57 484
57 40 484
41 77 635
77 41 635
41 61 34
61 41 34
41 79 477
79 41 477
41 43 165
43 41 165
41 57 957
57 41 957
41 69 72
69 41 72
41 76 695
76 41 695
41 52 557
52 41 557
41 42 420
42 41 420
41 55 86
55 41 86
41 66 785
66 41 785
41 76 253
76 41 253
42 54 935
54 42 935
42 48 795
48 42 795
42 55 629
55 42 629
42 78 523
78 42 523
42 45 216
45 42 216
42 70 27
70 42 27
42 52 483
52 42 483
42 55 46
55 42 46
42 54 804
54 42 804
43 50 428
50 43 428
43 80 355
80 43 355
43 65 29
65 43 29
43 43 758
43 43 758
43 67 164
67 43 164
43 49 728
49 43 728
43 65 260
65 43 260
43 53 850
53 43 850
43 45 155
45 43 155
43 46 672
46 43 672
43 72 298
72 43 298
44 49 398
49 44 398
44 53 764
53 44 764
44 76 222
76 44 222
44 61 510
61 44 510
45 70 329
70 45 329
45 67 993
67 45 993
45 61 662
61 45 662
45 68 373
68 45 373
45 64 130
64 45 130
45 50 145
50 45 145
45 75 487
75 45 487
45 51 706
51 45 706
45 60 905
60 45 905
46 51 73
51 46 73
46 65 702
65 46 702
46 49 913
49 46 913
46 68 183
68 46 183
46 62 885
62 46 885
47 52 88
52 47 88
47 48 603
48 47 603
47 74 178
74 47 178
47 53 266
53 47 266
47 74 910
74 47 910
47 53 506
53 47 506
47 76 136
76 47 136
47 62 995
62 47 995
47 56 538
56 47 538
47 76 305
76 47 305
47 75 832
75 47 832
47 51 623
51 47 623
47 78 248
78 47 248
48 67 107
67 48 107
48 50 804
50 48 804
48 53 5
53 48 5
48 48 412
48 48 412
48 61 898
61 48 898
48 55 162
55 48 162
48 71 823
71 48 823
48 49 316
49 48 316
48 63 667
63 48 667
48 69 236
69 48 236
49 67 955
67 49 955
49 72 451
72 49 451
49 75 901
75 49 901
49 56 294
56 49 294
49 74 580
74 49 580
49 70 185
70 49 185
49 52 123
52 49 123
49 60 739
60 49 739
50 76 322
76 50 322
50 72 988
72 50 988
50 51 432
51 50 432
50 64 645
64 50 645
50 79 682
79 50 682
50 72 675
72 50 675
50 50 507
50 50 507
51 61 522
61 51 522
51 65 605
65 51 605
51 56 881
56 51 881
51 69 762
69 51 762
51 79 419
79 51 419
51 52 42
52 51 42
51 76 610
76 51 610
52 74 841
74 52 841
52 73 758
73 52 758
52 58 67
58 52 67
52 71 516
71 52 516
52 53 914
53 52 914
53 77 652
77 53 652
53 80 167
80 53 167
53 68 460
68 53 460
53 62 225
62 53 225
53 69 781
69 53 781
53 64 458
64 53 458
53 61 741
61 53 741
53 67 426
67 53 426
53 72 474
72 53 474
53 53 562
53 53 562
53 66 167
66 53 167
53 62 642
62 53 642
54 63 223
63 54 223
54 66 281
66 54 281
54 72 137
72 54 137
54 62 297
62 54 297
54 74 877
74 54 877
54 63 282
63 54 282
54 69 130
69 54 130
54 59 886
59 54 886
54 61 342
61 54 342
54 66 951
66 54 951
54 71 423
71 54 423
55 66 356
66 55 356
55 76 9
76 55 9
55 67 994
67 55 994
55 78 118
78 55 118
55 61 372
61 55 372
55 68 871
68 55 871
55 72 526
72 55 526
55 55 938
55 55 938
55 67 701
67 55 701
56 65 520
65 56 520
56 78 898
78 56 898
56 73 564
73 56 564
56 57 365
57 56 365
57 59 555
59 57 555
57 69 648
69 57 648
57 79 357
79 57 357
57 76 424
76 57 424
57 58 535
58 57 535
57 75 743
75 57 743
57 74 476
74 57 476
57 73 203
73 57 203
58 75 420
75 58 420
58 69 10
69 58 10
58 65 564
65 58 564
58 65 304
65 58 304
58 62 473
62 58 473
58 59 774
59 58 774
58 62 754
62 58 754
59 64 510
64 59 510
59 68 43
68 59 43
59 77 133
77 59 133
59 62 989
62 59 989
59 74 546
74 59 546
59 62 619
62 59 619
59 78 81
78 59 81
59 60 850
60 59 850
60 63 463
63 60 463
60 72 456
72 60 456
60 71 120
71 60 120
60 74 671
74 60 671
60 64 145
64 60 145
61 65 957
65 61 957
61 71 824
71 61 824
61 79 832
79 61 832
61 63 562
63 61 562
61 67 575
67 61 575
62 80 530
80 62 530
62 65 30
65 62 30
62 76 71
76 62 71
62 69 954
69 62 954
62 66 396
66 62 396
62 80 215
80 62 215
63 78 246
78 63 246
63 80 230
80 63 230
63 68 267
68 63 267
63 80 331
80 63 331
63 67 651
67 63 651
63 66 686
66 63 686
63 78 941
78 63 941
63 69 787
69 63 787
64 74 735
74 64 735
64 68 2
68 64 2
65 67 415
67 65 415
65 80 481
80 65 481
65 68 863
68 65 863
65 66 420
66 65 420
66 78 219
78 66 219
67 76 818
76 67 818
68 73 361
73 68 361
68 78 144
78 68 144
68 74 165
74 68 165
69 70 587
70 69 587
70 74 228
74 70 228
70 78 867
78 70 867
72 75 865
75 72 865
72 80 900
80 72 900
73 78 1
78 73 1
73 74 746
74 73 746
74 78 522
78 74 522
75 77 493
77 75 493
78 80 200
80 78 200
79 80 846
80 79 846
