27

0 1 220
1 0 220
0 9 444
9 0 444
0 14 474
14 0 474
0 23 428
23 0 428
0 2 551
2 0 551
0 12 943
12 0 943
0 25 814
25 0 814
0 22 513
22 0 513
0 13 433
13 0 433
0 6 148
6 0 148
0 17 770
17 0 770
0 23 770
23 0 770
1 2 395
2 1 395
1 3 935
3 1 935
1 5 714
5 1 714
1 18 214
18 1 214
1 13 176
13 1 176
1 5 777
5 1 777
1 21 994
21 1 994
1 19 340
19 1 340
1 16 918
16 1 918
1 9 966
9 1 966
2 4 235
4 2 235
2 6 735
6 2 735
2 25 706
25 2 706
2 14 777
14 2 777
2 7 309
7 2 309
2 22 608
22 2 608
3 8 922
8 3 922
3 13 601
13 3 601
3 21 391
21 3 391
3 5 54
5 3 54
3 19 376
19 3 376
3 18 745
18 3 745
3 20 580
20 3 580
3 25 969
25 3 969
3 25 129
25 3 129
3 8 470
8 3 470
3 17 732
17 3 732
4 12 609
12 4 609
4 19 264
19 4 264
4 10 129
10 4 129
4 13 758
13 4 758
4 18 853
18 4 853
5 7 900
7 5 900
5 10 195
10 5 195
5 17 295
17 5 295
5 11 709
11 5 709
5 21 77
21 5 77
5 26 840
26 5 840
5 25 209
25 5 209
5 18 818
18 5 818
5 12 778
12 5 778
5 6 473
6 5 473
6 11 101
11 6 101
6 20 155
20 6 155
6 24 60
24 6 60
6 22 589
22 6 589
6 19 611
19 6 611
6 24 577
24 6 577
6 9 896
9 6 896
6 20 502
20 6 502
6 21 564
21 6 564
7 14 999
14 7 999
7 21 481
21 7 481
7 15 984
15 7 984
7 22 687
22 7 687
7 12 270
12 7 270
7 11 677
11 7 677
8 9 830
9 8 830
8 22 655
22 8 655
8 15 148
15 8 148
8 11 156
11 8 156
8 16 317
16 8 317
8 11 807
11 8 807
8 25 90
25 8 90
9 20 726
20 9 726
9 12 509
12 9 509
9 17 270
17 9 270
9 13 538
13 9 538
10 26 403
26 10 403
10 13 264
13 10 264
10 21 528
21 10 528
10 16 931
16 10 931
10 25 348
25 10 348
11 24 622
24 11 622
11 19 145
19 11 145
11 18 966
18 11 966
11 15 474
15 11 474
11 17 816
17 11 816
12 15 292
15 12 292
12 26 207
26 12 207
12 18 123
18 12 123
12 24 864
24 12 864
12 26 865
26 12 865
12 25 657
25 12 657
12 17 156
17 12 156
12 16 930
16 12 930
12 19 359
19 12 359
13 14 689
14 13 689
13 22 190
22 13 190
14 15 472
15 14 472
14 16 493
16 14 493
14 15 435
15 14 435
14 14 373
14 14 373
14 24 734
24 14 734
14 14 166
14 14 166
15 21 1
21 15 1
15 24 298
24 15 298
15 23 592
23 15 592
16 20 947
20 16 947
16 24 660
24 16 660
16 26 652
26 16 652
16 19 2
19 16 2
17 22 158
22 17 158
17 24 557
24 17 557
17 22 717
22 17 717
17 18 436
18 17 436
17 26 906
26 17 906
18 25 683
25 18 683
18 26 667
26 18 667
18 21 554
21 18 554
18 25 555
25 18 555
18 21 403
21 18 403
18 25 968
25 18 968
19 20 103
20 19 103
19 24 264
24 19 264
19 22 282
22 19 282
19 23 45
23 19 45
19 22 413
22 19 413
20 24 658
24 20 658
21 22 290
22 21 290
21 22 946
22 21 946
23 24 580
24 23 580
24 25 732
25 24 732
