17

0 1 923
1 0 923
0 2 286
2 0 286
0 8 674
8 0 674
0 14 282
14 0 282
0 15 323
15 0 323
0 0 41
0 0 41
0 4 960
4 0 960
0 9 675
9 0 675
0 16 794
16 0 794
1 9 20
9 1 20
1 9 198
9 1 198
1 8 829
8 1 829
1 3 113
3 1 113
1 12 507
12 1 507
1 9 903
9 1 903
1 3 270
3 1 270
1 9 586
9 1 586
1 6 270
6 1 270
1 14 56
14 1 56
1 14 808
14 1 808
2 3 324
3 2 324
2 10 82
10 2 82
2 11 1000
11 2 1000
2 10 292
10 2 292
2 14 693
14 2 693
2 10 200
10 2 200
2 16 404
16 2 404
2 15 626
15 2 626
2 16 585
16 2 585
2 2 482
2 2 482
2 5 541
5 2 541
2 12 686
12 2 686
2 9 649
9 2 649
2 3 540
3 2 540
2 3 317
3 2 317
2 6 917
6 2 917
2 6 982
6 2 982
3 4 926
4 3 926
3 7 688
7 3 688
3 11 626
11 3 626
3 5 370
5 3 370
3 6 287
6 3 287
3 7 657
7 3 657
4 5 624
5 4 624
4 12 948
12 4 948
4 9 779
9 4 779
4 10 761
10 4 761
4 8 293
8 4 293
4 12 246
12 4 246
4 9 681
9 4 681
4 16 376
16 4 376
4 8 513
8 4 513
4 8 648
8 4 648
5 6 744
6 5 744
5 9 797
9 5 797
5 16 791
16 5 791
5 15 191
15 5 191
5 7 63
7 5 63
6 13 123
13 6 123
6 8 402
8 6 402
6 14 543
14 6 543
6 12 934
12 6 934
6 11 625
11 6 625
6 7 986
7 6 986
6 8 487
8 6 487
6 6 772
6 6 772
6 9 561
9 6 561
7 16 881
16 7 881
7 12 748
12 7 748
7 11 520
11 7 520
7 16 332
16 7 332
7 11 643
11 7 643
8 16 938
16 8 938
8 15 409
15 8 409
8 11 68
11 8 68
8 14 513
14 8 513
8 13 496
13 8 496
8 16 970
16 8 970
8 9 62
9 8 62
8 15 999
15 8 999
9 13 255
13 9 255
9 15 90
15 9 90
9 11 752
11 9 752
10 16 559
16 10 559
10 14 502
14 10 502
10 15 904
15 10 904
10 12 781
12 10 781
11 13 810
13 11 810
11 15 789
15 11 789
11 15 763
15 11 763
11 16 404
16 11 404
11 12 201
12 11 201
12 15 900
15 12 900
12 14 239
14 12 239
13 16 10
16 13 10
13 15 623
15 13 623
13 15 250
15 13 250
14 16 853
16 14 853
