59

0 1 831
1 0 831
0 2 321
2 0 321
0 3 655
3 0 655
0 4 416
4 0 416
0 13 862
13 0 862
0 57 586
57 0 586
0 55 986
55 0 986
0 53 547
53 0 547
0 29 929
29 0 929
0 53 456
53 0 456
0 9 999
9 0 999
0 9 314
9 0 314
0 55 878
55 0 878
0 49 403
49 0 403
0 11 644
11 0 644
0 50 443
50 0 443
1 8 823
8 1 823
1 55 547
55 1 547
1 21 882
21 1 882
1 1 699
1 1 699
1 47 238
47 1 238
1 32 778
32 1 778
1 13 27
13 1 27
1 20 817
20 1 817
1 17 390
17 1 390
1 57 230
57 1 230
1 7 866
7 1 866
1 39 930
39 1 930
1 23 804
23 1 804
2 11 264
11 2 264
2 10 73
10 2 73
2 5 546
5 2 546
2 36 186
36 2 186
2 9 221
9 2 221
2 53 55
53 2 55
2 11 802
11 2 802
2 35 828
35 2 828
2 55 578
55 2 578
2 22 76
22 2 76
2 29 242
29 2 242
2 36 744
36 2 744
2 42 219
42 2 219
2 41 878
41 2 878
3 18 422
18 3 422
3 27 518
27 3 518
3 43 819
43 3 819
3 7 341
7 3 341
3 16 29
16 3 29
3 43 601
43 3 601
3 27 555
27 3 555
3 34 517
34 3 517
3 27 723
27 3 723
3 44 886
44 3 886
4 5 464
5 4 464
4 6 635
6 4 635
4 7 777
7 4 777
4 17 323
17 4 323
4 20 867
20 4 867
4 55 799
55 4 799
4 19 364
19 4 364
4 37 485
37 4 485
4 6 352
6 4 352
4 17 483
17 4 483
4 8 975
8 4 975
4 46 889
46 4 889
4 13 811
13 4 811
5 9 158
9 5 158
5 10 681
10 5 681
5 16 728
16 5 728
5 19 463
19 5 463
5 29 631
29 5 631
5 55 440
55 5 440
5 42 520
42 5 520
5 44 829
44 5 829
5 48 937
48 5 937
5 32 9
32 5 9
5 7 101
7 5 101
5 39 231
39 5 231
5 20 114
20 5 114
5 16 750
16 5 750
5 51 482
51 5 482
5 5 239
5 5 239
5 58 638
58 5 638
5 6 102
6 5 102
5 8 362
8 5 362
6 41 633
41 6 633
6 6 230
6 6 230
6 54 729
54 6 729
6 29 258
29 6 258
6 18 532
18 6 532
6 50 149
50 6 149
6 20 126
20 6 126
7 11 767
11 7 767
7 12 490
12 7 490
7 25 727
25 7 727
7 49 238
49 7 238
7 51 216
51 7 216
7 49 573
49 7 573
7 32 653
32 7 653
7 56 619
56 7 619
7 32 263
32 7 263
7 12 187
12 7 187
7 48 5
48 7 5
8 26 934
26 8 934
8 43 237
43 8 237
8 36 493
36 8 493
8 40 473
40 8 473
8 12 60
12 8 60
8 13 928
13 8 928
8 52 902
52 8 902
8 32 637
32 8 637
8 37 779
37 8 779
8 19 229
19 8 229
8 49 102
49 8 102
9 51 343
51 9 343
9 19 264
19 9 264
9 34 391
34 9 391
9 51 973
51 9 973
9 19 383
19 9 383
10 15 612
15 10 612
10 24 544
24 10 544
10 44 520
44 10 520
10 48 767
48 10 767
10 38 227
38 10 227
10 24 972
24 10 972
11 46 99
46 11 99
11 54 383
54 11 383
11 18 491
18 11 491
11 47 851
47 11 851
11 53 610
53 11 610
11 14 617
14 11 617
11 55 153
55 11 153
11 43 735
43 11 735
11 41 592
41 11 592
12 14 391
14 12 391
12 34 188
34 12 188
12 38 542
38 12 542
12 13 184
13 12 184
12 58 209
58 12 209
12 52 846
52 12 846
12 41 258
41 12 258
12 14 563
14 12 563
12 55 322
55 12 322
12 19 253
19 12 253
12 38 997
38 12 997
13 40 704
40 13 704
13 55 732
55 13 732
13 31 994
31 13 994
13 43 956
43 13 956
14 43 946
43 14 946
14 53 66
53 14 66
14 15 566
15 14 566
14 31 449
31 14 449
14 37 918
37 14 918
14 35 267
35 14 267
14 57 187
57 14 187
14 15 169
15 14 169
15 22 454
22 15 454
15 42 349
42 15 349
15 45 812
45 15 812
15 28 290
28 15 290
15 22 295
22 15 295
15 35 184
35 15 184
16 23 214
23 16 214
16 42 583
42 16 583
16 26 265
26 16 265
16 54 764
54 16 764
16 22 966
22 16 966
16 23 544
23 16 544
16 47 203
47 16 203
16 16 327
16 16 327
16 19 986
19 16 986
16 48 463
48 16 463
17 32 839
32 17 839
17 18 306
18 17 306
17 39 518
39 17 518
17 35 745
35 17 745
17 41 146
41 17 146
17 40 343
40 17 343
17 57 301
57 17 301
17 34 5
34 17 5
18 21 97
21 18 97
18 38 633
38 18 633
18 50 140
50 18 140
18 41 232
41 18 232
18 46 745
46 18 745
18 28 322
28 18 322
19 27 574
27 19 574
19 37 686
37 19 686
19 45 268
45 19 268
19 51 570
51 19 570
19 42 205
42 19 205
19 41 176
41 19 176
19 33 106
33 19 106
19 22 568
22 19 568
19 35 310
35 19 310
19 26 94
26 19 94
19 54 333
54 19 333
20 37 475
37 20 475
20 53 214
53 20 214
20 31 333
31 20 333
20 35 645
35 20 645
20 47 632
47 20 632
20 24 789
24 20 789
21 55 378
55 21 378
21 40 202
40 21 202
21 47 549
47 21 549
21 44 669
44 21 669
21 57 635
57 21 635
21 27 25
27 21 25
22 54 938
54 22 938
22 46 466
46 22 466
22 46 575
46 22 575
22 34 822
34 22 822
22 24 288
24 22 288
23 33 553
33 23 553
23 30 6
30 23 6
23 27 376
27 23 376
23 25 89
25 23 89
24 49 485
49 24 485
25 42 872
42 25 872
25 34 57
34 25 57
25 53 795
53 25 795
25 58 91
58 25 91
25 37 170
37 25 170
26 28 488
28 26 488
26 39 21
39 26 21
26 56 676
56 26 676
26 54 722
54 26 722
26 50 845
50 26 845
26 52 304
52 26 304
27 27 236
27 27 236
27 53 26
53 27 26
27 56 318
56 27 318
27 56 70
56 27 70
27 37 659
37 27 659
27 55 461
55 27 461
28 30 833
30 28 833
28 41 484
41 28 484
28 50 91
50 28 91
28 33 722
33 28 722
28 42 407
42 28 407
28 51 64
51 28 64
28 51 970
51 28 970
29 31 217
31 29 217
29 35 708
35 29 708
29 36 126
36 29 126
29 33 23
33 29 23
29 52 560
52 29 560
29 45 302
45 29 302
29 54 331
54 29 331
30 56 890
56 30 890
30 58 290
58 30 290
30 55 528
55 30 528
30 51 644
51 30 644
31 37 570
37 31 570
31 44 797
44 31 797
31 46 159
46 31 159
32 52 950
52 32 950
32 47 1
47 32 1
33 43 308
43 33 308
33 53 695
53 33 695
33 51 132
51 33 132
33 57 654
57 33 654
33 34 687
34 33 687
33 56 636
56 33 636
33 41 637
41 33 637
33 48 538
48 33 538
34 38 471
38 34 471
34 50 269
50 34 269
35 43 823
43 35 823
35 45 605
45 35 605
35 51 609
51 35 609
35 44 167
44 35 167
35 43 701
43 35 701
35 45 596
45 35 596
36 37 549
37 36 549
36 37 858
37 36 858
36 56 574
56 36 574
36 41 105
41 36 105
37 47 799
47 37 799
37 51 282
51 37 282
37 57 743
57 37 743
38 40 930
40 38 930
38 39 156
39 38 156
38 41 827
41 38 827
38 46 329
46 38 329
39 44 375
44 39 375
39 41 343
41 39 343
39 41 527
41 39 527
41 49 988
49 41 988
42 42 176
42 42 176
42 55 207
55 42 207
42 53 702
53 42 702
43 49 755
49 43 755
43 55 203
55 43 203
43 44 356
44 43 356
44 46 445
46 44 445
44 58 289
58 44 289
45 54 604
54 45 604
45 46 908
46 45 908
45 47 702
47 45 702
45 50 883
50 45 883
45 58 706
58 45 706
46 48 400
48 46 400
46 50 441
50 46 441
46 48 28
48 46 28
46 49 709
49 46 709
46 46 279
46 46 279
46 49 533
49 46 533
46 50 782
50 46 782
47 53 869
53 47 869
47 48 182
48 47 182
48 50 636
50 48 636
48 54 97
54 48 97
48 49 786
49 48 786
49 55 502
55 49 502
50 53 444
53 50 444
50 54 152
54 50 152
52 56 38
56 52 38
53 55 968
55 53 968
53 56 313
56 53 313
53 58 110
58 53 110
56 57 2
57 56 2
57 58 861
58 57 861
57 57 975
57 57 975
58 58 354
58 58 354
