32

0 1 120
1 0 120
0 4 387
4 0 387
0 5 487
5 0 487
0 7 711
7 0 711
0 9 528
9 0 528
0 16 392
16 0 392
0 26 635
26 0 635
0 26 351
26 0 351
0 2 507
2 0 507
0 19 85
19 0 85
0 2 557
2 0 557
0 17 143
17 0 143
0 20 337
20 0 337
0 11 411
11 0 411
0 11 997
11 0 997
0 0 674
0 0 674
0 2 34
2 0 34
0 26 364
26 0 364
0 12 556
12 0 556
0 30 343
30 0 343
0 15 670
15 0 670
0 8 864
8 0 864
0 27 194
27 0 194
0 10 575
10 0 575
0 22 279
22 0 279
0 10 602
10 0 602
0 17 734
17 0 734
0 20 11
20 0 11
0 16 878
16 0 878
0 15 142
15 0 142
0 8 581
8 0 581
1 2 560
2 1 560
1 15 88
15 1 88
1 13 998
13 1 998
1 4 29
4 1 29
1 4 717
4 1 717
1 10 136
10 1 136
1 2 885
2 1 885
1 24 100
24 1 100
1 5 472
5 1 472
1 22 353
22 1 353
1 4 467
4 1 467
1 3 51
3 1 51
1 21 919
21 1 919
1 9 24
9 1 24
1 24 13
24 1 13
1 13 425
13 1 425
1 9 565
9 1 565
1 12 523
12 1 523
1 13 976
13 1 976
1 5 772
5 1 772
1 8 19
8 1 19
1 26 472
26 1 472
2 3 461
3 2 461
2 6 592
6 2 592
2 14 256
14 2 256
2 10 172
10 2 172
2 14 343
14 2 343
2 3 330
3 2 330
2 25 475
25 2 475
2 6 892
6 2 892
2 6 66
6 2 66
2 11 601
11 2 601
2 12 28
12 2 28
2 5 438
5 2 438
2 9 746
9 2 746
2 11 169
11 2 169
2 31 467
31 2 467
2 21 48
21 2 48
2 31 936
31 2 936
2 3 532
3 2 532
2 15 945
15 2 945
2 15 503
15 2 503
2 11 506
11 2 506
2 27 520
27 2 520
2 9 740
9 2 740
2 5 501
5 2 501
2 4 592
4 2 592
2 6 378
6 2 378
2 27 542
27 2 542
3 23 457
23 3 457
3 6 434
6 3 434
3 21 946
21 3 946
3 14 238
14 3 238
3 19 509
19 3 509
3 24 391
24 3 391
3 18 291
18 3 291
3 16 140
16 3 140
3 5 286
5 3 286
3 18 67
18 3 67
3 9 277
9 3 277
3 8 763
8 3 763
3 9 99
9 3 99
3 10 655
10 3 655
3 12 442
12 3 442
3 6 945
6 3 945
3 16 400
16 3 400
3 31 189
31 3 189
3 25 849
25 3 849
3 17 844
17 3 844
3 30 756
30 3 756
3 17 771
17 3 771
3 16 377
16 3 377
3 25 900
25 3 900
4 10 63
10 4 63
4 9 278
9 4 278
4 23 750
23 4 750
4 14 45
14 4 45
4 30 226
30 4 226
4 12 612
12 4 612
4 16 922
16 4 922
4 16 179
16 4 179
4 31 719
31 4 719
4 10 876
10 4 876
4 18 609
18 4 609
4 26 445
26 4 445
4 8 707
8 4 707
4 29 194
29 4 194
4 30 815
30 4 815
4 22 742
22 4 742
4 25 32
25 4 32
4 15 751
15 4 751
4 25 111
25 4 111
4 12 70
12 4 70
4 8 890
8 4 890
4 19 618
19 4 618
4 7 74
7 4 74
5 12 733
12 5 733
5 16 578
16 5 578
5 31 190
31 5 190
5 18 252
18 5 252
5 6 978
6 5 978
5 9 942
9 5 942
5 31 973
31 5 973
5 29 347
29 5 347
5 13 435
13 5 435
5 29 593
29 5 593
5 9 465
9 5 465
5 14 375
14 5 375
5 26 573
26 5 573
5 28 272
28 5 272
5 20 414
20 5 414
5 6 721
6 5 721
5 24 340
24 5 340
5 26 97
26 5 97
5 17 316
17 5 316
5 16 913
16 5 913
5 9 392
9 5 392
6 18 887
18 6 887
6 21 676
21 6 676
6 9 407
9 6 407
6 27 503
27 6 503
6 30 621
30 6 621
6 10 374
10 6 374
6 11 567
11 6 567
6 10 578
10 6 578
6 25 947
25 6 947
6 17 759
17 6 759
6 21 269
21 6 269
6 8 507
8 6 507
6 21 93
21 6 93
6 15 717
15 6 717
6 20 151
20 6 151
7 8 836
8 7 836
7 20 660
20 7 660
7 21 427
21 7 427
7 14 290
14 7 290
7 11 691
11 7 691
7 25 483
25 7 483
7 18 159
18 7 159
7 8 461
8 7 461
7 13 957
13 7 957
7 9 2
9 7 2
7 30 988
30 7 988
7 16 835
16 7 835
7 17 234
17 7 234
7 22 241
22 7 241
7 20 700
20 7 700
7 10 862
10 7 862
7 28 109
28 7 109
7 13 143
13 7 143
7 7 26
7 7 26
7 9 773
9 7 773
7 14 358
14 7 358
7 29 245
29 7 245
7 31 363
31 7 363
7 26 380
26 7 380
7 29 705
29 7 705
7 20 646
20 7 646
8 11 783
11 8 783
8 31 310
31 8 310
8 26 95
26 8 95
8 16 76
16 8 76
8 14 536
14 8 536
8 27 187
27 8 187
8 10 465
10 8 465
8 10 595
10 8 595
8 30 931
30 8 931
8 30 881
30 8 881
8 9 190
9 8 190
8 24 244
24 8 244
8 24 147
24 8 147
8 14 263
14 8 263
8 10 203
10 8 203
8 9 244
9 8 244
8 29 532
29 8 532
8 16 643
16 8 643
8 19 132
19 8 132
8 15 459
15 8 459
8 23 552
23 8 552
8 21 586
21 8 586
9 16 860
16 9 860
9 19 526
19 9 526
9 18 890
18 9 890
9 16 862
16 9 862
9 10 905
10 9 905
9 29 642
29 9 642
9 28 892
28 9 892
9 13 909
13 9 909
9 26 22
26 9 22
9 15 721
15 9 721
9 28 332
28 9 332
9 12 11
12 9 11
9 25 24
25 9 24
9 28 586
28 9 586
9 28 411
28 9 411
9 14 583
14 9 583
10 15 401
15 10 401
10 29 969
29 10 969
10 18 714
18 10 714
10 17 681
17 10 681
10 21 778
21 10 778
10 24 412
24 10 412
10 18 958
18 10 958
10 26 302
26 10 302
10 18 342
18 10 342
10 26 53
26 10 53
10 16 337
16 10 337
10 31 911
31 10 911
10 17 748
17 10 748
10 10 412
10 10 412
10 25 611
25 10 611
10 27 214
27 10 214
10 11 77
11 10 77
10 17 212
17 10 212
11 13 624
13 11 624
11 12 858
12 11 858
11 28 395
28 11 395
11 21 313
21 11 313
11 18 783
18 11 783
11 23 961
23 11 961
11 20 53
20 11 53
11 15 23
15 11 23
11 28 102
28 11 102
11 28 553
28 11 553
11 30 610
30 11 610
11 12 840
12 11 840
11 16 277
16 11 277
11 29 262
29 11 262
11 26 762
26 11 762
11 30 141
30 11 141
11 20 110
20 11 110
12 12 970
12 12 970
12 25 454
25 12 454
12 24 311
24 12 311
12 19 833
19 12 833
12 19 592
19 12 592
12 30 333
30 12 333
12 30 698
30 12 698
12 31 713
31 12 713
12 19 937
19 12 937
12 25 854
25 12 854
12 24 721
24 12 721
12 14 29
14 12 29
12 14 308
14 12 308
13 23 527
23 13 527
13 18 906
18 13 906
13 19 464
19 13 464
13 18 681
18 13 681
13 29 916
29 13 916
13 17 259
17 13 259
13 21 522
21 13 522
13 22 627
22 13 627
13 30 849
30 13 849
13 23 716
23 13 716
13 29 883
29 13 883
13 18 240
18 13 240
13 25 57
25 13 57
13 14 257
14 13 257
13 16 921
16 13 921
13 14 813
14 13 813
14 19 663
19 14 663
14 28 994
28 14 994
14 15 113
15 14 113
14 29 974
29 14 974
14 28 603
28 14 603
14 21 873
21 14 873
14 21 931
21 14 931
14 22 390
22 14 390
14 19 467
19 14 467
14 20 791
20 14 791
14 19 553
19 14 553
14 20 892
20 14 892
14 16 142
16 14 142
14 29 616
29 14 616
14 25 553
25 14 553
14 29 134
29 14 134
14 21 515
21 14 515
14 17 969
17 14 969
15 20 554
20 15 554
15 25 482
25 15 482
15 21 829
21 15 829
15 25 830
25 15 830
15 16 163
16 15 163
15 27 557
27 15 557
15 24 617
24 15 617
15 26 267
26 15 267
15 24 970
24 15 970
15 18 886
18 15 886
16 17 248
17 16 248
16 31 674
31 16 674
16 21 728
21 16 728
16 22 48
22 16 48
16 18 942
18 16 942
16 29 752
29 16 752
16 30 386
30 16 386
16 24 463
24 16 463
16 27 312
27 16 312
16 29 408
29 16 408
16 18 161
18 16 161
17 27 52
27 17 52
17 30 887
30 17 887
17 27 589
27 17 589
17 23 511
23 17 511
17 27 636
27 17 636
17 22 705
22 17 705
17 26 135
26 17 135
17 21 66
21 17 66
17 24 343
24 17 343
18 27 247
27 18 247
18 30 701
30 18 701
18 30 463
30 18 463
18 31 795
31 18 795
18 30 462
30 18 462
18 29 473
29 18 473
18 27 720
27 18 720
18 23 597
23 18 597
18 29 382
29 18 382
18 25 761
25 18 761
18 18 941
18 18 941
18 21 300
21 18 300
19 22 745
22 19 745
19 29 6
29 19 6
19 19 234
19 19 234
19 30 137
30 19 137
19 30 721
30 19 721
19 21 777
21 19 777
19 26 371
26 19 371
20 25 866
25 20 866
20 29 272
29 20 272
20 28 410
28 20 410
20 22 14
22 20 14
20 27 587
27 20 587
20 20 567
20 20 567
20 24 997
24 20 997
20 28 270
28 20 270
20 25 900
25 20 900
20 22 729
22 20 729
20 22 297
22 20 297
20 25 8
25 20 8
20 23 882
23 20 882
20 24 537
24 20 537
20 25 895
25 20 895
20 20 631
20 20 631
21 26 148
26 21 148
21 28 50
28 21 50
21 29 338
29 21 338
21 31 311
31 21 311
21 28 194
28 21 194
21 29 924
29 21 924
22 24 897
24 22 897
22 22 129
22 22 129
22 28 847
28 22 847
22 29 830
29 22 830
22 22 997
22 22 997
22 31 423
31 22 423
22 28 126
28 22 126
23 28 892
28 23 892
23 31 432
31 23 432
23 27 98
27 23 98
23 27 647
27 23 647
23 27 380
27 23 380
23 27 61
27 23 61
24 27 876
27 24 876
24 30 386
30 24 386
24 29 164
29 24 164
24 30 417
30 24 417
24 29 194
29 24 194
25 31 944
31 25 944
25 25 892
25 25 892
25 25 970
25 25 970
25 29 518
29 25 518
26 26 382
26 26 382
26 30 210
30 26 210
26 29 572
29 26 572
26 27 598
27 26 598
26 26 270
26 26 270
26 27 210
27 26 210
26 28 760
28 26 760
27 31 146
31 27 146
27 31 364
31 27 364
27 28 118
28 27 118
27 28 165
28 27 165
28 30 752
30 28 752
29 31 588
31 29 588
29 30 561
30 29 561
30 31 901
31 30 901
30 31 918
31 30 918
