69

0 1 966
1 0 966
0 2 929
2 0 929
0 5 874
5 0 874
0 6 597
6 0 597
0 11 312
11 0 312
0 15 594
15 0 594
0 16 356
16 0 356
0 23 413
23 0 413
0 42 251
42 0 251
0 53 766
53 0 766
0 62 616
62 0 616
0 47 841
47 0 841
0 46 733
46 0 733
0 29 531
29 0 531
0 58 794
58 0 794
0 50 320
50 0 320
0 68 109
68 0 109
0 18 734
18 0 734
0 53 347
53 0 347
0 62 754
62 0 754
0 11 556
11 0 556
0 68 621
68 0 621
0 32 161
32 0 161
0 66 746
66 0 746
0 68 115
68 0 115
0 66 567
66 0 567
0 50 277
50 0 277
0 59 707
59 0 707
0 58 34
58 0 34
0 4 583
4 0 583
0 37 175
37 0 175
0 10 697
10 0 697
0 24 324
24 0 324
0 61 402
61 0 402
0 59 307
59 0 307
0 40 178
40 0 178
0 12 779
12 0 779
0 42 583
42 0 583
1 3 659
3 1 659
1 12 959
12 1 959
1 51 205
51 1 205
1 10 33
10 1 33
1 31 901
31 1 901
1 66 493
66 1 493
1 7 810
7 1 810
1 62 131
62 1 131
1 15 104
15 1 104
1 43 428
43 1 428
1 33 958
33 1 958
1 65 583
65 1 583
1 53 418
53 1 418
1 2 951
2 1 951
1 55 671
55 1 671
1 45 927
45 1 927
1 35 861
35 1 861
1 30 999
30 1 999
1 39 605
39 1 605
1 22 790
22 1 790
1 68 798
68 1 798
1 43 185
43 1 185
1 12 233
12 1 233
1 43 42
43 1 42
1 56 347
56 1 347
1 67 325
67 1 325
1 51 56
51 1 56
1 61 162
61 1 162
1 48 565
48 1 565
1 38 566
38 1 566
1 27 176
27 1 176
2 10 543
10 2 543
2 41 827
41 2 827
2 67 992
67 2 992
2 9 564
9 2 564
2 68 663
68 2 663
2 10 389
10 2 389
2 19 404
19 2 404
2 34 641
34 2 641
2 52 7
52 2 7
2 23 908
23 2 908
2 49 349
49 2 349
2 52 774
52 2 774
2 7 419
7 2 419
2 53 698
53 2 698
2 54 954
54 2 954
2 4 376
4 2 376
2 63 997
63 2 997
2 40 172
40 2 172
2 48 229
48 2 229
2 7 695
7 2 695
2 34 926
34 2 926
2 14 384
14 2 384
2 40 440
40 2 440
2 19 237
19 2 237
2 13 207
13 2 207
2 67 760
67 2 760
2 31 884
31 2 884
2 28 490
28 2 490
2 44 247
44 2 247
2 46 465
46 2 465
2 34 669
34 2 669
2 7 976
7 2 976
3 4 322
4 3 322
3 10 934
10 3 934
3 32 659
32 3 659
3 59 749
59 3 749
3 67 572
67 3 572
3 65 194
65 3 194
3 62 783
62 3 783
3 50 45
50 3 45
3 15 801
15 3 801
3 30 575
30 3 575
3 31 613
31 3 613
3 43 377
43 3 377
3 16 405
16 3 405
3 51 692
51 3 692
3 13 527
13 3 527
3 5 874
5 3 874
3 46 769
46 3 769
3 56 37
56 3 37
3 5 906
5 3 906
3 29 230
29 3 230
3 18 485
18 3 485
3 15 866
15 3 866
4 17 51
17 4 51
4 50 56
50 4 56
4 13 534
13 4 534
4 55 92
55 4 92
4 29 656
29 4 656
4 15 757
15 4 757
4 64 671
64 4 671
4 58 667
58 4 667
4 6 18
6 4 18
4 57 145
57 4 145
4 57 637
57 4 637
4 19 248
19 4 248
4 52 162
52 4 162
4 49 418
49 4 418
4 7 718
7 4 718
4 63 508
63 4 508
4 59 281
59 4 281
4 21 338
21 4 338
4 17 690
17 4 690
4 20 332
20 4 332
4 36 727
36 4 727
5 7 144
7 5 144
5 65 147
65 5 147
5 37 685
37 5 685
5 46 146
46 5 146
5 12 78
12 5 78
5 49 264
49 5 264
5 26 141
26 5 141
5 67 368
67 5 368
5 35 618
35 5 618
5 16 73
16 5 73
5 48 573
48 5 573
5 51 521
51 5 521
5 33 795
33 5 795
5 29 538
29 5 538
5 20 147
20 5 147
5 43 391
43 5 391
5 14 127
14 5 127
5 43 339
43 5 339
5 18 72
18 5 72
5 41 200
41 5 200
5 11 701
11 5 701
5 53 758
53 5 758
5 21 345
21 5 345
5 54 14
54 5 14
5 11 905
11 5 905
5 21 614
21 5 614
5 9 348
9 5 348
5 47 497
47 5 497
6 8 22
8 6 22
6 9 243
9 6 243
6 14 733
14 6 733
6 62 690
62 6 690
6 68 621
68 6 621
6 39 554
39 6 554
6 28 26
28 6 26
6 11 28
11 6 28
6 29 641
29 6 641
6 52 112
52 6 112
6 51 213
51 6 213
6 61 667
61 6 667
6 68 909
68 6 909
6 41 451
41 6 451
6 52 910
52 6 910
6 40 640
40 6 640
6 51 215
51 6 215
6 64 336
64 6 336
6 18 207
18 6 207
6 61 503
61 6 503
6 23 511
23 6 511
6 36 834
36 6 834
6 53 141
53 6 141
6 66 896
66 6 896
6 7 772
7 6 772
6 54 301
54 6 301
6 53 338
53 6 338
7 32 278
32 7 278
7 44 333
44 7 333
7 43 96
43 7 96
7 26 122
26 7 122
7 36 259
36 7 259
7 13 907
13 7 907
7 68 366
68 7 366
7 10 575
10 7 575
7 33 889
33 7 889
7 23 655
23 7 655
7 12 345
12 7 345
7 51 643
51 7 643
7 36 906
36 7 906
7 41 2
41 7 2
7 12 499
12 7 499
7 21 324
21 7 324
7 32 266
32 7 266
7 31 646
31 7 646
7 36 777
36 7 777
7 50 173
50 7 173
8 21 665
21 8 665
8 31 535
31 8 535
8 61 945
61 8 945
8 66 943
66 8 943
8 57 408
57 8 408
8 60 313
60 8 313
8 68 556
68 8 556
8 13 838
13 8 838
8 64 554
64 8 554
8 55 179
55 8 179
8 65 479
65 8 479
8 19 858
19 8 858
8 18 771
18 8 771
8 42 604
42 8 604
8 57 111
57 8 111
8 64 525
64 8 525
8 25 775
25 8 775
8 63 221
63 8 221
8 19 19
19 8 19
8 19 408
19 8 408
8 31 223
31 8 223
8 68 334
68 8 334
8 68 143
68 8 143
8 47 581
47 8 581
8 16 760
16 8 760
8 30 670
30 8 670
8 32 818
32 8 818
9 19 538
19 9 538
9 22 590
22 9 590
9 54 901
54 9 901
9 28 336
28 9 336
9 51 262
51 9 262
9 54 94
54 9 94
9 56 492
56 9 492
9 66 945
66 9 945
9 41 34
41 9 34
9 54 439
54 9 439
9 42 848
42 9 848
9 13 367
13 9 367
9 64 130
64 9 130
9 48 351
48 9 351
9 29 995
29 9 995
9 54 487
54 9 487
9 15 24
15 9 24
9 9 436
9 9 436
9 32 24
32 9 24
9 61 212
61 9 212
9 18 756
18 9 756
9 63 151
63 9 151
9 22 423
22 9 423
10 14 633
14 10 633
10 68 296
68 10 296
10 64 921
64 10 921
10 22 258
22 10 258
10 64 941
64 10 941
10 49 362
49 10 362
10 67 570
67 10 570
10 35 878
35 10 878
10 43 55
43 10 55
10 46 795
46 10 795
10 47 121
47 10 121
10 62 296
62 10 296
10 29 56
29 10 56
10 22 815
22 10 815
10 34 90
34 10 90
10 56 180
56 10 180
10 23 619
23 10 619
10 68 747
68 10 747
11 18 281
18 11 281
11 28 912
28 11 912
11 59 203
59 11 203
11 24 89
24 11 89
11 66 315
66 11 315
11 45 145
45 11 145
11 32 279
32 11 279
11 43 645
43 11 645
11 30 32
30 11 32
11 65 539
65 11 539
11 44 134
44 11 134
11 28 423
28 11 423
11 62 360
62 11 360
11 44 380
44 11 380
11 39 12
39 11 12
11 66 246
66 11 246
11 67 62
67 11 62
11 58 315
58 11 315
11 49 865
49 11 865
11 67 184
67 11 184
11 55 216
55 11 216
12 13 425
13 12 425
12 24 514
24 12 514
12 47 257
47 12 257
12 66 602
66 12 602
12 39 143
39 12 143
12 35 993
35 12 993
12 42 233
42 12 233
12 34 830
34 12 830
12 62 771
62 12 771
12 61 915
61 12 915
12 55 723
55 12 723
12 22 673
22 12 673
12 61 936
61 12 936
12 44 611
44 12 611
12 49 570
49 12 570
12 56 335
56 12 335
12 49 241
49 12 241
13 35 443
35 13 443
13 52 332
52 13 332
13 63 833
63 13 833
13 21 183
21 13 183
13 32 147
32 13 147
13 33 375
33 13 375
13 22 502
22 13 502
13 39 20
39 13 20
13 15 288
15 13 288
13 33 365
33 13 365
13 63 567
63 13 567
13 15 557
15 13 557
13 51 2
51 13 2
13 56 930
56 13 930
13 24 289
24 13 289
13 40 741
40 13 741
13 38 779
38 13 779
13 35 962
35 13 962
13 35 81
35 13 81
13 52 145
52 13 145
13 18 999
18 13 999
14 68 4
68 14 4
14 41 533
41 14 533
14 16 104
16 14 104
14 55 226
55 14 226
14 49 956
49 14 956
14 64 532
64 14 532
14 52 310
52 14 310
14 35 320
35 14 320
14 43 373
43 14 373
14 25 580
25 14 580
14 27 588
27 14 588
14 28 919
28 14 919
14 35 24
35 14 24
14 20 800
20 14 800
14 43 388
43 14 388
14 48 355
48 14 355
14 27 149
27 14 149
14 33 1000
33 14 1000
14 50 87
50 14 87
15 29 41
29 15 41
15 30 167
30 15 167
15 49 216
49 15 216
15 37 713
37 15 713
15 16 440
16 15 440
15 44 307
44 15 307
15 34 759
34 15 759
15 47 218
47 15 218
15 57 67
57 15 67
15 30 274
30 15 274
15 41 496
41 15 496
15 49 804
49 15 804
15 17 776
17 15 776
15 54 955
54 15 955
15 57 92
57 15 92
15 42 152
42 15 152
15 40 891
40 15 891
15 27 279
27 15 279
15 40 920
40 15 920
15 65 411
65 15 411
15 61 997
61 15 997
15 26 968
26 15 968
15 30 732
30 15 732
16 20 44
20 16 44
16 25 656
25 16 656
16 38 732
38 16 732
16 59 347
59 16 347
16 46 450
46 16 450
16 25 987
25 16 987
16 41 401
41 16 401
16 31 247
31 16 247
16 68 237
68 16 237
16 57 20
57 16 20
16 56 151
56 16 151
16 38 818
38 16 818
16 44 383
44 16 383
16 41 691
41 16 691
16 52 355
52 16 355
16 63 930
63 16 930
16 27 896
27 16 896
16 52 462
52 16 462
16 56 176
56 16 176
16 55 899
55 16 899
16 68 254
68 16 254
16 55 929
55 16 929
16 16 53
16 16 53
16 16 749
16 16 749
16 40 200
40 16 200
16 20 455
20 16 455
16 23 541
23 16 541
16 18 893
18 16 893
17 58 30
58 17 30
17 19 837
19 17 837
17 19 850
19 17 850
17 34 691
34 17 691
17 52 447
52 17 447
17 56 60
56 17 60
17 36 988
36 17 988
17 26 310
26 17 310
17 57 473
57 17 473
17 42 527
42 17 527
17 29 93
29 17 93
17 61 709
61 17 709
17 33 35
33 17 35
17 53 91
53 17 91
17 19 953
19 17 953
17 40 465
40 17 465
17 31 255
31 17 255
17 22 348
22 17 348
17 63 67
63 17 67
17 63 469
63 17 469
17 35 268
35 17 268
17 53 602
53 17 602
17 27 995
27 17 995
18 45 883
45 18 883
18 52 523
52 18 523
18 56 359
56 18 359
18 58 247
58 18 247
18 32 462
32 18 462
18 66 112
66 18 112
18 62 849
62 18 849
18 27 594
27 18 594
18 54 740
54 18 740
18 63 491
63 18 491
18 23 676
23 18 676
18 66 231
66 18 231
18 37 679
37 18 679
19 26 73
26 19 73
19 68 939
68 19 939
19 51 308
51 19 308
19 49 326
49 19 326
19 48 240
48 19 240
19 29 267
29 19 267
19 58 896
58 19 896
19 45 332
45 19 332
19 40 137
40 19 137
19 42 561
42 19 561
19 24 263
24 19 263
19 48 912
48 19 912
19 63 557
63 19 557
19 26 602
26 19 602
19 21 34
21 19 34
19 45 231
45 19 231
19 66 913
66 19 913
19 27 846
27 19 846
19 26 645
26 19 645
20 37 184
37 20 184
20 28 886
28 20 886
20 68 810
68 20 810
20 46 714
46 20 714
20 64 657
64 20 657
20 65 865
65 20 865
20 25 993
25 20 993
20 57 283
57 20 283
20 40 903
40 20 903
20 62 127
62 20 127
20 47 409
47 20 409
20 29 439
29 20 439
20 40 428
40 20 428
20 43 446
43 20 446
20 63 600
63 20 600
21 40 696
40 21 696
21 43 490
43 21 490
21 57 959
57 21 959
21 56 28
56 21 28
21 50 821
50 21 821
21 43 14
43 21 14
21 42 37
42 21 37
21 59 584
59 21 584
21 39 342
39 21 342
21 30 895
30 21 895
21 32 404
32 21 404
21 51 208
51 21 208
21 66 506
66 21 506
21 33 297
33 21 297
21 28 517
28 21 517
21 39 617
39 21 617
21 50 131
50 21 131
21 25 909
25 21 909
21 21 987
21 21 987
21 49 230
49 21 230
21 63 172
63 21 172
21 58 825
58 21 825
21 33 296
33 21 296
21 50 72
50 21 72
21 38 416
38 21 416
21 51 72
51 21 72
21 44 400
44 21 400
22 26 886
26 22 886
22 66 932
66 22 932
22 31 88
31 22 88
22 32 184
32 22 184
22 38 824
38 22 824
22 39 749
39 22 749
22 33 348
33 22 348
22 31 432
31 22 432
22 44 533
44 22 533
22 63 868
63 22 868
22 23 137
23 22 137
22 32 36
32 22 36
22 39 644
39 22 644
22 40 350
40 22 350
23 37 163
37 23 163
23 35 988
35 23 988
23 28 626
28 23 626
23 63 989
63 23 989
23 27 128
27 23 128
23 23 115
23 23 115
23 27 136
27 23 136
23 42 968
42 23 968
23 37 202
37 23 202
23 67 744
67 23 744
23 64 766
64 23 766
23 62 50
62 23 50
23 30 685
30 23 685
23 61 746
61 23 746
24 56 238
56 24 238
24 51 891
51 24 891
24 52 435
52 24 435
24 58 243
58 24 243
24 34 486
34 24 486
24 32 838
32 24 838
24 29 609
29 24 609
24 45 554
45 24 554
24 66 293
66 24 293
24 62 417
62 24 417
24 33 411
33 24 411
24 59 869
59 24 869
24 64 371
64 24 371
24 43 278
43 24 278
24 62 144
62 24 144
24 57 542
57 24 542
24 26 877
26 24 877
24 30 177
30 24 177
24 48 403
48 24 403
24 43 682
43 24 682
24 34 314
34 24 314
24 55 151
55 24 151
24 40 322
40 24 322
24 56 374
56 24 374
25 46 121
46 25 121
25 38 644
38 25 644
25 68 493
68 25 493
25 55 92
55 25 92
25 37 957
37 25 957
25 63 428
63 25 428
25 60 998
60 25 998
25 61 967
61 25 967
25 52 101
52 25 101
25 35 352
35 25 352
25 32 64
32 25 64
25 39 867
39 25 867
25 59 966
59 25 966
25 51 664
51 25 664
25 31 210
31 25 210
25 53 55
53 25 55
25 57 608
57 25 608
25 49 844
49 25 844
25 66 826
66 25 826
25 34 137
34 25 137
26 27 616
27 26 616
26 34 185
34 26 185
26 43 732
43 26 732
26 44 816
44 26 816
26 47 164
47 26 164
26 36 229
36 26 229
26 39 2
39 26 2
26 32 762
32 26 762
26 66 832
66 26 832
26 29 8
29 26 8
26 51 209
51 26 209
26 48 712
48 26 712
26 35 615
35 26 615
27 36 567
36 27 567
27 28 845
28 27 845
27 49 510
49 27 510
27 50 535
50 27 535
27 51 123
51 27 123
27 28 550
28 27 550
27 30 537
30 27 537
27 61 134
61 27 134
27 35 397
35 27 397
27 63 757
63 27 757
27 53 416
53 27 416
27 31 237
31 27 237
27 61 621
61 27 621
27 51 869
51 27 869
27 30 17
30 27 17
27 28 733
28 27 733
27 66 150
66 27 150
27 48 557
48 27 557
27 37 693
37 27 693
28 66 658
66 28 658
28 34 837
34 28 837
28 44 248
44 28 248
28 55 785
55 28 785
28 64 365
64 28 365
28 60 618
60 28 618
28 47 832
47 28 832
28 64 303
64 28 303
28 38 180
38 28 180
28 30 174
30 28 174
28 59 271
59 28 271
28 33 37
33 28 37
28 56 322
56 28 322
29 57 627
57 29 627
29 37 888
37 29 888
29 58 627
58 29 627
29 49 744
49 29 744
29 54 171
54 29 171
29 42 289
42 29 289
29 67 917
67 29 917
29 48 919
48 29 919
29 41 721
41 29 721
29 33 271
33 29 271
29 53 296
53 29 296
29 67 866
67 29 866
29 48 999
48 29 999
29 32 12
32 29 12
30 41 160
41 30 160
30 47 703
47 30 703
30 40 572
40 30 572
30 35 290
35 30 290
30 58 750
58 30 750
30 64 632
64 30 632
30 52 117
52 30 117
30 48 668
48 30 668
30 32 720
32 30 720
30 50 364
50 30 364
30 44 591
44 30 591
30 55 712
55 30 712
30 66 884
66 30 884
30 65 626
65 30 626
31 33 438
33 31 438
31 48 127
48 31 127
31 55 226
55 31 226
31 59 841
59 31 841
31 46 85
46 31 85
31 37 518
37 31 518
31 31 936
31 31 936
31 65 576
65 31 576
31 40 106
40 31 106
31 45 122
45 31 122
31 54 199
54 31 199
31 44 908
44 31 908
31 57 610
57 31 610
32 39 126
39 32 126
32 39 764
39 32 764
32 45 851
45 32 851
32 55 621
55 32 621
32 37 556
37 32 556
32 68 499
68 32 499
32 50 996
50 32 996
32 64 281
64 32 281
32 45 708
45 32 708
32 51 142
51 32 142
32 32 678
32 32 678
32 52 535
52 32 535
32 56 510
56 32 510
33 64 947
64 33 947
33 48 929
48 33 929
33 58 198
58 33 198
34 57 481
57 34 481
34 35 644
35 34 644
34 62 704
62 34 704
34 41 718
41 34 718
34 66 926
66 34 926
34 57 610
57 34 610
34 65 810
65 34 810
34 55 582
55 34 582
34 37 212
37 34 212
34 43 316
43 34 316
34 49 555
49 34 555
34 39 482
39 34 482
35 66 318
66 35 318
35 67 638
67 35 638
35 64 297
64 35 297
35 58 336
58 35 336
35 50 803
50 35 803
35 51 581
51 35 581
35 54 984
54 35 984
35 43 744
43 35 744
35 36 545
36 35 545
35 54 145
54 35 145
35 40 447
40 35 447
35 40 80
40 35 80
35 47 748
47 35 748
35 60 852
60 35 852
35 42 920
42 35 920
35 36 357
36 35 357
36 37 55
37 36 55
36 46 408
46 36 408
36 62 109
62 36 109
36 59 701
59 36 701
36 48 556
48 36 556
36 53 388
53 36 388
36 54 13
54 36 13
36 60 389
60 36 389
36 66 759
66 36 759
36 66 331
66 36 331
36 50 195
50 36 195
36 61 120
61 36 120
36 66 160
66 36 160
36 43 335
43 36 335
36 39 148
39 36 148
36 61 665
61 36 665
37 43 434
43 37 434
37 43 88
43 37 88
37 37 394
37 37 394
37 51 606
51 37 606
37 47 263
47 37 263
37 42 849
42 37 849
37 66 647
66 37 647
37 41 151
41 37 151
37 64 702
64 37 702
37 59 605
59 37 605
38 45 673
45 38 673
38 49 641
49 38 641
38 63 298
63 38 298
38 67 546
67 38 546
38 53 905
53 38 905
38 52 17
52 38 17
38 65 690
65 38 690
38 63 54
63 38 54
38 62 343
62 38 343
38 56 765
56 38 765
38 57 662
57 38 662
39 50 266
50 39 266
39 64 616
64 39 616
39 57 179
57 39 179
39 63 94
63 39 94
39 47 666
47 39 666
39 57 325
57 39 325
39 58 771
58 39 771
39 40 673
40 39 673
40 67 828
67 40 828
40 68 399
68 40 399
40 63 640
63 40 640
40 56 327
56 40 327
40 59 187
59 40 187
40 47 765
47 40 765
40 68 339
68 40 339
41 56 358
56 41 358
41 61 997
61 41 997
41 57 639
57 41 639
41 49 925
49 41 925
41 47 441
47 41 441
41 64 944
64 41 944
41 43 645
43 41 645
41 57 546
57 41 546
41 57 987
57 41 987
41 59 489
59 41 489
41 47 281
47 41 281
41 54 656
54 41 656
41 62 707
62 41 707
41 46 701
46 41 701
41 42 350
42 41 350
41 62 507
62 41 507
42 52 625
52 42 625
42 48 838
48 42 838
42 63 174
63 42 174
42 48 334
48 42 334
42 65 644
65 42 644
42 48 125
48 42 125
42 57 709
57 42 709
42 64 371
64 42 371
42 52 932
52 42 932
42 59 143
59 42 143
42 48 789
48 42 789
42 55 301
55 42 301
42 49 188
49 42 188
43 55 892
55 43 892
43 65 674
65 43 674
43 43 444
43 43 444
43 60 533
60 43 533
43 47 468
47 43 468
43 64 747
64 43 747
43 60 843
60 43 843
43 58 461
58 43 461
44 52 671
52 44 671
44 67 870
67 44 870
44 49 566
49 44 566
44 51 808
51 44 808
44 51 610
51 44 610
44 59 526
59 44 526
44 47 878
47 44 878
44 59 544
59 44 544
45 51 425
51 45 425
45 51 951
51 45 951
45 58 987
58 45 987
45 58 145
58 45 145
45 51 695
51 45 695
45 48 15
48 45 15
45 52 750
52 45 750
46 46 2
46 46 2
46 48 791
48 46 791
46 49 980
49 46 980
46 66 285
66 46 285
46 60 515
60 46 515
46 50 842
50 46 842
46 47 813
47 46 813
46 47 455
47 46 455
46 57 664
57 46 664
46 60 809
60 46 809
47 49 184
49 47 184
47 61 374
61 47 374
47 63 463
63 47 463
47 49 438
49 47 438
47 67 499
67 47 499
47 49 494
49 47 494
48 59 55
59 48 55
48 55 574
55 48 574
48 52 289
52 48 289
48 57 944
57 48 944
49 66 82
66 49 82
49 49 433
49 49 433
49 64 57
64 49 57
49 56 67
56 49 67
49 60 971
60 49 971
49 51 782
51 49 782
49 55 514
55 49 514
49 51 679
51 49 679
49 64 228
64 49 228
49 67 172
67 49 172
49 58 509
58 49 509
50 53 535
53 50 535
50 64 825
64 50 825
50 50 899
50 50 899
50 53 120
53 50 120
50 55 344
55 50 344
50 60 992
60 50 992
51 59 145
59 51 145
51 54 791
54 51 791
51 62 845
62 51 845
51 57 183
57 51 183
51 55 413
55 51 413
51 61 705
61 51 705
51 67 479
67 51 479
51 66 183
66 51 183
52 64 623
64 52 623
52 56 544
56 52 544
52 66 246
66 52 246
52 65 632
65 52 632
53 60 139
60 53 139
53 68 613
68 53 613
53 61 195
61 53 195
53 59 532
59 53 532
53 64 750
64 53 750
53 61 24
61 53 24
54 58 987
58 54 987
54 58 582
58 54 582
54 54 325
54 54 325
54 67 484
67 54 484
54 66 480
66 54 480
55 62 173
62 55 173
55 59 279
59 55 279
55 59 673
59 55 673
56 65 218
65 56 218
56 61 457
61 56 457
56 59 758
59 56 758
56 65 981
65 56 981
57 65 112
65 57 112
57 58 510
58 57 510
57 66 52
66 57 52
57 68 209
68 57 209
58 63 90
63 58 90
58 61 277
61 58 277
59 60 186
60 59 186
59 61 42
61 59 42
59 60 16
60 59 16
59 60 751
60 59 751
59 68 388
68 59 388
60 67 206
67 60 206
60 66 686
66 60 686
60 61 372
61 60 372
61 64 771
64 61 771
61 63 891
63 61 891
61 68 77
68 61 77
61 64 208
64 61 208
61 64 370
64 61 370
62 65 979
65 62 979
62 66 227
66 62 227
63 68 521
68 63 521
63 63 636
63 63 636
64 66 544
66 64 544
64 67 343
67 64 343
65 67 573
67 65 573
65 66 197
66 65 197
