33

0 1 380
1 0 380
0 23 530
23 0 530
0 28 651
28 0 651
0 27 748
27 0 748
0 3 446
3 0 446
0 16 817
16 0 817
0 25 853
25 0 853
0 10 856
10 0 856
0 25 895
25 0 895
0 20 517
20 0 517
0 5 909
5 0 909
0 8 123
8 0 123
0 17 931
17 0 931
0 2 825
2 0 825
0 31 672
31 0 672
0 18 899
18 0 899
0 21 390
21 0 390
0 16 485
16 0 485
0 29 854
29 0 854
0 25 646
25 0 646
0 27 747
27 0 747
0 16 413
16 0 413
0 31 926
31 0 926
1 2 509
2 1 509
1 3 684
3 1 684
1 4 194
4 1 194
1 5 54
5 1 54
1 29 10
29 1 10
1 14 628
14 1 628
1 11 531
11 1 531
1 9 863
9 1 863
1 30 938
30 1 938
1 24 836
24 1 836
1 18 321
18 1 321
1 2 514
2 1 514
1 30 590
30 1 590
1 27 993
27 1 993
1 2 201
2 1 201
1 11 248
11 1 248
1 32 725
32 1 725
1 15 932
15 1 932
1 9 688
9 1 688
1 7 486
7 1 486
1 20 203
20 1 203
1 19 91
19 1 91
2 15 830
15 2 830
2 16 783
16 2 783
2 17 987
17 2 987
2 26 509
26 2 509
2 23 260
23 2 260
2 6 84
6 2 84
2 31 900
31 2 900
2 13 393
13 2 393
2 16 327
16 2 327
2 17 341
17 2 341
2 3 695
3 2 695
2 2 823
2 2 823
2 30 124
30 2 124
2 19 22
19 2 22
2 8 920
8 2 920
2 25 2
25 2 2
3 16 627
16 3 627
3 8 752
8 3 752
3 4 544
4 3 544
3 9 171
9 3 171
3 20 941
20 3 941
3 31 402
31 3 402
3 18 315
18 3 315
3 10 304
10 3 304
3 17 602
17 3 602
3 27 839
27 3 839
3 32 203
32 3 203
3 25 270
25 3 270
3 20 980
20 3 980
3 13 140
13 3 140
4 6 412
6 4 412
4 9 53
9 4 53
4 19 838
19 4 838
4 6 799
6 4 799
4 22 538
22 4 538
4 26 799
26 4 799
4 18 133
18 4 133
4 30 844
30 4 844
4 6 137
6 4 137
4 24 418
24 4 418
4 31 220
31 4 220
4 22 302
22 4 302
4 25 859
25 4 859
4 19 744
19 4 744
4 21 446
21 4 446
4 31 240
31 4 240
4 23 807
23 4 807
4 24 813
24 4 813
4 30 327
30 4 327
4 9 680
9 4 680
4 28 903
28 4 903
4 29 242
29 4 242
4 32 883
32 4 883
4 6 445
6 4 445
5 27 325
27 5 325
5 8 863
8 5 863
5 8 865
8 5 865
5 12 566
12 5 566
5 24 632
24 5 632
5 14 605
14 5 605
5 28 495
28 5 495
5 9 81
9 5 81
5 19 979
19 5 979
5 32 739
32 5 739
5 32 413
32 5 413
5 12 249
12 5 249
5 29 191
29 5 191
5 13 597
13 5 597
5 17 103
17 5 103
6 7 469
7 6 469
6 8 414
8 6 414
6 26 28
26 6 28
6 13 417
13 6 417
6 15 58
15 6 58
6 14 424
14 6 424
6 30 477
30 6 477
6 27 822
27 6 822
6 27 709
27 6 709
6 17 311
17 6 311
6 32 230
32 6 230
6 31 929
31 6 929
6 17 960
17 6 960
6 32 748
32 6 748
6 16 543
16 6 543
6 25 302
25 6 302
6 28 486
28 6 486
6 30 120
30 6 120
6 20 733
20 6 733
6 8 388
8 6 388
6 14 41
14 6 41
6 26 46
26 6 46
6 23 3
23 6 3
6 27 711
27 6 711
7 9 475
9 7 475
7 25 680
25 7 680
7 20 526
20 7 526
7 8 372
8 7 372
7 8 853
8 7 853
7 22 144
22 7 144
7 18 804
18 7 804
7 17 825
17 7 825
7 16 685
16 7 685
7 15 881
15 7 881
7 28 554
28 7 554
7 31 452
31 7 452
7 14 150
14 7 150
7 23 21
23 7 21
7 17 273
17 7 273
7 24 530
24 7 530
7 11 987
11 7 987
8 10 890
10 8 890
8 12 650
12 8 650
8 31 648
31 8 648
8 29 361
29 8 361
8 20 810
20 8 810
8 16 602
16 8 602
8 21 514
21 8 514
8 21 308
21 8 308
8 22 349
22 8 349
8 18 886
18 8 886
8 23 740
23 8 740
8 14 549
14 8 549
8 19 695
19 8 695
8 19 511
19 8 511
9 14 785
14 9 785
9 29 577
29 9 577
9 25 964
25 9 964
9 24 158
24 9 158
9 20 955
20 9 955
9 18 520
18 9 520
9 20 205
20 9 205
9 17 468
17 9 468
9 13 635
13 9 635
9 26 816
26 9 816
9 23 720
23 9 720
9 21 821
21 9 821
10 11 861
11 10 861
10 25 537
25 10 537
10 22 814
22 10 814
10 17 328
17 10 328
10 14 984
14 10 984
10 30 372
30 10 372
10 11 169
11 10 169
10 15 34
15 10 34
10 30 808
30 10 808
10 14 229
14 10 229
10 19 340
19 10 340
10 26 850
26 10 850
10 32 731
32 10 731
10 30 171
30 10 171
10 25 465
25 10 465
10 21 595
21 10 595
11 13 616
13 11 616
11 18 833
18 11 833
11 21 167
21 11 167
11 16 253
16 11 253
11 12 872
12 11 872
11 27 724
27 11 724
11 15 181
15 11 181
11 26 32
26 11 32
11 11 939
11 11 939
11 26 588
26 11 588
11 28 579
28 11 579
11 30 27
30 11 27
11 32 26
32 11 26
11 31 524
31 11 524
12 31 144
31 12 144
12 27 840
27 12 840
12 28 160
28 12 160
12 12 594
12 12 594
12 26 824
26 12 824
12 31 779
31 12 779
12 31 212
31 12 212
12 14 882
14 12 882
12 22 253
22 12 253
12 29 998
29 12 998
12 30 777
30 12 777
12 24 570
24 12 570
12 16 917
16 12 917
13 21 741
21 13 741
13 13 425
13 13 425
13 20 7
20 13 7
13 31 615
31 13 615
13 28 329
28 13 329
13 13 357
13 13 357
13 14 895
14 13 895
13 32 81
32 13 81
13 20 730
20 13 730
13 28 315
28 13 315
13 28 748
28 13 748
13 21 132
21 13 132
13 18 479
18 13 479
13 20 409
20 13 409
13 15 639
15 13 639
14 24 900
24 14 900
14 20 726
20 14 726
14 29 500
29 14 500
14 16 92
16 14 92
14 21 887
21 14 887
14 26 812
26 14 812
14 20 554
20 14 554
14 30 502
30 14 502
14 23 116
23 14 116
14 25 165
25 14 165
14 26 531
26 14 531
14 27 1000
27 14 1000
15 18 469
18 15 469
15 20 140
20 15 140
15 20 945
20 15 945
15 26 81
26 15 81
15 16 995
16 15 995
15 17 430
17 15 430
15 19 168
19 15 168
15 26 373
26 15 373
15 32 428
32 15 428
15 30 902
30 15 902
15 26 584
26 15 584
15 20 598
20 15 598
15 22 604
22 15 604
15 25 293
25 15 293
15 28 191
28 15 191
15 21 863
21 15 863
15 20 158
20 15 158
15 20 976
20 15 976
15 18 207
18 15 207
16 20 444
20 16 444
16 30 132
30 16 132
16 20 180
20 16 180
16 18 39
18 16 39
16 30 722
30 16 722
16 17 25
17 16 25
16 32 864
32 16 864
16 27 796
27 16 796
17 19 429
19 17 429
17 18 94
18 17 94
17 23 383
23 17 383
17 32 819
32 17 819
17 22 176
22 17 176
17 17 397
17 17 397
17 20 852
20 17 852
17 26 962
26 17 962
17 30 566
30 17 566
17 19 787
19 17 787
17 29 81
29 17 81
17 25 973
25 17 973
17 32 962
32 17 962
17 21 235
21 17 235
18 24 215
24 18 215
18 28 1
28 18 1
18 27 417
27 18 417
18 32 397
32 18 397
18 19 135
19 18 135
18 28 479
28 18 479
18 28 586
28 18 586
18 22 846
22 18 846
18 25 535
25 18 535
18 25 274
25 18 274
18 24 988
24 18 988
18 21 982
21 18 982
18 25 578
25 18 578
18 28 715
28 18 715
19 30 164
30 19 164
19 28 688
28 19 688
19 31 190
31 19 190
19 24 830
24 19 830
19 24 54
24 19 54
19 19 689
19 19 689
19 20 87
20 19 87
20 21 215
21 20 215
20 31 342
31 20 342
20 23 456
23 20 456
20 25 194
25 20 194
20 21 826
21 20 826
20 21 165
21 20 165
20 25 340
25 20 340
20 30 242
30 20 242
20 29 815
29 20 815
21 22 922
22 21 922
21 32 712
32 21 712
21 24 860
24 21 860
21 23 945
23 21 945
21 30 998
30 21 998
22 32 558
32 22 558
23 25 316
25 23 316
23 32 645
32 23 645
23 27 188
27 23 188
23 27 538
27 23 538
23 29 931
29 23 931
24 26 658
26 24 658
24 32 249
32 24 249
24 24 795
24 24 795
24 30 837
30 24 837
24 31 517
31 24 517
24 29 922
29 24 922
24 31 82
31 24 82
24 30 672
30 24 672
25 27 89
27 25 89
25 28 723
28 25 723
25 30 875
30 25 875
25 28 505
28 25 505
25 31 500
31 25 500
25 27 335
27 25 335
26 27 909
27 26 909
26 29 506
29 26 506
26 26 784
26 26 784
26 26 164
26 26 164
27 28 1
28 27 1
27 29 205
29 27 205
27 31 428
31 27 428
28 31 617
31 28 617
28 30 615
30 28 615
28 28 34
28 28 34
28 31 383
31 28 383
29 31 801
31 29 801
30 32 252
32 30 252
31 32 118
32 31 118
32 32 460
32 32 460
