57

0 1 184
1 0 184
0 2 820
2 0 820
0 4 198
4 0 198
0 8 795
8 0 795
0 16 534
16 0 534
0 20 683
20 0 683
0 46 34
46 0 34
0 41 670
41 0 670
0 35 499
35 0 499
0 3 806
3 0 806
0 34 790
34 0 790
0 12 109
12 0 109
0 20 73
20 0 73
0 13 816
13 0 816
0 39 775
39 0 775
0 56 989
56 0 989
0 53 229
53 0 229
0 2 767
2 0 767
0 36 590
36 0 590
0 41 588
41 0 588
0 50 378
50 0 378
0 25 3
25 0 3
0 29 348
29 0 348
0 13 660
13 0 660
0 39 407
39 0 407
0 56 499
56 0 499
0 7 318
7 0 318
0 38 612
38 0 612
0 45 466
45 0 466
0 27 928
27 0 928
0 47 57
47 0 57
0 18 628
18 0 628
0 23 871
23 0 871
1 11 592
11 1 592
1 15 62
15 1 62
1 33 287
33 1 287
1 27 886
27 1 886
1 45 283
45 1 283
1 52 424
52 1 424
1 40 298
40 1 298
1 26 787
26 1 787
1 9 259
9 1 259
1 30 753
30 1 753
1 55 867
55 1 867
1 14 429
14 1 429
1 40 572
40 1 572
1 22 60
22 1 60
1 6 917
6 1 917
1 36 116
36 1 116
1 3 494
3 1 494
1 9 466
9 1 466
1 25 698
25 1 698
1 18 550
18 1 550
1 37 33
37 1 33
1 37 33
37 1 33
1 51 53
51 1 53
1 26 583
26 1 583
1 23 38
23 1 38
1 16 192
16 1 192
1 6 873
6 1 873
1 33 487
33 1 487
1 4 269
4 1 269
1 29 824
29 1 824
1 36 595
36 1 595
1 30 436
30 1 436
1 49 428
49 1 428
1 26 321
26 1 321
1 45 991
45 1 991
1 54 677
54 1 677
2 3 520
3 2 520
2 9 202
9 2 202
2 41 506
41 2 506
2 30 398
30 2 398
2 10 578
10 2 578
2 26 694
26 2 694
2 48 637
48 2 637
2 42 117
42 2 117
2 52 955
52 2 955
2 15 285
15 2 285
2 12 621
12 2 621
2 52 643
52 2 643
2 15 616
15 2 616
2 49 235
49 2 235
2 19 639
19 2 639
2 21 112
21 2 112
2 6 933
6 2 933
2 28 268
28 2 268
2 37 413
37 2 413
2 27 803
27 2 803
2 56 56
56 2 56
2 32 864
32 2 864
2 9 142
9 2 142
2 38 757
38 2 757
2 56 99
56 2 99
2 15 249
15 2 249
2 48 644
48 2 644
3 7 274
7 3 274
3 13 256
13 3 256
3 25 569
25 3 569
3 30 265
30 3 265
3 40 651
40 3 651
3 50 53
50 3 53
3 33 301
33 3 301
3 15 599
15 3 599
3 34 517
34 3 517
3 4 44
4 3 44
3 51 153
51 3 153
3 12 2
12 3 2
3 20 105
20 3 105
3 26 140
26 3 140
3 15 822
15 3 822
3 44 152
44 3 152
3 51 882
51 3 882
3 3 602
3 3 602
3 11 620
11 3 620
3 44 721
44 3 721
3 21 772
21 3 772
3 52 262
52 3 262
3 29 455
29 3 455
3 9 989
9 3 989
3 22 369
22 3 369
3 25 833
25 3 833
3 36 73
36 3 73
3 9 322
9 3 322
3 15 935
15 3 935
3 45 528
45 3 528
3 18 496
18 3 496
3 41 78
41 3 78
3 5 495
5 3 495
3 35 497
35 3 497
3 19 828
19 3 828
3 5 481
5 3 481
3 50 670
50 3 670
3 7 227
7 3 227
3 11 341
11 3 341
3 35 99
35 3 99
3 56 335
56 3 335
3 30 570
30 3 570
3 18 939
18 3 939
3 5 108
5 3 108
3 17 830
17 3 830
4 5 508
5 4 508
4 55 584
55 4 584
4 49 60
49 4 60
4 6 701
6 4 701
4 18 967
18 4 967
4 50 136
50 4 136
4 31 863
31 4 863
4 10 773
10 4 773
4 41 824
41 4 824
4 16 481
16 4 481
4 5 143
5 4 143
4 29 257
29 4 257
4 8 797
8 4 797
4 25 681
25 4 681
4 39 702
39 4 702
4 5 851
5 4 851
4 31 184
31 4 184
4 26 79
26 4 79
4 44 211
44 4 211
4 24 81
24 4 81
4 10 550
10 4 550
4 37 64
37 4 64
4 39 26
39 4 26
4 8 978
8 4 978
4 6 120
6 4 120
4 19 621
19 4 621
4 49 939
49 4 939
4 35 327
35 4 327
4 17 907
17 4 907
4 20 68
20 4 68
4 14 117
14 4 117
4 38 313
38 4 313
4 31 388
31 4 388
5 6 663
6 5 663
5 54 732
54 5 732
5 51 288
51 5 288
5 15 610
15 5 610
5 9 867
9 5 867
5 53 880
53 5 880
5 44 21
44 5 21
5 41 621
41 5 621
5 5 310
5 5 310
5 31 835
31 5 835
5 12 539
12 5 539
5 56 153
56 5 153
5 19 528
19 5 528
5 55 72
55 5 72
5 9 41
9 5 41
5 22 542
22 5 542
5 8 968
8 5 968
5 21 237
21 5 237
5 8 729
8 5 729
5 54 700
54 5 700
5 41 523
41 5 523
5 51 968
51 5 968
5 6 84
6 5 84
5 28 82
28 5 82
5 49 300
49 5 300
5 53 799
53 5 799
5 16 400
16 5 400
5 34 451
34 5 451
5 14 261
14 5 261
6 12 277
12 6 277
6 49 942
49 6 942
6 20 665
20 6 665
6 49 358
49 6 358
6 40 892
40 6 892
6 29 899
29 6 899
6 31 775
31 6 775
6 29 502
29 6 502
6 49 563
49 6 563
6 25 918
25 6 918
6 33 647
33 6 647
6 32 276
32 6 276
6 39 258
39 6 258
6 22 861
22 6 861
6 51 410
51 6 410
6 9 955
9 6 955
6 11 135
11 6 135
6 33 234
33 6 234
6 41 86
41 6 86
6 6 681
6 6 681
6 7 138
7 6 138
6 48 914
48 6 914
6 7 111
7 6 111
6 9 810
9 6 810
6 22 369
22 6 369
6 44 41
44 6 41
6 20 614
20 6 614
7 49 256
49 7 256
7 52 686
52 7 686
7 36 231
36 7 231
7 30 88
30 7 88
7 26 17
26 7 17
7 32 324
32 7 324
7 26 697
26 7 697
7 24 746
24 7 746
7 37 440
37 7 440
7 11 524
11 7 524
7 40 661
40 7 661
7 18 329
18 7 329
7 49 301
49 7 301
7 12 676
12 7 676
7 7 151
7 7 151
7 45 894
45 7 894
7 10 612
10 7 612
7 34 161
34 7 161
7 45 686
45 7 686
7 46 517
46 7 517
7 54 793
54 7 793
7 13 568
13 7 568
7 18 107
18 7 107
7 35 893
35 7 893
7 38 439
38 7 439
7 8 512
8 7 512
8 17 257
17 8 257
8 24 943
24 8 943
8 31 823
31 8 823
8 47 456
47 8 456
8 16 10
16 8 10
8 47 209
47 8 209
8 45 14
45 8 14
8 14 839
14 8 839
8 49 930
49 8 930
8 18 938
18 8 938
8 23 285
23 8 285
8 40 225
40 8 225
8 24 385
24 8 385
8 50 588
50 8 588
8 17 100
17 8 100
8 27 803
27 8 803
8 14 614
14 8 614
8 23 418
23 8 418
8 41 148
41 8 148
8 22 197
22 8 197
8 53 186
53 8 186
9 10 284
10 9 284
9 18 865
18 9 865
9 24 878
24 9 878
9 35 397
35 9 397
9 49 308
49 9 308
9 19 308
19 9 308
9 25 623
25 9 623
9 26 143
26 9 143
9 45 147
45 9 147
9 30 656
30 9 656
9 25 253
25 9 253
9 52 47
52 9 47
9 30 353
30 9 353
9 17 289
17 9 289
9 36 405
36 9 405
9 39 10
39 9 10
9 44 136
44 9 136
9 16 791
16 9 791
9 39 737
39 9 737
9 49 564
49 9 564
9 52 495
52 9 495
9 56 435
56 9 435
9 23 31
23 9 31
9 32 546
32 9 546
9 47 221
47 9 221
9 38 795
38 9 795
10 14 259
14 10 259
10 16 155
16 10 155
10 42 822
42 10 822
10 19 634
19 10 634
10 35 689
35 10 689
10 52 576
52 10 576
10 29 502
29 10 502
10 34 913
34 10 913
10 47 325
47 10 325
10 39 132
39 10 132
10 30 432
30 10 432
10 24 469
24 10 469
10 22 701
22 10 701
10 37 785
37 10 785
10 53 473
53 10 473
10 53 482
53 10 482
10 23 649
23 10 649
10 30 294
30 10 294
10 55 965
55 10 965
10 55 51
55 10 51
10 17 812
17 10 812
10 42 896
42 10 896
10 16 805
16 10 805
10 51 699
51 10 699
10 28 480
28 10 480
10 44 96
44 10 96
10 20 492
20 10 492
11 29 640
29 11 640
11 50 80
50 11 80
11 48 22
48 11 22
11 45 345
45 11 345
11 54 877
54 11 877
11 33 998
33 11 998
11 55 785
55 11 785
11 35 469
35 11 469
11 47 277
47 11 277
11 20 700
20 11 700
11 18 859
18 11 859
11 42 835
42 11 835
11 17 396
17 11 396
11 29 352
29 11 352
11 36 56
36 11 56
11 12 490
12 11 490
11 25 713
25 11 713
11 26 982
26 11 982
11 18 700
18 11 700
11 51 312
51 11 312
11 26 779
26 11 779
11 21 373
21 11 373
11 49 783
49 11 783
11 11 124
11 11 124
12 22 558
22 12 558
12 26 708
26 12 708
12 28 575
28 12 575
12 35 937
35 12 937
12 45 812
45 12 812
12 53 157
53 12 157
12 14 948
14 12 948
12 35 90
35 12 90
12 22 912
22 12 912
12 39 502
39 12 502
12 48 817
48 12 817
12 17 472
17 12 472
12 15 772
15 12 772
12 26 443
26 12 443
12 28 619
28 12 619
12 27 900
27 12 900
12 31 336
31 12 336
12 25 40
25 12 40
12 50 808
50 12 808
12 53 904
53 12 904
12 33 887
33 12 887
12 20 533
20 12 533
12 47 550
47 12 550
12 35 210
35 12 210
12 37 920
37 12 920
12 41 923
41 12 923
12 18 326
18 12 326
12 15 852
15 12 852
12 28 409
28 12 409
12 52 287
52 12 287
12 15 889
15 12 889
12 21 721
21 12 721
12 37 220
37 12 220
13 36 36
36 13 36
13 43 39
43 13 39
13 54 509
54 13 509
13 53 637
53 13 637
13 22 676
22 13 676
13 56 208
56 13 208
13 37 447
37 13 447
13 42 141
42 13 141
13 14 183
14 13 183
13 20 717
20 13 717
13 17 604
17 13 604
13 42 177
42 13 177
13 25 566
25 13 566
13 15 583
15 13 583
13 26 610
26 13 610
13 19 132
19 13 132
13 49 977
49 13 977
13 32 260
32 13 260
13 38 877
38 13 877
13 21 699
21 13 699
13 43 397
43 13 397
13 16 743
16 13 743
13 23 86
23 13 86
13 56 187
56 13 187
13 28 651
28 13 651
13 26 160
26 13 160
13 30 977
30 13 977
13 52 957
52 13 957
13 47 445
47 13 445
13 31 254
31 13 254
13 38 730
38 13 730
13 29 100
29 13 100
14 23 889
23 14 889
14 26 402
26 14 402
14 34 398
34 14 398
14 24 839
24 14 839
14 30 776
30 14 776
14 49 747
49 14 747
14 46 900
46 14 900
14 47 278
47 14 278
14 24 376
24 14 376
14 48 221
48 14 221
14 41 299
41 14 299
14 53 185
53 14 185
14 31 668
31 14 668
14 21 927
21 14 927
14 27 159
27 14 159
14 52 307
52 14 307
14 52 997
52 14 997
14 47 260
47 14 260
14 34 938
34 14 938
14 29 732
29 14 732
14 34 548
34 14 548
14 19 796
19 14 796
14 36 800
36 14 800
14 31 212
31 14 212
14 27 993
27 14 993
15 21 858
21 15 858
15 34 203
34 15 203
15 47 298
47 15 298
15 53 277
53 15 277
15 38 170
38 15 170
15 16 688
16 15 688
15 49 266
49 15 266
15 43 290
43 15 290
15 20 67
20 15 67
15 24 601
24 15 601
15 36 110
36 15 110
15 49 261
49 15 261
15 43 654
43 15 654
15 52 110
52 15 110
15 23 203
23 15 203
15 46 800
46 15 800
15 18 644
18 15 644
15 18 408
18 15 408
15 40 16
40 15 16
15 35 914
35 15 914
15 52 496
52 15 496
15 34 123
34 15 123
15 42 30
42 15 30
15 30 323
30 15 323
15 15 816
15 15 816
15 19 564
19 15 564
16 19 153
19 16 153
16 20 893
20 16 893
16 39 532
39 16 532
16 46 701
46 16 701
16 46 887
46 16 887
16 31 108
31 16 108
16 41 321
41 16 321
16 21 923
21 16 923
16 42 50
42 16 50
16 38 539
38 16 539
16 47 400
47 16 400
16 27 171
27 16 171
16 48 595
48 16 595
16 32 66
32 16 66
16 41 851
41 16 851
16 31 160
31 16 160
16 54 201
54 16 201
16 49 327
49 16 327
16 32 999
32 16 999
16 29 83
29 16 83
16 18 149
18 16 149
16 46 748
46 16 748
16 32 48
32 16 48
16 48 691
48 16 691
16 54 214
54 16 214
16 41 692
41 16 692
16 36 889
36 16 889
16 52 461
52 16 461
16 26 291
26 16 291
16 50 999
50 16 999
17 20 359
20 17 359
17 50 130
50 17 130
17 17 567
17 17 567
17 19 305
19 17 305
17 48 924
48 17 924
17 55 718
55 17 718
17 26 227
26 17 227
17 27 307
27 17 307
17 52 845
52 17 845
17 31 595
31 17 595
17 23 571
23 17 571
17 26 634
26 17 634
17 22 153
22 17 153
17 47 950
47 17 950
18 37 317
37 18 317
18 45 659
45 18 659
18 20 486
20 18 486
18 37 999
37 18 999
18 44 570
44 18 570
18 51 934
51 18 934
18 19 136
19 18 136
18 35 787
35 18 787
18 28 872
28 18 872
18 34 61
34 18 61
18 23 773
23 18 773
18 40 941
40 18 941
18 27 595
27 18 595
18 25 773
25 18 773
18 32 756
32 18 756
18 53 174
53 18 174
18 53 284
53 18 284
18 40 282
40 18 282
18 41 399
41 18 399
18 55 446
55 18 446
18 32 310
32 18 310
18 40 206
40 18 206
18 25 384
25 18 384
18 34 115
34 18 115
19 51 562
51 19 562
19 23 979
23 19 979
19 53 874
53 19 874
19 40 200
40 19 200
19 53 629
53 19 629
19 40 813
40 19 813
19 38 442
38 19 442
19 50 517
50 19 517
19 48 943
48 19 943
19 41 322
41 19 322
19 26 268
26 19 268
19 19 442
19 19 442
19 23 917
23 19 917
19 29 845
29 19 845
19 44 76
44 19 76
19 49 939
49 19 939
19 39 77
39 19 77
19 34 622
34 19 622
20 52 9
52 20 9
20 31 922
31 20 922
20 24 739
24 20 739
20 54 295
54 20 295
20 53 569
53 20 569
20 24 714
24 20 714
20 29 578
29 20 578
20 47 649
47 20 649
20 51 207
51 20 207
20 42 831
42 20 831
20 47 741
47 20 741
20 49 113
49 20 113
20 21 504
21 20 504
20 54 299
54 20 299
20 53 675
53 20 675
20 24 372
24 20 372
20 56 765
56 20 765
20 43 859
43 20 859
20 36 487
36 20 487
20 39 90
39 20 90
21 27 944
27 21 944
21 34 333
34 21 333
21 30 280
30 21 280
21 52 748
52 21 748
21 56 353
56 21 353
21 22 68
22 21 68
21 46 439
46 21 439
21 27 63
27 21 63
21 48 494
48 21 494
21 54 432
54 21 432
21 27 731
27 21 731
21 35 693
35 21 693
21 54 403
54 21 403
21 34 778
34 21 778
21 36 162
36 21 162
21 25 911
25 21 911
21 33 576
33 21 576
22 31 920
31 22 920
22 38 14
38 22 14
22 51 278
51 22 278
22 23 531
23 22 531
22 49 928
49 22 928
22 24 235
24 22 235
22 41 492
41 22 492
22 46 467
46 22 467
22 24 475
24 22 475
22 48 119
48 22 119
22 30 358
30 22 358
22 28 686
28 22 686
22 29 749
29 22 749
22 35 50
35 22 50
22 33 139
33 22 139
22 52 1
52 22 1
22 51 597
51 22 597
22 43 96
43 22 96
22 41 927
41 22 927
22 46 539
46 22 539
22 23 618
23 22 618
22 45 122
45 22 122
22 37 168
37 22 168
22 23 130
23 22 130
22 52 152
52 22 152
23 32 446
32 23 446
23 53 989
53 23 989
23 39 393
39 23 393
23 36 85
36 23 85
23 37 922
37 23 922
23 41 940
41 23 940
23 30 463
30 23 463
23 27 554
27 23 554
23 30 571
30 23 571
23 23 368
23 23 368
23 30 505
30 23 505
23 43 666
43 23 666
23 27 992
27 23 992
23 40 294
40 23 294
23 55 789
55 23 789
23 26 12
26 23 12
23 44 29
44 23 29
23 26 658
26 23 658
23 25 711
25 23 711
23 24 632
24 23 632
23 50 823
50 23 823
23 46 892
46 23 892
23 27 200
27 23 200
24 27 80
27 24 80
24 54 945
54 24 945
24 33 659
33 24 659
24 39 874
39 24 874
24 32 428
32 24 428
24 49 631
49 24 631
24 38 531
38 24 531
24 54 959
54 24 959
24 27 607
27 24 607
24 39 219
39 24 219
24 42 700
42 24 700
24 40 664
40 24 664
24 46 283
46 24 283
24 50 384
50 24 384
24 42 396
42 24 396
24 40 36
40 24 36
24 54 1
54 24 1
24 35 195
35 24 195
24 33 608
33 24 608
24 54 819
54 24 819
24 29 321
29 24 321
24 50 812
50 24 812
24 46 636
46 24 636
24 52 552
52 24 552
24 51 769
51 24 769
25 48 190
48 25 190
25 52 65
52 25 65
25 36 829
36 25 829
25 48 796
48 25 796
25 53 559
53 25 559
25 34 836
34 25 836
25 34 101
34 25 101
25 28 773
28 25 773
25 54 666
54 25 666
25 52 4
52 25 4
25 50 888
50 25 888
25 30 458
30 25 458
25 52 85
52 25 85
25 44 442
44 25 442
25 34 61
34 25 61
25 49 690
49 25 690
25 52 155
52 25 155
25 43 898
43 25 898
25 51 985
51 25 985
25 43 643
43 25 643
25 42 826
42 25 826
25 51 699
51 25 699
25 27 994
27 25 994
25 30 113
30 25 113
25 51 791
51 25 791
25 56 254
56 25 254
26 48 710
48 26 710
26 34 622
34 26 622
26 36 583
36 26 583
26 54 811
54 26 811
26 38 79
38 26 79
26 43 444
43 26 444
26 53 164
53 26 164
26 38 425
38 26 425
26 48 602
48 26 602
26 39 314
39 26 314
26 43 71
43 26 71
26 32 380
32 26 380
26 35 556
35 26 556
26 49 715
49 26 715
26 44 838
44 26 838
26 42 921
42 26 921
27 53 653
53 27 653
27 49 116
49 27 116
27 54 169
54 27 169
27 54 598
54 27 598
27 44 517
44 27 517
27 56 886
56 27 886
27 34 733
34 27 733
27 42 588
42 27 588
27 35 294
35 27 294
27 29 654
29 27 654
27 34 97
34 27 97
27 28 958
28 27 958
27 49 412
49 27 412
27 33 7
33 27 7
27 52 54
52 27 54
27 39 628
39 27 628
27 29 896
29 27 896
27 34 842
34 27 842
27 39 548
39 27 548
27 56 2
56 27 2
27 53 32
53 27 32
28 39 620
39 28 620
28 42 608
42 28 608
28 39 928
39 28 928
28 49 977
49 28 977
28 53 746
53 28 746
28 38 487
38 28 487
28 56 213
56 28 213
28 33 340
33 28 340
28 47 44
47 28 44
28 41 201
41 28 201
28 29 893
29 28 893
28 32 920
32 28 920
28 40 756
40 28 756
28 54 97
54 28 97
28 36 214
36 28 214
29 37 534
37 29 534
29 30 292
30 29 292
29 51 667
51 29 667
29 37 18
37 29 18
29 45 30
45 29 30
29 45 519
45 29 519
29 39 352
39 29 352
29 45 487
45 29 487
29 45 174
45 29 174
29 44 501
44 29 501
29 49 701
49 29 701
29 45 546
45 29 546
29 33 535
33 29 535
29 39 787
39 29 787
29 42 507
42 29 507
29 51 135
51 29 135
30 31 136
31 30 136
30 48 905
48 30 905
30 52 852
52 30 852
30 55 252
55 30 252
30 33 900
33 30 900
30 31 185
31 30 185
30 56 178
56 30 178
30 48 142
48 30 142
30 47 766
47 30 766
30 36 490
36 30 490
30 54 19
54 30 19
30 34 835
34 30 835
30 53 868
53 30 868
30 45 847
45 30 847
30 44 431
44 30 431
30 40 986
40 30 986
30 32 160
32 30 160
31 43 722
43 31 722
31 45 836
45 31 836
31 33 64
33 31 64
31 53 207
53 31 207
31 49 609
49 31 609
31 32 777
32 31 777
31 37 912
37 31 912
31 53 864
53 31 864
31 50 27
50 31 27
31 41 189
41 31 189
31 46 692
46 31 692
31 50 849
50 31 849
31 45 883
45 31 883
31 33 889
33 31 889
32 35 450
35 32 450
32 37 94
37 32 94
32 53 846
53 32 846
32 50 95
50 32 95
32 45 651
45 32 651
32 47 583
47 32 583
32 55 720
55 32 720
32 50 797
50 32 797
32 52 662
52 32 662
32 54 795
54 32 795
32 45 924
45 32 924
32 36 185
36 32 185
32 52 764
52 32 764
32 36 647
36 32 647
32 50 230
50 32 230
32 41 836
41 32 836
32 54 721
54 32 721
32 42 392
42 32 392
32 54 734
54 32 734
32 50 266
50 32 266
32 52 602
52 32 602
33 56 531
56 33 531
33 55 823
55 33 823
33 48 792
48 33 792
33 42 124
42 33 124
33 36 861
36 33 861
33 56 527
56 33 527
33 53 548
53 33 548
34 44 636
44 34 636
34 48 659
48 34 659
34 44 926
44 34 926
34 49 583
49 34 583
34 49 259
49 34 259
34 56 310
56 34 310
34 42 478
42 34 478
34 51 547
51 34 547
34 38 676
38 34 676
34 46 768
46 34 768
34 50 132
50 34 132
34 56 932
56 34 932
34 41 847
41 34 847
34 46 684
46 34 684
34 39 604
39 34 604
35 54 652
54 35 652
35 50 20
50 35 20
35 47 552
47 35 552
35 46 124
46 35 124
36 53 376
53 36 376
36 53 532
53 36 532
36 38 836
38 36 836
36 41 27
41 36 27
36 40 489
40 36 489
36 45 156
45 36 156
36 50 531
50 36 531
36 52 174
52 36 174
36 53 557
53 36 557
36 37 372
37 36 372
36 42 955
42 36 955
36 48 617
48 36 617
36 39 683
39 36 683
36 36 121
36 36 121
37 43 107
43 37 107
37 50 71
50 37 71
37 41 483
41 37 483
37 41 543
41 37 543
37 48 637
48 37 637
37 51 681
51 37 681
37 39 531
39 37 531
37 53 200
53 37 200
38 41 740
41 38 740
38 48 104
48 38 104
38 54 84
54 38 84
38 51 703
51 38 703
38 44 252
44 38 252
38 47 355
47 38 355
38 49 425
49 38 425
38 48 880
48 38 880
38 56 47
56 38 47
38 47 732
47 38 732
38 56 653
56 38 653
38 48 527
48 38 527
38 56 753
56 38 753
39 40 158
40 39 158
39 55 330
55 39 330
39 54 175
54 39 175
39 43 362
43 39 362
39 53 135
53 39 135
39 51 856
51 39 856
39 44 258
44 39 258
39 46 714
46 39 714
39 44 748
44 39 748
39 47 14
47 39 14
39 45 660
45 39 660
39 55 211
55 39 211
40 41 265
41 40 265
40 43 639
43 40 639
40 41 228
41 40 228
40 51 203
51 40 203
40 50 610
50 40 610
40 50 451
50 40 451
40 52 994
52 40 994
40 55 78
55 40 78
40 49 750
49 40 750
40 47 238
47 40 238
40 55 823
55 40 823
41 56 952
56 41 952
41 53 598
53 41 598
41 55 129
55 41 129
41 52 324
52 41 324
42 49 520
49 42 520
42 48 451
48 42 451
42 43 710
43 42 710
42 51 515
51 42 515
42 44 490
44 42 490
42 56 151
56 42 151
42 52 804
52 42 804
42 51 384
51 42 384
43 51 202
51 43 202
43 51 897
51 43 897
43 49 472
49 43 472
43 52 743
52 43 743
44 54 635
54 44 635
44 54 280
54 44 280
44 55 452
55 44 452
44 45 187
45 44 187
44 54 985
54 44 985
45 53 7
53 45 7
45 52 952
52 45 952
45 50 33
50 45 33
45 46 760
46 45 760
46 54 65
54 46 65
46 47 972
47 46 972
46 55 939
55 46 939
46 49 193
49 46 193
46 53 109
53 46 109
47 55 89
55 47 89
47 53 886
53 47 886
47 54 274
54 47 274
47 54 119
54 47 119
47 53 749
53 47 749
47 51 306
51 47 306
48 54 725
54 48 725
48 52 139
52 48 139
48 48 338
48 48 338
48 54 429
54 48 429
48 54 613
54 48 613
48 55 574
55 48 574
48 56 258
56 48 258
49 49 279
49 49 279
49 53 16
53 49 16
50 53 201
53 50 201
50 56 715
56 50 715
50 56 77
56 50 77
50 55 699
55 50 699
50 55 350
55 50 350
50 55 151
55 50 151
50 52 106
52 50 106
51 55 421
55 51 421
51 51 42
51 51 42
51 54 650
54 51 650
52 54 288
54 52 288
52 54 144
54 52 144
52 56 790
56 52 790
