34

0 1 294
1 0 294
0 4 317
4 0 317
0 5 118
5 0 118
0 22 874
22 0 874
0 18 984
18 0 984
0 19 96
19 0 96
1 2 450
2 1 450
1 9 786
9 1 786
1 27 575
27 1 575
2 3 463
3 2 463
2 18 488
18 2 488
2 29 854
29 2 854
3 10 924
10 3 924
3 11 660
11 3 660
3 13 754
13 3 754
4 6 913
6 4 913
4 7 121
7 4 121
5 17 403
17 5 403
5 28 357
28 5 357
6 16 518
16 6 518
6 6 571
6 6 571
7 8 693
8 7 693
7 33 468
33 7 468
7 22 372
22 7 372
7 14 905
14 7 905
7 16 271
16 7 271
8 12 330
12 8 330
8 13 535
13 8 535
8 19 591
19 8 591
8 20 421
20 8 421
8 27 182
27 8 182
8 21 734
21 8 734
8 9 140
9 8 140
8 17 97
17 8 97
9 14 994
14 9 994
10 18 118
18 10 118
10 15 777
15 10 777
10 21 683
21 10 683
11 14 348
14 11 348
11 15 531
15 11 531
11 30 490
30 11 490
11 33 750
33 11 750
12 24 289
24 12 289
13 17 820
17 13 820
14 23 805
23 14 805
14 14 126
14 14 126
15 21 385
21 15 385
15 23 292
23 15 292
19 32 105
32 19 105
19 21 115
21 19 115
20 21 75
21 20 75
21 30 225
30 21 225
21 29 818
29 21 818
22 25 986
25 22 986
22 31 95
31 22 95
23 24 184
24 23 184
24 26 523
26 24 523
26 28 810
28 26 810
31 32 1000
32 31 1000
