73

0 1 157
1 0 157
0 2 263
2 0 263
0 3 921
3 0 921
0 11 364
11 0 364
0 34 401
34 0 401
0 37 930
37 0 930
0 46 304
46 0 304
0 39 572
39 0 572
0 12 955
12 0 955
0 50 904
50 0 904
0 49 363
49 0 363
0 38 763
38 0 763
0 49 417
49 0 417
0 34 221
34 0 221
0 22 508
22 0 508
0 16 222
16 0 222
0 11 857
11 0 857
1 4 328
4 1 328
1 5 617
5 1 617
1 13 452
13 1 452
1 20 497
20 1 497
1 38 501
38 1 501
1 44 51
44 1 51
1 20 584
20 1 584
1 20 51
20 1 51
1 63 592
63 1 592
1 45 147
45 1 147
1 66 675
66 1 675
1 37 442
37 1 442
1 6 529
6 1 529
1 56 388
56 1 388
1 36 492
36 1 492
1 55 935
55 1 935
1 20 91
20 1 91
2 11 87
11 2 87
2 9 672
9 2 672
2 36 712
36 2 712
2 67 43
67 2 43
2 11 705
11 2 705
2 11 454
11 2 454
2 67 383
67 2 383
2 43 502
43 2 502
2 16 365
16 2 365
3 9 392
9 3 392
3 10 185
10 3 185
3 20 387
20 3 387
3 52 216
52 3 216
3 14 702
14 3 702
3 48 84
48 3 84
3 62 633
62 3 633
3 52 737
52 3 737
3 18 49
18 3 49
3 11 725
11 3 725
3 15 836
15 3 836
3 42 457
42 3 457
3 59 610
59 3 610
3 29 934
29 3 934
4 6 350
6 4 350
4 25 306
25 4 306
4 40 986
40 4 986
4 15 125
15 4 125
4 24 197
24 4 197
4 70 712
70 4 712
4 7 147
7 4 147
4 35 138
35 4 138
4 4 122
4 4 122
4 67 29
67 4 29
4 19 884
19 4 884
4 22 769
22 4 769
5 7 7
7 5 7
5 12 253
12 5 253
5 45 717
45 5 717
5 25 196
25 5 196
5 56 757
56 5 757
5 39 269
39 5 269
5 5 974
5 5 974
6 66 443
66 6 443
6 28 832
28 6 832
6 57 284
57 6 284
6 59 421
59 6 421
6 12 315
12 6 315
6 72 933
72 6 933
6 42 350
42 6 350
6 32 471
32 6 471
6 69 327
69 6 327
6 56 706
56 6 706
6 33 578
33 6 578
6 43 623
43 6 623
7 8 726
8 7 726
7 16 121
16 7 121
7 10 671
10 7 671
7 12 415
12 7 415
7 29 973
29 7 973
7 48 730
48 7 730
7 49 109
49 7 109
7 53 789
53 7 789
8 21 159
21 8 159
8 28 767
28 8 767
8 55 904
55 8 904
8 64 667
64 8 667
8 58 199
58 8 199
8 24 150
24 8 150
8 42 619
42 8 619
8 57 502
57 8 502
8 13 923
13 8 923
8 17 598
17 8 598
8 68 625
68 8 625
9 50 505
50 9 505
9 10 665
10 9 665
9 60 588
60 9 588
9 25 87
25 9 87
9 56 579
56 9 579
9 45 130
45 9 130
9 10 409
10 9 409
9 23 19
23 9 19
9 61 428
61 9 428
10 12 394
12 10 394
10 14 529
14 10 529
10 46 896
46 10 896
10 51 676
51 10 676
10 60 606
60 10 606
10 12 788
12 10 788
10 49 946
49 10 946
10 13 231
13 10 231
10 44 15
44 10 15
10 10 877
10 10 877
10 32 382
32 10 382
10 36 802
36 10 802
10 13 191
13 10 191
10 25 591
25 10 591
10 41 709
41 10 709
10 23 743
23 10 743
10 38 125
38 10 125
10 44 428
44 10 428
10 43 510
43 10 510
10 34 257
34 10 257
11 46 901
46 11 901
11 31 599
31 11 599
11 56 90
56 11 90
11 70 374
70 11 374
11 48 57
48 11 57
11 15 727
15 11 727
11 12 310
12 11 310
11 46 579
46 11 579
11 16 575
16 11 575
11 41 41
41 11 41
11 65 768
65 11 768
12 30 634
30 12 634
12 62 172
62 12 172
12 69 629
69 12 629
12 33 601
33 12 601
12 15 352
15 12 352
12 33 823
33 12 823
12 32 249
32 12 249
12 68 164
68 12 164
12 15 995
15 12 995
12 18 60
18 12 60
12 45 857
45 12 857
12 43 174
43 12 174
12 49 849
49 12 849
12 19 97
19 12 97
13 24 973
24 13 973
13 19 676
19 13 676
13 67 258
67 13 258
13 51 643
51 13 643
13 35 713
35 13 713
13 21 739
21 13 739
13 37 493
37 13 493
13 39 852
39 13 852
14 15 663
15 14 663
14 18 370
18 14 370
14 19 637
19 14 637
14 22 822
22 14 822
14 23 944
23 14 944
14 47 369
47 14 369
14 17 481
17 14 481
14 29 813
29 14 813
14 71 801
71 14 801
14 51 511
51 14 511
14 38 245
38 14 245
14 37 326
37 14 326
14 72 215
72 14 215
14 39 992
39 14 992
14 52 474
52 14 474
14 16 73
16 14 73
14 70 869
70 14 869
14 56 268
56 14 268
15 17 344
17 15 344
15 29 38
29 15 38
15 47 198
47 15 198
15 18 360
18 15 360
15 36 525
36 15 525
15 42 442
42 15 442
15 28 764
28 15 764
15 28 724
28 15 724
15 68 446
68 15 446
15 33 663
33 15 663
15 19 25
19 15 25
16 32 678
32 16 678
16 41 294
41 16 294
16 43 716
43 16 716
16 25 291
25 16 291
16 30 483
30 16 483
16 44 937
44 16 937
16 61 151
61 16 151
17 24 869
24 17 869
17 43 77
43 17 77
17 49 886
49 17 886
17 70 448
70 17 448
17 61 731
61 17 731
17 52 354
52 17 354
17 41 58
41 17 58
17 41 647
41 17 647
17 34 696
34 17 696
17 17 772
17 17 772
17 25 202
25 17 202
17 58 213
58 17 213
18 54 746
54 18 746
18 57 364
57 18 364
18 49 797
49 18 797
18 20 922
20 18 922
18 65 72
65 18 72
18 31 358
31 18 358
18 22 121
22 18 121
18 56 856
56 18 856
18 35 499
35 18 499
19 35 194
35 19 194
19 41 344
41 19 344
19 53 407
53 19 407
19 56 100
56 19 100
19 29 863
29 19 863
19 71 115
71 19 115
19 42 260
42 19 260
19 50 606
50 19 606
19 29 145
29 19 145
19 35 771
35 19 771
19 34 834
34 19 834
19 24 738
24 19 738
19 56 216
56 19 216
20 50 820
50 20 820
20 21 790
21 20 790
20 28 967
28 20 967
20 62 101
62 20 101
20 21 443
21 20 443
20 63 33
63 20 33
20 34 176
34 20 176
20 54 782
54 20 782
20 26 385
26 20 385
20 25 540
25 20 540
20 37 901
37 20 901
20 52 714
52 20 714
20 33 12
33 20 12
21 29 831
29 21 831
21 45 171
45 21 171
21 21 469
21 21 469
21 30 765
30 21 765
21 65 736
65 21 736
21 62 621
62 21 621
21 44 986
44 21 986
21 30 308
30 21 308
22 42 768
42 22 768
22 35 186
35 22 186
22 43 539
43 22 539
22 66 982
66 22 982
23 26 184
26 23 184
23 58 620
58 23 620
23 46 947
46 23 947
23 52 399
52 23 399
23 38 19
38 23 19
23 53 304
53 23 304
23 68 285
68 23 285
23 63 975
63 23 975
23 44 863
44 23 863
23 54 39
54 23 39
23 50 453
50 23 453
23 54 906
54 23 906
23 55 780
55 23 780
23 63 944
63 23 944
24 64 950
64 24 950
24 39 798
39 24 798
24 47 331
47 24 331
24 58 729
58 24 729
24 47 919
47 24 919
24 55 775
55 24 775
24 29 454
29 24 454
24 65 570
65 24 570
24 68 570
68 24 570
24 41 926
41 24 926
24 46 258
46 24 258
24 55 76
55 24 76
24 68 681
68 24 681
24 51 489
51 24 489
24 39 871
39 24 871
24 69 25
69 24 25
24 67 233
67 24 233
25 39 350
39 25 350
25 61 778
61 25 778
25 63 909
63 25 909
25 27 265
27 25 265
25 46 981
46 25 981
25 53 437
53 25 437
25 25 908
25 25 908
25 54 975
54 25 975
25 48 848
48 25 848
25 52 119
52 25 119
25 42 343
42 25 343
26 27 684
27 26 684
26 44 665
44 26 665
26 52 655
52 26 655
26 47 914
47 26 914
27 72 946
72 27 946
27 53 450
53 27 450
27 50 943
50 27 943
28 36 446
36 28 446
28 47 59
47 28 59
28 38 540
38 28 540
28 44 302
44 28 302
28 30 509
30 28 509
28 38 553
38 28 553
28 65 68
65 28 68
28 36 513
36 28 513
29 30 734
30 29 734
29 30 812
30 29 812
29 60 615
60 29 615
29 69 899
69 29 899
29 32 865
32 29 865
29 71 650
71 29 650
30 31 912
31 30 912
30 71 795
71 30 795
30 46 558
46 30 558
30 37 124
37 30 124
30 39 551
39 30 551
30 51 660
51 30 660
31 62 12
62 31 12
31 45 666
45 31 666
31 52 114
52 31 114
31 57 488
57 31 488
32 33 2
33 32 2
32 47 555
47 32 555
32 44 757
44 32 757
32 48 899
48 32 899
32 46 642
46 32 642
33 52 366
52 33 366
33 52 849
52 33 849
33 64 205
64 33 205
33 37 640
37 33 640
33 71 808
71 33 808
34 58 543
58 34 543
34 65 218
65 34 218
34 40 392
40 34 392
34 62 678
62 34 678
34 64 315
64 34 315
34 69 759
69 34 759
34 72 424
72 34 424
34 71 783
71 34 783
35 59 738
59 35 738
35 43 766
43 35 766
35 47 60
47 35 60
35 65 445
65 35 445
35 42 803
42 35 803
35 66 203
66 35 203
35 45 572
45 35 572
35 43 828
43 35 828
36 63 254
63 36 254
36 64 772
64 36 772
36 70 372
70 36 372
36 55 961
55 36 961
37 69 934
69 37 934
37 66 557
66 37 557
37 52 390
52 37 390
37 57 46
57 37 46
37 53 66
53 37 66
37 52 262
52 37 262
37 63 792
63 37 792
37 62 836
62 37 836
37 48 450
48 37 450
38 40 70
40 38 70
38 42 252
42 38 252
38 70 181
70 38 181
39 54 923
54 39 923
39 66 51
66 39 51
39 42 818
42 39 818
40 63 544
63 40 544
40 56 882
56 40 882
40 64 337
64 40 337
40 42 144
42 40 144
40 52 324
52 40 324
40 57 903
57 40 903
41 49 298
49 41 298
41 41 147
41 41 147
41 57 19
57 41 19
41 50 540
50 41 540
41 58 179
58 41 179
42 68 262
68 42 262
42 67 505
67 42 505
43 48 382
48 43 382
43 61 479
61 43 479
43 43 139
43 43 139
43 57 788
57 43 788
44 52 924
52 44 924
44 49 934
49 44 934
44 69 929
69 44 929
44 66 796
66 44 796
45 56 898
56 45 898
45 62 961
62 45 961
45 64 296
64 45 296
45 59 767
59 45 767
45 48 512
48 45 512
45 54 256
54 45 256
46 50 581
50 46 581
46 53 882
53 46 882
46 48 220
48 46 220
46 50 246
50 46 246
46 58 228
58 46 228
47 48 368
48 47 368
47 66 798
66 47 798
47 54 476
54 47 476
47 63 84
63 47 84
47 65 214
65 47 214
48 66 228
66 48 228
48 62 280
62 48 280
48 57 739
57 48 739
48 64 95
64 48 95
48 70 800
70 48 800
49 57 513
57 49 513
49 63 92
63 49 92
49 58 825
58 49 825
49 64 749
64 49 749
49 69 558
69 49 558
49 60 648
60 49 648
50 61 448
61 50 448
51 66 289
66 51 289
51 70 503
70 51 503
51 54 44
54 51 44
51 53 674
53 51 674
52 53 187
53 52 187
52 62 774
62 52 774
53 57 953
57 53 953
54 70 393
70 54 393
54 64 637
64 54 637
54 72 460
72 54 460
54 72 26
72 54 26
54 54 579
54 54 579
55 70 666
70 55 666
55 64 896
64 55 896
55 58 214
58 55 214
55 57 849
57 55 849
56 72 203
72 56 203
56 61 295
61 56 295
56 71 330
71 56 330
56 66 822
66 56 822
56 65 523
65 56 523
57 72 418
72 57 418
57 60 865
60 57 865
57 69 853
69 57 853
57 59 971
59 57 971
57 66 481
66 57 481
58 72 873
72 58 873
58 68 977
68 58 977
58 58 191
58 58 191
59 70 36
70 59 36
59 72 75
72 59 75
60 61 864
61 60 864
60 61 303
61 60 303
61 65 382
65 61 382
61 62 672
62 61 672
62 63 536
63 62 536
62 69 761
69 62 761
63 67 814
67 63 814
63 70 862
70 63 862
63 71 757
71 63 757
63 72 483
72 63 483
63 65 395
65 63 395
64 71 461
71 64 461
64 68 88
68 64 88
64 72 781
72 64 781
65 70 712
70 65 712
65 69 395
69 65 395
65 67 937
67 65 937
67 71 272
71 67 272
68 70 499
70 68 499
69 71 283
71 69 283
