81

0 1 61
1 0 61
0 47 647
47 0 647
0 75 196
75 0 196
0 75 83
75 0 83
0 71 933
71 0 933
0 70 71
70 0 71
0 22 340
22 0 340
0 73 915
73 0 915
0 35 292
35 0 292
0 25 583
25 0 583
0 69 436
69 0 436
0 5 993
5 0 993
0 11 203
11 0 203
1 2 163
2 1 163
1 6 203
6 1 203
1 16 281
16 1 281
1 17 80
17 1 80
1 35 991
35 1 991
1 75 277
75 1 277
1 12 191
12 1 191
1 21 676
21 1 676
1 17 896
17 1 896
1 19 938
19 1 938
1 23 801
23 1 801
1 5 135
5 1 135
1 36 362
36 1 362
1 70 393
70 1 393
1 23 640
23 1 640
1 40 664
40 1 664
1 70 644
70 1 644
1 29 821
29 1 821
1 50 3
50 1 3
1 27 276
27 1 276
1 27 316
27 1 316
1 13 318
13 1 318
1 46 790
46 1 790
1 24 611
24 1 611
1 46 830
46 1 830
1 63 183
63 1 183
2 3 948
3 2 948
2 4 210
4 2 210
2 32 1
32 2 1
2 33 265
33 2 265
2 39 596
39 2 596
2 46 132
46 2 132
2 51 574
51 2 574
2 20 81
20 2 81
2 53 455
53 2 455
2 49 82
49 2 82
2 29 828
29 2 828
2 75 304
75 2 304
2 34 582
34 2 582
2 18 720
18 2 720
2 27 49
27 2 49
2 21 522
21 2 522
2 73 426
73 2 426
2 65 353
65 2 353
2 37 89
37 2 89
2 63 117
63 2 117
3 11 16
11 3 16
3 13 148
13 3 148
3 23 586
23 3 586
3 65 488
65 3 488
3 13 462
13 3 462
3 41 488
41 3 488
3 14 89
14 3 89
3 75 890
75 3 890
3 44 581
44 3 581
3 45 18
45 3 18
3 22 31
22 3 31
3 15 2
15 3 2
3 49 989
49 3 989
3 31 703
31 3 703
3 64 548
64 3 548
3 46 691
46 3 691
3 64 835
64 3 835
3 12 545
12 3 545
3 64 511
64 3 511
4 5 277
5 4 277
4 7 216
7 4 216
4 9 533
9 4 533
4 34 956
34 4 956
4 78 227
78 4 227
4 58 593
58 4 593
4 16 311
16 4 311
4 48 429
48 4 429
4 65 191
65 4 191
4 22 881
22 4 881
4 35 714
35 4 714
4 59 839
59 4 839
4 16 814
16 4 814
4 11 404
11 4 404
4 32 140
32 4 140
4 79 652
79 4 652
4 25 649
25 4 649
4 58 563
58 4 563
4 22 409
22 4 409
4 12 627
12 4 627
4 6 885
6 4 885
4 12 656
12 4 656
4 77 748
77 4 748
4 15 964
15 4 964
4 9 834
9 4 834
5 10 204
10 5 204
5 18 927
18 5 927
5 26 59
26 5 59
5 45 347
45 5 347
5 15 830
15 5 830
5 49 659
49 5 659
5 28 434
28 5 434
5 11 827
11 5 827
5 7 217
7 5 217
5 75 342
75 5 342
5 66 961
66 5 961
5 39 487
39 5 487
5 60 655
60 5 655
6 8 900
8 6 900
6 20 668
20 6 668
6 28 947
28 6 947
6 51 765
51 6 765
6 45 162
45 6 162
6 8 866
8 6 866
6 56 687
56 6 687
6 58 269
58 6 269
6 8 9
8 6 9
6 20 881
20 6 881
6 67 650
67 6 650
6 69 401
69 6 401
6 61 536
61 6 536
6 75 936
75 6 936
6 14 700
14 6 700
7 19 56
19 7 56
7 24 492
24 7 492
7 13 666
13 7 666
7 30 738
30 7 738
7 14 302
14 7 302
7 25 857
25 7 857
7 62 941
62 7 941
7 50 624
50 7 624
7 36 704
36 7 704
7 64 591
64 7 591
7 8 68
8 7 68
7 31 252
31 7 252
8 22 810
22 8 810
8 22 199
22 8 199
8 41 933
41 8 933
8 57 869
57 8 869
8 48 189
48 8 189
8 42 703
42 8 703
8 51 754
51 8 754
8 80 46
80 8 46
8 66 877
66 8 877
8 45 711
45 8 711
8 22 112
22 8 112
8 54 305
54 8 305
8 34 696
34 8 696
8 23 115
23 8 115
8 23 648
23 8 648
8 44 158
44 8 158
9 12 566
12 9 566
9 45 814
45 9 814
9 68 671
68 9 671
9 52 282
52 9 282
9 11 523
11 9 523
9 21 882
21 9 882
9 53 948
53 9 948
9 53 801
53 9 801
9 62 215
62 9 215
9 12 329
12 9 329
9 68 513
68 9 513
9 37 216
37 9 216
9 66 310
66 9 310
9 41 256
41 9 256
9 53 134
53 9 134
9 63 63
63 9 63
10 14 340
14 10 340
10 15 847
15 10 847
10 43 405
43 10 405
10 74 265
74 10 265
10 12 286
12 10 286
10 12 855
12 10 855
10 14 288
14 10 288
10 33 981
33 10 981
10 20 459
20 10 459
10 65 69
65 10 69
10 26 904
26 10 904
10 15 396
15 10 396
10 48 989
48 10 989
10 43 532
43 10 532
10 31 696
31 10 696
10 13 837
13 10 837
10 39 982
39 10 982
10 65 697
65 10 697
10 20 505
20 10 505
11 21 125
21 11 125
11 40 324
40 11 324
11 55 335
55 11 335
11 66 205
66 11 205
11 21 577
21 11 577
11 14 459
14 11 459
11 76 243
76 11 243
11 19 367
19 11 367
11 57 359
57 11 359
11 19 841
19 11 841
11 31 736
31 11 736
11 75 939
75 11 939
11 33 959
33 11 959
11 56 258
56 11 258
11 50 205
50 11 205
12 72 90
72 12 90
12 77 208
77 12 208
12 21 403
21 12 403
12 37 593
37 12 593
12 73 210
73 12 210
12 62 456
62 12 456
12 69 839
69 12 839
12 68 136
68 12 136
12 29 931
29 12 931
12 53 164
53 12 164
12 70 976
70 12 976
12 50 107
50 12 107
12 44 966
44 12 966
12 13 705
13 12 705
12 44 526
44 12 526
12 80 401
80 12 401
12 35 125
35 12 125
12 79 209
79 12 209
12 52 861
52 12 861
12 68 191
68 12 191
13 65 476
65 13 476
13 72 180
72 13 180
13 78 750
78 13 750
13 57 468
57 13 468
13 57 738
57 13 738
13 69 217
69 13 217
13 55 173
55 13 173
13 45 526
45 13 526
13 48 626
48 13 626
14 30 547
30 14 547
14 37 837
37 14 837
14 57 53
57 14 53
14 73 924
73 14 924
14 19 651
19 14 651
14 32 137
32 14 137
14 66 505
66 14 505
14 28 350
28 14 350
14 56 116
56 14 116
14 19 798
19 14 798
14 37 762
37 14 762
14 42 901
42 14 901
15 58 248
58 15 248
15 46 416
46 15 416
15 36 672
36 15 672
15 66 427
66 15 427
15 47 747
47 15 747
15 39 171
39 15 171
15 38 630
38 15 630
15 48 906
48 15 906
15 17 445
17 15 445
15 33 356
33 15 356
16 33 710
33 16 710
16 43 306
43 16 306
16 55 655
55 16 655
16 71 999
71 16 999
16 25 746
25 16 746
16 28 308
28 16 308
16 67 566
67 16 566
16 17 371
17 16 371
16 19 867
19 16 867
16 47 353
47 16 353
16 23 479
23 16 479
16 35 623
35 16 623
16 53 417
53 16 417
16 25 162
25 16 162
16 29 157
29 16 157
16 53 705
53 16 705
16 34 248
34 16 248
16 21 708
21 16 708
16 41 170
41 16 170
17 27 729
27 17 729
17 34 385
34 17 385
17 56 445
56 17 445
17 66 888
66 17 888
17 57 3
57 17 3
17 35 767
35 17 767
17 60 341
60 17 341
17 18 117
18 17 117
17 40 634
40 17 634
17 31 645
31 17 645
17 53 449
53 17 449
18 25 358
25 18 358
18 42 787
42 18 787
18 59 338
59 18 338
18 24 56
24 18 56
18 65 226
65 18 226
18 20 147
20 18 147
18 41 565
41 18 565
18 39 535
39 18 535
18 37 531
37 18 531
18 42 791
42 18 791
18 63 691
63 18 691
18 39 344
39 18 344
18 73 496
73 18 496
18 24 613
24 18 613
18 24 216
24 18 216
18 64 457
64 18 457
19 23 677
23 19 677
19 22 513
22 19 513
19 55 501
55 19 501
19 79 932
79 19 932
19 71 695
71 19 695
19 51 871
51 19 871
19 45 354
45 19 354
19 73 137
73 19 137
19 25 884
25 19 884
19 46 491
46 19 491
20 33 17
33 20 17
20 76 62
76 20 62
20 72 160
72 20 160
20 22 593
22 20 593
20 60 413
60 20 413
20 25 377
25 20 377
21 44 747
44 21 747
21 71 830
71 21 830
21 73 386
73 21 386
21 78 365
78 21 365
21 27 468
27 21 468
21 69 456
69 21 456
21 42 351
42 21 351
21 69 101
69 21 101
21 66 51
66 21 51
21 70 28
70 21 28
21 42 724
42 21 724
21 63 788
63 21 788
21 25 396
25 21 396
21 65 215
65 21 215
21 31 69
31 21 69
22 54 809
54 22 809
22 45 990
45 22 990
22 80 834
80 22 834
22 66 63
66 22 63
22 53 674
53 22 674
22 37 511
37 22 511
22 78 413
78 22 413
22 24 900
24 22 900
22 60 851
60 22 851
23 71 446
71 23 446
23 30 323
30 23 323
23 57 193
57 23 193
23 74 312
74 23 312
23 71 178
71 23 178
23 51 877
51 23 877
23 25 172
25 23 172
23 58 780
58 23 780
24 35 739
35 24 739
24 55 868
55 24 868
24 80 162
80 24 162
24 37 348
37 24 348
24 49 94
49 24 94
24 48 52
48 24 52
24 61 248
61 24 248
24 72 625
72 24 625
25 48 613
48 25 613
25 68 32
68 25 32
25 62 351
62 25 351
25 63 408
63 25 408
25 60 477
60 25 477
25 71 573
71 25 573
25 38 86
38 25 86
25 47 840
47 25 840
25 59 388
59 25 388
25 50 164
50 25 164
25 42 329
42 25 329
25 52 67
52 25 67
25 62 328
62 25 328
26 50 83
50 26 83
26 56 459
56 26 459
26 79 977
79 26 977
26 63 104
63 26 104
26 67 614
67 26 614
26 75 519
75 26 519
26 49 542
49 26 542
26 41 872
41 26 872
26 39 677
39 26 677
26 66 320
66 26 320
26 31 756
31 26 756
27 31 521
31 27 521
27 47 451
47 27 451
27 70 574
70 27 574
27 47 426
47 27 426
27 33 73
33 27 73
27 68 321
68 27 321
27 33 332
33 27 332
27 75 3
75 27 3
27 50 781
50 27 781
27 47 343
47 27 343
27 31 954
31 27 954
27 61 134
61 27 134
27 47 303
47 27 303
27 51 192
51 27 192
27 59 577
59 27 577
28 29 809
29 28 809
28 48 723
48 28 723
28 73 989
73 28 989
28 72 737
72 28 737
28 78 793
78 28 793
28 54 899
54 28 899
28 64 650
64 28 650
28 44 146
44 28 146
29 57 555
57 29 555
29 80 306
80 29 306
29 59 765
59 29 765
29 38 113
38 29 113
29 75 800
75 29 800
29 71 99
71 29 99
29 72 8
72 29 8
30 38 243
38 30 243
30 67 28
67 30 28
30 56 804
56 30 804
30 41 578
41 30 578
30 35 468
35 30 468
30 39 454
39 30 454
31 52 325
52 31 325
31 39 693
39 31 693
31 37 403
37 31 403
31 36 895
36 31 895
31 49 689
49 31 689
31 79 831
79 31 831
31 65 242
65 31 242
31 52 497
52 31 497
31 53 205
53 31 205
31 47 705
47 31 705
31 41 729
41 31 729
31 74 655
74 31 655
31 35 771
35 31 771
31 35 88
35 31 88
31 37 614
37 31 614
31 45 338
45 31 338
31 72 366
72 31 366
32 57 563
57 32 563
32 69 353
69 32 353
32 42 840
42 32 840
32 33 679
33 32 679
32 37 289
37 32 289
32 38 405
38 32 405
32 62 454
62 32 454
32 47 974
47 32 974
32 35 303
35 32 303
32 32 799
32 32 799
32 42 710
42 32 710
32 68 479
68 32 479
32 75 607
75 32 607
32 44 801
44 32 801
33 36 754
36 33 754
33 37 776
37 33 776
33 71 473
71 33 473
33 75 9
75 33 9
33 54 299
54 33 299
33 52 579
52 33 579
33 45 295
45 33 295
33 35 744
35 33 744
33 56 533
56 33 533
34 79 153
79 34 153
34 40 634
40 34 634
34 65 637
65 34 637
34 55 560
55 34 560
34 68 805
68 34 805
34 38 706
38 34 706
34 42 496
42 34 496
34 68 125
68 34 125
34 37 301
37 34 301
35 42 58
42 35 58
35 48 778
48 35 778
35 45 784
45 35 784
35 76 709
76 35 709
35 51 561
51 35 561
35 53 442
53 35 442
35 61 762
61 35 762
35 68 27
68 35 27
35 54 636
54 35 636
36 62 575
62 36 575
36 72 661
72 36 661
36 75 167
75 36 167
36 70 563
70 36 563
36 54 118
54 36 118
36 36 191
36 36 191
36 65 453
65 36 453
36 54 342
54 36 342
36 40 230
40 36 230
37 55 980
55 37 980
37 69 984
69 37 984
37 50 328
50 37 328
37 55 731
55 37 731
37 40 993
40 37 993
37 46 265
46 37 265
37 73 967
73 37 967
37 65 668
65 37 668
37 37 381
37 37 381
38 41 341
41 38 341
38 53 188
53 38 188
38 40 770
40 38 770
38 38 174
38 38 174
38 61 174
61 38 174
38 73 534
73 38 534
38 65 413
65 38 413
38 70 81
70 38 81
38 54 393
54 38 393
38 56 643
56 38 643
39 56 636
56 39 636
39 47 133
47 39 133
39 60 133
60 39 133
39 53 281
53 39 281
39 40 964
40 39 964
39 41 823
41 39 823
40 52 995
52 40 995
40 46 290
46 40 290
40 53 784
53 40 784
40 61 467
61 40 467
40 50 741
50 40 741
40 54 45
54 40 45
40 71 514
71 40 514
41 76 143
76 41 143
41 69 715
69 41 715
41 62 647
62 41 647
41 41 372
41 41 372
41 56 663
56 41 663
41 79 908
79 41 908
41 68 525
68 41 525
42 49 564
49 42 564
42 61 503
61 42 503
42 67 322
67 42 322
42 65 623
65 42 623
42 79 838
79 42 838
42 53 279
53 42 279
42 60 8
60 42 8
42 64 60
64 42 60
42 65 315
65 42 315
42 76 599
76 42 599
42 54 228
54 42 228
42 61 856
61 42 856
42 77 168
77 42 168
43 60 33
60 43 33
43 70 255
70 43 255
43 51 140
51 43 140
43 59 533
59 43 533
44 59 777
59 44 777
44 77 351
77 44 351
44 65 101
65 44 101
44 53 912
53 44 912
44 48 557
48 44 557
45 71 519
71 45 519
45 60 417
60 45 417
45 66 537
66 45 537
45 47 214
47 45 214
45 49 445
49 45 445
45 60 992
60 45 992
46 59 377
59 46 377
46 53 319
53 46 319
46 75 533
75 46 533
46 50 516
50 46 516
46 73 861
73 46 861
46 49 513
49 46 513
46 49 52
49 46 52
46 72 117
72 46 117
47 60 66
60 47 66
47 55 730
55 47 730
47 80 953
80 47 953
47 78 219
78 47 219
47 57 600
57 47 600
48 59 156
59 48 156
48 78 680
78 48 680
48 53 737
53 48 737
49 69 581
69 49 581
49 49 196
49 49 196
49 61 376
61 49 376
49 52 688
52 49 688
49 80 723
80 49 723
49 58 948
58 49 948
49 63 436
63 49 436
50 72 866
72 50 866
50 63 728
63 50 728
50 67 782
67 50 782
50 54 635
54 50 635
50 68 955
68 50 955
50 60 567
60 50 567
51 69 437
69 51 437
51 68 463
68 51 463
51 64 589
64 51 589
51 80 127
80 51 127
51 58 499
58 51 499
51 79 472
79 51 472
51 65 427
65 51 427
51 60 933
60 51 933
51 57 139
57 51 139
52 70 247
70 52 247
52 71 144
71 52 144
52 72 265
72 52 265
52 69 313
69 52 313
53 66 565
66 53 565
53 63 848
63 53 848
53 68 450
68 53 450
53 58 348
58 53 348
53 55 482
55 53 482
53 77 478
77 53 478
54 63 735
63 54 735
54 70 562
70 54 562
54 75 847
75 54 847
54 64 761
64 54 761
55 73 680
73 55 680
56 63 901
63 56 901
57 62 341
62 57 341
57 64 758
64 57 758
57 80 262
80 57 262
57 75 50
75 57 50
58 71 680
71 58 680
58 74 961
74 58 961
58 61 519
61 58 519
58 78 76
78 58 76
58 59 798
59 58 798
59 78 913
78 59 913
59 62 950
62 59 950
59 80 330
80 59 330
60 80 755
80 60 755
60 75 604
75 60 604
61 74 358
74 61 358
61 75 274
75 61 274
61 75 799
75 61 799
61 76 881
76 61 881
61 62 281
62 61 281
62 63 839
63 62 839
62 71 99
71 62 99
62 68 609
68 62 609
62 66 941
66 62 941
63 78 820
78 63 820
63 67 940
67 63 940
64 79 706
79 64 706
64 74 763
74 64 763
65 77 905
77 65 905
65 66 880
66 65 880
65 67 653
67 65 653
65 80 223
80 65 223
65 74 90
74 65 90
66 77 390
77 66 390
68 77 620
77 68 620
68 73 712
73 68 712
68 73 96
73 68 96
69 80 511
80 69 511
71 72 927
72 71 927
71 79 93
79 71 93
71 75 313
75 71 313
71 73 638
73 71 638
72 75 438
75 72 438
72 73 213
73 72 213
72 74 230
74 72 230
73 73 307
73 73 307
74 74 541
74 74 541
76 79 659
79 76 659
76 79 54
79 76 54
79 80 981
80 79 981
79 79 84
79 79 84
