94

0 1 516
1 0 516
0 2 539
2 0 539
0 6 93
6 0 93
0 48 419
48 0 419
0 61 72
61 0 72
0 32 69
32 0 69
0 80 144
80 0 144
0 63 996
63 0 996
0 50 948
50 0 948
0 41 682
41 0 682
0 61 788
61 0 788
0 17 16
17 0 16
0 54 412
54 0 412
0 23 943
23 0 943
0 46 360
46 0 360
0 43 586
43 0 586
0 50 455
50 0 455
0 42 661
42 0 661
0 44 969
44 0 969
0 3 594
3 0 594
0 90 524
90 0 524
1 3 983
3 1 983
1 14 907
14 1 907
1 43 880
43 1 880
1 44 288
44 1 288
1 53 728
53 1 728
1 8 346
8 1 346
1 56 876
56 1 876
1 4 316
4 1 316
1 83 898
83 1 898
1 5 816
5 1 816
1 93 593
93 1 593
1 55 567
55 1 567
1 88 256
88 1 256
1 36 724
36 1 724
1 49 460
49 1 460
1 16 81
16 1 81
2 4 594
4 2 594
2 5 107
5 2 107
2 12 128
12 2 128
2 91 980
91 2 980
2 92 125
92 2 125
2 28 827
28 2 827
2 90 449
90 2 449
2 27 663
27 2 663
2 73 448
73 2 448
2 62 275
62 2 275
2 15 223
15 2 223
2 5 119
5 2 119
3 12 45
12 3 45
3 74 894
74 3 894
3 19 507
19 3 507
3 15 767
15 3 767
3 48 605
48 3 605
3 5 599
5 3 599
3 44 487
44 3 487
3 81 494
81 3 494
3 13 772
13 3 772
3 49 622
49 3 622
4 7 488
7 4 488
4 10 416
10 4 416
4 17 135
17 4 135
4 33 616
33 4 616
4 41 272
41 4 272
4 13 459
13 4 459
4 7 869
7 4 869
4 63 129
63 4 129
4 66 766
66 4 766
4 10 529
10 4 529
4 75 420
75 4 420
4 68 192
68 4 192
4 18 84
18 4 84
4 33 609
33 4 609
4 37 617
37 4 617
4 53 498
53 4 498
4 65 232
65 4 232
5 9 873
9 5 873
5 15 272
15 5 272
5 16 189
16 5 189
5 25 916
25 5 916
5 32 967
32 5 967
5 47 981
47 5 981
5 70 904
70 5 904
5 76 85
76 5 85
5 52 1
52 5 1
5 57 992
57 5 992
5 31 82
31 5 82
5 74 147
74 5 147
5 83 459
83 5 459
5 45 243
45 5 243
5 84 441
84 5 441
5 59 345
59 5 345
5 42 66
42 5 66
6 8 337
8 6 337
6 36 356
36 6 356
6 79 705
79 6 705
6 41 76
41 6 76
6 33 823
33 6 823
6 16 340
16 6 340
6 70 663
70 6 663
6 44 187
44 6 187
6 47 462
47 6 462
6 13 872
13 6 872
6 71 846
71 6 846
6 93 55
93 6 55
6 32 545
32 6 545
7 11 158
11 7 158
7 53 301
53 7 301
7 63 39
63 7 39
7 63 888
63 7 888
7 58 494
58 7 494
7 88 209
88 7 209
7 79 78
79 7 78
7 64 525
64 7 525
7 70 303
70 7 303
7 69 605
69 7 605
7 38 576
38 7 576
7 67 157
67 7 157
7 38 21
38 7 21
8 89 260
89 8 260
8 93 488
93 8 488
8 28 242
28 8 242
8 27 859
27 8 859
8 16 396
16 8 396
8 63 790
63 8 790
8 69 617
69 8 617
8 87 97
87 8 97
8 21 696
21 8 696
9 18 382
18 9 382
9 64 740
64 9 740
9 57 969
57 9 969
9 81 607
81 9 607
9 86 353
86 9 353
9 56 531
56 9 531
9 79 65
79 9 65
9 32 251
32 9 251
9 56 476
56 9 476
9 47 899
47 9 899
9 28 80
28 9 80
9 66 735
66 9 735
9 15 205
15 9 205
9 85 879
85 9 879
9 92 253
92 9 253
9 90 569
90 9 569
9 41 111
41 9 111
9 23 740
23 9 740
10 64 603
64 10 603
10 64 262
64 10 262
10 45 827
45 10 827
10 52 532
52 10 532
10 28 506
28 10 506
10 87 342
87 10 342
10 45 566
45 10 566
10 55 549
55 10 549
10 59 100
59 10 100
10 14 574
14 10 574
10 28 460
28 10 460
11 58 439
58 11 439
11 27 157
27 11 157
11 36 428
36 11 428
11 69 573
69 11 573
11 89 875
89 11 875
11 63 214
63 11 214
11 23 815
23 11 815
11 40 490
40 11 490
11 21 676
21 11 676
12 13 494
13 12 494
12 26 528
26 12 528
12 28 992
28 12 992
12 93 174
93 12 174
12 39 660
39 12 660
12 17 370
17 12 370
12 66 176
66 12 176
12 57 831
57 12 831
13 34 435
34 13 435
13 51 66
51 13 66
13 45 978
45 13 978
13 35 377
35 13 377
13 57 133
57 13 133
13 64 268
64 13 268
13 20 65
20 13 65
14 20 829
20 14 829
14 37 188
37 14 188
14 42 459
42 14 459
14 71 962
71 14 962
14 77 994
77 14 994
14 86 69
86 14 69
14 22 513
22 14 513
14 91 772
91 14 772
14 49 304
49 14 304
14 18 402
18 14 402
14 35 238
35 14 238
14 36 540
36 14 540
14 74 278
74 14 278
14 61 667
61 14 667
14 21 242
21 14 242
14 69 412
69 14 412
15 23 944
23 15 944
15 52 45
52 15 45
15 27 608
27 15 608
15 77 53
77 15 53
15 27 415
27 15 415
15 74 67
74 15 67
15 92 450
92 15 450
15 51 377
51 15 377
15 21 181
21 15 181
15 37 668
37 15 668
15 55 517
55 15 517
15 20 479
20 15 479
15 21 495
21 15 495
15 55 25
55 15 25
15 44 597
44 15 597
15 41 419
41 15 419
15 65 202
65 15 202
16 47 961
47 16 961
16 84 797
84 16 797
16 72 230
72 16 230
16 42 302
42 16 302
16 71 752
71 16 752
16 44 274
44 16 274
16 21 790
21 16 790
17 21 591
21 17 591
17 38 458
38 17 458
17 73 265
73 17 265
17 69 523
69 17 523
17 21 659
21 17 659
17 91 461
91 17 461
17 39 695
39 17 695
17 37 267
37 17 267
17 75 221
75 17 221
17 70 35
70 17 35
17 61 329
61 17 329
17 86 216
86 17 216
18 19 801
19 18 801
18 24 317
24 18 317
18 86 607
86 18 607
18 57 9
57 18 9
18 45 244
45 18 244
18 58 316
58 18 316
18 60 559
60 18 559
18 49 837
49 18 837
18 69 69
69 18 69
18 76 913
76 18 913
18 45 518
45 18 518
19 22 634
22 19 634
19 39 870
39 19 870
19 81 619
81 19 619
19 67 457
67 19 457
19 71 535
71 19 535
19 40 9
40 19 9
19 29 505
29 19 505
19 78 441
78 19 441
19 39 240
39 19 240
20 75 210
75 20 210
20 50 848
50 20 848
20 79 869
79 20 869
20 88 13
88 20 13
20 86 452
86 20 452
21 32 793
32 21 793
21 89 591
89 21 591
21 51 474
51 21 474
22 54 221
54 22 221
22 60 992
60 22 992
22 88 289
88 22 289
22 39 108
39 22 108
22 58 934
58 22 934
22 38 745
38 22 745
22 63 1
63 22 1
22 34 176
34 22 176
22 24 998
24 22 998
22 73 523
73 22 523
22 73 588
73 22 588
22 44 45
44 22 45
22 41 387
41 22 387
22 71 740
71 22 740
22 42 663
42 22 663
23 27 825
27 23 825
23 50 535
50 23 535
23 38 266
38 23 266
23 53 313
53 23 313
23 52 308
52 23 308
23 27 895
27 23 895
23 49 970
49 23 970
23 93 301
93 23 301
23 90 249
90 23 249
23 31 374
31 23 374
23 64 631
64 23 631
24 34 552
34 24 552
24 40 333
40 24 333
24 56 103
56 24 103
24 33 980
33 24 980
24 92 163
92 24 163
24 68 201
68 24 201
24 41 354
41 24 354
24 43 193
43 24 193
24 89 76
89 24 76
24 57 883
57 24 883
24 31 127
31 24 127
24 85 980
85 24 980
24 46 740
46 24 740
24 33 101
33 24 101
24 29 737
29 24 737
24 31 646
31 24 646
24 39 54
39 24 54
25 30 98
30 25 98
25 31 711
31 25 711
25 46 541
46 25 541
25 38 247
38 25 247
25 49 832
49 25 832
25 75 671
75 25 671
25 83 121
83 25 121
25 52 830
52 25 830
25 56 109
56 25 109
26 29 435
29 26 435
26 56 702
56 26 702
26 83 56
83 26 56
26 77 886
77 26 886
26 69 28
69 26 28
26 47 900
47 26 900
26 92 368
92 26 368
26 53 977
53 26 977
26 36 774
36 26 774
27 85 938
85 27 938
27 83 546
83 27 546
27 82 394
82 27 394
27 43 49
43 27 49
27 92 395
92 27 395
27 90 950
90 27 950
27 66 472
66 27 472
27 83 687
83 27 687
27 89 731
89 27 731
27 77 654
77 27 654
27 67 315
67 27 315
27 78 50
78 27 50
27 86 29
86 27 29
28 35 983
35 28 983
28 84 928
84 28 928
28 52 18
52 28 18
28 63 325
63 28 325
28 52 555
52 28 555
29 49 711
49 29 711
29 64 367
64 29 367
29 49 482
49 29 482
29 53 351
53 29 351
29 51 305
51 29 305
29 72 150
72 29 150
29 81 177
81 29 177
29 76 33
76 29 33
29 40 854
40 29 854
29 81 87
81 29 87
29 57 579
57 29 579
29 83 881
83 29 881
30 84 875
84 30 875
30 92 471
92 30 471
30 84 9
84 30 9
30 50 609
50 30 609
30 92 722
92 30 722
30 41 470
41 30 470
30 76 943
76 30 943
30 31 849
31 30 849
30 90 81
90 30 81
30 36 547
36 30 547
30 37 6
37 30 6
31 62 235
62 31 235
31 79 987
79 31 987
31 68 981
68 31 981
31 58 833
58 31 833
31 92 584
92 31 584
31 39 312
39 31 312
31 68 244
68 31 244
31 73 686
73 31 686
31 67 364
67 31 364
31 88 23
88 31 23
31 33 869
33 31 869
32 86 543
86 32 543
32 93 701
93 32 701
32 67 184
67 32 184
32 65 147
65 32 147
32 71 738
71 32 738
32 39 271
39 32 271
32 48 468
48 32 468
32 41 36
41 32 36
33 40 615
40 33 615
33 75 500
75 33 500
33 72 415
72 33 415
33 49 274
49 33 274
33 76 903
76 33 903
33 87 129
87 33 129
33 62 789
62 33 789
33 92 406
92 33 406
33 39 377
39 33 377
33 68 855
68 33 855
33 59 844
59 33 844
33 93 839
93 33 839
34 55 870
55 34 870
34 74 972
74 34 972
34 47 651
47 34 651
34 80 554
80 34 554
34 84 159
84 34 159
34 41 312
41 34 312
34 38 376
38 34 376
34 77 962
77 34 962
34 35 604
35 34 604
34 49 880
49 34 880
34 37 347
37 34 347
34 85 207
85 34 207
34 50 503
50 34 503
35 37 466
37 35 466
35 60 941
60 35 941
35 57 543
57 35 543
35 73 26
73 35 26
35 43 556
43 35 556
35 69 308
69 35 308
35 39 118
39 35 118
35 51 511
51 35 511
35 37 564
37 35 564
36 83 821
83 36 821
36 48 290
48 36 290
36 43 601
43 36 601
36 74 702
74 36 702
36 41 832
41 36 832
36 66 425
66 36 425
36 48 480
48 36 480
37 74 785
74 37 785
37 83 690
83 37 690
37 65 541
65 37 541
37 76 392
76 37 392
37 57 505
57 37 505
37 50 238
50 37 238
37 47 93
47 37 93
38 80 748
80 38 748
38 52 820
52 38 820
38 67 279
67 38 279
38 64 282
64 38 282
38 41 484
41 38 484
38 77 703
77 38 703
38 61 460
61 38 460
38 82 288
82 38 288
39 74 227
74 39 227
39 54 941
54 39 941
39 90 238
90 39 238
39 43 603
43 39 603
39 60 260
60 39 260
39 46 638
46 39 638
39 69 787
69 39 787
39 40 470
40 39 470
40 81 879
81 40 879
40 56 571
56 40 571
40 92 300
92 40 300
40 52 189
52 40 189
40 74 781
74 40 781
40 62 715
62 40 715
40 90 621
90 40 621
40 58 743
58 40 743
41 80 185
80 41 185
41 88 768
88 41 768
41 57 388
57 41 388
41 69 989
69 41 989
41 42 721
42 41 721
41 73 481
73 41 481
41 92 718
92 41 718
42 57 883
57 42 883
42 57 189
57 42 189
42 45 815
45 42 815
42 89 693
89 42 693
42 44 871
44 42 871
43 74 162
74 43 162
43 91 735
91 43 735
43 84 673
84 43 673
43 85 813
85 43 813
43 66 383
66 43 383
43 57 80
57 43 80
44 45 250
45 44 250
44 68 823
68 44 823
44 66 406
66 44 406
44 92 980
92 44 980
44 64 495
64 44 495
44 59 978
59 44 978
44 85 873
85 44 873
44 93 208
93 44 208
44 55 487
55 44 487
45 65 7
65 45 7
45 81 960
81 45 960
45 92 507
92 45 507
45 61 855
61 45 855
45 56 222
56 45 222
45 54 282
54 45 282
45 70 876
70 45 876
45 60 468
60 45 468
45 54 571
54 45 571
46 51 696
51 46 696
46 63 730
63 46 730
46 81 782
81 46 782
46 91 902
91 46 902
46 79 275
79 46 275
46 55 5
55 46 5
46 55 115
55 46 115
47 67 274
67 47 274
47 69 599
69 47 599
47 66 986
66 47 986
47 76 255
76 47 255
47 51 286
51 47 286
47 86 385
86 47 385
47 59 429
59 47 429
48 68 59
68 48 59
48 69 840
69 48 840
48 53 37
53 48 37
48 75 905
75 48 905
49 59 992
59 49 992
49 91 333
91 49 333
49 61 551
61 49 551
49 62 49
62 49 49
49 90 581
90 49 581
49 58 386
58 49 386
49 76 503
76 49 503
49 70 13
70 49 13
50 87 694
87 50 694
50 56 237
56 50 237
50 64 93
64 50 93
50 60 581
60 50 581
50 76 752
76 50 752
50 56 312
56 50 312
50 84 139
84 50 139
50 75 234
75 50 234
50 72 261
72 50 261
51 93 506
93 51 506
51 55 41
55 51 41
51 87 57
87 51 57
51 93 919
93 51 919
51 89 699
89 51 699
52 78 124
78 52 124
52 56 163
56 52 163
52 81 450
81 52 450
52 92 729
92 52 729
53 60 496
60 53 496
53 85 712
85 53 712
53 66 222
66 53 222
54 87 687
87 54 687
54 80 77
80 54 77
54 78 367
78 54 367
54 70 216
70 54 216
55 69 848
69 55 848
55 77 76
77 55 76
55 88 783
88 55 783
55 85 936
85 55 936
55 78 385
78 55 385
55 76 447
76 55 447
55 55 412
55 55 412
56 66 551
66 56 551
56 87 227
87 56 227
56 81 911
81 56 911
56 71 28
71 56 28
56 80 435
80 56 435
56 61 956
61 56 956
57 62 38
62 57 38
57 90 759
90 57 759
57 77 655
77 57 655
57 64 749
64 57 749
57 86 761
86 57 761
57 90 643
90 57 643
58 84 722
84 58 722
58 72 319
72 58 319
58 71 800
71 58 800
58 82 882
82 58 882
58 91 161
91 58 161
58 90 139
90 58 139
58 86 220
86 58 220
59 84 546
84 59 546
59 91 17
91 59 17
59 83 723
83 59 723
60 91 129
91 60 129
60 81 252
81 60 252
60 83 877
83 60 877
60 87 139
87 60 139
60 68 145
68 60 145
60 77 508
77 60 508
60 61 343
61 60 343
60 74 878
74 60 878
60 89 676
89 60 676
60 88 581
88 60 581
61 81 30
81 61 30
61 92 558
92 61 558
61 91 912
91 61 912
61 77 174
77 61 174
62 85 569
85 62 569
62 90 160
90 62 160
62 67 794
67 62 794
62 86 393
86 62 393
63 67 101
67 63 101
63 76 273
76 63 273
63 92 308
92 63 308
63 63 81
63 63 81
64 91 653
91 64 653
64 93 587
93 64 587
64 72 665
72 64 665
65 82 634
82 65 634
65 84 14
84 65 14
65 74 858
74 65 858
65 79 26
79 65 26
66 89 615
89 66 615
66 79 610
79 66 610
66 78 249
78 66 249
67 72 842
72 67 842
67 92 190
92 67 190
67 87 714
87 67 714
67 89 465
89 67 465
67 81 771
81 67 771
68 91 504
91 68 504
68 87 306
87 68 306
68 73 825
73 68 825
68 74 712
74 68 712
68 89 610
89 68 610
69 72 855
72 69 855
69 74 587
74 69 587
69 89 427
89 69 427
70 82 20
82 70 20
71 74 28
74 71 28
71 80 918
80 71 918
72 89 60
89 72 60
72 83 737
83 72 737
73 85 511
85 73 511
73 80 332
80 73 332
73 92 130
92 73 130
74 77 554
77 74 554
75 82 520
82 75 520
75 88 166
88 75 166
75 81 843
81 75 843
75 90 275
90 75 275
76 93 390
93 76 390
76 77 589
77 76 589
76 82 929
82 76 929
77 92 938
92 77 938
78 78 297
78 78 297
78 80 443
80 78 443
79 91 742
91 79 742
79 83 528
83 79 528
79 85 798
85 79 798
80 80 706
80 80 706
81 91 826
91 81 826
81 87 192
87 81 192
83 90 105
90 83 105
83 88 722
88 83 722
84 86 974
86 84 974
84 93 743
93 84 743
84 90 36
90 84 36
84 87 17
87 84 17
85 89 888
89 85 888
86 93 262
93 86 262
86 91 407
91 86 407
88 92 311
92 88 311
89 92 110
92 89 110
91 92 199
92 91 199
