46

0 1 367
1 0 367
0 3 583
3 0 583
0 5 869
5 0 869
0 10 598
10 0 598
0 11 875
11 0 875
0 42 988
42 0 988
0 18 6
18 0 6
0 44 803
44 0 803
0 17 449
17 0 449
0 22 148
22 0 148
0 31 854
31 0 854
0 20 26
20 0 26
0 30 160
30 0 160
0 30 531
30 0 531
0 18 490
18 0 490
0 15 975
15 0 975
0 8 251
8 0 251
0 27 862
27 0 862
0 16 433
16 0 433
0 30 46
30 0 46
1 2 939
2 1 939
1 6 282
6 1 282
1 28 372
28 1 372
1 30 829
30 1 829
1 7 370
7 1 370
1 9 594
9 1 594
1 15 280
15 1 280
1 37 826
37 1 826
1 43 556
43 1 556
1 2 471
2 1 471
1 28 59
28 1 59
1 27 979
27 1 979
1 37 598
37 1 598
1 38 472
38 1 472
1 35 151
35 1 151
1 34 48
34 1 48
1 20 651
20 1 651
1 44 271
44 1 271
2 4 896
4 2 896
2 14 821
14 2 821
2 18 42
18 2 42
2 11 591
11 2 591
2 7 806
7 2 806
2 9 732
9 2 732
2 13 302
13 2 302
2 37 7
37 2 7
2 27 962
27 2 962
2 25 219
25 2 219
2 15 543
15 2 543
2 44 697
44 2 697
2 40 383
40 2 383
2 26 309
26 2 309
2 25 303
25 2 303
2 30 63
30 2 63
2 11 668
11 2 668
2 24 833
24 2 833
2 22 525
22 2 525
2 31 342
31 2 342
2 14 803
14 2 803
2 34 737
34 2 737
2 32 990
32 2 990
2 22 774
22 2 774
3 16 718
16 3 718
3 12 131
12 3 131
3 24 666
24 3 666
3 22 889
22 3 889
3 7 201
7 3 201
3 45 629
45 3 629
3 28 975
28 3 975
3 11 352
11 3 352
3 17 77
17 3 77
3 42 244
42 3 244
3 34 453
34 3 453
3 35 30
35 3 30
4 35 831
35 4 831
4 14 925
14 4 925
4 18 981
18 4 981
4 31 748
31 4 748
4 37 252
37 4 252
4 13 780
13 4 780
4 21 177
21 4 177
4 36 15
36 4 15
4 29 718
29 4 718
4 20 966
20 4 966
4 4 444
4 4 444
4 36 311
36 4 311
5 12 267
12 5 267
5 21 91
21 5 91
5 27 209
27 5 209
5 31 259
31 5 259
5 29 549
29 5 549
5 22 482
22 5 482
5 26 89
26 5 89
5 19 877
19 5 877
5 20 699
20 5 699
5 6 306
6 5 306
5 20 608
20 5 608
5 41 297
41 5 297
5 31 335
31 5 335
5 26 93
26 5 93
5 26 319
26 5 319
5 19 61
19 5 61
5 32 308
32 5 308
5 36 881
36 5 881
5 32 935
32 5 935
6 7 806
7 6 806
6 9 523
9 6 523
6 15 77
15 6 77
6 20 85
20 6 85
6 23 674
23 6 674
6 9 96
9 6 96
6 33 438
33 6 438
6 19 450
19 6 450
6 38 238
38 6 238
6 40 111
40 6 111
6 38 108
38 6 108
6 8 381
8 6 381
6 18 283
18 6 283
6 13 27
13 6 27
6 42 640
42 6 640
6 30 522
30 6 522
6 9 875
9 6 875
6 32 761
32 6 761
6 27 510
27 6 510
6 9 187
9 6 187
6 23 900
23 6 900
6 34 223
34 6 223
6 12 5
12 6 5
7 8 48
8 7 48
7 35 736
35 7 736
7 14 720
14 7 720
7 42 244
42 7 244
7 27 425
27 7 425
7 10 139
10 7 139
7 22 504
22 7 504
7 44 115
44 7 115
7 40 230
40 7 230
7 34 710
34 7 710
7 32 409
32 7 409
7 17 117
17 7 117
7 35 879
35 7 879
8 16 617
16 8 617
8 22 406
22 8 406
8 39 524
39 8 524
8 28 392
28 8 392
8 29 766
29 8 766
8 14 739
14 8 739
8 18 793
18 8 793
8 45 881
45 8 881
8 35 687
35 8 687
8 42 885
42 8 885
8 40 29
40 8 29
8 32 565
32 8 565
8 34 726
34 8 726
8 38 284
38 8 284
8 26 620
26 8 620
8 9 16
9 8 16
8 16 368
16 8 368
8 44 979
44 8 979
8 42 515
42 8 515
8 31 529
31 8 529
8 24 318
24 8 318
8 10 912
10 8 912
8 12 159
12 8 159
8 9 222
9 8 222
8 23 265
23 8 265
9 25 325
25 9 325
9 22 760
22 9 760
9 27 839
27 9 839
9 39 863
39 9 863
9 16 72
16 9 72
9 11 573
11 9 573
9 36 663
36 9 663
9 10 720
10 9 720
9 16 189
16 9 189
9 40 644
40 9 644
9 25 993
25 9 993
9 43 129
43 9 129
9 38 331
38 9 331
9 16 180
16 9 180
10 29 672
29 10 672
10 22 278
22 10 278
10 26 38
26 10 38
10 27 871
27 10 871
10 12 550
12 10 550
10 31 725
31 10 725
10 13 158
13 10 158
10 14 856
14 10 856
10 32 634
32 10 634
10 43 661
43 10 661
10 44 247
44 10 247
10 14 831
14 10 831
10 16 993
16 10 993
10 18 279
18 10 279
10 44 642
44 10 642
10 26 44
26 10 44
11 13 954
13 11 954
11 17 803
17 11 803
11 27 232
27 11 232
11 34 537
34 11 537
11 27 337
27 11 337
11 27 83
27 11 83
11 40 154
40 11 154
11 36 4
36 11 4
11 25 654
25 11 654
11 43 209
43 11 209
11 39 715
39 11 715
11 19 709
19 11 709
11 15 280
15 11 280
11 42 261
42 11 261
11 16 236
16 11 236
11 12 113
12 11 113
11 37 215
37 11 215
11 43 879
43 11 879
12 45 616
45 12 616
12 34 862
34 12 862
12 13 210
13 12 210
12 44 339
44 12 339
12 36 704
36 12 704
12 30 372
30 12 372
12 26 131
26 12 131
12 37 613
37 12 613
12 32 965
32 12 965
12 19 110
19 12 110
12 21 295
21 12 295
12 21 666
21 12 666
13 24 112
24 13 112
13 21 308
21 13 308
13 33 991
33 13 991
13 41 513
41 13 513
13 44 173
44 13 173
13 18 605
18 13 605
13 33 94
33 13 94
13 26 174
26 13 174
13 19 950
19 13 950
13 40 990
40 13 990
14 21 872
21 14 872
14 21 285
21 14 285
14 29 445
29 14 445
14 21 425
21 14 425
14 22 879
22 14 879
14 33 987
33 14 987
14 43 84
43 14 84
14 43 981
43 14 981
14 17 97
17 14 97
14 19 733
19 14 733
14 41 83
41 14 83
14 18 437
18 14 437
14 35 847
35 14 847
14 34 83
34 14 83
15 32 981
32 15 981
15 37 576
37 15 576
15 28 217
28 15 217
15 33 514
33 15 514
15 30 682
30 15 682
15 35 913
35 15 913
15 22 354
22 15 354
15 27 404
27 15 404
15 29 862
29 15 862
15 28 241
28 15 241
15 24 820
24 15 820
15 16 583
16 15 583
15 34 137
34 15 137
16 25 676
25 16 676
16 34 918
34 16 918
16 41 746
41 16 746
16 17 935
17 16 935
16 28 241
28 16 241
16 22 726
22 16 726
16 45 64
45 16 64
16 27 23
27 16 23
16 41 727
41 16 727
16 37 975
37 16 975
16 37 848
37 16 848
16 42 87
42 16 87
16 43 196
43 16 196
17 23 180
23 17 180
17 42 161
42 17 161
17 35 277
35 17 277
17 43 333
43 17 333
17 31 795
31 17 795
17 20 857
20 17 857
17 18 97
18 17 97
17 22 222
22 17 222
17 35 949
35 17 949
17 34 48
34 17 48
17 45 196
45 17 196
17 42 667
42 17 667
17 26 936
26 17 936
17 39 661
39 17 661
17 36 646
36 17 646
17 36 268
36 17 268
17 33 914
33 17 914
17 45 398
45 17 398
18 19 25
19 18 25
18 20 69
20 18 69
18 38 444
38 18 444
18 20 363
20 18 363
18 34 884
34 18 884
18 39 745
39 18 745
18 30 869
30 18 869
18 23 845
23 18 845
18 45 642
45 18 642
18 34 555
34 18 555
18 23 266
23 18 266
18 22 275
22 18 275
19 41 237
41 19 237
19 35 350
35 19 350
19 19 998
19 19 998
19 34 298
34 19 298
19 38 277
38 19 277
19 45 479
45 19 479
19 23 400
23 19 400
19 44 619
44 19 619
19 21 37
21 19 37
20 29 438
29 20 438
20 43 159
43 20 159
20 34 203
34 20 203
20 26 450
26 20 450
20 42 628
42 20 628
20 25 782
25 20 782
20 20 76
20 20 76
20 29 463
29 20 463
20 45 219
45 20 219
21 26 851
26 21 851
21 42 42
42 21 42
21 36 439
36 21 439
21 32 494
32 21 494
21 33 612
33 21 612
21 36 790
36 21 790
21 38 721
38 21 721
21 24 516
24 21 516
21 28 162
28 21 162
21 30 427
30 21 427
21 41 133
41 21 133
21 38 101
38 21 101
21 36 849
36 21 849
21 21 93
21 21 93
21 26 214
26 21 214
21 38 563
38 21 563
22 41 121
41 22 121
22 24 954
24 22 954
22 36 929
36 22 929
22 40 28
40 22 28
22 24 59
24 22 59
22 23 989
23 22 989
22 43 157
43 22 157
22 25 44
25 22 44
23 36 49
36 23 49
23 38 760
38 23 760
23 30 446
30 23 446
23 33 484
33 23 484
23 42 359
42 23 359
23 29 521
29 23 521
23 33 532
33 23 532
23 41 314
41 23 314
23 25 875
25 23 875
23 40 432
40 23 432
23 35 228
35 23 228
23 33 394
33 23 394
24 35 465
35 24 465
24 35 141
35 24 141
24 45 831
45 24 831
24 45 452
45 24 452
24 28 496
28 24 496
24 35 339
35 24 339
25 44 542
44 25 542
25 36 28
36 25 28
25 41 9
41 25 9
25 32 12
32 25 12
25 33 708
33 25 708
25 31 946
31 25 946
25 34 957
34 25 957
25 27 675
27 25 675
25 27 166
27 25 166
25 38 540
38 25 540
25 38 706
38 25 706
25 27 55
27 25 55
25 27 488
27 25 488
25 41 755
41 25 755
25 44 382
44 25 382
26 40 304
40 26 304
26 34 39
34 26 39
26 30 643
30 26 643
26 32 990
32 26 990
26 44 985
44 26 985
26 29 786
29 26 786
26 28 184
28 26 184
26 31 540
31 26 540
27 31 217
31 27 217
27 34 591
34 27 591
27 39 866
39 27 866
27 37 692
37 27 692
27 44 821
44 27 821
27 41 679
41 27 679
28 36 509
36 28 509
28 38 201
38 28 201
28 39 334
39 28 334
28 40 403
40 28 403
28 41 476
41 28 476
28 39 853
39 28 853
28 39 210
39 28 210
28 40 19
40 28 19
29 44 944
44 29 944
29 41 535
41 29 535
29 35 350
35 29 350
29 45 284
45 29 284
29 45 845
45 29 845
29 33 354
33 29 354
29 38 993
38 29 993
29 43 457
43 29 457
29 34 853
34 29 853
30 45 622
45 30 622
30 34 188
34 30 188
30 34 605
34 30 605
30 41 139
41 30 139
30 44 436
44 30 436
31 33 660
33 31 660
31 38 93
38 31 93
31 33 922
33 31 922
31 33 749
33 31 749
31 37 391
37 31 391
32 44 104
44 32 104
32 39 382
39 32 382
32 35 191
35 32 191
32 42 75
42 32 75
32 32 426
32 32 426
32 40 57
40 32 57
32 39 34
39 32 34
32 37 668
37 32 668
33 43 43
43 33 43
33 44 664
44 33 664
33 37 339
37 33 339
33 39 166
39 33 166
34 41 857
41 34 857
34 38 613
38 34 613
34 45 373
45 34 373
34 44 548
44 34 548
35 45 812
45 35 812
35 38 404
38 35 404
35 35 636
35 35 636
37 43 819
43 37 819
37 42 236
42 37 236
37 41 31
41 37 31
37 37 414
37 37 414
38 39 304
39 38 304
38 40 576
40 38 576
38 42 361
42 38 361
38 41 866
41 38 866
38 40 435
40 38 435
38 38 41
38 38 41
38 44 422
44 38 422
38 41 874
41 38 874
38 42 666
42 38 666
38 44 448
44 38 448
38 45 693
45 38 693
39 41 391
41 39 391
39 45 244
45 39 244
40 43 566
43 40 566
40 43 444
43 40 444
40 42 720
42 40 720
41 43 171
43 41 171
42 45 879
45 42 879
44 45 463
45 44 463
