85

0 1 427
1 0 427
0 2 68
2 0 68
0 4 96
4 0 96
0 16 305
16 0 305
0 37 990
37 0 990
0 37 806
37 0 806
0 15 479
15 0 479
0 39 219
39 0 219
0 76 348
76 0 348
0 36 939
36 0 939
0 33 938
33 0 938
0 13 614
13 0 614
1 3 590
3 1 590
1 5 416
5 1 416
1 30 472
30 1 472
1 30 765
30 1 765
1 4 459
4 1 459
1 27 970
27 1 970
1 78 776
78 1 776
1 46 966
46 1 966
1 35 340
35 1 340
2 24 41
24 2 41
2 68 496
68 2 496
2 50 988
50 2 988
2 22 399
22 2 399
2 73 539
73 2 539
2 43 603
43 2 603
2 61 656
61 2 656
2 79 179
79 2 179
2 43 380
43 2 380
2 61 215
61 2 215
3 8 99
8 3 99
3 9 561
9 3 561
3 17 631
17 3 631
3 22 730
22 3 730
3 81 529
81 3 529
3 69 931
69 3 931
3 51 771
51 3 771
3 84 797
84 3 797
3 36 729
36 3 729
3 15 384
15 3 384
4 7 844
7 4 844
4 10 975
10 4 975
4 21 622
21 4 622
4 24 371
24 4 371
4 21 586
21 4 586
4 17 829
17 4 829
4 41 750
41 4 750
4 73 183
73 4 183
4 42 246
42 4 246
5 6 28
6 5 28
5 19 240
19 5 240
5 64 462
64 5 462
5 5 298
5 5 298
5 84 312
84 5 312
5 77 965
77 5 965
5 82 534
82 5 534
5 19 640
19 5 640
5 63 435
63 5 435
5 20 424
20 5 424
5 33 767
33 5 767
5 18 797
18 5 797
6 11 805
11 6 805
6 14 32
14 6 32
6 39 99
39 6 99
6 52 37
52 6 37
6 8 109
8 6 109
6 41 75
41 6 75
6 61 655
61 6 655
6 57 704
57 6 704
6 50 462
50 6 462
6 8 8
8 6 8
6 80 182
80 6 182
7 25 75
25 7 75
7 44 607
44 7 607
7 30 831
30 7 831
7 61 355
61 7 355
7 11 863
11 7 863
7 59 895
59 7 895
7 62 953
62 7 953
7 64 997
64 7 997
8 18 640
18 8 640
8 16 78
16 8 78
8 37 890
37 8 890
8 14 729
14 8 729
9 75 448
75 9 448
9 66 760
66 9 760
9 74 179
74 9 179
9 18 668
18 9 668
9 33 808
33 9 808
9 10 421
10 9 421
9 71 595
71 9 595
9 41 845
41 9 845
9 58 298
58 9 298
9 42 972
42 9 972
9 76 828
76 9 828
9 25 883
25 9 883
9 65 254
65 9 254
9 17 283
17 9 283
9 22 653
22 9 653
10 12 113
12 10 113
10 13 698
13 10 698
10 27 27
27 10 27
10 41 555
41 10 555
10 45 530
45 10 530
10 46 920
46 10 920
10 69 705
69 10 705
10 64 882
64 10 882
10 74 391
74 10 391
10 17 757
17 10 757
10 39 810
39 10 810
10 52 584
52 10 584
10 83 739
83 10 739
10 77 510
77 10 510
11 23 509
23 11 509
11 38 190
38 11 190
11 51 213
51 11 213
11 53 127
53 11 127
11 55 387
55 11 387
11 14 236
14 11 236
11 30 390
30 11 390
11 32 798
32 11 798
11 44 853
44 11 853
11 71 758
71 11 758
11 26 437
26 11 437
11 22 60
22 11 60
11 15 990
15 11 990
11 73 913
73 11 913
12 54 876
54 12 876
12 80 614
80 12 614
12 42 782
42 12 782
12 34 717
34 12 717
12 51 259
51 12 259
12 22 974
22 12 974
13 15 999
15 13 999
13 76 379
76 13 379
13 29 452
29 13 452
13 33 254
33 13 254
13 56 921
56 13 921
13 42 68
42 13 68
13 58 316
58 13 316
13 26 322
26 13 322
13 26 173
26 13 173
13 79 346
79 13 346
14 21 858
21 14 858
14 62 541
62 14 541
14 67 989
67 14 989
14 34 581
34 14 581
14 26 185
26 14 185
14 40 60
40 14 60
14 45 450
45 14 450
14 40 272
40 14 272
15 20 164
20 15 164
15 32 678
32 15 678
15 78 41
78 15 41
15 18 867
18 15 867
15 42 308
42 15 308
15 57 691
57 15 691
15 82 692
82 15 692
15 37 203
37 15 203
15 35 204
35 15 204
15 27 521
27 15 521
15 82 372
82 15 372
16 26 18
26 16 18
16 84 993
84 16 993
16 26 802
26 16 802
16 23 451
23 16 451
16 74 599
74 16 599
17 35 678
35 17 678
17 42 692
42 17 692
17 84 783
84 17 783
17 67 35
67 17 35
17 49 889
49 17 889
17 28 333
28 17 333
17 28 366
28 17 366
17 53 939
53 17 939
17 66 414
66 17 414
18 29 530
29 18 530
18 60 494
60 18 494
18 40 987
40 18 987
18 31 927
31 18 927
18 77 704
77 18 704
19 28 291
28 19 291
19 36 848
36 19 848
19 66 187
66 19 187
19 38 400
38 19 400
19 74 752
74 19 752
19 78 956
78 19 956
20 28 318
28 20 318
20 47 921
47 20 921
20 82 655
82 20 655
20 43 510
43 20 510
20 64 611
64 20 611
20 25 32
25 20 32
20 62 159
62 20 159
20 67 818
67 20 818
20 82 897
82 20 897
21 31 507
31 21 507
21 33 365
33 21 365
21 21 601
21 21 601
21 62 511
62 21 511
21 66 810
66 21 810
21 33 661
33 21 661
21 45 831
45 21 831
22 52 99
52 22 99
22 54 288
54 22 288
22 40 467
40 22 467
22 58 298
58 22 298
22 30 713
30 22 713
22 44 721
44 22 721
22 73 805
73 22 805
23 40 127
40 23 127
23 58 264
58 23 264
23 74 863
74 23 863
23 64 180
64 23 180
23 58 926
58 23 926
23 66 235
66 23 235
23 49 84
49 23 84
24 69 806
69 24 806
24 79 429
79 24 429
24 49 472
49 24 472
24 59 283
59 24 283
24 84 400
84 24 400
25 68 752
68 25 752
25 55 766
55 25 766
26 81 837
81 26 837
26 44 538
44 26 538
27 71 767
71 27 767
27 74 993
74 27 993
27 42 989
42 27 989
27 81 3
81 27 3
28 65 322
65 28 322
28 48 588
48 28 588
28 41 986
41 28 986
28 76 682
76 28 682
28 44 125
44 28 125
28 31 604
31 28 604
29 83 566
83 29 566
29 55 348
55 29 348
29 47 313
47 29 313
29 81 175
81 29 175
29 63 463
63 29 463
29 81 727
81 29 727
29 64 196
64 29 196
29 56 50
56 29 50
30 43 193
43 30 193
30 52 634
52 30 634
30 77 346
77 30 346
30 42 615
42 30 615
30 56 362
56 30 362
30 84 209
84 30 209
31 34 610
34 31 610
31 47 22
47 31 22
31 52 908
52 31 908
31 50 269
50 31 269
31 58 128
58 31 128
31 59 331
59 31 331
32 84 674
84 32 674
32 51 164
51 32 164
33 47 507
47 33 507
33 60 846
60 33 846
33 40 867
40 33 867
34 70 850
70 34 850
34 45 547
45 34 547
34 40 69
40 34 69
34 42 960
42 34 960
34 75 561
75 34 561
35 41 333
41 35 333
35 52 607
52 35 607
35 78 217
78 35 217
36 63 207
63 36 207
36 49 697
49 36 697
37 49 144
49 37 144
37 61 619
61 37 619
37 71 29
71 37 29
37 65 441
65 37 441
37 58 3
58 37 3
38 63 181
63 38 181
38 64 1
64 38 1
38 47 772
47 38 772
38 64 375
64 38 375
38 80 958
80 38 958
39 72 627
72 39 627
39 59 131
59 39 131
39 65 759
65 39 759
39 49 302
49 39 302
39 55 37
55 39 37
39 74 278
74 39 278
39 75 514
75 39 514
39 63 786
63 39 786
39 66 992
66 39 992
39 72 878
72 39 878
40 50 900
50 40 900
40 57 198
57 40 198
40 54 334
54 40 334
40 52 34
52 40 34
40 64 505
64 40 505
41 53 444
53 41 444
41 59 952
59 41 952
41 71 337
71 41 337
42 43 668
43 42 668
42 48 156
48 42 156
42 63 293
63 42 293
42 56 779
56 42 779
43 74 693
74 43 693
43 56 457
56 43 457
43 54 255
54 43 255
43 81 584
81 43 584
43 67 156
67 43 156
43 44 299
44 43 299
44 57 52
57 44 52
45 64 128
64 45 128
45 69 660
69 45 660
45 77 595
77 45 595
45 77 892
77 45 892
45 77 771
77 45 771
46 70 246
70 46 246
46 58 201
58 46 201
46 56 1
56 46 1
46 69 647
69 46 647
47 56 675
56 47 675
47 71 684
71 47 684
48 69 904
69 48 904
48 83 199
83 48 199
48 67 374
67 48 374
49 73 315
73 49 315
49 63 269
63 49 269
49 67 521
67 49 521
49 67 800
67 49 800
50 59 741
59 50 741
50 68 729
68 50 729
50 79 611
79 50 611
50 53 715
53 50 715
51 56 446
56 51 446
51 82 258
82 51 258
51 74 221
74 51 221
52 69 997
69 52 997
53 59 122
59 53 122
54 61 208
61 54 208
54 54 263
54 54 263
54 66 265
66 54 265
54 56 84
56 54 84
55 61 641
61 55 641
55 63 671
63 55 671
55 82 267
82 55 267
55 59 322
59 55 322
55 79 2
79 55 2
55 57 85
57 55 85
56 72 732
72 56 732
56 70 171
70 56 171
57 76 5
76 57 5
57 66 924
66 57 924
59 67 191
67 59 191
59 72 888
72 59 888
60 80 588
80 60 588
60 79 401
79 60 401
61 77 126
77 61 126
61 72 916
72 61 916
61 72 842
72 61 842
61 79 72
79 61 72
63 77 694
77 63 694
64 66 686
66 64 686
65 77 931
77 65 931
66 83 194
83 66 194
66 84 604
84 66 604
66 69 958
69 66 958
67 75 794
75 67 794
67 78 203
78 67 203
67 79 887
79 67 887
67 73 133
73 67 133
68 79 250
79 68 250
69 80 173
80 69 173
70 82 693
82 70 693
70 83 823
83 70 823
71 84 711
84 71 711
71 77 350
77 71 350
71 80 132
80 71 132
74 80 217
80 74 217
76 83 52
83 76 52
80 82 517
82 80 517
80 84 300
84 80 300
80 82 748
82 80 748
