92

0 1 563
1 0 563
0 2 367
2 0 367
0 4 258
4 0 258
0 6 88
6 0 88
0 18 893
18 0 893
0 42 126
42 0 126
0 68 581
68 0 581
0 88 824
88 0 824
0 42 376
42 0 376
0 29 487
29 0 487
0 46 51
46 0 51
0 90 473
90 0 473
0 44 407
44 0 407
0 90 267
90 0 267
0 89 395
89 0 395
1 65 190
65 1 190
1 25 788
25 1 788
1 30 566
30 1 566
1 26 359
26 1 359
1 47 279
47 1 279
1 61 179
61 1 179
1 75 477
75 1 477
1 56 516
56 1 516
1 22 339
22 1 339
1 62 1000
62 1 1000
1 55 324
55 1 324
1 61 953
61 1 953
1 70 289
70 1 289
1 58 110
58 1 110
1 48 624
48 1 624
2 3 944
3 2 944
2 13 256
13 2 256
2 91 939
91 2 939
2 76 387
76 2 387
2 84 355
84 2 355
2 76 608
76 2 608
2 24 251
24 2 251
2 25 498
25 2 498
2 88 481
88 2 481
2 17 344
17 2 344
3 8 188
8 3 188
3 30 773
30 3 773
3 20 661
20 3 661
3 58 462
58 3 462
3 47 839
47 3 839
3 45 877
45 3 877
3 13 754
13 3 754
3 19 190
19 3 190
3 87 147
87 3 147
3 39 23
39 3 23
3 78 287
78 3 287
4 5 711
5 4 711
4 7 264
7 4 264
4 10 337
10 4 337
4 19 755
19 4 755
4 27 616
27 4 616
4 61 939
61 4 939
4 66 702
66 4 702
4 7 213
7 4 213
4 5 378
5 4 378
4 9 886
9 4 886
4 39 437
39 4 437
4 44 915
44 4 915
4 81 995
81 4 995
4 23 506
23 4 506
4 56 819
56 4 819
4 77 511
77 4 511
4 62 796
62 4 796
4 44 361
44 4 361
5 17 978
17 5 978
5 31 571
31 5 571
5 89 432
89 5 432
5 44 452
44 5 452
5 64 503
64 5 503
5 41 278
41 5 278
5 21 578
21 5 578
5 78 515
78 5 515
5 43 487
43 5 487
5 30 454
30 5 454
5 81 610
81 5 610
5 28 988
28 5 988
5 42 181
42 5 181
5 31 316
31 5 316
5 33 54
33 5 54
5 28 413
28 5 413
6 9 823
9 6 823
6 11 383
11 6 383
6 16 670
16 6 670
6 48 486
48 6 486
6 50 678
50 6 678
6 59 412
59 6 412
6 72 804
72 6 804
6 40 404
40 6 404
6 17 32
17 6 32
6 15 736
15 6 736
6 48 858
48 6 858
6 64 958
64 6 958
6 88 389
88 6 389
7 33 936
33 7 936
7 41 139
41 7 139
7 55 471
55 7 471
7 83 581
83 7 581
7 66 287
66 7 287
7 41 790
41 7 790
7 62 516
62 7 516
7 80 970
80 7 970
7 17 443
17 7 443
7 10 672
10 7 672
8 15 898
15 8 898
8 49 223
49 8 223
8 61 647
61 8 647
8 70 108
70 8 108
8 50 170
50 8 170
8 46 390
46 8 390
8 58 115
58 8 115
8 81 73
81 8 73
8 58 907
58 8 907
8 21 315
21 8 315
8 73 396
73 8 396
8 68 754
68 8 754
8 39 52
39 8 52
8 43 659
43 8 659
8 68 68
68 8 68
8 85 945
85 8 945
8 64 127
64 8 127
9 14 252
14 9 252
9 12 287
12 9 287
9 77 684
77 9 684
9 65 154
65 9 154
9 60 35
60 9 35
9 43 514
43 9 514
9 54 127
54 9 127
9 80 836
80 9 836
9 41 516
41 9 516
9 58 414
58 9 414
9 29 456
29 9 456
9 10 482
10 9 482
10 11 649
11 10 649
10 77 838
77 10 838
10 17 494
17 10 494
10 73 94
73 10 94
10 25 198
25 10 198
10 27 762
27 10 762
10 32 633
32 10 633
10 39 36
39 10 36
10 63 398
63 10 398
10 22 719
22 10 719
10 65 586
65 10 586
11 12 844
12 11 844
11 23 154
23 11 154
11 25 302
25 11 302
11 43 853
43 11 853
11 58 983
58 11 983
11 32 444
32 11 444
11 17 321
17 11 321
11 11 849
11 11 849
11 49 814
49 11 814
11 61 620
61 11 620
11 52 775
52 11 775
11 64 657
64 11 657
12 20 55
20 12 55
12 24 421
24 12 421
12 54 885
54 12 885
12 56 655
56 12 655
12 68 128
68 12 128
12 46 716
46 12 716
12 36 7
36 12 7
12 38 675
38 12 675
12 87 339
87 12 339
12 75 228
75 12 228
12 55 869
55 12 869
12 22 792
22 12 792
12 26 271
26 12 271
13 57 493
57 13 493
13 35 951
35 13 951
13 43 815
43 13 815
13 79 869
79 13 869
13 26 136
26 13 136
13 46 367
46 13 367
13 86 167
86 13 167
13 61 222
61 13 222
13 79 171
79 13 171
13 64 346
64 13 346
13 64 808
64 13 808
14 48 551
48 14 551
14 48 782
48 14 782
14 63 758
63 14 758
14 55 626
55 14 626
14 63 780
63 14 780
14 44 359
44 14 359
14 18 621
18 14 621
14 26 417
26 14 417
15 35 358
35 15 358
15 40 488
40 15 488
15 64 908
64 15 908
15 86 878
86 15 878
15 19 81
19 15 81
15 23 362
23 15 362
15 20 450
20 15 450
15 19 424
19 15 424
15 79 709
79 15 709
15 31 265
31 15 265
15 54 288
54 15 288
16 21 621
21 16 621
16 91 640
91 16 640
16 88 731
88 16 731
16 39 749
39 16 749
16 87 204
87 16 204
17 37 575
37 17 575
17 27 798
27 17 798
17 75 829
75 17 829
17 26 814
26 17 814
17 24 332
24 17 332
17 31 177
31 17 177
17 39 712
39 17 712
17 58 134
58 17 134
17 78 570
78 17 570
17 54 671
54 17 671
17 72 852
72 17 852
17 44 831
44 17 831
18 22 892
22 18 892
18 46 178
46 18 178
18 55 568
55 18 568
18 29 191
29 18 191
18 23 189
23 18 189
18 69 969
69 18 969
18 25 976
25 18 976
18 41 630
41 18 630
18 88 369
88 18 369
18 50 165
50 18 165
18 79 340
79 18 340
19 28 620
28 19 620
19 46 606
46 19 606
19 45 551
45 19 551
19 79 583
79 19 583
19 36 294
36 19 294
19 91 946
91 19 946
19 30 524
30 19 524
19 63 822
63 19 822
19 73 86
73 19 86
19 29 740
29 19 740
19 19 571
19 19 571
19 40 71
40 19 71
20 26 438
26 20 438
20 34 154
34 20 154
20 38 646
38 20 646
20 84 54
84 20 54
20 28 792
28 20 792
20 59 526
59 20 526
20 41 753
41 20 753
20 76 149
76 20 149
20 45 378
45 20 378
20 85 918
85 20 918
20 38 558
38 20 558
20 77 56
77 20 56
20 37 388
37 20 388
20 24 900
24 20 900
20 86 849
86 20 849
21 29 659
29 21 659
21 62 651
62 21 651
21 36 640
36 21 640
21 27 585
27 21 585
21 27 488
27 21 488
21 75 370
75 21 370
21 33 162
33 21 162
21 74 375
74 21 375
22 66 299
66 22 299
22 69 542
69 22 542
22 82 595
82 22 595
22 89 854
89 22 854
22 28 193
28 22 193
22 65 830
65 22 830
22 91 533
91 22 533
22 22 203
22 22 203
23 32 163
32 23 163
23 62 97
62 23 97
23 76 514
76 23 514
23 54 58
54 23 58
23 85 919
85 23 919
23 64 929
64 23 929
23 74 838
74 23 838
23 24 268
24 23 268
23 55 879
55 23 879
24 79 277
79 24 277
24 35 96
35 24 96
24 85 859
85 24 859
24 49 516
49 24 516
24 71 873
71 24 873
24 63 273
63 24 273
24 44 832
44 24 832
24 38 240
38 24 240
24 70 773
70 24 773
24 85 101
85 24 101
25 39 306
39 25 306
25 89 151
89 25 151
25 90 962
90 25 962
25 76 215
76 25 215
25 87 498
87 25 498
25 48 121
48 25 121
25 62 610
62 25 610
25 33 433
33 25 433
26 32 76
32 26 76
26 79 383
79 26 383
26 63 542
63 26 542
26 43 981
43 26 981
26 36 60
36 26 60
26 89 708
89 26 708
26 73 568
73 26 568
26 50 647
50 26 647
27 47 970
47 27 970
27 53 169
53 27 169
27 77 346
77 27 346
27 57 660
57 27 660
27 82 501
82 27 501
27 35 400
35 27 400
27 63 497
63 27 497
27 86 823
86 27 823
28 85 112
85 28 112
28 65 540
65 28 540
28 69 660
69 28 660
28 85 827
85 28 827
28 28 822
28 28 822
29 76 847
76 29 847
29 49 914
49 29 914
29 73 913
73 29 913
29 44 856
44 29 856
29 32 199
32 29 199
29 65 990
65 29 990
29 65 557
65 29 557
29 78 325
78 29 325
29 51 70
51 29 70
30 60 694
60 30 694
30 56 823
56 30 823
30 68 596
68 30 596
30 88 313
88 30 313
30 63 27
63 30 27
30 54 153
54 30 153
30 51 55
51 30 55
31 84 198
84 31 198
31 68 74
68 31 74
31 78 288
78 31 288
31 47 281
47 31 281
31 35 912
35 31 912
31 44 133
44 31 133
31 44 499
44 31 499
31 74 344
74 31 344
32 36 887
36 32 887
32 37 34
37 32 34
32 59 845
59 32 845
32 67 687
67 32 687
32 79 134
79 32 134
32 72 83
72 32 83
32 72 258
72 32 258
32 69 371
69 32 371
32 45 845
45 32 845
33 86 805
86 33 805
33 64 868
64 33 868
33 84 185
84 33 185
33 40 354
40 33 354
33 45 312
45 33 312
33 91 940
91 33 940
33 46 822
46 33 822
34 44 18
44 34 18
34 77 396
77 34 396
34 41 707
41 34 707
34 68 589
68 34 589
34 63 604
63 34 604
34 61 138
61 34 138
34 59 855
59 34 855
34 69 846
69 34 846
35 70 910
70 35 910
35 90 439
90 35 439
35 73 707
73 35 707
35 53 930
53 35 930
35 66 626
66 35 626
35 72 38
72 35 38
35 87 145
87 35 145
35 73 579
73 35 579
36 70 44
70 36 44
36 41 323
41 36 323
36 63 73
63 36 73
36 76 496
76 36 496
36 43 367
43 36 367
36 90 289
90 36 289
36 68 46
68 36 46
36 39 776
39 36 776
36 90 967
90 36 967
36 87 198
87 36 198
36 83 841
83 36 841
37 61 495
61 37 495
37 62 369
62 37 369
37 79 832
79 37 832
37 67 523
67 37 523
37 54 711
54 37 711
37 53 643
53 37 643
37 89 556
89 37 556
37 85 68
85 37 68
37 75 131
75 37 131
37 39 14
39 37 14
38 58 6
58 38 6
38 91 817
91 38 817
38 52 589
52 38 589
39 45 774
45 39 774
39 52 927
52 39 927
39 56 298
56 39 298
39 44 247
44 39 247
39 41 930
41 39 930
39 42 90
42 39 90
39 63 176
63 39 176
39 62 497
62 39 497
40 52 184
52 40 184
40 67 151
67 40 151
40 70 702
70 40 702
40 88 15
88 40 15
40 58 117
58 40 117
40 75 628
75 40 628
40 85 346
85 40 346
40 57 419
57 40 419
40 77 386
77 40 386
40 85 802
85 40 802
40 52 807
52 40 807
40 66 617
66 40 617
40 84 542
84 40 542
40 41 618
41 40 618
40 67 334
67 40 334
40 66 494
66 40 494
41 83 443
83 41 443
41 91 783
91 41 783
41 61 568
61 41 568
41 68 455
68 41 455
41 68 38
68 41 38
41 43 205
43 41 205
42 53 270
53 42 270
42 72 975
72 42 975
42 79 540
79 42 540
42 87 488
87 42 488
42 71 78
71 42 78
42 78 905
78 42 905
42 90 239
90 42 239
42 57 418
57 42 418
43 62 268
62 43 268
43 78 152
78 43 152
43 68 833
68 43 833
43 61 553
61 43 553
43 74 81
74 43 81
44 64 742
64 44 742
44 70 615
70 44 615
44 77 460
77 44 460
44 60 870
60 44 870
44 87 682
87 44 682
45 77 211
77 45 211
45 66 587
66 45 587
45 53 512
53 45 512
45 64 226
64 45 226
45 56 819
56 45 819
45 53 894
53 45 894
46 51 123
51 46 123
46 65 64
65 46 64
46 73 429
73 46 429
46 80 467
80 46 467
46 82 599
82 46 599
46 58 23
58 46 23
47 71 553
71 47 553
47 75 924
75 47 924
48 51 287
51 48 287
48 51 419
51 48 419
48 69 969
69 48 969
48 75 835
75 48 835
48 75 823
75 48 823
49 73 758
73 49 758
49 79 32
79 49 32
49 54 551
54 49 551
49 68 215
68 49 215
49 64 437
64 49 437
49 90 221
90 49 221
50 87 58
87 50 58
50 60 868
60 50 868
50 80 210
80 50 210
50 61 66
61 50 66
51 83 332
83 51 332
51 91 42
91 51 42
51 91 400
91 51 400
52 52 831
52 52 831
53 90 175
90 53 175
53 82 321
82 53 321
53 69 85
69 53 85
53 79 87
79 53 87
53 68 34
68 53 34
53 89 713
89 53 713
53 81 735
81 53 735
53 62 73
62 53 73
54 90 883
90 54 883
54 88 792
88 54 792
54 59 882
59 54 882
54 61 104
61 54 104
55 56 3
56 55 3
55 56 664
56 55 664
55 87 350
87 55 350
55 57 447
57 55 447
55 78 281
78 55 281
55 80 9
80 55 9
55 85 102
85 55 102
56 62 750
62 56 750
56 82 438
82 56 438
56 58 393
58 56 393
57 91 765
91 57 765
58 58 614
58 58 614
58 90 658
90 58 658
58 80 408
80 58 408
58 61 8
61 58 8
58 78 447
78 58 447
58 78 630
78 58 630
58 59 211
59 58 211
58 77 144
77 58 144
58 90 506
90 58 506
59 63 910
63 59 910
59 90 469
90 59 469
59 85 6
85 59 6
60 71 291
71 60 291
60 89 407
89 60 407
60 62 930
62 60 930
60 70 91
70 60 91
60 78 426
78 60 426
61 69 606
69 61 606
61 86 714
86 61 714
62 72 75
72 62 75
62 78 629
78 62 629
62 83 696
83 62 696
62 67 954
67 62 954
62 65 330
65 62 330
63 75 728
75 63 728
63 81 303
81 63 303
63 76 758
76 63 758
63 83 520
83 63 520
63 90 193
90 63 193
63 73 327
73 63 327
63 81 866
81 63 866
63 86 694
86 63 694
64 87 834
87 64 834
64 64 177
64 64 177
64 87 908
87 64 908
64 65 310
65 64 310
64 79 713
79 64 713
65 68 572
68 65 572
65 83 543
83 65 543
65 80 581
80 65 581
65 71 355
71 65 355
66 83 606
83 66 606
66 71 841
71 66 841
66 91 233
91 66 233
66 75 478
75 66 478
67 85 583
85 67 583
67 82 969
82 67 969
67 87 647
87 67 647
68 80 325
80 68 325
68 86 781
86 68 781
68 86 942
86 68 942
69 74 144
74 69 144
69 83 601
83 69 601
69 73 474
73 69 474
71 83 527
83 71 527
71 90 294
90 71 294
71 80 12
80 71 12
71 90 872
90 71 872
72 76 509
76 72 509
73 78 778
78 73 778
73 84 123
84 73 123
74 79 370
79 74 370
74 75 383
75 74 383
74 74 848
74 74 848
75 87 35
87 75 35
75 77 490
77 75 490
75 84 979
84 75 979
75 77 893
77 75 893
76 91 275
91 76 275
76 87 48
87 76 48
77 90 780
90 77 780
82 91 964
91 82 964
84 91 515
91 84 515
84 84 989
84 84 989
85 87 254
87 85 254
