46

0 1 192
1 0 192
0 2 519
2 0 519
0 3 311
3 0 311
0 4 603
4 0 603
0 7 906
7 0 906
0 8 893
8 0 893
0 9 370
9 0 370
0 19 791
19 0 791
0 20 697
20 0 697
0 39 320
39 0 320
0 24 421
24 0 421
0 2 825
2 0 825
0 16 146
16 0 146
0 5 1
5 0 1
0 24 307
24 0 307
0 36 775
36 0 775
0 29 737
29 0 737
0 32 715
32 0 715
0 33 733
33 0 733
0 41 742
41 0 742
0 18 711
18 0 711
0 7 183
7 0 183
0 29 81
29 0 81
0 40 564
40 0 564
0 18 377
18 0 377
0 17 372
17 0 372
0 3 24
3 0 24
0 3 273
3 0 273
0 35 386
35 0 386
0 28 700
28 0 700
0 19 533
19 0 533
0 32 634
32 0 634
0 33 366
33 0 366
0 36 654
36 0 654
0 9 311
9 0 311
0 35 88
35 0 88
0 27 421
27 0 421
0 24 559
24 0 559
0 14 218
14 0 218
0 19 457
19 0 457
0 17 632
17 0 632
0 14 564
14 0 564
0 6 182
6 0 182
0 33 120
33 0 120
0 16 704
16 0 704
0 42 396
42 0 396
1 5 441
5 1 441
1 23 965
23 1 965
1 32 953
32 1 953
1 11 278
11 1 278
1 24 67
24 1 67
1 34 765
34 1 765
1 4 453
4 1 453
1 25 751
25 1 751
1 36 377
36 1 377
1 35 388
35 1 388
1 32 253
32 1 253
1 8 534
8 1 534
1 32 533
32 1 533
1 10 240
10 1 240
1 35 101
35 1 101
1 28 983
28 1 983
1 32 718
32 1 718
1 20 730
20 1 730
1 34 471
34 1 471
1 39 155
39 1 155
1 21 211
21 1 211
1 15 502
15 1 502
1 28 726
28 1 726
1 42 422
42 1 422
1 18 118
18 1 118
1 30 940
30 1 940
1 39 933
39 1 933
1 29 640
29 1 640
1 23 428
23 1 428
1 17 62
17 1 62
1 5 2
5 1 2
1 36 884
36 1 884
1 9 560
9 1 560
2 12 404
12 2 404
2 21 511
21 2 511
2 31 18
31 2 18
2 43 350
43 2 350
2 38 855
38 2 855
2 14 509
14 2 509
2 40 430
40 2 430
2 14 390
14 2 390
2 8 893
8 2 893
2 8 574
8 2 574
2 8 334
8 2 334
2 33 147
33 2 147
2 25 36
25 2 36
2 15 546
15 2 546
2 3 978
3 2 978
2 4 810
4 2 810
2 2 847
2 2 847
2 40 763
40 2 763
2 26 260
26 2 260
2 42 696
42 2 696
2 20 345
20 2 345
2 33 868
33 2 868
2 16 455
16 2 455
2 31 354
31 2 354
2 20 641
20 2 641
2 27 861
27 2 861
2 34 997
34 2 997
2 28 119
28 2 119
2 45 408
45 2 408
2 2 391
2 2 391
2 20 653
20 2 653
2 17 398
17 2 398
2 33 653
33 2 653
2 17 756
17 2 756
2 34 161
34 2 161
2 40 447
40 2 447
3 24 419
24 3 419
3 33 787
33 3 787
3 11 494
11 3 494
3 37 868
37 3 868
3 25 254
25 3 254
3 31 550
31 3 550
3 16 203
16 3 203
3 42 218
42 3 218
3 17 611
17 3 611
3 18 388
18 3 388
3 26 231
26 3 231
3 32 144
32 3 144
3 44 178
44 3 178
3 44 905
44 3 905
3 45 650
45 3 650
3 6 457
6 3 457
3 10 27
10 3 27
3 37 427
37 3 427
3 22 303
22 3 303
3 45 38
45 3 38
3 27 198
27 3 198
3 38 956
38 3 956
3 41 371
41 3 371
3 33 19
33 3 19
3 38 938
38 3 938
3 42 582
42 3 582
3 34 80
34 3 80
3 38 554
38 3 554
3 13 509
13 3 509
3 5 344
5 3 344
3 28 804
28 3 804
3 41 498
41 3 498
3 29 202
29 3 202
3 30 948
30 3 948
3 41 29
41 3 29
3 17 390
17 3 390
4 6 884
6 4 884
4 42 113
42 4 113
4 29 596
29 4 596
4 20 129
20 4 129
4 24 251
24 4 251
4 35 453
35 4 453
4 12 564
12 4 564
4 14 664
14 4 664
4 8 44
8 4 44
4 39 72
39 4 72
4 30 538
30 4 538
4 38 433
38 4 433
4 39 905
39 4 905
4 23 558
23 4 558
4 9 142
9 4 142
4 22 1000
22 4 1000
4 40 776
40 4 776
4 39 526
39 4 526
4 7 186
7 4 186
4 24 805
24 4 805
4 24 886
24 4 886
4 13 12
13 4 12
4 40 161
40 4 161
4 4 478
4 4 478
4 42 371
42 4 371
4 35 97
35 4 97
4 17 851
17 4 851
5 10 236
10 5 236
5 11 239
11 5 239
5 19 952
19 5 952
5 22 308
22 5 308
5 34 751
34 5 751
5 39 418
39 5 418
5 35 249
35 5 249
5 7 11
7 5 11
5 41 514
41 5 514
5 31 216
31 5 216
5 39 848
39 5 848
5 37 324
37 5 324
5 26 350
26 5 350
5 17 669
17 5 669
5 36 240
36 5 240
5 16 454
16 5 454
5 28 308
28 5 308
5 12 253
12 5 253
5 8 799
8 5 799
5 21 567
21 5 567
5 15 913
15 5 913
5 30 1000
30 5 1000
5 20 80
20 5 80
5 11 937
11 5 937
5 19 912
19 5 912
5 20 240
20 5 240
5 18 622
18 5 622
5 30 295
30 5 295
5 13 56
13 5 56
5 35 669
35 5 669
5 41 608
41 5 608
5 38 766
38 5 766
5 7 181
7 5 181
5 37 581
37 5 581
5 37 195
37 5 195
6 33 263
33 6 263
6 12 556
12 6 556
6 41 953
41 6 953
6 40 396
40 6 396
6 7 22
7 6 22
6 41 602
41 6 602
6 22 411
22 6 411
6 43 832
43 6 832
6 44 797
44 6 797
6 29 765
29 6 765
6 25 238
25 6 238
6 26 93
26 6 93
6 31 569
31 6 569
6 44 46
44 6 46
6 9 980
9 6 980
6 17 243
17 6 243
6 24 898
24 6 898
6 17 219
17 6 219
6 9 432
9 6 432
6 42 631
42 6 631
6 12 536
12 6 536
6 45 752
45 6 752
6 7 919
7 6 919
6 13 513
13 6 513
6 31 88
31 6 88
6 38 646
38 6 646
6 11 931
11 6 931
6 40 957
40 6 957
6 34 15
34 6 15
6 23 83
23 6 83
6 28 399
28 6 399
6 39 653
39 6 653
6 24 187
24 6 187
6 28 918
28 6 918
6 24 364
24 6 364
6 28 180
28 6 180
6 7 454
7 6 454
6 24 93
24 6 93
7 14 172
14 7 172
7 37 260
37 7 260
7 32 446
32 7 446
7 38 847
38 7 847
7 22 999
22 7 999
7 35 486
35 7 486
7 11 14
11 7 14
7 38 682
38 7 682
7 7 171
7 7 171
7 25 119
25 7 119
7 17 969
17 7 969
7 22 946
22 7 946
7 42 197
42 7 197
7 14 595
14 7 595
7 45 137
45 7 137
7 17 596
17 7 596
7 17 757
17 7 757
7 41 915
41 7 915
7 20 448
20 7 448
7 33 754
33 7 754
7 40 997
40 7 997
7 33 147
33 7 147
7 39 519
39 7 519
7 21 560
21 7 560
7 36 556
36 7 556
7 29 711
29 7 711
7 36 380
36 7 380
7 24 540
24 7 540
7 11 741
11 7 741
7 12 102
12 7 102
7 26 130
26 7 130
7 33 630
33 7 630
7 44 946
44 7 946
7 34 500
34 7 500
7 20 27
20 7 27
7 14 526
14 7 526
7 42 123
42 7 123
7 42 153
42 7 153
7 33 530
33 7 530
7 30 813
30 7 813
7 8 425
8 7 425
7 38 999
38 7 999
8 15 242
15 8 242
8 16 423
16 8 423
8 24 803
24 8 803
8 13 14
13 8 14
8 28 414
28 8 414
8 28 344
28 8 344
8 39 103
39 8 103
8 27 909
27 8 909
8 37 167
37 8 167
8 31 148
31 8 148
8 45 186
45 8 186
8 40 872
40 8 872
8 38 88
38 8 88
8 38 977
38 8 977
8 25 824
25 8 824
8 30 78
30 8 78
8 15 834
15 8 834
8 44 146
44 8 146
8 39 283
39 8 283
8 41 928
41 8 928
8 29 953
29 8 953
8 28 295
28 8 295
8 27 902
27 8 902
8 11 795
11 8 795
8 12 440
12 8 440
8 11 89
11 8 89
8 24 83
24 8 83
9 17 883
17 9 883
9 18 433
18 9 433
9 27 616
27 9 616
9 33 77
33 9 77
9 14 392
14 9 392
9 11 494
11 9 494
9 18 382
18 9 382
9 29 152
29 9 152
9 45 781
45 9 781
9 28 240
28 9 240
9 37 18
37 9 18
9 42 750
42 9 750
9 25 282
25 9 282
9 35 649
35 9 649
9 29 174
29 9 174
9 42 961
42 9 961
9 40 584
40 9 584
9 27 603
27 9 603
9 44 880
44 9 880
9 17 225
17 9 225
9 11 182
11 9 182
9 32 257
32 9 257
9 30 901
30 9 901
9 17 298
17 9 298
9 29 17
29 9 17
10 20 97
20 10 97
10 12 296
12 10 296
10 28 837
28 10 837
10 26 71
26 10 71
10 21 213
21 10 213
10 45 620
45 10 620
10 24 202
24 10 202
10 37 383
37 10 383
10 25 977
25 10 977
10 15 302
15 10 302
10 35 311
35 10 311
10 23 74
23 10 74
10 29 380
29 10 380
10 27 417
27 10 417
10 40 256
40 10 256
10 42 286
42 10 286
10 24 595
24 10 595
10 41 467
41 10 467
10 25 713
25 10 713
10 35 380
35 10 380
10 35 373
35 10 373
10 27 684
27 10 684
10 29 610
29 10 610
10 41 31
41 10 31
10 32 255
32 10 255
10 34 16
34 10 16
11 35 378
35 11 378
11 38 543
38 11 543
11 37 596
37 11 596
11 14 406
14 11 406
11 37 407
37 11 407
11 36 351
36 11 351
11 31 353
31 11 353
11 45 78
45 11 78
11 12 400
12 11 400
11 32 223
32 11 223
11 35 145
35 11 145
11 35 219
35 11 219
11 39 654
39 11 654
11 23 974
23 11 974
11 23 895
23 11 895
11 12 46
12 11 46
11 24 645
24 11 645
11 15 139
15 11 139
11 44 544
44 11 544
11 23 261
23 11 261
11 23 519
23 11 519
11 17 389
17 11 389
11 20 951
20 11 951
12 13 706
13 12 706
12 25 665
25 12 665
12 22 846
22 12 846
12 20 993
20 12 993
12 13 40
13 12 40
12 29 922
29 12 922
12 33 785
33 12 785
12 29 715
29 12 715
12 20 209
20 12 209
12 16 397
16 12 397
12 27 366
27 12 366
12 45 165
45 12 165
12 39 480
39 12 480
12 20 688
20 12 688
12 13 683
13 12 683
12 36 534
36 12 534
12 44 719
44 12 719
12 29 264
29 12 264
12 21 1000
21 12 1000
12 16 54
16 12 54
12 42 915
42 12 915
12 22 505
22 12 505
12 25 258
25 12 258
12 21 285
21 12 285
12 13 197
13 12 197
12 45 284
45 12 284
12 25 219
25 12 219
12 36 251
36 12 251
12 20 87
20 12 87
12 44 217
44 12 217
12 26 163
26 12 163
12 34 691
34 12 691
12 31 723
31 12 723
12 27 803
27 12 803
13 26 226
26 13 226
13 42 147
42 13 147
13 16 362
16 13 362
13 44 826
44 13 826
13 44 302
44 13 302
13 27 419
27 13 419
13 42 926
42 13 926
13 13 484
13 13 484
13 15 312
15 13 312
13 35 45
35 13 45
13 42 23
42 13 23
13 21 898
21 13 898
13 34 670
34 13 670
13 22 264
22 13 264
13 28 770
28 13 770
13 23 979
23 13 979
13 33 25
33 13 25
13 31 495
31 13 495
14 28 298
28 14 298
14 22 403
22 14 403
14 37 787
37 14 787
14 27 366
27 14 366
14 44 594
44 14 594
14 33 614
33 14 614
14 20 927
20 14 927
14 19 29
19 14 29
14 37 757
37 14 757
14 18 492
18 14 492
14 39 324
39 14 324
14 16 984
16 14 984
14 41 134
41 14 134
14 21 102
21 14 102
14 43 729
43 14 729
14 33 187
33 14 187
14 27 69
27 14 69
15 26 46
26 15 46
15 20 901
20 15 901
15 35 648
35 15 648
15 20 642
20 15 642
15 24 611
24 15 611
15 25 547
25 15 547
15 20 793
20 15 793
15 31 655
31 15 655
15 42 319
42 15 319
15 34 958
34 15 958
15 16 613
16 15 613
15 29 67
29 15 67
15 28 470
28 15 470
15 32 622
32 15 622
15 22 427
22 15 427
15 18 516
18 15 516
15 39 442
39 15 442
15 33 883
33 15 883
15 38 339
38 15 339
15 31 50
31 15 50
15 24 269
24 15 269
15 17 598
17 15 598
15 32 898
32 15 898
15 35 952
35 15 952
15 21 423
21 15 423
15 34 132
34 15 132
16 39 330
39 16 330
16 32 487
32 16 487
16 26 776
26 16 776
16 37 62
37 16 62
16 29 925
29 16 925
16 21 822
21 16 822
16 35 542
35 16 542
16 44 839
44 16 839
16 26 742
26 16 742
16 33 411
33 16 411
16 24 124
24 16 124
16 17 521
17 16 521
16 30 627
30 16 627
16 40 161
40 16 161
16 19 370
19 16 370
16 32 89
32 16 89
16 29 456
29 16 456
16 36 26
36 16 26
17 29 774
29 17 774
17 41 207
41 17 207
17 28 386
28 17 386
17 24 348
24 17 348
17 19 914
19 17 914
17 39 590
39 17 590
17 45 904
45 17 904
17 30 120
30 17 120
17 34 356
34 17 356
17 45 170
45 17 170
17 31 131
31 17 131
17 24 55
24 17 55
17 26 631
26 17 631
17 44 483
44 17 483
17 43 383
43 17 383
17 19 5
19 17 5
17 44 829
44 17 829
17 45 987
45 17 987
17 44 143
44 17 143
17 32 938
32 17 938
17 33 197
33 17 197
18 43 921
43 18 921
18 33 655
33 18 655
18 30 468
30 18 468
18 19 714
19 18 714
18 23 263
23 18 263
18 19 390
19 18 390
18 23 365
23 18 365
18 38 524
38 18 524
18 35 967
35 18 967
18 25 875
25 18 875
18 35 655
35 18 655
18 27 860
27 18 860
18 37 318
37 18 318
18 36 676
36 18 676
18 45 276
45 18 276
18 27 562
27 18 562
18 23 310
23 18 310
18 43 163
43 18 163
18 20 93
20 18 93
18 35 656
35 18 656
18 40 820
40 18 820
18 20 80
20 18 80
18 36 980
36 18 980
18 40 706
40 18 706
18 44 368
44 18 368
19 42 828
42 19 828
19 30 997
30 19 997
19 22 351
22 19 351
19 38 557
38 19 557
19 33 769
33 19 769
19 25 970
25 19 970
19 24 298
24 19 298
19 19 620
19 19 620
19 28 165
28 19 165
19 21 268
21 19 268
19 20 458
20 19 458
19 21 928
21 19 928
19 39 716
39 19 716
19 37 481
37 19 481
19 34 997
34 19 997
19 22 447
22 19 447
19 27 621
27 19 621
19 31 457
31 19 457
19 38 446
38 19 446
19 27 961
27 19 961
19 25 782
25 19 782
19 28 877
28 19 877
19 26 215
26 19 215
19 37 99
37 19 99
19 41 431
41 19 431
19 29 186
29 19 186
19 21 970
21 19 970
19 38 361
38 19 361
19 41 879
41 19 879
19 25 735
25 19 735
20 26 545
26 20 545
20 31 865
31 20 865
20 36 194
36 20 194
20 27 239
27 20 239
20 40 764
40 20 764
20 38 817
38 20 817
20 38 615
38 20 615
20 44 804
44 20 804
20 36 974
36 20 974
20 36 67
36 20 67
20 22 111
22 20 111
20 37 860
37 20 860
20 22 502
22 20 502
20 42 933
42 20 933
20 45 984
45 20 984
20 33 63
33 20 63
20 39 438
39 20 438
20 36 503
36 20 503
20 31 960
31 20 960
20 30 715
30 20 715
20 27 626
27 20 626
20 39 827
39 20 827
21 30 443
30 21 443
21 26 80
26 21 80
21 31 881
31 21 881
21 33 463
33 21 463
21 41 847
41 21 847
21 33 142
33 21 142
21 24 910
24 21 910
21 35 352
35 21 352
21 25 114
25 21 114
21 45 755
45 21 755
21 23 40
23 21 40
21 40 198
40 21 198
22 36 1
36 22 1
22 42 543
42 22 543
22 44 595
44 22 595
22 43 243
43 22 243
22 24 206
24 22 206
22 44 80
44 22 80
22 29 773
29 22 773
22 44 738
44 22 738
22 35 322
35 22 322
22 36 497
36 22 497
22 24 963
24 22 963
22 25 920
25 22 920
22 23 724
23 22 724
22 29 447
29 22 447
22 27 694
27 22 694
22 30 484
30 22 484
22 23 595
23 22 595
22 44 799
44 22 799
22 39 419
39 22 419
22 36 774
36 22 774
23 26 939
26 23 939
23 41 201
41 23 201
23 42 941
42 23 941
23 25 602
25 23 602
23 40 79
40 23 79
23 28 323
28 23 323
23 28 799
28 23 799
23 40 114
40 23 114
23 35 99
35 23 99
23 31 62
31 23 62
23 28 959
28 23 959
23 35 665
35 23 665
23 38 736
38 23 736
23 23 637
23 23 637
23 31 689
31 23 689
23 37 895
37 23 895
24 34 311
34 24 311
24 34 428
34 24 428
24 25 656
25 24 656
24 26 898
26 24 898
24 30 129
30 24 129
24 25 755
25 24 755
24 31 926
31 24 926
24 30 979
30 24 979
24 34 675
34 24 675
24 44 28
44 24 28
24 41 130
41 24 130
24 36 52
36 24 52
24 36 399
36 24 399
24 27 481
27 24 481
25 45 206
45 25 206
25 36 700
36 25 700
25 30 252
30 25 252
25 32 974
32 25 974
25 29 498
29 25 498
25 39 648
39 25 648
25 27 345
27 25 345
25 45 250
45 25 250
25 41 561
41 25 561
25 34 753
34 25 753
25 44 10
44 25 10
26 29 306
29 26 306
26 34 855
34 26 855
26 40 544
40 26 544
26 33 959
33 26 959
26 32 406
32 26 406
26 41 873
41 26 873
26 41 426
41 26 426
26 31 853
31 26 853
26 32 501
32 26 501
26 30 163
30 26 163
26 35 481
35 26 481
26 39 560
39 26 560
26 29 351
29 26 351
26 37 76
37 26 76
26 34 865
34 26 865
26 42 345
42 26 345
27 28 977
28 27 977
27 38 613
38 27 613
27 38 330
38 27 330
27 35 636
35 27 636
27 31 836
31 27 836
27 33 651
33 27 651
27 38 482
38 27 482
27 28 647
28 27 647
27 32 433
32 27 433
27 34 161
34 27 161
27 36 552
36 27 552
27 29 441
29 27 441
27 30 881
30 27 881
27 40 220
40 27 220
27 32 985
32 27 985
27 39 908
39 27 908
27 35 386
35 27 386
27 41 443
41 27 443
28 37 811
37 28 811
28 43 537
43 28 537
28 41 904
41 28 904
28 35 759
35 28 759
29 43 798
43 29 798
29 44 50
44 29 50
29 45 452
45 29 452
29 37 917
37 29 917
29 32 916
32 29 916
29 31 241
31 29 241
29 34 516
34 29 516
29 31 955
31 29 955
29 32 892
32 29 892
29 36 362
36 29 362
29 39 73
39 29 73
29 30 277
30 29 277
29 30 619
30 29 619
29 37 147
37 29 147
29 31 977
31 29 977
29 41 602
41 29 602
29 38 931
38 29 931
30 37 332
37 30 332
30 44 952
44 30 952
30 39 108
39 30 108
30 31 75
31 30 75
30 40 500
40 30 500
30 43 95
43 30 95
30 44 984
44 30 984
30 35 685
35 30 685
30 45 628
45 30 628
30 35 551
35 30 551
30 39 736
39 30 736
30 43 425
43 30 425
30 44 29
44 30 29
30 32 322
32 30 322
31 34 342
34 31 342
31 35 252
35 31 252
31 37 467
37 31 467
31 38 629
38 31 629
31 34 774
34 31 774
31 45 872
45 31 872
31 40 27
40 31 27
31 45 527
45 31 527
31 39 305
39 31 305
31 40 460
40 31 460
32 34 10
34 32 10
32 36 971
36 32 971
32 44 487
44 32 487
32 36 910
36 32 910
32 39 522
39 32 522
32 34 739
34 32 739
33 40 82
40 33 82
33 41 253
41 33 253
33 41 11
41 33 11
33 44 854
44 33 854
33 39 774
39 33 774
34 34 218
34 34 218
34 40 402
40 34 402
34 35 402
35 34 402
34 40 253
40 34 253
34 43 864
43 34 864
35 44 18
44 35 18
35 39 647
39 35 647
35 38 814
38 35 814
35 37 892
37 35 892
35 38 300
38 35 300
35 42 475
42 35 475
36 40 664
40 36 664
36 39 142
39 36 142
36 44 599
44 36 599
36 38 289
38 36 289
36 37 717
37 36 717
37 42 358
42 37 358
37 42 463
42 37 463
37 45 87
45 37 87
37 45 261
45 37 261
37 40 102
40 37 102
37 44 261
44 37 261
37 42 266
42 37 266
37 37 382
37 37 382
37 39 16
39 37 16
37 43 297
43 37 297
37 41 640
41 37 640
37 37 864
37 37 864
38 40 953
40 38 953
38 43 288
43 38 288
38 42 365
42 38 365
38 43 898
43 38 898
38 45 631
45 38 631
38 41 548
41 38 548
38 39 22
39 38 22
38 42 345
42 38 345
39 42 300
42 39 300
39 44 348
44 39 348
39 41 4
41 39 4
39 42 44
42 39 44
39 40 529
40 39 529
39 43 592
43 39 592
40 43 253
43 40 253
40 41 112
41 40 112
40 42 887
42 40 887
40 42 795
42 40 795
40 43 273
43 40 273
41 42 83
42 41 83
41 44 376
44 41 376
41 44 706
44 41 706
41 45 117
45 41 117
41 43 981
43 41 981
41 45 511
45 41 511
41 41 354
41 41 354
42 44 517
44 42 517
42 44 648
44 42 648
42 43 341
43 42 341
42 44 23
44 42 23
44 44 212
44 44 212
44 44 525
44 44 525
44 45 830
45 44 830
45 45 489
45 45 489
