13

0 1 498
1 0 498
0 3 131
3 0 131
0 5 109
5 0 109
0 2 74
2 0 74
0 11 631
11 0 631
0 6 254
6 0 254
0 3 115
3 0 115
0 11 972
11 0 972
0 8 769
8 0 769
0 7 923
7 0 923
0 12 877
12 0 877
0 6 671
6 0 671
0 8 162
8 0 162
0 10 679
10 0 679
1 2 770
2 1 770
1 7 376
7 1 376
1 11 339
11 1 339
1 2 308
2 1 308
1 2 320
2 1 320
1 7 590
7 1 590
1 6 330
6 1 330
1 12 351
12 1 351
1 10 849
10 1 849
1 7 310
7 1 310
1 3 990
3 1 990
2 4 537
4 2 537
2 5 261
5 2 261
2 9 99
9 2 99
2 7 523
7 2 523
2 3 34
3 2 34
2 3 292
3 2 292
2 7 2
7 2 2
3 6 686
6 3 686
3 8 781
8 3 781
3 9 824
9 3 824
3 7 775
7 3 775
3 12 822
12 3 822
3 4 146
4 3 146
3 9 373
9 3 373
3 6 163
6 3 163
4 10 116
10 4 116
4 12 875
12 4 875
4 11 395
11 4 395
4 6 841
6 4 841
5 11 547
11 5 547
5 6 137
6 5 137
5 8 585
8 5 585
5 5 714
5 5 714
5 7 727
7 5 727
6 7 385
7 6 385
7 10 35
10 7 35
7 9 235
9 7 235
7 9 639
9 7 639
7 11 434
11 7 434
7 11 371
11 7 371
7 12 880
12 7 880
9 10 951
10 9 951
9 9 161
9 9 161
9 10 694
10 9 694
10 12 629
12 10 629
12 12 249
12 12 249
