100

0 1 513
1 0 513
0 3 909
3 0 909
0 4 890
4 0 890
0 16 481
16 0 481
0 41 781
41 0 781
0 88 692
88 0 692
0 46 293
46 0 293
0 20 296
20 0 296
0 6 293
6 0 293
0 31 680
31 0 680
0 6 405
6 0 405
0 38 223
38 0 223
0 22 682
22 0 682
0 54 648
54 0 648
0 64 847
64 0 847
0 20 990
20 0 990
0 89 196
89 0 196
0 18 845
18 0 845
1 2 58
2 1 58
1 5 872
5 1 872
1 18 585
18 1 585
1 19 647
19 1 647
1 99 64
99 1 64
1 10 753
10 1 753
1 28 354
28 1 354
1 9 661
9 1 661
1 21 382
21 1 382
1 74 116
74 1 116
1 20 406
20 1 406
1 48 422
48 1 422
1 41 14
41 1 14
1 67 241
67 1 241
1 28 87
28 1 87
1 8 667
8 1 667
1 54 572
54 1 572
1 79 765
79 1 765
2 6 799
6 2 799
2 9 354
9 2 354
2 39 8
39 2 8
2 45 534
45 2 534
2 54 336
54 2 336
2 91 972
91 2 972
2 5 242
5 2 242
2 69 330
69 2 330
2 92 957
92 2 957
2 47 870
47 2 870
2 36 720
36 2 720
2 36 632
36 2 632
2 31 747
31 2 747
2 83 63
83 2 63
3 7 953
7 3 953
3 26 863
26 3 863
3 73 735
73 3 735
3 54 715
54 3 715
3 49 703
49 3 703
3 82 225
82 3 225
3 74 159
74 3 159
3 77 377
77 3 377
3 39 771
39 3 771
3 48 172
48 3 172
4 78 137
78 4 137
4 22 888
22 4 888
4 4 460
4 4 460
4 96 219
96 4 219
4 57 680
57 4 680
4 18 999
18 4 999
4 45 461
45 4 461
4 36 966
36 4 966
4 18 693
18 4 693
5 8 288
8 5 288
5 43 972
43 5 972
5 15 372
15 5 372
5 14 733
14 5 733
5 90 9
90 5 9
5 10 717
10 5 717
5 47 991
47 5 991
5 55 758
55 5 758
5 11 63
11 5 63
5 91 229
91 5 229
5 7 465
7 5 465
5 31 548
31 5 548
6 10 485
10 6 485
6 11 247
11 6 247
6 26 896
26 6 896
6 30 576
30 6 576
6 51 421
51 6 421
6 88 571
88 6 571
6 35 619
35 6 619
6 67 900
67 6 900
6 10 943
10 6 943
6 30 190
30 6 190
6 8 337
8 6 337
6 74 910
74 6 910
6 76 188
76 6 188
6 18 19
18 6 19
6 49 900
49 6 900
6 66 360
66 6 360
6 23 687
23 6 687
7 81 25
81 7 25
7 70 314
70 7 314
7 42 250
42 7 250
7 56 821
56 7 821
7 61 857
61 7 857
7 46 241
46 7 241
7 29 292
29 7 292
7 67 126
67 7 126
7 19 388
19 7 388
7 22 382
22 7 382
7 98 389
98 7 389
7 94 947
94 7 947
7 81 713
81 7 713
8 17 230
17 8 230
8 21 538
21 8 538
8 31 736
31 8 736
8 60 641
60 8 641
8 63 145
63 8 145
8 88 570
88 8 570
8 21 303
21 8 303
8 71 755
71 8 755
9 13 500
13 9 500
9 28 378
28 9 378
9 97 223
97 9 223
9 29 665
29 9 665
9 30 891
30 9 891
9 12 434
12 9 434
9 23 240
23 9 240
9 15 926
15 9 926
9 84 7
84 9 7
10 12 796
12 10 796
10 15 600
15 10 600
10 20 14
20 10 14
10 35 349
35 10 349
10 38 830
38 10 830
10 43 923
43 10 923
10 73 412
73 10 412
10 89 808
89 10 808
10 94 91
94 10 91
10 44 139
44 10 139
10 94 967
94 10 967
10 98 106
98 10 106
10 25 60
25 10 60
10 87 784
87 10 784
10 95 707
95 10 707
10 71 504
71 10 504
10 52 378
52 10 378
10 55 338
55 10 338
10 27 347
27 10 347
11 36 160
36 11 160
11 54 856
54 11 856
11 64 26
64 11 26
11 39 301
39 11 301
11 68 602
68 11 602
11 64 479
64 11 479
11 62 888
62 11 888
11 63 387
63 11 387
11 83 583
83 11 583
11 23 761
23 11 761
11 30 452
30 11 452
11 58 315
58 11 315
12 23 156
23 12 156
12 25 477
25 12 477
12 41 893
41 12 893
12 69 388
69 12 388
12 96 836
96 12 836
12 47 301
47 12 301
12 27 230
27 12 230
12 46 407
46 12 407
12 35 121
35 12 121
12 63 642
63 12 642
12 82 255
82 12 255
12 72 962
72 12 962
13 14 271
14 13 271
13 50 711
50 13 711
13 53 173
53 13 173
13 88 341
88 13 341
13 72 664
72 13 664
13 53 228
53 13 228
13 95 167
95 13 167
13 62 301
62 13 301
14 32 121
32 14 121
14 44 35
44 14 35
14 76 800
76 14 800
14 32 151
32 14 151
14 48 798
48 14 798
14 23 103
23 14 103
14 71 576
71 14 576
14 67 478
67 14 478
14 27 110
27 14 110
14 37 655
37 14 655
14 16 972
16 14 972
15 19 651
19 15 651
15 22 183
22 15 183
15 34 424
34 15 424
15 45 790
45 15 790
15 46 814
46 15 814
15 86 890
86 15 890
15 24 830
24 15 830
15 21 795
21 15 795
15 51 263
51 15 263
15 85 619
85 15 619
15 63 633
63 15 633
15 68 669
68 15 669
15 50 156
50 15 156
16 90 970
90 16 970
16 27 861
27 16 861
16 92 666
92 16 666
16 87 358
87 16 358
16 61 236
61 16 236
16 87 664
87 16 664
16 88 131
88 16 131
17 85 187
85 17 187
17 26 148
26 17 148
17 49 496
49 17 496
17 44 56
44 17 56
17 83 490
83 17 490
17 77 466
77 17 466
17 29 953
29 17 953
17 55 18
55 17 18
17 56 966
56 17 966
17 72 899
72 17 899
18 28 615
28 18 615
18 54 948
54 18 948
18 50 472
50 18 472
18 48 499
48 18 499
18 66 92
66 18 92
18 59 241
59 18 241
18 88 785
88 18 785
18 59 687
59 18 687
19 33 268
33 19 268
19 64 565
64 19 565
19 87 159
87 19 159
19 58 334
58 19 334
19 53 812
53 19 812
19 96 959
96 19 959
19 64 197
64 19 197
19 39 1000
39 19 1000
19 98 353
98 19 353
19 68 774
68 19 774
19 72 318
72 19 318
19 21 784
21 19 784
19 56 932
56 19 932
19 65 908
65 19 908
20 29 218
29 20 218
20 73 686
73 20 686
20 87 847
87 20 847
20 82 32
82 20 32
20 48 655
48 20 655
20 40 762
40 20 762
20 77 564
77 20 564
21 24 34
24 21 34
21 37 715
37 21 715
21 66 829
66 21 829
21 58 529
58 21 529
21 92 136
92 21 136
21 44 223
44 21 223
21 43 36
43 21 36
21 23 859
23 21 859
21 81 962
81 21 962
21 42 524
42 21 524
21 37 708
37 21 708
21 24 4
24 21 4
21 32 635
32 21 635
21 80 880
80 21 880
21 71 794
71 21 794
21 52 124
52 21 124
22 74 778
74 22 778
22 32 479
32 22 479
22 82 431
82 22 431
22 87 271
87 22 271
22 38 523
38 22 523
22 49 284
49 22 284
22 23 496
23 22 496
22 29 829
29 22 829
22 27 193
27 22 193
22 26 43
26 22 43
22 58 990
58 22 990
22 84 162
84 22 162
23 27 315
27 23 315
23 36 782
36 23 782
23 86 214
86 23 214
23 69 660
69 23 660
23 34 872
34 23 872
23 69 782
69 23 782
23 37 966
37 23 966
24 43 564
43 24 564
24 84 64
84 24 64
24 97 85
97 24 85
24 24 588
24 24 588
24 26 907
26 24 907
24 77 657
77 24 657
24 75 244
75 24 244
24 46 960
46 24 960
25 48 867
48 25 867
25 63 459
63 25 459
25 92 12
92 25 12
25 98 526
98 25 526
25 75 663
75 25 663
26 58 949
58 26 949
26 61 682
61 26 682
26 85 138
85 26 138
26 45 592
45 26 592
26 85 907
85 26 907
26 55 857
55 26 857
26 27 976
27 26 976
26 69 483
69 26 483
26 78 850
78 26 850
26 49 261
49 26 261
26 54 22
54 26 22
26 82 255
82 26 255
27 57 66
57 27 66
27 48 423
48 27 423
27 52 543
52 27 543
27 85 368
85 27 368
27 82 520
82 27 520
27 92 638
92 27 638
27 75 717
75 27 717
27 64 848
64 27 848
27 28 573
28 27 573
27 48 4
48 27 4
27 91 199
91 27 199
27 30 942
30 27 942
27 40 197
40 27 197
27 57 139
57 27 139
28 54 578
54 28 578
28 79 517
79 28 517
28 66 393
66 28 393
28 90 163
90 28 163
28 64 970
64 28 970
28 75 471
75 28 471
28 94 421
94 28 421
28 97 124
97 28 124
28 88 305
88 28 305
28 63 232
63 28 232
29 39 342
39 29 342
29 45 553
45 29 553
29 72 145
72 29 145
30 63 19
63 30 19
30 50 523
50 30 523
30 55 5
55 30 5
30 45 56
45 30 56
30 67 359
67 30 359
30 48 229
48 30 229
30 41 630
41 30 630
30 47 698
47 30 698
30 71 134
71 30 134
30 48 267
48 30 267
30 30 22
30 30 22
31 35 937
35 31 937
31 49 649
49 31 649
31 81 416
81 31 416
31 66 676
66 31 676
31 49 760
49 31 760
31 81 525
81 31 525
32 40 547
40 32 547
32 56 638
56 32 638
32 95 922
95 32 922
32 77 235
77 32 235
32 80 812
80 32 812
32 68 189
68 32 189
32 41 249
41 32 249
33 93 556
93 33 556
33 49 468
49 33 468
33 85 176
85 33 176
33 34 252
34 33 252
33 40 240
40 33 240
33 92 762
92 33 762
33 81 746
81 33 746
34 90 902
90 34 902
34 37 880
37 34 880
34 95 947
95 34 947
34 57 246
57 34 246
34 56 658
56 34 658
34 52 478
52 34 478
35 91 875
91 35 875
35 78 66
78 35 66
35 93 140
93 35 140
35 58 715
58 35 715
35 62 606
62 35 606
35 47 461
47 35 461
35 47 930
47 35 930
36 52 674
52 36 674
36 59 208
59 36 208
36 70 75
70 36 75
36 45 237
45 36 237
36 91 215
91 36 215
36 61 70
61 36 70
36 92 775
92 36 775
36 52 326
52 36 326
36 91 920
91 36 920
36 70 270
70 36 270
37 50 282
50 37 282
37 90 1
90 37 1
37 96 559
96 37 559
37 67 243
67 37 243
37 72 814
72 37 814
37 44 926
44 37 926
37 38 431
38 37 431
38 56 607
56 38 607
38 42 576
42 38 576
38 48 321
48 38 321
38 86 715
86 38 715
38 74 266
74 38 266
38 54 258
54 38 258
38 71 86
71 38 86
39 58 106
58 39 106
39 67 681
67 39 681
39 59 715
59 39 715
39 42 358
42 39 358
39 41 474
41 39 474
40 49 109
49 40 109
40 69 370
69 40 370
40 97 440
97 40 440
40 77 800
77 40 800
40 58 382
58 40 382
40 92 772
92 40 772
40 80 479
80 40 479
40 77 630
77 40 630
40 46 616
46 40 616
40 57 853
57 40 853
40 89 137
89 40 137
40 64 703
64 40 703
40 79 317
79 40 317
40 50 637
50 40 637
40 53 11
53 40 11
41 42 544
42 41 544
41 72 741
72 41 741
41 76 607
76 41 607
41 92 949
92 41 949
41 57 41
57 41 41
41 91 238
91 41 238
42 92 10
92 42 10
42 79 663
79 42 663
42 94 802
94 42 802
42 69 787
69 42 787
43 91 883
91 43 883
43 58 388
58 43 388
43 52 395
52 43 395
43 93 173
93 43 173
43 50 326
50 43 326
43 45 148
45 43 148
43 53 315
53 43 315
44 47 720
47 44 720
44 71 2
71 44 2
44 64 159
64 44 159
44 85 539
85 44 539
44 72 513
72 44 513
44 66 147
66 44 147
44 63 886
63 44 886
45 61 162
61 45 162
45 83 161
83 45 161
45 86 602
86 45 602
45 92 76
92 45 76
45 76 82
76 45 82
45 99 910
99 45 910
45 58 379
58 45 379
45 56 420
56 45 420
45 75 431
75 45 431
45 90 838
90 45 838
45 75 148
75 45 148
46 67 791
67 46 791
46 96 903
96 46 903
46 99 746
99 46 746
46 73 369
73 46 369
46 75 456
75 46 456
46 69 869
69 46 869
46 92 773
92 46 773
46 73 40
73 46 40
46 68 13
68 46 13
47 55 271
55 47 271
47 99 161
99 47 161
47 49 993
49 47 993
47 70 805
70 47 805
47 97 999
97 47 999
48 60 406
60 48 406
48 85 654
85 48 654
48 80 254
80 48 254
48 85 560
85 48 560
48 94 968
94 48 968
48 61 908
61 48 908
48 52 757
52 48 757
48 59 769
59 48 769
48 85 853
85 48 853
48 72 693
72 48 693
49 80 713
80 49 713
49 81 209
81 49 209
49 73 251
73 49 251
49 62 604
62 49 604
50 55 895
55 50 895
50 57 511
57 50 511
50 66 839
66 50 839
50 67 194
67 50 194
50 60 723
60 50 723
51 62 355
62 51 355
51 77 376
77 51 376
51 89 178
89 51 178
51 83 112
83 51 112
51 55 100
55 51 100
51 83 809
83 51 809
51 71 914
71 51 914
52 65 87
65 52 87
52 99 144
99 52 144
52 54 574
54 52 574
52 88 764
88 52 764
52 53 928
53 52 928
52 76 221
76 52 221
53 99 548
99 53 548
53 78 756
78 53 756
53 94 233
94 53 233
53 81 747
81 53 747
53 56 833
56 53 833
53 79 857
79 53 857
53 62 532
62 53 532
53 69 481
69 53 481
53 68 605
68 53 605
53 72 753
72 53 753
53 68 573
68 53 573
54 92 958
92 54 958
54 96 378
96 54 378
54 89 137
89 54 137
54 81 749
81 54 749
54 82 246
82 54 246
54 73 5
73 54 5
54 65 252
65 54 252
55 71 516
71 55 516
55 77 501
77 55 501
55 63 665
63 55 665
55 75 22
75 55 22
56 82 980
82 56 980
56 94 981
94 56 981
56 85 978
85 56 978
56 64 183
64 56 183
56 65 191
65 56 191
56 60 283
60 56 283
57 68 680
68 57 680
57 75 453
75 57 453
57 99 847
99 57 847
57 67 370
67 57 370
58 62 3
62 58 3
58 90 782
90 58 782
58 65 643
65 58 643
58 91 809
91 58 809
58 66 50
66 58 50
58 74 542
74 58 542
59 68 867
68 59 867
59 61 351
61 59 351
59 97 819
97 59 819
59 75 776
75 59 776
59 91 665
91 59 665
60 96 68
96 60 68
60 64 141
64 60 141
60 84 334
84 60 334
60 69 176
69 60 176
60 99 678
99 60 678
61 96 807
96 61 807
61 71 821
71 61 821
61 90 480
90 61 480
61 84 60
84 61 60
61 70 130
70 61 130
61 75 799
75 61 799
62 92 581
92 62 581
63 81 221
81 63 221
63 97 698
97 63 698
63 73 999
73 63 999
63 93 700
93 63 700
63 69 916
69 63 916
63 69 544
69 63 544
64 65 944
65 64 944
64 70 38
70 64 38
65 86 761
86 65 761
65 90 835
90 65 835
65 66 661
66 65 661
65 88 208
88 65 208
66 67 42
67 66 42
66 88 654
88 66 654
66 86 929
86 66 929
66 72 595
72 66 595
67 90 159
90 67 159
67 94 779
94 67 779
68 84 327
84 68 327
68 91 441
91 68 441
68 90 490
90 68 490
68 84 611
84 68 611
69 93 4
93 69 4
69 94 444
94 69 444
69 71 767
71 69 767
69 94 933
94 69 933
69 92 541
92 69 541
70 78 382
78 70 382
70 87 242
87 70 242
71 72 879
72 71 879
72 92 323
92 72 323
72 97 85
97 72 85
72 88 408
88 72 408
72 91 862
91 72 862
72 75 599
75 72 599
72 73 715
73 72 715
73 94 75
94 73 75
73 79 186
79 73 186
73 86 773
86 73 773
73 95 885
95 73 885
74 84 546
84 74 546
74 97 96
97 74 96
75 82 325
82 75 325
75 93 430
93 75 430
75 89 913
89 75 913
75 91 742
91 75 742
76 93 769
93 76 769
76 96 458
96 76 458
76 82 682
82 76 682
76 90 903
90 76 903
76 95 29
95 76 29
77 80 833
80 77 833
78 87 643
87 78 643
78 98 181
98 78 181
79 81 792
81 79 792
80 87 222
87 80 222
80 95 809
95 80 809
81 94 395
94 81 395
82 97 613
97 82 613
82 84 687
84 82 687
82 87 757
87 82 757
83 84 944
84 83 944
84 96 566
96 84 566
84 97 842
97 84 842
84 99 510
99 84 510
86 98 781
98 86 781
87 99 753
99 87 753
87 89 690
89 87 690
88 98 890
98 88 890
88 95 524
95 88 524
89 93 768
93 89 768
89 97 243
97 89 243
90 97 176
97 90 176
91 95 884
95 91 884
92 98 200
98 92 200
93 98 490
98 93 490
