51

0 1 300
1 0 300
0 3 910
3 0 910
0 4 420
4 0 420
0 5 152
5 0 152
0 20 637
20 0 637
0 19 670
19 0 670
0 49 103
49 0 103
0 48 407
48 0 407
0 35 533
35 0 533
0 5 848
5 0 848
0 49 244
49 0 244
0 19 706
19 0 706
0 33 48
33 0 48
0 41 304
41 0 304
0 32 158
32 0 158
0 43 435
43 0 435
0 6 289
6 0 289
0 34 482
34 0 482
0 11 385
11 0 385
0 33 975
33 0 975
0 36 6
36 0 6
0 46 400
46 0 400
0 40 712
40 0 712
0 43 468
43 0 468
0 4 819
4 0 819
0 31 786
31 0 786
0 49 466
49 0 466
0 16 769
16 0 769
0 12 201
12 0 201
0 24 249
24 0 249
0 47 363
47 0 363
0 40 909
40 0 909
0 34 945
34 0 945
0 23 531
23 0 531
0 46 424
46 0 424
0 16 734
16 0 734
0 11 181
11 0 181
0 12 839
12 0 839
0 0 152
0 0 152
0 41 413
41 0 413
0 23 737
23 0 737
0 0 922
0 0 922
0 22 44
22 0 44
0 45 189
45 0 189
0 41 862
41 0 862
1 2 233
2 1 233
1 6 429
6 1 429
1 47 446
47 1 446
1 47 174
47 1 174
1 38 762
38 1 762
1 2 743
2 1 743
1 39 393
39 1 393
1 31 737
31 1 737
1 44 491
44 1 491
1 17 793
17 1 793
1 16 57
16 1 57
1 32 621
32 1 621
1 8 866
8 1 866
1 15 833
15 1 833
1 34 278
34 1 278
1 9 776
9 1 776
1 7 343
7 1 343
1 10 216
10 1 216
1 47 296
47 1 296
1 46 374
46 1 374
1 34 353
34 1 353
1 37 327
37 1 327
2 15 271
15 2 271
2 18 333
18 2 333
2 48 770
48 2 770
2 17 845
17 2 845
2 17 424
17 2 424
2 32 257
32 2 257
2 29 424
29 2 424
2 32 130
32 2 130
2 33 462
33 2 462
2 50 479
50 2 479
2 35 869
35 2 869
2 17 321
17 2 321
2 34 639
34 2 639
2 13 485
13 2 485
2 32 481
32 2 481
2 11 677
11 2 677
2 13 763
13 2 763
2 36 369
36 2 369
2 23 650
23 2 650
2 22 30
22 2 30
2 11 979
11 2 979
2 30 925
30 2 925
2 9 123
9 2 123
2 23 640
23 2 640
2 28 597
28 2 597
3 7 805
7 3 805
3 49 1000
49 3 1000
3 45 906
45 3 906
3 47 752
47 3 752
3 16 557
16 3 557
3 14 436
14 3 436
3 29 850
29 3 850
3 39 470
39 3 470
3 31 433
31 3 433
3 29 980
29 3 980
3 28 899
28 3 899
3 35 905
35 3 905
3 43 949
43 3 949
3 46 893
46 3 893
3 15 940
15 3 940
3 9 141
9 3 141
3 43 48
43 3 48
3 27 228
27 3 228
3 20 158
20 3 158
3 12 430
12 3 430
3 45 603
45 3 603
4 8 685
8 4 685
4 19 124
19 4 124
4 27 905
27 4 905
4 36 394
36 4 394
4 11 397
11 4 397
4 8 370
8 4 370
4 46 844
46 4 844
4 11 610
11 4 610
4 6 157
6 4 157
4 24 592
24 4 592
4 8 35
8 4 35
4 13 180
13 4 180
4 50 500
50 4 500
4 20 180
20 4 180
4 33 865
33 4 865
4 48 756
48 4 756
4 39 96
39 4 96
4 31 946
31 4 946
4 38 179
38 4 179
4 20 749
20 4 749
4 12 584
12 4 584
4 41 62
41 4 62
4 24 143
24 4 143
4 22 893
22 4 893
4 23 245
23 4 245
4 14 788
14 4 788
4 6 26
6 4 26
4 5 612
5 4 612
4 40 217
40 4 217
4 49 612
49 4 612
4 33 497
33 4 497
5 6 953
6 5 953
5 24 278
24 5 278
5 29 137
29 5 137
5 45 252
45 5 252
5 11 515
11 5 515
5 47 761
47 5 761
5 16 661
16 5 661
5 24 609
24 5 609
5 22 55
22 5 55
5 14 60
14 5 60
5 11 261
11 5 261
5 12 341
12 5 341
5 49 372
49 5 372
5 47 172
47 5 172
5 40 393
40 5 393
5 10 667
10 5 667
5 16 174
16 5 174
5 42 393
42 5 393
5 30 554
30 5 554
5 25 349
25 5 349
5 9 941
9 5 941
5 43 523
43 5 523
5 10 501
10 5 501
5 34 805
34 5 805
5 17 243
17 5 243
5 18 93
18 5 93
5 32 614
32 5 614
5 13 917
13 5 917
6 13 140
13 6 140
6 9 460
9 6 460
6 40 339
40 6 339
6 17 714
17 6 714
6 44 693
44 6 693
6 46 690
46 6 690
6 50 39
50 6 39
6 17 313
17 6 313
6 28 620
28 6 620
6 21 743
21 6 743
6 9 981
9 6 981
6 12 266
12 6 266
6 38 760
38 6 760
6 49 943
49 6 943
6 12 911
12 6 911
6 45 901
45 6 901
6 44 838
44 6 838
6 40 296
40 6 296
6 28 449
28 6 449
6 43 644
43 6 644
6 20 776
20 6 776
6 8 38
8 6 38
6 42 371
42 6 371
6 15 157
15 6 157
6 36 797
36 6 797
6 14 724
14 6 724
6 39 551
39 6 551
6 42 696
42 6 696
6 14 208
14 6 208
6 8 875
8 6 875
6 24 138
24 6 138
7 9 520
9 7 520
7 10 962
10 7 962
7 13 493
13 7 493
7 13 305
13 7 305
7 36 401
36 7 401
7 30 434
30 7 434
7 37 817
37 7 817
7 32 530
32 7 530
7 33 397
33 7 397
7 29 934
29 7 934
7 50 377
50 7 377
7 47 922
47 7 922
7 22 123
22 7 123
7 26 846
26 7 846
7 11 728
11 7 728
7 15 851
15 7 851
7 32 691
32 7 691
7 35 276
35 7 276
7 10 331
10 7 331
7 40 151
40 7 151
7 13 820
13 7 820
7 39 526
39 7 526
7 48 346
48 7 346
7 33 641
33 7 641
7 32 113
32 7 113
8 46 302
46 8 302
8 31 171
31 8 171
8 20 861
20 8 861
8 8 242
8 8 242
8 49 942
49 8 942
8 43 370
43 8 370
8 15 573
15 8 573
8 45 77
45 8 77
8 35 61
35 8 61
8 15 194
15 8 194
8 20 223
20 8 223
8 29 474
29 8 474
8 37 554
37 8 554
8 17 206
17 8 206
8 20 632
20 8 632
8 30 582
30 8 582
8 42 651
42 8 651
8 43 219
43 8 219
9 13 908
13 9 908
9 25 301
25 9 301
9 11 4
11 9 4
9 43 940
43 9 940
9 46 762
46 9 762
9 47 979
47 9 979
9 23 54
23 9 54
9 22 557
22 9 557
9 32 113
32 9 113
9 18 335
18 9 335
9 29 693
29 9 693
9 26 259
26 9 259
9 48 801
48 9 801
9 14 91
14 9 91
10 11 852
11 10 852
10 14 794
14 10 794
10 17 576
17 10 576
10 50 718
50 10 718
10 35 835
35 10 835
10 50 384
50 10 384
10 36 169
36 10 169
10 21 673
21 10 673
10 43 316
43 10 316
10 29 475
29 10 475
10 21 71
21 10 71
10 13 226
13 10 226
10 19 350
19 10 350
10 41 228
41 10 228
10 39 813
39 10 813
10 15 595
15 10 595
10 17 912
17 10 912
10 14 668
14 10 668
10 31 844
31 10 844
10 13 438
13 10 438
10 36 841
36 10 841
10 15 864
15 10 864
10 47 642
47 10 642
10 12 507
12 10 507
11 12 309
12 11 309
11 23 55
23 11 55
11 33 174
33 11 174
11 46 761
46 11 761
11 37 886
37 11 886
11 31 839
31 11 839
11 47 735
47 11 735
11 24 111
24 11 111
11 27 408
27 11 408
11 50 579
50 11 579
11 36 457
36 11 457
11 42 984
42 11 984
11 12 694
12 11 694
11 44 433
44 11 433
11 37 619
37 11 619
11 40 388
40 11 388
11 45 84
45 11 84
11 15 685
15 11 685
11 21 165
21 11 165
11 44 123
44 11 123
11 43 479
43 11 479
12 22 290
22 12 290
12 16 768
16 12 768
12 42 720
42 12 720
12 28 693
28 12 693
12 27 351
27 12 351
12 26 242
26 12 242
12 29 466
29 12 466
12 39 439
39 12 439
12 28 85
28 12 85
12 35 445
35 12 445
12 45 84
45 12 84
12 28 372
28 12 372
12 27 801
27 12 801
12 30 305
30 12 305
12 34 311
34 12 311
12 15 307
15 12 307
12 28 921
28 12 921
12 15 948
15 12 948
12 43 340
43 12 340
12 33 276
33 12 276
12 40 690
40 12 690
12 28 154
28 12 154
12 35 260
35 12 260
12 42 836
42 12 836
12 37 775
37 12 775
12 14 948
14 12 948
12 28 9
28 12 9
12 30 577
30 12 577
12 49 465
49 12 465
12 23 706
23 12 706
12 34 678
34 12 678
13 28 173
28 13 173
13 31 128
31 13 128
13 32 654
32 13 654
13 37 529
37 13 529
13 36 873
36 13 873
13 33 529
33 13 529
13 26 722
26 13 722
13 43 818
43 13 818
13 30 816
30 13 816
13 35 743
35 13 743
13 41 100
41 13 100
13 36 57
36 13 57
13 28 829
28 13 829
13 18 33
18 13 33
13 29 62
29 13 62
13 32 327
32 13 327
13 38 357
38 13 357
13 17 682
17 13 682
13 47 541
47 13 541
13 34 722
34 13 722
13 24 934
24 13 934
13 41 184
41 13 184
14 16 164
16 14 164
14 50 758
50 14 758
14 42 404
42 14 404
14 31 177
31 14 177
14 32 224
32 14 224
14 48 270
48 14 270
14 25 710
25 14 710
14 23 504
23 14 504
14 50 615
50 14 615
14 47 22
47 14 22
14 24 491
24 14 491
14 14 963
14 14 963
14 24 566
24 14 566
14 23 379
23 14 379
14 40 1000
40 14 1000
14 18 231
18 14 231
14 50 698
50 14 698
14 48 411
48 14 411
15 19 647
19 15 647
15 33 395
33 15 395
15 42 340
42 15 340
15 31 572
31 15 572
15 49 903
49 15 903
15 45 129
45 15 129
15 23 454
23 15 454
15 34 792
34 15 792
15 30 412
30 15 412
15 50 659
50 15 659
15 38 478
38 15 478
15 41 859
41 15 859
15 22 311
22 15 311
15 46 29
46 15 29
15 25 440
25 15 440
15 49 735
49 15 735
15 25 924
25 15 924
15 42 540
42 15 540
15 34 704
34 15 704
15 17 773
17 15 773
15 36 103
36 15 103
15 24 911
24 15 911
15 49 82
49 15 82
15 15 18
15 15 18
15 45 303
45 15 303
15 27 358
27 15 358
15 33 941
33 15 941
15 29 227
29 15 227
16 30 6
30 16 6
16 45 333
45 16 333
16 50 221
50 16 221
16 48 450
48 16 450
16 29 363
29 16 363
16 43 514
43 16 514
16 48 294
48 16 294
16 28 736
28 16 736
16 29 502
29 16 502
16 23 443
23 16 443
16 22 83
22 16 83
16 42 321
42 16 321
16 24 290
24 16 290
16 17 717
17 16 717
16 37 206
37 16 206
16 46 187
46 16 187
17 41 520
41 17 520
17 46 489
46 17 489
17 33 705
33 17 705
17 35 121
35 17 121
17 19 762
19 17 762
17 31 542
31 17 542
17 22 153
22 17 153
17 44 985
44 17 985
17 42 14
42 17 14
17 19 817
19 17 817
17 45 155
45 17 155
17 50 619
50 17 619
17 40 493
40 17 493
17 39 211
39 17 211
17 19 222
19 17 222
17 29 455
29 17 455
17 18 742
18 17 742
17 27 364
27 17 364
17 20 661
20 17 661
17 39 454
39 17 454
17 30 430
30 17 430
18 20 184
20 18 184
18 48 104
48 18 104
18 27 27
27 18 27
18 42 723
42 18 723
18 38 606
38 18 606
18 49 915
49 18 915
18 49 332
49 18 332
18 22 198
22 18 198
18 23 575
23 18 575
18 20 804
20 18 804
18 34 141
34 18 141
18 27 661
27 18 661
18 44 261
44 18 261
18 23 499
23 18 499
18 31 383
31 18 383
19 35 745
35 19 745
19 30 873
30 19 873
19 31 389
31 19 389
19 37 148
37 19 148
19 29 482
29 19 482
19 45 531
45 19 531
19 49 205
49 19 205
19 42 801
42 19 801
19 40 800
40 19 800
19 43 929
43 19 929
19 39 195
39 19 195
19 28 874
28 19 874
19 44 295
44 19 295
19 23 935
23 19 935
19 27 170
27 19 170
19 38 628
38 19 628
19 39 541
39 19 541
19 30 369
30 19 369
19 38 184
38 19 184
19 42 61
42 19 61
19 20 551
20 19 551
19 44 607
44 19 607
20 21 269
21 20 269
20 26 51
26 20 51
20 47 506
47 20 506
20 34 589
34 20 589
20 44 288
44 20 288
20 33 551
33 20 551
20 28 838
28 20 838
20 21 127
21 20 127
20 44 146
44 20 146
20 35 967
35 20 967
20 34 244
34 20 244
20 50 89
50 20 89
20 35 818
35 20 818
20 45 19
45 20 19
20 34 579
34 20 579
20 48 298
48 20 298
20 41 268
41 20 268
20 41 473
41 20 473
20 46 512
46 20 512
21 31 163
31 21 163
21 36 60
36 21 60
21 40 425
40 21 425
21 35 685
35 21 685
21 45 392
45 21 392
21 27 272
27 21 272
21 23 335
23 21 335
21 37 637
37 21 637
21 47 671
47 21 671
21 48 227
48 21 227
21 39 541
39 21 541
21 47 35
47 21 35
21 25 634
25 21 634
21 29 112
29 21 112
21 22 484
22 21 484
22 25 626
25 22 626
22 33 680
33 22 680
22 38 832
38 22 832
22 42 35
42 22 35
22 41 842
41 22 842
22 49 904
49 22 904
22 43 919
43 22 919
22 49 948
49 22 948
22 35 650
35 22 650
22 40 106
40 22 106
22 50 559
50 22 559
22 24 810
24 22 810
22 37 987
37 22 987
22 33 426
33 22 426
22 40 882
40 22 882
22 36 307
36 22 307
22 39 648
39 22 648
22 34 412
34 22 412
23 40 235
40 23 235
23 38 484
38 23 484
23 47 762
47 23 762
23 38 67
38 23 67
23 33 639
33 23 639
23 38 792
38 23 792
23 25 88
25 23 88
23 40 380
40 23 380
23 30 769
30 23 769
23 44 208
44 23 208
23 46 182
46 23 182
23 46 373
46 23 373
23 49 527
49 23 527
23 41 470
41 23 470
23 36 494
36 23 494
23 46 200
46 23 200
23 34 724
34 23 724
24 47 274
47 24 274
24 24 673
24 24 673
24 32 847
32 24 847
24 49 558
49 24 558
24 29 776
29 24 776
24 42 42
42 24 42
24 50 678
50 24 678
24 32 581
32 24 581
24 47 20
47 24 20
24 32 791
32 24 791
24 26 782
26 24 782
24 41 992
41 24 992
24 38 307
38 24 307
24 24 124
24 24 124
24 27 526
27 24 526
24 25 541
25 24 541
24 37 311
37 24 311
24 40 473
40 24 473
24 36 744
36 24 744
25 28 422
28 25 422
25 31 640
31 25 640
25 31 842
31 25 842
25 31 451
31 25 451
25 36 815
36 25 815
25 47 683
47 25 683
25 49 845
49 25 845
25 37 63
37 25 63
25 29 99
29 25 99
25 27 954
27 25 954
25 41 963
41 25 963
25 50 312
50 25 312
25 27 738
27 25 738
25 33 529
33 25 529
25 33 114
33 25 114
25 36 292
36 25 292
25 44 738
44 25 738
25 47 534
47 25 534
26 38 783
38 26 783
26 29 375
29 26 375
26 34 72
34 26 72
26 36 747
36 26 747
26 50 694
50 26 694
26 46 974
46 26 974
26 50 371
50 26 371
26 33 1
33 26 1
26 50 257
50 26 257
26 50 91
50 26 91
26 26 944
26 26 944
26 29 267
29 26 267
26 39 562
39 26 562
26 31 315
31 26 315
26 31 841
31 26 841
26 40 190
40 26 190
26 48 62
48 26 62
26 26 222
26 26 222
26 37 705
37 26 705
27 30 238
30 27 238
27 29 339
29 27 339
27 38 614
38 27 614
27 43 348
43 27 348
27 48 930
48 27 930
27 35 263
35 27 263
27 43 134
43 27 134
27 31 584
31 27 584
28 42 904
42 28 904
28 34 44
34 28 44
28 32 158
32 28 158
28 39 115
39 28 115
28 44 714
44 28 714
28 32 999
32 28 999
28 34 872
34 28 872
28 36 869
36 28 869
28 40 170
40 28 170
28 37 156
37 28 156
28 45 306
45 28 306
28 36 182
36 28 182
28 28 462
28 28 462
28 44 190
44 28 190
28 37 370
37 28 370
28 30 821
30 28 821
28 44 801
44 28 801
29 45 664
45 29 664
29 47 908
47 29 908
29 29 137
29 29 137
29 33 987
33 29 987
29 46 318
46 29 318
29 36 773
36 29 773
29 34 124
34 29 124
29 43 909
43 29 909
29 31 120
31 29 120
29 49 879
49 29 879
29 49 428
49 29 428
29 31 898
31 29 898
29 44 272
44 29 272
29 44 607
44 29 607
30 34 522
34 30 522
30 39 827
39 30 827
30 31 436
31 30 436
30 42 672
42 30 672
30 40 424
40 30 424
30 45 567
45 30 567
30 39 661
39 30 661
30 46 664
46 30 664
30 32 298
32 30 298
30 35 134
35 30 134
30 32 257
32 30 257
30 42 641
42 30 641
30 43 586
43 30 586
30 30 553
30 30 553
30 43 494
43 30 494
30 37 908
37 30 908
30 50 156
50 30 156
30 46 379
46 30 379
30 37 299
37 30 299
30 36 624
36 30 624
31 39 713
39 31 713
31 35 529
35 31 529
31 37 342
37 31 342
31 38 733
38 31 733
31 39 59
39 31 59
31 34 282
34 31 282
31 32 639
32 31 639
31 39 477
39 31 477
31 35 671
35 31 671
31 47 517
47 31 517
31 35 127
35 31 127
31 35 849
35 31 849
31 36 992
36 31 992
31 35 449
35 31 449
32 43 984
43 32 984
32 38 671
38 32 671
32 38 959
38 32 959
32 38 678
38 32 678
32 43 935
43 32 935
32 50 948
50 32 948
32 35 125
35 32 125
32 44 116
44 32 116
32 43 656
43 32 656
32 49 813
49 32 813
32 37 116
37 32 116
33 35 535
35 33 535
33 50 344
50 33 344
33 47 595
47 33 595
33 37 360
37 33 360
33 48 259
48 33 259
33 34 418
34 33 418
33 35 402
35 33 402
33 48 469
48 33 469
34 37 200
37 34 200
34 44 65
44 34 65
34 45 533
45 34 533
34 45 984
45 34 984
34 46 482
46 34 482
34 35 324
35 34 324
34 49 941
49 34 941
34 40 255
40 34 255
34 44 571
44 34 571
34 50 370
50 34 370
34 45 684
45 34 684
34 35 872
35 34 872
34 48 232
48 34 232
34 41 804
41 34 804
35 37 282
37 35 282
35 39 707
39 35 707
35 37 284
37 35 284
36 43 384
43 36 384
36 44 484
44 36 484
36 46 97
46 36 97
36 40 41
40 36 41
36 43 422
43 36 422
36 39 615
39 36 615
36 44 20
44 36 20
37 43 135
43 37 135
37 50 216
50 37 216
37 45 598
45 37 598
37 45 559
45 37 559
37 38 604
38 37 604
37 45 929
45 37 929
37 40 920
40 37 920
37 45 390
45 37 390
37 37 733
37 37 733
38 47 527
47 38 527
38 41 146
41 38 146
38 39 514
39 38 514
38 38 737
38 38 737
38 45 387
45 38 387
38 48 255
48 38 255
38 43 974
43 38 974
39 45 809
45 39 809
39 46 24
46 39 24
39 42 377
42 39 377
39 49 41
49 39 41
40 46 486
46 40 486
40 50 504
50 40 504
40 43 731
43 40 731
40 43 658
43 40 658
40 50 145
50 40 145
40 48 94
48 40 94
40 46 769
46 40 769
40 44 207
44 40 207
41 44 602
44 41 602
41 47 97
47 41 97
41 44 156
44 41 156
41 43 256
43 41 256
42 48 842
48 42 842
42 43 980
43 42 980
42 50 743
50 42 743
42 48 718
48 42 718
43 44 816
44 43 816
43 45 200
45 43 200
43 49 705
49 43 705
43 49 129
49 43 129
43 44 992
44 43 992
43 50 291
50 43 291
44 48 137
48 44 137
44 45 945
45 44 945
44 44 87
44 44 87
45 48 666
48 45 666
45 50 935
50 45 935
45 48 51
48 45 51
45 48 623
48 45 623
45 49 567
49 45 567
45 49 469
49 45 469
46 48 398
48 46 398
46 49 3
49 46 3
46 50 108
50 46 108
47 49 327
49 47 327
47 49 980
49 47 980
47 48 594
48 47 594
47 50 91
50 47 91
47 48 330
48 47 330
48 49 863
49 48 863
48 48 740
48 48 740
