33

0 1 826
1 0 826
0 3 313
3 0 313
0 5 988
5 0 988
0 17 570
17 0 570
0 6 982
6 0 982
0 16 342
16 0 342
0 14 579
14 0 579
0 10 307
10 0 307
0 24 33
24 0 33
0 17 633
17 0 633
0 11 445
11 0 445
0 13 816
13 0 816
0 17 154
17 0 154
0 14 75
14 0 75
0 19 919
19 0 919
0 32 272
32 0 272
0 25 442
25 0 442
0 12 380
12 0 380
0 18 807
18 0 807
0 29 627
29 0 627
0 21 534
21 0 534
0 28 896
28 0 896
0 11 56
11 0 56
1 2 7
2 1 7
1 4 530
4 1 530
1 11 148
11 1 148
1 9 420
9 1 420
1 23 351
23 1 351
1 18 482
18 1 482
1 26 444
26 1 444
1 27 11
27 1 11
1 2 931
2 1 931
1 22 809
22 1 809
1 15 205
15 1 205
1 23 56
23 1 56
1 14 540
14 1 540
1 23 131
23 1 131
1 16 337
16 1 337
1 11 442
11 1 442
1 13 218
13 1 218
1 10 193
10 1 193
1 6 946
6 1 946
1 23 660
23 1 660
2 20 465
20 2 465
2 32 256
32 2 256
2 22 975
22 2 975
2 17 77
17 2 77
2 10 249
10 2 249
2 7 97
7 2 97
2 4 481
4 2 481
2 6 325
6 2 325
2 24 194
24 2 194
2 5 887
5 2 887
2 11 585
11 2 585
2 32 322
32 2 322
2 28 539
28 2 539
3 7 40
7 3 40
3 26 825
26 3 825
3 32 524
32 3 524
3 9 521
9 3 521
3 16 211
16 3 211
3 11 814
11 3 814
3 31 568
31 3 568
3 27 441
27 3 441
3 25 755
25 3 755
3 15 828
15 3 828
3 16 218
16 3 218
3 3 948
3 3 948
3 30 957
30 3 957
4 15 576
15 4 576
4 22 850
22 4 850
4 32 80
32 4 80
4 16 512
16 4 512
4 26 927
26 4 927
4 27 35
27 4 35
4 9 948
9 4 948
4 16 303
16 4 303
4 4 603
4 4 603
4 22 87
22 4 87
4 31 473
31 4 473
4 24 814
24 4 814
4 21 837
21 4 837
4 6 965
6 4 965
4 32 680
32 4 680
4 27 51
27 4 51
4 10 251
10 4 251
4 29 882
29 4 882
4 12 762
12 4 762
4 17 90
17 4 90
4 9 428
9 4 428
5 6 888
6 5 888
5 14 424
14 5 424
5 19 497
19 5 497
5 31 366
31 5 366
5 25 2
25 5 2
5 12 559
12 5 559
5 10 477
10 5 477
5 6 568
6 5 568
5 29 63
29 5 63
5 19 613
19 5 613
5 23 360
23 5 360
5 23 774
23 5 774
6 9 136
9 6 136
6 27 263
27 6 263
6 24 279
24 6 279
6 30 255
30 6 255
6 15 506
15 6 506
6 15 330
15 6 330
6 15 203
15 6 203
6 7 163
7 6 163
6 28 471
28 6 471
6 17 772
17 6 772
6 30 293
30 6 293
6 31 469
31 6 469
6 29 681
29 6 681
6 22 193
22 6 193
6 8 659
8 6 659
6 23 372
23 6 372
6 27 941
27 6 941
7 8 271
8 7 271
7 10 988
10 7 988
7 12 640
12 7 640
7 11 542
11 7 542
7 29 134
29 7 134
7 18 86
18 7 86
7 20 702
20 7 702
7 17 405
17 7 405
7 24 331
24 7 331
7 31 345
31 7 345
7 26 207
26 7 207
7 31 787
31 7 787
7 21 785
21 7 785
7 20 56
20 7 56
7 18 282
18 7 282
7 30 84
30 7 84
7 8 510
8 7 510
8 12 302
12 8 302
8 16 783
16 8 783
8 29 838
29 8 838
8 25 310
25 8 310
8 9 780
9 8 780
8 14 763
14 8 763
8 29 679
29 8 679
8 16 677
16 8 677
8 21 219
21 8 219
8 17 745
17 8 745
8 9 329
9 8 329
8 17 991
17 8 991
8 19 420
19 8 420
9 30 560
30 9 560
9 31 487
31 9 487
9 25 412
25 9 412
9 27 211
27 9 211
9 14 828
14 9 828
9 29 613
29 9 613
9 29 776
29 9 776
9 19 915
19 9 915
9 12 673
12 9 673
9 23 290
23 9 290
9 23 720
23 9 720
10 13 201
13 10 201
10 16 903
16 10 903
10 31 346
31 10 346
10 30 646
30 10 646
10 22 115
22 10 115
10 11 746
11 10 746
10 14 281
14 10 281
10 28 173
28 10 173
10 17 380
17 10 380
10 27 317
27 10 317
10 21 81
21 10 81
10 12 278
12 10 278
10 17 847
17 10 847
10 29 17
29 10 17
10 13 395
13 10 395
10 22 760
22 10 760
10 18 837
18 10 837
11 29 175
29 11 175
11 15 118
15 11 118
11 21 150
21 11 150
11 24 353
24 11 353
11 30 72
30 11 72
11 17 842
17 11 842
11 21 792
21 11 792
12 28 456
28 12 456
12 28 437
28 12 437
12 18 875
18 12 875
13 18 307
18 13 307
13 29 345
29 13 345
13 24 869
24 13 869
13 20 964
20 13 964
13 23 298
23 13 298
13 30 163
30 13 163
13 19 286
19 13 286
13 19 243
19 13 243
13 25 801
25 13 801
13 15 222
15 13 222
14 15 579
15 14 579
14 18 966
18 14 966
14 16 643
16 14 643
14 26 661
26 14 661
14 15 628
15 14 628
14 29 842
29 14 842
15 18 927
18 15 927
15 21 578
21 15 578
15 23 99
23 15 99
16 27 911
27 16 911
16 20 987
20 16 987
16 30 583
30 16 583
16 24 596
24 16 596
17 21 862
21 17 862
17 21 143
21 17 143
17 30 647
30 17 647
17 30 783
30 17 783
17 29 310
29 17 310
18 26 777
26 18 777
18 25 137
25 18 137
18 29 554
29 18 554
18 29 87
29 18 87
19 24 824
24 19 824
19 31 673
31 19 673
19 22 226
22 19 226
19 24 679
24 19 679
19 20 346
20 19 346
19 28 619
28 19 619
20 22 387
22 20 387
20 21 766
21 20 766
20 24 833
24 20 833
21 25 243
25 21 243
21 25 267
25 21 267
21 22 737
22 21 737
22 23 424
23 22 424
22 31 50
31 22 50
23 24 777
24 23 777
23 26 476
26 23 476
23 32 907
32 23 907
24 28 892
28 24 892
24 27 837
27 24 837
24 30 841
30 24 841
24 31 964
31 24 964
24 27 589
27 24 589
24 27 710
27 24 710
24 25 18
25 24 18
25 30 477
30 25 477
25 29 801
29 25 801
25 26 110
26 25 110
25 27 504
27 25 504
25 29 397
29 25 397
26 30 136
30 26 136
26 30 943
30 26 943
26 32 466
32 26 466
27 31 38
31 27 38
27 27 865
27 27 865
28 30 991
30 28 991
28 31 129
31 28 129
28 30 479
30 28 479
29 29 616
29 29 616
30 31 375
31 30 375
31 32 340
32 31 340
32 32 937
32 32 937
