48

0 1 885
1 0 885
0 2 2
2 0 2
0 19 220
19 0 220
0 31 879
31 0 879
0 34 172
34 0 172
0 46 482
46 0 482
0 34 594
34 0 594
0 43 225
43 0 225
0 33 898
33 0 898
0 21 115
21 0 115
0 36 533
36 0 533
0 13 944
13 0 944
0 20 39
20 0 39
0 36 384
36 0 384
0 14 520
14 0 520
0 44 330
44 0 330
0 14 722
14 0 722
0 25 14
25 0 14
0 30 195
30 0 195
0 15 81
15 0 81
0 12 231
12 0 231
0 11 171
11 0 171
0 31 818
31 0 818
0 12 767
12 0 767
0 24 718
24 0 718
0 19 718
19 0 718
0 2 467
2 0 467
0 13 34
13 0 34
0 10 934
10 0 934
0 39 633
39 0 633
0 11 794
11 0 794
0 15 750
15 0 750
0 33 542
33 0 542
1 3 317
3 1 317
1 10 287
10 1 287
1 14 337
14 1 337
1 43 257
43 1 257
1 23 636
23 1 636
1 41 709
41 1 709
1 25 761
25 1 761
1 17 877
17 1 877
1 43 114
43 1 114
1 9 202
9 1 202
1 42 426
42 1 426
1 43 193
43 1 193
1 39 951
39 1 951
1 14 172
14 1 172
1 36 325
36 1 325
1 29 918
29 1 918
1 39 464
39 1 464
1 42 184
42 1 184
1 17 106
17 1 106
1 24 105
24 1 105
1 43 215
43 1 215
1 19 549
19 1 549
1 31 279
31 1 279
1 12 729
12 1 729
1 19 502
19 1 502
1 19 305
19 1 305
1 41 707
41 1 707
2 5 972
5 2 972
2 6 945
6 2 945
2 9 108
9 2 108
2 12 576
12 2 576
2 20 312
20 2 312
2 32 885
32 2 885
2 47 729
47 2 729
2 34 256
34 2 256
2 31 398
31 2 398
2 39 974
39 2 974
2 43 499
43 2 499
2 21 738
21 2 738
2 39 937
39 2 937
2 35 939
35 2 939
2 38 453
38 2 453
2 29 276
29 2 276
2 28 850
28 2 850
2 6 912
6 2 912
2 30 820
30 2 820
2 38 282
38 2 282
2 47 868
47 2 868
2 22 550
22 2 550
2 37 623
37 2 623
2 12 223
12 2 223
2 34 458
34 2 458
2 6 239
6 2 239
2 40 31
40 2 31
2 15 649
15 2 649
2 11 643
11 2 643
2 42 13
42 2 13
2 30 466
30 2 466
2 25 16
25 2 16
2 26 907
26 2 907
2 22 317
22 2 317
2 47 612
47 2 612
2 29 771
29 2 771
2 15 39
15 2 39
2 5 841
5 2 841
2 47 673
47 2 673
2 34 671
34 2 671
2 45 980
45 2 980
2 6 502
6 2 502
2 34 593
34 2 593
2 40 651
40 2 651
3 4 267
4 3 267
3 45 974
45 3 974
3 47 597
47 3 597
3 16 263
16 3 263
3 37 650
37 3 650
3 13 220
13 3 220
3 47 10
47 3 10
3 47 960
47 3 960
3 6 203
6 3 203
3 9 616
9 3 616
3 11 128
11 3 128
3 9 724
9 3 724
3 47 915
47 3 915
3 20 625
20 3 625
3 47 772
47 3 772
3 18 122
18 3 122
3 17 60
17 3 60
3 33 354
33 3 354
3 45 6
45 3 6
3 38 423
38 3 423
3 3 616
3 3 616
3 30 758
30 3 758
3 17 195
17 3 195
3 29 468
29 3 468
3 46 965
46 3 965
3 8 787
8 3 787
3 38 481
38 3 481
3 32 449
32 3 449
3 35 740
35 3 740
3 14 186
14 3 186
3 44 795
44 3 795
3 9 289
9 3 289
3 33 562
33 3 562
3 30 825
30 3 825
3 3 172
3 3 172
3 28 604
28 3 604
4 7 312
7 4 312
4 28 241
28 4 241
4 18 939
18 4 939
4 5 557
5 4 557
4 14 19
14 4 19
4 26 246
26 4 246
4 47 193
47 4 193
4 12 206
12 4 206
4 43 24
43 4 24
4 30 720
30 4 720
4 23 263
23 4 263
4 37 695
37 4 695
4 32 540
32 4 540
4 11 347
11 4 347
4 14 534
14 4 534
4 41 787
41 4 787
4 45 510
45 4 510
4 23 344
23 4 344
4 39 828
39 4 828
4 39 539
39 4 539
4 21 309
21 4 309
4 21 503
21 4 503
4 39 534
39 4 534
4 4 498
4 4 498
4 14 860
14 4 860
4 19 95
19 4 95
4 43 305
43 4 305
4 22 315
22 4 315
4 31 582
31 4 582
4 28 345
28 4 345
4 11 196
11 4 196
5 8 922
8 5 922
5 36 615
36 5 615
5 9 231
9 5 231
5 31 867
31 5 867
5 26 388
26 5 388
5 11 778
11 5 778
5 24 528
24 5 528
5 32 451
32 5 451
5 40 29
40 5 29
5 5 374
5 5 374
5 21 687
21 5 687
5 47 660
47 5 660
5 27 293
27 5 293
5 7 862
7 5 862
5 5 636
5 5 636
5 7 593
7 5 593
5 6 514
6 5 514
5 24 222
24 5 222
5 35 642
35 5 642
5 44 830
44 5 830
5 15 63
15 5 63
5 34 49
34 5 49
5 44 750
44 5 750
5 26 222
26 5 222
5 47 897
47 5 897
5 46 78
46 5 78
5 42 473
42 5 473
5 8 623
8 5 623
5 7 858
7 5 858
5 8 741
8 5 741
5 23 908
23 5 908
5 21 928
21 5 928
5 32 598
32 5 598
5 11 634
11 5 634
5 13 868
13 5 868
5 24 144
24 5 144
5 27 521
27 5 521
5 29 906
29 5 906
5 8 789
8 5 789
5 22 463
22 5 463
5 40 52
40 5 52
6 11 9
11 6 9
6 38 248
38 6 248
6 8 392
8 6 392
6 33 367
33 6 367
6 40 198
40 6 198
6 29 75
29 6 75
6 21 222
21 6 222
6 45 203
45 6 203
6 36 27
36 6 27
6 12 907
12 6 907
6 24 87
24 6 87
6 41 470
41 6 470
6 29 724
29 6 724
6 29 32
29 6 32
6 42 294
42 6 294
6 22 288
22 6 288
6 16 704
16 6 704
6 40 515
40 6 515
6 16 351
16 6 351
6 31 52
31 6 52
6 46 628
46 6 628
6 36 462
36 6 462
7 22 606
22 7 606
7 11 163
11 7 163
7 44 669
44 7 669
7 38 310
38 7 310
7 30 602
30 7 602
7 37 732
37 7 732
7 18 787
18 7 787
7 14 281
14 7 281
7 40 954
40 7 954
7 33 248
33 7 248
7 34 228
34 7 228
7 31 376
31 7 376
7 42 331
42 7 331
7 26 929
26 7 929
7 8 216
8 7 216
7 15 602
15 7 602
7 38 980
38 7 980
7 34 962
34 7 962
7 29 65
29 7 65
7 40 109
40 7 109
7 12 999
12 7 999
7 42 991
42 7 991
7 15 89
15 7 89
7 29 828
29 7 828
7 38 142
38 7 142
7 31 376
31 7 376
8 43 728
43 8 728
8 11 151
11 8 151
8 30 798
30 8 798
8 19 859
19 8 859
8 42 252
42 8 252
8 47 246
47 8 246
8 11 890
11 8 890
8 34 508
34 8 508
8 36 462
36 8 462
8 23 309
23 8 309
8 35 554
35 8 554
8 31 803
31 8 803
8 43 303
43 8 303
8 19 869
19 8 869
8 26 891
26 8 891
8 32 966
32 8 966
8 21 158
21 8 158
8 45 957
45 8 957
8 16 463
16 8 463
8 21 186
21 8 186
8 12 691
12 8 691
8 42 994
42 8 994
8 39 287
39 8 287
9 13 142
13 9 142
9 22 711
22 9 711
9 16 863
16 9 863
9 40 209
40 9 209
9 38 875
38 9 875
9 47 712
47 9 712
9 32 808
32 9 808
9 30 570
30 9 570
9 44 391
44 9 391
9 18 569
18 9 569
9 23 549
23 9 549
9 28 823
28 9 823
9 36 311
36 9 311
9 33 620
33 9 620
9 30 281
30 9 281
9 14 615
14 9 615
9 29 277
29 9 277
9 11 840
11 9 840
9 16 586
16 9 586
9 34 124
34 9 124
9 20 483
20 9 483
9 15 81
15 9 81
9 33 816
33 9 816
9 46 739
46 9 739
9 30 945
30 9 945
9 25 647
25 9 647
9 23 783
23 9 783
10 27 219
27 10 219
10 22 297
22 10 297
10 40 732
40 10 732
10 44 281
44 10 281
10 42 862
42 10 862
10 22 479
22 10 479
10 20 421
20 10 421
10 21 179
21 10 179
10 26 557
26 10 557
10 23 895
23 10 895
10 30 216
30 10 216
10 46 175
46 10 175
10 19 248
19 10 248
10 39 965
39 10 965
10 44 360
44 10 360
10 33 423
33 10 423
10 20 657
20 10 657
10 44 970
44 10 970
10 41 121
41 10 121
10 25 124
25 10 124
10 30 486
30 10 486
10 38 296
38 10 296
10 18 778
18 10 778
10 40 415
40 10 415
10 26 134
26 10 134
10 35 992
35 10 992
10 17 821
17 10 821
10 32 883
32 10 883
11 15 85
15 11 85
11 17 15
17 11 15
11 40 204
40 11 204
11 42 18
42 11 18
11 45 344
45 11 344
11 21 634
21 11 634
11 45 855
45 11 855
11 13 519
13 11 519
11 25 881
25 11 881
11 23 407
23 11 407
11 29 386
29 11 386
11 33 816
33 11 816
11 16 489
16 11 489
11 46 970
46 11 970
11 14 737
14 11 737
11 18 600
18 11 600
11 42 448
42 11 448
11 32 325
32 11 325
11 11 104
11 11 104
11 36 780
36 11 780
11 47 876
47 11 876
11 27 993
27 11 993
11 19 970
19 11 970
11 15 79
15 11 79
11 26 7
26 11 7
11 31 342
31 11 342
11 25 954
25 11 954
11 32 333
32 11 333
11 41 919
41 11 919
11 42 381
42 11 381
11 46 556
46 11 556
11 37 385
37 11 385
11 42 19
42 11 19
12 16 200
16 12 200
12 26 580
26 12 580
12 28 639
28 12 639
12 30 355
30 12 355
12 25 414
25 12 414
12 35 931
35 12 931
12 38 503
38 12 503
12 43 167
43 12 167
12 13 981
13 12 981
12 30 543
30 12 543
12 22 540
22 12 540
12 26 629
26 12 629
12 17 387
17 12 387
12 38 601
38 12 601
12 18 168
18 12 168
12 47 503
47 12 503
12 45 776
45 12 776
12 17 986
17 12 986
12 36 405
36 12 405
12 25 865
25 12 865
12 17 536
17 12 536
12 29 612
29 12 612
12 21 15
21 12 15
13 18 555
18 13 555
13 37 803
37 13 803
13 25 49
25 13 49
13 40 999
40 13 999
13 35 925
35 13 925
13 19 620
19 13 620
13 14 198
14 13 198
13 25 808
25 13 808
13 14 678
14 13 678
13 28 712
28 13 712
13 44 403
44 13 403
13 47 513
47 13 513
13 42 29
42 13 29
13 42 294
42 13 294
13 20 771
20 13 771
13 43 826
43 13 826
13 27 223
27 13 223
13 36 333
36 13 333
13 35 175
35 13 175
13 26 480
26 13 480
13 37 602
37 13 602
13 45 355
45 13 355
13 35 172
35 13 172
13 17 733
17 13 733
13 39 848
39 13 848
13 38 664
38 13 664
13 14 944
14 13 944
13 27 558
27 13 558
14 46 228
46 14 228
14 39 164
39 14 164
14 31 63
31 14 63
14 47 44
47 14 44
14 26 927
26 14 927
14 46 253
46 14 253
14 24 412
24 14 412
14 25 679
25 14 679
14 28 574
28 14 574
14 42 922
42 14 922
14 45 847
45 14 847
14 35 275
35 14 275
14 22 833
22 14 833
14 19 901
19 14 901
14 25 185
25 14 185
14 44 916
44 14 916
14 30 979
30 14 979
14 39 306
39 14 306
14 33 441
33 14 441
14 16 741
16 14 741
14 25 909
25 14 909
14 35 258
35 14 258
14 44 624
44 14 624
15 29 592
29 15 592
15 27 584
27 15 584
15 47 556
47 15 556
15 42 199
42 15 199
15 18 881
18 15 881
15 37 174
37 15 174
15 46 759
46 15 759
15 29 432
29 15 432
15 38 790
38 15 790
15 41 672
41 15 672
15 24 316
24 15 316
15 27 566
27 15 566
15 23 355
23 15 355
15 28 56
28 15 56
15 47 798
47 15 798
15 34 630
34 15 630
15 44 1000
44 15 1000
15 35 923
35 15 923
15 32 926
32 15 926
15 45 931
45 15 931
16 23 86
23 16 86
16 44 431
44 16 431
16 46 80
46 16 80
16 16 165
16 16 165
16 40 339
40 16 339
16 34 446
34 16 446
16 19 141
19 16 141
16 35 75
35 16 75
16 19 63
19 16 63
16 20 367
20 16 367
16 34 568
34 16 568
16 35 170
35 16 170
16 24 825
24 16 825
16 44 677
44 16 677
16 46 568
46 16 568
16 29 584
29 16 584
16 45 72
45 16 72
16 34 956
34 16 956
16 31 603
31 16 603
16 26 915
26 16 915
16 30 214
30 16 214
16 41 182
41 16 182
16 17 118
17 16 118
17 21 433
21 17 433
17 39 608
39 17 608
17 28 836
28 17 836
17 34 340
34 17 340
17 35 585
35 17 585
17 47 404
47 17 404
17 22 832
22 17 832
17 43 647
43 17 647
17 39 11
39 17 11
17 30 212
30 17 212
17 29 781
29 17 781
17 29 420
29 17 420
18 23 827
23 18 827
18 25 351
25 18 351
18 36 828
36 18 828
18 30 414
30 18 414
18 33 481
33 18 481
18 36 827
36 18 827
18 44 90
44 18 90
18 39 521
39 18 521
18 29 830
29 18 830
18 28 981
28 18 981
18 24 870
24 18 870
18 44 653
44 18 653
18 44 895
44 18 895
18 35 605
35 18 605
18 45 793
45 18 793
18 42 890
42 18 890
18 19 838
19 18 838
18 39 217
39 18 217
19 31 926
31 19 926
19 38 49
38 19 49
19 34 289
34 19 289
19 39 862
39 19 862
19 47 292
47 19 292
19 25 926
25 19 926
19 43 694
43 19 694
19 35 182
35 19 182
19 20 912
20 19 912
19 20 827
20 19 827
19 19 991
19 19 991
19 39 63
39 19 63
19 31 191
31 19 191
19 26 155
26 19 155
19 28 131
28 19 131
19 28 494
28 19 494
19 27 366
27 19 366
19 25 938
25 19 938
19 33 107
33 19 107
19 41 472
41 19 472
19 23 114
23 19 114
20 33 23
33 20 23
20 32 76
32 20 76
20 37 564
37 20 564
20 30 286
30 20 286
20 30 772
30 20 772
20 40 741
40 20 741
20 33 177
33 20 177
20 44 370
44 20 370
20 25 46
25 20 46
20 33 96
33 20 96
20 40 522
40 20 522
20 32 913
32 20 913
20 42 611
42 20 611
20 33 683
33 20 683
20 20 761
20 20 761
20 21 598
21 20 598
20 46 220
46 20 220
20 44 36
44 20 36
20 33 741
33 20 741
21 35 144
35 21 144
21 40 687
40 21 687
21 38 884
38 21 884
21 34 966
34 21 966
21 33 43
33 21 43
21 27 764
27 21 764
21 24 655
24 21 655
21 40 69
40 21 69
21 43 18
43 21 18
21 40 728
40 21 728
21 22 712
22 21 712
21 28 308
28 21 308
21 23 963
23 21 963
21 27 261
27 21 261
21 27 651
27 21 651
21 39 245
39 21 245
21 45 280
45 21 280
21 37 828
37 21 828
21 30 698
30 21 698
21 26 145
26 21 145
21 41 955
41 21 955
21 46 803
46 21 803
21 36 432
36 21 432
21 27 237
27 21 237
21 24 892
24 21 892
22 24 951
24 22 951
22 28 872
28 22 872
22 40 479
40 22 479
22 29 839
29 22 839
22 23 377
23 22 377
22 35 420
35 22 420
22 23 393
23 22 393
22 28 758
28 22 758
22 34 517
34 22 517
22 25 456
25 22 456
22 30 989
30 22 989
22 41 217
41 22 217
22 30 187
30 22 187
22 32 50
32 22 50
22 35 844
35 22 844
22 28 565
28 22 565
22 27 140
27 22 140
22 35 430
35 22 430
22 41 849
41 22 849
22 40 710
40 22 710
22 37 955
37 22 955
23 44 78
44 23 78
23 45 447
45 23 447
23 36 900
36 23 900
23 25 842
25 23 842
23 34 383
34 23 383
23 47 903
47 23 903
23 34 97
34 23 97
23 42 76
42 23 76
23 31 665
31 23 665
23 27 336
27 23 336
23 28 281
28 23 281
23 30 104
30 23 104
23 38 588
38 23 588
23 27 125
27 23 125
23 43 680
43 23 680
24 36 658
36 24 658
24 33 999
33 24 999
24 47 714
47 24 714
24 46 851
46 24 851
24 37 764
37 24 764
24 39 833
39 24 833
24 29 14
29 24 14
24 37 762
37 24 762
24 42 127
42 24 127
24 37 437
37 24 437
24 44 448
44 24 448
24 33 186
33 24 186
24 46 714
46 24 714
24 35 970
35 24 970
24 39 950
39 24 950
24 27 227
27 24 227
24 35 68
35 24 68
24 29 10
29 24 10
24 31 917
31 24 917
24 30 805
30 24 805
24 30 561
30 24 561
24 32 72
32 24 72
24 27 261
27 24 261
24 30 941
30 24 941
24 24 693
24 24 693
25 43 220
43 25 220
25 45 564
45 25 564
25 28 280
28 25 280
25 38 167
38 25 167
25 47 611
47 25 611
25 25 497
25 25 497
25 39 380
39 25 380
25 29 372
29 25 372
25 42 452
42 25 452
25 42 595
42 25 595
25 41 132
41 25 132
25 26 907
26 25 907
25 41 967
41 25 967
26 41 643
41 26 643
26 33 118
33 26 118
26 45 658
45 26 658
26 34 218
34 26 218
26 39 225
39 26 225
26 47 136
47 26 136
26 33 423
33 26 423
26 37 291
37 26 291
26 28 1
28 26 1
26 36 151
36 26 151
26 45 539
45 26 539
26 31 295
31 26 295
26 43 560
43 26 560
26 43 649
43 26 649
26 34 90
34 26 90
27 30 713
30 27 713
27 40 263
40 27 263
27 39 977
39 27 977
27 42 318
42 27 318
27 32 435
32 27 435
27 28 328
28 27 328
27 29 542
29 27 542
27 34 641
34 27 641
27 42 767
42 27 767
27 38 871
38 27 871
27 45 423
45 27 423
27 35 43
35 27 43
27 36 73
36 27 73
27 32 137
32 27 137
28 37 560
37 28 560
28 34 378
34 28 378
28 30 768
30 28 768
28 30 187
30 28 187
28 34 480
34 28 480
28 44 68
44 28 68
28 43 76
43 28 76
28 44 705
44 28 705
28 38 839
38 28 839
28 39 331
39 28 331
28 37 685
37 28 685
28 44 472
44 28 472
28 40 334
40 28 334
28 47 675
47 28 675
28 38 496
38 28 496
29 44 996
44 29 996
29 45 464
45 29 464
29 37 548
37 29 548
29 46 945
46 29 945
29 44 403
44 29 403
29 40 284
40 29 284
29 34 584
34 29 584
29 39 214
39 29 214
29 38 419
38 29 419
29 43 704
43 29 704
29 45 521
45 29 521
29 47 285
47 29 285
29 31 523
31 29 523
29 36 361
36 29 361
29 32 856
32 29 856
29 30 51
30 29 51
30 30 509
30 30 509
30 36 242
36 30 242
30 40 234
40 30 234
30 47 420
47 30 420
30 39 482
39 30 482
30 33 168
33 30 168
30 30 28
30 30 28
30 36 425
36 30 425
30 46 744
46 30 744
30 33 172
33 30 172
30 33 600
33 30 600
30 36 594
36 30 594
30 37 577
37 30 577
30 45 194
45 30 194
30 33 743
33 30 743
30 34 145
34 30 145
31 31 684
31 31 684
31 43 103
43 31 103
31 35 554
35 31 554
31 33 441
33 31 441
31 37 717
37 31 717
31 39 118
39 31 118
31 42 159
42 31 159
31 46 148
46 31 148
31 38 217
38 31 217
31 43 214
43 31 214
31 44 494
44 31 494
31 37 980
37 31 980
31 46 579
46 31 579
31 33 888
33 31 888
31 33 2
33 31 2
31 32 845
32 31 845
31 32 267
32 31 267
32 46 743
46 32 743
32 43 496
43 32 496
32 36 344
36 32 344
32 41 988
41 32 988
32 42 746
42 32 746
32 40 732
40 32 732
32 45 473
45 32 473
32 44 58
44 32 58
32 35 161
35 32 161
32 43 911
43 32 911
32 42 590
42 32 590
32 46 522
46 32 522
32 44 756
44 32 756
32 34 596
34 32 596
32 44 955
44 32 955
32 33 830
33 32 830
33 34 200
34 33 200
33 45 278
45 33 278
33 38 225
38 33 225
33 38 231
38 33 231
33 44 473
44 33 473
33 47 541
47 33 541
33 38 82
38 33 82
33 34 798
34 33 798
33 46 169
46 33 169
34 41 57
41 34 57
34 35 678
35 34 678
34 44 367
44 34 367
34 36 277
36 34 277
34 44 558
44 34 558
34 39 758
39 34 758
34 47 930
47 34 930
34 46 853
46 34 853
35 37 975
37 35 975
35 36 395
36 35 395
35 35 947
35 35 947
35 44 637
44 35 637
35 42 511
42 35 511
36 44 652
44 36 652
36 43 917
43 36 917
36 37 426
37 36 426
36 37 126
37 36 126
36 47 619
47 36 619
36 43 934
43 36 934
36 42 866
42 36 866
36 44 678
44 36 678
36 36 862
36 36 862
36 47 108
47 36 108
37 46 900
46 37 900
37 38 21
38 37 21
37 47 578
47 37 578
37 43 293
43 37 293
37 43 49
43 37 49
37 42 147
42 37 147
37 38 264
38 37 264
38 39 388
39 38 388
38 41 143
41 38 143
38 42 633
42 38 633
38 44 936
44 38 936
38 43 977
43 38 977
38 39 715
39 38 715
38 45 630
45 38 630
38 41 421
41 38 421
39 47 414
47 39 414
39 40 665
40 39 665
39 43 713
43 39 713
39 41 380
41 39 380
40 41 595
41 40 595
40 43 64
43 40 64
40 42 431
42 40 431
40 46 235
46 40 235
40 44 36
44 40 36
40 47 513
47 40 513
41 45 928
45 41 928
41 45 266
45 41 266
41 44 476
44 41 476
41 47 376
47 41 376
41 41 844
41 41 844
41 46 631
46 41 631
41 45 900
45 41 900
41 46 789
46 41 789
41 44 895
44 41 895
42 47 281
47 42 281
42 44 744
44 42 744
42 46 759
46 42 759
43 47 210
47 43 210
43 44 983
44 43 983
43 44 877
44 43 877
43 47 133
47 43 133
43 45 976
45 43 976
44 46 996
46 44 996
45 47 475
47 45 475
45 45 911
45 45 911
45 46 194
46 45 194
46 47 924
47 46 924
46 47 862
47 46 862
47 47 545
47 47 545
