63

0 1 370
1 0 370
0 45 170
45 0 170
0 32 501
32 0 501
0 53 477
53 0 477
0 10 313
10 0 313
0 24 103
24 0 103
0 12 121
12 0 121
0 33 863
33 0 863
0 10 686
10 0 686
0 48 208
48 0 208
0 33 152
33 0 152
0 51 600
51 0 600
0 16 288
16 0 288
0 61 348
61 0 348
0 55 579
55 0 579
0 54 208
54 0 208
0 35 885
35 0 885
0 24 77
24 0 77
0 28 707
28 0 707
0 4 422
4 0 422
0 53 132
53 0 132
0 23 280
23 0 280
1 2 341
2 1 341
1 24 840
24 1 840
1 41 289
41 1 289
1 55 804
55 1 804
1 23 997
23 1 997
1 46 844
46 1 844
1 51 2
51 1 2
1 52 888
52 1 888
1 16 394
16 1 394
1 20 723
20 1 723
1 25 102
25 1 102
1 47 37
47 1 37
1 61 565
61 1 565
1 6 811
6 1 811
1 28 445
28 1 445
1 18 675
18 1 675
1 17 356
17 1 356
1 40 724
40 1 724
1 23 15
23 1 15
1 46 45
46 1 45
1 15 13
15 1 13
2 3 927
3 2 927
2 17 744
17 2 744
2 33 325
33 2 325
2 41 77
41 2 77
2 58 645
58 2 645
2 45 300
45 2 300
2 45 895
45 2 895
2 34 588
34 2 588
2 32 393
32 2 393
2 40 47
40 2 47
2 22 381
22 2 381
2 33 940
33 2 940
2 7 312
7 2 312
2 22 402
22 2 402
2 5 438
5 2 438
2 16 494
16 2 494
3 4 1000
4 3 1000
3 58 661
58 3 661
3 7 83
7 3 83
3 50 692
50 3 692
3 38 475
38 3 475
3 44 525
44 3 525
3 17 277
17 3 277
3 39 590
39 3 590
3 60 435
60 3 435
3 29 891
29 3 891
3 61 431
61 3 431
3 31 920
31 3 920
3 18 3
18 3 3
3 55 657
55 3 657
3 46 100
46 3 100
3 61 546
61 3 546
3 24 533
24 3 533
3 45 654
45 3 654
3 27 136
27 3 136
4 5 939
5 4 939
4 10 735
10 4 735
4 19 535
19 4 535
4 35 629
35 4 629
4 33 483
33 4 483
4 40 143
40 4 143
4 62 317
62 4 317
4 21 622
21 4 622
4 5 709
5 4 709
4 51 122
51 4 122
4 58 807
58 4 807
4 43 85
43 4 85
4 5 71
5 4 71
4 30 398
30 4 398
4 46 548
46 4 548
4 25 142
25 4 142
4 26 362
26 4 362
4 15 833
15 4 833
5 6 125
6 5 125
5 7 65
7 5 65
5 9 695
9 5 695
5 22 745
22 5 745
5 40 35
40 5 35
5 44 704
44 5 704
5 15 527
15 5 527
5 25 136
25 5 136
5 55 889
55 5 889
5 60 179
60 5 179
5 35 967
35 5 967
5 10 411
10 5 411
5 47 388
47 5 388
5 6 998
6 5 998
5 16 720
16 5 720
5 11 179
11 5 179
5 28 790
28 5 790
5 13 310
13 5 310
5 28 144
28 5 144
5 20 53
20 5 53
5 15 581
15 5 581
5 55 749
55 5 749
5 15 304
15 5 304
5 59 712
59 5 712
5 26 485
26 5 485
6 11 204
11 6 204
6 21 298
21 6 298
6 32 640
32 6 640
6 43 132
43 6 132
6 16 544
16 6 544
6 14 114
14 6 114
6 26 856
26 6 856
6 16 718
16 6 718
6 22 780
22 6 780
6 23 577
23 6 577
6 45 489
45 6 489
6 36 338
36 6 338
6 26 856
26 6 856
6 47 381
47 6 381
6 41 592
41 6 592
6 28 520
28 6 520
6 48 925
48 6 925
6 59 635
59 6 635
6 28 957
28 6 957
6 16 131
16 6 131
6 38 779
38 6 779
6 12 455
12 6 455
6 46 318
46 6 318
6 61 256
61 6 256
6 31 52
31 6 52
6 29 766
29 6 766
7 8 360
8 7 360
7 23 748
23 7 748
7 25 250
25 7 250
7 28 982
28 7 982
7 31 628
31 7 628
7 58 692
58 7 692
7 33 713
33 7 713
7 22 904
22 7 904
7 62 760
62 7 760
7 19 445
19 7 445
7 25 908
25 7 908
7 13 935
13 7 935
7 51 398
51 7 398
7 12 719
12 7 719
7 59 240
59 7 240
7 55 657
55 7 657
7 14 354
14 7 354
7 7 574
7 7 574
7 14 825
14 7 825
7 48 739
48 7 739
7 60 968
60 7 968
7 13 743
13 7 743
7 29 784
29 7 784
7 50 38
50 7 38
7 46 450
46 7 450
7 17 963
17 7 963
7 54 142
54 7 142
8 16 838
16 8 838
8 36 190
36 8 190
8 61 340
61 8 340
8 49 18
49 8 18
8 36 593
36 8 593
8 8 616
8 8 616
8 51 494
51 8 494
8 53 566
53 8 566
8 41 784
41 8 784
8 55 145
55 8 145
8 31 461
31 8 461
8 25 280
25 8 280
8 49 119
49 8 119
8 41 310
41 8 310
8 36 337
36 8 337
8 14 896
14 8 896
8 23 354
23 8 354
9 12 571
12 9 571
9 39 586
39 9 586
9 53 1
53 9 1
9 23 627
23 9 627
9 57 180
57 9 180
9 57 658
57 9 658
9 49 274
49 9 274
9 18 976
18 9 976
9 59 526
59 9 526
9 42 515
42 9 515
9 50 146
50 9 146
9 41 116
41 9 116
9 43 105
43 9 105
9 62 75
62 9 75
9 56 931
56 9 931
9 20 11
20 9 11
9 29 561
29 9 561
9 35 503
35 9 503
9 60 878
60 9 878
9 45 956
45 9 956
10 56 933
56 10 933
10 45 304
45 10 304
10 18 253
18 10 253
10 19 944
19 10 944
10 23 35
23 10 35
10 42 23
42 10 23
10 34 269
34 10 269
10 15 794
15 10 794
10 16 17
16 10 17
10 29 641
29 10 641
10 24 885
24 10 885
10 50 971
50 10 971
10 54 358
54 10 358
10 11 739
11 10 739
10 56 749
56 10 749
10 54 834
54 10 834
10 24 835
24 10 835
10 35 86
35 10 86
10 41 981
41 10 981
10 18 244
18 10 244
10 11 836
11 10 836
10 51 815
51 10 815
11 15 555
15 11 555
11 37 702
37 11 702
11 62 942
62 11 942
11 19 425
19 11 425
11 33 30
33 11 30
11 59 193
59 11 193
11 50 8
50 11 8
11 36 609
36 11 609
11 37 182
37 11 182
11 15 530
15 11 530
11 23 347
23 11 347
11 44 907
44 11 907
11 16 413
16 11 413
11 31 571
31 11 571
11 53 492
53 11 492
11 12 149
12 11 149
11 12 61
12 11 61
11 29 848
29 11 848
11 52 432
52 11 432
11 56 838
56 11 838
11 17 282
17 11 282
11 45 893
45 11 893
12 13 723
13 12 723
12 14 521
14 12 521
12 18 762
18 12 762
12 20 958
20 12 958
12 33 930
33 12 930
12 37 348
37 12 348
12 19 103
19 12 103
12 43 200
43 12 200
12 24 728
24 12 728
12 52 904
52 12 904
12 35 881
35 12 881
12 13 624
13 12 624
12 51 903
51 12 903
12 48 557
48 12 557
12 23 893
23 12 893
12 37 785
37 12 785
12 42 77
42 12 77
12 58 232
58 12 232
13 14 487
14 13 487
13 43 202
43 13 202
13 34 657
34 13 657
13 14 63
14 13 63
13 57 273
57 13 273
13 19 650
19 13 650
13 33 804
33 13 804
13 59 173
59 13 173
13 15 328
15 13 328
13 29 39
29 13 39
13 17 906
17 13 906
13 40 558
40 13 558
13 25 775
25 13 775
13 43 869
43 13 869
13 49 91
49 13 91
13 54 161
54 13 161
13 22 714
22 13 714
13 59 470
59 13 470
13 37 716
37 13 716
13 31 489
31 13 489
14 26 227
26 14 227
14 24 494
24 14 494
14 51 198
51 14 198
14 24 832
24 14 832
14 40 891
40 14 891
14 15 815
15 14 815
14 52 181
52 14 181
14 43 104
43 14 104
14 30 615
30 14 615
14 17 682
17 14 682
14 62 362
62 14 362
14 43 584
43 14 584
14 41 418
41 14 418
14 25 931
25 14 931
15 31 290
31 15 290
15 24 855
24 15 855
15 52 786
52 15 786
15 17 156
17 15 156
15 27 852
27 15 852
15 16 860
16 15 860
15 24 109
24 15 109
15 21 633
21 15 633
15 24 347
24 15 347
16 48 497
48 16 497
16 48 714
48 16 714
16 30 530
30 16 530
16 21 798
21 16 798
16 62 213
62 16 213
16 16 999
16 16 999
16 45 55
45 16 55
16 28 515
28 16 515
16 61 705
61 16 705
16 57 300
57 16 300
16 49 503
49 16 503
16 61 252
61 16 252
16 39 858
39 16 858
16 45 153
45 16 153
16 56 312
56 16 312
16 33 754
33 16 754
16 49 936
49 16 936
16 48 248
48 16 248
16 39 449
39 16 449
17 30 155
30 17 155
17 46 278
46 17 278
17 47 62
47 17 62
17 36 851
36 17 851
17 49 634
49 17 634
17 31 424
31 17 424
17 54 967
54 17 967
17 26 622
26 17 622
17 21 629
21 17 629
17 59 746
59 17 746
17 58 849
58 17 849
17 36 242
36 17 242
17 59 879
59 17 879
17 49 630
49 17 630
17 18 616
18 17 616
17 18 894
18 17 894
17 29 441
29 17 441
17 20 156
20 17 156
17 32 809
32 17 809
17 41 953
41 17 953
17 58 176
58 17 176
17 62 128
62 17 128
18 34 143
34 18 143
18 61 496
61 18 496
18 48 61
48 18 61
18 28 46
28 18 46
18 62 416
62 18 416
18 39 30
39 18 30
18 57 273
57 18 273
18 38 785
38 18 785
18 57 862
57 18 862
18 43 748
43 18 748
18 44 194
44 18 194
18 31 510
31 18 510
18 48 726
48 18 726
18 25 815
25 18 815
18 26 131
26 18 131
18 24 833
24 18 833
19 50 276
50 19 276
19 26 287
26 19 287
19 51 832
51 19 832
19 46 467
46 19 467
19 60 69
60 19 69
19 36 996
36 19 996
19 41 831
41 19 831
19 40 280
40 19 280
19 53 479
53 19 479
19 56 579
56 19 579
19 32 388
32 19 388
19 40 300
40 19 300
19 46 227
46 19 227
19 20 525
20 19 525
19 61 686
61 19 686
19 42 427
42 19 427
19 34 427
34 19 427
20 50 427
50 20 427
20 28 695
28 20 695
20 59 324
59 20 324
20 37 724
37 20 724
20 31 333
31 20 333
20 33 882
33 20 882
20 59 119
59 20 119
20 47 233
47 20 233
20 31 82
31 20 82
20 31 295
31 20 295
20 29 937
29 20 937
20 28 538
28 20 538
20 42 284
42 20 284
20 42 598
42 20 598
20 58 82
58 20 82
20 25 244
25 20 244
20 39 96
39 20 96
21 31 366
31 21 366
21 27 859
27 21 859
21 45 935
45 21 935
21 57 608
57 21 608
21 23 710
23 21 710
21 44 527
44 21 527
21 61 114
61 21 114
21 28 652
28 21 652
21 49 160
49 21 160
21 47 548
47 21 548
21 55 53
55 21 53
21 60 785
60 21 785
21 52 673
52 21 673
21 61 41
61 21 41
21 49 7
49 21 7
21 60 29
60 21 29
22 27 731
27 22 731
22 60 640
60 22 640
22 40 806
40 22 806
22 45 453
45 22 453
22 28 22
28 22 22
22 32 271
32 22 271
22 52 65
52 22 65
22 23 424
23 22 424
22 43 455
43 22 455
23 42 51
42 23 51
23 54 124
54 23 124
23 59 258
59 23 258
23 61 532
61 23 532
23 26 306
26 23 306
23 49 510
49 23 510
23 45 174
45 23 174
23 54 75
54 23 75
23 43 435
43 23 435
23 41 202
41 23 202
23 37 355
37 23 355
23 47 7
47 23 7
23 29 529
29 23 529
23 40 699
40 23 699
24 55 515
55 24 515
24 44 608
44 24 608
24 48 356
48 24 356
24 24 969
24 24 969
24 60 883
60 24 883
24 30 446
30 24 446
24 40 347
40 24 347
24 25 116
25 24 116
24 52 754
52 24 754
24 41 87
41 24 87
24 39 600
39 24 600
24 58 943
58 24 943
24 28 920
28 24 920
24 56 469
56 24 469
24 32 748
32 24 748
24 30 736
30 24 736
24 37 782
37 24 782
25 55 550
55 25 550
25 39 737
39 25 737
25 38 206
38 25 206
25 37 724
37 25 724
25 25 538
25 25 538
25 27 377
27 25 377
25 60 655
60 25 655
25 33 585
33 25 585
25 28 573
28 25 573
25 54 956
54 25 956
25 28 284
28 25 284
25 41 310
41 25 310
25 26 650
26 25 650
25 60 146
60 25 146
25 39 384
39 25 384
26 60 664
60 26 664
26 40 958
40 26 958
26 33 521
33 26 521
26 49 889
49 26 889
26 28 557
28 26 557
26 44 262
44 26 262
26 49 459
49 26 459
26 46 281
46 26 281
26 51 600
51 26 600
26 43 972
43 26 972
26 28 423
28 26 423
26 39 603
39 26 603
26 37 240
37 26 240
26 27 887
27 26 887
27 56 773
56 27 773
27 51 621
51 27 621
27 45 13
45 27 13
27 37 43
37 27 43
27 49 754
49 27 754
27 35 393
35 27 393
27 37 133
37 27 133
27 56 709
56 27 709
28 29 212
29 28 212
28 39 47
39 28 47
28 59 596
59 28 596
28 57 780
57 28 780
28 50 485
50 28 485
28 44 486
44 28 486
28 41 336
41 28 336
28 34 90
34 28 90
28 40 563
40 28 563
28 56 802
56 28 802
28 49 245
49 28 245
29 43 872
43 29 872
29 49 654
49 29 654
29 57 984
57 29 984
29 34 57
34 29 57
29 45 139
45 29 139
29 55 58
55 29 58
29 44 773
44 29 773
29 55 462
55 29 462
29 53 641
53 29 641
29 41 221
41 29 221
29 57 525
57 29 525
29 43 583
43 29 583
29 59 684
59 29 684
29 31 674
31 29 674
29 55 785
55 29 785
29 35 768
35 29 768
30 36 689
36 30 689
30 38 600
38 30 600
30 56 36
56 30 36
30 30 470
30 30 470
30 41 544
41 30 544
30 54 157
54 30 157
30 62 492
62 30 492
30 43 868
43 30 868
30 52 757
52 30 757
30 46 845
46 30 845
30 33 833
33 30 833
30 46 532
46 30 532
30 56 729
56 30 729
30 56 18
56 30 18
30 57 533
57 30 533
31 57 37
57 31 37
31 59 719
59 31 719
31 35 118
35 31 118
31 32 507
32 31 507
31 34 166
34 31 166
31 61 313
61 31 313
31 39 975
39 31 975
31 37 530
37 31 530
31 43 968
43 31 968
31 52 188
52 31 188
31 32 980
32 31 980
31 32 7
32 31 7
32 42 671
42 32 671
32 61 536
61 32 536
32 62 857
62 32 857
32 58 455
58 32 455
32 55 115
55 32 115
32 61 99
61 32 99
32 58 745
58 32 745
33 55 876
55 33 876
33 42 715
42 33 715
33 37 307
37 33 307
33 51 262
51 33 262
33 49 613
49 33 613
33 60 177
60 33 177
33 42 718
42 33 718
34 36 426
36 34 426
34 41 42
41 34 42
34 61 650
61 34 650
34 54 617
54 34 617
34 61 34
61 34 34
34 54 496
54 34 496
34 37 822
37 34 822
34 42 602
42 34 602
35 51 740
51 35 740
35 54 577
54 35 577
35 62 568
62 35 568
35 46 866
46 35 866
35 38 158
38 35 158
35 60 953
60 35 953
35 60 557
60 35 557
35 55 909
55 35 909
35 46 604
46 35 604
35 37 787
37 35 787
35 43 6
43 35 6
35 37 214
37 35 214
36 37 92
37 36 92
36 45 576
45 36 576
36 51 818
51 36 818
36 54 601
54 36 601
36 56 129
56 36 129
37 38 688
38 37 688
37 59 375
59 37 375
37 46 323
46 37 323
37 56 375
56 37 375
37 43 399
43 37 399
37 59 103
59 37 103
37 57 849
57 37 849
37 40 255
40 37 255
37 58 944
58 37 944
37 56 586
56 37 586
38 52 901
52 38 901
38 55 186
55 38 186
38 55 944
55 38 944
38 43 754
43 38 754
38 42 124
42 38 124
38 47 236
47 38 236
38 54 749
54 38 749
38 42 296
42 38 296
39 57 541
57 39 541
39 60 89
60 39 89
39 59 786
59 39 786
39 49 614
49 39 614
40 56 981
56 40 981
40 57 644
57 40 644
40 44 663
44 40 663
40 60 142
60 40 142
41 45 599
45 41 599
41 44 217
44 41 217
41 60 361
60 41 361
41 56 51
56 41 51
41 53 990
53 41 990
41 61 399
61 41 399
41 48 53
48 41 53
41 52 858
52 41 858
41 53 176
53 41 176
42 46 196
46 42 196
42 44 481
44 42 481
42 52 548
52 42 548
42 54 672
54 42 672
42 50 391
50 42 391
42 43 36
43 42 36
42 60 242
60 42 242
42 55 355
55 42 355
43 61 537
61 43 537
43 58 767
58 43 767
43 59 432
59 43 432
43 60 338
60 43 338
43 53 522
53 43 522
43 57 33
57 43 33
43 50 616
50 43 616
43 51 409
51 43 409
44 60 46
60 44 46
44 56 980
56 44 980
44 56 570
56 44 570
44 60 238
60 44 238
44 57 909
57 44 909
44 59 479
59 44 479
44 54 777
54 44 777
44 57 905
57 44 905
44 47 264
47 44 264
44 53 804
53 44 804
45 57 336
57 45 336
45 52 857
52 45 857
45 54 877
54 45 877
45 45 505
45 45 505
45 57 714
57 45 714
45 61 528
61 45 528
46 60 342
60 46 342
46 51 243
51 46 243
46 47 470
47 46 470
46 59 202
59 46 202
46 52 718
52 46 718
47 58 460
58 47 460
47 59 640
59 47 640
47 56 113
56 47 113
47 52 776
52 47 776
47 56 70
56 47 70
47 50 143
50 47 143
48 58 533
58 48 533
48 51 2
51 48 2
48 55 419
55 48 419
48 57 610
57 48 610
48 55 313
55 48 313
49 58 209
58 49 209
49 54 476
54 49 476
49 49 86
49 49 86
49 56 29
56 49 29
49 52 300
52 49 300
50 61 675
61 50 675
50 57 677
57 50 677
50 51 442
51 50 442
50 62 34
62 50 34
50 62 370
62 50 370
51 59 155
59 51 155
51 51 295
51 51 295
51 55 378
55 51 378
51 53 99
53 51 99
52 59 578
59 52 578
52 61 718
61 52 718
52 62 74
62 52 74
52 56 545
56 52 545
52 62 219
62 52 219
52 52 841
52 52 841
52 54 918
54 52 918
52 54 58
54 52 58
53 57 197
57 53 197
53 58 265
58 53 265
53 54 797
54 53 797
53 61 884
61 53 884
53 56 751
56 53 751
54 57 152
57 54 152
55 60 188
60 55 188
56 58 123
58 56 123
56 61 490
61 56 490
56 62 917
62 56 917
57 61 188
61 57 188
57 60 430
60 57 430
57 62 16
62 57 16
57 58 219
58 57 219
58 60 888
60 58 888
59 59 282
59 59 282
60 62 538
62 60 538
