54

0 1 112
1 0 112
0 2 713
2 0 713
0 8 425
8 0 425
0 50 285
50 0 285
0 51 289
51 0 289
0 2 624
2 0 624
0 5 963
5 0 963
0 4 588
4 0 588
0 32 130
32 0 130
0 34 75
34 0 75
0 12 853
12 0 853
0 11 854
11 0 854
0 44 788
44 0 788
0 25 110
25 0 110
0 15 238
15 0 238
0 37 248
37 0 248
0 18 212
18 0 212
0 52 816
52 0 816
0 45 836
45 0 836
0 40 259
40 0 259
0 21 165
21 0 165
0 12 722
12 0 722
0 48 905
48 0 905
0 18 487
18 0 487
0 22 791
22 0 791
0 45 226
45 0 226
0 1 555
1 0 555
1 11 225
11 1 225
1 24 289
24 1 289
1 39 949
39 1 949
1 34 933
34 1 933
1 1 860
1 1 860
1 31 469
31 1 469
1 30 774
30 1 774
1 47 923
47 1 923
1 21 668
21 1 668
1 9 239
9 1 239
1 32 870
32 1 870
1 41 250
41 1 250
1 18 177
18 1 177
1 43 594
43 1 594
1 46 268
46 1 268
1 15 681
15 1 681
1 33 575
33 1 575
1 30 16
30 1 16
1 43 284
43 1 284
1 15 893
15 1 893
1 33 686
33 1 686
1 24 671
24 1 671
1 49 528
49 1 528
1 15 915
15 1 915
1 26 882
26 1 882
1 20 51
20 1 51
1 45 996
45 1 996
1 28 557
28 1 557
1 4 890
4 1 890
1 33 472
33 1 472
1 44 607
44 1 607
2 3 432
3 2 432
2 5 893
5 2 893
2 13 865
13 2 865
2 15 338
15 2 338
2 20 468
20 2 468
2 10 885
10 2 885
2 21 832
21 2 832
2 34 986
34 2 986
2 33 442
33 2 442
2 31 434
31 2 434
2 46 846
46 2 846
2 34 628
34 2 628
2 8 358
8 2 358
2 31 846
31 2 846
2 20 509
20 2 509
2 49 996
49 2 996
2 38 112
38 2 112
2 22 114
22 2 114
2 47 383
47 2 383
2 25 309
25 2 309
2 51 863
51 2 863
2 49 395
49 2 395
2 46 802
46 2 802
2 53 129
53 2 129
2 44 688
44 2 688
2 5 697
5 2 697
2 20 361
20 2 361
2 45 700
45 2 700
2 52 302
52 2 302
2 28 523
28 2 523
3 4 254
4 3 254
3 7 93
7 3 93
3 14 396
14 3 396
3 16 787
16 3 787
3 25 956
25 3 956
3 12 417
12 3 417
3 22 241
22 3 241
3 46 694
46 3 694
3 33 171
33 3 171
3 25 948
25 3 948
3 18 148
18 3 148
3 4 404
4 3 404
3 42 588
42 3 588
3 15 244
15 3 244
3 9 169
9 3 169
3 38 283
38 3 283
3 20 24
20 3 24
3 14 37
14 3 37
3 38 268
38 3 268
3 29 699
29 3 699
3 28 932
28 3 932
3 11 893
11 3 893
3 36 45
36 3 45
3 45 898
45 3 898
3 44 251
44 3 251
4 6 50
6 4 50
4 23 383
23 4 383
4 35 242
35 4 242
4 24 882
24 4 882
4 45 381
45 4 381
4 40 406
40 4 406
4 39 110
39 4 110
4 32 895
32 4 895
4 39 186
39 4 186
4 30 944
30 4 944
4 29 535
29 4 535
4 46 871
46 4 871
4 18 793
18 4 793
4 5 287
5 4 287
4 29 586
29 4 586
4 14 693
14 4 693
4 11 393
11 4 393
4 22 22
22 4 22
4 18 786
18 4 786
4 53 575
53 4 575
4 53 636
53 4 636
4 26 252
26 4 252
4 33 802
33 4 802
4 22 842
22 4 842
4 29 539
29 4 539
4 25 656
25 4 656
4 30 132
30 4 132
5 17 344
17 5 344
5 17 731
17 5 731
5 32 430
32 5 430
5 28 436
28 5 436
5 9 734
9 5 734
5 11 235
11 5 235
5 17 630
17 5 630
5 26 183
26 5 183
5 14 987
14 5 987
5 18 721
18 5 721
5 33 258
33 5 258
5 23 282
23 5 282
5 51 537
51 5 537
5 21 957
21 5 957
5 30 141
30 5 141
5 25 193
25 5 193
5 37 504
37 5 504
5 8 764
8 5 764
5 10 870
10 5 870
5 35 664
35 5 664
5 13 5
13 5 5
5 25 678
25 5 678
5 42 442
42 5 442
5 32 830
32 5 830
5 32 809
32 5 809
5 29 999
29 5 999
5 13 96
13 5 96
5 53 411
53 5 411
5 8 989
8 5 989
5 19 923
19 5 923
5 11 924
11 5 924
5 10 895
10 5 895
5 7 296
7 5 296
5 33 525
33 5 525
5 40 906
40 5 906
5 24 511
24 5 511
5 20 403
20 5 403
5 34 194
34 5 194
5 33 903
33 5 903
5 40 615
40 5 615
6 16 662
16 6 662
6 46 986
46 6 986
6 8 26
8 6 26
6 39 949
39 6 949
6 32 427
32 6 427
6 50 872
50 6 872
6 10 763
10 6 763
6 14 50
14 6 50
6 22 627
22 6 627
6 17 433
17 6 433
6 21 961
21 6 961
6 38 822
38 6 822
6 27 63
27 6 63
6 9 590
9 6 590
6 19 89
19 6 89
6 18 415
18 6 415
6 38 656
38 6 656
6 24 169
24 6 169
6 32 7
32 6 7
6 47 878
47 6 878
6 11 450
11 6 450
6 13 977
13 6 977
6 10 847
10 6 847
6 27 378
27 6 378
6 37 667
37 6 667
6 21 990
21 6 990
7 9 448
9 7 448
7 10 213
10 7 213
7 25 27
25 7 27
7 47 879
47 7 879
7 29 822
29 7 822
7 13 911
13 7 911
7 38 809
38 7 809
7 22 676
22 7 676
7 22 967
22 7 967
7 29 737
29 7 737
7 15 662
15 7 662
7 35 737
35 7 737
7 40 599
40 7 599
7 14 641
14 7 641
7 46 923
46 7 923
7 41 605
41 7 605
7 49 942
49 7 942
7 20 504
20 7 504
7 20 331
20 7 331
7 39 439
39 7 439
7 23 438
23 7 438
7 50 643
50 7 643
7 8 761
8 7 761
7 24 996
24 7 996
7 38 536
38 7 536
7 46 372
46 7 372
7 35 816
35 7 816
7 21 220
21 7 220
7 16 734
16 7 734
7 28 880
28 7 880
8 22 34
22 8 34
8 28 488
28 8 488
8 38 347
38 8 347
8 37 616
37 8 616
8 36 861
36 8 861
8 35 87
35 8 87
8 51 468
51 8 468
8 48 983
48 8 983
8 29 511
29 8 511
8 50 61
50 8 61
8 27 782
27 8 782
8 10 585
10 8 585
8 18 561
18 8 561
8 15 496
15 8 496
8 19 721
19 8 721
8 34 99
34 8 99
8 50 469
50 8 469
8 11 876
11 8 876
8 52 240
52 8 240
8 28 821
28 8 821
8 44 32
44 8 32
8 14 212
14 8 212
8 15 926
15 8 926
8 45 491
45 8 491
8 40 231
40 8 231
8 36 138
36 8 138
8 53 617
53 8 617
9 12 168
12 9 168
9 36 979
36 9 979
9 51 740
51 9 740
9 49 110
49 9 110
9 50 306
50 9 306
9 51 599
51 9 599
9 28 704
28 9 704
9 30 93
30 9 93
9 53 972
53 9 972
9 32 404
32 9 404
9 36 112
36 9 112
9 19 129
19 9 129
9 38 108
38 9 108
9 40 681
40 9 681
9 24 185
24 9 185
9 29 465
29 9 465
9 36 132
36 9 132
9 33 469
33 9 469
9 48 577
48 9 577
9 40 88
40 9 88
9 51 957
51 9 957
9 52 620
52 9 620
9 30 654
30 9 654
10 29 589
29 10 589
10 42 590
42 10 590
10 29 879
29 10 879
10 14 189
14 10 189
10 38 699
38 10 699
10 52 421
52 10 421
10 15 785
15 10 785
10 11 763
11 10 763
10 31 932
31 10 932
10 41 580
41 10 580
10 48 976
48 10 976
10 25 657
25 10 657
10 20 375
20 10 375
10 24 893
24 10 893
10 50 555
50 10 555
10 19 641
19 10 641
10 30 965
30 10 965
10 44 193
44 10 193
10 43 25
43 10 25
10 25 479
25 10 479
10 42 653
42 10 653
11 42 663
42 11 663
11 28 896
28 11 896
11 37 730
37 11 730
11 16 551
16 11 551
11 41 181
41 11 181
11 16 628
16 11 628
11 33 501
33 11 501
11 24 610
24 11 610
11 16 324
16 11 324
11 43 737
43 11 737
11 25 624
25 11 624
11 27 42
27 11 42
11 15 902
15 11 902
11 18 513
18 11 513
11 38 80
38 11 80
11 28 321
28 11 321
11 39 559
39 11 559
11 22 456
22 11 456
11 49 573
49 11 573
11 39 287
39 11 287
12 26 265
26 12 265
12 35 647
35 12 647
12 43 207
43 12 207
12 27 908
27 12 908
12 48 336
48 12 336
12 24 17
24 12 17
12 45 829
45 12 829
12 39 96
39 12 96
12 49 715
49 12 715
12 21 121
21 12 121
12 15 251
15 12 251
12 19 778
19 12 778
12 48 648
48 12 648
12 28 745
28 12 745
12 38 649
38 12 649
12 28 904
28 12 904
12 30 924
30 12 924
12 14 736
14 12 736
12 46 932
46 12 932
12 17 510
17 12 510
13 33 445
33 13 445
13 43 264
43 13 264
13 35 387
35 13 387
13 14 52
14 13 52
13 27 801
27 13 801
13 25 873
25 13 873
13 53 808
53 13 808
13 53 877
53 13 877
13 32 851
32 13 851
13 26 314
26 13 314
13 28 477
28 13 477
13 23 933
23 13 933
13 17 996
17 13 996
13 21 765
21 13 765
13 37 487
37 13 487
13 48 984
48 13 984
13 30 662
30 13 662
13 47 805
47 13 805
13 36 355
36 13 355
13 51 974
51 13 974
13 18 796
18 13 796
13 49 475
49 13 475
14 32 926
32 14 926
14 28 286
28 14 286
14 51 119
51 14 119
14 20 820
20 14 820
14 38 595
38 14 595
14 25 143
25 14 143
14 25 625
25 14 625
14 22 590
22 14 590
14 18 448
18 14 448
14 38 506
38 14 506
14 52 578
52 14 578
14 44 979
44 14 979
14 46 8
46 14 8
14 50 114
50 14 114
14 31 455
31 14 455
14 20 179
20 14 179
14 41 393
41 14 393
14 40 178
40 14 178
14 48 855
48 14 855
14 19 710
19 14 710
15 19 645
19 15 645
15 41 874
41 15 874
15 40 359
40 15 359
15 29 298
29 15 298
15 20 748
20 15 748
15 21 996
21 15 996
15 40 845
40 15 845
15 22 600
22 15 600
15 50 156
50 15 156
15 39 235
39 15 235
15 42 677
42 15 677
15 46 493
46 15 493
15 52 124
52 15 124
15 34 383
34 15 383
15 17 494
17 15 494
15 45 785
45 15 785
15 21 796
21 15 796
15 18 420
18 15 420
15 21 163
21 15 163
16 51 879
51 16 879
16 52 438
52 16 438
16 34 306
34 16 306
16 40 826
40 16 826
16 24 624
24 16 624
16 48 839
48 16 839
16 23 298
23 16 298
16 36 74
36 16 74
16 32 905
32 16 905
16 23 222
23 16 222
16 39 192
39 16 192
16 20 767
20 16 767
16 40 490
40 16 490
17 18 990
18 17 990
17 48 883
48 17 883
17 21 52
21 17 52
17 34 119
34 17 119
17 32 357
32 17 357
17 20 112
20 17 112
17 30 135
30 17 135
17 25 422
25 17 422
17 22 464
22 17 464
17 38 205
38 17 205
17 49 402
49 17 402
17 34 382
34 17 382
17 27 657
27 17 657
17 50 585
50 17 585
18 25 48
25 18 48
18 30 163
30 18 163
18 20 390
20 18 390
18 21 282
21 18 282
18 38 656
38 18 656
18 38 976
38 18 976
18 39 947
39 18 947
18 50 227
50 18 227
18 18 733
18 18 733
18 29 915
29 18 915
18 40 861
40 18 861
18 30 496
30 18 496
18 53 222
53 18 222
18 47 592
47 18 592
18 49 898
49 18 898
18 47 65
47 18 65
18 36 579
36 18 579
18 35 53
35 18 53
18 50 170
50 18 170
18 23 772
23 18 772
19 20 225
20 19 225
19 26 708
26 19 708
19 35 200
35 19 200
19 42 263
42 19 263
19 31 821
31 19 821
19 22 802
22 19 802
19 38 855
38 19 855
19 29 108
29 19 108
19 29 102
29 19 102
19 33 812
33 19 812
19 25 485
25 19 485
19 48 385
48 19 385
19 47 365
47 19 365
19 53 440
53 19 440
19 26 300
26 19 300
19 31 555
31 19 555
19 24 772
24 19 772
19 30 376
30 19 376
19 33 152
33 19 152
19 41 445
41 19 445
19 51 351
51 19 351
19 51 668
51 19 668
19 44 72
44 19 72
19 53 660
53 19 660
19 38 933
38 19 933
19 33 785
33 19 785
20 21 787
21 20 787
20 34 696
34 20 696
20 41 420
41 20 420
20 29 540
29 20 540
20 23 358
23 20 358
20 50 682
50 20 682
20 42 982
42 20 982
20 22 493
22 20 493
20 47 662
47 20 662
20 51 785
51 20 785
20 43 462
43 20 462
20 36 947
36 20 947
20 25 557
25 20 557
20 42 921
42 20 921
21 37 118
37 21 118
21 38 535
38 21 535
21 23 682
23 21 682
21 28 523
28 21 523
21 33 731
33 21 731
21 48 378
48 21 378
21 52 155
52 21 155
21 24 618
24 21 618
21 43 407
43 21 407
21 40 904
40 21 904
21 42 944
42 21 944
21 45 168
45 21 168
21 33 206
33 21 206
21 28 423
28 21 423
21 29 129
29 21 129
21 22 268
22 21 268
21 36 259
36 21 259
21 47 413
47 21 413
21 40 580
40 21 580
21 22 299
22 21 299
21 42 513
42 21 513
21 34 458
34 21 458
21 51 684
51 21 684
21 51 980
51 21 980
22 30 724
30 22 724
22 33 842
33 22 842
22 48 230
48 22 230
22 34 940
34 22 940
22 26 664
26 22 664
22 24 917
24 22 917
22 36 947
36 22 947
22 25 985
25 22 985
22 47 183
47 22 183
22 31 953
31 22 953
22 50 647
50 22 647
22 35 845
35 22 845
23 47 669
47 23 669
23 49 483
49 23 483
23 31 388
31 23 388
23 32 711
32 23 711
23 29 664
29 23 664
23 31 823
31 23 823
23 24 560
24 23 560
23 41 111
41 23 111
23 36 126
36 23 126
23 27 669
27 23 669
23 28 179
28 23 179
23 43 956
43 23 956
23 45 316
45 23 316
23 30 279
30 23 279
24 31 890
31 24 890
24 46 386
46 24 386
24 45 589
45 24 589
24 41 978
41 24 978
24 30 786
30 24 786
24 27 752
27 24 752
24 50 430
50 24 430
24 50 806
50 24 806
24 36 979
36 24 979
24 41 955
41 24 955
24 40 476
40 24 476
24 49 685
49 24 685
24 38 341
38 24 341
24 26 127
26 24 127
24 27 391
27 24 391
24 26 401
26 24 401
25 27 212
27 25 212
25 46 889
46 25 889
25 52 552
52 25 552
25 45 797
45 25 797
25 31 413
31 25 413
25 49 387
49 25 387
25 34 40
34 25 40
25 49 591
49 25 591
25 42 860
42 25 860
25 52 642
52 25 642
25 28 323
28 25 323
25 26 19
26 25 19
25 35 920
35 25 920
26 46 988
46 26 988
26 46 440
46 26 440
26 39 313
39 26 313
26 33 432
33 26 432
26 41 533
41 26 533
26 33 240
33 26 240
26 40 696
40 26 696
26 33 134
33 26 134
26 29 348
29 26 348
26 48 663
48 26 663
26 35 645
35 26 645
26 28 563
28 26 563
26 27 149
27 26 149
27 30 580
30 27 580
27 33 141
33 27 141
27 53 314
53 27 314
27 46 308
46 27 308
27 51 715
51 27 715
27 32 104
32 27 104
27 41 410
41 27 410
27 46 514
46 27 514
27 49 285
49 27 285
27 33 678
33 27 678
27 31 568
31 27 568
27 49 413
49 27 413
28 50 802
50 28 802
28 49 944
49 28 944
28 37 703
37 28 703
28 38 830
38 28 830
28 41 443
41 28 443
28 35 31
35 28 31
28 36 60
36 28 60
28 46 264
46 28 264
28 45 838
45 28 838
28 44 87
44 28 87
28 43 273
43 28 273
28 40 731
40 28 731
29 42 616
42 29 616
29 48 54
48 29 54
29 51 893
51 29 893
29 42 867
42 29 867
29 51 568
51 29 568
29 44 197
44 29 197
29 49 476
49 29 476
29 38 527
38 29 527
29 50 270
50 29 270
29 45 369
45 29 369
29 39 275
39 29 275
29 48 903
48 29 903
29 46 493
46 29 493
29 47 23
47 29 23
30 40 577
40 30 577
30 33 35
33 30 35
30 49 444
49 30 444
30 49 725
49 30 725
30 32 662
32 30 662
30 36 508
36 30 508
30 33 300
33 30 300
30 52 769
52 30 769
30 33 52
33 30 52
30 45 615
45 30 615
30 52 90
52 30 90
31 52 16
52 31 16
31 37 174
37 31 174
31 32 151
32 31 151
31 42 221
42 31 221
31 46 585
46 31 585
31 40 280
40 31 280
31 43 365
43 31 365
31 39 240
39 31 240
31 31 417
31 31 417
31 42 117
42 31 117
32 45 851
45 32 851
32 49 37
49 32 37
32 50 952
50 32 952
32 53 626
53 32 626
32 49 240
49 32 240
32 52 611
52 32 611
32 44 387
44 32 387
32 46 113
46 32 113
32 50 585
50 32 585
32 43 374
43 32 374
32 33 243
33 32 243
32 35 950
35 32 950
32 41 411
41 32 411
32 53 451
53 32 451
33 41 351
41 33 351
33 48 89
48 33 89
33 40 254
40 33 254
33 40 831
40 33 831
33 43 724
43 33 724
33 35 632
35 33 632
33 41 518
41 33 518
33 42 451
42 33 451
33 40 86
40 33 86
33 46 717
46 33 717
33 45 981
45 33 981
33 43 566
43 33 566
33 36 620
36 33 620
33 34 755
34 33 755
33 45 262
45 33 262
33 34 832
34 33 832
34 38 322
38 34 322
34 42 770
42 34 770
34 47 313
47 34 313
34 44 474
44 34 474
34 37 472
37 34 472
34 48 777
48 34 777
34 35 66
35 34 66
34 46 28
46 34 28
34 34 100
34 34 100
34 47 984
47 34 984
34 40 934
40 34 934
34 40 249
40 34 249
34 51 926
51 34 926
34 50 453
50 34 453
34 49 23
49 34 23
34 46 984
46 34 984
34 51 499
51 34 499
34 51 283
51 34 283
35 35 113
35 35 113
35 42 175
42 35 175
35 50 134
50 35 134
35 41 801
41 35 801
35 37 199
37 35 199
35 51 508
51 35 508
35 39 87
39 35 87
36 47 878
47 36 878
36 43 697
43 36 697
36 43 741
43 36 741
36 51 415
51 36 415
36 45 740
45 36 740
36 44 38
44 36 38
37 48 290
48 37 290
37 53 386
53 37 386
37 43 313
43 37 313
37 42 179
42 37 179
37 48 157
48 37 157
37 53 72
53 37 72
37 47 937
47 37 937
37 40 56
40 37 56
38 39 369
39 38 369
38 43 502
43 38 502
38 43 667
43 38 667
38 43 61
43 38 61
38 51 360
51 38 360
38 42 337
42 38 337
39 50 363
50 39 363
39 40 142
40 39 142
39 52 586
52 39 586
39 51 444
51 39 444
39 45 543
45 39 543
40 53 901
53 40 901
40 51 603
51 40 603
40 41 658
41 40 658
40 43 160
43 40 160
40 44 949
44 40 949
40 45 208
45 40 208
40 44 612
44 40 612
41 44 373
44 41 373
41 44 752
44 41 752
41 53 912
53 41 912
41 53 585
53 41 585
41 44 363
44 41 363
41 43 27
43 41 27
41 44 991
44 41 991
41 43 701
43 41 701
42 46 894
46 42 894
42 51 591
51 42 591
42 51 246
51 42 246
42 46 238
46 42 238
42 47 675
47 42 675
42 42 259
42 42 259
42 47 416
47 42 416
43 49 103
49 43 103
43 50 512
50 43 512
43 48 869
48 43 869
43 46 304
46 43 304
43 47 267
47 43 267
44 45 198
45 44 198
44 48 942
48 44 942
44 46 778
46 44 778
44 52 224
52 44 224
44 47 679
47 44 679
45 46 164
46 45 164
45 47 189
47 45 189
45 47 633
47 45 633
45 47 489
47 45 489
46 47 878
47 46 878
46 47 303
47 46 303
46 52 555
52 46 555
46 53 112
53 46 112
47 50 526
50 47 526
47 48 194
48 47 194
47 49 834
49 47 834
47 49 238
49 47 238
47 51 844
51 47 844
47 52 228
52 47 228
47 51 86
51 47 86
47 52 701
52 47 701
49 52 984
52 49 984
49 53 139
53 49 139
49 52 619
52 49 619
49 53 249
53 49 249
50 51 127
51 50 127
50 51 606
51 50 606
51 51 193
51 51 193
52 52 464
52 52 464
