85

0 1 949
1 0 949
0 2 308
2 0 308
0 8 54
8 0 54
0 14 320
14 0 320
0 22 848
22 0 848
0 47 293
47 0 293
0 0 464
0 0 464
1 23 302
23 1 302
1 55 857
55 1 857
1 72 822
72 1 822
1 29 370
29 1 370
2 3 951
3 2 951
2 4 901
4 2 901
2 6 52
6 2 52
2 41 774
41 2 774
2 56 875
56 2 875
2 15 47
15 2 47
2 46 96
46 2 96
2 25 91
25 2 91
2 59 964
59 2 964
3 5 99
5 3 99
3 7 503
7 3 503
3 15 9
15 3 9
3 5 189
5 3 189
3 51 524
51 3 524
4 21 707
21 4 707
4 31 686
31 4 686
4 68 939
68 4 939
4 51 251
51 4 251
4 32 118
32 4 118
4 9 136
9 4 136
4 61 503
61 4 503
4 9 564
9 4 564
5 45 182
45 5 182
5 48 252
48 5 252
5 52 872
52 5 872
5 71 247
71 5 247
5 10 241
10 5 241
5 61 328
61 5 328
6 9 515
9 6 515
6 10 918
10 6 918
6 11 405
11 6 405
6 13 669
13 6 669
6 35 299
35 6 299
7 12 532
12 7 532
7 18 577
18 7 577
7 25 866
25 7 866
7 39 997
39 7 997
7 31 795
31 7 795
7 77 850
77 7 850
8 20 111
20 8 111
8 34 757
34 8 757
8 35 24
35 8 24
8 68 746
68 8 746
9 16 920
16 9 920
9 66 609
66 9 609
10 24 660
24 10 660
10 42 485
42 10 485
10 71 816
71 10 816
10 54 269
54 10 269
11 65 163
65 11 163
12 45 140
45 12 140
12 33 868
33 12 868
12 20 664
20 12 664
12 14 7
14 12 7
13 15 550
15 13 550
13 80 884
80 13 884
13 74 558
74 13 558
14 58 697
58 14 697
14 48 874
48 14 874
14 58 547
58 14 547
14 79 216
79 14 216
14 14 612
14 14 612
14 40 547
40 14 547
15 17 470
17 15 470
15 32 942
32 15 942
15 40 428
40 15 428
15 49 87
49 15 87
16 26 778
26 16 778
16 31 80
31 16 80
16 32 188
32 16 188
16 55 304
55 16 304
16 20 82
20 16 82
16 78 972
78 16 972
17 19 714
19 17 714
18 33 970
33 18 970
18 60 227
60 18 227
19 28 775
28 19 775
19 60 664
60 19 664
19 65 273
65 19 273
19 44 595
44 19 595
20 29 572
29 20 572
20 38 745
38 20 745
20 65 836
65 20 836
21 76 246
76 21 246
21 43 55
43 21 55
22 47 342
47 22 342
22 61 108
61 22 108
22 63 184
63 22 184
22 65 50
65 22 50
23 44 120
44 23 120
23 68 286
68 23 286
23 35 827
35 23 827
24 47 738
47 24 738
24 49 427
49 24 427
25 27 339
27 25 339
25 33 948
33 25 948
25 74 410
74 25 410
25 74 975
74 25 975
25 45 876
45 25 876
25 28 396
28 25 396
25 66 776
66 25 776
26 57 390
57 26 390
26 84 925
84 26 925
27 32 645
32 27 645
27 54 989
54 27 989
28 30 189
30 28 189
28 50 973
50 28 973
28 50 271
50 28 271
29 40 641
40 29 641
29 34 155
34 29 155
29 75 663
75 29 663
29 70 551
70 29 551
30 36 921
36 30 921
30 37 584
37 30 584
30 71 867
71 30 867
31 60 363
60 31 363
31 39 899
39 31 899
32 43 890
43 32 890
32 73 645
73 32 645
32 40 677
40 32 677
32 64 919
64 32 919
33 46 800
46 33 800
34 46 199
46 34 199
35 51 125
51 35 125
35 65 535
65 35 535
35 82 827
82 35 827
35 77 306
77 35 306
35 66 462
66 35 462
35 47 434
47 35 434
36 38 711
38 36 711
36 61 119
61 36 119
36 64 356
64 36 356
36 40 560
40 36 560
37 49 898
49 37 898
37 43 780
43 37 780
38 54 216
54 38 216
38 40 398
40 38 398
39 53 449
53 39 449
39 81 672
81 39 672
39 58 709
58 39 709
39 82 762
82 39 762
39 63 242
63 39 242
40 50 947
50 40 947
40 59 255
59 40 255
40 52 108
52 40 108
40 80 389
80 40 389
41 44 734
44 41 734
41 66 44
66 41 44
41 60 200
60 41 200
41 52 695
52 41 695
42 60 160
60 42 160
43 79 316
79 43 316
45 69 964
69 45 964
45 70 763
70 45 763
45 84 951
84 45 951
46 78 932
78 46 932
46 47 466
47 46 466
46 47 682
47 46 682
49 53 809
53 49 809
50 76 601
76 50 601
50 55 536
55 50 536
51 62 631
62 51 631
51 75 672
75 51 672
51 79 423
79 51 423
51 59 103
59 51 103
52 73 435
73 52 435
53 78 135
78 53 135
53 63 635
63 53 635
54 69 788
69 54 788
55 64 596
64 55 596
55 67 229
67 55 229
55 70 714
70 55 714
56 62 554
62 56 554
57 62 530
62 57 530
57 80 486
80 57 486
58 77 75
77 58 75
61 83 562
83 61 562
61 67 473
67 61 473
63 80 101
80 63 101
64 82 852
82 64 852
66 67 776
67 66 776
66 77 447
77 66 447
66 67 846
67 66 846
67 83 481
83 67 481
67 81 558
81 67 558
68 73 479
73 68 479
71 71 672
71 71 672
73 77 43
77 73 43
75 84 304
84 75 304
77 78 917
78 77 917
