15

0 1 54
1 0 54
0 2 856
2 0 856
0 3 26
3 0 26
0 2 778
2 0 778
0 8 392
8 0 392
0 8 569
8 0 569
1 8 271
8 1 271
1 3 122
3 1 122
1 10 748
10 1 748
2 4 604
4 2 604
2 6 459
6 2 459
2 13 797
13 2 797
2 11 142
11 2 142
2 13 183
13 2 183
3 5 37
5 3 37
3 9 572
9 3 572
3 5 785
5 3 785
3 13 194
13 3 194
3 8 928
8 3 928
4 7 467
7 4 467
4 4 191
4 4 191
4 13 543
13 4 543
4 11 254
11 4 254
5 8 166
8 5 166
5 6 564
6 5 564
5 6 907
6 5 907
5 10 532
10 5 532
5 12 422
12 5 422
5 6 530
6 5 530
6 11 444
11 6 444
6 12 254
12 6 254
6 11 562
11 6 562
7 7 982
7 7 982
8 9 900
9 8 900
8 10 541
10 8 541
8 12 6
12 8 6
8 8 311
8 8 311
8 13 636
13 8 636
8 9 644
9 8 644
9 12 394
12 9 394
11 14 505
14 11 505
11 12 320
12 11 320
12 14 945
14 12 945
