34

0 1 498
1 0 498
0 33 540
33 0 540
0 20 937
20 0 937
0 12 844
12 0 844
0 17 395
17 0 395
1 2 133
2 1 133
1 4 157
4 1 157
1 6 489
6 1 489
1 7 706
7 1 706
1 12 358
12 1 358
1 16 987
16 1 987
1 18 539
18 1 539
1 25 587
25 1 587
1 3 601
3 1 601
2 3 934
3 2 934
2 5 662
5 2 662
2 15 353
15 2 353
2 23 691
23 2 691
2 12 856
12 2 856
3 15 161
15 3 161
3 31 859
31 3 859
3 8 588
8 3 588
3 14 652
14 3 652
4 11 78
11 4 78
4 28 380
28 4 380
5 13 79
13 5 79
5 5 295
5 5 295
5 22 710
22 5 710
5 31 727
31 5 727
6 9 17
9 6 17
6 30 383
30 6 383
6 32 870
32 6 870
6 13 476
13 6 476
6 11 472
11 6 472
6 25 275
25 6 275
6 30 661
30 6 661
7 8 379
8 7 379
7 10 287
10 7 287
7 14 83
14 7 83
7 25 870
25 7 870
7 10 801
10 7 801
8 28 830
28 8 830
8 21 679
21 8 679
8 29 153
29 8 153
9 24 348
24 9 348
9 29 117
29 9 117
9 15 895
15 9 895
10 20 609
20 10 609
10 27 33
27 10 33
10 14 573
14 10 573
10 12 556
12 10 556
10 31 475
31 10 475
11 25 95
25 11 95
12 19 253
19 12 253
12 16 29
16 12 29
12 16 996
16 12 996
13 33 219
33 13 219
14 21 509
21 14 509
14 22 710
22 14 710
15 17 353
17 15 353
15 20 801
20 15 801
15 30 441
30 15 441
15 31 581
31 15 581
16 23 49
23 16 49
16 31 854
31 16 854
16 19 754
19 16 754
16 19 697
19 16 697
16 32 623
32 16 623
17 22 691
22 17 691
17 26 555
26 17 555
17 31 155
31 17 155
18 21 213
21 18 213
20 20 611
20 20 611
22 29 428
29 22 428
23 26 179
26 23 179
23 24 191
24 23 191
25 25 93
25 25 93
28 33 501
33 28 501
