99

0 1 967
1 0 967
0 5 77
5 0 77
0 15 38
15 0 38
0 45 322
45 0 322
0 55 254
55 0 254
0 79 304
79 0 304
0 95 647
95 0 647
0 81 516
81 0 516
0 52 283
52 0 283
0 5 24
5 0 24
0 33 425
33 0 425
1 2 531
2 1 531
1 3 665
3 1 665
1 21 669
21 1 669
1 25 742
25 1 742
1 98 80
98 1 80
1 46 210
46 1 210
1 13 592
13 1 592
1 98 157
98 1 157
1 34 813
34 1 813
1 16 706
16 1 706
1 84 731
84 1 731
1 43 619
43 1 619
1 50 689
50 1 689
2 4 420
4 2 420
2 6 483
6 2 483
2 7 188
7 2 188
2 96 424
96 2 424
2 28 189
28 2 189
2 79 750
79 2 750
2 52 951
52 2 951
2 17 320
17 2 320
2 75 211
75 2 211
2 73 640
73 2 640
2 51 161
51 2 161
2 64 884
64 2 884
2 8 970
8 2 970
2 61 697
61 2 697
2 45 200
45 2 200
2 89 450
89 2 450
3 39 977
39 3 977
3 69 987
69 3 987
3 20 71
20 3 71
3 47 282
47 3 282
3 32 76
32 3 76
3 49 510
49 3 510
3 82 713
82 3 713
3 7 336
7 3 336
3 20 480
20 3 480
3 16 800
16 3 800
4 13 118
13 4 118
4 19 377
19 4 377
4 58 53
58 4 53
4 76 751
76 4 751
4 48 86
48 4 86
4 95 336
95 4 336
4 94 519
94 4 519
4 51 93
51 4 93
4 58 33
58 4 33
4 23 466
23 4 466
4 89 311
89 4 311
4 45 737
45 4 737
4 4 308
4 4 308
5 8 178
8 5 178
5 10 592
10 5 592
5 11 81
11 5 81
5 24 434
24 5 434
5 28 743
28 5 743
5 32 8
32 5 8
5 68 513
68 5 513
5 89 929
89 5 929
5 31 783
31 5 783
5 70 560
70 5 560
5 29 858
29 5 858
6 19 531
19 6 531
6 53 58
53 6 58
6 53 280
53 6 280
6 12 827
12 6 827
6 74 109
74 6 109
6 94 408
94 6 408
6 60 397
60 6 397
6 55 220
55 6 220
6 81 78
81 6 78
6 85 989
85 6 989
6 59 190
59 6 190
6 10 753
10 6 753
6 8 206
8 6 206
6 54 342
54 6 342
7 18 914
18 7 914
7 35 321
35 7 321
7 76 451
76 7 451
7 30 861
30 7 861
7 53 364
53 7 364
7 94 229
94 7 229
7 15 425
15 7 425
7 27 167
27 7 167
7 63 251
63 7 251
7 25 470
25 7 470
7 66 703
66 7 703
7 48 284
48 7 284
7 93 101
93 7 101
7 48 882
48 7 882
8 9 542
9 8 542
8 14 96
14 8 96
8 38 446
38 8 446
8 75 300
75 8 300
8 79 285
79 8 285
8 59 46
59 8 46
8 52 20
52 8 20
8 13 465
13 8 465
8 44 50
44 8 50
8 72 827
72 8 827
8 11 72
11 8 72
8 92 196
92 8 196
8 52 174
52 8 174
8 66 542
66 8 542
9 12 451
12 9 451
9 17 693
17 9 693
9 53 239
53 9 239
9 39 334
39 9 334
9 19 898
19 9 898
9 10 414
10 9 414
9 84 914
84 9 914
9 65 2
65 9 2
9 24 833
24 9 833
9 16 436
16 9 436
9 89 183
89 9 183
9 52 104
52 9 104
10 44 967
44 10 967
10 55 704
55 10 704
10 52 369
52 10 369
10 73 668
73 10 668
10 87 104
87 10 104
10 71 739
71 10 739
10 42 113
42 10 113
10 92 676
92 10 676
10 74 221
74 10 221
10 71 616
71 10 616
10 24 982
24 10 982
11 53 221
53 11 221
11 81 801
81 11 801
11 13 343
13 11 343
11 16 125
16 11 125
11 85 578
85 11 578
12 29 72
29 12 72
12 49 760
49 12 760
12 56 532
56 12 532
12 58 60
58 12 60
12 26 60
26 12 60
12 58 397
58 12 397
12 30 976
30 12 976
12 78 402
78 12 402
12 15 649
15 12 649
12 56 770
56 12 770
12 33 108
33 12 108
12 46 734
46 12 734
12 67 70
67 12 70
12 41 690
41 12 690
12 93 778
93 12 778
13 16 735
16 13 735
13 64 166
64 13 166
13 19 685
19 13 685
13 83 204
83 13 204
13 37 204
37 13 204
13 90 591
90 13 591
13 41 455
41 13 455
13 87 851
87 13 851
13 87 915
87 13 915
13 39 790
39 13 790
13 44 805
44 13 805
13 58 905
58 13 905
13 14 124
14 13 124
14 33 615
33 14 615
14 34 662
34 14 662
14 68 344
68 14 344
14 74 348
74 14 348
14 93 5
93 14 5
14 17 238
17 14 238
14 95 524
95 14 524
14 84 874
84 14 874
14 48 223
48 14 223
15 23 292
23 15 292
15 90 761
90 15 761
15 57 285
57 15 285
15 51 49
51 15 49
15 76 103
76 15 103
15 37 528
37 15 528
15 40 834
40 15 834
15 69 214
69 15 214
15 76 518
76 15 518
15 68 742
68 15 742
15 44 387
44 15 387
15 96 356
96 15 356
15 54 285
54 15 285
16 22 626
22 16 626
16 66 544
66 16 544
16 87 561
87 16 561
16 53 776
53 16 776
16 83 691
83 16 691
16 82 356
82 16 356
16 96 739
96 16 739
16 47 539
47 16 539
16 24 643
24 16 643
16 30 46
30 16 46
16 47 778
47 16 778
17 46 970
46 17 970
17 23 672
23 17 672
17 81 329
81 17 329
17 71 475
71 17 475
17 72 679
72 17 679
17 23 641
23 17 641
18 20 943
20 18 943
18 49 354
49 18 354
18 72 914
72 18 914
18 33 439
33 18 439
18 63 218
63 18 218
19 26 871
26 19 871
19 27 363
27 19 363
19 84 254
84 19 254
19 75 86
75 19 86
19 40 441
40 19 441
19 41 840
41 19 840
19 77 482
77 19 482
20 48 524
48 20 524
20 57 288
57 20 288
20 46 75
46 20 75
20 44 48
44 20 48
20 32 366
32 20 366
20 96 370
96 20 370
20 68 857
68 20 857
20 65 963
65 20 963
20 44 187
44 20 187
21 96 685
96 21 685
21 34 508
34 21 508
21 50 353
50 21 353
21 24 136
24 21 136
21 62 916
62 21 916
21 83 707
83 21 707
21 53 722
53 21 722
21 64 598
64 21 598
21 49 479
49 21 479
21 71 542
71 21 542
22 43 10
43 22 10
22 47 679
47 22 679
22 96 621
96 22 621
22 41 664
41 22 664
22 94 863
94 22 863
22 48 433
48 22 433
22 98 145
98 22 145
22 98 700
98 22 700
22 29 884
29 22 884
22 38 1
38 22 1
23 36 780
36 23 780
23 83 295
83 23 295
23 80 547
80 23 547
23 72 831
72 23 831
23 81 510
81 23 510
23 26 28
26 23 28
23 41 753
41 23 753
23 42 389
42 23 389
23 46 662
46 23 662
23 94 296
94 23 296
23 59 712
59 23 712
23 51 114
51 23 114
23 89 135
89 23 135
23 44 787
44 23 787
24 90 17
90 24 17
24 93 701
93 24 701
24 79 375
79 24 375
25 30 486
30 25 486
25 40 756
40 25 756
25 98 463
98 25 463
25 44 747
44 25 747
25 89 424
89 25 424
25 54 293
54 25 293
25 98 67
98 25 67
25 37 890
37 25 890
26 33 648
33 26 648
26 94 290
94 26 290
26 36 910
36 26 910
26 68 452
68 26 452
27 41 79
41 27 79
27 61 427
61 27 427
27 70 834
70 27 834
27 82 476
82 27 476
27 97 820
97 27 820
27 85 215
85 27 215
27 90 338
90 27 338
27 80 494
80 27 494
27 93 415
93 27 415
28 31 740
31 28 740
28 42 131
42 28 131
28 55 228
55 28 228
28 35 895
35 28 895
28 59 279
59 28 279
28 38 439
38 28 439
28 62 266
62 28 266
28 88 520
88 28 520
28 62 250
62 28 250
28 30 505
30 28 505
28 79 172
79 28 172
29 66 74
66 29 74
29 35 594
35 29 594
29 70 93
70 29 93
29 75 882
75 29 882
29 54 336
54 29 336
29 73 705
73 29 705
30 60 508
60 30 508
30 31 804
31 30 804
30 43 114
43 30 114
30 91 640
91 30 640
30 43 67
43 30 67
31 79 884
79 31 884
31 51 209
51 31 209
31 82 925
82 31 925
31 59 929
59 31 929
31 97 419
97 31 419
32 37 30
37 32 30
32 74 601
74 32 601
32 59 188
59 32 188
32 38 578
38 32 578
32 46 929
46 32 929
32 33 522
33 32 522
32 48 957
48 32 957
32 36 213
36 32 213
32 68 775
68 32 775
32 91 922
91 32 922
33 54 159
54 33 159
33 62 499
62 33 499
33 66 269
66 33 269
33 91 537
91 33 537
33 58 834
58 33 834
33 93 698
93 33 698
33 63 484
63 33 484
33 54 464
54 33 464
34 94 948
94 34 948
34 66 406
66 34 406
34 55 541
55 34 541
34 46 796
46 34 796
35 89 176
89 35 176
35 60 447
60 35 447
35 79 439
79 35 439
35 47 455
47 35 455
36 72 708
72 36 708
36 66 748
66 36 748
36 52 46
52 36 46
36 67 565
67 36 565
36 85 169
85 36 169
36 78 654
78 36 654
37 76 156
76 37 156
37 52 281
52 37 281
37 39 85
39 37 85
37 63 91
63 37 91
37 85 129
85 37 129
38 73 728
73 38 728
38 82 827
82 38 827
38 77 838
77 38 838
39 83 367
83 39 367
39 81 332
81 39 332
39 89 831
89 39 831
39 58 45
58 39 45
39 98 307
98 39 307
39 68 899
68 39 899
39 77 165
77 39 165
39 82 477
82 39 477
39 82 543
82 39 543
40 55 877
55 40 877
40 87 182
87 40 182
40 56 908
56 40 908
40 89 150
89 40 150
40 62 805
62 40 805
41 50 709
50 41 709
41 82 501
82 41 501
41 97 789
97 41 789
41 56 221
56 41 221
42 97 83
97 42 83
42 52 306
52 42 306
42 90 645
90 42 645
42 89 634
89 42 634
42 49 675
49 42 675
42 80 728
80 42 728
42 96 490
96 42 490
42 84 504
84 42 504
42 96 589
96 42 589
42 98 301
98 42 301
43 46 867
46 43 867
43 57 683
57 43 683
43 56 205
56 43 205
43 96 974
96 43 974
43 93 358
93 43 358
43 68 983
68 43 983
44 88 974
88 44 974
44 91 546
91 44 546
44 82 140
82 44 140
44 45 506
45 44 506
44 66 845
66 44 845
44 64 154
64 44 154
44 80 511
80 44 511
45 59 476
59 45 476
45 80 683
80 45 683
45 90 652
90 45 652
45 79 72
79 45 72
45 83 184
83 45 184
45 98 624
98 45 624
45 48 734
48 45 734
45 54 941
54 45 941
45 94 670
94 45 670
46 52 317
52 46 317
46 64 383
64 46 383
46 68 158
68 46 158
46 82 547
82 46 547
46 87 601
87 46 601
46 88 465
88 46 465
46 68 803
68 46 803
46 74 290
74 46 290
47 92 332
92 47 332
47 68 313
68 47 313
47 75 473
75 47 473
47 90 622
90 47 622
48 77 331
77 48 331
48 92 904
92 48 904
48 58 805
58 48 805
48 80 430
80 48 430
48 53 224
53 48 224
49 51 614
51 49 614
49 54 101
54 49 101
49 59 465
59 49 465
49 50 416
50 49 416
49 79 642
79 49 642
49 53 93
53 49 93
49 55 465
55 49 465
49 54 54
54 49 54
49 60 787
60 49 787
50 97 282
97 50 282
50 77 214
77 50 214
50 72 427
72 50 427
50 52 413
52 50 413
50 63 623
63 50 623
50 54 141
54 50 141
50 68 77
68 50 77
51 63 484
63 51 484
51 62 805
62 51 805
51 52 32
52 51 32
51 80 963
80 51 963
51 56 214
56 51 214
51 66 181
66 51 181
51 95 851
95 51 851
52 95 783
95 52 783
52 88 93
88 52 93
52 58 56
58 52 56
53 91 400
91 53 400
53 94 687
94 53 687
53 74 795
74 53 795
53 93 118
93 53 118
54 71 283
71 54 283
54 68 950
68 54 950
54 63 383
63 54 383
54 90 143
90 54 143
54 97 283
97 54 283
54 92 848
92 54 848
54 70 817
70 54 817
54 86 741
86 54 741
54 68 764
68 54 764
55 80 633
80 55 633
55 83 992
83 55 992
55 92 341
92 55 341
56 65 880
65 56 880
56 94 569
94 56 569
56 80 717
80 56 717
57 82 146
82 57 146
57 61 730
61 57 730
57 73 957
73 57 957
57 90 549
90 57 549
57 78 263
78 57 263
57 76 767
76 57 767
57 97 356
97 57 356
58 71 507
71 58 507
58 79 653
79 58 653
58 86 92
86 58 92
59 92 257
92 59 257
59 73 256
73 59 256
59 79 602
79 59 602
59 92 712
92 59 712
60 70 503
70 60 503
61 81 976
81 61 976
61 79 299
79 61 299
61 77 468
77 61 468
61 84 374
84 61 374
61 62 872
62 61 872
62 80 135
80 62 135
62 70 439
70 62 439
62 64 577
64 62 577
62 78 699
78 62 699
63 94 897
94 63 897
63 74 904
74 63 904
63 71 342
71 63 342
63 77 193
77 63 193
63 81 670
81 63 670
63 77 560
77 63 560
64 67 196
67 64 196
64 70 456
70 64 456
64 93 148
93 64 148
64 77 638
77 64 638
64 72 592
72 64 592
65 88 506
88 65 506
65 88 983
88 65 983
65 82 278
82 65 278
65 93 216
93 65 216
65 67 811
67 65 811
65 93 361
93 65 361
65 86 514
86 65 514
66 86 451
86 66 451
66 84 643
84 66 643
66 86 39
86 66 39
66 75 108
75 66 108
66 86 429
86 66 429
66 73 4
73 66 4
66 97 330
97 66 330
66 85 888
85 66 888
66 73 124
73 66 124
67 78 116
78 67 116
67 87 54
87 67 54
67 95 840
95 67 840
67 94 587
94 67 587
67 82 185
82 67 185
68 88 590
88 68 590
68 69 938
69 68 938
68 74 261
74 68 261
69 85 423
85 69 423
69 82 867
82 69 867
69 89 609
89 69 609
70 97 210
97 70 210
70 73 955
73 70 955
70 75 513
75 70 513
70 86 133
86 70 133
71 78 552
78 71 552
72 89 576
89 72 576
72 90 608
90 72 608
73 83 924
83 73 924
73 89 833
89 73 833
74 91 673
91 74 673
75 93 270
93 75 270
75 90 470
90 75 470
75 97 273
97 75 273
75 82 646
82 75 646
75 96 851
96 75 851
76 87 395
87 76 395
76 87 397
87 76 397
77 89 16
89 77 16
77 91 578
91 77 578
78 84 853
84 78 853
78 98 665
98 78 665
78 96 990
96 78 990
79 93 883
93 79 883
80 92 727
92 80 727
80 91 230
91 80 230
80 84 721
84 80 721
80 83 721
83 80 721
81 95 889
95 81 889
81 84 637
84 81 637
82 96 257
96 82 257
84 88 160
88 84 160
84 95 169
95 84 169
85 93 204
93 85 204
85 85 505
85 85 505
86 88 94
88 86 94
87 96 270
96 87 270
87 95 513
95 87 513
87 90 897
90 87 897
87 92 459
92 87 459
87 87 943
87 87 943
87 89 896
89 87 896
87 92 389
92 87 389
88 96 20
96 88 20
91 92 867
92 91 867
92 98 900
98 92 900
92 95 929
95 92 929
93 98 635
98 93 635
