31

0 1 411
1 0 411
0 16 272
16 0 272
0 18 951
18 0 951
0 20 334
20 0 334
0 30 63
30 0 63
0 23 15
23 0 15
0 22 125
22 0 125
0 15 743
15 0 743
0 30 609
30 0 609
0 18 607
18 0 607
0 17 135
17 0 135
0 1 887
1 0 887
0 25 527
25 0 527
0 13 30
13 0 30
0 23 250
23 0 250
0 27 95
27 0 95
0 2 915
2 0 915
0 30 465
30 0 465
1 2 681
2 1 681
1 4 603
4 1 603
1 7 107
7 1 107
1 9 360
9 1 360
1 12 648
12 1 648
1 21 950
21 1 950
1 4 186
4 1 186
1 19 196
19 1 196
1 3 58
3 1 58
1 26 637
26 1 637
2 3 974
3 2 974
2 6 496
6 2 496
2 2 943
2 2 943
2 29 781
29 2 781
2 27 834
27 2 834
2 21 712
21 2 712
2 12 203
12 2 203
2 23 945
23 2 945
2 18 638
18 2 638
2 12 516
12 2 516
2 15 182
15 2 182
2 4 931
4 2 931
3 5 591
5 3 591
3 6 373
6 3 373
3 8 985
8 3 985
3 11 702
11 3 702
3 14 458
14 3 458
3 15 806
15 3 806
3 23 378
23 3 378
3 16 287
16 3 287
3 9 930
9 3 930
3 20 231
20 3 231
3 13 346
13 3 346
3 8 150
8 3 150
3 27 274
27 3 274
3 23 91
23 3 91
3 20 145
20 3 145
3 20 751
20 3 751
3 17 412
17 3 412
3 7 11
7 3 11
4 25 132
25 4 132
4 30 406
30 4 406
4 17 516
17 4 516
4 25 919
25 4 919
4 8 441
8 4 441
4 16 381
16 4 381
4 18 355
18 4 355
4 11 361
11 4 361
4 19 85
19 4 85
5 14 707
14 5 707
5 21 882
21 5 882
5 12 30
12 5 30
5 13 859
13 5 859
5 17 703
17 5 703
5 30 883
30 5 883
5 12 62
12 5 62
5 19 773
19 5 773
6 10 561
10 6 561
6 7 995
7 6 995
6 22 187
22 6 187
6 16 101
16 6 101
6 10 601
10 6 601
7 10 69
10 7 69
7 22 320
22 7 320
7 24 880
24 7 880
7 28 714
28 7 714
7 23 895
23 7 895
7 10 938
10 7 938
7 18 321
18 7 321
7 19 228
19 7 228
7 7 4
7 7 4
7 29 931
29 7 931
7 14 23
14 7 23
8 17 938
17 8 938
8 25 128
25 8 128
8 15 874
15 8 874
8 17 921
17 8 921
8 13 672
13 8 672
8 21 303
21 8 303
8 20 988
20 8 988
8 30 885
30 8 885
8 20 831
20 8 831
9 30 406
30 9 406
9 18 797
18 9 797
9 25 220
25 9 220
9 11 290
11 9 290
9 23 738
23 9 738
9 17 787
17 9 787
9 13 110
13 9 110
9 21 585
21 9 585
9 20 844
20 9 844
9 22 9
22 9 9
9 24 835
24 9 835
10 11 783
11 10 783
10 20 748
20 10 748
10 28 550
28 10 550
10 24 175
24 10 175
10 25 966
25 10 966
10 26 676
26 10 676
10 17 462
17 10 462
10 14 249
14 10 249
10 29 510
29 10 510
11 24 569
24 11 569
11 19 89
19 11 89
11 17 708
17 11 708
11 29 730
29 11 730
11 30 143
30 11 143
11 19 293
19 11 293
11 23 411
23 11 411
11 30 557
30 11 557
12 13 396
13 12 396
12 30 445
30 12 445
12 25 621
25 12 621
12 28 981
28 12 981
12 15 388
15 12 388
12 18 537
18 12 537
12 19 151
19 12 151
12 18 342
18 12 342
12 19 562
19 12 562
12 22 815
22 12 815
12 21 485
21 12 485
12 16 458
16 12 458
13 21 640
21 13 640
13 29 590
29 13 590
13 13 18
13 13 18
13 20 876
20 13 876
13 23 766
23 13 766
13 26 227
26 13 227
13 23 936
23 13 936
13 23 788
23 13 788
13 18 924
18 13 924
13 18 765
18 13 765
13 17 833
17 13 833
14 16 555
16 14 555
14 26 798
26 14 798
14 23 838
23 14 838
14 26 299
26 14 299
14 29 798
29 14 798
14 27 621
27 14 621
14 28 575
28 14 575
14 17 823
17 14 823
14 29 8
29 14 8
15 20 262
20 15 262
15 19 746
19 15 746
15 20 706
20 15 706
15 21 223
21 15 223
15 23 862
23 15 862
15 24 257
24 15 257
15 22 606
22 15 606
16 30 167
30 16 167
16 30 215
30 16 215
16 24 585
24 16 585
16 18 839
18 16 839
16 29 913
29 16 913
16 28 815
28 16 815
16 18 518
18 16 518
17 21 378
21 17 378
17 30 463
30 17 463
17 29 950
29 17 950
17 21 959
21 17 959
17 26 870
26 17 870
17 26 882
26 17 882
18 19 776
19 18 776
18 19 616
19 18 616
18 25 400
25 18 400
18 21 282
21 18 282
18 20 365
20 18 365
18 21 470
21 18 470
19 29 338
29 19 338
19 28 570
28 19 570
19 25 295
25 19 295
20 23 814
23 20 814
20 26 968
26 20 968
20 24 92
24 20 92
20 20 202
20 20 202
20 25 57
25 20 57
20 27 619
27 20 619
20 28 670
28 20 670
21 29 745
29 21 745
21 21 18
21 21 18
21 27 956
27 21 956
22 24 790
24 22 790
22 22 953
22 22 953
22 22 862
22 22 862
22 28 387
28 22 387
22 23 287
23 22 287
23 27 27
27 23 27
23 25 296
25 23 296
23 27 315
27 23 315
23 23 297
23 23 297
23 30 798
30 23 798
24 28 111
28 24 111
24 30 826
30 24 826
24 25 999
25 24 999
25 28 540
28 25 540
25 26 522
26 25 522
26 28 718
28 26 718
26 26 595
26 26 595
27 28 209
28 27 209
27 28 470
28 27 470
28 29 497
29 28 497
