91

0 1 593
1 0 593
0 2 256
2 0 256
0 3 918
3 0 918
0 6 429
6 0 429
0 16 635
16 0 635
1 5 505
5 1 505
1 7 626
7 1 626
1 20 464
20 1 464
2 4 623
4 2 623
2 19 578
19 2 578
2 23 67
23 2 67
2 25 411
25 2 411
3 40 989
40 3 989
3 54 180
54 3 180
4 30 262
30 4 262
4 32 866
32 4 866
4 62 127
62 4 127
4 64 441
64 4 441
4 51 886
51 4 886
5 14 261
14 5 261
5 14 488
14 5 488
5 7 678
7 5 678
6 8 192
8 6 192
6 9 203
9 6 203
6 26 457
26 6 457
7 63 285
63 7 285
8 10 291
10 8 291
8 13 713
13 8 713
8 69 138
69 8 138
9 11 968
11 9 968
9 20 377
20 9 377
9 22 687
22 9 687
9 43 278
43 9 278
9 58 110
58 9 110
10 17 915
17 10 915
10 34 141
34 10 141
11 12 453
12 11 453
11 85 203
85 11 203
12 24 167
24 12 167
12 60 235
60 12 235
12 43 177
43 12 177
13 21 389
21 13 389
13 39 718
39 13 718
13 35 481
35 13 481
14 15 583
15 14 583
14 27 341
27 14 341
16 18 76
18 16 76
16 31 356
31 16 356
18 45 733
45 18 733
19 38 433
38 19 433
20 51 776
51 20 776
20 53 880
53 20 880
22 33 971
33 22 971
23 35 403
35 23 403
23 41 75
41 23 75
26 29 323
29 26 323
26 48 758
48 26 758
27 28 863
28 27 863
27 71 371
71 27 371
27 40 761
40 27 761
28 47 71
47 28 71
29 44 738
44 29 738
29 52 261
52 29 261
29 75 582
75 29 582
31 78 434
78 31 434
32 61 192
61 32 192
33 36 722
36 33 722
33 37 329
37 33 329
33 38 136
38 33 136
35 42 991
42 35 991
37 56 736
56 37 736
37 59 792
59 37 792
38 75 439
75 38 439
40 46 982
46 40 982
41 49 81
49 41 81
43 50 64
50 43 64
45 61 318
61 45 318
47 73 98
73 47 98
47 79 807
79 47 807
47 81 472
81 47 472
48 67 854
67 48 854
49 90 637
90 49 637
51 68 583
68 51 583
52 90 873
90 52 873
53 55 783
55 53 783
53 80 872
80 53 872
55 65 741
65 55 741
55 80 288
80 55 288
56 57 437
57 56 437
57 88 353
88 57 353
58 72 58
72 58 58
58 86 6
86 58 6
59 87 686
87 59 686
62 66 613
66 62 613
64 74 588
74 64 588
65 70 292
70 65 292
65 83 613
83 65 613
68 77 922
77 68 922
69 87 408
87 69 408
73 76 99
76 73 99
78 84 690
84 78 690
78 89 117
89 78 117
81 82 673
82 81 673
