87

0 1 699
1 0 699
0 2 724
2 0 724
0 3 182
3 0 182
0 4 7
4 0 7
0 5 114
5 0 114
0 18 150
18 0 150
0 65 571
65 0 571
0 21 34
21 0 34
0 52 102
52 0 102
0 63 238
63 0 238
0 38 109
38 0 109
0 48 762
48 0 762
0 29 613
29 0 613
0 32 728
32 0 728
1 6 264
6 1 264
1 22 8
22 1 8
1 47 174
47 1 174
1 68 106
68 1 106
1 46 406
46 1 406
1 54 969
54 1 969
2 9 822
9 2 822
2 13 739
13 2 739
2 23 246
23 2 246
2 25 429
25 2 429
2 85 992
85 2 992
2 32 758
32 2 758
2 7 841
7 2 841
2 27 759
27 2 759
2 66 14
66 2 14
2 33 295
33 2 295
2 13 758
13 2 758
2 67 621
67 2 621
3 11 209
11 3 209
3 28 444
28 3 444
3 39 563
39 3 563
3 45 568
45 3 568
3 83 687
83 3 687
3 85 665
85 3 665
3 14 624
14 3 624
3 31 942
31 3 942
3 51 400
51 3 400
3 29 356
29 3 356
3 57 754
57 3 754
4 7 900
7 4 900
4 12 434
12 4 434
4 78 950
78 4 950
4 26 749
26 4 749
4 50 400
50 4 400
4 37 661
37 4 661
4 51 805
51 4 805
4 32 278
32 4 278
4 52 717
52 4 717
5 19 581
19 5 581
5 69 8
69 5 8
5 19 524
19 5 524
5 84 460
84 5 460
5 52 660
52 5 660
5 18 109
18 5 109
5 41 887
41 5 887
5 57 181
57 5 181
5 62 47
62 5 47
5 68 392
68 5 392
6 8 412
8 6 412
6 16 931
16 6 931
6 77 256
77 6 256
6 84 116
84 6 116
6 76 720
76 6 720
6 48 735
48 6 735
6 33 833
33 6 833
6 45 439
45 6 439
6 52 303
52 6 303
6 53 868
53 6 868
6 31 668
31 6 668
7 10 605
10 7 605
7 28 349
28 7 349
7 15 309
15 7 309
7 54 709
54 7 709
7 32 994
32 7 994
7 12 323
12 7 323
7 85 789
85 7 789
7 43 84
43 7 84
7 86 445
86 7 445
7 78 558
78 7 558
7 10 348
10 7 348
8 27 212
27 8 212
8 44 117
44 8 117
8 83 354
83 8 354
8 27 496
27 8 496
8 65 899
65 8 899
8 46 465
46 8 465
8 42 717
42 8 717
8 81 930
81 8 930
8 75 581
75 8 581
8 17 844
17 8 844
8 63 386
63 8 386
8 77 981
77 8 981
8 12 930
12 8 930
8 15 665
15 8 665
9 37 483
37 9 483
9 30 978
30 9 978
9 12 537
12 9 537
9 13 991
13 9 991
9 44 700
44 9 700
9 48 203
48 9 203
10 36 741
36 10 741
10 38 386
38 10 386
10 39 504
39 10 504
10 38 944
38 10 944
10 59 242
59 10 242
10 77 474
77 10 474
10 62 515
62 10 515
11 24 317
24 11 317
11 52 234
52 11 234
11 81 987
81 11 987
11 47 43
47 11 43
11 37 991
37 11 991
11 16 820
16 11 820
11 72 145
72 11 145
11 42 587
42 11 587
11 20 689
20 11 689
12 37 264
37 12 264
12 46 838
46 12 838
12 35 462
35 12 462
12 37 14
37 12 14
12 55 21
55 12 21
12 23 277
23 12 277
12 21 287
21 12 287
13 14 876
14 13 876
13 15 663
15 13 663
13 85 514
85 13 514
13 36 879
36 13 879
13 52 522
52 13 522
13 27 675
27 13 675
13 56 374
56 13 374
13 83 611
83 13 611
13 80 993
80 13 993
13 34 623
34 13 623
13 35 304
35 13 304
14 20 110
20 14 110
14 37 562
37 14 562
14 38 108
38 14 108
14 46 465
46 14 465
14 15 196
15 14 196
14 32 31
32 14 31
14 72 668
72 14 668
14 75 837
75 14 837
14 65 398
65 14 398
14 54 210
54 14 210
15 17 441
17 15 441
15 32 447
32 15 447
15 40 222
40 15 222
15 42 216
42 15 216
15 45 333
45 15 333
15 53 629
53 15 629
15 26 693
26 15 693
15 62 243
62 15 243
15 86 340
86 15 340
15 62 387
62 15 387
15 20 342
20 15 342
15 51 39
51 15 39
15 71 345
71 15 345
15 65 62
65 15 62
15 22 467
22 15 467
16 21 393
21 16 393
16 33 133
33 16 133
16 74 224
74 16 224
16 54 175
54 16 175
16 29 168
29 16 168
16 68 459
68 16 459
16 75 566
75 16 566
16 79 243
79 16 243
16 64 217
64 16 217
16 66 141
66 16 141
16 61 717
61 16 717
16 85 951
85 16 951
17 30 121
30 17 121
17 71 595
71 17 595
17 44 505
44 17 505
17 81 708
81 17 708
17 29 810
29 17 810
17 32 14
32 17 14
17 84 612
84 17 612
17 54 910
54 17 910
17 44 526
44 17 526
18 28 321
28 18 321
18 39 676
39 18 676
18 75 80
75 18 80
18 34 327
34 18 327
19 26 815
26 19 815
19 62 898
62 19 898
19 66 454
66 19 454
19 34 488
34 19 488
19 21 130
21 19 130
19 22 49
22 19 49
19 35 972
35 19 972
19 84 404
84 19 404
19 85 318
85 19 318
19 59 211
59 19 211
20 60 783
60 20 783
20 51 839
51 20 839
20 40 138
40 20 138
20 86 850
86 20 850
21 36 298
36 21 298
21 46 41
46 21 41
21 24 369
24 21 369
21 57 673
57 21 673
21 68 54
68 21 54
21 40 839
40 21 839
22 51 89
51 22 89
22 37 753
37 22 753
22 77 379
77 22 379
22 82 799
82 22 799
22 59 547
59 22 547
22 80 937
80 22 937
22 64 800
64 22 800
22 80 899
80 22 899
22 25 677
25 22 677
22 36 667
36 22 667
22 32 234
32 22 234
23 29 880
29 23 880
23 71 370
71 23 370
23 79 751
79 23 751
23 80 35
80 23 35
23 41 482
41 23 482
23 23 363
23 23 363
24 83 100
83 24 100
24 57 76
57 24 76
24 72 883
72 24 883
24 27 429
27 24 429
24 74 191
74 24 191
25 43 625
43 25 625
25 38 930
38 25 930
25 34 418
34 25 418
25 84 96
84 25 96
25 70 783
70 25 783
26 74 308
74 26 308
26 50 669
50 26 669
26 33 107
33 26 107
26 45 799
45 26 799
26 79 559
79 26 559
26 73 878
73 26 878
27 57 244
57 27 244
27 84 463
84 27 463
27 41 262
41 27 262
27 79 302
79 27 302
27 66 779
66 27 779
27 65 710
65 27 710
27 28 262
28 27 262
27 33 282
33 27 282
27 83 181
83 27 181
28 31 390
31 28 390
28 34 431
34 28 431
28 57 541
57 28 541
28 73 402
73 28 402
28 53 501
53 28 501
28 77 243
77 28 243
28 67 955
67 28 955
28 42 305
42 28 305
29 76 362
76 29 362
29 73 337
73 29 337
29 76 497
76 29 497
29 35 626
35 29 626
29 43 155
43 29 155
29 55 86
55 29 86
29 72 385
72 29 385
30 34 79
34 30 79
30 85 457
85 30 457
30 44 865
44 30 865
30 78 354
78 30 354
30 44 907
44 30 907
31 35 394
35 31 394
31 44 12
44 31 12
32 64 686
64 32 686
32 53 521
53 32 521
32 66 74
66 32 74
32 78 974
78 32 974
32 73 177
73 32 177
32 59 818
59 32 818
32 58 20
58 32 20
32 40 691
40 32 691
33 41 474
41 33 474
33 62 984
62 33 984
33 84 365
84 33 365
34 52 133
52 34 133
34 48 510
48 34 510
34 45 75
45 34 75
34 38 143
38 34 143
35 48 935
48 35 935
35 56 832
56 35 832
35 73 749
73 35 749
35 75 976
75 35 976
35 37 455
37 35 455
36 46 404
46 36 404
36 59 880
59 36 880
36 56 370
56 36 370
36 75 584
75 36 584
36 67 565
67 36 565
36 62 331
62 36 331
37 50 321
50 37 321
37 72 385
72 37 385
37 56 722
56 37 722
37 82 248
82 37 248
37 85 641
85 37 641
37 57 202
57 37 202
37 51 219
51 37 219
38 61 83
61 38 83
38 54 440
54 38 440
38 40 503
40 38 503
38 64 862
64 38 862
38 54 436
54 38 436
38 70 946
70 38 946
38 79 656
79 38 656
38 69 567
69 38 567
38 80 657
80 38 657
38 73 997
73 38 997
39 67 218
67 39 218
39 71 526
71 39 526
39 58 149
58 39 149
40 41 299
41 40 299
40 76 485
76 40 485
40 41 608
41 40 608
40 42 503
42 40 503
41 81 696
81 41 696
41 43 794
43 41 794
41 71 283
71 41 283
41 63 268
63 41 268
41 68 453
68 41 453
41 77 122
77 41 122
41 49 79
49 41 79
41 75 647
75 41 647
41 83 507
83 41 507
42 61 936
61 42 936
42 60 405
60 42 405
42 44 579
44 42 579
42 70 781
70 42 781
43 71 177
71 43 177
43 61 367
61 43 367
43 62 38
62 43 38
44 59 630
59 44 630
44 62 954
62 44 954
44 71 400
71 44 400
45 58 884
58 45 884
45 45 208
45 45 208
45 86 48
86 45 48
45 67 872
67 45 872
45 75 602
75 45 602
46 55 111
55 46 111
46 59 542
59 46 542
46 49 736
49 46 736
46 86 22
86 46 22
46 65 616
65 46 616
46 68 921
68 46 921
46 68 120
68 46 120
46 59 926
59 46 926
47 82 734
82 47 734
47 84 187
84 47 187
47 86 125
86 47 125
47 57 276
57 47 276
47 77 694
77 47 694
48 49 482
49 48 482
48 53 482
53 48 482
48 79 714
79 48 714
48 68 788
68 48 788
48 69 481
69 48 481
49 62 560
62 49 560
49 53 861
53 49 861
49 80 839
80 49 839
49 58 268
58 49 268
49 67 502
67 49 502
49 81 128
81 49 128
50 70 336
70 50 336
51 54 972
54 51 972
51 68 411
68 51 411
51 86 902
86 51 902
51 72 89
72 51 89
51 62 548
62 51 548
52 73 406
73 52 406
52 59 762
59 52 762
52 73 62
73 52 62
53 65 595
65 53 595
54 55 213
55 54 213
54 56 947
56 54 947
54 68 380
68 54 380
55 70 548
70 55 548
56 60 647
60 56 647
56 65 350
65 56 350
56 71 591
71 56 591
56 64 810
64 56 810
57 69 727
69 57 727
57 86 255
86 57 255
57 58 779
58 57 779
57 83 503
83 57 503
58 73 80
73 58 80
58 65 82
65 58 82
58 68 473
68 58 473
58 66 264
66 58 264
58 81 700
81 58 700
58 71 541
71 58 541
59 69 886
69 59 886
59 63 767
63 59 767
60 63 154
63 60 154
60 77 260
77 60 260
60 84 349
84 60 349
61 74 159
74 61 159
61 66 719
66 61 719
61 72 959
72 61 959
61 76 893
76 61 893
61 73 884
73 61 884
62 63 724
63 62 724
62 80 377
80 62 377
62 64 469
64 62 469
62 78 346
78 62 346
62 73 661
73 62 661
65 70 964
70 65 964
66 75 718
75 66 718
66 84 180
84 66 180
66 83 543
83 66 543
66 81 422
81 66 422
66 78 509
78 66 509
67 71 512
71 67 512
67 79 581
79 67 581
67 80 934
80 67 934
68 82 987
82 68 987
68 76 59
76 68 59
68 83 1000
83 68 1000
69 75 955
75 69 955
70 81 451
81 70 451
70 72 609
72 70 609
71 84 150
84 71 150
72 83 916
83 72 916
73 79 508
79 73 508
75 84 7
84 75 7
75 80 194
80 75 194
76 83 401
83 76 401
77 82 590
82 77 590
78 84 164
84 78 164
78 79 981
79 78 981
78 80 342
80 78 342
78 80 827
80 78 827
78 85 167
85 78 167
83 83 778
83 83 778
84 86 16
86 84 16
