44

0 1 15
1 0 15
0 22 861
22 0 861
0 1 337
1 0 337
0 15 393
15 0 393
0 8 932
8 0 932
0 21 993
21 0 993
0 2 48
2 0 48
0 18 598
18 0 598
0 15 797
15 0 797
0 14 397
14 0 397
0 18 150
18 0 150
0 6 425
6 0 425
0 30 364
30 0 364
0 3 529
3 0 529
0 27 780
27 0 780
0 34 569
34 0 569
0 16 289
16 0 289
0 28 216
28 0 216
0 12 277
12 0 277
0 25 950
25 0 950
0 27 462
27 0 462
0 32 981
32 0 981
0 21 310
21 0 310
0 38 846
38 0 846
0 17 802
17 0 802
0 30 846
30 0 846
0 31 241
31 0 241
0 9 271
9 0 271
0 36 788
36 0 788
0 41 368
41 0 368
0 19 186
19 0 186
0 32 991
32 0 991
0 5 208
5 0 208
0 11 1000
11 0 1000
0 6 807
6 0 807
0 7 996
7 0 996
1 2 201
2 1 201
1 9 226
9 1 226
1 18 116
18 1 116
1 24 382
24 1 382
1 25 8
25 1 8
1 35 999
35 1 999
1 21 430
21 1 430
1 43 992
43 1 992
1 41 98
41 1 98
1 7 280
7 1 280
1 22 516
22 1 516
1 3 14
3 1 14
1 19 534
19 1 534
1 22 862
22 1 862
1 5 269
5 1 269
1 15 498
15 1 498
1 31 390
31 1 390
1 2 651
2 1 651
1 40 209
40 1 209
1 1 754
1 1 754
1 40 839
40 1 839
1 25 796
25 1 796
1 30 872
30 1 872
1 4 689
4 1 689
1 35 652
35 1 652
1 42 817
42 1 817
1 30 820
30 1 820
1 33 16
33 1 16
1 24 455
24 1 455
1 8 964
8 1 964
1 20 696
20 1 696
1 42 127
42 1 127
1 33 960
33 1 960
1 16 231
16 1 231
1 15 393
15 1 393
1 17 773
17 1 773
1 17 371
17 1 371
1 15 321
15 1 321
1 23 984
23 1 984
1 7 259
7 1 259
1 40 318
40 1 318
1 8 822
8 1 822
1 38 526
38 1 526
1 15 398
15 1 398
2 3 506
3 2 506
2 10 591
10 2 591
2 16 834
16 2 834
2 19 619
19 2 619
2 37 660
37 2 660
2 25 972
25 2 972
2 16 948
16 2 948
2 10 640
10 2 640
2 38 656
38 2 656
2 24 184
24 2 184
2 42 274
42 2 274
2 18 834
18 2 834
2 15 592
15 2 592
2 25 666
25 2 666
2 17 27
17 2 27
2 29 334
29 2 334
2 30 984
30 2 984
2 13 255
13 2 255
2 3 675
3 2 675
2 35 8
35 2 8
2 22 226
22 2 226
2 30 494
30 2 494
2 24 521
24 2 521
2 28 851
28 2 851
2 32 503
32 2 503
2 18 868
18 2 868
2 11 253
11 2 253
2 6 888
6 2 888
2 15 235
15 2 235
2 15 242
15 2 242
2 43 178
43 2 178
2 38 785
38 2 785
2 40 364
40 2 364
2 16 979
16 2 979
2 42 548
42 2 548
2 7 398
7 2 398
2 6 273
6 2 273
2 42 847
42 2 847
2 23 952
23 2 952
2 35 122
35 2 122
2 28 628
28 2 628
2 11 400
11 2 400
2 15 918
15 2 918
2 14 22
14 2 22
2 6 577
6 2 577
2 39 971
39 2 971
2 17 270
17 2 270
3 4 421
4 3 421
3 6 268
6 3 268
3 7 38
7 3 38
3 15 461
15 3 461
3 28 546
28 3 546
3 41 46
41 3 46
3 6 772
6 3 772
3 23 84
23 3 84
3 19 559
19 3 559
3 6 610
6 3 610
3 30 685
30 3 685
3 28 832
28 3 832
3 7 227
7 3 227
3 35 467
35 3 467
3 13 525
13 3 525
3 11 510
11 3 510
3 5 511
5 3 511
3 17 120
17 3 120
3 40 396
40 3 396
3 28 267
28 3 267
3 39 994
39 3 994
3 5 690
5 3 690
3 21 373
21 3 373
3 36 27
36 3 27
3 43 707
43 3 707
3 29 447
29 3 447
3 16 62
16 3 62
3 18 864
18 3 864
3 16 997
16 3 997
3 26 329
26 3 329
3 34 713
34 3 713
3 31 888
31 3 888
3 32 449
32 3 449
3 10 718
10 3 718
3 37 373
37 3 373
3 31 278
31 3 278
3 12 788
12 3 788
3 7 220
7 3 220
3 18 403
18 3 403
3 31 585
31 3 585
3 35 726
35 3 726
4 5 335
5 4 335
4 17 132
17 4 132
4 24 817
24 4 817
4 36 510
36 4 510
4 26 626
26 4 626
4 7 57
7 4 57
4 19 239
19 4 239
4 14 359
14 4 359
4 24 131
24 4 131
4 21 87
21 4 87
4 21 665
21 4 665
4 17 14
17 4 14
4 21 545
21 4 545
4 24 931
24 4 931
4 40 180
40 4 180
4 34 883
34 4 883
4 22 638
22 4 638
4 41 897
41 4 897
4 22 996
22 4 996
4 42 436
42 4 436
4 42 268
42 4 268
4 38 414
38 4 414
4 14 615
14 4 615
4 34 784
34 4 784
4 7 59
7 4 59
4 33 370
33 4 370
4 40 280
40 4 280
4 14 659
14 4 659
4 10 169
10 4 169
4 4 913
4 4 913
4 8 732
8 4 732
4 7 493
7 4 493
4 14 735
14 4 735
4 37 758
37 4 758
4 29 387
29 4 387
4 29 758
29 4 758
4 34 121
34 4 121
4 15 706
15 4 706
4 10 460
10 4 460
4 33 909
33 4 909
4 24 553
24 4 553
5 11 398
11 5 398
5 25 17
25 5 17
5 22 856
22 5 856
5 35 386
35 5 386
5 13 816
13 5 816
5 37 646
37 5 646
5 23 15
23 5 15
5 37 827
37 5 827
5 19 583
19 5 583
5 24 272
24 5 272
5 24 539
24 5 539
5 27 605
27 5 605
5 6 672
6 5 672
5 16 991
16 5 991
5 31 910
31 5 910
5 37 334
37 5 334
5 17 325
17 5 325
5 20 815
20 5 815
5 36 588
36 5 588
5 29 879
29 5 879
5 19 129
19 5 129
5 37 989
37 5 989
5 23 54
23 5 54
5 14 352
14 5 352
5 19 767
19 5 767
5 41 988
41 5 988
5 30 366
30 5 366
5 40 374
40 5 374
5 30 29
30 5 29
5 10 632
10 5 632
5 12 138
12 5 138
5 7 413
7 5 413
5 23 87
23 5 87
5 21 543
21 5 543
5 22 196
22 5 196
5 34 420
34 5 420
6 8 407
8 6 407
6 35 131
35 6 131
6 17 776
17 6 776
6 12 788
12 6 788
6 12 72
12 6 72
6 18 908
18 6 908
6 15 361
15 6 361
6 39 450
39 6 450
6 37 198
37 6 198
6 29 444
29 6 444
6 28 92
28 6 92
6 7 471
7 6 471
6 36 922
36 6 922
6 24 719
24 6 719
6 9 917
9 6 917
6 13 600
13 6 600
6 31 77
31 6 77
6 11 294
11 6 294
6 6 931
6 6 931
6 42 958
42 6 958
6 29 942
29 6 942
6 22 398
22 6 398
6 19 472
19 6 472
6 20 134
20 6 134
6 21 558
21 6 558
6 28 138
28 6 138
6 12 254
12 6 254
6 17 803
17 6 803
6 22 413
22 6 413
6 39 153
39 6 153
6 43 128
43 6 128
6 16 799
16 6 799
6 28 640
28 6 640
6 28 792
28 6 792
6 8 547
8 6 547
6 23 883
23 6 883
6 36 867
36 6 867
6 29 174
29 6 174
6 34 614
34 6 614
6 16 372
16 6 372
6 11 510
11 6 510
7 12 815
12 7 815
7 23 681
23 7 681
7 10 911
10 7 911
7 11 737
11 7 737
7 15 507
15 7 507
7 26 987
26 7 987
7 20 32
20 7 32
7 25 960
25 7 960
7 31 581
31 7 581
7 37 548
37 7 548
7 28 804
28 7 804
7 30 526
30 7 526
7 14 264
14 7 264
7 34 153
34 7 153
7 27 71
27 7 71
7 16 661
16 7 661
7 9 534
9 7 534
7 28 461
28 7 461
7 11 728
11 7 728
7 27 936
27 7 936
7 18 279
18 7 279
7 13 331
13 7 331
7 28 880
28 7 880
7 26 644
26 7 644
7 37 120
37 7 120
7 13 261
13 7 261
7 26 675
26 7 675
7 24 199
24 7 199
7 17 219
17 7 219
7 19 958
19 7 958
7 39 198
39 7 198
7 14 901
14 7 901
7 14 443
14 7 443
8 14 843
14 8 843
8 27 405
27 8 405
8 34 279
34 8 279
8 29 142
29 8 142
8 40 142
40 8 142
8 37 830
37 8 830
8 32 71
32 8 71
8 24 550
24 8 550
8 19 467
19 8 467
8 15 795
15 8 795
8 36 752
36 8 752
8 39 641
39 8 641
8 20 880
20 8 880
8 28 363
28 8 363
8 33 613
33 8 613
8 42 628
42 8 628
8 15 343
15 8 343
8 20 798
20 8 798
8 36 481
36 8 481
8 37 351
37 8 351
8 9 849
9 8 849
8 17 862
17 8 862
8 27 947
27 8 947
8 43 247
43 8 247
8 22 49
22 8 49
8 23 22
23 8 22
8 26 355
26 8 355
8 36 97
36 8 97
8 36 624
36 8 624
8 15 978
15 8 978
8 9 54
9 8 54
9 13 115
13 9 115
9 29 22
29 9 22
9 38 497
38 9 497
9 16 997
16 9 997
9 23 502
23 9 502
9 18 982
18 9 982
9 42 646
42 9 646
9 24 112
24 9 112
9 30 804
30 9 804
9 40 579
40 9 579
9 43 429
43 9 429
9 39 853
39 9 853
9 10 351
10 9 351
9 30 629
30 9 629
9 42 7
42 9 7
9 33 289
33 9 289
9 28 547
28 9 547
9 17 389
17 9 389
9 29 167
29 9 167
9 17 916
17 9 916
9 40 830
40 9 830
9 15 136
15 9 136
9 19 7
19 9 7
9 31 730
31 9 730
9 39 222
39 9 222
9 37 792
37 9 792
9 31 688
31 9 688
10 13 665
13 10 665
10 40 865
40 10 865
10 12 548
12 10 548
10 20 294
20 10 294
10 12 629
12 10 629
10 10 528
10 10 528
10 25 168
25 10 168
10 27 516
27 10 516
10 24 686
24 10 686
10 29 321
29 10 321
10 35 356
35 10 356
10 12 863
12 10 863
10 37 468
37 10 468
10 43 764
43 10 764
10 18 119
18 10 119
10 32 31
32 10 31
10 22 280
22 10 280
10 21 519
21 10 519
10 30 634
30 10 634
10 20 170
20 10 170
10 34 246
34 10 246
10 39 946
39 10 946
10 24 874
24 10 874
10 41 68
41 10 68
11 32 425
32 11 425
11 30 710
30 11 710
11 19 350
19 11 350
11 40 434
40 11 434
11 22 470
22 11 470
11 37 509
37 11 509
11 27 490
27 11 490
11 11 715
11 11 715
11 43 640
43 11 640
11 35 263
35 11 263
11 14 426
14 11 426
11 39 219
39 11 219
11 39 648
39 11 648
11 21 421
21 11 421
11 12 742
12 11 742
11 23 465
23 11 465
11 36 837
36 11 837
11 12 179
12 11 179
11 24 315
24 11 315
11 12 167
12 11 167
11 21 499
21 11 499
11 35 158
35 11 158
11 18 239
18 11 239
11 30 311
30 11 311
11 35 412
35 11 412
11 24 986
24 11 986
11 14 63
14 11 63
11 34 745
34 11 745
12 25 969
25 12 969
12 30 955
30 12 955
12 38 976
38 12 976
12 36 540
36 12 540
12 38 197
38 12 197
12 38 600
38 12 600
12 42 238
42 12 238
12 40 495
40 12 495
12 25 43
25 12 43
12 30 856
30 12 856
12 15 725
15 12 725
12 36 776
36 12 776
12 17 397
17 12 397
12 14 981
14 12 981
12 39 889
39 12 889
12 33 569
33 12 569
12 20 428
20 12 428
12 38 983
38 12 983
12 26 902
26 12 902
12 31 571
31 12 571
12 15 678
15 12 678
12 28 473
28 12 473
12 19 846
19 12 846
12 28 325
28 12 325
13 15 916
15 13 916
13 28 849
28 13 849
13 16 891
16 13 891
13 30 538
30 13 538
13 23 153
23 13 153
13 31 349
31 13 349
13 21 646
21 13 646
13 41 964
41 13 964
13 39 710
39 13 710
13 26 142
26 13 142
13 39 545
39 13 545
13 20 487
20 13 487
13 17 755
17 13 755
13 43 304
43 13 304
13 42 741
42 13 741
13 26 225
26 13 225
13 27 12
27 13 12
13 40 916
40 13 916
13 27 254
27 13 254
13 21 443
21 13 443
13 37 722
37 13 722
13 14 550
14 13 550
13 18 626
18 13 626
13 16 597
16 13 597
13 35 167
35 13 167
13 39 187
39 13 187
13 17 327
17 13 327
13 35 298
35 13 298
13 16 194
16 13 194
14 26 554
26 14 554
14 29 24
29 14 24
14 34 62
34 14 62
14 25 584
25 14 584
14 26 745
26 14 745
14 32 727
32 14 727
14 39 823
39 14 823
14 33 713
33 14 713
14 43 49
43 14 49
14 15 237
15 14 237
14 28 476
28 14 476
14 39 958
39 14 958
14 15 986
15 14 986
14 37 724
37 14 724
14 43 928
43 14 928
14 33 593
33 14 593
14 42 786
42 14 786
14 43 327
43 14 327
14 38 616
38 14 616
14 22 79
22 14 79
14 21 330
21 14 330
14 40 207
40 14 207
14 36 163
36 14 163
15 20 491
20 15 491
15 41 370
41 15 370
15 32 961
32 15 961
15 32 737
32 15 737
15 37 671
37 15 671
15 34 952
34 15 952
15 25 316
25 15 316
15 33 88
33 15 88
15 25 205
25 15 205
15 32 28
32 15 28
15 37 409
37 15 409
15 29 145
29 15 145
15 40 588
40 15 588
15 25 279
25 15 279
15 24 423
24 15 423
15 16 620
16 15 620
15 23 89
23 15 89
15 24 904
24 15 904
15 18 859
18 15 859
15 23 860
23 15 860
15 39 746
39 15 746
15 40 731
40 15 731
15 42 570
42 15 570
15 19 497
19 15 497
15 20 704
20 15 704
15 31 917
31 15 917
15 22 291
22 15 291
15 36 511
36 15 511
16 32 812
32 16 812
16 24 308
24 16 308
16 34 425
34 16 425
16 19 350
19 16 350
16 20 558
20 16 558
16 40 183
40 16 183
16 32 339
32 16 339
16 41 256
41 16 256
16 18 531
18 16 531
16 33 249
33 16 249
16 23 195
23 16 195
16 41 367
41 16 367
16 16 233
16 16 233
16 19 963
19 16 963
16 29 939
29 16 939
16 28 176
28 16 176
16 27 754
27 16 754
16 32 701
32 16 701
16 19 977
19 16 977
16 36 475
36 16 475
16 43 33
43 16 33
16 24 944
24 16 944
16 36 724
36 16 724
16 39 686
39 16 686
16 23 501
23 16 501
16 19 72
19 16 72
16 28 443
28 16 443
16 34 328
34 16 328
17 29 185
29 17 185
17 43 373
43 17 373
17 30 727
30 17 727
17 34 500
34 17 500
17 28 771
28 17 771
17 18 113
18 17 113
17 24 544
24 17 544
17 41 847
41 17 847
17 26 647
26 17 647
17 25 156
25 17 156
17 25 170
25 17 170
17 21 663
21 17 663
17 20 338
20 17 338
17 27 127
27 17 127
17 20 727
20 17 727
17 18 651
18 17 651
17 31 154
31 17 154
17 20 549
20 17 549
17 42 67
42 17 67
17 36 434
36 17 434
17 39 257
39 17 257
17 38 714
38 17 714
17 28 801
28 17 801
18 21 390
21 18 390
18 21 856
21 18 856
18 43 617
43 18 617
18 25 94
25 18 94
18 22 966
22 18 966
18 38 55
38 18 55
18 22 489
22 18 489
18 40 303
40 18 303
18 27 835
27 18 835
18 19 425
19 18 425
18 33 690
33 18 690
18 20 638
20 18 638
18 40 203
40 18 203
18 26 738
26 18 738
18 28 475
28 18 475
18 41 441
41 18 441
18 24 650
24 18 650
18 40 792
40 18 792
18 29 617
29 18 617
18 33 818
33 18 818
19 33 826
33 19 826
19 29 512
29 19 512
19 34 708
34 19 708
19 24 155
24 19 155
19 27 509
27 19 509
19 28 432
28 19 432
19 33 170
33 19 170
19 20 770
20 19 770
19 32 240
32 19 240
19 36 92
36 19 92
19 36 665
36 19 665
19 40 261
40 19 261
19 25 610
25 19 610
19 21 664
21 19 664
19 32 199
32 19 199
19 41 680
41 19 680
19 23 225
23 19 225
19 43 249
43 19 249
19 43 170
43 19 170
19 21 135
21 19 135
20 21 964
21 20 964
20 26 624
26 20 624
20 28 381
28 20 381
20 26 106
26 20 106
20 32 267
32 20 267
20 31 148
31 20 148
20 37 370
37 20 370
20 25 75
25 20 75
20 20 414
20 20 414
20 40 636
40 20 636
20 21 951
21 20 951
20 36 573
36 20 573
20 21 944
21 20 944
20 21 753
21 20 753
20 38 693
38 20 693
20 37 972
37 20 972
20 31 589
31 20 589
20 28 627
28 20 627
20 36 80
36 20 80
20 25 677
25 20 677
20 33 677
33 20 677
20 43 605
43 20 605
20 30 360
30 20 360
20 34 271
34 20 271
20 34 487
34 20 487
20 39 262
39 20 262
20 31 548
31 20 548
20 28 491
28 20 491
20 23 542
23 20 542
20 36 260
36 20 260
20 31 769
31 20 769
20 24 779
24 20 779
20 28 173
28 20 173
20 34 343
34 20 343
20 38 54
38 20 54
21 33 414
33 21 414
21 29 921
29 21 921
21 25 54
25 21 54
21 30 186
30 21 186
21 23 882
23 21 882
21 22 971
22 21 971
21 35 42
35 21 42
21 25 87
25 21 87
21 23 903
23 21 903
21 24 675
24 21 675
21 26 726
26 21 726
21 37 259
37 21 259
21 43 693
43 21 693
21 22 534
22 21 534
21 27 558
27 21 558
21 29 195
29 21 195
21 27 589
27 21 589
21 38 224
38 21 224
22 31 515
31 22 515
22 43 81
43 22 81
22 32 732
32 22 732
22 25 487
25 22 487
22 27 550
27 22 550
22 23 282
23 22 282
22 35 133
35 22 133
22 39 4
39 22 4
22 27 381
27 22 381
22 31 798
31 22 798
22 24 729
24 22 729
22 29 987
29 22 987
22 33 727
33 22 727
22 40 474
40 22 474
22 34 204
34 22 204
22 25 685
25 22 685
22 29 549
29 22 549
22 35 748
35 22 748
22 29 948
29 22 948
22 36 844
36 22 844
22 24 64
24 22 64
22 38 1
38 22 1
22 41 128
41 22 128
23 32 719
32 23 719
23 29 736
29 23 736
23 25 968
25 23 968
23 32 565
32 23 565
23 23 993
23 23 993
23 30 6
30 23 6
23 37 689
37 23 689
23 29 58
29 23 58
23 38 522
38 23 522
23 31 944
31 23 944
23 36 434
36 23 434
23 40 893
40 23 893
23 36 3
36 23 3
23 43 252
43 23 252
23 27 337
27 23 337
23 35 233
35 23 233
23 34 183
34 23 183
23 35 38
35 23 38
23 37 790
37 23 790
23 42 354
42 23 354
23 35 838
35 23 838
24 30 342
30 24 342
24 36 529
36 24 529
24 29 64
29 24 64
24 32 115
32 24 115
24 34 629
34 24 629
24 28 677
28 24 677
24 27 923
27 24 923
24 37 467
37 24 467
24 25 70
25 24 70
24 32 88
32 24 88
24 25 721
25 24 721
24 40 616
40 24 616
24 41 735
41 24 735
24 35 852
35 24 852
24 37 540
37 24 540
24 27 114
27 24 114
24 32 994
32 24 994
24 40 261
40 24 261
24 25 307
25 24 307
24 35 835
35 24 835
24 25 289
25 24 289
24 34 988
34 24 988
25 39 653
39 25 653
25 37 452
37 25 452
25 41 408
41 25 408
25 38 248
38 25 248
25 27 727
27 25 727
25 33 87
33 25 87
25 34 586
34 25 586
25 29 68
29 25 68
25 28 74
28 25 74
25 26 218
26 25 218
25 33 207
33 25 207
25 36 613
36 25 613
25 41 938
41 25 938
25 30 639
30 25 639
25 27 314
27 25 314
25 42 232
42 25 232
25 35 965
35 25 965
25 42 535
42 25 535
26 33 480
33 26 480
26 41 714
41 26 714
26 31 639
31 26 639
26 37 227
37 26 227
26 42 552
42 26 552
26 32 271
32 26 271
26 42 710
42 26 710
26 30 392
30 26 392
27 42 572
42 27 572
27 29 673
29 27 673
27 31 75
31 27 75
27 36 458
36 27 458
27 32 56
32 27 56
27 36 11
36 27 11
27 35 967
35 27 967
27 41 841
41 27 841
27 36 62
36 27 62
27 39 530
39 27 530
27 35 405
35 27 405
27 40 782
40 27 782
27 30 307
30 27 307
27 34 253
34 27 253
27 39 264
39 27 264
27 37 528
37 27 528
27 35 302
35 27 302
27 40 791
40 27 791
27 42 655
42 27 655
28 40 305
40 28 305
28 39 474
39 28 474
28 34 83
34 28 83
28 31 334
31 28 334
28 34 246
34 28 246
28 28 1
28 28 1
29 38 275
38 29 275
29 40 51
40 29 51
29 41 561
41 29 561
29 29 455
29 29 455
29 34 178
34 29 178
29 35 574
35 29 574
29 40 433
40 29 433
29 37 996
37 29 996
29 35 769
35 29 769
29 40 557
40 29 557
29 31 235
31 29 235
29 34 101
34 29 101
29 31 922
31 29 922
29 43 744
43 29 744
29 32 396
32 29 396
30 41 918
41 30 918
30 39 384
39 30 384
30 36 140
36 30 140
30 38 938
38 30 938
30 41 103
41 30 103
30 38 482
38 30 482
30 39 426
39 30 426
30 40 7
40 30 7
30 38 898
38 30 898
30 40 302
40 30 302
30 40 425
40 30 425
30 31 725
31 30 725
30 35 22
35 30 22
30 34 273
34 30 273
30 36 238
36 30 238
30 41 123
41 30 123
30 32 237
32 30 237
31 34 606
34 31 606
31 43 492
43 31 492
31 40 320
40 31 320
31 38 380
38 31 380
31 37 903
37 31 903
31 40 641
40 31 641
31 42 961
42 31 961
31 31 793
31 31 793
31 41 150
41 31 150
31 31 143
31 31 143
31 34 781
34 31 781
31 38 429
38 31 429
31 32 410
32 31 410
32 42 998
42 32 998
32 36 922
36 32 922
32 43 833
43 32 833
32 35 175
35 32 175
32 41 229
41 32 229
32 33 193
33 32 193
32 37 838
37 32 838
32 41 787
41 32 787
32 41 591
41 32 591
32 42 10
42 32 10
32 32 318
32 32 318
33 40 892
40 33 892
33 34 845
34 33 845
33 33 319
33 33 319
33 37 141
37 33 141
33 34 388
34 33 388
34 36 62
36 34 62
34 34 992
34 34 992
34 43 634
43 34 634
34 41 829
41 34 829
34 37 958
37 34 958
34 36 468
36 34 468
34 37 75
37 34 75
35 42 327
42 35 327
35 40 59
40 35 59
35 38 117
38 35 117
35 40 80
40 35 80
35 39 893
39 35 893
35 40 164
40 35 164
35 39 171
39 35 171
35 38 611
38 35 611
35 40 290
40 35 290
36 38 291
38 36 291
36 40 918
40 36 918
36 40 937
40 36 937
36 42 232
42 36 232
36 39 81
39 36 81
36 40 431
40 36 431
37 43 441
43 37 441
37 40 437
40 37 437
37 40 910
40 37 910
37 41 647
41 37 647
37 41 234
41 37 234
37 40 619
40 37 619
38 42 822
42 38 822
38 42 172
42 38 172
38 40 958
40 38 958
38 43 36
43 38 36
38 40 913
40 38 913
39 42 502
42 39 502
39 43 697
43 39 697
40 41 616
41 40 616
40 41 475
41 40 475
41 42 299
42 41 299
41 42 861
42 41 861
41 42 491
42 41 491
41 41 307
41 41 307
41 41 929
41 41 929
41 41 65
41 41 65
42 43 132
43 42 132
42 42 232
42 42 232
