83

0 1 153
1 0 153
0 2 518
2 0 518
0 34 941
34 0 941
0 59 472
59 0 472
0 23 468
23 0 468
0 38 693
38 0 693
0 16 343
16 0 343
0 18 502
18 0 502
0 20 787
20 0 787
0 47 414
47 0 414
0 44 265
44 0 265
0 75 129
75 0 129
0 52 874
52 0 874
0 53 387
53 0 387
0 57 66
57 0 66
0 80 423
80 0 423
0 54 997
54 0 997
0 11 317
11 0 317
1 12 231
12 1 231
1 17 837
17 1 837
1 18 949
18 1 949
1 51 648
51 1 648
1 57 948
57 1 948
1 18 375
18 1 375
1 36 188
36 1 188
1 19 372
19 1 372
1 11 257
11 1 257
1 65 646
65 1 646
1 46 21
46 1 21
1 9 380
9 1 380
1 6 886
6 1 886
1 81 687
81 1 687
1 21 799
21 1 799
1 9 181
9 1 181
1 13 113
13 1 113
1 54 948
54 1 948
1 2 83
2 1 83
1 45 114
45 1 114
1 25 617
25 1 617
1 8 932
8 1 932
1 72 629
72 1 629
1 61 296
61 1 296
1 75 35
75 1 35
1 77 502
77 1 502
1 43 507
43 1 507
2 3 84
3 2 84
2 4 471
4 2 471
2 6 700
6 2 700
2 7 542
7 2 542
2 44 364
44 2 364
2 30 749
30 2 749
2 14 441
14 2 441
2 35 499
35 2 499
2 8 802
8 2 802
2 9 196
9 2 196
2 62 648
62 2 648
2 45 442
45 2 442
2 38 585
38 2 585
2 27 354
27 2 354
2 58 922
58 2 922
2 3 141
3 2 141
2 79 116
79 2 116
2 7 432
7 2 432
2 69 603
69 2 603
2 15 598
15 2 598
2 18 215
18 2 215
2 62 213
62 2 213
2 12 381
12 2 381
2 17 71
17 2 71
2 77 680
77 2 680
2 9 107
9 2 107
2 39 334
39 2 334
2 3 186
3 2 186
2 48 127
48 2 127
2 36 666
36 2 666
3 5 137
5 3 137
3 73 726
73 3 726
3 76 827
76 3 827
3 19 186
19 3 186
3 5 530
5 3 530
3 52 346
52 3 346
3 12 589
12 3 589
3 32 655
32 3 655
3 55 477
55 3 477
3 36 871
36 3 871
3 62 99
62 3 99
3 49 964
49 3 964
3 36 143
36 3 143
3 14 487
14 3 487
3 77 871
77 3 871
3 65 194
65 3 194
3 62 985
62 3 985
3 74 30
74 3 30
3 19 340
19 3 340
3 41 388
41 3 388
3 75 278
75 3 278
3 18 367
18 3 367
3 21 546
21 3 546
4 29 663
29 4 663
4 60 568
60 4 568
4 76 229
76 4 229
4 82 983
82 4 983
4 31 534
31 4 534
4 28 893
28 4 893
4 36 273
36 4 273
4 55 473
55 4 473
4 20 538
20 4 538
4 46 461
46 4 461
4 46 189
46 4 189
4 43 94
43 4 94
4 42 36
42 4 36
4 60 794
60 4 794
4 26 432
26 4 432
4 65 555
65 4 555
4 51 69
51 4 69
4 34 949
34 4 949
4 50 848
50 4 848
4 16 494
16 4 494
4 76 851
76 4 851
5 8 117
8 5 117
5 9 698
9 5 698
5 11 1
11 5 1
5 14 553
14 5 553
5 34 651
34 5 651
5 72 497
72 5 497
5 76 651
76 5 651
5 31 563
31 5 563
5 72 562
72 5 562
5 62 824
62 5 824
5 20 747
20 5 747
5 54 165
54 5 165
5 17 936
17 5 936
5 24 455
24 5 455
5 69 631
69 5 631
5 35 881
35 5 881
5 57 280
57 5 280
5 50 639
50 5 639
5 63 278
63 5 278
5 82 293
82 5 293
5 67 94
67 5 94
5 43 152
43 5 152
5 65 231
65 5 231
5 63 149
63 5 149
6 16 954
16 6 954
6 23 736
23 6 736
6 45 217
45 6 217
6 74 685
74 6 685
6 62 835
62 6 835
6 37 335
37 6 335
6 51 32
51 6 32
6 56 564
56 6 564
6 39 667
39 6 667
6 25 428
25 6 428
6 65 231
65 6 231
6 37 547
37 6 547
6 66 786
66 6 786
6 55 11
55 6 11
6 17 30
17 6 30
7 19 819
19 7 819
7 13 585
13 7 585
7 40 875
40 7 875
7 51 927
51 7 927
7 9 139
9 7 139
7 81 439
81 7 439
7 41 595
41 7 595
7 61 121
61 7 121
7 51 952
51 7 952
7 80 527
80 7 527
7 77 986
77 7 986
7 74 161
74 7 161
7 57 858
57 7 858
7 80 719
80 7 719
7 43 649
43 7 649
7 13 276
13 7 276
8 13 605
13 8 605
8 22 629
22 8 629
8 32 287
32 8 287
8 33 612
33 8 612
8 46 763
46 8 763
8 54 421
54 8 421
8 67 583
67 8 583
8 79 863
79 8 863
8 33 332
33 8 332
8 10 496
10 8 496
8 70 308
70 8 308
8 23 483
23 8 483
8 33 51
33 8 51
8 52 916
52 8 916
8 55 968
55 8 968
8 26 114
26 8 114
8 9 449
9 8 449
8 19 127
19 8 127
8 28 530
28 8 530
8 30 464
30 8 464
8 45 64
45 8 64
8 29 229
29 8 229
8 52 891
52 8 891
8 58 784
58 8 784
8 9 820
9 8 820
8 23 609
23 8 609
8 12 604
12 8 604
9 10 896
10 9 896
9 35 603
35 9 603
9 61 239
61 9 239
9 47 464
47 9 464
9 50 524
50 9 524
9 14 378
14 9 378
9 80 508
80 9 508
9 61 532
61 9 532
9 29 443
29 9 443
9 39 49
39 9 49
9 69 621
69 9 621
9 23 112
23 9 112
9 49 365
49 9 365
9 49 680
49 9 680
9 9 46
9 9 46
9 31 32
31 9 32
9 53 749
53 9 749
9 76 294
76 9 294
9 70 166
70 9 166
9 45 232
45 9 232
9 62 963
62 9 963
9 79 8
79 9 8
10 50 584
50 10 584
10 78 470
78 10 470
10 21 517
21 10 517
10 63 891
63 10 891
10 77 540
77 10 540
10 61 939
61 10 939
10 61 30
61 10 30
10 34 131
34 10 131
10 30 70
30 10 70
10 58 390
58 10 390
10 52 297
52 10 297
10 11 822
11 10 822
10 69 372
69 10 372
10 75 657
75 10 657
10 81 566
81 10 566
11 21 329
21 11 329
11 37 601
37 11 601
11 47 49
47 11 49
11 50 895
50 11 895
11 71 348
71 11 348
11 78 929
78 11 929
11 64 439
64 11 439
11 69 535
69 11 535
11 58 363
58 11 363
11 45 625
45 11 625
11 36 885
36 11 885
11 28 143
28 11 143
11 12 642
12 11 642
11 64 67
64 11 67
11 48 678
48 11 678
12 63 331
63 12 331
12 67 757
67 12 757
12 37 746
37 12 746
12 53 490
53 12 490
12 18 215
18 12 215
12 45 416
45 12 416
12 30 568
30 12 568
12 57 14
57 12 14
12 43 392
43 12 392
12 21 898
21 12 898
12 27 259
27 12 259
12 65 1000
65 12 1000
12 38 327
38 12 327
12 52 840
52 12 840
12 32 371
32 12 371
12 43 295
43 12 295
12 41 408
41 12 408
12 60 318
60 12 318
12 44 409
44 12 409
12 42 325
42 12 325
13 31 559
31 13 559
13 69 840
69 13 840
13 32 423
32 13 423
13 45 157
45 13 157
13 37 338
37 13 338
13 82 482
82 13 482
13 29 347
29 13 347
13 36 921
36 13 921
13 26 835
26 13 835
13 15 192
15 13 192
13 50 658
50 13 658
13 41 534
41 13 534
13 42 94
42 13 94
13 41 212
41 13 212
13 40 538
40 13 538
13 14 970
14 13 970
14 15 632
15 14 632
14 20 648
20 14 648
14 56 227
56 14 227
14 65 904
65 14 904
14 69 114
69 14 114
14 22 160
22 14 160
14 51 909
51 14 909
14 16 321
16 14 321
14 69 867
69 14 867
14 81 514
81 14 514
14 58 634
58 14 634
14 55 169
55 14 169
14 79 22
79 14 22
14 71 212
71 14 212
14 35 340
35 14 340
14 32 796
32 14 796
14 55 94
55 14 94
14 31 738
31 14 738
14 53 638
53 14 638
14 32 743
32 14 743
14 42 774
42 14 774
14 82 44
82 14 44
14 38 771
38 14 771
15 26 121
26 15 121
15 21 716
21 15 716
15 73 521
73 15 521
15 81 159
81 15 159
15 69 377
69 15 377
15 36 145
36 15 145
15 29 658
29 15 658
15 75 836
75 15 836
15 32 286
32 15 286
15 68 13
68 15 13
15 26 454
26 15 454
15 16 455
16 15 455
15 29 754
29 15 754
15 61 608
61 15 608
15 53 734
53 15 734
16 25 830
25 16 830
16 44 817
44 16 817
16 55 448
55 16 448
16 57 515
57 16 515
16 34 858
34 16 858
16 45 63
45 16 63
16 64 82
64 16 82
16 18 67
18 16 67
16 53 667
53 16 667
16 54 334
54 16 334
16 36 871
36 16 871
16 62 326
62 16 326
16 24 90
24 16 90
16 60 354
60 16 354
17 27 688
27 17 688
17 35 815
35 17 815
17 51 508
51 17 508
17 20 593
20 17 593
17 32 265
32 17 265
17 33 850
33 17 850
17 59 384
59 17 384
17 62 539
62 17 539
17 64 344
64 17 344
17 19 278
19 17 278
17 71 850
71 17 850
17 59 944
59 17 944
17 37 472
37 17 472
17 18 812
18 17 812
17 67 263
67 17 263
17 19 912
19 17 912
17 66 289
66 17 289
17 66 962
66 17 962
17 64 780
64 17 780
17 55 757
55 17 757
17 72 234
72 17 234
18 52 588
52 18 588
18 43 980
43 18 980
18 35 372
35 18 372
18 76 902
76 18 902
18 33 42
33 18 42
18 49 953
49 18 953
18 58 376
58 18 376
18 79 357
79 18 357
18 68 675
68 18 675
18 66 566
66 18 566
18 23 461
23 18 461
18 32 783
32 18 783
18 52 847
52 18 847
18 58 185
58 18 185
18 49 83
49 18 83
18 56 478
56 18 478
18 55 292
55 18 292
18 19 166
19 18 166
18 49 188
49 18 188
19 24 879
24 19 879
19 64 71
64 19 71
19 34 493
34 19 493
19 28 271
28 19 271
19 27 626
27 19 626
19 25 957
25 19 957
19 66 541
66 19 541
19 72 89
72 19 89
19 36 129
36 19 129
19 56 36
56 19 36
19 45 560
45 19 560
19 33 71
33 19 71
19 55 784
55 19 784
19 66 109
66 19 109
20 54 373
54 20 373
20 71 503
71 20 503
20 58 442
58 20 442
20 52 988
52 20 988
20 51 157
51 20 157
20 61 651
61 20 651
20 43 703
43 20 703
20 70 652
70 20 652
20 52 960
52 20 960
21 72 431
72 21 431
21 43 232
43 21 232
21 66 284
66 21 284
21 40 156
40 21 156
21 32 167
32 21 167
21 68 624
68 21 624
21 53 535
53 21 535
21 29 136
29 21 136
21 30 410
30 21 410
21 51 205
51 21 205
21 60 842
60 21 842
21 80 296
80 21 296
21 32 636
32 21 636
22 55 740
55 22 740
22 80 473
80 22 473
22 55 58
55 22 58
22 56 867
56 22 867
22 31 961
31 22 961
22 23 415
23 22 415
22 65 956
65 22 956
22 56 577
56 22 577
22 29 692
29 22 692
22 29 589
29 22 589
22 38 950
38 22 950
23 77 451
77 23 451
23 49 933
49 23 933
23 46 458
46 23 458
23 56 578
56 23 578
23 46 318
46 23 318
23 34 850
34 23 850
23 34 896
34 23 896
23 47 429
47 23 429
23 82 460
82 23 460
23 55 49
55 23 49
24 28 53
28 24 53
24 68 685
68 24 685
24 65 211
65 24 211
24 79 458
79 24 458
24 52 565
52 24 565
24 52 969
52 24 969
24 34 666
34 24 666
24 53 920
53 24 920
24 42 727
42 24 727
24 28 642
28 24 642
24 71 939
71 24 939
24 77 198
77 24 198
24 33 684
33 24 684
25 69 796
69 25 796
25 59 874
59 25 874
25 29 880
29 25 880
25 40 163
40 25 163
25 27 574
27 25 574
25 35 205
35 25 205
25 54 576
54 25 576
25 46 108
46 25 108
25 68 642
68 25 642
25 32 937
32 25 937
26 30 962
30 26 962
26 33 333
33 26 333
26 81 919
81 26 919
26 59 437
59 26 437
26 80 101
80 26 101
27 61 260
61 27 260
27 71 893
71 27 893
27 77 512
77 27 512
27 73 404
73 27 404
27 68 157
68 27 157
27 82 130
82 27 130
27 72 49
72 27 49
27 72 464
72 27 464
27 71 613
71 27 613
27 56 169
56 27 169
27 80 147
80 27 147
27 66 409
66 27 409
28 57 268
57 28 268
28 66 424
66 28 424
28 31 513
31 28 513
28 31 258
31 28 258
28 81 218
81 28 218
28 35 524
35 28 524
28 40 525
40 28 525
28 62 226
62 28 226
28 50 423
50 28 423
28 79 978
79 28 978
28 73 741
73 28 741
29 42 966
42 29 966
29 78 559
78 29 559
29 47 589
47 29 589
29 63 118
63 29 118
29 32 911
32 29 911
29 71 804
71 29 804
29 37 529
37 29 529
29 29 952
29 29 952
29 55 31
55 29 31
29 54 856
54 29 856
29 72 713
72 29 713
29 37 882
37 29 882
29 77 10
77 29 10
29 48 840
48 29 840
29 66 782
66 29 782
29 57 875
57 29 875
29 67 128
67 29 128
30 40 455
40 30 455
30 48 944
48 30 944
30 55 464
55 30 464
30 63 223
63 30 223
30 64 398
64 30 398
30 81 814
81 30 814
30 38 943
38 30 943
30 56 261
56 30 261
30 54 176
54 30 176
30 33 679
33 30 679
30 78 122
78 30 122
31 36 837
36 31 837
31 39 642
39 31 642
31 72 77
72 31 77
31 58 382
58 31 382
31 57 34
57 31 34
31 41 136
41 31 136
31 79 434
79 31 434
31 70 872
70 31 872
31 81 717
81 31 717
31 53 965
53 31 965
31 33 343
33 31 343
32 38 346
38 32 346
32 59 194
59 32 194
32 70 421
70 32 421
32 82 448
82 32 448
32 82 811
82 32 811
32 62 154
62 32 154
32 53 873
53 32 873
32 55 801
55 32 801
32 69 794
69 32 794
32 74 864
74 32 864
32 33 676
33 32 676
32 37 439
37 32 439
32 60 965
60 32 965
32 76 677
76 32 677
32 57 373
57 32 373
32 73 912
73 32 912
32 74 916
74 32 916
32 81 268
81 32 268
32 59 79
59 32 79
33 57 80
57 33 80
33 70 720
70 33 720
33 64 40
64 33 40
33 36 292
36 33 292
33 50 575
50 33 575
33 63 734
63 33 734
33 82 798
82 33 798
33 60 551
60 33 551
34 41 409
41 34 409
34 40 742
40 34 742
34 59 134
59 34 134
34 61 611
61 34 611
34 65 649
65 34 649
34 35 730
35 34 730
34 37 856
37 34 856
34 78 509
78 34 509
34 51 905
51 34 905
34 41 374
41 34 374
34 62 346
62 34 346
34 65 934
65 34 934
34 52 893
52 34 893
34 58 596
58 34 596
35 43 70
43 35 70
35 53 601
53 35 601
35 35 615
35 35 615
35 41 564
41 35 564
35 62 42
62 35 42
35 78 316
78 35 316
35 68 5
68 35 5
35 74 675
74 35 675
35 69 577
69 35 577
35 76 387
76 35 387
36 58 569
58 36 569
36 64 545
64 36 545
36 60 175
60 36 175
36 48 341
48 36 341
36 49 708
49 36 708
36 60 500
60 36 500
36 47 731
47 36 731
36 41 563
41 36 563
36 57 716
57 36 716
36 81 957
81 36 957
36 51 821
51 36 821
36 47 861
47 36 861
36 44 133
44 36 133
36 47 225
47 36 225
36 53 515
53 36 515
36 58 272
58 36 272
36 55 253
55 36 253
36 76 579
76 36 579
36 57 606
57 36 606
36 72 257
72 36 257
37 49 578
49 37 578
37 53 309
53 37 309
37 71 426
71 37 426
37 55 783
55 37 783
37 71 161
71 37 161
37 39 150
39 37 150
37 37 433
37 37 433
37 80 275
80 37 275
37 63 297
63 37 297
37 62 363
62 37 363
38 65 556
65 38 556
38 51 628
51 38 628
38 48 974
48 38 974
38 47 804
47 38 804
38 58 471
58 38 471
38 81 439
81 38 439
38 69 354
69 38 354
38 68 659
68 38 659
39 62 750
62 39 750
39 74 682
74 39 682
39 42 679
42 39 679
39 41 1
41 39 1
40 56 331
56 40 331
40 77 448
77 40 448
40 82 163
82 40 163
40 61 168
61 40 168
40 74 874
74 40 874
40 81 95
81 40 95
40 58 246
58 40 246
40 48 109
48 40 109
40 43 281
43 40 281
40 69 554
69 40 554
41 56 166
56 41 166
41 77 141
77 41 141
41 50 960
50 41 960
41 62 546
62 41 546
41 43 658
43 41 658
41 77 978
77 41 978
41 81 939
81 41 939
42 46 709
46 42 709
42 80 380
80 42 380
42 47 580
47 42 580
42 68 284
68 42 284
42 50 12
50 42 12
42 49 937
49 42 937
42 79 35
79 42 35
42 42 489
42 42 489
42 71 866
71 42 866
42 45 75
45 42 75
42 68 95
68 42 95
42 73 323
73 42 323
43 60 447
60 43 447
43 46 984
46 43 984
43 49 972
49 43 972
43 50 917
50 43 917
43 48 335
48 43 335
43 45 25
45 43 25
43 55 450
55 43 450
43 81 915
81 43 915
43 63 554
63 43 554
43 76 651
76 43 651
43 51 345
51 43 345
43 68 838
68 43 838
43 77 298
77 43 298
43 60 848
60 43 848
43 66 475
66 43 475
43 61 738
61 43 738
43 75 346
75 43 346
43 80 694
80 43 694
43 71 644
71 43 644
44 62 628
62 44 628
44 63 734
63 44 734
44 62 778
62 44 778
44 68 993
68 44 993
44 81 27
81 44 27
44 59 756
59 44 756
44 46 165
46 44 165
44 53 966
53 44 966
45 50 137
50 45 137
45 60 260
60 45 260
45 74 899
74 45 899
45 56 547
56 45 547
45 78 257
78 45 257
45 57 821
57 45 821
46 47 531
47 46 531
46 60 762
60 46 762
46 48 773
48 46 773
46 46 525
46 46 525
46 52 171
52 46 171
46 74 6
74 46 6
46 47 164
47 46 164
46 53 896
53 46 896
46 64 397
64 46 397
47 79 865
79 47 865
47 50 776
50 47 776
47 54 367
54 47 367
47 65 628
65 47 628
47 69 890
69 47 890
47 68 435
68 47 435
47 61 684
61 47 684
47 79 124
79 47 124
47 78 925
78 47 925
47 52 462
52 47 462
48 81 479
81 48 479
48 50 114
50 48 114
48 82 943
82 48 943
48 72 252
72 48 252
48 51 551
51 48 551
48 64 989
64 48 989
48 73 284
73 48 284
48 65 562
65 48 562
48 67 34
67 48 34
48 59 99
59 48 99
48 50 255
50 48 255
49 61 780
61 49 780
49 80 993
80 49 993
49 63 713
63 49 713
49 72 741
72 49 741
49 57 634
57 49 634
49 76 216
76 49 216
49 72 46
72 49 46
49 60 443
60 49 443
49 74 225
74 49 225
49 64 399
64 49 399
49 80 652
80 49 652
49 49 484
49 49 484
50 77 752
77 50 752
50 74 630
74 50 630
50 64 421
64 50 421
50 68 723
68 50 723
50 72 560
72 50 560
50 78 803
78 50 803
50 54 948
54 50 948
51 53 130
53 51 130
51 56 179
56 51 179
51 75 415
75 51 415
51 63 959
63 51 959
51 61 803
61 51 803
51 81 939
81 51 939
51 67 628
67 51 628
51 61 77
61 51 77
51 67 802
67 51 802
51 77 454
77 51 454
51 78 142
78 51 142
51 65 606
65 51 606
51 61 547
61 51 547
52 63 67
63 52 67
52 54 951
54 52 951
52 78 426
78 52 426
52 82 912
82 52 912
52 54 687
54 52 687
52 55 651
55 52 651
52 62 820
62 52 820
52 80 800
80 52 800
52 71 937
71 52 937
53 75 657
75 53 657
53 80 307
80 53 307
53 70 718
70 53 718
53 74 554
74 53 554
54 75 878
75 54 878
54 56 411
56 54 411
54 78 24
78 54 24
54 66 733
66 54 733
54 64 917
64 54 917
54 76 933
76 54 933
54 54 81
54 54 81
54 61 487
61 54 487
54 81 6
81 54 6
55 75 271
75 55 271
55 72 533
72 55 533
55 74 841
74 55 841
55 73 383
73 55 383
55 74 839
74 55 839
55 81 623
81 55 623
55 73 800
73 55 800
55 57 894
57 55 894
55 77 427
77 55 427
56 80 366
80 56 366
56 80 770
80 56 770
56 65 260
65 56 260
56 77 503
77 56 503
56 78 27
78 56 27
56 70 406
70 56 406
56 79 353
79 56 353
56 77 177
77 56 177
57 70 602
70 57 602
57 73 809
73 57 809
57 72 545
72 57 545
57 61 405
61 57 405
58 64 593
64 58 593
58 76 21
76 58 21
58 77 573
77 58 573
58 70 195
70 58 195
58 63 123
63 58 123
59 61 258
61 59 258
59 63 721
63 59 721
59 72 37
72 59 37
59 79 868
79 59 868
59 69 843
69 59 843
60 73 878
73 60 878
60 81 918
81 60 918
60 61 437
61 60 437
60 70 839
70 60 839
61 61 855
61 61 855
61 73 270
73 61 270
61 65 366
65 61 366
61 74 649
74 61 649
61 79 196
79 61 196
61 72 696
72 61 696
62 78 907
78 62 907
62 72 276
72 62 276
62 78 289
78 62 289
62 75 722
75 62 722
62 65 63
65 62 63
62 77 59
77 62 59
62 63 29
63 62 29
62 66 44
66 62 44
62 68 956
68 62 956
63 75 7
75 63 7
63 70 400
70 63 400
63 64 467
64 63 467
63 73 168
73 63 168
64 66 910
66 64 910
64 81 992
81 64 992
64 74 903
74 64 903
64 76 74
76 64 74
64 76 904
76 64 904
65 68 201
68 65 201
65 77 258
77 65 258
65 71 847
71 65 847
65 73 933
73 65 933
66 69 625
69 66 625
66 68 502
68 66 502
66 72 360
72 66 360
66 75 681
75 66 681
66 68 188
68 66 188
66 77 737
77 66 737
66 79 66
79 66 66
66 76 897
76 66 897
67 72 410
72 67 410
67 75 15
75 67 15
67 71 392
71 67 392
68 77 5
77 68 5
68 77 840
77 68 840
68 79 615
79 68 615
68 80 88
80 68 88
68 69 828
69 68 828
68 72 589
72 68 589
69 70 418
70 69 418
69 79 550
79 69 550
69 71 11
71 69 11
69 78 290
78 69 290
69 81 68
81 69 68
69 76 670
76 69 670
69 77 928
77 69 928
69 75 798
75 69 798
69 79 797
79 69 797
70 72 981
72 70 981
70 80 274
80 70 274
71 78 785
78 71 785
72 82 280
82 72 280
72 77 876
77 72 876
72 72 897
72 72 897
73 77 777
77 73 777
73 74 223
74 73 223
73 77 560
77 73 560
73 79 456
79 73 456
74 80 226
80 74 226
74 77 306
77 74 306
75 79 865
79 75 865
75 79 205
79 75 205
75 75 541
75 75 541
76 81 561
81 76 561
76 80 429
80 76 429
76 76 82
76 76 82
77 81 223
81 77 223
78 79 154
79 78 154
80 81 755
81 80 755
