90

0 1 731
1 0 731
0 2 393
2 0 393
0 16 167
16 0 167
0 27 652
27 0 652
0 44 616
44 0 616
0 54 752
54 0 752
0 81 578
81 0 578
0 47 96
47 0 96
0 73 673
73 0 673
0 5 656
5 0 656
0 30 392
30 0 392
0 85 855
85 0 855
0 8 316
8 0 316
0 73 846
73 0 846
0 9 836
9 0 836
0 27 537
27 0 537
0 39 198
39 0 198
0 71 612
71 0 612
0 62 540
62 0 540
0 11 532
11 0 532
0 0 602
0 0 602
0 42 790
42 0 790
0 63 460
63 0 460
0 38 609
38 0 609
0 66 782
66 0 782
0 9 422
9 0 422
1 3 973
3 1 973
1 8 82
8 1 82
1 28 506
28 1 506
1 34 505
34 1 505
1 28 859
28 1 859
1 86 576
86 1 576
1 21 956
21 1 956
1 25 778
25 1 778
1 42 889
42 1 889
1 64 397
64 1 397
1 82 266
82 1 266
1 8 651
8 1 651
1 76 316
76 1 316
1 3 788
3 1 788
1 36 526
36 1 526
1 68 522
68 1 522
1 39 211
39 1 211
1 65 735
65 1 735
1 45 161
45 1 161
1 10 298
10 1 298
1 41 177
41 1 177
1 84 85
84 1 85
2 4 539
4 2 539
2 6 223
6 2 223
2 12 596
12 2 596
2 38 902
38 2 902
2 88 59
88 2 59
2 72 281
72 2 281
2 83 954
83 2 954
2 68 548
68 2 548
2 50 705
50 2 705
2 35 968
35 2 968
2 12 589
12 2 589
2 9 908
9 2 908
2 60 539
60 2 539
2 51 310
51 2 310
2 82 894
82 2 894
2 9 460
9 2 460
2 14 747
14 2 747
2 50 450
50 2 450
2 67 674
67 2 674
2 57 254
57 2 254
2 51 567
51 2 567
3 20 815
20 3 815
3 50 762
50 3 762
3 26 289
26 3 289
3 32 321
32 3 321
3 56 706
56 3 706
3 9 264
9 3 264
3 77 994
77 3 994
3 85 141
85 3 141
3 71 75
71 3 75
3 64 516
64 3 516
3 87 275
87 3 275
3 68 962
68 3 962
3 48 64
48 3 64
3 12 824
12 3 824
4 5 604
5 4 604
4 7 341
7 4 341
4 23 251
23 4 251
4 20 650
20 4 650
4 70 462
70 4 462
4 43 387
43 4 387
4 58 305
58 4 305
4 13 955
13 4 955
4 21 414
21 4 414
4 68 489
68 4 489
4 72 686
72 4 686
4 87 183
87 4 183
4 7 519
7 4 519
4 15 970
15 4 970
4 39 918
39 4 918
4 45 348
45 4 348
4 31 628
31 4 628
5 11 77
11 5 77
5 24 880
24 5 880
5 72 69
72 5 69
5 57 802
57 5 802
5 57 92
57 5 92
5 60 908
60 5 908
5 44 947
44 5 947
5 49 729
49 5 729
5 68 3
68 5 3
5 53 741
53 5 741
5 50 717
50 5 717
5 15 581
15 5 581
5 70 199
70 5 199
5 10 639
10 5 639
5 65 87
65 5 87
5 18 619
18 5 619
5 52 708
52 5 708
5 20 196
20 5 196
5 68 465
68 5 465
5 72 938
72 5 938
5 54 69
54 5 69
5 26 535
26 5 535
5 43 698
43 5 698
6 19 730
19 6 730
6 89 915
89 6 915
6 52 325
52 6 325
6 40 180
40 6 180
6 23 223
23 6 223
6 19 791
19 6 791
6 25 147
25 6 147
6 18 894
18 6 894
6 49 392
49 6 392
6 29 736
29 6 736
6 75 231
75 6 231
6 87 225
87 6 225
6 64 388
64 6 388
6 56 938
56 6 938
6 44 202
44 6 202
7 9 169
9 7 169
7 10 607
10 7 607
7 37 43
37 7 43
7 53 754
53 7 754
7 77 687
77 7 687
7 50 621
50 7 621
7 23 468
23 7 468
7 33 402
33 7 402
7 26 363
26 7 363
7 62 898
62 7 898
7 62 659
62 7 659
7 53 990
53 7 990
7 59 615
59 7 615
7 81 626
81 7 626
7 14 156
14 7 156
7 62 625
62 7 625
7 55 792
55 7 792
7 50 395
50 7 395
7 35 320
35 7 320
7 36 7
36 7 7
7 47 762
47 7 762
7 50 914
50 7 914
7 48 771
48 7 771
8 14 762
14 8 762
8 31 731
31 8 731
8 75 304
75 8 304
8 88 814
88 8 814
8 81 483
81 8 483
8 28 217
28 8 217
8 53 444
53 8 444
8 37 267
37 8 267
8 35 410
35 8 410
8 53 469
53 8 469
8 41 630
41 8 630
8 57 716
57 8 716
8 13 954
13 8 954
8 81 914
81 8 914
8 25 157
25 8 157
8 58 371
58 8 371
8 65 321
65 8 321
8 27 760
27 8 760
8 69 184
69 8 184
8 56 177
56 8 177
8 16 809
16 8 809
8 59 211
59 8 211
8 69 592
69 8 592
9 17 441
17 9 441
9 31 193
31 9 193
9 72 170
72 9 170
9 12 998
12 9 998
9 18 100
18 9 100
9 41 47
41 9 47
9 48 567
48 9 567
9 57 128
57 9 128
9 45 819
45 9 819
9 26 131
26 9 131
9 76 464
76 9 464
9 83 43
83 9 43
9 82 287
82 9 287
9 80 368
80 9 368
9 77 912
77 9 912
10 29 132
29 10 132
10 68 201
68 10 201
10 12 490
12 10 490
10 47 324
47 10 324
10 23 81
23 10 81
10 40 774
40 10 774
10 59 580
59 10 580
10 88 284
88 10 284
10 35 333
35 10 333
10 44 117
44 10 117
10 11 411
11 10 411
10 64 856
64 10 856
10 56 161
56 10 161
10 68 193
68 10 193
10 59 293
59 10 293
10 67 91
67 10 91
10 55 153
55 10 153
10 57 372
57 10 372
10 38 62
38 10 62
10 86 815
86 10 815
11 13 15
13 11 15
11 15 664
15 11 664
11 21 404
21 11 404
11 85 498
85 11 498
11 42 832
42 11 832
11 67 462
67 11 462
11 56 949
56 11 949
11 76 424
76 11 424
11 42 878
42 11 878
11 49 743
49 11 743
11 70 816
70 11 816
11 84 152
84 11 152
11 69 473
69 11 473
11 89 523
89 11 523
11 62 938
62 11 938
11 56 624
56 11 624
12 30 686
30 12 686
12 35 130
35 12 130
12 62 313
62 12 313
12 29 176
29 12 176
12 35 717
35 12 717
12 84 554
84 12 554
12 18 855
18 12 855
12 28 470
28 12 470
12 31 762
31 12 762
12 54 674
54 12 674
12 32 656
32 12 656
12 86 434
86 12 434
12 19 993
19 12 993
12 13 275
13 12 275
13 22 307
22 13 307
13 63 384
63 13 384
13 62 808
62 13 808
13 81 439
81 13 439
13 30 367
30 13 367
13 52 693
52 13 693
13 27 425
27 13 425
13 55 476
55 13 476
13 54 389
54 13 389
13 21 92
21 13 92
13 88 180
88 13 180
13 70 326
70 13 326
13 27 173
27 13 173
13 81 699
81 13 699
14 86 990
86 14 990
14 85 761
85 14 761
14 67 738
67 14 738
14 29 262
29 14 262
14 48 327
48 14 327
14 14 117
14 14 117
14 77 811
77 14 811
14 58 863
58 14 863
14 78 239
78 14 239
14 27 951
27 14 951
14 75 186
75 14 186
14 74 451
74 14 451
14 39 303
39 14 303
14 39 802
39 14 802
14 66 871
66 14 871
14 15 965
15 14 965
14 84 142
84 14 142
15 77 111
77 15 111
15 46 889
46 15 889
15 50 385
50 15 385
15 83 755
83 15 755
15 46 324
46 15 324
15 58 574
58 15 574
15 61 530
61 15 530
15 27 526
27 15 526
15 73 304
73 15 304
15 40 142
40 15 142
15 58 699
58 15 699
15 39 762
39 15 762
15 25 535
25 15 535
15 49 112
49 15 112
15 70 864
70 15 864
15 17 896
17 15 896
15 57 248
57 15 248
16 44 128
44 16 128
16 76 449
76 16 449
16 57 396
57 16 396
16 59 112
59 16 112
16 36 424
36 16 424
17 18 329
18 17 329
17 51 156
51 17 156
17 29 185
29 17 185
17 49 788
49 17 788
17 52 207
52 17 207
17 32 688
32 17 688
17 36 870
36 17 870
17 67 619
67 17 619
17 88 537
88 17 537
17 26 754
26 17 754
17 28 563
28 17 563
17 60 735
60 17 735
17 19 330
19 17 330
17 76 723
76 17 723
17 66 505
66 17 505
17 72 166
72 17 166
17 62 554
62 17 554
17 60 498
60 17 498
17 57 914
57 17 914
17 89 846
89 17 846
17 39 269
39 17 269
18 40 654
40 18 654
18 74 938
74 18 938
18 39 970
39 18 970
18 49 45
49 18 45
18 53 362
53 18 362
18 83 27
83 18 27
18 20 29
20 18 29
18 31 677
31 18 677
18 53 756
53 18 756
18 72 121
72 18 121
18 52 880
52 18 880
18 28 921
28 18 921
18 42 921
42 18 921
18 68 253
68 18 253
18 26 834
26 18 834
19 40 745
40 19 745
19 67 746
67 19 746
19 70 650
70 19 650
19 71 239
71 19 239
19 44 513
44 19 513
19 20 384
20 19 384
19 21 368
21 19 368
19 39 433
39 19 433
19 88 83
88 19 83
19 20 919
20 19 919
19 30 669
30 19 669
19 68 800
68 19 800
19 60 474
60 19 474
19 29 771
29 19 771
19 44 511
44 19 511
19 40 987
40 19 987
19 77 268
77 19 268
19 29 688
29 19 688
19 26 883
26 19 883
19 69 385
69 19 385
20 36 848
36 20 848
20 39 447
39 20 447
20 75 518
75 20 518
20 71 790
71 20 790
20 45 718
45 20 718
20 46 188
46 20 188
20 46 672
46 20 672
20 30 614
30 20 614
20 52 964
52 20 964
21 25 174
25 21 174
21 45 246
45 21 246
21 46 537
46 21 537
21 75 148
75 21 148
21 68 735
68 21 735
21 40 634
40 21 634
21 60 531
60 21 531
21 39 199
39 21 199
21 57 244
57 21 244
21 24 406
24 21 406
21 48 107
48 21 107
21 85 808
85 21 808
21 84 849
84 21 849
21 88 215
88 21 215
21 63 591
63 21 591
22 26 868
26 22 868
22 81 296
81 22 296
22 35 636
35 22 636
22 27 148
27 22 148
22 35 739
35 22 739
22 69 745
69 22 745
22 34 709
34 22 709
22 71 742
71 22 742
22 51 909
51 22 909
22 27 749
27 22 749
22 26 948
26 22 948
22 38 424
38 22 424
22 60 694
60 22 694
22 85 68
85 22 68
23 69 94
69 23 94
23 58 239
58 23 239
23 84 798
84 23 798
23 64 74
64 23 74
23 37 664
37 23 664
23 26 630
26 23 630
23 30 700
30 23 700
23 32 768
32 23 768
23 82 794
82 23 794
24 42 250
42 24 250
24 82 654
82 24 654
24 71 145
71 24 145
24 43 223
43 24 223
24 50 461
50 24 461
24 38 838
38 24 838
24 24 179
24 24 179
24 51 486
51 24 486
24 55 722
55 24 722
24 39 757
39 24 757
24 50 580
50 24 580
24 49 66
49 24 66
24 32 41
32 24 41
24 62 813
62 24 813
24 45 213
45 24 213
24 59 770
59 24 770
24 40 734
40 24 734
24 44 672
44 24 672
24 45 553
45 24 553
24 66 109
66 24 109
24 37 249
37 24 249
24 73 47
73 24 47
25 64 799
64 25 799
25 41 784
41 25 784
25 66 107
66 25 107
25 58 340
58 25 340
25 75 412
75 25 412
25 71 66
71 25 66
25 46 473
46 25 473
25 78 845
78 25 845
25 37 890
37 25 890
26 81 682
81 26 682
26 84 527
84 26 527
26 44 569
44 26 569
26 56 553
56 26 553
26 31 120
31 26 120
26 74 203
74 26 203
26 80 505
80 26 505
26 85 896
85 26 896
26 81 736
81 26 736
26 75 51
75 26 51
26 87 700
87 26 700
26 87 913
87 26 913
26 69 634
69 26 634
27 71 792
71 27 792
27 37 823
37 27 823
27 84 518
84 27 518
27 77 478
77 27 478
27 48 212
48 27 212
27 61 301
61 27 301
27 49 554
49 27 554
27 71 366
71 27 366
27 61 397
61 27 397
27 79 730
79 27 730
27 63 659
63 27 659
27 51 937
51 27 937
27 31 677
31 27 677
27 51 184
51 27 184
27 50 195
50 27 195
27 61 206
61 27 206
28 32 664
32 28 664
28 33 637
33 28 637
28 44 348
44 28 348
28 32 608
32 28 608
28 38 41
38 28 41
28 37 615
37 28 615
28 50 899
50 28 899
28 50 450
50 28 450
28 89 200
89 28 200
28 79 99
79 28 99
28 48 301
48 28 301
29 37 999
37 29 999
29 48 839
48 29 839
29 53 266
53 29 266
29 54 514
54 29 514
29 37 887
37 29 887
29 86 930
86 29 930
29 62 943
62 29 943
29 70 78
70 29 78
29 34 397
34 29 397
29 36 730
36 29 730
29 37 74
37 29 74
29 30 805
30 29 805
29 65 567
65 29 567
29 66 468
66 29 468
30 84 354
84 30 354
30 73 235
73 30 235
30 60 491
60 30 491
30 81 873
81 30 873
30 76 463
76 30 463
30 38 822
38 30 822
30 40 878
40 30 878
30 32 13
32 30 13
30 53 370
53 30 370
30 80 317
80 30 317
30 53 469
53 30 469
30 76 867
76 30 867
30 53 182
53 30 182
30 36 250
36 30 250
30 48 629
48 30 629
30 86 721
86 30 721
30 84 736
84 30 736
30 73 674
73 30 674
30 64 878
64 30 878
30 49 690
49 30 690
30 39 447
39 30 447
30 81 467
81 30 467
30 60 634
60 30 634
30 60 284
60 30 284
31 52 565
52 31 565
31 67 400
67 31 400
31 33 598
33 31 598
31 78 338
78 31 338
31 73 364
73 31 364
31 73 783
73 31 783
31 54 620
54 31 620
31 51 235
51 31 235
31 64 27
64 31 27
31 77 793
77 31 793
31 37 753
37 31 753
32 41 394
41 32 394
32 47 44
47 32 44
32 64 682
64 32 682
32 75 865
75 32 865
32 66 305
66 32 305
32 73 925
73 32 925
32 51 677
51 32 677
32 44 163
44 32 163
32 84 54
84 32 54
32 40 306
40 32 306
33 39 195
39 33 195
33 54 291
54 33 291
33 45 196
45 33 196
33 62 482
62 33 482
33 33 421
33 33 421
33 43 973
43 33 973
33 72 488
72 33 488
33 50 824
50 33 824
33 61 122
61 33 122
34 55 274
55 34 274
34 72 556
72 34 556
34 44 226
44 34 226
34 73 443
73 34 443
34 49 114
49 34 114
34 83 101
83 34 101
34 42 294
42 34 294
34 82 356
82 34 356
34 69 904
69 34 904
34 63 893
63 34 893
35 69 743
69 35 743
35 74 843
74 35 843
35 53 183
53 35 183
35 55 924
55 35 924
35 47 723
47 35 723
35 78 109
78 35 109
35 36 212
36 35 212
35 65 638
65 35 638
35 62 416
62 35 416
36 43 433
43 36 433
36 77 101
77 36 101
36 87 144
87 36 144
36 46 540
46 36 540
36 60 534
60 36 534
36 76 391
76 36 391
36 89 70
89 36 70
36 89 730
89 36 730
36 81 601
81 36 601
36 83 239
83 36 239
36 77 520
77 36 520
36 63 1000
63 36 1000
37 83 658
83 37 658
37 65 447
65 37 447
37 89 594
89 37 594
37 86 621
86 37 621
37 49 143
49 37 143
37 50 275
50 37 275
37 85 921
85 37 921
37 57 346
57 37 346
37 55 288
55 37 288
37 43 103
43 37 103
37 82 343
82 37 343
38 78 14
78 38 14
38 80 390
80 38 390
38 47 204
47 38 204
38 73 594
73 38 594
38 62 632
62 38 632
38 62 36
62 38 36
38 44 474
44 38 474
38 76 19
76 38 19
38 67 563
67 38 563
38 57 115
57 38 115
38 43 142
43 38 142
38 47 892
47 38 892
38 72 800
72 38 800
38 48 134
48 38 134
38 39 586
39 38 586
38 39 892
39 38 892
38 45 193
45 38 193
38 74 418
74 38 418
39 58 492
58 39 492
39 61 788
61 39 788
39 64 402
64 39 402
39 76 461
76 39 461
39 58 663
58 39 663
39 53 387
53 39 387
39 47 762
47 39 762
40 63 235
63 40 235
40 48 592
48 40 592
40 64 306
64 40 306
40 78 394
78 40 394
40 75 82
75 40 82
40 57 20
57 40 20
40 76 946
76 40 946
40 43 737
43 40 737
40 46 12
46 40 12
40 59 668
59 40 668
40 82 737
82 40 737
41 78 18
78 41 18
41 79 976
79 41 976
41 87 850
87 41 850
41 80 347
80 41 347
41 48 376
48 41 376
41 56 786
56 41 786
41 44 341
44 41 341
41 85 570
85 41 570
41 70 689
70 41 689
41 65 762
65 41 762
41 71 886
71 41 886
41 85 375
85 41 375
42 43 373
43 42 373
42 57 1000
57 42 1000
42 48 879
48 42 879
42 61 857
61 42 857
42 43 720
43 42 720
42 69 252
69 42 252
42 85 210
85 42 210
42 59 927
59 42 927
42 43 464
43 42 464
42 66 237
66 42 237
42 80 296
80 42 296
42 57 915
57 42 915
42 57 978
57 42 978
43 49 206
49 43 206
43 86 95
86 43 95
43 84 994
84 43 994
43 58 581
58 43 581
43 53 710
53 43 710
43 75 894
75 43 894
43 66 220
66 43 220
43 75 87
75 43 87
43 78 688
78 43 688
43 60 436
60 43 436
44 67 159
67 44 159
44 65 105
65 44 105
44 75 691
75 44 691
44 58 34
58 44 34
44 74 736
74 44 736
45 59 953
59 45 953
45 85 254
85 45 254
45 55 407
55 45 407
45 50 446
50 45 446
45 56 816
56 45 816
45 84 205
84 45 205
46 79 932
79 46 932
46 87 711
87 46 711
46 81 859
81 46 859
46 61 260
61 46 260
46 67 3
67 46 3
46 85 230
85 46 230
46 72 432
72 46 432
46 82 859
82 46 859
46 48 735
48 46 735
47 67 634
67 47 634
47 83 554
83 47 554
47 71 218
71 47 218
47 70 952
70 47 952
47 81 285
81 47 285
47 79 807
79 47 807
47 64 726
64 47 726
47 47 534
47 47 534
47 84 619
84 47 619
47 48 165
48 47 165
47 55 171
55 47 171
47 79 2
79 47 2
47 63 569
63 47 569
47 88 567
88 47 567
47 56 773
56 47 773
47 70 97
70 47 97
47 79 360
79 47 360
47 85 558
85 47 558
48 79 796
79 48 796
48 80 669
80 48 669
48 88 61
88 48 61
49 66 811
66 49 811
49 66 253
66 49 253
49 65 98
65 49 98
49 82 71
82 49 71
49 51 78
51 49 78
49 50 642
50 49 642
49 80 381
80 49 381
49 63 110
63 49 110
49 69 599
69 49 599
49 87 524
87 49 524
49 51 895
51 49 895
49 65 299
65 49 299
50 71 160
71 50 160
50 62 262
62 50 262
50 82 921
82 50 921
50 68 207
68 50 207
50 64 561
64 50 561
50 61 237
61 50 237
51 65 655
65 51 655
51 69 74
69 51 74
51 59 425
59 51 425
51 68 136
68 51 136
51 89 744
89 51 744
51 85 384
85 51 384
51 88 548
88 51 548
51 60 348
60 51 348
52 56 58
56 52 58
52 60 758
60 52 758
52 85 60
85 52 60
52 88 912
88 52 912
52 62 628
62 52 628
52 77 158
77 52 158
52 84 597
84 52 597
52 85 144
85 52 144
52 54 823
54 52 823
53 62 927
62 53 927
53 81 231
81 53 231
53 77 723
77 53 723
53 63 407
63 53 407
53 81 865
81 53 865
54 61 416
61 54 416
54 65 215
65 54 215
54 67 791
67 54 791
54 71 624
71 54 624
54 70 453
70 54 453
55 70 600
70 55 600
55 62 568
62 55 568
55 84 641
84 55 641
55 77 125
77 55 125
55 83 622
83 55 622
55 74 316
74 55 316
55 78 856
78 55 856
56 68 502
68 56 502
56 57 259
57 56 259
56 78 258
78 56 258
56 71 948
71 56 948
56 66 564
66 56 564
56 70 321
70 56 321
56 62 882
62 56 882
56 64 702
64 56 702
56 60 717
60 56 717
56 72 965
72 56 965
57 66 189
66 57 189
57 62 802
62 57 802
57 71 956
71 57 956
57 75 878
75 57 878
57 81 271
81 57 271
58 72 266
72 58 266
58 88 267
88 58 267
58 87 934
87 58 934
58 76 869
76 58 869
58 69 282
69 58 282
59 65 17
65 59 17
59 64 791
64 59 791
59 81 354
81 59 354
60 71 169
71 60 169
60 64 647
64 60 647
60 76 324
76 60 324
60 67 725
67 60 725
60 77 903
77 60 903
60 86 531
86 60 531
60 72 910
72 60 910
60 66 730
66 60 730
61 86 610
86 61 610
61 69 719
69 61 719
61 74 39
74 61 39
61 74 207
74 61 207
61 65 531
65 61 531
61 87 902
87 61 902
61 75 885
75 61 885
61 76 98
76 61 98
61 83 689
83 61 689
61 87 421
87 61 421
61 83 51
83 61 51
61 61 630
61 61 630
62 72 264
72 62 264
62 79 541
79 62 541
62 68 301
68 62 301
62 89 186
89 62 186
62 72 457
72 62 457
63 80 331
80 63 331
63 78 391
78 63 391
63 65 659
65 63 659
63 80 9
80 63 9
63 70 155
70 63 155
64 89 368
89 64 368
64 83 509
83 64 509
64 83 644
83 64 644
64 76 442
76 64 442
65 81 541
81 65 541
65 82 138
82 65 138
65 89 110
89 65 110
66 84 303
84 66 303
67 80 279
80 67 279
67 78 558
78 67 558
67 77 35
77 67 35
68 69 798
69 68 798
68 82 402
82 68 402
68 70 190
70 68 190
69 82 109
82 69 109
69 88 482
88 69 482
70 83 805
83 70 805
70 88 939
88 70 939
70 83 540
83 70 540
70 74 676
74 70 676
71 73 316
73 71 316
71 76 118
76 71 118
71 72 854
72 71 854
72 74 346
74 72 346
72 77 369
77 72 369
72 81 887
81 72 887
72 74 484
74 72 484
73 73 682
73 73 682
73 78 361
78 73 361
74 81 66
81 74 66
74 78 501
78 74 501
74 87 171
87 74 171
74 77 693
77 74 693
74 88 216
88 74 216
76 85 583
85 76 583
76 83 519
83 76 519
76 82 438
82 76 438
77 79 246
79 77 246
78 78 279
78 78 279
78 86 569
86 78 569
78 84 349
84 78 349
80 84 955
84 80 955
80 81 42
81 80 42
81 86 138
86 81 138
81 89 129
89 81 129
82 85 556
85 82 556
82 88 15
88 82 15
83 86 97
86 83 97
83 85 609
85 83 609
85 88 368
88 85 368
85 89 803
89 85 803
