84

0 1 195
1 0 195
0 2 929
2 0 929
0 12 538
12 0 538
0 43 6
43 0 6
0 76 443
76 0 443
0 14 292
14 0 292
0 12 102
12 0 102
0 23 354
23 0 354
0 16 902
16 0 902
0 32 341
32 0 341
0 43 418
43 0 418
0 10 502
10 0 502
0 61 209
61 0 209
0 67 490
67 0 490
0 4 141
4 0 141
0 40 862
40 0 862
0 54 591
54 0 591
0 45 676
45 0 676
0 83 612
83 0 612
0 12 551
12 0 551
0 82 196
82 0 196
0 67 78
67 0 78
0 55 220
55 0 220
1 3 52
3 1 52
1 30 130
30 1 130
1 39 498
39 1 498
1 33 96
33 1 96
1 21 730
21 1 730
1 49 606
49 1 606
1 39 330
39 1 330
1 39 210
39 1 210
1 31 461
31 1 461
1 23 699
23 1 699
1 23 552
23 1 552
1 38 14
38 1 14
1 49 811
49 1 811
1 27 834
27 1 834
1 2 382
2 1 382
1 83 117
83 1 117
1 6 336
6 1 336
1 5 963
5 1 963
1 68 519
68 1 519
1 12 570
12 1 570
1 78 58
78 1 58
2 4 340
4 2 340
2 8 644
8 2 644
2 10 436
10 2 436
2 44 890
44 2 890
2 29 463
29 2 463
2 74 869
74 2 869
2 66 29
66 2 29
2 41 708
41 2 708
2 10 708
10 2 708
2 58 879
58 2 879
2 7 564
7 2 564
2 38 647
38 2 647
2 65 617
65 2 617
2 80 961
80 2 961
2 55 448
55 2 448
2 39 179
39 2 179
2 78 963
78 2 963
2 70 356
70 2 356
2 7 926
7 2 926
2 23 242
23 2 242
2 22 920
22 2 920
2 16 308
16 2 308
2 43 406
43 2 406
2 28 713
28 2 713
2 30 855
30 2 855
2 71 407
71 2 407
2 36 267
36 2 267
2 33 692
33 2 692
3 6 442
6 3 442
3 11 541
11 3 541
3 16 428
16 3 428
3 27 238
27 3 238
3 31 910
31 3 910
3 42 764
42 3 764
3 56 82
56 3 82
3 46 321
46 3 321
3 13 19
13 3 19
3 21 773
21 3 773
3 3 16
3 3 16
3 82 957
82 3 957
3 31 607
31 3 607
3 51 883
51 3 883
3 80 667
80 3 667
3 50 112
50 3 112
3 50 45
50 3 45
3 69 124
69 3 124
3 11 776
11 3 776
3 8 801
8 3 801
4 5 766
5 4 766
4 9 994
9 4 994
4 49 961
49 4 961
4 21 945
21 4 945
4 28 130
28 4 130
4 60 825
60 4 825
4 71 16
71 4 16
4 17 692
17 4 692
4 80 997
80 4 997
4 72 1
72 4 1
4 52 319
52 4 319
4 54 814
54 4 814
4 41 274
41 4 274
4 47 317
47 4 317
4 62 71
62 4 71
4 53 837
53 4 837
4 11 616
11 4 616
4 29 126
29 4 126
4 76 317
76 4 317
5 28 140
28 5 140
5 50 425
50 5 425
5 12 17
12 5 17
5 44 138
44 5 138
5 13 835
13 5 835
5 19 499
19 5 499
5 33 322
33 5 322
5 39 616
39 5 616
5 40 190
40 5 190
5 69 474
69 5 474
5 82 788
82 5 788
5 15 108
15 5 108
5 68 801
68 5 801
5 21 600
21 5 600
5 21 116
21 5 116
5 67 598
67 5 598
5 73 138
73 5 138
5 58 501
58 5 501
5 9 836
9 5 836
5 31 504
31 5 504
5 77 737
77 5 737
5 54 103
54 5 103
6 7 163
7 6 163
6 13 245
13 6 245
6 73 559
73 6 559
6 20 471
20 6 471
6 14 902
14 6 902
6 23 160
23 6 160
6 74 16
74 6 16
6 42 213
42 6 213
6 59 959
59 6 959
6 61 775
61 6 775
6 68 985
68 6 985
6 65 158
65 6 158
6 67 974
67 6 974
6 42 723
42 6 723
6 73 322
73 6 322
6 46 686
46 6 686
6 35 525
35 6 525
6 62 168
62 6 168
6 44 85
44 6 85
7 21 853
21 7 853
7 53 871
53 7 871
7 69 608
69 7 608
7 72 592
72 7 592
7 26 801
26 7 801
7 77 960
77 7 960
7 64 303
64 7 303
7 79 822
79 7 822
7 80 291
80 7 291
7 14 501
14 7 501
7 69 658
69 7 658
7 59 394
59 7 394
7 34 26
34 7 26
7 62 109
62 7 109
7 54 627
54 7 627
7 61 964
61 7 964
7 56 642
56 7 642
7 82 457
82 7 457
7 41 545
41 7 545
7 19 15
19 7 15
8 34 350
34 8 350
8 37 127
37 8 127
8 77 55
77 8 55
8 59 754
59 8 754
8 71 601
71 8 601
8 23 933
23 8 933
8 43 19
43 8 19
8 25 265
25 8 265
8 19 5
19 8 5
8 71 22
71 8 22
8 55 60
55 8 60
8 10 707
10 8 707
8 62 672
62 8 672
9 15 991
15 9 991
9 62 709
62 9 709
9 22 474
22 9 474
9 17 645
17 9 645
9 61 489
61 9 489
9 19 561
19 9 561
9 23 841
23 9 841
9 37 100
37 9 100
9 58 499
58 9 499
9 78 502
78 9 502
9 23 306
23 9 306
9 37 598
37 9 598
9 18 988
18 9 988
9 56 776
56 9 776
9 30 420
30 9 420
9 55 759
55 9 759
9 78 641
78 9 641
10 18 21
18 10 21
10 45 356
45 10 356
10 75 215
75 10 215
10 26 839
26 10 839
10 73 363
73 10 363
10 83 908
83 10 908
10 31 176
31 10 176
10 55 541
55 10 541
10 42 393
42 10 393
10 15 31
15 10 31
10 70 193
70 10 193
10 57 793
57 10 793
10 25 495
25 10 495
10 49 589
49 10 589
10 49 212
49 10 212
10 37 31
37 10 31
10 25 357
25 10 357
10 53 851
53 10 851
10 11 953
11 10 953
10 47 636
47 10 636
10 53 809
53 10 809
10 64 483
64 10 483
10 76 864
76 10 864
10 25 802
25 10 802
10 65 366
65 10 366
10 55 848
55 10 848
10 64 470
64 10 470
10 15 354
15 10 354
11 17 978
17 11 978
11 19 89
19 11 89
11 22 781
22 11 781
11 44 865
44 11 865
11 54 111
54 11 111
11 14 278
14 11 278
11 40 983
40 11 983
11 54 247
54 11 247
11 63 331
63 11 331
11 23 532
23 11 532
11 56 259
56 11 259
11 32 403
32 11 403
12 14 316
14 12 316
12 23 424
23 12 424
12 61 656
61 12 656
12 60 887
60 12 887
12 16 985
16 12 985
12 40 359
40 12 359
12 54 638
54 12 638
12 83 462
83 12 462
12 66 826
66 12 826
12 39 745
39 12 745
12 17 293
17 12 293
12 34 131
34 12 131
12 74 162
74 12 162
12 80 975
80 12 975
12 35 329
35 12 329
12 82 93
82 12 93
13 64 400
64 13 400
13 33 419
33 13 419
13 44 828
44 13 828
13 62 959
62 13 959
13 76 362
76 13 362
13 71 591
71 13 591
13 24 385
24 13 385
13 44 144
44 13 144
13 38 68
38 13 68
13 39 155
39 13 155
13 36 920
36 13 920
13 83 710
83 13 710
13 66 797
66 13 797
13 16 805
16 13 805
13 15 575
15 13 575
13 45 372
45 13 372
14 25 744
25 14 744
14 29 838
29 14 838
14 77 640
77 14 640
14 79 990
79 14 990
14 80 710
80 14 710
14 78 722
78 14 722
14 41 445
41 14 445
14 76 598
76 14 598
14 25 981
25 14 981
14 48 125
48 14 125
14 58 127
58 14 127
14 67 370
67 14 370
14 44 503
44 14 503
14 36 103
36 14 103
14 22 688
22 14 688
15 26 2
26 15 2
15 74 151
74 15 151
15 71 919
71 15 919
15 23 577
23 15 577
15 50 365
50 15 365
15 31 352
31 15 352
15 51 870
51 15 870
15 42 42
42 15 42
15 19 17
19 15 17
15 72 138
72 15 138
15 36 914
36 15 914
15 79 687
79 15 687
15 22 75
22 15 75
15 81 33
81 15 33
15 43 271
43 15 271
15 18 379
18 15 379
15 42 746
42 15 746
15 29 599
29 15 599
16 20 365
20 16 365
16 35 356
35 16 356
16 62 427
62 16 427
16 60 993
60 16 993
16 33 763
33 16 763
16 65 684
65 16 684
16 51 538
51 16 538
16 23 930
23 16 930
16 35 570
35 16 570
16 38 491
38 16 491
16 55 904
55 16 904
16 54 848
54 16 848
16 49 110
49 16 110
16 77 942
77 16 942
16 45 199
45 16 199
16 27 913
27 16 913
16 18 674
18 16 674
16 41 882
41 16 882
16 67 462
67 16 462
16 46 432
46 16 432
17 46 122
46 17 122
17 76 157
76 17 157
17 64 538
64 17 538
17 68 268
68 17 268
17 77 599
77 17 599
17 25 604
25 17 604
17 76 387
76 17 387
17 32 591
32 17 591
17 39 139
39 17 139
17 50 862
50 17 862
17 22 742
22 17 742
17 53 379
53 17 379
17 23 385
23 17 385
17 71 181
71 17 181
17 80 637
80 17 637
17 25 932
25 17 932
18 67 285
67 18 285
18 68 28
68 18 28
18 44 749
44 18 749
18 55 742
55 18 742
18 47 125
47 18 125
18 74 450
74 18 450
18 53 682
53 18 682
18 79 43
79 18 43
18 61 632
61 18 632
18 65 35
65 18 35
18 49 673
49 18 673
18 79 921
79 18 921
18 33 792
33 18 792
18 36 526
36 18 526
18 32 730
32 18 730
18 47 520
47 18 520
18 60 388
60 18 388
18 40 203
40 18 203
18 70 893
70 18 893
19 24 827
24 19 827
19 33 504
33 19 504
19 56 726
56 19 726
19 21 992
21 19 992
19 41 221
41 19 221
19 21 888
21 19 888
19 33 454
33 19 454
19 27 255
27 19 255
19 19 820
19 19 820
19 29 123
29 19 123
19 29 558
29 19 558
19 83 292
83 19 292
19 21 829
21 19 829
19 28 502
28 19 502
20 77 237
77 20 237
20 33 34
33 20 34
20 83 692
83 20 692
20 48 768
48 20 768
20 31 549
31 20 549
20 80 326
80 20 326
20 31 545
31 20 545
20 23 928
23 20 928
20 69 913
69 20 913
20 53 38
53 20 38
21 56 914
56 21 914
21 50 909
50 21 909
21 59 298
59 21 298
21 35 918
35 21 918
21 29 465
29 21 465
21 57 385
57 21 385
21 49 766
49 21 766
21 65 348
65 21 348
21 38 529
38 21 529
21 44 34
44 21 34
21 57 340
57 21 340
21 27 939
27 21 939
21 66 226
66 21 226
21 66 309
66 21 309
21 24 865
24 21 865
21 60 310
60 21 310
21 52 991
52 21 991
21 63 90
63 21 90
21 29 96
29 21 96
21 62 249
62 21 249
21 74 400
74 21 400
21 76 390
76 21 390
22 82 774
82 22 774
22 60 861
60 22 861
22 78 199
78 22 199
22 82 701
82 22 701
22 56 672
56 22 672
22 40 343
40 22 343
22 77 752
77 22 752
22 69 53
69 22 53
22 66 437
66 22 437
22 72 248
72 22 248
22 55 999
55 22 999
22 32 846
32 22 846
22 65 716
65 22 716
22 39 785
39 22 785
23 74 132
74 23 132
23 34 954
34 23 954
23 34 996
34 23 996
23 27 605
27 23 605
23 73 394
73 23 394
23 69 915
69 23 915
23 38 594
38 23 594
23 46 432
46 23 432
23 25 302
25 23 302
23 56 509
56 23 509
23 28 719
28 23 719
23 48 557
48 23 557
23 80 557
80 23 557
24 32 212
32 24 212
24 45 69
45 24 69
24 61 283
61 24 283
24 33 534
33 24 534
24 47 207
47 24 207
24 52 333
52 24 333
24 61 204
61 24 204
24 81 774
81 24 774
24 38 942
38 24 942
24 44 415
44 24 415
24 53 53
53 24 53
24 37 480
37 24 480
25 69 834
69 25 834
25 34 918
34 25 918
25 54 823
54 25 823
25 46 488
46 25 488
25 69 632
69 25 632
25 41 908
41 25 908
25 42 343
42 25 343
25 72 796
72 25 796
25 26 953
26 25 953
25 49 194
49 25 194
25 57 726
57 25 726
25 33 367
33 25 367
26 51 854
51 26 854
26 60 330
60 26 330
26 71 669
71 26 669
26 80 665
80 26 665
26 58 862
58 26 862
26 37 647
37 26 647
26 71 317
71 26 317
26 27 687
27 26 687
26 66 824
66 26 824
26 36 856
36 26 856
26 75 147
75 26 147
26 39 813
39 26 813
26 59 342
59 26 342
26 83 790
83 26 790
26 76 873
76 26 873
26 82 368
82 26 368
26 45 34
45 26 34
26 38 340
38 26 340
26 59 47
59 26 47
26 73 628
73 26 628
27 36 918
36 27 918
27 64 936
64 27 936
27 71 868
71 27 868
27 72 812
72 27 812
27 32 905
32 27 905
27 83 850
83 27 850
27 51 936
51 27 936
27 73 942
73 27 942
27 63 300
63 27 300
27 27 799
27 27 799
27 41 808
41 27 808
27 77 552
77 27 552
27 35 7
35 27 7
28 40 501
40 28 501
28 29 436
29 28 436
28 29 493
29 28 493
28 65 330
65 28 330
28 55 628
55 28 628
28 42 620
42 28 620
28 45 981
45 28 981
28 76 806
76 28 806
28 41 440
41 28 440
28 49 28
49 28 28
28 48 793
48 28 793
28 60 968
60 28 968
28 51 159
51 28 159
28 66 292
66 28 292
28 29 475
29 28 475
28 79 865
79 28 865
28 34 715
34 28 715
28 83 220
83 28 220
29 37 251
37 29 251
29 83 925
83 29 925
29 76 872
76 29 872
29 83 456
83 29 456
29 79 604
79 29 604
29 66 339
66 29 339
29 79 387
79 29 387
29 78 529
78 29 529
29 43 735
43 29 735
29 38 79
38 29 79
29 59 907
59 29 907
29 49 371
49 29 371
30 64 872
64 30 872
30 47 444
47 30 444
30 61 977
61 30 977
30 58 877
58 30 877
30 75 101
75 30 101
30 38 789
38 30 789
30 62 568
62 30 568
30 56 469
56 30 469
30 50 103
50 30 103
30 32 664
32 30 664
30 31 882
31 30 882
30 34 231
34 30 231
30 38 875
38 30 875
30 82 737
82 30 737
31 83 371
83 31 371
31 70 88
70 31 88
31 32 924
32 31 924
31 47 212
47 31 212
31 35 85
35 31 85
31 34 500
34 31 500
31 78 366
78 31 366
31 75 586
75 31 586
31 64 118
64 31 118
31 81 881
81 31 881
31 39 210
39 31 210
31 66 435
66 31 435
31 63 685
63 31 685
31 35 295
35 31 295
32 38 941
38 32 941
32 43 702
43 32 702
32 48 100
48 32 100
32 52 906
52 32 906
32 38 850
38 32 850
32 68 110
68 32 110
32 82 188
82 32 188
32 43 636
43 32 636
32 51 458
51 32 458
32 72 599
72 32 599
32 75 970
75 32 970
32 68 405
68 32 405
32 61 622
61 32 622
32 58 939
58 32 939
32 34 354
34 32 354
32 54 250
54 32 250
33 41 650
41 33 650
33 83 735
83 33 735
33 70 181
70 33 181
33 39 995
39 33 995
33 59 937
59 33 937
33 51 115
51 33 115
33 79 114
79 33 114
33 52 544
52 33 544
33 41 338
41 33 338
33 57 134
57 33 134
33 80 13
80 33 13
33 73 906
73 33 906
33 37 862
37 33 862
34 47 408
47 34 408
34 63 680
63 34 680
34 83 798
83 34 798
34 44 885
44 34 885
34 62 533
62 34 533
34 37 64
37 34 64
34 64 899
64 34 899
34 75 864
75 34 864
34 83 998
83 34 998
34 44 228
44 34 228
34 43 276
43 34 276
34 41 508
41 34 508
34 74 581
74 34 581
34 60 592
60 34 592
34 54 806
54 34 806
35 79 814
79 35 814
35 74 992
74 35 992
35 65 405
65 35 405
35 54 673
54 35 673
35 52 137
52 35 137
35 82 49
82 35 49
35 62 956
62 35 956
35 37 47
37 35 47
36 58 677
58 36 677
36 62 859
62 36 859
36 66 830
66 36 830
36 37 97
37 36 97
36 66 640
66 36 640
36 55 888
55 36 888
36 74 130
74 36 130
36 36 991
36 36 991
36 59 9
59 36 9
36 42 350
42 36 350
36 36 94
36 36 94
36 73 6
73 36 6
36 65 382
65 36 382
36 51 61
51 36 61
36 67 916
67 36 916
36 41 650
41 36 650
37 47 624
47 37 624
37 55 773
55 37 773
37 58 523
58 37 523
37 65 8
65 37 8
37 58 24
58 37 24
37 38 29
38 37 29
37 49 580
49 37 580
37 42 239
42 37 239
37 73 46
73 37 46
37 72 591
72 37 591
37 44 843
44 37 843
37 75 787
75 37 787
37 47 256
47 37 256
37 38 90
38 37 90
37 58 850
58 37 850
37 52 428
52 37 428
37 41 787
41 37 787
37 56 40
56 37 40
38 51 175
51 38 175
38 55 750
55 38 750
38 74 149
74 38 149
38 73 823
73 38 823
38 69 408
69 38 408
38 66 209
66 38 209
38 41 380
41 38 380
38 48 37
48 38 37
38 78 199
78 38 199
38 73 249
73 38 249
39 57 963
57 39 963
39 82 803
82 39 803
39 75 161
75 39 161
39 48 637
48 39 637
39 59 435
59 39 435
39 78 509
78 39 509
39 81 175
81 39 175
39 56 202
56 39 202
39 77 837
77 39 837
40 47 795
47 40 795
40 52 484
52 40 484
40 65 303
65 40 303
40 49 529
49 40 529
40 42 293
42 40 293
40 63 986
63 40 986
41 59 848
59 41 848
41 81 350
81 41 350
41 75 913
75 41 913
41 43 29
43 41 29
41 56 667
56 41 667
41 54 832
54 41 832
41 58 585
58 41 585
41 79 862
79 41 862
41 69 153
69 41 153
41 76 372
76 41 372
41 50 601
50 41 601
41 74 149
74 41 149
42 63 24
63 42 24
42 80 294
80 42 294
42 76 709
76 42 709
42 59 193
59 42 193
42 46 261
46 42 261
42 70 362
70 42 362
42 62 506
62 42 506
42 72 735
72 42 735
42 52 346
52 42 346
42 69 736
69 42 736
42 50 124
50 42 124
42 51 718
51 42 718
42 57 947
57 42 947
42 68 635
68 42 635
42 64 52
64 42 52
42 67 774
67 42 774
43 63 786
63 43 786
43 64 183
64 43 183
43 66 875
66 43 875
43 47 614
47 43 614
43 79 289
79 43 289
43 72 326
72 43 326
44 54 804
54 44 804
44 59 104
59 44 104
44 50 712
50 44 712
44 62 542
62 44 542
44 63 110
63 44 110
44 56 953
56 44 953
44 61 553
61 44 553
44 77 598
77 44 598
44 52 625
52 44 625
44 65 10
65 44 10
44 53 38
53 44 38
45 80 662
80 45 662
45 74 611
74 45 611
45 45 706
45 45 706
45 76 65
76 45 65
45 78 983
78 45 983
45 69 930
69 45 930
45 73 354
73 45 354
45 47 425
47 45 425
45 46 524
46 45 524
45 57 315
57 45 315
46 61 397
61 46 397
46 61 562
61 46 562
46 50 934
50 46 934
46 49 636
49 46 636
46 50 530
50 46 530
46 48 726
48 46 726
47 50 593
50 47 593
48 53 420
53 48 420
48 82 542
82 48 542
48 57 649
57 48 649
48 83 948
83 48 948
48 80 926
80 48 926
48 78 553
78 48 553
48 57 454
57 48 454
49 72 157
72 49 157
49 60 13
60 49 13
49 57 154
57 49 154
49 63 184
63 49 184
49 67 722
67 49 722
49 77 672
77 49 672
49 73 535
73 49 535
49 59 68
59 49 68
49 58 965
58 49 965
49 73 796
73 49 796
50 55 648
55 50 648
50 57 186
57 50 186
50 82 394
82 50 394
50 76 330
76 50 330
51 77 647
77 51 647
51 58 90
58 51 90
51 77 377
77 51 377
51 53 800
53 51 800
51 73 79
73 51 79
51 70 643
70 51 643
51 76 422
76 51 422
51 76 422
76 51 422
52 64 510
64 52 510
52 59 378
59 52 378
52 70 736
70 52 736
52 54 818
54 52 818
52 55 228
55 52 228
52 61 110
61 52 110
52 80 200
80 52 200
52 73 96
73 52 96
53 70 453
70 53 453
53 55 270
55 53 270
53 70 486
70 53 486
53 83 480
83 53 480
53 80 377
80 53 377
53 71 592
71 53 592
53 73 310
73 53 310
53 69 56
69 53 56
53 70 100
70 53 100
53 69 417
69 53 417
53 80 257
80 53 257
53 56 982
56 53 982
53 72 721
72 53 721
53 65 794
65 53 794
53 80 148
80 53 148
53 58 731
58 53 731
54 58 971
58 54 971
54 81 329
81 54 329
54 64 29
64 54 29
54 80 9
80 54 9
54 72 48
72 54 48
54 57 133
57 54 133
54 66 593
66 54 593
54 73 352
73 54 352
54 82 927
82 54 927
54 82 207
82 54 207
54 74 141
74 54 141
55 69 885
69 55 885
55 71 111
71 55 111
55 65 66
65 55 66
55 73 323
73 55 323
55 70 899
70 55 899
55 76 59
76 55 59
55 70 739
70 55 739
55 81 998
81 55 998
56 57 221
57 56 221
56 58 991
58 56 991
56 71 828
71 56 828
56 81 756
81 56 756
56 83 570
83 56 570
57 60 34
60 57 34
57 65 77
65 57 77
57 59 692
59 57 692
57 71 942
71 57 942
57 57 256
57 57 256
57 68 458
68 57 458
57 66 706
66 57 706
58 73 816
73 58 816
58 62 85
62 58 85
58 70 406
70 58 406
58 71 842
71 58 842
58 63 922
63 58 922
58 71 396
71 58 396
58 59 354
59 58 354
59 83 540
83 59 540
59 63 401
63 59 401
59 61 100
61 59 100
59 74 362
74 59 362
59 83 737
83 59 737
59 76 621
76 59 621
59 70 122
70 59 122
59 77 840
77 59 840
60 62 579
62 60 579
60 82 252
82 60 252
60 61 751
61 60 751
60 63 331
63 60 331
60 70 700
70 60 700
60 65 561
65 60 561
60 63 671
63 60 671
60 73 447
73 60 447
60 62 337
62 60 337
61 72 776
72 61 776
61 67 224
67 61 224
61 74 410
74 61 410
61 72 319
72 61 319
61 68 191
68 61 191
62 63 561
63 62 561
62 74 636
74 62 636
62 68 980
68 62 980
62 67 331
67 62 331
62 76 158
76 62 158
62 72 118
72 62 118
63 66 730
66 63 730
63 69 307
69 63 307
63 81 589
81 63 589
63 78 429
78 63 429
63 70 227
70 63 227
63 63 319
63 63 319
64 70 382
70 64 382
65 71 750
71 65 750
65 74 544
74 65 544
65 81 864
81 65 864
66 73 938
73 66 938
66 80 607
80 66 607
66 75 873
75 66 873
66 76 936
76 66 936
67 81 57
81 67 57
67 68 32
68 67 32
67 74 106
74 67 106
67 83 207
83 67 207
67 70 762
70 67 762
68 82 177
82 68 177
69 80 143
80 69 143
69 72 832
72 69 832
69 76 456
76 69 456
69 79 551
79 69 551
69 76 202
76 69 202
69 74 69
74 69 69
70 77 322
77 70 322
70 79 229
79 70 229
70 81 185
81 70 185
70 77 534
77 70 534
70 73 630
73 70 630
71 79 659
79 71 659
71 72 54
72 71 54
71 81 311
81 71 311
71 78 147
78 71 147
72 77 617
77 72 617
73 78 946
78 73 946
73 76 302
76 73 302
74 75 585
75 74 585
74 80 322
80 74 322
74 79 948
79 74 948
74 77 328
77 74 328
74 79 15
79 74 15
75 81 114
81 75 114
75 75 127
75 75 127
75 78 790
78 75 790
75 78 402
78 75 402
76 82 205
82 76 205
76 82 754
82 76 754
76 78 319
78 76 319
76 78 733
78 76 733
77 82 535
82 77 535
79 80 39
80 79 39
81 83 946
83 81 946
