22

0 1 650
1 0 650
0 6 665
6 0 665
0 9 236
9 0 236
0 10 373
10 0 373
0 10 361
10 0 361
0 11 705
11 0 705
0 21 612
21 0 612
0 2 237
2 0 237
0 19 739
19 0 739
1 2 795
2 1 795
1 3 222
3 1 222
1 4 244
4 1 244
1 5 569
5 1 569
1 16 804
16 1 804
1 18 912
18 1 912
1 13 329
13 1 329
1 7 74
7 1 74
1 9 928
9 1 928
1 16 942
16 1 942
1 3 459
3 1 459
2 14 589
14 2 589
2 6 110
6 2 110
2 19 391
19 2 391
2 21 830
21 2 830
2 16 314
16 2 314
3 10 999
10 3 999
3 5 187
5 3 187
3 14 495
14 3 495
3 9 936
9 3 936
3 9 894
9 3 894
4 13 373
13 4 373
4 14 241
14 4 241
4 17 400
17 4 400
5 7 786
7 5 786
5 8 425
8 5 425
5 13 384
13 5 384
5 16 927
16 5 927
5 18 473
18 5 473
5 10 933
10 5 933
5 11 917
11 5 917
5 6 736
6 5 736
6 17 869
17 6 869
6 20 619
20 6 619
6 15 943
15 6 943
6 15 123
15 6 123
6 10 596
10 6 596
6 17 188
17 6 188
7 12 468
12 7 468
7 12 810
12 7 810
7 16 897
16 7 897
7 14 598
14 7 598
7 16 344
16 7 344
7 12 216
12 7 216
8 11 2
11 8 2
8 9 443
9 8 443
8 13 41
13 8 41
8 19 263
19 8 263
8 14 29
14 8 29
9 12 406
12 9 406
9 11 592
11 9 592
9 17 579
17 9 579
9 14 318
14 9 318
10 15 314
15 10 314
10 18 310
18 10 310
10 19 237
19 10 237
10 15 835
15 10 835
10 20 627
20 10 627
11 12 28
12 11 28
11 16 927
16 11 927
11 12 661
12 11 661
11 19 160
19 11 160
11 14 937
14 11 937
12 16 85
16 12 85
13 16 152
16 13 152
13 18 946
18 13 946
13 15 493
15 13 493
13 14 775
14 13 775
13 13 766
13 13 766
13 17 847
17 13 847
14 19 517
19 14 517
14 16 991
16 14 991
14 21 406
21 14 406
15 18 658
18 15 658
15 15 923
15 15 923
15 21 235
21 15 235
15 21 445
21 15 445
16 20 391
20 16 391
16 16 245
16 16 245
17 21 588
21 17 588
18 21 991
21 18 991
19 21 384
21 19 384
20 21 586
21 20 586
