25

0 1 437
1 0 437
0 4 967
4 0 967
0 7 325
7 0 325
0 22 720
22 0 720
0 3 149
3 0 149
0 18 872
18 0 872
0 11 498
11 0 498
0 17 841
17 0 841
0 7 309
7 0 309
0 8 573
8 0 573
0 23 589
23 0 589
0 6 583
6 0 583
0 16 617
16 0 617
0 14 775
14 0 775
0 16 749
16 0 749
0 10 819
10 0 819
0 11 230
11 0 230
0 6 541
6 0 541
0 2 709
2 0 709
1 2 452
2 1 452
1 6 956
6 1 956
1 8 988
8 1 988
1 18 345
18 1 345
1 21 192
21 1 192
1 5 927
5 1 927
1 24 194
24 1 194
1 10 358
10 1 358
1 24 253
24 1 253
1 18 913
18 1 913
1 18 169
18 1 169
1 6 447
6 1 447
1 4 515
4 1 515
1 18 896
18 1 896
1 1 943
1 1 943
1 22 864
22 1 864
1 14 23
14 1 23
2 3 548
3 2 548
2 14 669
14 2 669
2 19 741
19 2 741
2 4 839
4 2 839
2 16 157
16 2 157
2 23 661
23 2 661
2 17 865
17 2 865
2 13 731
13 2 731
2 24 951
24 2 951
3 8 83
8 3 83
3 13 229
13 3 229
3 14 577
14 3 577
3 15 273
15 3 273
3 24 570
24 3 570
3 8 803
8 3 803
3 17 370
17 3 370
4 5 537
5 4 537
4 7 837
7 4 837
4 24 660
24 4 660
4 18 478
18 4 478
4 23 895
23 4 895
5 9 862
9 5 862
5 10 14
10 5 14
5 15 647
15 5 647
5 16 100
16 5 100
5 20 314
20 5 314
5 23 901
23 5 901
5 13 778
13 5 778
5 7 836
7 5 836
5 7 897
7 5 897
5 8 519
8 5 519
5 22 325
22 5 325
5 6 848
6 5 848
5 23 362
23 5 362
5 18 571
18 5 571
5 15 433
15 5 433
5 9 364
9 5 364
6 13 924
13 6 924
6 15 19
15 6 19
6 20 706
20 6 706
6 8 97
8 6 97
6 23 38
23 6 38
6 12 138
12 6 138
6 9 23
9 6 23
6 8 854
8 6 854
6 8 479
8 6 479
6 13 324
13 6 324
6 21 590
21 6 590
6 14 452
14 6 452
6 8 421
8 6 421
7 17 43
17 7 43
7 20 692
20 7 692
7 23 122
23 7 122
7 24 775
24 7 775
7 21 293
21 7 293
7 17 74
17 7 74
7 19 739
19 7 739
7 15 23
15 7 23
7 23 905
23 7 905
7 10 665
10 7 665
8 21 616
21 8 616
8 24 838
24 8 838
8 12 133
12 8 133
8 13 115
13 8 115
8 20 947
20 8 947
8 9 948
9 8 948
8 14 746
14 8 746
8 16 210
16 8 210
9 21 951
21 9 951
9 23 210
23 9 210
9 13 39
13 9 39
9 16 543
16 9 543
9 9 725
9 9 725
9 14 638
14 9 638
9 14 701
14 9 701
9 19 911
19 9 911
9 20 600
20 9 600
9 19 845
19 9 845
10 11 646
11 10 646
10 13 175
13 10 175
10 24 684
24 10 684
10 20 26
20 10 26
10 19 882
19 10 882
10 19 958
19 10 958
10 12 145
12 10 145
11 12 84
12 11 84
11 19 316
19 11 316
11 20 275
20 11 275
11 18 962
18 11 962
11 20 424
20 11 424
12 18 989
18 12 989
12 14 94
14 12 94
12 19 36
19 12 36
12 20 866
20 12 866
12 14 826
14 12 826
13 18 6
18 13 6
13 18 724
18 13 724
13 16 847
16 13 847
13 18 138
18 13 138
14 23 284
23 14 284
14 14 612
14 14 612
14 17 886
17 14 886
14 17 703
17 14 703
14 22 780
22 14 780
14 17 651
17 14 651
14 24 69
24 14 69
14 15 113
15 14 113
14 21 590
21 14 590
15 23 675
23 15 675
15 22 508
22 15 508
15 18 428
18 15 428
16 22 239
22 16 239
16 21 548
21 16 548
16 20 507
20 16 507
16 19 187
19 16 187
16 20 251
20 16 251
17 21 253
21 17 253
17 20 650
20 17 650
18 21 6
21 18 6
18 21 833
21 18 833
18 21 53
21 18 53
18 24 391
24 18 391
18 20 222
20 18 222
19 24 368
24 19 368
20 22 987
22 20 987
20 24 884
24 20 884
21 24 366
24 21 366
22 24 687
24 22 687
