21

0 1 699
1 0 699
0 2 570
2 0 570
0 5 800
5 0 800
0 7 858
7 0 858
0 16 773
16 0 773
0 9 361
9 0 361
0 17 476
17 0 476
0 13 465
13 0 465
0 13 522
13 0 522
0 2 278
2 0 278
0 13 749
13 0 749
1 9 568
9 1 568
1 1 258
1 1 258
1 5 14
5 1 14
1 15 360
15 1 360
1 9 745
9 1 745
1 10 548
10 1 548
1 4 426
4 1 426
2 3 667
3 2 667
2 6 84
6 2 84
2 14 336
14 2 336
3 4 924
4 3 924
3 18 602
18 3 602
3 5 460
5 3 460
3 9 403
9 3 403
3 9 890
9 3 890
3 4 573
4 3 573
3 6 540
6 3 540
3 19 973
19 3 973
3 5 370
5 3 370
4 10 596
10 4 596
4 11 769
11 4 769
4 12 425
12 4 425
4 9 954
9 4 954
4 17 554
17 4 554
4 15 201
15 4 201
4 16 222
16 4 222
4 18 896
18 4 896
4 17 241
17 4 241
4 4 234
4 4 234
4 15 849
15 4 849
5 9 169
9 5 169
5 18 69
18 5 69
5 6 449
6 5 449
6 9 907
9 6 907
7 8 113
8 7 113
7 16 462
16 7 462
7 9 344
9 7 344
7 11 55
11 7 55
7 14 852
14 7 852
7 19 380
19 7 380
8 20 837
20 8 837
8 12 549
12 8 549
9 14 908
14 9 908
9 15 175
15 9 175
9 17 314
17 9 314
9 19 356
19 9 356
9 11 718
11 9 718
9 10 813
10 9 813
9 12 686
12 9 686
9 10 672
10 9 672
9 15 431
15 9 431
10 19 441
19 10 441
10 17 158
17 10 158
10 16 674
16 10 674
10 18 25
18 10 25
11 17 285
17 11 285
11 18 546
18 11 546
11 20 701
20 11 701
12 13 370
13 12 370
12 16 538
16 12 538
12 13 313
13 12 313
12 20 852
20 12 852
13 18 712
18 13 712
13 15 872
15 13 872
14 19 656
19 14 656
14 14 977
14 14 977
14 15 469
15 14 469
14 16 187
16 14 187
17 18 807
18 17 807
17 17 54
17 17 54
18 19 184
19 18 184
18 19 558
19 18 558
