89

0 1 124
1 0 124
0 2 39
2 0 39
0 6 681
6 0 681
0 11 91
11 0 91
0 23 188
23 0 188
0 36 590
36 0 590
0 50 949
50 0 949
0 22 263
22 0 263
0 74 778
74 0 778
0 15 121
15 0 121
1 5 395
5 1 395
1 7 756
7 1 756
1 8 201
8 1 201
1 32 789
32 1 789
1 52 504
52 1 504
1 60 790
60 1 790
2 3 67
3 2 67
2 38 427
38 2 427
2 51 634
51 2 634
3 4 557
4 3 557
3 51 884
51 3 884
3 54 323
54 3 323
4 13 869
13 4 869
4 16 478
16 4 478
4 43 627
43 4 627
4 79 374
79 4 374
4 9 102
9 4 102
4 75 745
75 4 745
5 12 702
12 5 702
5 54 222
54 5 222
6 25 124
25 6 124
6 26 503
26 6 503
6 28 114
28 6 114
6 48 677
48 6 677
6 51 854
51 6 854
7 9 873
9 7 873
7 10 167
10 7 167
7 18 835
18 7 835
7 41 309
41 7 309
7 56 261
56 7 261
7 83 487
83 7 487
7 63 623
63 7 623
7 24 658
24 7 658
7 27 140
27 7 140
8 15 191
15 8 191
8 44 728
44 8 728
8 87 133
87 8 133
9 53 127
53 9 127
10 31 788
31 10 788
10 46 59
46 10 59
10 77 903
77 10 903
10 30 273
30 10 273
10 36 228
36 10 228
11 20 638
20 11 638
11 21 137
21 11 137
11 14 260
14 11 260
12 14 331
14 12 331
12 78 513
78 12 513
12 87 287
87 12 287
13 33 535
33 13 535
13 51 711
51 13 711
13 21 949
21 13 949
13 30 150
30 13 150
13 13 885
13 13 885
13 86 35
86 13 35
14 67 663
67 14 663
14 42 622
42 14 622
15 17 670
17 15 670
15 34 926
34 15 926
15 82 712
82 15 712
15 54 480
54 15 480
16 24 596
24 16 596
16 85 794
85 16 794
16 38 408
38 16 408
16 53 823
53 16 823
17 86 600
86 17 600
17 87 710
87 17 710
17 80 337
80 17 337
17 55 418
55 17 418
17 60 858
60 17 858
18 19 448
19 18 448
18 55 490
55 18 490
18 57 515
57 18 515
18 58 593
58 18 593
19 22 510
22 19 510
19 65 79
65 19 79
19 79 353
79 19 353
20 21 786
21 20 786
21 59 894
59 21 894
22 39 381
39 22 381
22 44 593
44 22 593
22 27 385
27 22 385
23 35 370
35 23 370
23 42 667
42 23 667
23 44 358
44 23 358
23 70 377
70 23 377
23 64 560
64 23 560
24 27 823
27 24 823
24 64 169
64 24 169
24 59 199
59 24 199
25 60 930
60 25 930
25 75 7
75 25 7
25 30 97
30 25 97
26 30 470
30 26 470
26 63 947
63 26 947
26 33 754
33 26 754
27 47 387
47 27 387
27 49 943
49 27 943
27 53 604
53 27 604
28 29 527
29 28 527
28 40 613
40 28 613
28 34 206
34 28 206
28 46 655
46 28 655
28 65 792
65 28 792
28 33 261
33 28 261
29 67 593
67 29 593
29 73 553
73 29 553
29 80 869
80 29 869
30 63 100
63 30 100
30 37 306
37 30 306
30 82 857
82 30 857
31 70 638
70 31 638
32 37 936
37 32 936
32 45 756
45 32 756
32 68 841
68 32 841
33 88 763
88 33 763
34 61 721
61 34 721
34 43 207
43 34 207
34 44 794
44 34 794
34 68 153
68 34 153
35 52 335
52 35 335
36 45 829
45 36 829
36 84 166
84 36 166
36 55 4
55 36 4
39 69 496
69 39 496
39 66 826
66 39 826
39 87 226
87 39 226
40 44 845
44 40 845
41 58 750
58 41 750
41 88 976
88 41 976
42 43 235
43 42 235
42 46 324
46 42 324
42 81 297
81 42 297
44 60 428
60 44 428
45 80 778
80 45 778
45 61 592
61 45 592
45 79 94
79 45 94
45 46 625
46 45 625
45 80 17
80 45 17
46 58 206
58 46 206
46 79 306
79 46 306
48 77 56
77 48 56
49 72 825
72 49 825
49 53 626
53 49 626
51 75 127
75 51 127
52 87 657
87 52 657
52 71 723
71 52 723
52 66 758
66 52 758
52 78 892
78 52 892
53 68 785
68 53 785
54 84 25
84 54 25
56 62 838
62 56 838
56 79 444
79 56 444
57 66 449
66 57 449
57 71 983
71 57 983
57 76 310
76 57 310
57 81 789
81 57 789
59 61 981
61 59 981
59 87 850
87 59 850
60 76 245
76 60 245
62 74 134
74 62 134
63 75 571
75 63 571
66 75 759
75 66 759
68 83 315
83 68 315
71 73 339
73 71 339
74 81 781
81 74 781
75 80 70
80 75 70
80 81 878
81 80 878
81 84 436
84 81 436
83 85 668
85 83 668
