48

0 1 235
1 0 235
0 5 470
5 0 470
0 7 738
7 0 738
0 33 720
33 0 720
0 12 286
12 0 286
0 40 933
40 0 933
0 32 816
32 0 816
0 41 932
41 0 932
0 29 375
29 0 375
0 43 149
43 0 149
0 0 863
0 0 863
0 30 694
30 0 694
0 44 185
44 0 185
0 36 902
36 0 902
1 2 143
2 1 143
1 3 126
3 1 126
1 46 637
46 1 637
1 46 398
46 1 398
1 28 118
28 1 118
1 34 291
34 1 291
1 42 999
42 1 999
1 31 102
31 1 102
1 30 761
30 1 761
2 10 884
10 2 884
2 12 867
12 2 867
2 13 466
13 2 466
2 15 71
15 2 71
2 20 636
20 2 636
2 32 38
32 2 38
2 21 54
21 2 54
2 13 176
13 2 176
2 23 51
23 2 51
2 28 621
28 2 621
2 29 384
29 2 384
2 38 558
38 2 558
2 26 692
26 2 692
2 18 726
18 2 726
2 38 579
38 2 579
3 4 423
4 3 423
3 11 187
11 3 187
3 29 149
29 3 149
3 36 152
36 3 152
3 47 250
47 3 250
3 7 207
7 3 207
3 23 311
23 3 311
3 15 450
15 3 450
4 6 735
6 4 735
4 8 798
8 4 798
4 19 548
19 4 548
4 44 920
44 4 920
4 9 310
9 4 310
4 38 254
38 4 254
4 15 449
15 4 449
4 23 857
23 4 857
4 22 560
22 4 560
4 20 386
20 4 386
4 22 65
22 4 65
4 18 703
18 4 703
4 28 81
28 4 81
4 35 600
35 4 600
4 22 804
22 4 804
5 31 160
31 5 160
5 29 491
29 5 491
5 34 245
34 5 245
6 17 912
17 6 912
6 34 295
34 6 295
6 39 117
39 6 117
6 45 433
45 6 433
6 45 233
45 6 233
6 23 319
23 6 319
6 10 251
10 6 251
6 12 683
12 6 683
6 42 752
42 6 752
6 28 7
28 6 7
6 44 749
44 6 749
7 9 449
9 7 449
7 18 937
18 7 937
7 34 907
34 7 907
7 17 435
17 7 435
7 38 111
38 7 111
7 24 583
24 7 583
7 8 608
8 7 608
7 43 943
43 7 943
8 31 814
31 8 814
8 47 121
47 8 121
8 29 667
29 8 667
8 26 833
26 8 833
8 17 634
17 8 634
8 10 391
10 8 391
8 23 885
23 8 885
8 17 384
17 8 384
8 14 841
14 8 841
8 16 258
16 8 258
9 14 393
14 9 393
9 28 376
28 9 376
9 23 546
23 9 546
9 44 211
44 9 211
9 33 848
33 9 848
9 40 1
40 9 1
9 22 471
22 9 471
9 20 900
20 9 900
10 16 209
16 10 209
10 21 538
21 10 538
10 29 466
29 10 466
10 27 696
27 10 696
10 24 367
24 10 367
10 27 709
27 10 709
10 31 234
31 10 234
10 28 250
28 10 250
10 47 154
47 10 154
10 20 688
20 10 688
11 21 818
21 11 818
11 43 567
43 11 567
11 22 233
22 11 233
11 33 888
33 11 888
11 23 98
23 11 98
11 12 939
12 11 939
12 35 192
35 12 192
12 38 861
38 12 861
12 21 319
21 12 319
12 16 174
16 12 174
13 13 159
13 13 159
13 35 203
35 13 203
13 15 853
15 13 853
14 44 294
44 14 294
15 22 525
22 15 525
15 24 782
24 15 782
15 30 505
30 15 505
15 43 805
43 15 805
15 44 97
44 15 97
15 41 457
41 15 457
15 19 704
19 15 704
16 46 590
46 16 590
16 36 697
36 16 697
16 18 173
18 16 173
16 41 461
41 16 461
16 23 581
23 16 581
16 26 5
26 16 5
16 41 394
41 16 394
16 46 250
46 16 250
16 34 815
34 16 815
17 41 580
41 17 580
17 19 332
19 17 332
17 32 967
32 17 967
17 39 679
39 17 679
17 38 8
38 17 8
18 23 938
23 18 938
18 25 151
25 18 151
18 31 930
31 18 930
18 18 320
18 18 320
18 35 132
35 18 132
19 47 193
47 19 193
19 38 110
38 19 110
19 44 446
44 19 446
19 43 624
43 19 624
20 44 396
44 20 396
20 29 408
29 20 408
20 33 821
33 20 821
21 26 900
26 21 900
21 41 76
41 21 76
21 36 393
36 21 393
21 40 646
40 21 646
22 25 194
25 22 194
22 43 636
43 22 636
23 34 493
34 23 493
23 39 378
39 23 378
23 31 121
31 23 121
24 27 465
27 24 465
24 40 45
40 24 45
24 28 178
28 24 178
24 45 548
45 24 548
24 43 320
43 24 320
24 42 658
42 24 658
25 42 430
42 25 430
25 30 991
30 25 991
25 40 167
40 25 167
25 38 184
38 25 184
25 34 853
34 25 853
26 41 331
41 26 331
26 33 188
33 26 188
26 29 747
29 26 747
26 31 532
31 26 532
26 32 609
32 26 609
26 30 575
30 26 575
26 37 566
37 26 566
26 33 881
33 26 881
27 33 588
33 27 588
27 37 656
37 27 656
27 42 996
42 27 996
28 38 67
38 28 67
28 34 757
34 28 757
28 34 310
34 28 310
28 41 644
41 28 644
29 45 72
45 29 72
29 30 268
30 29 268
29 36 735
36 29 735
29 44 180
44 29 180
29 34 584
34 29 584
30 44 355
44 30 355
30 33 510
33 30 510
30 40 954
40 30 954
31 37 473
37 31 473
31 40 15
40 31 15
31 45 224
45 31 224
31 46 401
46 31 401
32 47 969
47 32 969
32 45 949
45 32 949
32 39 526
39 32 526
32 34 537
34 32 537
33 34 103
34 33 103
33 43 1
43 33 1
33 39 938
39 33 938
33 35 204
35 33 204
33 45 936
45 33 936
34 38 647
38 34 647
34 41 353
41 34 353
34 38 363
38 34 363
34 38 703
38 34 703
35 46 769
46 35 769
35 38 984
38 35 984
38 47 136
47 38 136
38 47 728
47 38 728
41 43 369
43 41 369
41 44 197
44 41 197
41 47 571
47 41 571
42 42 665
42 42 665
45 46 648
46 45 648
