100

0 1 35
1 0 35
0 6 332
6 0 332
0 11 939
11 0 939
0 46 433
46 0 433
0 51 547
51 0 547
0 58 623
58 0 623
0 54 833
54 0 833
0 70 485
70 0 485
0 10 85
10 0 85
0 76 279
76 0 279
0 41 348
41 0 348
0 74 631
74 0 631
0 47 723
47 0 723
0 9 869
9 0 869
0 53 331
53 0 331
0 44 71
44 0 71
0 20 17
20 0 17
0 10 42
10 0 42
0 71 684
71 0 684
0 32 994
32 0 994
0 97 475
97 0 475
0 12 584
12 0 584
0 34 865
34 0 865
1 2 188
2 1 188
1 3 135
3 1 135
1 9 684
9 1 684
1 10 971
10 1 971
1 12 368
12 1 368
1 16 604
16 1 604
1 17 153
17 1 153
1 35 825
35 1 825
1 73 406
73 1 406
1 48 234
48 1 234
1 31 249
31 1 249
1 58 732
58 1 732
1 28 610
28 1 610
1 49 71
49 1 71
1 23 805
23 1 805
1 7 733
7 1 733
1 38 714
38 1 714
1 62 348
62 1 348
1 41 808
41 1 808
1 15 800
15 1 800
1 98 384
98 1 384
1 52 9
52 1 9
1 24 476
24 1 476
2 4 998
4 2 998
2 26 834
26 2 834
2 45 105
45 2 105
2 47 420
47 2 420
2 43 649
43 2 649
2 86 404
86 2 404
2 6 874
6 2 874
2 82 1
82 2 1
2 85 319
85 2 319
2 80 540
80 2 540
2 88 530
88 2 530
2 30 596
30 2 596
2 88 650
88 2 650
2 57 592
57 2 592
2 68 693
68 2 693
2 29 968
29 2 968
2 90 843
90 2 843
2 64 277
64 2 277
2 27 77
27 2 77
2 67 7
67 2 7
2 6 801
6 2 801
2 39 966
39 2 966
2 22 193
22 2 193
2 95 683
95 2 683
2 24 596
24 2 596
2 66 158
66 2 158
2 29 306
29 2 306
2 62 714
62 2 714
2 20 596
20 2 596
2 80 42
80 2 42
2 23 306
23 2 306
2 22 271
22 2 271
2 53 274
53 2 274
2 64 192
64 2 192
3 34 963
34 3 963
3 50 561
50 3 561
3 40 409
40 3 409
3 36 349
36 3 349
3 88 325
88 3 325
3 34 743
34 3 743
3 78 713
78 3 713
3 97 461
97 3 461
3 12 686
12 3 686
3 61 986
61 3 986
3 32 199
32 3 199
3 25 705
25 3 705
3 17 219
17 3 219
3 13 931
13 3 931
3 11 661
11 3 661
3 66 119
66 3 119
3 89 753
89 3 753
4 5 433
5 4 433
4 15 38
15 4 38
4 21 954
21 4 954
4 26 579
26 4 579
4 69 247
69 4 247
4 32 233
32 4 233
4 53 7
53 4 7
4 34 176
34 4 176
4 80 406
80 4 406
4 74 201
74 4 201
4 64 346
64 4 346
4 9 748
9 4 748
4 52 454
52 4 454
4 53 67
53 4 67
4 38 591
38 4 591
4 91 349
91 4 349
4 4 305
4 4 305
4 70 174
70 4 174
4 22 355
22 4 355
4 44 312
44 4 312
5 20 504
20 5 504
5 49 471
49 5 471
5 94 299
94 5 299
5 77 780
77 5 780
5 75 501
75 5 501
5 41 729
41 5 729
5 27 369
27 5 369
5 66 467
66 5 467
5 71 666
71 5 666
5 62 315
62 5 315
5 19 746
19 5 746
5 67 464
67 5 464
5 20 416
20 5 416
5 54 650
54 5 650
5 49 958
49 5 958
5 64 306
64 5 306
5 44 877
44 5 877
5 21 557
21 5 557
6 7 355
7 6 355
6 8 887
8 6 887
6 57 980
57 6 980
6 55 254
55 6 254
6 49 578
49 6 578
6 41 590
41 6 590
6 97 180
97 6 180
6 83 331
83 6 331
6 24 586
24 6 586
6 32 422
32 6 422
6 37 112
37 6 112
6 72 184
72 6 184
6 87 607
87 6 607
6 78 419
78 6 419
6 53 852
53 6 852
6 72 407
72 6 407
6 24 645
24 6 645
7 14 798
14 7 798
7 19 585
19 7 585
7 28 536
28 7 536
7 28 64
28 7 64
7 95 879
95 7 879
7 18 143
18 7 143
7 58 938
58 7 938
7 77 45
77 7 45
7 20 895
20 7 895
7 98 236
98 7 236
7 72 388
72 7 388
7 46 239
46 7 239
7 81 233
81 7 233
8 24 310
24 8 310
8 64 618
64 8 618
8 50 619
50 8 619
8 41 556
41 8 556
8 84 802
84 8 802
8 75 204
75 8 204
8 80 894
80 8 894
8 56 536
56 8 536
8 9 932
9 8 932
8 65 69
65 8 69
8 86 6
86 8 6
8 33 803
33 8 803
8 25 603
25 8 603
8 98 220
98 8 220
8 82 141
82 8 141
8 94 990
94 8 990
8 70 920
70 8 920
8 9 19
9 8 19
8 89 107
89 8 107
9 56 787
56 9 787
9 84 333
84 9 333
9 72 868
72 9 868
9 21 88
21 9 88
9 71 287
71 9 287
9 40 597
40 9 597
9 88 370
88 9 370
9 63 240
63 9 240
9 40 617
40 9 617
9 12 231
12 9 231
9 84 540
84 9 540
9 49 742
49 9 742
9 60 719
60 9 719
9 39 608
39 9 608
9 39 284
39 9 284
9 23 460
23 9 460
9 30 328
30 9 328
9 83 235
83 9 235
9 27 599
27 9 599
10 18 919
18 10 919
10 31 148
31 10 148
10 36 221
36 10 221
10 55 279
55 10 279
10 63 488
63 10 488
10 29 564
29 10 564
10 41 452
41 10 452
10 36 323
36 10 323
10 15 4
15 10 4
10 84 459
84 10 459
10 25 495
25 10 495
10 34 262
34 10 262
10 23 744
23 10 744
10 19 538
19 10 538
10 91 264
91 10 264
10 32 723
32 10 723
10 23 604
23 10 604
11 25 771
25 11 771
11 30 625
30 11 625
11 63 430
63 11 430
11 85 379
85 11 379
11 25 720
25 11 720
11 55 15
55 11 15
11 58 845
58 11 845
11 46 300
46 11 300
11 62 121
62 11 121
11 90 768
90 11 768
11 50 874
50 11 874
12 13 315
13 12 315
12 34 480
34 12 480
12 64 405
64 12 405
12 92 39
92 12 39
12 25 72
25 12 72
12 66 433
66 12 433
12 56 404
56 12 404
12 15 380
15 12 380
12 89 69
89 12 69
12 87 134
87 12 134
12 57 449
57 12 449
12 42 915
42 12 915
12 71 702
71 12 702
12 44 375
44 12 375
12 24 172
24 12 172
12 23 945
23 12 945
13 29 375
29 13 375
13 70 75
70 13 75
13 26 920
26 13 920
13 65 67
65 13 67
13 63 67
63 13 67
13 32 232
32 13 232
13 61 341
61 13 341
13 61 548
61 13 548
13 86 385
86 13 385
13 46 716
46 13 716
13 80 806
80 13 806
13 70 754
70 13 754
13 89 902
89 13 902
13 72 288
72 13 288
13 14 840
14 13 840
13 58 997
58 13 997
13 43 509
43 13 509
13 62 576
62 13 576
14 32 789
32 14 789
14 40 561
40 14 561
14 51 455
51 14 455
14 32 795
32 14 795
14 92 926
92 14 926
14 38 586
38 14 586
14 24 192
24 14 192
14 23 17
23 14 17
14 38 360
38 14 360
14 68 779
68 14 779
14 83 639
83 14 639
14 31 441
31 14 441
14 38 332
38 14 332
14 56 243
56 14 243
14 64 961
64 14 961
14 71 123
71 14 123
14 63 611
63 14 611
14 64 611
64 14 611
14 24 131
24 14 131
14 95 592
95 14 592
15 43 749
43 15 749
15 25 583
25 15 583
15 38 363
38 15 363
15 61 732
61 15 732
15 76 428
76 15 428
15 57 696
57 15 696
15 15 220
15 15 220
15 15 220
15 15 220
15 98 1
98 15 1
15 83 220
83 15 220
15 29 66
29 15 66
15 84 797
84 15 797
15 40 16
40 15 16
15 61 346
61 15 346
15 71 837
71 15 837
15 54 591
54 15 591
15 98 387
98 15 387
15 48 126
48 15 126
15 57 709
57 15 709
16 41 454
41 16 454
16 65 504
65 16 504
16 77 41
77 16 41
16 36 451
36 16 451
16 63 356
63 16 356
16 67 719
67 16 719
16 77 823
77 16 823
16 67 513
67 16 513
16 91 25
91 16 25
16 98 480
98 16 480
17 94 256
94 17 256
17 99 684
99 17 684
17 84 385
84 17 385
17 70 929
70 17 929
17 20 861
20 17 861
17 17 597
17 17 597
17 78 316
78 17 316
17 45 970
45 17 970
17 20 270
20 17 270
17 52 678
52 17 678
17 21 931
21 17 931
17 28 802
28 17 802
17 57 198
57 17 198
17 76 106
76 17 106
18 23 865
23 18 865
18 78 814
78 18 814
18 81 940
81 18 940
18 38 780
38 18 780
18 45 280
45 18 280
18 78 450
78 18 450
18 53 991
53 18 991
18 94 795
94 18 795
18 43 220
43 18 220
18 75 730
75 18 730
18 38 630
38 18 630
18 29 570
29 18 570
19 92 296
92 19 296
19 52 730
52 19 730
19 64 414
64 19 414
19 62 934
62 19 934
19 84 367
84 19 367
19 65 19
65 19 19
19 29 224
29 19 224
19 69 158
69 19 158
19 95 646
95 19 646
19 80 280
80 19 280
20 22 348
22 20 348
20 54 585
54 20 585
20 86 367
86 20 367
20 40 854
40 20 854
20 66 32
66 20 32
20 68 123
68 20 123
20 38 539
38 20 539
20 24 340
24 20 340
20 80 694
80 20 694
20 84 626
84 20 626
20 85 127
85 20 127
20 77 80
77 20 80
20 22 133
22 20 133
20 23 890
23 20 890
20 23 743
23 20 743
21 74 573
74 21 573
21 43 44
43 21 44
21 77 702
77 21 702
21 95 911
95 21 911
21 79 495
79 21 495
21 28 255
28 21 255
21 92 363
92 21 363
21 59 412
59 21 412
21 36 669
36 21 669
21 79 984
79 21 984
21 27 21
27 21 21
21 85 884
85 21 884
21 67 13
67 21 13
21 57 198
57 21 198
22 27 105
27 22 105
22 42 180
42 22 180
22 59 41
59 22 41
22 86 250
86 22 250
22 29 139
29 22 139
22 92 396
92 22 396
22 35 312
35 22 312
22 56 137
56 22 137
22 44 720
44 22 720
23 62 229
62 23 229
23 66 935
66 23 935
23 58 455
58 23 455
23 39 802
39 23 802
23 71 883
71 23 883
23 83 487
83 23 487
23 70 562
70 23 562
23 39 345
39 23 345
23 53 502
53 23 502
23 84 768
84 23 768
23 87 839
87 23 839
23 32 962
32 23 962
24 52 565
52 24 565
24 98 882
98 24 882
24 75 771
75 24 771
24 74 772
74 24 772
24 89 459
89 24 459
24 81 572
81 24 572
24 96 809
96 24 809
25 53 533
53 25 533
25 84 538
84 25 538
25 95 548
95 25 548
25 56 592
56 25 592
25 57 894
57 25 894
25 73 811
73 25 811
25 72 112
72 25 112
25 44 102
44 25 102
25 85 45
85 25 45
25 51 208
51 25 208
25 88 631
88 25 631
25 91 182
91 25 182
25 79 964
79 25 964
25 79 49
79 25 49
26 37 912
37 26 912
26 39 224
39 26 224
26 79 202
79 26 202
26 29 669
29 26 669
26 60 258
60 26 258
26 95 570
95 26 570
26 58 671
58 26 671
26 67 968
67 26 968
26 58 659
58 26 659
26 83 610
83 26 610
26 45 337
45 26 337
26 66 420
66 26 420
26 98 283
98 26 283
26 70 249
70 26 249
26 70 206
70 26 206
26 78 522
78 26 522
27 91 82
91 27 82
27 33 125
33 27 125
27 66 758
66 27 758
27 79 832
79 27 832
27 34 512
34 27 512
27 54 569
54 27 569
27 47 156
47 27 156
27 41 402
41 27 402
28 83 209
83 28 209
28 33 296
33 28 296
28 45 313
45 28 313
28 97 957
97 28 957
28 98 36
98 28 36
28 68 596
68 28 596
28 42 986
42 28 986
28 64 680
64 28 680
28 88 298
88 28 298
28 87 873
87 28 873
29 33 228
33 29 228
29 64 579
64 29 579
29 64 663
64 29 663
29 67 554
67 29 554
29 51 214
51 29 214
29 87 707
87 29 707
29 97 102
97 29 102
29 57 249
57 29 249
29 42 250
42 29 250
29 48 208
48 29 208
29 82 338
82 29 338
30 50 17
50 30 17
30 74 708
74 30 708
30 78 7
78 30 7
30 95 822
95 30 822
30 68 567
68 30 567
30 47 758
47 30 758
30 88 821
88 30 821
30 89 183
89 30 183
30 54 716
54 30 716
30 91 271
91 30 271
31 38 3
38 31 3
31 48 212
48 31 212
31 66 172
66 31 172
31 40 974
40 31 974
31 44 64
44 31 64
31 50 240
50 31 240
31 62 434
62 31 434
31 41 834
41 31 834
31 83 432
83 31 432
31 54 892
54 31 892
31 76 857
76 31 857
31 52 74
52 31 74
31 85 61
85 31 61
31 69 19
69 31 19
31 67 186
67 31 186
31 91 5
91 31 5
31 92 615
92 31 615
31 45 862
45 31 862
31 66 374
66 31 374
31 52 526
52 31 526
32 35 683
35 32 683
32 92 485
92 32 485
32 47 608
47 32 608
32 72 699
72 32 699
32 43 905
43 32 905
32 98 270
98 32 270
32 59 179
59 32 179
33 66 780
66 33 780
33 48 799
48 33 799
33 60 26
60 33 26
33 89 264
89 33 264
33 57 210
57 33 210
33 70 217
70 33 217
33 36 86
36 33 86
33 81 862
81 33 862
34 44 15
44 34 15
34 95 959
95 34 959
34 42 717
42 34 717
34 47 796
47 34 796
34 58 429
58 34 429
34 56 242
56 34 242
34 50 153
50 34 153
34 46 652
46 34 652
34 46 418
46 34 418
34 62 5
62 34 5
34 62 389
62 34 389
34 65 267
65 34 267
35 40 535
40 35 535
35 93 829
93 35 829
35 47 654
47 35 654
35 40 122
40 35 122
35 93 690
93 35 690
35 83 213
83 35 213
35 79 236
79 35 236
36 98 312
98 36 312
36 96 149
96 36 149
36 72 355
72 36 355
36 62 438
62 36 438
36 80 831
80 36 831
37 79 24
79 37 24
37 83 419
83 37 419
37 52 722
52 37 722
37 82 891
82 37 891
37 42 193
42 37 193
37 72 265
72 37 265
38 86 898
86 38 898
38 48 440
48 38 440
38 92 194
92 38 194
38 48 149
48 38 149
38 74 786
74 38 786
38 59 410
59 38 410
38 72 889
72 38 889
39 72 986
72 39 986
39 64 869
64 39 869
39 82 492
82 39 492
39 62 115
62 39 115
39 40 140
40 39 140
39 76 917
76 39 917
39 50 744
50 39 744
39 72 4
72 39 4
39 67 263
67 39 263
39 55 900
55 39 900
40 68 507
68 40 507
40 89 226
89 40 226
40 74 949
74 40 949
40 63 11
63 40 11
40 48 177
48 40 177
40 42 952
42 40 952
40 96 948
96 40 948
40 68 60
68 40 60
40 42 866
42 40 866
40 88 379
88 40 379
40 83 240
83 40 240
40 87 532
87 40 532
41 81 739
81 41 739
41 64 373
64 41 373
41 72 430
72 41 430
41 47 549
47 41 549
41 42 158
42 41 158
42 71 185
71 42 185
42 46 793
46 42 793
42 64 629
64 42 629
42 70 968
70 42 968
43 97 167
97 43 167
43 67 576
67 43 576
43 62 820
62 43 820
43 60 594
60 43 594
43 86 151
86 43 151
43 70 456
70 43 456
44 77 46
77 44 46
44 87 794
87 44 794
44 97 642
97 44 642
44 68 180
68 44 180
44 45 438
45 44 438
44 67 215
67 44 215
44 72 326
72 44 326
44 82 449
82 44 449
44 76 484
76 44 484
45 57 14
57 45 14
45 88 547
88 45 547
45 77 216
77 45 216
45 46 70
46 45 70
45 62 608
62 45 608
45 52 953
52 45 953
46 67 362
67 46 362
46 75 647
75 46 647
46 70 104
70 46 104
46 52 984
52 46 984
46 47 349
47 46 349
46 64 795
64 46 795
46 58 359
58 46 359
46 54 968
54 46 968
46 56 754
56 46 754
47 55 482
55 47 482
47 47 7
47 47 7
47 72 849
72 47 849
47 62 18
62 47 18
47 77 614
77 47 614
48 80 678
80 48 678
48 71 71
71 48 71
48 66 265
66 48 265
48 70 923
70 48 923
48 70 79
70 48 79
49 76 417
76 49 417
49 63 818
63 49 818
49 83 627
83 49 627
49 91 245
91 49 245
49 50 298
50 49 298
49 50 747
50 49 747
49 92 394
92 49 394
49 62 287
62 49 287
49 62 122
62 49 122
49 77 709
77 49 709
50 61 512
61 50 512
50 82 178
82 50 178
50 60 897
60 50 897
50 82 786
82 50 786
50 61 322
61 50 322
50 82 970
82 50 970
50 64 537
64 50 537
50 58 207
58 50 207
50 60 836
60 50 836
50 60 252
60 50 252
51 55 836
55 51 836
51 72 769
72 51 769
51 80 887
80 51 887
51 69 258
69 51 258
51 61 374
61 51 374
51 92 296
92 51 296
51 70 827
70 51 827
51 84 905
84 51 905
51 57 952
57 51 952
51 62 86
62 51 86
51 74 689
74 51 689
51 90 647
90 51 647
51 87 530
87 51 530
51 60 341
60 51 341
51 70 947
70 51 947
51 92 460
92 51 460
51 94 636
94 51 636
52 91 479
91 52 479
52 67 227
67 52 227
52 55 349
55 52 349
52 61 301
61 52 301
52 69 171
69 52 171
52 60 357
60 52 357
53 68 568
68 53 568
53 66 75
66 53 75
53 79 46
79 53 46
53 75 827
75 53 827
53 56 56
56 53 56
53 54 780
54 53 780
53 62 591
62 53 591
53 75 991
75 53 991
53 65 773
65 53 773
53 55 830
55 53 830
53 60 568
60 53 568
54 69 821
69 54 821
54 76 136
76 54 136
54 94 615
94 54 615
54 70 946
70 54 946
54 70 841
70 54 841
54 90 915
90 54 915
55 60 926
60 55 926
55 93 173
93 55 173
55 74 311
74 55 311
55 60 32
60 55 32
55 56 929
56 55 929
55 65 982
65 55 982
55 67 813
67 55 813
55 76 793
76 55 793
55 66 110
66 55 110
55 63 339
63 55 339
55 83 414
83 55 414
56 86 177
86 56 177
56 87 904
87 56 904
56 96 576
96 56 576
56 97 719
97 56 719
56 84 80
84 56 80
56 99 526
99 56 526
56 88 836
88 56 836
56 74 93
74 56 93
56 90 513
90 56 513
56 76 186
76 56 186
56 77 287
77 56 287
56 58 908
58 56 908
57 59 834
59 57 834
57 75 307
75 57 307
57 74 837
74 57 837
57 98 208
98 57 208
57 66 481
66 57 481
57 78 958
78 57 958
57 89 296
89 57 296
57 82 379
82 57 379
58 83 25
83 58 25
58 98 179
98 58 179
58 80 746
80 58 746
58 58 840
58 58 840
58 84 35
84 58 35
58 94 898
94 58 898
59 95 870
95 59 870
59 90 177
90 59 177
59 72 280
72 59 280
60 66 324
66 60 324
60 99 560
99 60 560
60 98 948
98 60 948
60 96 589
96 60 589
60 74 351
74 60 351
60 63 804
63 60 804
60 85 583
85 60 583
60 64 753
64 60 753
60 77 596
77 60 596
60 74 365
74 60 365
60 70 26
70 60 26
61 96 190
96 61 190
61 92 926
92 61 926
61 98 540
98 61 540
61 76 593
76 61 593
61 77 85
77 61 85
61 81 270
81 61 270
62 69 475
69 62 475
62 71 674
71 62 674
62 67 169
67 62 169
62 72 925
72 62 925
62 82 272
82 62 272
62 91 301
91 62 301
62 82 824
82 62 824
62 97 184
97 62 184
63 89 322
89 63 322
63 69 27
69 63 27
63 81 801
81 63 801
63 69 13
69 63 13
63 66 534
66 63 534
64 97 250
97 64 250
64 65 366
65 64 366
64 81 33
81 64 33
64 85 362
85 64 362
64 92 203
92 64 203
64 70 517
70 64 517
64 84 101
84 64 101
65 88 990
88 65 990
65 98 663
98 65 663
65 78 860
78 65 860
65 74 621
74 65 621
65 72 473
72 65 473
66 82 4
82 66 4
66 72 985
72 66 985
66 96 686
96 66 686
67 78 415
78 67 415
67 96 775
96 67 775
67 99 900
99 67 900
67 97 751
97 67 751
67 94 374
94 67 374
68 72 924
72 68 924
68 96 704
96 68 704
68 85 824
85 68 824
69 90 797
90 69 797
69 70 30
70 69 30
69 98 681
98 69 681
69 86 835
86 69 835
69 84 675
84 69 675
69 70 960
70 69 960
69 84 410
84 69 410
70 89 768
89 70 768
70 72 617
72 70 617
70 80 437
80 70 437
71 75 216
75 71 216
71 97 996
97 71 996
71 91 759
91 71 759
71 77 482
77 71 482
71 88 804
88 71 804
71 98 429
98 71 429
71 93 741
93 71 741
71 97 563
97 71 563
72 94 37
94 72 37
73 87 951
87 73 951
73 79 586
79 73 586
73 74 196
74 73 196
74 82 967
82 74 967
74 95 602
95 74 602
74 85 927
85 74 927
74 77 940
77 74 940
75 79 570
79 75 570
75 92 739
92 75 739
75 93 659
93 75 659
75 87 302
87 75 302
75 79 115
79 75 115
75 79 799
79 75 799
76 84 476
84 76 476
76 96 53
96 76 53
76 83 412
83 76 412
76 97 778
97 76 778
77 96 250
96 77 250
77 84 826
84 77 826
77 88 706
88 77 706
77 91 577
91 77 577
77 95 305
95 77 305
78 97 311
97 78 311
78 92 964
92 78 964
78 81 415
81 78 415
79 83 351
83 79 351
80 96 975
96 80 975
80 96 555
96 80 555
80 94 805
94 80 805
81 90 135
90 81 135
82 91 180
91 82 180
82 99 855
99 82 855
83 90 449
90 83 449
83 85 759
85 83 759
83 93 374
93 83 374
83 94 627
94 83 627
83 85 290
85 83 290
83 92 131
92 83 131
84 87 182
87 84 182
84 87 627
87 84 627
84 97 126
97 84 126
85 86 261
86 85 261
85 95 533
95 85 533
85 95 251
95 85 251
86 99 999
99 86 999
86 89 481
89 86 481
87 90 325
90 87 325
87 92 262
92 87 262
87 96 199
96 87 199
87 90 604
90 87 604
87 96 548
96 87 548
87 87 883
87 87 883
88 99 455
99 88 455
88 91 842
91 88 842
89 96 698
96 89 698
89 93 308
93 89 308
89 91 955
91 89 955
90 97 580
97 90 580
92 97 681
97 92 681
93 98 31
98 93 31
93 94 394
94 93 394
95 98 568
98 95 568
95 95 989
95 95 989
97 98 698
98 97 698
98 98 127
98 98 127
