56

0 1 367
1 0 367
0 5 580
5 0 580
0 19 797
19 0 797
0 28 723
28 0 723
0 6 248
6 0 248
0 31 78
31 0 78
0 0 937
0 0 937
0 49 417
49 0 417
0 55 367
55 0 367
0 20 823
20 0 823
0 30 50
30 0 50
0 28 725
28 0 725
0 4 17
4 0 17
0 43 816
43 0 816
0 33 759
33 0 759
0 1 613
1 0 613
0 2 77
2 0 77
0 10 371
10 0 371
0 21 778
21 0 778
0 22 822
22 0 822
0 35 789
35 0 789
0 38 763
38 0 763
0 11 480
11 0 480
1 2 695
2 1 695
1 3 602
3 1 602
1 4 84
4 1 84
1 7 563
7 1 563
1 13 31
13 1 31
1 14 70
14 1 70
1 38 332
38 1 332
1 52 866
52 1 866
1 17 894
17 1 894
1 4 826
4 1 826
1 11 333
11 1 333
1 49 768
49 1 768
1 31 480
31 1 480
1 17 820
17 1 820
1 4 37
4 1 37
1 51 887
51 1 887
2 12 13
12 2 13
2 41 279
41 2 279
2 55 800
55 2 800
2 30 270
30 2 270
2 18 964
18 2 964
2 33 583
33 2 583
2 17 209
17 2 209
2 55 772
55 2 772
2 11 326
11 2 326
2 39 787
39 2 787
2 51 21
51 2 21
2 38 216
38 2 216
2 6 112
6 2 112
2 27 201
27 2 201
2 39 640
39 2 640
2 18 651
18 2 651
3 9 170
9 3 170
3 22 964
22 3 964
3 46 263
46 3 263
3 45 829
45 3 829
3 41 904
41 3 904
3 17 914
17 3 914
3 8 401
8 3 401
3 18 37
18 3 37
3 35 631
35 3 631
3 19 376
19 3 376
3 3 370
3 3 370
3 3 649
3 3 649
3 12 308
12 3 308
3 44 194
44 3 194
3 5 183
5 3 183
3 49 291
49 3 291
3 42 669
42 3 669
3 29 578
29 3 578
3 29 510
29 3 510
3 14 892
14 3 892
3 5 478
5 3 478
4 31 607
31 4 607
4 47 978
47 4 978
4 49 828
49 4 828
4 23 996
23 4 996
4 48 891
48 4 891
4 18 256
18 4 256
4 46 413
46 4 413
4 43 763
43 4 763
4 40 702
40 4 702
4 5 656
5 4 656
4 28 874
28 4 874
4 37 967
37 4 967
4 52 977
52 4 977
4 7 923
7 4 923
4 28 204
28 4 204
4 32 739
32 4 739
4 24 120
24 4 120
4 45 396
45 4 396
4 54 241
54 4 241
4 42 585
42 4 585
4 50 94
50 4 94
4 30 939
30 4 939
4 31 671
31 4 671
4 11 92
11 4 92
4 8 138
8 4 138
5 6 227
6 5 227
5 43 42
43 5 42
5 45 869
45 5 869
5 12 197
12 5 197
5 26 351
26 5 351
5 9 603
9 5 603
5 35 268
35 5 268
5 43 870
43 5 870
5 46 376
46 5 376
5 15 588
15 5 588
5 15 440
15 5 440
5 38 435
38 5 435
5 18 598
18 5 598
5 10 82
10 5 82
5 26 537
26 5 537
5 39 921
39 5 921
5 37 281
37 5 281
5 53 290
53 5 290
6 11 407
11 6 407
6 23 216
23 6 216
6 33 391
33 6 391
6 35 990
35 6 990
6 27 351
27 6 351
6 43 551
43 6 551
6 10 114
10 6 114
6 10 664
10 6 664
6 43 391
43 6 391
6 34 379
34 6 379
6 22 82
22 6 82
6 15 159
15 6 159
7 8 978
8 7 978
7 17 716
17 7 716
7 18 891
18 7 891
7 21 370
21 7 370
7 25 890
25 7 890
7 39 856
39 7 856
7 49 959
49 7 959
7 52 523
52 7 523
7 10 782
10 7 782
7 7 448
7 7 448
7 38 36
38 7 36
7 23 907
23 7 907
7 55 300
55 7 300
7 42 279
42 7 279
7 24 717
24 7 717
7 9 226
9 7 226
7 26 935
26 7 935
7 8 546
8 7 546
7 48 613
48 7 613
7 53 1000
53 7 1000
7 11 413
11 7 413
7 55 13
55 7 13
7 11 692
11 7 692
7 17 61
17 7 61
7 26 356
26 7 356
8 10 620
10 8 620
8 45 701
45 8 701
8 42 891
42 8 891
8 38 566
38 8 566
8 33 846
33 8 846
8 34 814
34 8 814
8 27 595
27 8 595
8 15 123
15 8 123
8 50 642
50 8 642
8 39 536
39 8 536
8 27 669
27 8 669
8 39 981
39 8 981
8 37 834
37 8 834
8 12 417
12 8 417
8 31 193
31 8 193
8 49 608
49 8 608
9 29 887
29 9 887
9 10 37
10 9 37
9 50 434
50 9 434
9 20 769
20 9 769
9 50 740
50 9 740
9 23 344
23 9 344
9 44 453
44 9 453
9 30 632
30 9 632
9 26 853
26 9 853
9 47 545
47 9 545
9 29 833
29 9 833
9 25 511
25 9 511
10 41 209
41 10 209
10 12 369
12 10 369
10 26 878
26 10 878
10 36 20
36 10 20
10 46 868
46 10 868
10 31 801
31 10 801
10 22 233
22 10 233
10 41 659
41 10 659
10 14 516
14 10 516
10 40 447
40 10 447
10 13 317
13 10 317
10 38 246
38 10 246
11 15 967
15 11 967
11 40 372
40 11 372
11 35 417
35 11 417
11 44 587
44 11 587
11 23 817
23 11 817
11 16 304
16 11 304
11 46 43
46 11 43
11 52 204
52 11 204
11 27 633
27 11 633
11 22 338
22 11 338
11 41 967
41 11 967
12 35 230
35 12 230
12 36 573
36 12 573
12 31 614
31 12 614
12 43 457
43 12 457
12 37 733
37 12 733
12 54 870
54 12 870
12 27 709
27 12 709
12 27 699
27 12 699
12 41 956
41 12 956
12 20 897
20 12 897
12 36 966
36 12 966
12 15 840
15 12 840
12 28 634
28 12 634
12 43 875
43 12 875
12 53 451
53 12 451
13 52 493
52 13 493
13 17 13
17 13 13
13 37 548
37 13 548
13 36 31
36 13 31
13 49 940
49 13 940
13 42 605
42 13 605
13 51 955
51 13 955
13 22 598
22 13 598
13 51 198
51 13 198
13 21 940
21 13 940
13 35 492
35 13 492
13 31 209
31 13 209
13 52 214
52 13 214
14 35 359
35 14 359
14 23 157
23 14 157
14 42 565
42 14 565
14 46 720
46 14 720
14 48 808
48 14 808
14 26 118
26 14 118
14 19 949
19 14 949
14 17 774
17 14 774
14 47 577
47 14 577
14 51 108
51 14 108
14 41 541
41 14 541
14 46 566
46 14 566
14 53 12
53 14 12
15 16 585
16 15 585
15 19 167
19 15 167
15 36 85
36 15 85
15 46 136
46 15 136
15 55 490
55 15 490
15 34 133
34 15 133
15 17 713
17 15 713
15 40 232
40 15 232
15 42 993
42 15 993
15 26 857
26 15 857
15 41 767
41 15 767
15 36 865
36 15 865
15 45 93
45 15 93
15 50 959
50 15 959
15 30 456
30 15 456
15 35 96
35 15 96
15 27 526
27 15 526
15 38 311
38 15 311
15 36 903
36 15 903
16 24 393
24 16 393
16 30 230
30 16 230
16 41 639
41 16 639
16 26 843
26 16 843
16 39 20
39 16 20
16 25 766
25 16 766
16 53 889
53 16 889
16 55 231
55 16 231
16 45 550
45 16 550
16 38 160
38 16 160
16 39 850
39 16 850
16 23 338
23 16 338
17 40 106
40 17 106
17 33 801
33 17 801
17 35 846
35 17 846
17 28 101
28 17 101
17 41 298
41 17 298
17 37 288
37 17 288
17 24 667
24 17 667
18 20 296
20 18 296
18 37 315
37 18 315
18 53 643
53 18 643
18 18 393
18 18 393
18 50 277
50 18 277
18 38 462
38 18 462
18 45 97
45 18 97
18 38 760
38 18 760
18 42 222
42 18 222
18 21 747
21 18 747
18 39 229
39 18 229
18 22 110
22 18 110
18 23 470
23 18 470
18 49 10
49 18 10
18 28 836
28 18 836
18 20 790
20 18 790
19 27 364
27 19 364
19 53 536
53 19 536
19 42 940
42 19 940
19 52 6
52 19 6
19 34 386
34 19 386
19 49 33
49 19 33
19 21 953
21 19 953
19 34 721
34 19 721
19 25 907
25 19 907
19 31 491
31 19 491
19 35 422
35 19 422
19 55 660
55 19 660
19 31 892
31 19 892
19 42 113
42 19 113
19 34 920
34 19 920
19 23 603
23 19 603
19 25 515
25 19 515
19 51 136
51 19 136
19 54 601
54 19 601
19 41 678
41 19 678
20 47 60
47 20 60
20 47 116
47 20 116
20 39 229
39 20 229
20 55 455
55 20 455
20 42 605
42 20 605
20 45 971
45 20 971
20 22 455
22 20 455
20 28 365
28 20 365
20 45 102
45 20 102
20 50 388
50 20 388
20 49 7
49 20 7
20 48 676
48 20 676
20 27 988
27 20 988
21 32 468
32 21 468
21 46 305
46 21 305
21 28 704
28 21 704
21 27 694
27 21 694
21 25 29
25 21 29
21 26 28
26 21 28
21 35 994
35 21 994
21 25 845
25 21 845
21 37 229
37 21 229
21 27 128
27 21 128
21 26 861
26 21 861
21 54 13
54 21 13
21 32 827
32 21 827
22 26 267
26 22 267
22 49 850
49 22 850
22 39 943
39 22 943
22 31 483
31 22 483
22 52 76
52 22 76
22 36 198
36 22 198
22 29 598
29 22 598
22 37 693
37 22 693
22 29 965
29 22 965
22 31 311
31 22 311
23 54 721
54 23 721
23 41 192
41 23 192
24 27 62
27 24 62
24 35 551
35 24 551
24 48 696
48 24 696
24 35 400
35 24 400
24 41 165
41 24 165
24 34 767
34 24 767
25 54 969
54 25 969
25 49 808
49 25 808
25 48 849
48 25 849
25 35 328
35 25 328
25 47 581
47 25 581
25 54 605
54 25 605
26 52 684
52 26 684
26 46 143
46 26 143
26 43 217
43 26 217
26 53 689
53 26 689
26 44 390
44 26 390
26 52 80
52 26 80
27 47 990
47 27 990
27 44 526
44 27 526
27 28 341
28 27 341
27 44 277
44 27 277
27 47 774
47 27 774
27 51 825
51 27 825
27 55 716
55 27 716
28 40 40
40 28 40
28 42 1
42 28 1
28 32 957
32 28 957
28 44 640
44 28 640
28 49 989
49 28 989
28 46 373
46 28 373
28 32 400
32 28 400
28 55 752
55 28 752
28 44 882
44 28 882
28 49 290
49 28 290
28 50 318
50 28 318
29 45 6
45 29 6
29 33 26
33 29 26
29 50 114
50 29 114
29 45 862
45 29 862
30 34 530
34 30 530
30 33 52
33 30 52
30 53 535
53 30 535
30 38 996
38 30 996
30 50 175
50 30 175
30 48 639
48 30 639
30 34 712
34 30 712
30 51 208
51 30 208
30 45 223
45 30 223
30 51 1
51 30 1
30 55 607
55 30 607
30 31 850
31 30 850
30 44 143
44 30 143
31 48 826
48 31 826
31 44 78
44 31 78
31 50 861
50 31 861
31 53 296
53 31 296
31 44 143
44 31 143
31 49 73
49 31 73
31 50 108
50 31 108
31 34 170
34 31 170
31 41 143
41 31 143
31 36 930
36 31 930
31 31 218
31 31 218
31 46 900
46 31 900
32 36 177
36 32 177
32 36 415
36 32 415
32 35 490
35 32 490
32 37 532
37 32 532
32 33 392
33 32 392
33 44 205
44 33 205
33 45 30
45 33 30
33 52 171
52 33 171
33 39 301
39 33 301
33 33 579
33 33 579
33 35 490
35 33 490
33 47 614
47 33 614
33 43 703
43 33 703
33 34 628
34 33 628
33 55 582
55 33 582
34 48 573
48 34 573
34 50 956
50 34 956
34 44 438
44 34 438
34 44 940
44 34 940
34 45 758
45 34 758
34 40 556
40 34 556
34 53 79
53 34 79
34 39 342
39 34 342
34 44 145
44 34 145
34 46 71
46 34 71
34 43 644
43 34 644
34 39 721
39 34 721
34 53 667
53 34 667
34 39 795
39 34 795
34 44 75
44 34 75
34 39 695
39 34 695
35 36 368
36 35 368
35 54 823
54 35 823
35 50 234
50 35 234
35 43 161
43 35 161
35 51 593
51 35 593
35 40 326
40 35 326
35 40 321
40 35 321
35 50 119
50 35 119
36 40 990
40 36 990
36 48 365
48 36 365
36 48 473
48 36 473
36 43 513
43 36 513
36 43 417
43 36 417
36 38 682
38 36 682
36 52 705
52 36 705
37 43 601
43 37 601
37 48 921
48 37 921
37 37 347
37 37 347
37 40 575
40 37 575
37 39 661
39 37 661
37 49 59
49 37 59
37 42 366
42 37 366
37 47 24
47 37 24
37 53 880
53 37 880
37 51 728
51 37 728
37 39 296
39 37 296
37 55 712
55 37 712
38 43 826
43 38 826
38 42 359
42 38 359
38 47 34
47 38 34
38 47 626
47 38 626
38 44 117
44 38 117
38 49 685
49 38 685
38 52 539
52 38 539
39 42 96
42 39 96
39 47 425
47 39 425
39 55 951
55 39 951
39 44 512
44 39 512
39 45 887
45 39 887
40 47 351
47 40 351
40 45 790
45 40 790
40 41 4
41 40 4
40 48 89
48 40 89
40 43 35
43 40 35
40 53 291
53 40 291
41 54 184
54 41 184
41 55 636
55 41 636
41 47 396
47 41 396
41 45 146
45 41 146
42 51 12
51 42 12
42 50 771
50 42 771
42 52 944
52 42 944
42 53 954
53 42 954
43 44 20
44 43 20
43 52 156
52 43 156
44 53 333
53 44 333
44 49 903
49 44 903
44 50 269
50 44 269
45 47 49
47 45 49
46 47 909
47 46 909
46 48 682
48 46 682
46 49 828
49 46 828
47 49 862
49 47 862
47 52 914
52 47 914
47 53 977
53 47 977
48 49 409
49 48 409
48 50 402
50 48 402
48 54 858
54 48 858
48 50 418
50 48 418
49 55 800
55 49 800
49 49 545
49 49 545
51 52 412
52 51 412
51 52 222
52 51 222
51 54 476
54 51 476
51 53 304
53 51 304
51 55 856
55 51 856
52 55 977
55 52 977
52 54 932
54 52 932
52 52 116
52 52 116
52 53 124
53 52 124
53 55 191
55 53 191
54 55 968
55 54 968
