76

0 1 200
1 0 200
0 4 214
4 0 214
0 8 744
8 0 744
0 13 244
13 0 244
0 44 546
44 0 546
0 3 908
3 0 908
0 75 955
75 0 955
0 33 972
33 0 972
1 2 3
2 1 3
1 9 359
9 1 359
1 23 649
23 1 649
2 3 390
3 2 390
2 5 532
5 2 532
2 11 314
11 2 314
2 16 965
16 2 965
2 34 960
34 2 960
2 46 331
46 2 331
2 58 987
58 2 987
2 5 657
5 2 657
3 20 353
20 3 353
3 22 845
22 3 845
3 52 799
52 3 799
3 47 973
47 3 973
4 27 44
27 4 44
4 40 9
40 4 9
4 70 118
70 4 118
4 72 493
72 4 493
4 67 219
67 4 219
5 6 887
6 5 887
5 7 226
7 5 226
5 15 464
15 5 464
5 56 25
56 5 25
5 59 563
59 5 563
5 39 466
39 5 466
5 13 750
13 5 750
5 13 880
13 5 880
6 41 302
41 6 302
6 59 553
59 6 553
6 23 743
23 6 743
6 22 807
22 6 807
6 27 588
27 6 588
7 18 543
18 7 543
7 31 167
31 7 167
7 52 271
52 7 271
8 10 981
10 8 981
8 51 306
51 8 306
8 60 521
60 8 521
8 71 692
71 8 692
8 14 190
14 8 190
8 35 32
35 8 32
8 50 532
50 8 532
8 39 233
39 8 233
9 17 106
17 9 106
9 43 832
43 9 832
9 39 247
39 9 247
10 66 823
66 10 823
10 25 301
25 10 301
10 25 456
25 10 456
10 72 780
72 10 780
10 29 857
29 10 857
10 63 506
63 10 506
10 70 363
70 10 363
11 12 152
12 11 152
11 23 227
23 11 227
11 29 252
29 11 252
11 47 935
47 11 935
11 52 703
52 11 703
11 24 538
24 11 538
11 20 978
20 11 978
11 59 103
59 11 103
11 70 887
70 11 887
11 55 627
55 11 627
12 36 148
36 12 148
12 18 913
18 12 913
12 52 810
52 12 810
12 28 808
28 12 808
12 19 148
19 12 148
13 14 50
14 13 50
13 19 953
19 13 953
13 26 968
26 13 968
13 36 40
36 13 40
13 29 643
29 13 643
13 41 983
41 13 983
14 18 689
18 14 689
14 50 885
50 14 885
14 64 753
64 14 753
14 54 556
54 14 556
15 38 51
38 15 51
15 43 596
43 15 596
15 26 160
26 15 160
15 20 183
20 15 183
15 64 679
64 15 679
15 44 383
44 15 383
16 24 169
24 16 169
16 43 439
43 16 439
16 21 547
21 16 547
16 25 409
25 16 409
17 21 936
21 17 936
17 65 755
65 17 755
18 42 899
42 18 899
18 23 948
23 18 948
19 32 963
32 19 963
19 31 349
31 19 349
19 33 618
33 19 618
19 25 113
25 19 113
19 70 25
70 19 25
20 28 778
28 20 778
20 73 132
73 20 132
20 43 609
43 20 609
20 40 774
40 20 774
20 67 663
67 20 663
20 35 487
35 20 487
21 25 82
25 21 82
21 30 573
30 21 573
21 31 341
31 21 341
22 72 372
72 22 372
22 45 366
45 22 366
23 67 700
67 23 700
24 28 68
28 24 68
24 52 302
52 24 302
25 62 390
62 25 390
25 64 237
64 25 237
25 33 530
33 25 530
26 33 49
33 26 49
26 68 851
68 26 851
26 50 36
50 26 36
26 70 64
70 26 64
27 49 125
49 27 125
27 44 953
44 27 953
27 27 24
27 27 24
27 50 318
50 27 318
27 41 169
41 27 169
27 59 6
59 27 6
28 40 152
40 28 152
28 46 405
46 28 405
28 35 391
35 28 391
28 70 83
70 28 83
29 57 566
57 29 566
29 62 506
62 29 506
29 72 932
72 29 932
30 71 6
71 30 6
30 61 50
61 30 50
30 37 859
37 30 859
31 73 203
73 31 203
31 52 730
52 31 730
31 65 243
65 31 243
31 42 20
42 31 20
32 35 358
35 32 358
32 45 913
45 32 913
32 65 89
65 32 89
32 67 390
67 32 390
33 37 735
37 33 735
34 45 498
45 34 498
34 61 739
61 34 739
34 52 343
52 34 343
34 71 865
71 34 865
35 74 905
74 35 905
35 53 220
53 35 220
36 46 364
46 36 364
36 44 202
44 36 202
36 71 991
71 36 991
36 44 989
44 36 989
37 39 425
39 37 425
37 53 370
53 37 370
37 44 710
44 37 710
38 48 437
48 38 437
38 59 45
59 38 45
38 64 751
64 38 751
39 52 635
52 39 635
40 43 739
43 40 739
40 45 559
45 40 559
41 61 515
61 41 515
42 56 321
56 42 321
43 54 70
54 43 70
43 60 82
60 43 82
43 75 28
75 43 28
43 55 230
55 43 230
44 48 803
48 44 803
45 54 678
54 45 678
45 68 373
68 45 373
45 53 10
53 45 10
47 75 904
75 47 904
47 52 993
52 47 993
47 66 155
66 47 155
48 63 560
63 48 560
49 72 563
72 49 563
49 65 940
65 49 940
50 74 651
74 50 651
50 69 920
69 50 920
51 55 965
55 51 965
53 71 671
71 53 671
53 68 493
68 53 493
54 70 876
70 54 876
55 67 434
67 55 434
56 68 813
68 56 813
58 65 678
65 58 678
59 72 402
72 59 402
61 65 549
65 61 549
64 69 7
69 64 7
64 72 292
72 64 292
66 73 274
73 66 274
68 74 394
74 68 394
70 73 884
73 70 884
