88

0 1 973
1 0 973
0 6 134
6 0 134
0 12 656
12 0 656
0 13 146
13 0 146
0 16 566
16 0 566
0 39 262
39 0 262
0 11 692
11 0 692
0 81 70
81 0 70
0 71 319
71 0 319
0 14 650
14 0 650
0 61 280
61 0 280
0 50 124
50 0 124
0 68 325
68 0 325
0 22 121
22 0 121
0 0 544
0 0 544
0 55 525
55 0 525
0 42 535
42 0 535
0 29 53
29 0 53
0 33 898
33 0 898
0 12 540
12 0 540
0 4 69
4 0 69
0 39 114
39 0 114
0 24 714
24 0 714
0 17 549
17 0 549
0 87 552
87 0 552
0 15 827
15 0 827
0 9 815
9 0 815
0 82 746
82 0 746
0 37 492
37 0 492
1 2 920
2 1 920
1 3 16
3 1 16
1 7 152
7 1 152
1 23 879
23 1 879
1 43 60
43 1 60
1 58 177
58 1 177
1 59 646
59 1 646
1 81 865
81 1 865
1 19 489
19 1 489
1 43 845
43 1 845
1 8 711
8 1 711
1 56 818
56 1 818
1 78 894
78 1 894
1 52 931
52 1 931
1 79 753
79 1 753
1 66 211
66 1 211
1 42 903
42 1 903
1 61 943
61 1 943
1 86 645
86 1 645
1 81 868
81 1 868
1 60 223
60 1 223
1 51 63
51 1 63
1 15 958
15 1 958
2 4 942
4 2 942
2 10 392
10 2 392
2 5 554
5 2 554
2 37 622
37 2 622
2 84 591
84 2 591
2 59 1
59 2 1
2 24 463
24 2 463
2 34 756
34 2 756
2 29 272
29 2 272
2 33 378
33 2 378
2 72 233
72 2 233
2 8 228
8 2 228
2 52 37
52 2 37
2 41 295
41 2 295
2 16 826
16 2 826
2 54 188
54 2 188
3 5 458
5 3 458
3 8 22
8 3 22
3 50 725
50 3 725
3 45 597
45 3 597
3 40 914
40 3 914
3 9 818
9 3 818
3 47 79
47 3 79
3 72 4
72 3 4
3 80 875
80 3 875
3 39 60
39 3 60
3 40 127
40 3 127
3 33 879
33 3 879
3 8 690
8 3 690
3 20 7
20 3 7
3 75 565
75 3 565
4 27 893
27 4 893
4 42 441
42 4 441
4 69 410
69 4 410
4 48 806
48 4 806
4 42 973
42 4 973
4 60 345
60 4 345
4 14 815
14 4 815
4 37 93
37 4 93
4 7 614
7 4 614
4 62 384
62 4 384
4 12 688
12 4 688
4 72 331
72 4 331
4 47 221
47 4 221
4 43 185
43 4 185
4 35 51
35 4 51
4 54 429
54 4 429
4 63 778
63 4 778
4 81 108
81 4 108
4 42 287
42 4 287
4 55 624
55 4 624
4 67 424
67 4 424
4 6 478
6 4 478
4 64 339
64 4 339
4 68 19
68 4 19
5 15 956
15 5 956
5 21 998
21 5 998
5 40 101
40 5 101
5 21 245
21 5 245
5 60 528
60 5 528
5 54 773
54 5 773
5 20 746
20 5 746
5 60 24
60 5 24
5 27 634
27 5 634
5 72 220
72 5 220
5 37 777
37 5 777
5 34 53
34 5 53
6 11 674
11 6 674
6 20 688
20 6 688
6 24 355
24 6 355
6 41 87
41 6 87
6 46 201
46 6 201
6 23 250
23 6 250
6 17 95
17 6 95
6 81 772
81 6 772
6 25 675
25 6 675
6 63 972
63 6 972
6 21 523
21 6 523
6 64 432
64 6 432
6 29 974
29 6 974
6 81 500
81 6 500
6 21 141
21 6 141
6 86 309
86 6 309
6 56 234
56 6 234
6 53 51
53 6 51
6 56 617
56 6 617
6 45 932
45 6 932
6 47 431
47 6 431
7 69 99
69 7 99
7 31 735
31 7 735
7 66 464
66 7 464
7 11 767
11 7 767
7 14 247
14 7 247
7 25 754
25 7 754
7 69 845
69 7 845
7 36 552
36 7 552
7 43 697
43 7 697
7 11 428
11 7 428
7 57 516
57 7 516
7 16 214
16 7 214
7 71 303
71 7 303
7 27 112
27 7 112
7 79 255
79 7 255
7 56 275
56 7 275
7 75 997
75 7 997
8 9 232
9 8 232
8 87 921
87 8 921
8 24 2
24 8 2
8 9 61
9 8 61
8 67 31
67 8 31
8 80 223
80 8 223
8 59 964
59 8 964
8 33 326
33 8 326
8 35 629
35 8 629
8 25 321
25 8 321
8 78 929
78 8 929
8 28 459
28 8 459
8 63 487
63 8 487
8 20 578
20 8 578
8 58 503
58 8 503
8 70 751
70 8 751
8 59 735
59 8 735
8 43 868
43 8 868
9 17 400
17 9 400
9 40 271
40 9 271
9 78 771
78 9 771
9 68 470
68 9 470
9 34 840
34 9 840
9 27 975
27 9 975
9 64 530
64 9 530
9 40 847
40 9 847
9 10 276
10 9 276
9 10 152
10 9 152
9 77 515
77 9 515
9 41 506
41 9 506
9 29 643
29 9 643
9 39 171
39 9 171
9 86 267
86 9 267
9 18 620
18 9 620
9 85 292
85 9 292
9 10 431
10 9 431
10 34 643
34 10 643
10 78 660
78 10 660
10 30 413
30 10 413
10 72 142
72 10 142
10 53 827
53 10 827
10 48 475
48 10 475
10 39 822
39 10 822
10 78 930
78 10 930
10 21 140
21 10 140
10 20 632
20 10 632
10 25 34
25 10 34
10 17 874
17 10 874
10 70 946
70 10 946
10 72 950
72 10 950
10 41 328
41 10 328
10 11 465
11 10 465
10 35 809
35 10 809
10 70 176
70 10 176
10 77 392
77 10 392
10 13 967
13 10 967
10 19 305
19 10 305
11 14 863
14 11 863
11 22 558
22 11 558
11 29 666
29 11 666
11 70 413
70 11 413
11 75 141
75 11 141
11 16 184
16 11 184
11 27 161
27 11 161
11 24 860
24 11 860
11 27 120
27 11 120
11 19 808
19 11 808
11 35 113
35 11 113
11 36 443
36 11 443
11 40 163
40 11 163
11 84 426
84 11 426
11 61 418
61 11 418
11 44 486
44 11 486
11 84 937
84 11 937
11 34 753
34 11 753
11 54 238
54 11 238
11 48 709
48 11 709
11 24 862
24 11 862
11 51 57
51 11 57
12 30 858
30 12 858
12 63 414
63 12 414
12 64 256
64 12 256
12 77 855
77 12 855
12 52 987
52 12 987
12 50 275
50 12 275
12 14 816
14 12 816
12 39 547
39 12 547
12 73 973
73 12 973
12 64 322
64 12 322
12 16 825
16 12 825
12 43 648
43 12 648
12 15 77
15 12 77
12 61 724
61 12 724
12 41 643
41 12 643
12 81 865
81 12 865
12 81 504
81 12 504
12 31 486
31 12 486
12 84 908
84 12 908
12 59 961
59 12 961
12 79 532
79 12 532
12 50 579
50 12 579
12 23 274
23 12 274
12 86 970
86 12 970
12 12 316
12 12 316
13 18 989
18 13 989
13 31 457
31 13 457
13 49 102
49 13 102
13 60 134
60 13 134
13 29 705
29 13 705
13 29 119
29 13 119
13 80 349
80 13 349
13 18 959
18 13 959
13 82 120
82 13 120
13 55 842
55 13 842
13 59 137
59 13 137
13 55 56
55 13 56
13 15 8
15 13 8
14 38 856
38 14 856
14 61 624
61 14 624
14 17 732
17 14 732
14 30 736
30 14 736
14 18 706
18 14 706
14 69 614
69 14 614
14 81 60
81 14 60
14 39 489
39 14 489
14 76 15
76 14 15
14 75 653
75 14 653
14 76 311
76 14 311
14 23 717
23 14 717
14 72 729
72 14 729
14 85 545
85 14 545
14 85 867
85 14 867
14 14 828
14 14 828
15 32 995
32 15 995
15 76 891
76 15 891
15 65 197
65 15 197
15 55 460
55 15 460
15 29 315
29 15 315
15 43 37
43 15 37
15 24 438
24 15 438
15 69 132
69 15 132
15 80 595
80 15 595
15 66 430
66 15 430
15 72 656
72 15 656
15 41 913
41 15 913
15 29 586
29 15 586
15 86 926
86 15 926
15 84 125
84 15 125
15 47 508
47 15 508
15 40 274
40 15 274
15 81 693
81 15 693
15 48 157
48 15 157
15 87 535
87 15 535
15 69 237
69 15 237
15 77 801
77 15 801
16 33 426
33 16 426
16 25 672
25 16 672
16 45 469
45 16 469
16 52 455
52 16 455
16 21 744
21 16 744
16 40 437
40 16 437
16 65 938
65 16 938
16 66 117
66 16 117
16 73 87
73 16 87
16 54 846
54 16 846
16 46 293
46 16 293
16 28 68
28 16 68
16 43 113
43 16 113
16 41 492
41 16 492
16 68 32
68 16 32
16 46 268
46 16 268
16 16 311
16 16 311
16 87 236
87 16 236
16 38 542
38 16 542
17 19 937
19 17 937
17 56 956
56 17 956
17 60 639
60 17 639
17 48 223
48 17 223
17 69 351
69 17 351
17 77 268
77 17 268
17 75 705
75 17 705
17 39 902
39 17 902
17 38 828
38 17 828
17 66 529
66 17 529
17 45 781
45 17 781
17 74 586
74 17 586
17 81 634
81 17 634
17 61 128
61 17 128
17 75 900
75 17 900
17 54 37
54 17 37
17 23 387
23 17 387
17 28 843
28 17 843
17 28 815
28 17 815
17 53 897
53 17 897
17 58 977
58 17 977
17 58 734
58 17 734
17 54 900
54 17 900
17 68 10
68 17 10
18 47 102
47 18 102
18 76 626
76 18 626
18 43 223
43 18 223
18 62 827
62 18 827
18 59 173
59 18 173
18 71 27
71 18 27
18 26 150
26 18 150
18 37 263
37 18 263
18 76 194
76 18 194
18 55 409
55 18 409
18 77 258
77 18 258
18 69 103
69 18 103
18 60 227
60 18 227
18 50 255
50 18 255
18 78 14
78 18 14
18 30 897
30 18 897
19 54 140
54 19 140
19 79 155
79 19 155
19 27 637
27 19 637
19 50 158
50 19 158
19 57 300
57 19 300
19 21 568
21 19 568
19 36 931
36 19 931
19 67 444
67 19 444
19 39 311
39 19 311
19 22 914
22 19 914
19 26 399
26 19 399
19 75 113
75 19 113
20 44 295
44 20 295
20 71 198
71 20 198
20 51 240
51 20 240
20 49 409
49 20 409
20 48 849
48 20 849
20 77 823
77 20 823
20 29 236
29 20 236
20 78 374
78 20 374
20 36 618
36 20 618
20 37 108
37 20 108
20 82 685
82 20 685
20 68 836
68 20 836
20 40 500
40 20 500
20 61 410
61 20 410
20 66 755
66 20 755
20 84 147
84 20 147
21 35 670
35 21 670
21 51 217
51 21 217
21 37 101
37 21 101
21 56 308
56 21 308
21 74 624
74 21 624
21 53 138
53 21 138
21 71 458
71 21 458
21 61 257
61 21 257
21 24 898
24 21 898
21 34 878
34 21 878
21 47 290
47 21 290
21 35 631
35 21 631
21 76 691
76 21 691
21 62 563
62 21 563
21 80 305
80 21 305
21 61 342
61 21 342
21 50 529
50 21 529
21 62 455
62 21 455
21 32 308
32 21 308
21 28 84
28 21 84
21 80 154
80 21 154
21 40 277
40 21 277
21 86 468
86 21 468
22 41 816
41 22 816
22 86 14
86 22 14
22 78 352
78 22 352
22 61 953
61 22 953
22 81 680
81 22 680
22 73 410
73 22 410
22 34 76
34 22 76
22 66 885
66 22 885
22 23 341
23 22 341
22 49 66
49 22 66
22 46 434
46 22 434
22 49 801
49 22 801
22 73 474
73 22 474
22 51 518
51 22 518
22 31 119
31 22 119
22 63 166
63 22 166
22 47 398
47 22 398
22 74 200
74 22 200
22 43 498
43 22 498
22 44 568
44 22 568
22 24 348
24 22 348
23 78 196
78 23 196
23 62 498
62 23 498
23 64 783
64 23 783
23 71 892
71 23 892
23 68 662
68 23 662
23 82 425
82 23 425
23 87 775
87 23 775
23 29 369
29 23 369
23 68 304
68 23 304
23 51 880
51 23 880
23 65 865
65 23 865
23 48 334
48 23 334
23 65 209
65 23 209
23 79 572
79 23 572
23 67 660
67 23 660
23 53 801
53 23 801
23 40 100
40 23 100
23 62 76
62 23 76
24 25 97
25 24 97
24 28 429
28 24 429
24 69 323
69 24 323
24 56 860
56 24 860
24 54 934
54 24 934
24 71 459
71 24 459
24 31 919
31 24 919
24 29 813
29 24 813
24 77 281
77 24 281
24 37 961
37 24 961
24 60 739
60 24 739
24 85 55
85 24 55
24 58 435
58 24 435
24 41 671
41 24 671
24 80 579
80 24 579
24 27 697
27 24 697
24 47 469
47 24 469
24 44 812
44 24 812
24 65 72
65 24 72
24 79 771
79 24 771
24 61 401
61 24 401
24 76 837
76 24 837
24 72 508
72 24 508
24 69 256
69 24 256
25 26 8
26 25 8
25 32 447
32 25 447
25 37 211
37 25 211
25 26 880
26 25 880
25 64 130
64 25 130
25 75 365
75 25 365
25 50 843
50 25 843
25 46 634
46 25 634
25 34 633
34 25 633
25 61 316
61 25 316
25 58 970
58 25 970
25 71 625
71 25 625
25 56 27
56 25 27
25 72 736
72 25 736
25 43 644
43 25 644
25 50 667
50 25 667
25 82 173
82 25 173
25 25 941
25 25 941
25 71 462
71 25 462
25 34 682
34 25 682
25 42 138
42 25 138
26 83 178
83 26 178
26 87 261
87 26 261
26 79 62
79 26 62
26 45 915
45 26 915
26 84 56
84 26 56
26 47 357
47 26 357
26 64 82
64 26 82
26 62 792
62 26 792
26 28 609
28 26 609
26 49 169
49 26 169
26 41 776
41 26 776
26 55 45
55 26 45
26 32 902
32 26 902
26 69 119
69 26 119
26 87 977
87 26 977
26 41 624
41 26 624
27 52 290
52 27 290
27 71 952
71 27 952
27 45 4
45 27 4
27 44 883
44 27 883
27 66 604
66 27 604
27 53 632
53 27 632
27 68 207
68 27 207
27 63 735
63 27 735
27 76 509
76 27 509
27 45 583
45 27 583
27 34 897
34 27 897
27 53 101
53 27 101
27 84 160
84 27 160
27 39 196
39 27 196
28 37 892
37 28 892
28 73 535
73 28 535
28 60 96
60 28 96
28 60 64
60 28 64
28 69 294
69 28 294
29 78 555
78 29 555
29 79 564
79 29 564
29 35 306
35 29 306
29 40 784
40 29 784
29 43 563
43 29 563
29 64 613
64 29 613
29 61 725
61 29 725
29 63 442
63 29 442
29 35 802
35 29 802
30 73 416
73 30 416
30 47 991
47 30 991
30 58 517
58 30 517
30 40 119
40 30 119
30 37 557
37 30 557
30 31 997
31 30 997
30 30 726
30 30 726
30 46 920
46 30 920
30 50 490
50 30 490
30 77 160
77 30 160
30 79 448
79 30 448
31 45 653
45 31 653
31 54 469
54 31 469
31 40 598
40 31 598
31 79 186
79 31 186
31 62 691
62 31 691
31 77 464
77 31 464
31 44 817
44 31 817
31 84 557
84 31 557
31 32 340
32 31 340
31 46 453
46 31 453
31 34 442
34 31 442
31 34 665
34 31 665
32 36 740
36 32 740
32 53 450
53 32 450
32 57 974
57 32 974
32 73 904
73 32 904
32 86 930
86 32 930
32 34 300
34 32 300
32 74 330
74 32 330
32 78 989
78 32 989
32 40 452
40 32 452
32 34 88
34 32 88
32 80 115
80 32 115
32 45 817
45 32 817
32 62 319
62 32 319
32 42 151
42 32 151
32 79 236
79 32 236
32 51 113
51 32 113
32 33 707
33 32 707
33 62 949
62 33 949
33 65 354
65 33 354
33 67 420
67 33 420
33 78 149
78 33 149
33 33 979
33 33 979
33 86 180
86 33 180
33 60 513
60 33 513
33 50 886
50 33 886
33 40 669
40 33 669
33 45 467
45 33 467
33 58 501
58 33 501
33 39 916
39 33 916
33 73 585
73 33 585
33 85 730
85 33 730
33 38 473
38 33 473
33 87 878
87 33 878
33 56 209
56 33 209
33 63 212
63 33 212
34 76 508
76 34 508
34 61 859
61 34 859
34 49 10
49 34 10
34 87 906
87 34 906
34 62 771
62 34 771
34 72 23
72 34 23
34 61 887
61 34 887
34 55 272
55 34 272
34 74 685
74 34 685
34 53 699
53 34 699
34 83 901
83 34 901
34 85 470
85 34 470
34 79 387
79 34 387
34 41 944
41 34 944
35 58 120
58 35 120
35 50 979
50 35 979
35 45 195
45 35 195
35 86 443
86 35 443
35 49 377
49 35 377
35 52 383
52 35 383
35 62 803
62 35 803
35 38 252
38 35 252
35 77 103
77 35 103
35 76 10
76 35 10
35 79 563
79 35 563
35 40 366
40 35 366
36 56 859
56 36 859
36 49 31
49 36 31
36 81 884
81 36 884
36 56 565
56 36 565
36 40 239
40 36 239
36 41 428
41 36 428
36 37 215
37 36 215
36 56 448
56 36 448
36 47 691
47 36 691
36 73 426
73 36 426
36 46 748
46 36 748
36 37 721
37 36 721
36 65 651
65 36 651
36 53 810
53 36 810
36 82 255
82 36 255
36 36 971
36 36 971
36 50 25
50 36 25
36 79 822
79 36 822
36 67 80
67 36 80
37 65 807
65 37 807
37 66 580
66 37 580
37 56 334
56 37 334
37 47 731
47 37 731
37 70 403
70 37 403
37 86 593
86 37 593
37 76 804
76 37 804
37 77 591
77 37 591
37 40 592
40 37 592
38 48 322
48 38 322
38 84 728
84 38 728
38 86 454
86 38 454
38 74 483
74 38 483
38 80 734
80 38 734
38 80 296
80 38 296
38 51 15
51 38 15
38 70 226
70 38 226
38 44 143
44 38 143
38 55 208
55 38 208
38 87 53
87 38 53
39 50 592
50 39 592
39 39 561
39 39 561
39 46 790
46 39 790
39 65 321
65 39 321
39 47 411
47 39 411
39 74 419
74 39 419
39 59 387
59 39 387
40 69 383
69 40 383
40 75 600
75 40 600
40 63 461
63 40 461
40 79 144
79 40 144
40 55 768
55 40 768
40 76 501
76 40 501
40 52 727
52 40 727
40 80 677
80 40 677
40 51 946
51 40 946
40 79 478
79 40 478
40 57 595
57 40 595
41 80 715
80 41 715
41 61 244
61 41 244
41 54 183
54 41 183
41 83 520
83 41 520
41 47 865
47 41 865
41 57 997
57 41 997
41 55 394
55 41 394
41 50 911
50 41 911
41 44 437
44 41 437
41 84 186
84 41 186
42 55 195
55 42 195
42 44 723
44 42 723
42 79 759
79 42 759
42 49 975
49 42 975
42 48 391
48 42 391
42 87 100
87 42 100
42 67 796
67 42 796
42 82 579
82 42 579
42 47 253
47 42 253
42 64 381
64 42 381
42 83 300
83 42 300
42 49 899
49 42 899
42 84 432
84 42 432
42 56 51
56 42 51
42 50 645
50 42 645
42 59 297
59 42 297
42 51 17
51 42 17
43 54 843
54 43 843
43 62 366
62 43 366
43 80 794
80 43 794
43 46 897
46 43 897
43 43 481
43 43 481
43 65 876
65 43 876
43 80 860
80 43 860
43 69 527
69 43 527
43 54 518
54 43 518
43 83 514
83 43 514
44 77 465
77 44 465
44 54 957
54 44 957
44 78 440
78 44 440
44 60 168
60 44 168
44 63 750
63 44 750
44 54 285
54 44 285
44 68 566
68 44 566
44 46 257
46 44 257
44 70 6
70 44 6
44 70 246
70 44 246
44 56 434
56 44 434
44 59 192
59 44 192
44 49 41
49 44 41
44 60 506
60 44 506
45 61 527
61 45 527
45 46 559
46 45 559
45 63 548
63 45 548
45 52 837
52 45 837
45 59 284
59 45 284
45 73 261
73 45 261
45 51 553
51 45 553
45 51 140
51 45 140
45 58 658
58 45 658
45 87 850
87 45 850
45 83 82
83 45 82
45 50 527
50 45 527
45 60 15
60 45 15
45 76 222
76 45 222
45 82 584
82 45 584
45 52 152
52 45 152
46 79 956
79 46 956
46 71 416
71 46 416
46 64 875
64 46 875
46 66 864
66 46 864
46 84 743
84 46 743
46 77 999
77 46 999
46 52 180
52 46 180
46 63 687
63 46 687
46 59 394
59 46 394
46 49 21
49 46 21
46 60 500
60 46 500
46 55 799
55 46 799
47 79 74
79 47 74
47 58 318
58 47 318
47 79 314
79 47 314
47 68 932
68 47 932
47 55 64
55 47 64
47 70 592
70 47 592
47 62 671
62 47 671
47 68 801
68 47 801
47 71 709
71 47 709
47 56 599
56 47 599
47 68 552
68 47 552
48 81 963
81 48 963
48 48 98
48 48 98
48 66 375
66 48 375
48 63 502
63 48 502
48 74 246
74 48 246
48 74 946
74 48 946
48 64 968
64 48 968
49 74 436
74 49 436
49 70 960
70 49 960
49 63 82
63 49 82
49 59 719
59 49 719
49 60 581
60 49 581
49 62 158
62 49 158
49 81 6
81 49 6
49 81 918
81 49 918
49 83 599
83 49 599
50 55 399
55 50 399
50 57 668
57 50 668
50 71 393
71 50 393
50 83 768
83 50 768
50 87 886
87 50 886
50 66 136
66 50 136
50 59 957
59 50 957
50 87 850
87 50 850
50 68 857
68 50 857
50 54 549
54 50 549
50 66 539
66 50 539
50 59 836
59 50 836
50 72 793
72 50 793
50 61 930
61 50 930
50 72 235
72 50 235
51 77 375
77 51 375
51 74 813
74 51 813
51 87 991
87 51 991
51 67 606
67 51 606
52 72 340
72 52 340
52 67 838
67 52 838
52 52 631
52 52 631
52 70 410
70 52 410
52 67 561
67 52 561
52 66 7
66 52 7
52 62 642
62 52 642
52 54 253
54 52 253
52 71 434
71 52 434
52 84 26
84 52 26
53 66 169
66 53 169
53 82 456
82 53 456
53 72 757
72 53 757
53 55 718
55 53 718
53 74 528
74 53 528
53 55 392
55 53 392
53 61 131
61 53 131
53 81 857
81 53 857
53 85 864
85 53 864
53 79 1
79 53 1
54 56 690
56 54 690
54 69 12
69 54 12
54 60 54
60 54 54
54 63 611
63 54 611
54 57 925
57 54 925
55 87 696
87 55 696
55 75 595
75 55 595
55 77 142
77 55 142
55 72 534
72 55 534
56 76 921
76 56 921
56 65 717
65 56 717
56 87 159
87 56 159
56 86 10
86 56 10
56 74 637
74 56 637
56 75 787
75 56 787
56 62 122
62 56 122
57 76 606
76 57 606
57 83 178
83 57 178
57 77 803
77 57 803
57 79 27
79 57 27
57 61 262
61 57 262
57 75 872
75 57 872
57 67 244
67 57 244
57 70 343
70 57 343
57 68 217
68 57 217
57 61 817
61 57 817
58 70 479
70 58 479
58 69 798
69 58 798
58 83 512
83 58 512
58 86 463
86 58 463
58 70 805
70 58 805
58 69 270
69 58 270
58 81 149
81 58 149
58 67 644
67 58 644
59 73 529
73 59 529
59 81 671
81 59 671
59 68 231
68 59 231
59 81 555
81 59 555
59 87 390
87 59 390
60 68 35
68 60 35
60 86 955
86 60 955
60 68 638
68 60 638
60 85 108
85 60 108
60 61 228
61 60 228
60 69 447
69 60 447
60 75 605
75 60 605
60 87 845
87 60 845
60 68 891
68 60 891
60 65 535
65 60 535
60 83 914
83 60 914
60 86 534
86 60 534
60 83 236
83 60 236
61 81 595
81 61 595
61 63 4
63 61 4
61 74 331
74 61 331
61 73 661
73 61 661
61 83 382
83 61 382
61 78 882
78 61 882
62 62 828
62 62 828
62 69 874
69 62 874
62 84 671
84 62 671
62 86 243
86 62 243
62 62 101
62 62 101
62 64 544
64 62 544
63 77 666
77 63 666
63 84 844
84 63 844
63 79 879
79 63 879
63 65 335
65 63 335
63 75 108
75 63 108
63 74 739
74 63 739
63 73 414
73 63 414
63 87 697
87 63 697
64 81 164
81 64 164
64 67 842
67 64 842
64 68 192
68 64 192
64 67 577
67 64 577
64 73 522
73 64 522
64 86 784
86 64 784
65 83 986
83 65 986
65 77 895
77 65 895
65 79 916
79 65 916
65 67 719
67 65 719
66 77 229
77 66 229
66 85 729
85 66 729
66 86 881
86 66 881
66 86 811
86 66 811
67 85 441
85 67 441
67 69 734
69 67 734
67 74 148
74 67 148
67 86 619
86 67 619
68 74 462
74 68 462
68 71 414
71 68 414
68 78 191
78 68 191
69 74 995
74 69 995
69 76 71
76 69 71
69 87 190
87 69 190
69 71 517
71 69 517
70 83 277
83 70 277
70 74 782
74 70 782
71 80 423
80 71 423
71 81 505
81 71 505
71 78 272
78 71 272
71 74 791
74 71 791
71 81 367
81 71 367
72 77 217
77 72 217
72 73 276
73 72 276
72 76 303
76 72 303
72 83 438
83 72 438
73 77 613
77 73 613
73 83 361
83 73 361
74 76 152
76 74 152
74 76 98
76 74 98
74 84 295
84 74 295
75 87 762
87 75 762
75 87 381
87 75 381
75 81 25
81 75 25
76 82 669
82 76 669
77 82 279
82 77 279
77 81 847
81 77 847
77 84 866
84 77 866
79 86 466
86 79 466
80 80 6
80 80 6
80 81 815
81 80 815
81 82 790
82 81 790
81 86 823
86 81 823
81 84 324
84 81 324
81 85 255
85 81 255
82 87 10
87 82 10
82 86 550
86 82 550
82 86 703
86 82 703
84 86 443
86 84 443
