23

0 1 805
1 0 805
0 2 406
2 0 406
0 6 236
6 0 236
0 7 538
7 0 538
0 9 442
9 0 442
0 1 130
1 0 130
0 18 68
18 0 68
0 4 248
4 0 248
0 22 946
22 0 946
0 22 397
22 0 397
0 19 181
19 0 181
0 15 677
15 0 677
0 7 234
7 0 234
0 17 802
17 0 802
0 7 876
7 0 876
0 13 180
13 0 180
0 19 80
19 0 80
0 1 91
1 0 91
0 1 211
1 0 211
0 14 431
14 0 431
0 21 406
21 0 406
1 3 826
3 1 826
1 5 257
5 1 257
1 10 970
10 1 970
1 19 448
19 1 448
1 8 469
8 1 469
1 5 339
5 1 339
1 2 624
2 1 624
1 20 337
20 1 337
1 13 120
13 1 120
1 19 839
19 1 839
1 3 867
3 1 867
1 12 559
12 1 559
1 6 539
6 1 539
2 15 856
15 2 856
2 9 811
9 2 811
2 13 71
13 2 71
2 17 413
17 2 413
2 15 587
15 2 587
2 4 948
4 2 948
2 19 754
19 2 754
2 17 996
17 2 996
2 19 609
19 2 609
2 9 948
9 2 948
2 5 387
5 2 387
2 6 427
6 2 427
2 17 540
17 2 540
3 4 507
4 3 507
3 20 390
20 3 390
3 15 348
15 3 348
3 4 513
4 3 513
3 20 981
20 3 981
3 19 7
19 3 7
3 20 288
20 3 288
3 6 775
6 3 775
3 19 365
19 3 365
4 22 980
22 4 980
4 12 633
12 4 633
4 13 99
13 4 99
4 21 911
21 4 911
4 18 796
18 4 796
4 6 702
6 4 702
4 8 572
8 4 572
4 21 406
21 4 406
4 5 581
5 4 581
4 19 158
19 4 158
4 17 62
17 4 62
5 21 132
21 5 132
5 7 39
7 5 39
5 7 836
7 5 836
5 16 451
16 5 451
5 22 90
22 5 90
5 20 942
20 5 942
5 22 231
22 5 231
5 22 969
22 5 969
5 5 981
5 5 981
5 12 174
12 5 174
5 21 50
21 5 50
6 8 457
8 6 457
6 11 729
11 6 729
6 12 491
12 6 491
6 8 887
8 6 887
6 21 310
21 6 310
6 17 807
17 6 807
6 11 633
11 6 633
6 19 790
19 6 790
7 16 195
16 7 195
7 10 237
10 7 237
7 22 748
22 7 748
7 16 394
16 7 394
7 20 896
20 7 896
7 16 325
16 7 325
7 20 66
20 7 66
7 7 131
7 7 131
7 10 307
10 7 307
7 13 787
13 7 787
7 16 253
16 7 253
8 12 429
12 8 429
8 10 14
10 8 14
8 16 337
16 8 337
8 20 646
20 8 646
8 14 832
14 8 832
8 12 359
12 8 359
9 11 302
11 9 302
9 20 827
20 9 827
9 11 331
11 9 331
9 17 368
17 9 368
9 18 715
18 9 715
9 15 273
15 9 273
9 18 934
18 9 934
9 19 331
19 9 331
9 14 717
14 9 717
9 12 453
12 9 453
10 18 772
18 10 772
10 16 592
16 10 592
10 19 277
19 10 277
10 11 488
11 10 488
10 13 445
13 10 445
10 22 661
22 10 661
10 15 346
15 10 346
10 15 896
15 10 896
10 18 38
18 10 38
10 14 414
14 10 414
10 13 575
13 10 575
10 16 93
16 10 93
10 22 403
22 10 403
10 10 321
10 10 321
10 14 481
14 10 481
10 21 166
21 10 166
11 13 765
13 11 765
11 17 865
17 11 865
11 15 912
15 11 912
11 17 389
17 11 389
11 22 633
22 11 633
11 12 558
12 11 558
11 16 955
16 11 955
11 21 693
21 11 693
11 17 828
17 11 828
11 14 851
14 11 851
11 17 1
17 11 1
12 19 393
19 12 393
12 22 670
22 12 670
12 12 580
12 12 580
12 15 168
15 12 168
12 12 294
12 12 294
12 16 917
16 12 917
12 22 843
22 12 843
12 15 707
15 12 707
12 21 60
21 12 60
12 15 980
15 12 980
13 14 745
14 13 745
13 18 896
18 13 896
13 22 888
22 13 888
13 15 750
15 13 750
14 17 668
17 14 668
14 18 301
18 14 301
14 16 132
16 14 132
14 20 837
20 14 837
14 21 618
21 14 618
14 17 625
17 14 625
15 19 291
19 15 291
15 18 652
18 15 652
15 21 230
21 15 230
15 22 549
22 15 549
15 22 971
22 15 971
15 15 210
15 15 210
16 22 778
22 16 778
16 19 997
19 16 997
16 17 720
17 16 720
16 17 235
17 16 235
16 22 235
22 16 235
16 17 983
17 16 983
17 21 26
21 17 26
17 19 627
19 17 627
17 22 478
22 17 478
17 21 500
21 17 500
19 22 638
22 19 638
19 21 268
21 19 268
20 21 596
21 20 596
20 21 187
21 20 187
20 22 879
22 20 879
