94

0 1 50
1 0 50
0 3 974
3 0 974
0 6 173
6 0 173
0 63 999
63 0 999
0 6 975
6 0 975
0 86 464
86 0 464
0 46 130
46 0 130
0 57 639
57 0 639
0 52 983
52 0 983
0 52 365
52 0 365
0 93 920
93 0 920
0 61 415
61 0 415
0 62 979
62 0 979
0 58 565
58 0 565
0 79 716
79 0 716
0 54 971
54 0 971
0 7 997
7 0 997
0 3 329
3 0 329
0 44 684
44 0 684
1 2 858
2 1 858
1 21 980
21 1 980
1 49 279
49 1 279
1 31 364
31 1 364
1 49 3
49 1 3
1 53 318
53 1 318
1 56 919
56 1 919
1 83 422
83 1 422
1 15 688
15 1 688
1 41 59
41 1 59
1 41 539
41 1 539
1 71 184
71 1 184
1 93 791
93 1 791
1 20 585
20 1 585
1 17 111
17 1 111
1 51 8
51 1 8
1 5 688
5 1 688
1 27 793
27 1 793
1 52 700
52 1 700
1 16 169
16 1 169
1 29 315
29 1 315
2 9 524
9 2 524
2 30 499
30 2 499
2 68 628
68 2 628
2 24 692
24 2 692
2 81 301
81 2 301
2 66 534
66 2 534
2 53 287
53 2 287
2 49 986
49 2 986
2 87 483
87 2 483
2 19 901
19 2 901
2 72 676
72 2 676
2 52 26
52 2 26
2 30 53
30 2 53
2 20 604
20 2 604
2 73 775
73 2 775
3 4 290
4 3 290
3 10 985
10 3 985
3 14 796
14 3 796
3 45 677
45 3 677
3 72 529
72 3 529
3 52 163
52 3 163
3 4 743
4 3 743
3 88 582
88 3 582
3 10 516
10 3 516
3 60 935
60 3 935
3 30 678
30 3 678
3 84 327
84 3 327
3 35 570
35 3 570
3 71 164
71 3 164
3 32 758
32 3 758
3 63 618
63 3 618
3 62 677
62 3 677
3 9 35
9 3 35
3 62 503
62 3 503
4 5 64
5 4 64
4 72 266
72 4 266
4 93 637
93 4 637
4 69 384
69 4 384
4 17 697
17 4 697
4 6 659
6 4 659
4 72 209
72 4 209
4 93 932
93 4 932
4 78 599
78 4 599
4 75 289
75 4 289
4 22 50
22 4 50
4 80 462
80 4 462
4 59 385
59 4 385
4 33 905
33 4 905
4 12 261
12 4 261
4 29 495
29 4 495
4 62 614
62 4 614
4 53 523
53 4 523
4 83 532
83 4 532
4 85 838
85 4 838
5 7 272
7 5 272
5 8 329
8 5 329
5 15 291
15 5 291
5 54 568
54 5 568
5 52 27
52 5 27
5 69 883
69 5 883
5 64 58
64 5 58
5 85 816
85 5 816
5 7 811
7 5 811
5 79 379
79 5 379
5 47 262
47 5 262
5 92 866
92 5 866
5 60 387
60 5 387
5 15 431
15 5 431
5 20 602
20 5 602
5 41 172
41 5 172
5 46 930
46 5 930
5 8 538
8 5 538
5 6 929
6 5 929
5 19 56
19 5 56
6 31 771
31 6 771
6 26 188
26 6 188
6 19 173
19 6 173
6 45 505
45 6 505
6 46 421
46 6 421
6 92 251
92 6 251
6 27 318
27 6 318
6 85 38
85 6 38
6 58 201
58 6 201
6 42 92
42 6 92
6 66 794
66 6 794
6 87 615
87 6 615
6 7 554
7 6 554
6 44 404
44 6 404
6 70 280
70 6 280
6 19 74
19 6 74
6 67 263
67 6 263
6 46 316
46 6 316
6 68 460
68 6 460
6 46 826
46 6 826
7 12 581
12 7 581
7 81 656
81 7 656
7 8 951
8 7 951
7 35 722
35 7 722
7 81 872
81 7 872
7 29 587
29 7 587
7 90 127
90 7 127
7 35 555
35 7 555
7 70 213
70 7 213
7 76 855
76 7 855
7 45 214
45 7 214
7 17 605
17 7 605
7 54 245
54 7 245
8 56 71
56 8 71
8 24 524
24 8 524
8 89 463
89 8 463
8 12 39
12 8 39
8 86 597
86 8 597
8 47 16
47 8 16
8 42 995
42 8 995
8 43 784
43 8 784
8 38 265
38 8 265
8 62 675
62 8 675
8 15 916
15 8 916
8 43 660
43 8 660
8 30 599
30 8 599
8 9 87
9 8 87
8 59 127
59 8 127
8 29 544
29 8 544
8 71 4
71 8 4
8 36 939
36 8 939
8 47 134
47 8 134
9 13 367
13 9 367
9 23 624
23 9 624
9 83 383
83 9 383
9 53 122
53 9 122
9 19 581
19 9 581
9 72 280
72 9 280
9 52 309
52 9 309
9 90 551
90 9 551
9 59 929
59 9 929
9 66 371
66 9 371
9 69 658
69 9 658
9 87 124
87 9 124
9 18 200
18 9 200
9 25 801
25 9 801
9 76 973
76 9 973
9 88 972
88 9 972
9 28 841
28 9 841
9 20 747
20 9 747
9 50 339
50 9 339
9 42 568
42 9 568
9 83 999
83 9 999
9 60 257
60 9 257
9 88 735
88 9 735
9 43 590
43 9 590
9 47 879
47 9 879
9 20 720
20 9 720
9 13 614
13 9 614
9 46 786
46 9 786
9 79 213
79 9 213
9 17 111
17 9 111
9 51 615
51 9 615
10 11 580
11 10 580
10 20 826
20 10 826
10 12 149
12 10 149
10 82 69
82 10 69
10 53 630
53 10 630
10 63 216
63 10 216
10 27 854
27 10 854
10 78 629
78 10 629
10 58 747
58 10 747
10 19 860
19 10 860
10 68 554
68 10 554
10 61 617
61 10 617
10 64 504
64 10 504
10 31 495
31 10 495
10 12 952
12 10 952
10 15 776
15 10 776
11 16 588
16 11 588
11 46 24
46 11 24
11 54 2
54 11 2
11 16 676
16 11 676
11 84 588
84 11 588
11 69 792
69 11 792
11 20 892
20 11 892
11 17 391
17 11 391
11 42 176
42 11 176
11 68 652
68 11 652
11 35 576
35 11 576
11 46 969
46 11 969
11 54 896
54 11 896
12 53 943
53 12 943
12 87 187
87 12 187
12 24 802
24 12 802
12 93 150
93 12 150
12 19 905
19 12 905
12 70 944
70 12 944
12 59 600
59 12 600
12 31 409
31 12 409
12 20 574
20 12 574
12 77 983
77 12 983
12 32 178
32 12 178
12 47 392
47 12 392
12 31 335
31 12 335
12 13 214
13 12 214
12 15 833
15 12 833
13 17 148
17 13 148
13 25 628
25 13 628
13 27 398
27 13 398
13 32 801
32 13 801
13 47 800
47 13 800
13 36 162
36 13 162
13 44 989
44 13 989
13 51 981
51 13 981
13 70 901
70 13 901
13 47 350
47 13 350
13 37 908
37 13 908
13 91 136
91 13 136
13 62 860
62 13 860
13 72 800
72 13 800
13 51 308
51 13 308
13 36 715
36 13 715
13 39 354
39 13 354
13 37 106
37 13 106
13 25 529
25 13 529
13 57 394
57 13 394
13 22 642
22 13 642
13 80 464
80 13 464
14 18 911
18 14 911
14 36 663
36 14 663
14 62 113
62 14 113
14 38 557
38 14 557
14 46 101
46 14 101
14 30 578
30 14 578
14 22 440
22 14 440
14 15 63
15 14 63
14 39 954
39 14 954
14 51 437
51 14 437
14 26 777
26 14 777
14 62 422
62 14 422
14 28 302
28 14 302
14 25 144
25 14 144
14 55 82
55 14 82
15 57 38
57 15 38
15 81 613
81 15 613
15 23 196
23 15 196
15 73 331
73 15 331
15 16 974
16 15 974
15 26 35
26 15 35
15 29 601
29 15 601
15 55 220
55 15 220
15 35 335
35 15 335
15 52 360
52 15 360
15 86 704
86 15 704
15 39 705
39 15 705
15 17 8
17 15 8
15 46 24
46 15 24
15 79 530
79 15 530
16 24 471
24 16 471
16 55 517
55 16 517
16 77 73
77 16 73
16 39 308
39 16 308
16 26 699
26 16 699
16 36 887
36 16 887
16 81 314
81 16 314
16 21 17
21 16 17
16 59 16
59 16 16
16 46 567
46 16 567
16 91 442
91 16 442
16 28 124
28 16 124
16 59 395
59 16 395
16 38 251
38 16 251
16 85 261
85 16 261
16 33 367
33 16 367
16 48 83
48 16 83
17 21 319
21 17 319
17 42 594
42 17 594
17 73 826
73 17 826
17 36 409
36 17 409
17 65 885
65 17 885
17 73 418
73 17 418
17 33 787
33 17 787
17 71 424
71 17 424
17 62 526
62 17 526
17 81 243
81 17 243
17 84 201
84 17 201
17 31 203
31 17 203
17 67 550
67 17 550
17 34 481
34 17 481
17 55 26
55 17 26
18 19 731
19 18 731
18 67 612
67 18 612
18 25 668
25 18 668
18 23 65
23 18 65
18 55 268
55 18 268
18 77 283
77 18 283
18 88 650
88 18 650
18 29 441
29 18 441
18 45 937
45 18 937
18 65 698
65 18 698
18 64 586
64 18 586
18 85 422
85 18 422
18 41 22
41 18 22
18 77 156
77 18 156
18 26 38
26 18 38
18 21 690
21 18 690
18 49 86
49 18 86
18 76 178
76 18 178
18 62 509
62 18 509
19 22 398
22 19 398
19 58 581
58 19 581
19 78 505
78 19 505
19 49 137
49 19 137
19 21 256
21 19 256
19 31 479
31 19 479
19 73 738
73 19 738
19 23 10
23 19 10
19 35 227
35 19 227
19 34 668
34 19 668
19 59 514
59 19 514
19 21 582
21 19 582
19 50 532
50 19 532
19 41 294
41 19 294
19 30 482
30 19 482
19 80 50
80 19 50
19 69 463
69 19 463
19 30 63
30 19 63
19 50 566
50 19 566
20 37 298
37 20 298
20 61 653
61 20 653
20 22 552
22 20 552
20 39 83
39 20 83
20 32 939
32 20 939
20 76 594
76 20 594
20 72 511
72 20 511
20 84 753
84 20 753
20 74 2
74 20 2
20 73 829
73 20 829
20 72 404
72 20 404
20 59 621
59 20 621
20 53 181
53 20 181
20 90 147
90 20 147
20 22 674
22 20 674
21 26 808
26 21 808
21 34 986
34 21 986
21 60 749
60 21 749
21 68 392
68 21 392
21 73 473
73 21 473
21 54 843
54 21 843
21 84 625
84 21 625
21 91 579
91 21 579
21 48 468
48 21 468
21 27 888
27 21 888
21 86 10
86 21 10
21 93 779
93 21 779
21 53 835
53 21 835
21 22 338
22 21 338
21 49 432
49 21 432
21 32 171
32 21 171
21 88 961
88 21 961
21 83 294
83 21 294
21 33 261
33 21 261
21 37 48
37 21 48
21 31 765
31 21 765
21 88 499
88 21 499
21 67 713
67 21 713
22 29 241
29 22 241
22 52 34
52 22 34
22 91 161
91 22 161
22 77 154
77 22 154
22 32 555
32 22 555
22 41 755
41 22 755
22 38 35
38 22 35
22 45 664
45 22 664
22 88 733
88 22 733
22 50 875
50 22 875
22 85 198
85 22 198
23 28 148
28 23 148
23 35 828
35 23 828
23 88 282
88 23 282
23 34 534
34 23 534
23 37 746
37 23 746
23 59 620
59 23 620
23 53 611
53 23 611
23 67 466
67 23 466
23 49 174
49 23 174
23 42 278
42 23 278
23 64 909
64 23 909
23 24 514
24 23 514
23 50 102
50 23 102
24 90 376
90 24 376
24 46 274
46 24 274
24 53 92
53 24 92
24 38 708
38 24 708
24 68 281
68 24 281
24 72 851
72 24 851
24 68 694
68 24 694
24 87 98
87 24 98
24 54 478
54 24 478
24 26 801
26 24 801
24 77 414
77 24 414
24 34 475
34 24 475
24 52 817
52 24 817
24 87 451
87 24 451
24 30 455
30 24 455
24 53 915
53 24 915
24 66 711
66 24 711
24 62 604
62 24 604
24 39 686
39 24 686
24 39 488
39 24 488
24 89 42
89 24 42
25 33 934
33 25 934
25 75 880
75 25 880
25 62 722
62 25 722
25 67 965
67 25 965
25 76 331
76 25 331
25 74 506
74 25 506
25 29 103
29 25 103
25 34 34
34 25 34
25 75 780
75 25 780
25 30 300
30 25 300
25 82 725
82 25 725
25 92 648
92 25 648
25 38 679
38 25 679
25 52 101
52 25 101
26 66 255
66 26 255
26 39 917
39 26 917
26 27 720
27 26 720
26 30 7
30 26 7
26 65 222
65 26 222
26 64 569
64 26 569
26 33 628
33 26 628
27 50 886
50 27 886
27 82 264
82 27 264
27 32 463
32 27 463
27 31 983
31 27 983
27 82 58
82 27 58
27 45 620
45 27 620
27 61 201
61 27 201
27 68 183
68 27 183
27 56 711
56 27 711
27 75 403
75 27 403
28 44 598
44 28 598
28 48 545
48 28 545
28 79 370
79 28 370
28 63 412
63 28 412
28 33 999
33 28 999
28 56 280
56 28 280
28 54 331
54 28 331
28 68 267
68 28 267
28 64 391
64 28 391
28 88 636
88 28 636
28 56 434
56 28 434
28 54 700
54 28 700
28 36 359
36 28 359
29 66 584
66 29 584
29 57 748
57 29 748
29 89 571
89 29 571
29 33 200
33 29 200
29 80 165
80 29 165
29 56 63
56 29 63
29 73 460
73 29 460
29 76 537
76 29 537
29 53 20
53 29 20
29 85 179
85 29 179
29 54 823
54 29 823
29 89 573
89 29 573
29 92 28
92 29 28
29 59 622
59 29 622
29 43 228
43 29 228
29 41 313
41 29 313
30 52 471
52 30 471
30 41 233
41 30 233
30 58 583
58 30 583
30 79 468
79 30 468
30 70 921
70 30 921
30 45 716
45 30 716
30 74 802
74 30 802
30 32 905
32 30 905
30 83 57
83 30 57
30 81 297
81 30 297
30 33 885
33 30 885
30 65 210
65 30 210
30 58 25
58 30 25
31 84 61
84 31 61
31 69 466
69 31 466
31 69 109
69 31 109
31 59 717
59 31 717
31 77 566
77 31 566
31 48 511
48 31 511
31 70 518
70 31 518
31 55 531
55 31 531
31 34 928
34 31 928
31 55 777
55 31 777
31 61 431
61 31 431
31 78 66
78 31 66
31 82 751
82 31 751
31 86 997
86 31 997
31 72 311
72 31 311
31 33 902
33 31 902
32 38 254
38 32 254
32 41 966
41 32 966
32 81 922
81 32 922
32 62 916
62 32 916
32 41 892
41 32 892
32 90 425
90 32 425
32 38 647
38 32 647
32 53 346
53 32 346
32 63 978
63 32 978
32 39 635
39 32 635
32 48 768
48 32 768
32 81 517
81 32 517
32 41 597
41 32 597
32 65 261
65 32 261
32 70 109
70 32 109
32 68 488
68 32 488
32 63 231
63 32 231
33 56 389
56 33 389
33 62 475
62 33 475
33 61 926
61 33 926
33 81 479
81 33 479
33 83 762
83 33 762
33 58 790
58 33 790
33 40 298
40 33 298
33 59 616
59 33 616
33 66 773
66 33 773
33 71 227
71 33 227
33 71 888
71 33 888
33 43 229
43 33 229
33 54 808
54 33 808
33 38 738
38 33 738
34 39 665
39 34 665
34 64 244
64 34 244
34 81 246
81 34 246
34 68 61
68 34 61
34 58 90
58 34 90
34 78 471
78 34 471
34 34 730
34 34 730
34 35 939
35 34 939
34 70 452
70 34 452
34 55 434
55 34 434
35 41 95
41 35 95
35 42 110
42 35 110
35 56 556
56 35 556
35 39 88
39 35 88
35 87 786
87 35 786
35 69 851
69 35 851
35 46 870
46 35 870
35 37 387
37 35 387
35 64 9
64 35 9
35 35 902
35 35 902
35 62 951
62 35 951
36 40 949
40 36 949
36 65 832
65 36 832
36 48 296
48 36 296
36 85 29
85 36 29
36 41 951
41 36 951
36 79 773
79 36 773
36 58 535
58 36 535
36 62 802
62 36 802
36 38 652
38 36 652
36 37 509
37 36 509
36 53 82
53 36 82
36 52 776
52 36 776
36 57 297
57 36 297
36 54 185
54 36 185
36 42 746
42 36 746
36 54 763
54 36 763
36 53 366
53 36 366
37 49 224
49 37 224
37 86 400
86 37 400
37 68 654
68 37 654
37 49 588
49 37 588
37 56 710
56 37 710
37 47 437
47 37 437
37 67 390
67 37 390
37 57 744
57 37 744
38 91 491
91 38 491
38 93 908
93 38 908
38 76 656
76 38 656
38 39 284
39 38 284
38 63 939
63 38 939
38 53 113
53 38 113
38 80 6
80 38 6
38 74 65
74 38 65
38 92 688
92 38 688
38 58 14
58 38 14
38 51 568
51 38 568
39 47 340
47 39 340
39 59 842
59 39 842
39 90 199
90 39 199
39 93 733
93 39 733
39 40 656
40 39 656
39 91 356
91 39 356
39 56 725
56 39 725
39 86 122
86 39 122
39 52 342
52 39 342
39 59 463
59 39 463
39 45 46
45 39 46
39 53 645
53 39 645
39 81 491
81 39 491
40 84 705
84 40 705
40 76 283
76 40 283
40 71 850
71 40 850
40 90 966
90 40 966
40 45 714
45 40 714
40 92 593
92 40 593
40 69 770
69 40 770
40 70 656
70 40 656
41 52 380
52 41 380
41 62 837
62 41 837
41 77 990
77 41 990
41 90 343
90 41 343
41 47 257
47 41 257
41 51 810
51 41 810
41 66 671
66 41 671
41 56 847
56 41 847
41 91 497
91 41 497
41 87 805
87 41 805
41 90 98
90 41 98
41 58 732
58 41 732
41 57 708
57 41 708
42 43 540
43 42 540
42 89 718
89 42 718
42 45 499
45 42 499
42 52 791
52 42 791
42 67 832
67 42 832
42 80 221
80 42 221
42 59 325
59 42 325
42 63 919
63 42 919
42 58 727
58 42 727
42 64 88
64 42 88
42 65 706
65 42 706
43 53 805
53 43 805
43 70 251
70 43 251
43 76 920
76 43 920
43 73 215
73 43 215
43 60 91
60 43 91
43 44 145
44 43 145
43 81 262
81 43 262
43 82 541
82 43 541
43 55 812
55 43 812
43 56 763
56 43 763
44 90 1000
90 44 1000
44 62 294
62 44 294
44 80 377
80 44 377
44 51 345
51 44 345
44 93 158
93 44 158
44 74 502
74 44 502
44 66 623
66 44 623
45 60 141
60 45 141
45 80 676
80 45 676
45 80 140
80 45 140
45 76 576
76 45 576
45 76 504
76 45 504
45 80 481
80 45 481
46 51 480
51 46 480
46 79 590
79 46 590
46 87 421
87 46 421
46 91 842
91 46 842
46 82 99
82 46 99
46 76 60
76 46 60
46 58 885
58 46 885
46 91 691
91 46 691
46 92 818
92 46 818
46 79 2
79 46 2
46 78 961
78 46 961
46 75 421
75 46 421
47 86 388
86 47 388
47 53 866
53 47 866
47 79 770
79 47 770
47 55 513
55 47 513
47 71 306
71 47 306
47 59 957
59 47 957
47 86 203
86 47 203
48 80 259
80 48 259
48 84 593
84 48 593
48 90 149
90 48 149
48 88 401
88 48 401
48 67 937
67 48 937
48 57 384
57 48 384
48 70 18
70 48 18
48 50 103
50 48 103
48 58 872
58 48 872
48 83 728
83 48 728
48 56 805
56 48 805
48 81 729
81 48 729
49 80 231
80 49 231
49 62 794
62 49 794
49 78 983
78 49 983
49 90 565
90 49 565
49 85 277
85 49 277
49 75 139
75 49 139
49 85 47
85 49 47
50 73 627
73 50 627
50 67 669
67 50 669
50 91 778
91 50 778
50 53 179
53 50 179
50 86 66
86 50 66
50 55 862
55 50 862
50 68 74
68 50 74
50 90 93
90 50 93
51 66 340
66 51 340
51 92 98
92 51 98
51 78 832
78 51 832
51 51 66
51 51 66
51 52 176
52 51 176
52 64 965
64 52 965
52 68 477
68 52 477
52 79 166
79 52 166
52 75 97
75 52 97
52 67 12
67 52 12
52 71 869
71 52 869
52 70 42
70 52 42
52 79 521
79 52 521
52 62 594
62 52 594
52 63 965
63 52 965
52 78 194
78 52 194
53 83 28
83 53 28
53 77 458
77 53 458
53 71 101
71 53 101
53 86 755
86 53 755
53 72 778
72 53 778
53 59 923
59 53 923
54 88 822
88 54 822
54 82 599
82 54 599
54 78 868
78 54 868
54 77 254
77 54 254
54 69 1000
69 54 1000
54 63 160
63 54 160
54 68 175
68 54 175
54 90 47
90 54 47
54 60 577
60 54 577
54 61 347
61 54 347
54 75 332
75 54 332
54 90 112
90 54 112
54 90 118
90 54 118
55 61 779
61 55 779
55 69 686
69 55 686
55 66 503
66 55 503
55 79 197
79 55 197
55 88 934
88 55 934
55 57 545
57 55 545
55 59 188
59 55 188
55 89 260
89 55 260
55 65 552
65 55 552
55 78 543
78 55 543
56 71 770
71 56 770
56 90 388
90 56 388
56 84 75
84 56 75
56 60 222
60 56 222
56 87 416
87 56 416
56 64 991
64 56 991
56 72 683
72 56 683
56 73 522
73 56 522
56 72 567
72 56 567
56 65 796
65 56 796
57 85 757
85 57 757
57 63 494
63 57 494
57 63 605
63 57 605
57 89 642
89 57 642
58 59 838
59 58 838
58 82 97
82 58 97
58 71 810
71 58 810
59 70 172
70 59 172
59 88 811
88 59 811
59 72 195
72 59 195
59 66 365
66 59 365
59 82 355
82 59 355
59 83 310
83 59 310
59 68 211
68 59 211
59 79 957
79 59 957
60 66 188
66 60 188
60 78 386
78 60 386
60 77 276
77 60 276
60 81 796
81 60 796
60 87 644
87 60 644
60 92 63
92 60 63
60 79 690
79 60 690
61 74 455
74 61 455
61 64 693
64 61 693
61 70 426
70 61 426
61 77 871
77 61 871
61 65 6
65 61 6
61 75 687
75 61 687
61 76 230
76 61 230
62 91 818
91 62 818
62 67 824
67 62 824
62 91 341
91 62 341
62 90 255
90 62 255
62 76 918
76 62 918
62 83 404
83 62 404
62 65 337
65 62 337
63 67 597
67 63 597
63 88 113
88 63 113
63 64 501
64 63 501
63 63 119
63 63 119
63 66 632
66 63 632
63 73 523
73 63 523
64 76 89
76 64 89
64 92 497
92 64 497
64 78 673
78 64 673
64 76 82
76 64 82
64 93 565
93 64 565
64 76 925
76 64 925
65 75 684
75 65 684
65 85 600
85 65 600
65 90 643
90 65 643
65 66 269
66 65 269
65 72 60
72 65 60
65 71 775
71 65 775
65 90 542
90 65 542
66 72 173
72 66 173
66 87 720
87 66 720
66 86 201
86 66 201
66 72 423
72 66 423
67 71 395
71 67 395
67 82 871
82 67 871
67 83 418
83 67 418
67 84 737
84 67 737
67 90 36
90 67 36
67 78 271
78 67 271
67 67 121
67 67 121
67 78 25
78 67 25
67 83 929
83 67 929
68 71 639
71 68 639
68 70 519
70 68 519
68 69 734
69 68 734
68 80 485
80 68 485
69 91 559
91 69 559
69 81 813
81 69 813
69 81 489
81 69 489
69 93 60
93 69 60
69 76 465
76 69 465
69 93 532
93 69 532
70 84 868
84 70 868
70 75 357
75 70 357
70 86 919
86 70 919
70 92 24
92 70 24
70 76 160
76 70 160
71 73 214
73 71 214
71 85 877
85 71 877
72 78 170
78 72 170
72 83 5
83 72 5
72 93 443
93 72 443
72 82 486
82 72 486
73 90 276
90 73 276
73 83 365
83 73 365
73 86 851
86 73 851
74 82 509
82 74 509
74 82 965
82 74 965
74 87 176
87 74 176
74 79 153
79 74 153
74 87 243
87 74 243
75 79 677
79 75 677
75 78 701
78 75 701
75 89 181
89 75 181
75 92 452
92 75 452
76 83 658
83 76 658
76 91 57
91 76 57
76 79 290
79 76 290
76 84 431
84 76 431
77 92 277
92 77 277
77 80 383
80 77 383
77 81 877
81 77 877
77 80 879
80 77 879
78 91 405
91 78 405
78 90 12
90 78 12
78 90 673
90 78 673
79 88 604
88 79 604
79 84 160
84 79 160
79 93 170
93 79 170
80 87 563
87 80 563
80 93 228
93 80 228
80 83 200
83 80 200
81 91 903
91 81 903
81 82 591
82 81 591
81 81 264
81 81 264
81 92 254
92 81 254
82 87 382
87 82 382
82 87 996
87 82 996
82 85 816
85 82 816
83 85 265
85 83 265
83 91 214
91 83 214
84 85 70
85 84 70
84 93 854
93 84 854
84 85 698
85 84 698
84 85 187
85 84 187
84 91 612
91 84 612
84 90 529
90 84 529
84 87 934
87 84 934
85 91 644
91 85 644
85 88 121
88 85 121
87 93 532
93 87 532
87 91 301
91 87 301
