68

0 1 852
1 0 852
0 7 765
7 0 765
0 49 626
49 0 626
0 41 688
41 0 688
0 49 248
49 0 248
0 42 593
42 0 593
0 48 527
48 0 527
0 0 118
0 0 118
0 12 978
12 0 978
0 21 738
21 0 738
0 21 761
21 0 761
0 52 333
52 0 333
0 13 205
13 0 205
0 50 524
50 0 524
0 40 320
40 0 320
0 0 144
0 0 144
0 48 523
48 0 523
0 67 374
67 0 374
0 29 640
29 0 640
0 14 694
14 0 694
0 48 135
48 0 135
0 40 772
40 0 772
0 39 70
39 0 70
0 34 762
34 0 762
0 33 801
33 0 801
0 61 869
61 0 869
0 60 325
60 0 325
0 53 290
53 0 290
0 48 586
48 0 586
0 58 710
58 0 710
0 54 993
54 0 993
0 5 21
5 0 21
0 61 686
61 0 686
0 56 582
56 0 582
0 21 471
21 0 471
1 2 926
2 1 926
1 3 987
3 1 987
1 18 256
18 1 256
1 20 780
20 1 780
1 28 755
28 1 755
1 8 901
8 1 901
1 52 90
52 1 90
1 59 92
59 1 92
1 31 568
31 1 568
1 62 470
62 1 470
1 10 468
10 1 468
1 50 378
50 1 378
1 42 506
42 1 506
1 32 309
32 1 309
1 58 406
58 1 406
1 21 545
21 1 545
1 36 801
36 1 801
1 12 372
12 1 372
1 10 477
10 1 477
1 11 814
11 1 814
1 7 861
7 1 861
1 41 689
41 1 689
1 67 621
67 1 621
1 16 10
16 1 10
1 21 209
21 1 209
1 40 291
40 1 291
1 16 271
16 1 271
1 9 200
9 1 200
1 57 500
57 1 500
1 62 512
62 1 512
1 62 743
62 1 743
1 42 542
42 1 542
1 34 110
34 1 110
1 67 501
67 1 501
2 32 324
32 2 324
2 35 205
35 2 205
2 31 144
31 2 144
2 66 726
66 2 726
2 31 280
31 2 280
2 57 212
57 2 212
2 7 521
7 2 521
2 13 808
13 2 808
2 37 706
37 2 706
2 32 424
32 2 424
2 66 181
66 2 181
2 26 771
26 2 771
2 41 790
41 2 790
2 50 90
50 2 90
3 4 468
4 3 468
3 6 335
6 3 335
3 17 5
17 3 5
3 39 408
39 3 408
3 59 825
59 3 825
3 20 717
20 3 717
3 25 148
25 3 148
3 22 743
22 3 743
3 12 642
12 3 642
3 28 946
28 3 946
3 39 237
39 3 237
3 25 969
25 3 969
3 34 683
34 3 683
3 45 934
45 3 934
3 42 488
42 3 488
3 58 941
58 3 941
3 30 942
30 3 942
3 25 550
25 3 550
3 37 266
37 3 266
3 32 221
32 3 221
3 15 334
15 3 334
3 19 760
19 3 760
3 15 283
15 3 283
3 51 290
51 3 290
3 6 345
6 3 345
3 62 934
62 3 934
3 43 763
43 3 763
3 10 433
10 3 433
4 5 346
5 4 346
4 14 970
14 4 970
4 62 611
62 4 611
4 41 922
41 4 922
4 42 249
42 4 249
4 59 120
59 4 120
4 39 282
39 4 282
4 8 752
8 4 752
4 40 291
40 4 291
4 24 675
24 4 675
4 16 907
16 4 907
4 63 383
63 4 383
4 35 612
35 4 612
4 64 440
64 4 440
4 24 478
24 4 478
4 38 404
38 4 404
4 31 944
31 4 944
4 43 521
43 4 521
4 59 398
59 4 398
4 13 775
13 4 775
4 50 165
50 4 165
4 24 795
24 4 795
4 57 894
57 4 894
4 59 290
59 4 290
4 41 169
41 4 169
4 59 452
59 4 452
5 8 201
8 5 201
5 9 705
9 5 705
5 58 412
58 5 412
5 6 158
6 5 158
5 58 362
58 5 362
5 38 162
38 5 162
5 67 888
67 5 888
5 10 767
10 5 767
5 53 21
53 5 21
5 55 352
55 5 352
5 43 880
43 5 880
5 24 732
24 5 732
5 44 366
44 5 366
5 20 138
20 5 138
5 13 516
13 5 516
5 44 38
44 5 38
5 30 11
30 5 11
5 12 135
12 5 135
5 62 562
62 5 562
5 7 887
7 5 887
5 38 464
38 5 464
5 57 792
57 5 792
6 12 452
12 6 452
6 13 903
13 6 903
6 20 199
20 6 199
6 7 476
7 6 476
6 19 139
19 6 139
6 58 835
58 6 835
6 50 493
50 6 493
6 44 31
44 6 31
6 58 207
58 6 207
6 20 345
20 6 345
6 22 723
22 6 723
6 11 855
11 6 855
6 29 356
29 6 356
6 51 943
51 6 943
6 19 133
19 6 133
6 25 341
25 6 341
6 66 881
66 6 881
6 37 741
37 6 741
6 21 151
21 6 151
6 24 19
24 6 19
6 8 182
8 6 182
7 33 605
33 7 605
7 64 760
64 7 760
7 34 458
34 7 458
7 52 733
52 7 733
7 53 796
53 7 796
7 62 757
62 7 757
7 58 181
58 7 181
7 18 709
18 7 709
7 31 310
31 7 310
7 14 831
14 7 831
7 8 298
8 7 298
7 33 618
33 7 618
7 54 504
54 7 504
7 22 510
22 7 510
7 33 802
33 7 802
7 10 14
10 7 14
7 54 516
54 7 516
7 56 683
56 7 683
7 26 538
26 7 538
7 48 106
48 7 106
7 19 468
19 7 468
7 49 443
49 7 443
7 24 334
24 7 334
7 29 573
29 7 573
7 10 398
10 7 398
7 54 389
54 7 389
7 46 636
46 7 636
7 12 366
12 7 366
7 32 902
32 7 902
8 11 849
11 8 849
8 15 908
15 8 908
8 27 502
27 8 502
8 29 939
29 8 939
8 37 540
37 8 540
8 11 24
11 8 24
8 58 416
58 8 416
8 12 314
12 8 314
8 52 863
52 8 863
8 46 219
46 8 219
8 22 90
22 8 90
8 21 653
21 8 653
8 42 150
42 8 150
8 56 73
56 8 73
8 28 543
28 8 543
8 12 435
12 8 435
8 49 248
49 8 248
8 60 960
60 8 960
8 19 127
19 8 127
8 47 303
47 8 303
9 10 45
10 9 45
9 13 425
13 9 425
9 34 769
34 9 769
9 41 440
41 9 440
9 58 102
58 9 102
9 54 762
54 9 762
9 58 63
58 9 63
9 56 112
56 9 112
9 24 609
24 9 609
9 58 467
58 9 467
9 16 280
16 9 280
9 29 778
29 9 778
9 30 585
30 9 585
9 17 500
17 9 500
9 16 912
16 9 912
9 17 710
17 9 710
9 48 327
48 9 327
9 12 686
12 9 686
9 47 721
47 9 721
9 67 653
67 9 653
9 28 472
28 9 472
9 23 275
23 9 275
9 12 104
12 9 104
9 44 850
44 9 850
9 62 920
62 9 920
9 65 386
65 9 386
9 53 428
53 9 428
9 11 897
11 9 897
9 18 613
18 9 613
9 10 365
10 9 365
9 22 725
22 9 725
9 36 209
36 9 209
9 63 672
63 9 672
10 51 342
51 10 342
10 62 402
62 10 402
10 37 396
37 10 396
10 33 930
33 10 930
10 27 465
27 10 465
10 66 282
66 10 282
10 21 245
21 10 245
10 16 599
16 10 599
10 21 258
21 10 258
10 29 704
29 10 704
10 43 372
43 10 372
10 40 239
40 10 239
10 57 773
57 10 773
10 30 976
30 10 976
10 12 735
12 10 735
10 49 431
49 10 431
10 20 89
20 10 89
10 54 459
54 10 459
10 61 559
61 10 559
10 14 212
14 10 212
10 49 827
49 10 827
11 23 402
23 11 402
11 66 470
66 11 470
11 52 67
52 11 67
11 59 596
59 11 596
11 59 656
59 11 656
11 19 880
19 11 880
11 65 999
65 11 999
11 27 177
27 11 177
11 18 639
18 11 639
11 33 748
33 11 748
11 61 633
61 11 633
11 52 375
52 11 375
11 20 69
20 11 69
11 30 931
30 11 931
11 19 342
19 11 342
11 51 521
51 11 521
11 41 765
41 11 765
11 51 962
51 11 962
11 62 325
62 11 325
11 40 673
40 11 673
11 12 845
12 11 845
11 23 831
23 11 831
11 25 597
25 11 597
11 18 196
18 11 196
11 39 139
39 11 139
11 18 536
18 11 536
11 28 179
28 11 179
12 52 365
52 12 365
12 52 506
52 12 506
12 53 144
53 12 144
12 42 768
42 12 768
12 46 308
46 12 308
12 27 643
27 12 643
12 43 652
43 12 652
12 25 847
25 12 847
12 26 637
26 12 637
12 67 295
67 12 295
12 47 740
47 12 740
12 24 23
24 12 23
12 12 329
12 12 329
12 29 389
29 12 389
12 15 822
15 12 822
12 36 873
36 12 873
12 28 731
28 12 731
13 46 698
46 13 698
13 22 651
22 13 651
13 39 972
39 13 972
13 31 866
31 13 866
13 63 246
63 13 246
13 15 143
15 13 143
13 35 344
35 13 344
13 13 700
13 13 700
13 13 647
13 13 647
13 21 377
21 13 377
13 52 342
52 13 342
13 27 289
27 13 289
13 14 951
14 13 951
13 42 314
42 13 314
13 64 211
64 13 211
13 56 786
56 13 786
13 22 671
22 13 671
13 27 283
27 13 283
13 28 651
28 13 651
13 14 819
14 13 819
13 25 913
25 13 913
13 51 289
51 13 289
13 64 332
64 13 332
13 41 298
41 13 298
13 23 526
23 13 526
14 19 790
19 14 790
14 24 22
24 14 22
14 25 636
25 14 636
14 28 557
28 14 557
14 64 269
64 14 269
14 36 978
36 14 978
14 61 160
61 14 160
14 49 499
49 14 499
14 49 885
49 14 885
14 41 50
41 14 50
14 65 59
65 14 59
14 24 189
24 14 189
14 46 300
46 14 300
14 20 355
20 14 355
14 17 847
17 14 847
14 62 750
62 14 750
14 38 591
38 14 591
14 48 22
48 14 22
14 32 283
32 14 283
14 47 93
47 14 93
14 51 630
51 14 630
14 31 856
31 14 856
14 19 947
19 14 947
14 18 535
18 14 535
15 16 976
16 15 976
15 54 596
54 15 596
15 54 942
54 15 942
15 31 977
31 15 977
15 43 320
43 15 320
15 43 605
43 15 605
15 54 545
54 15 545
15 49 708
49 15 708
15 35 844
35 15 844
15 51 483
51 15 483
15 26 542
26 15 542
15 60 364
60 15 364
15 38 497
38 15 497
15 33 25
33 15 25
15 24 253
24 15 253
15 48 277
48 15 277
16 37 600
37 16 600
16 48 572
48 16 572
16 48 420
48 16 420
16 18 362
18 16 362
16 43 725
43 16 725
16 22 18
22 16 18
16 56 717
56 16 717
16 56 17
56 16 17
16 24 448
24 16 448
16 32 892
32 16 892
16 54 18
54 16 18
16 29 471
29 16 471
16 19 195
19 16 195
16 66 571
66 16 571
16 44 373
44 16 373
16 21 909
21 16 909
16 17 152
17 16 152
16 35 716
35 16 716
16 64 983
64 16 983
16 17 614
17 16 614
16 65 469
65 16 469
16 43 13
43 16 13
16 21 982
21 16 982
16 43 274
43 16 274
17 21 408
21 17 408
17 35 656
35 17 656
17 48 343
48 17 343
17 60 352
60 17 352
17 41 260
41 17 260
17 50 795
50 17 795
17 27 853
27 17 853
17 28 180
28 17 180
17 22 964
22 17 964
17 44 967
44 17 967
17 67 944
67 17 944
17 34 91
34 17 91
17 64 700
64 17 700
17 23 836
23 17 836
17 26 3
26 17 3
17 60 361
60 17 361
17 67 107
67 17 107
18 22 956
22 18 956
18 36 324
36 18 324
18 31 859
31 18 859
18 23 462
23 18 462
18 48 577
48 18 577
18 39 229
39 18 229
18 50 998
50 18 998
18 38 740
38 18 740
18 20 566
20 18 566
18 52 666
52 18 666
18 63 246
63 18 246
18 39 154
39 18 154
18 63 353
63 18 353
18 64 805
64 18 805
18 50 30
50 18 30
18 67 672
67 18 672
18 20 948
20 18 948
18 49 879
49 18 879
18 53 939
53 18 939
18 42 334
42 18 334
18 64 846
64 18 846
18 38 36
38 18 36
18 25 2
25 18 2
18 51 633
51 18 633
19 26 225
26 19 225
19 51 831
51 19 831
19 66 740
66 19 740
19 60 705
60 19 705
19 66 340
66 19 340
19 55 3
55 19 3
19 44 800
44 19 800
19 35 422
35 19 422
19 66 228
66 19 228
19 45 269
45 19 269
19 46 151
46 19 151
19 49 731
49 19 731
19 36 139
36 19 139
20 40 404
40 20 404
20 42 761
42 20 761
20 57 383
57 20 383
20 36 422
36 20 422
20 47 470
47 20 470
20 49 769
49 20 769
20 60 259
60 20 259
20 63 361
63 20 361
20 31 729
31 20 729
20 22 775
22 20 775
20 28 491
28 20 491
20 46 934
46 20 934
20 56 242
56 20 242
20 56 169
56 20 169
20 39 584
39 20 584
20 50 267
50 20 267
20 32 477
32 20 477
20 39 461
39 20 461
20 29 734
29 20 734
20 49 726
49 20 726
20 28 390
28 20 390
20 62 230
62 20 230
21 31 299
31 21 299
21 50 293
50 21 293
21 67 270
67 21 270
21 55 823
55 21 823
21 25 239
25 21 239
21 56 158
56 21 158
21 48 946
48 21 946
21 30 915
30 21 915
21 29 91
29 21 91
21 30 799
30 21 799
21 45 213
45 21 213
21 41 737
41 21 737
21 25 415
25 21 415
21 64 52
64 21 52
21 23 306
23 21 306
21 31 202
31 21 202
21 34 649
34 21 649
21 27 963
27 21 963
21 31 178
31 21 178
21 37 368
37 21 368
21 55 476
55 21 476
21 24 271
24 21 271
21 50 965
50 21 965
21 36 354
36 21 354
21 45 563
45 21 563
22 63 389
63 22 389
22 35 636
35 22 636
22 27 264
27 22 264
22 23 504
23 22 504
22 65 969
65 22 969
22 31 933
31 22 933
22 56 7
56 22 7
22 67 763
67 22 763
22 24 127
24 22 127
22 53 469
53 22 469
22 28 590
28 22 590
22 38 189
38 22 189
22 42 233
42 22 233
22 63 478
63 22 478
22 30 779
30 22 779
22 26 602
26 22 602
22 52 546
52 22 546
22 37 444
37 22 444
22 38 68
38 22 68
22 24 926
24 22 926
23 47 852
47 23 852
23 55 862
55 23 862
23 38 920
38 23 920
23 32 832
32 23 832
23 29 660
29 23 660
23 59 267
59 23 267
23 48 913
48 23 913
23 41 858
41 23 858
23 55 58
55 23 58
23 63 783
63 23 783
23 27 977
27 23 977
23 63 125
63 23 125
23 37 731
37 23 731
23 45 258
45 23 258
23 63 519
63 23 519
24 30 133
30 24 133
24 38 374
38 24 374
24 33 78
33 24 78
24 34 992
34 24 992
24 54 303
54 24 303
24 42 157
42 24 157
24 67 359
67 24 359
24 65 322
65 24 322
24 56 939
56 24 939
24 39 36
39 24 36
24 47 499
47 24 499
24 34 587
34 24 587
24 50 639
50 24 639
24 27 344
27 24 344
24 42 50
42 24 50
24 27 94
27 24 94
24 35 94
35 24 94
24 28 183
28 24 183
24 56 527
56 24 527
24 31 152
31 24 152
25 38 468
38 25 468
25 31 143
31 25 143
25 32 963
32 25 963
25 64 625
64 25 625
25 59 515
59 25 515
25 32 489
32 25 489
25 48 621
48 25 621
25 34 102
34 25 102
25 39 6
39 25 6
25 64 34
64 25 34
25 31 666
31 25 666
25 32 879
32 25 879
25 34 678
34 25 678
25 54 49
54 25 49
25 41 321
41 25 321
26 46 725
46 26 725
26 26 344
26 26 344
26 46 837
46 26 837
26 61 357
61 26 357
26 63 500
63 26 500
26 27 890
27 26 890
26 57 910
57 26 910
26 36 502
36 26 502
26 52 436
52 26 436
26 34 253
34 26 253
26 27 546
27 26 546
26 46 276
46 26 276
26 40 247
40 26 247
26 41 539
41 26 539
27 36 142
36 27 142
27 53 490
53 27 490
27 62 465
62 27 465
27 62 946
62 27 946
27 28 149
28 27 149
27 38 38
38 27 38
27 57 945
57 27 945
27 41 102
41 27 102
27 39 673
39 27 673
27 65 656
65 27 656
27 48 815
48 27 815
27 45 445
45 27 445
27 47 450
47 27 450
27 50 478
50 27 478
27 46 63
46 27 63
27 63 391
63 27 391
27 34 331
34 27 331
27 55 588
55 27 588
27 48 509
48 27 509
27 54 684
54 27 684
27 31 266
31 27 266
28 52 998
52 28 998
28 30 357
30 28 357
28 28 233
28 28 233
28 48 623
48 28 623
28 60 969
60 28 969
28 46 881
46 28 881
28 30 427
30 28 427
28 40 89
40 28 89
28 51 873
51 28 873
28 42 440
42 28 440
28 52 597
52 28 597
28 48 906
48 28 906
28 55 441
55 28 441
28 33 351
33 28 351
28 61 306
61 28 306
28 38 394
38 28 394
28 57 194
57 28 194
28 42 411
42 28 411
29 65 87
65 29 87
29 36 475
36 29 475
29 65 480
65 29 480
29 61 99
61 29 99
29 66 804
66 29 804
29 47 683
47 29 683
29 63 511
63 29 511
29 63 745
63 29 745
29 39 551
39 29 551
29 45 567
45 29 567
29 58 310
58 29 310
29 58 258
58 29 258
29 45 302
45 29 302
29 46 798
46 29 798
29 32 448
32 29 448
29 41 935
41 29 935
29 34 329
34 29 329
29 64 493
64 29 493
29 29 891
29 29 891
30 43 145
43 30 145
30 46 816
46 30 816
30 40 877
40 30 877
30 57 123
57 30 123
30 67 444
67 30 444
30 30 460
30 30 460
30 58 390
58 30 390
30 34 442
34 30 442
30 31 317
31 30 317
30 67 625
67 30 625
30 49 427
49 30 427
30 42 558
42 30 558
30 30 536
30 30 536
30 30 730
30 30 730
30 67 867
67 30 867
30 47 759
47 30 759
30 53 231
53 30 231
30 59 507
59 30 507
31 61 41
61 31 41
31 44 970
44 31 970
31 44 41
44 31 41
31 66 469
66 31 469
31 34 655
34 31 655
31 36 972
36 31 972
31 52 329
52 31 329
31 33 803
33 31 803
31 66 236
66 31 236
32 45 77
45 32 77
32 45 811
45 32 811
32 43 263
43 32 263
32 62 861
62 32 861
32 55 337
55 32 337
32 65 141
65 32 141
32 58 276
58 32 276
32 61 655
61 32 655
32 47 871
47 32 871
32 37 722
37 32 722
33 50 797
50 33 797
33 49 87
49 33 87
33 38 533
38 33 533
33 52 375
52 33 375
34 38 336
38 34 336
34 34 311
34 34 311
34 61 563
61 34 563
34 52 636
52 34 636
34 67 662
67 34 662
34 36 637
36 34 637
34 58 612
58 34 612
34 47 434
47 34 434
34 42 508
42 34 508
34 41 350
41 34 350
34 39 513
39 34 513
35 44 737
44 35 737
35 65 74
65 35 74
35 41 807
41 35 807
35 36 580
36 35 580
35 59 656
59 35 656
35 44 143
44 35 143
35 57 610
57 35 610
35 50 755
50 35 755
35 45 420
45 35 420
35 44 561
44 35 561
35 59 65
59 35 65
35 62 436
62 35 436
35 64 245
64 35 245
35 38 998
38 35 998
35 48 339
48 35 339
35 46 964
46 35 964
36 54 645
54 36 645
36 49 979
49 36 979
36 44 479
44 36 479
36 36 416
36 36 416
36 60 674
60 36 674
36 37 338
37 36 338
37 45 330
45 37 330
37 41 203
41 37 203
37 47 216
47 37 216
37 40 926
40 37 926
37 51 513
51 37 513
37 37 255
37 37 255
37 38 260
38 37 260
38 45 953
45 38 953
38 67 485
67 38 485
38 42 935
42 38 935
38 64 620
64 38 620
38 48 981
48 38 981
38 56 474
56 38 474
38 43 159
43 38 159
39 44 711
44 39 711
39 61 740
61 39 740
39 55 109
55 39 109
39 57 53
57 39 53
39 47 107
47 39 107
39 59 148
59 39 148
39 52 131
52 39 131
39 63 630
63 39 630
39 58 506
58 39 506
39 60 787
60 39 787
39 60 402
60 39 402
39 61 556
61 39 556
39 62 660
62 39 660
39 53 600
53 39 600
39 63 747
63 39 747
39 62 256
62 39 256
39 48 261
48 39 261
40 59 654
59 40 654
40 44 208
44 40 208
40 45 99
45 40 99
40 46 23
46 40 23
40 44 611
44 40 611
40 55 387
55 40 387
40 56 607
56 40 607
40 54 776
54 40 776
40 51 377
51 40 377
40 56 818
56 40 818
40 58 258
58 40 258
40 50 938
50 40 938
40 42 236
42 40 236
41 49 95
49 41 95
41 60 966
60 41 966
41 63 361
63 41 361
41 45 94
45 41 94
41 64 717
64 41 717
41 45 170
45 41 170
41 64 29
64 41 29
41 56 74
56 41 74
41 41 2
41 41 2
41 54 460
54 41 460
42 59 203
59 42 203
42 52 690
52 42 690
42 64 89
64 42 89
42 50 471
50 42 471
42 58 406
58 42 406
42 66 310
66 42 310
42 49 385
49 42 385
42 65 957
65 42 957
42 54 894
54 42 894
43 63 188
63 43 188
43 59 145
59 43 145
43 60 553
60 43 553
43 67 421
67 43 421
43 64 223
64 43 223
43 46 821
46 43 821
43 48 795
48 43 795
43 62 190
62 43 190
43 46 429
46 43 429
43 67 41
67 43 41
43 45 166
45 43 166
44 61 328
61 44 328
44 49 70
49 44 70
44 51 345
51 44 345
44 60 8
60 44 8
44 56 290
56 44 290
44 46 144
46 44 144
44 46 785
46 44 785
45 60 796
60 45 796
45 66 858
66 45 858
45 60 454
60 45 454
45 54 102
54 45 102
45 63 860
63 45 860
45 63 596
63 45 596
45 52 249
52 45 249
46 56 929
56 46 929
46 51 178
51 46 178
46 60 434
60 46 434
46 59 660
59 46 660
46 60 126
60 46 126
47 65 855
65 47 855
47 59 550
59 47 550
47 59 288
59 47 288
47 58 227
58 47 227
47 51 935
51 47 935
48 53 374
53 48 374
48 49 832
49 48 832
48 65 504
65 48 504
48 54 124
54 48 124
48 60 555
60 48 555
49 56 659
56 49 659
49 67 353
67 49 353
49 58 235
58 49 235
49 65 767
65 49 767
49 55 92
55 49 92
49 53 53
53 49 53
49 60 47
60 49 47
50 64 493
64 50 493
50 51 607
51 50 607
50 57 330
57 50 330
50 61 507
61 50 507
50 60 414
60 50 414
51 64 678
64 51 678
51 55 249
55 51 249
51 59 750
59 51 750
51 62 995
62 51 995
51 63 286
63 51 286
51 61 533
61 51 533
51 64 774
64 51 774
51 66 90
66 51 90
52 67 756
67 52 756
52 59 149
59 52 149
52 55 347
55 52 347
52 56 804
56 52 804
52 66 577
66 52 577
52 67 815
67 52 815
52 67 280
67 52 280
52 58 500
58 52 500
52 61 833
61 52 833
52 53 886
53 52 886
52 54 896
54 52 896
53 67 916
67 53 916
53 54 987
54 53 987
53 64 316
64 53 316
53 65 697
65 53 697
53 59 759
59 53 759
53 64 426
64 53 426
54 61 610
61 54 610
54 58 338
58 54 338
54 66 227
66 54 227
55 57 546
57 55 546
55 67 348
67 55 348
55 61 273
61 55 273
55 66 983
66 55 983
55 61 849
61 55 849
55 60 677
60 55 677
55 64 215
64 55 215
56 65 184
65 56 184
56 63 47
63 56 47
56 59 78
59 56 78
56 64 32
64 56 32
56 63 331
63 56 331
56 67 270
67 56 270
56 58 772
58 56 772
57 67 17
67 57 17
57 57 599
57 57 599
57 67 238
67 57 238
57 62 495
62 57 495
57 59 273
59 57 273
57 59 318
59 57 318
58 67 663
67 58 663
58 66 976
66 58 976
58 61 883
61 58 883
58 63 890
63 58 890
58 62 3
62 58 3
59 65 626
65 59 626
59 61 704
61 59 704
59 61 181
61 59 181
59 63 923
63 59 923
60 60 12
60 60 12
60 65 503
65 60 503
60 60 574
60 60 574
60 65 639
65 60 639
60 61 651
61 60 651
61 61 326
61 61 326
61 64 752
64 61 752
62 66 719
66 62 719
62 62 337
62 62 337
63 65 880
65 63 880
63 65 716
65 63 716
64 66 104
66 64 104
66 66 883
66 66 883
