55

0 1 228
1 0 228
0 5 183
5 0 183
0 9 774
9 0 774
0 28 106
28 0 106
0 41 538
41 0 538
0 42 438
42 0 438
0 21 604
21 0 604
1 2 531
2 1 531
1 4 875
4 1 875
1 44 764
44 1 764
1 26 687
26 1 687
1 28 984
28 1 984
1 23 296
23 1 296
1 24 904
24 1 904
1 49 25
49 1 25
1 8 15
8 1 15
1 16 205
16 1 205
1 38 484
38 1 484
2 3 65
3 2 65
2 6 291
6 2 291
2 32 634
32 2 634
2 42 967
42 2 967
2 9 888
9 2 888
2 20 991
20 2 991
2 32 650
32 2 650
2 45 23
45 2 23
2 26 473
26 2 473
2 17 581
17 2 581
3 7 657
7 3 657
3 8 719
8 3 719
3 33 459
33 3 459
3 45 220
45 3 220
3 39 341
39 3 341
3 17 37
17 3 37
3 26 337
26 3 337
3 54 944
54 3 944
4 11 798
11 4 798
4 17 661
17 4 661
4 25 456
25 4 456
4 36 703
36 4 703
4 47 375
47 4 375
4 50 894
50 4 894
4 41 23
41 4 23
4 34 889
34 4 889
4 19 193
19 4 193
4 12 825
12 4 825
5 15 828
15 5 828
5 18 678
18 5 678
5 26 688
26 5 688
5 49 753
49 5 753
5 9 925
9 5 925
5 21 566
21 5 566
5 35 614
35 5 614
5 46 309
46 5 309
5 29 287
29 5 287
5 48 500
48 5 500
6 10 855
10 6 855
6 34 267
34 6 267
6 48 602
48 6 602
6 15 536
15 6 536
6 8 464
8 6 464
6 35 458
35 6 458
6 42 402
42 6 402
6 53 29
53 6 29
7 46 731
46 7 731
7 53 357
53 7 357
7 17 62
17 7 62
8 36 265
36 8 265
8 28 634
28 8 634
8 26 94
26 8 94
8 37 441
37 8 441
9 14 295
14 9 295
9 21 423
21 9 423
9 13 544
13 9 544
9 19 972
19 9 972
9 36 587
36 9 587
9 41 3
41 9 3
10 23 982
23 10 982
10 50 865
50 10 865
10 38 283
38 10 283
10 35 883
35 10 883
10 48 990
48 10 990
10 45 885
45 10 885
11 12 910
12 11 910
11 37 836
37 11 836
11 21 985
21 11 985
11 18 187
18 11 187
12 13 634
13 12 634
12 16 69
16 12 69
12 19 290
19 12 290
12 20 665
20 12 665
12 38 340
38 12 340
12 16 505
16 12 505
12 50 957
50 12 957
12 16 472
16 12 472
12 40 214
40 12 214
12 23 668
23 12 668
13 25 469
25 13 469
13 47 683
47 13 683
13 26 144
26 13 144
13 42 418
42 13 418
14 45 583
45 14 583
14 39 599
39 14 599
14 16 512
16 14 512
15 27 350
27 15 350
15 35 710
35 15 710
15 49 61
49 15 61
15 21 706
21 15 706
16 39 416
39 16 416
16 20 698
20 16 698
16 50 365
50 16 365
16 30 270
30 16 270
17 35 638
35 17 638
17 40 931
40 17 931
17 26 107
26 17 107
17 53 5
53 17 5
17 42 254
42 17 254
17 42 103
42 17 103
17 20 278
20 17 278
17 38 429
38 17 429
18 29 252
29 18 252
18 53 853
53 18 853
18 19 88
19 18 88
18 32 362
32 18 362
18 36 191
36 18 191
19 25 313
25 19 313
19 43 929
43 19 929
19 29 684
29 19 684
19 37 359
37 19 359
20 22 578
22 20 578
20 24 959
24 20 959
20 54 591
54 20 591
20 29 852
29 20 852
20 22 33
22 20 33
20 35 136
35 20 136
20 43 684
43 20 684
20 24 40
24 20 40
21 25 925
25 21 925
21 30 553
30 21 553
22 33 360
33 22 360
22 30 721
30 22 721
22 28 183
28 22 183
22 37 291
37 22 291
23 54 225
54 23 225
24 49 907
49 24 907
24 43 211
43 24 211
25 31 133
31 25 133
25 47 100
47 25 100
25 27 745
27 25 745
25 35 382
35 25 382
25 35 344
35 25 344
26 31 851
31 26 851
27 30 539
30 27 539
27 50 255
50 27 255
27 46 970
46 27 970
28 48 188
48 28 188
28 42 95
42 28 95
29 52 545
52 29 545
29 51 353
51 29 353
30 31 398
31 30 398
30 34 343
34 30 343
30 40 119
40 30 119
30 43 283
43 30 283
31 36 991
36 31 991
32 40 925
40 32 925
32 54 540
54 32 540
32 41 270
41 32 270
32 39 462
39 32 462
33 34 791
34 33 791
34 47 259
47 34 259
34 51 288
51 34 288
35 45 454
45 35 454
36 51 347
51 36 347
36 38 417
38 36 417
37 43 790
43 37 790
37 39 815
39 37 815
37 49 424
49 37 424
37 52 934
52 37 934
38 52 733
52 38 733
39 48 885
48 39 885
39 44 700
44 39 700
39 53 59
53 39 59
40 46 193
46 40 193
41 50 673
50 41 673
43 52 387
52 43 387
43 45 381
45 43 381
44 51 780
51 44 780
44 47 23
47 44 23
44 46 78
46 44 78
46 53 8
53 46 8
47 51 172
51 47 172
48 54 559
54 48 559
49 52 122
52 49 122
49 52 443
52 49 443
51 54 553
54 51 553
51 53 657
53 51 657
52 53 586
53 52 586
52 54 34
54 52 34
