88

0 1 932
1 0 932
0 43 708
43 0 708
0 48 458
48 0 458
0 49 471
49 0 471
0 79 216
79 0 216
0 25 50
25 0 50
0 54 102
54 0 102
0 5 286
5 0 286
0 86 690
86 0 690
0 62 209
62 0 209
0 66 206
66 0 206
0 5 588
5 0 588
0 68 639
68 0 639
0 61 30
61 0 30
0 76 677
76 0 677
0 52 691
52 0 691
0 15 725
15 0 725
0 67 197
67 0 197
1 2 978
2 1 978
1 7 774
7 1 774
1 8 76
8 1 76
1 9 973
9 1 973
1 14 911
14 1 911
1 15 977
15 1 977
1 64 768
64 1 768
1 53 697
53 1 697
1 16 185
16 1 185
1 10 461
10 1 461
1 15 370
15 1 370
1 22 913
22 1 913
1 53 960
53 1 960
1 79 502
79 1 502
1 31 499
31 1 499
1 77 234
77 1 234
1 37 420
37 1 420
1 83 810
83 1 810
1 20 732
20 1 732
1 8 801
8 1 801
1 21 103
21 1 103
2 3 8
3 2 8
2 17 692
17 2 692
2 29 274
29 2 274
2 37 539
37 2 539
2 50 992
50 2 992
2 56 889
56 2 889
2 52 274
52 2 274
2 17 758
17 2 758
2 24 550
24 2 550
2 82 547
82 2 547
2 66 446
66 2 446
2 3 196
3 2 196
2 77 522
77 2 522
2 43 496
43 2 496
2 59 419
59 2 419
2 86 298
86 2 298
2 13 403
13 2 403
2 61 541
61 2 541
2 49 626
49 2 626
2 82 308
82 2 308
2 31 89
31 2 89
2 55 802
55 2 802
2 42 649
42 2 649
2 17 181
17 2 181
2 22 25
22 2 25
3 4 797
4 3 797
3 12 985
12 3 985
3 58 106
58 3 106
3 32 252
32 3 252
3 17 73
17 3 73
3 33 327
33 3 327
3 64 320
64 3 320
3 70 556
70 3 556
3 72 509
72 3 509
3 37 263
37 3 263
3 67 725
67 3 725
3 51 768
51 3 768
3 9 79
9 3 79
3 82 943
82 3 943
3 54 135
54 3 135
4 5 68
5 4 68
4 62 44
62 4 44
4 53 472
53 4 472
4 37 72
37 4 72
4 59 712
59 4 712
4 62 301
62 4 301
4 8 763
8 4 763
4 20 280
20 4 280
4 83 669
83 4 669
4 70 637
70 4 637
4 22 769
22 4 769
4 13 478
13 4 478
4 58 347
58 4 347
4 62 708
62 4 708
4 56 539
56 4 539
4 79 55
79 4 55
5 6 141
6 5 141
5 19 566
19 5 566
5 23 449
23 5 449
5 78 962
78 5 962
5 57 108
57 5 108
5 73 883
73 5 883
5 68 602
68 5 602
5 9 583
9 5 583
5 55 371
55 5 371
5 51 910
51 5 910
5 40 759
40 5 759
5 59 328
59 5 328
5 53 746
53 5 746
5 32 632
32 5 632
5 52 313
52 5 313
5 37 976
37 5 976
5 13 900
13 5 900
5 30 940
30 5 940
5 7 239
7 5 239
5 68 964
68 5 964
5 6 744
6 5 744
6 10 362
10 6 362
6 17 944
17 6 944
6 9 233
9 6 233
6 36 859
36 6 859
6 62 253
62 6 253
6 73 230
73 6 230
6 62 723
62 6 723
6 48 798
48 6 798
6 54 258
54 6 258
6 61 636
61 6 636
6 30 899
30 6 899
6 78 229
78 6 229
6 32 584
32 6 584
6 67 357
67 6 357
6 23 911
23 6 911
6 83 53
83 6 53
6 14 543
14 6 543
6 59 301
59 6 301
6 9 327
9 6 327
6 19 416
19 6 416
6 49 723
49 6 723
6 34 536
34 6 536
7 13 611
13 7 611
7 25 971
25 7 971
7 24 211
24 7 211
7 83 714
83 7 714
7 83 960
83 7 960
7 68 534
68 7 534
7 45 634
45 7 634
7 26 50
26 7 50
7 28 611
28 7 611
7 25 248
25 7 248
7 67 52
67 7 52
7 39 113
39 7 113
7 50 27
50 7 27
7 33 122
33 7 122
7 85 859
85 7 859
7 68 804
68 7 804
7 50 206
50 7 206
7 71 734
71 7 734
7 7 352
7 7 352
7 53 601
53 7 601
8 41 41
41 8 41
8 25 501
25 8 501
8 63 870
63 8 870
8 87 226
87 8 226
8 31 817
31 8 817
8 83 234
83 8 234
8 17 775
17 8 775
8 58 409
58 8 409
8 22 337
22 8 337
8 45 338
45 8 338
8 63 415
63 8 415
8 55 517
55 8 517
8 44 486
44 8 486
8 17 910
17 8 910
8 86 516
86 8 516
8 72 224
72 8 224
8 32 396
32 8 396
8 38 637
38 8 637
8 84 959
84 8 959
8 74 866
74 8 866
9 35 833
35 9 833
9 72 242
72 9 242
9 60 975
60 9 975
9 68 890
68 9 890
9 20 41
20 9 41
9 41 130
41 9 130
9 47 594
47 9 594
9 18 153
18 9 153
9 59 387
59 9 387
9 62 87
62 9 87
9 17 229
17 9 229
9 55 808
55 9 808
9 32 790
32 9 790
9 84 529
84 9 529
9 45 276
45 9 276
9 63 323
63 9 323
9 34 670
34 9 670
9 53 467
53 9 467
9 86 872
86 9 872
9 75 785
75 9 785
10 11 315
11 10 315
10 23 811
23 10 811
10 47 553
47 10 553
10 59 603
59 10 603
10 71 120
71 10 120
10 20 830
20 10 830
10 37 760
37 10 760
10 26 891
26 10 891
10 18 899
18 10 899
10 18 30
18 10 30
10 50 535
50 10 535
10 12 39
12 10 39
10 62 718
62 10 718
10 16 775
16 10 775
10 18 716
18 10 716
10 78 2
78 10 2
10 63 733
63 10 733
10 80 671
80 10 671
10 38 629
38 10 629
10 21 744
21 10 744
10 26 214
26 10 214
11 26 753
26 11 753
11 40 831
40 11 831
11 61 940
61 11 940
11 31 861
31 11 861
11 17 139
17 11 139
11 62 39
62 11 39
11 17 161
17 11 161
11 56 645
56 11 645
11 82 651
82 11 651
11 46 470
46 11 470
11 66 878
66 11 878
11 70 75
70 11 75
11 18 404
18 11 404
11 80 803
80 11 803
11 32 875
32 11 875
11 13 340
13 11 340
11 43 682
43 11 682
11 63 503
63 11 503
11 49 520
49 11 520
11 43 987
43 11 987
11 15 540
15 11 540
11 22 489
22 11 489
11 62 958
62 11 958
11 61 663
61 11 663
11 73 598
73 11 598
11 36 815
36 11 815
12 16 689
16 12 689
12 22 171
22 12 171
12 39 222
39 12 222
12 82 188
82 12 188
12 86 29
86 12 29
12 60 80
60 12 80
12 72 657
72 12 657
12 72 631
72 12 631
12 57 198
57 12 198
12 84 816
84 12 816
12 56 985
56 12 985
12 53 335
53 12 335
12 67 983
67 12 983
12 61 546
61 12 546
12 17 719
17 12 719
12 27 776
27 12 776
12 45 113
45 12 113
12 70 685
70 12 685
12 18 369
18 12 369
12 42 734
42 12 734
12 84 880
84 12 880
12 47 313
47 12 313
12 60 198
60 12 198
12 32 361
32 12 361
12 84 924
84 12 924
13 21 909
21 13 909
13 27 939
27 13 939
13 25 530
25 13 530
13 87 625
87 13 625
13 74 131
74 13 131
13 40 451
40 13 451
13 50 209
50 13 209
13 49 761
49 13 761
13 40 408
40 13 408
13 24 392
24 13 392
13 83 307
83 13 307
13 66 660
66 13 660
13 65 784
65 13 784
13 59 910
59 13 910
13 28 985
28 13 985
13 66 197
66 13 197
13 70 72
70 13 72
13 49 918
49 13 918
13 34 583
34 13 583
13 48 608
48 13 608
13 87 554
87 13 554
13 22 354
22 13 354
13 77 176
77 13 176
13 23 35
23 13 35
13 66 357
66 13 357
13 80 423
80 13 423
13 29 772
29 13 772
13 32 477
32 13 477
13 23 958
23 13 958
14 42 543
42 14 543
14 72 492
72 14 492
14 52 669
52 14 669
14 77 764
77 14 764
14 38 268
38 14 268
14 66 253
66 14 253
14 30 420
30 14 420
14 85 802
85 14 802
14 70 744
70 14 744
14 17 418
17 14 418
14 52 250
52 14 250
14 26 145
26 14 145
14 42 494
42 14 494
14 54 912
54 14 912
14 38 704
38 14 704
14 72 273
72 14 273
15 46 300
46 15 300
15 52 362
52 15 362
15 40 31
40 15 31
15 30 260
30 15 260
15 20 953
20 15 953
15 24 727
24 15 727
15 81 360
81 15 360
15 24 12
24 15 12
15 65 378
65 15 378
15 45 690
45 15 690
15 71 322
71 15 322
15 71 759
71 15 759
15 49 395
49 15 395
15 53 558
53 15 558
15 62 875
62 15 875
15 53 962
53 15 962
15 35 161
35 15 161
15 56 137
56 15 137
15 26 6
26 15 6
15 24 974
24 15 974
15 73 852
73 15 852
16 20 531
20 16 531
16 24 238
24 16 238
16 32 682
32 16 682
16 50 580
50 16 580
16 81 562
81 16 562
16 28 251
28 16 251
16 75 913
75 16 913
16 18 339
18 16 339
16 79 388
79 16 388
16 18 474
18 16 474
16 29 647
29 16 647
16 70 261
70 16 261
16 25 440
25 16 440
16 64 12
64 16 12
16 27 744
27 16 744
16 34 565
34 16 565
16 33 256
33 16 256
16 28 286
28 16 286
16 58 326
58 16 326
16 21 416
21 16 416
16 77 602
77 16 602
16 52 336
52 16 336
16 71 666
71 16 666
16 80 537
80 16 537
17 18 925
18 17 925
17 77 893
77 17 893
17 54 771
54 17 771
17 60 149
60 17 149
17 47 336
47 17 336
17 41 516
41 17 516
17 31 839
31 17 839
17 23 910
23 17 910
17 54 703
54 17 703
17 30 855
30 17 855
17 46 256
46 17 256
17 42 640
42 17 640
17 34 404
34 17 404
17 32 463
32 17 463
17 23 747
23 17 747
17 58 619
58 17 619
17 77 492
77 17 492
18 63 860
63 18 860
18 50 289
50 18 289
18 24 359
24 18 359
18 26 847
26 18 847
18 70 11
70 18 11
18 59 732
59 18 732
18 57 617
57 18 617
18 63 48
63 18 48
18 87 572
87 18 572
18 42 228
42 18 228
18 80 295
80 18 295
18 86 779
86 18 779
18 24 546
24 18 546
19 68 911
68 19 911
19 72 98
72 19 98
19 83 524
83 19 524
19 83 536
83 19 536
19 51 585
51 19 585
19 63 168
63 19 168
19 48 870
48 19 870
19 58 751
58 19 751
19 57 250
57 19 250
19 29 819
29 19 819
19 19 883
19 19 883
19 53 112
53 19 112
19 69 870
69 19 870
19 38 518
38 19 518
19 69 640
69 19 640
19 60 337
60 19 337
20 31 264
31 20 264
20 32 735
32 20 735
20 61 572
61 20 572
20 80 858
80 20 858
20 44 344
44 20 344
20 57 49
57 20 49
20 81 699
81 20 699
20 40 790
40 20 790
20 26 369
26 20 369
20 67 446
67 20 446
20 22 681
22 20 681
20 35 465
35 20 465
20 77 529
77 20 529
20 65 330
65 20 330
20 64 349
64 20 349
20 78 255
78 20 255
20 73 914
73 20 914
20 63 990
63 20 990
20 44 558
44 20 558
21 74 675
74 21 675
21 39 256
39 21 256
21 73 756
73 21 756
21 71 349
71 21 349
21 36 642
36 21 642
21 59 829
59 21 829
21 64 779
64 21 779
21 65 733
65 21 733
21 30 855
30 21 855
21 23 280
23 21 280
22 36 288
36 22 288
22 49 400
49 22 400
22 72 813
72 22 813
22 66 532
66 22 532
22 25 83
25 22 83
22 82 940
82 22 940
22 47 57
47 22 57
22 82 131
82 22 131
22 81 117
81 22 117
22 64 960
64 22 960
22 34 821
34 22 821
22 71 354
71 22 354
22 73 91
73 22 91
22 42 513
42 22 513
22 51 555
51 22 555
22 34 692
34 22 692
23 30 780
30 23 780
23 57 393
57 23 393
23 85 286
85 23 286
23 66 105
66 23 105
23 71 619
71 23 619
23 79 60
79 23 60
23 28 648
28 23 648
23 31 66
31 23 66
23 59 569
59 23 569
23 30 838
30 23 838
23 67 18
67 23 18
23 37 408
37 23 408
23 73 93
73 23 93
24 68 723
68 24 723
24 39 98
39 24 98
24 87 911
87 24 911
24 59 905
59 24 905
24 54 926
54 24 926
24 53 921
53 24 921
24 27 679
27 24 679
24 63 743
63 24 743
24 85 114
85 24 114
24 57 80
57 24 80
24 55 545
55 24 545
24 67 572
67 24 572
24 78 644
78 24 644
24 75 405
75 24 405
24 46 612
46 24 612
24 60 795
60 24 795
24 54 248
54 24 248
25 28 34
28 25 34
25 33 544
33 25 544
25 51 809
51 25 809
25 34 872
34 25 872
25 65 131
65 25 131
25 26 425
26 25 425
25 71 90
71 25 90
25 85 140
85 25 140
25 28 19
28 25 19
25 82 549
82 25 549
25 84 979
84 25 979
25 72 451
72 25 451
25 49 882
49 25 882
25 54 335
54 25 335
25 69 653
69 25 653
26 55 249
55 26 249
26 42 428
42 26 428
26 74 842
74 26 842
26 42 53
42 26 53
26 46 373
46 26 373
26 64 153
64 26 153
26 81 383
81 26 383
26 34 984
34 26 984
26 65 92
65 26 92
26 66 823
66 26 823
26 64 784
64 26 784
27 31 643
31 27 643
27 77 543
77 27 543
27 67 145
67 27 145
27 69 865
69 27 865
27 50 389
50 27 389
27 65 510
65 27 510
27 45 465
45 27 465
27 81 659
81 27 659
27 57 602
57 27 602
27 55 878
55 27 878
27 38 70
38 27 70
28 41 751
41 28 751
28 57 410
57 28 410
28 41 485
41 28 485
28 74 295
74 28 295
28 62 313
62 28 313
28 86 213
86 28 213
28 39 9
39 28 9
28 28 863
28 28 863
28 48 694
48 28 694
28 40 255
40 28 255
28 38 525
38 28 525
28 74 712
74 28 712
28 68 66
68 28 66
28 87 151
87 28 151
28 83 473
83 28 473
28 81 90
81 28 90
28 39 185
39 28 185
28 79 366
79 28 366
29 85 207
85 29 207
29 43 151
43 29 151
29 74 938
74 29 938
29 36 188
36 29 188
29 44 571
44 29 571
29 68 217
68 29 217
29 54 331
54 29 331
29 87 964
87 29 964
29 36 117
36 29 117
29 42 381
42 29 381
29 57 448
57 29 448
29 78 740
78 29 740
29 47 773
47 29 773
29 62 20
62 29 20
29 86 129
86 29 129
29 87 405
87 29 405
29 75 906
75 29 906
29 57 713
57 29 713
29 33 428
33 29 428
30 87 398
87 30 398
30 47 353
47 30 353
30 47 721
47 30 721
30 59 359
59 30 359
30 87 609
87 30 609
30 37 402
37 30 402
30 70 143
70 30 143
30 49 491
49 30 491
30 48 872
48 30 872
31 34 508
34 31 508
31 50 427
50 31 427
31 81 943
81 31 943
31 40 590
40 31 590
31 67 355
67 31 355
31 32 595
32 31 595
31 61 229
61 31 229
31 67 719
67 31 719
31 33 709
33 31 709
31 39 265
39 31 265
31 84 603
84 31 603
31 80 472
80 31 472
31 42 307
42 31 307
31 82 416
82 31 416
31 61 306
61 31 306
31 64 730
64 31 730
31 55 272
55 31 272
31 65 425
65 31 425
31 42 54
42 31 54
31 70 660
70 31 660
31 67 519
67 31 519
31 73 766
73 31 766
31 38 932
38 31 932
32 68 393
68 32 393
32 81 407
81 32 407
32 81 179
81 32 179
32 45 751
45 32 751
32 36 495
36 32 495
32 76 919
76 32 919
32 79 371
79 32 371
32 34 553
34 32 553
32 33 97
33 32 97
32 80 187
80 32 187
32 55 800
55 32 800
32 54 504
54 32 504
32 67 520
67 32 520
32 78 825
78 32 825
33 56 835
56 33 835
33 63 677
63 33 677
33 68 153
68 33 153
33 53 948
53 33 948
33 80 553
80 33 553
33 40 851
40 33 851
33 70 856
70 33 856
33 34 955
34 33 955
33 84 601
84 33 601
33 44 769
44 33 769
33 46 749
46 33 749
33 53 130
53 33 130
33 85 279
85 33 279
34 87 373
87 34 373
34 80 81
80 34 81
34 62 758
62 34 758
34 79 722
79 34 722
34 64 497
64 34 497
34 74 659
74 34 659
34 69 958
69 34 958
34 36 64
36 34 64
34 66 953
66 34 953
34 39 619
39 34 619
34 35 344
35 34 344
34 52 542
52 34 542
34 67 247
67 34 247
34 81 377
81 34 377
34 44 193
44 34 193
35 38 587
38 35 587
35 54 977
54 35 977
35 80 7
80 35 7
35 58 199
58 35 199
35 85 915
85 35 915
35 55 184
55 35 184
35 43 425
43 35 425
35 81 756
81 35 756
35 73 221
73 35 221
35 38 582
38 35 582
35 55 465
55 35 465
35 64 914
64 35 914
35 78 97
78 35 97
35 49 431
49 35 431
36 67 66
67 36 66
36 70 897
70 36 897
36 84 763
84 36 763
36 86 707
86 36 707
36 80 615
80 36 615
36 45 954
45 36 954
36 64 932
64 36 932
37 52 236
52 37 236
37 86 756
86 37 756
37 64 119
64 37 119
37 54 487
54 37 487
37 68 801
68 37 801
37 65 876
65 37 876
37 75 416
75 37 416
37 77 541
77 37 541
37 85 299
85 37 299
37 41 897
41 37 897
37 62 780
62 37 780
37 84 780
84 37 780
38 43 591
43 38 591
38 75 730
75 38 730
38 45 750
45 38 750
38 77 403
77 38 403
38 43 4
43 38 4
38 73 757
73 38 757
38 65 916
65 38 916
38 44 810
44 38 810
38 78 453
78 38 453
38 73 41
73 38 41
38 68 706
68 38 706
38 71 136
71 38 136
38 72 309
72 38 309
38 78 486
78 38 486
38 58 728
58 38 728
39 42 152
42 39 152
39 44 131
44 39 131
39 70 974
70 39 974
39 52 562
52 39 562
39 58 270
58 39 270
39 44 795
44 39 795
39 52 387
52 39 387
39 75 461
75 39 461
39 49 773
49 39 773
39 71 199
71 39 199
39 80 24
80 39 24
39 68 517
68 39 517
39 52 577
52 39 577
39 42 602
42 39 602
39 59 786
59 39 786
39 81 473
81 39 473
39 66 555
66 39 555
39 47 329
47 39 329
39 40 266
40 39 266
40 67 764
67 40 764
40 58 393
58 40 393
40 75 117
75 40 117
40 84 680
84 40 680
40 59 792
59 40 792
40 62 302
62 40 302
40 62 644
62 40 644
40 59 205
59 40 205
41 42 424
42 41 424
41 65 34
65 41 34
41 85 301
85 41 301
41 50 222
50 41 222
41 86 926
86 41 926
41 54 797
54 41 797
41 85 375
85 41 375
41 42 495
42 41 495
41 85 112
85 41 112
41 46 466
46 41 466
42 45 875
45 42 875
42 67 225
67 42 225
42 71 674
71 42 674
42 80 387
80 42 387
43 83 829
83 43 829
43 65 120
65 43 120
43 64 455
64 43 455
43 69 137
69 43 137
43 84 865
84 43 865
43 79 685
79 43 685
43 75 259
75 43 259
43 69 46
69 43 46
43 84 355
84 43 355
44 62 319
62 44 319
44 46 432
46 44 432
44 59 169
59 44 169
44 55 410
55 44 410
44 58 821
58 44 821
45 85 905
85 45 905
45 46 115
46 45 115
45 58 547
58 45 547
45 82 863
82 45 863
45 60 777
60 45 777
45 69 765
69 45 765
45 77 432
77 45 432
45 67 901
67 45 901
45 73 451
73 45 451
45 84 45
84 45 45
45 70 402
70 45 402
45 52 71
52 45 71
45 72 31
72 45 31
45 62 502
62 45 502
45 50 276
50 45 276
45 82 318
82 45 318
45 80 740
80 45 740
45 64 780
64 45 780
45 72 588
72 45 588
45 66 140
66 45 140
45 53 459
53 45 459
46 69 310
69 46 310
46 63 886
63 46 886
46 61 362
61 46 362
46 57 816
57 46 816
46 58 773
58 46 773
46 52 926
52 46 926
46 47 784
47 46 784
46 79 705
79 46 705
47 53 782
53 47 782
47 55 704
55 47 704
47 64 866
64 47 866
47 81 183
81 47 183
47 61 912
61 47 912
47 73 755
73 47 755
47 53 379
53 47 379
47 79 880
79 47 880
47 63 523
63 47 523
47 71 981
71 47 981
47 48 145
48 47 145
47 67 913
67 47 913
47 49 117
49 47 117
48 75 963
75 48 963
48 49 66
49 48 66
48 70 410
70 48 410
48 67 623
67 48 623
48 87 636
87 48 636
48 54 950
54 48 950
48 57 845
57 48 845
48 50 893
50 48 893
49 58 467
58 49 467
49 68 140
68 49 140
49 66 168
66 49 168
49 64 242
64 49 242
49 84 894
84 49 894
49 78 36
78 49 36
49 65 28
65 49 28
49 79 774
79 49 774
49 77 819
77 49 819
49 79 101
79 49 101
49 70 580
70 49 580
50 52 965
52 50 965
50 62 153
62 50 153
50 55 279
55 50 279
50 60 538
60 50 538
50 70 426
70 50 426
50 51 442
51 50 442
50 78 150
78 50 150
50 68 456
68 50 456
50 78 137
78 50 137
51 72 93
72 51 93
51 73 2
73 51 2
51 72 652
72 51 652
51 75 830
75 51 830
51 66 495
66 51 495
52 60 701
60 52 701
52 65 898
65 52 898
52 56 10
56 52 10
52 73 603
73 52 603
52 63 555
63 52 555
52 81 713
81 52 713
52 69 510
69 52 510
52 72 413
72 52 413
52 81 127
81 52 127
52 80 486
80 52 486
52 73 330
73 52 330
52 54 879
54 52 879
52 71 527
71 52 527
53 65 751
65 53 751
53 71 121
71 53 121
53 75 912
75 53 912
53 76 295
76 53 295
53 84 726
84 53 726
53 54 500
54 53 500
53 84 969
84 53 969
53 69 966
69 53 966
53 87 653
87 53 653
53 54 913
54 53 913
53 81 128
81 53 128
54 74 221
74 54 221
54 72 541
72 54 541
54 56 364
56 54 364
54 67 258
67 54 258
54 87 307
87 54 307
54 65 533
65 54 533
54 57 490
57 54 490
54 59 618
59 54 618
54 68 204
68 54 204
54 69 444
69 54 444
54 62 595
62 54 595
54 86 989
86 54 989
54 58 332
58 54 332
55 69 785
69 55 785
55 81 655
81 55 655
55 81 867
81 55 867
55 81 216
81 55 216
55 70 17
70 55 17
55 69 795
69 55 795
55 81 529
81 55 529
55 71 930
71 55 930
55 76 519
76 55 519
56 65 29
65 56 29
56 81 11
81 56 11
56 60 439
60 56 439
56 85 935
85 56 935
56 85 115
85 56 115
56 85 641
85 56 641
56 69 976
69 56 976
57 66 520
66 57 520
57 71 601
71 57 601
57 71 527
71 57 527
57 76 457
76 57 457
57 85 25
85 57 25
57 69 521
69 57 521
57 69 572
69 57 572
57 58 94
58 57 94
58 86 707
86 58 707
58 71 972
71 58 972
58 81 811
81 58 811
58 87 732
87 58 732
58 75 963
75 58 963
58 73 562
73 58 562
58 68 868
68 58 868
58 63 526
63 58 526
59 62 198
62 59 198
59 73 437
73 59 437
59 81 947
81 59 947
59 59 299
59 59 299
60 72 777
72 60 777
60 68 916
68 60 916
60 65 918
65 60 918
60 75 388
75 60 388
61 78 783
78 61 783
61 80 241
80 61 241
61 69 371
69 61 371
61 77 685
77 61 685
61 64 14
64 61 14
61 77 40
77 61 40
61 67 587
67 61 587
61 72 69
72 61 69
61 77 229
77 61 229
61 86 718
86 61 718
62 76 97
76 62 97
62 78 258
78 62 258
62 62 730
62 62 730
62 72 708
72 62 708
62 81 455
81 62 455
62 84 925
84 62 925
62 64 765
64 62 765
63 73 136
73 63 136
63 87 708
87 63 708
63 85 211
85 63 211
63 63 740
63 63 740
64 73 95
73 64 95
64 82 73
82 64 73
64 87 624
87 64 624
64 69 358
69 64 358
64 76 186
76 64 186
65 69 524
69 65 524
65 65 218
65 65 218
65 73 933
73 65 933
66 81 448
81 66 448
67 79 958
79 67 958
67 85 575
85 67 575
67 77 273
77 67 273
67 78 464
78 67 464
67 73 108
73 67 108
68 79 128
79 68 128
68 75 502
75 68 502
68 84 791
84 68 791
68 77 65
77 68 65
68 78 744
78 68 744
68 80 942
80 68 942
68 70 445
70 68 445
68 76 850
76 68 850
69 73 475
73 69 475
69 83 943
83 69 943
69 74 551
74 69 551
69 77 64
77 69 64
70 79 876
79 70 876
70 85 571
85 70 571
71 77 136
77 71 136
71 78 933
78 71 933
71 87 781
87 71 781
71 79 912
79 71 912
71 78 460
78 71 460
71 74 122
74 71 122
71 85 309
85 71 309
72 82 124
82 72 124
72 73 813
73 72 813
72 83 971
83 72 971
73 80 466
80 73 466
74 75 825
75 74 825
74 87 60
87 74 60
74 84 284
84 74 284
75 76 46
76 75 46
76 85 643
85 76 643
78 86 708
86 78 708
78 80 344
80 78 344
78 84 596
84 78 596
79 81 11
81 79 11
81 84 330
84 81 330
82 87 473
87 82 473
83 85 289
85 83 289
85 86 748
86 85 748
85 86 487
86 85 487
