25

0 1 707
1 0 707
0 4 677
4 0 677
0 13 546
13 0 546
0 17 585
17 0 585
0 23 643
23 0 643
0 7 44
7 0 44
0 8 669
8 0 669
0 23 900
23 0 900
0 8 989
8 0 989
0 17 71
17 0 71
0 6 266
6 0 266
1 2 207
2 1 207
1 3 560
3 1 560
1 5 572
5 1 572
1 7 767
7 1 767
1 20 624
20 1 624
1 14 515
14 1 515
1 11 795
11 1 795
1 1 179
1 1 179
1 11 590
11 1 590
1 24 572
24 1 572
1 13 233
13 1 233
2 8 351
8 2 351
2 19 283
19 2 283
2 15 550
15 2 550
2 5 986
5 2 986
2 11 181
11 2 181
2 7 950
7 2 950
2 12 128
12 2 128
3 12 37
12 3 37
3 22 479
22 3 479
3 9 285
9 3 285
3 23 24
23 3 24
3 12 460
12 3 460
3 19 727
19 3 727
3 4 526
4 3 526
3 18 602
18 3 602
3 6 539
6 3 539
4 6 797
6 4 797
4 9 184
9 4 184
4 13 90
13 4 90
4 7 229
7 4 229
4 15 757
15 4 757
4 21 620
21 4 620
4 9 563
9 4 563
4 24 397
24 4 397
4 14 699
14 4 699
5 19 374
19 5 374
5 12 807
12 5 807
5 12 441
12 5 441
5 16 472
16 5 472
5 20 93
20 5 93
5 22 762
22 5 762
5 15 328
15 5 328
5 11 72
11 5 72
6 11 338
11 6 338
6 19 932
19 6 932
6 11 29
11 6 29
6 11 320
11 6 320
6 16 995
16 6 995
6 18 106
18 6 106
6 11 477
11 6 477
6 13 686
13 6 686
6 14 137
14 6 137
7 15 485
15 7 485
7 21 592
21 7 592
7 12 151
12 7 151
7 12 336
12 7 336
8 10 188
10 8 188
8 15 690
15 8 690
8 20 151
20 8 151
8 21 683
21 8 683
8 22 49
22 8 49
8 10 657
10 8 657
8 24 701
24 8 701
8 18 621
18 8 621
8 23 591
23 8 591
8 17 51
17 8 51
8 22 567
22 8 567
9 20 503
20 9 503
9 22 374
22 9 374
9 18 293
18 9 293
9 11 287
11 9 287
9 17 644
17 9 644
10 14 82
14 10 82
10 19 761
19 10 761
10 21 885
21 10 885
10 21 907
21 10 907
10 18 437
18 10 437
10 22 512
22 10 512
11 14 567
14 11 567
11 18 483
18 11 483
11 15 315
15 11 315
11 24 153
24 11 153
11 12 564
12 11 564
11 21 313
21 11 313
11 22 582
22 11 582
11 24 86
24 11 86
11 18 328
18 11 328
12 16 833
16 12 833
12 19 735
19 12 735
12 14 863
14 12 863
12 15 244
15 12 244
12 17 131
17 12 131
12 12 826
12 12 826
13 21 104
21 13 104
13 19 150
19 13 150
13 24 952
24 13 952
13 14 811
14 13 811
13 13 718
13 13 718
13 15 426
15 13 426
14 16 560
16 14 560
14 21 721
21 14 721
15 20 647
20 15 647
15 20 84
20 15 84
15 21 124
21 15 124
16 21 568
21 16 568
16 21 465
21 16 465
16 22 921
22 16 921
17 23 96
23 17 96
17 19 171
19 17 171
17 21 682
21 17 682
17 23 256
23 17 256
17 19 59
19 17 59
17 20 250
20 17 250
17 23 124
23 17 124
18 21 823
21 18 823
18 24 268
24 18 268
19 24 945
24 19 945
19 21 265
21 19 265
20 22 936
22 20 936
21 22 771
22 21 771
21 24 898
24 21 898
22 24 144
24 22 144
22 23 394
23 22 394
22 24 448
24 22 448
