13

0 1 101
1 0 101
0 2 268
2 0 268
0 3 855
3 0 855
0 4 962
4 0 962
0 9 938
9 0 938
0 10 550
10 0 550
0 2 416
2 0 416
0 6 953
6 0 953
0 11 24
11 0 24
0 10 924
10 0 924
0 1 685
1 0 685
0 6 591
6 0 591
0 6 24
6 0 24
0 2 726
2 0 726
0 12 121
12 0 121
1 6 74
6 1 74
1 10 799
10 1 799
1 2 769
2 1 769
1 9 796
9 1 796
1 5 475
5 1 475
2 4 275
4 2 275
2 10 851
10 2 851
2 12 356
12 2 356
2 12 109
12 2 109
2 2 487
2 2 487
2 2 996
2 2 996
2 12 272
12 2 272
3 4 982
4 3 982
3 6 130
6 3 130
4 5 512
5 4 512
4 7 327
7 4 327
4 8 6
8 4 6
4 10 845
10 4 845
4 5 83
5 4 83
4 9 303
9 4 303
5 7 850
7 5 850
6 11 391
11 6 391
6 12 211
12 6 211
6 7 684
7 6 684
7 9 983
9 7 983
7 8 95
8 7 95
7 9 918
9 7 918
7 8 378
8 7 378
7 7 49
7 7 49
7 10 684
10 7 684
8 11 392
11 8 392
8 12 615
12 8 615
9 9 165
9 9 165
10 11 423
11 10 423
10 12 782
12 10 782
11 11 473
11 11 473
11 12 982
12 11 982
