96

0 1 258
1 0 258
0 2 592
2 0 592
0 9 218
9 0 218
0 68 630
68 0 630
0 40 554
40 0 554
0 79 238
79 0 238
0 85 376
85 0 376
0 90 350
90 0 350
0 91 277
91 0 277
0 24 819
24 0 819
0 62 313
62 0 313
0 16 718
16 0 718
0 90 87
90 0 87
0 74 228
74 0 228
0 52 970
52 0 970
0 83 518
83 0 518
0 62 556
62 0 556
0 27 3
27 0 3
0 92 166
92 0 166
0 17 819
17 0 819
0 42 577
42 0 577
0 81 808
81 0 808
0 86 921
86 0 921
0 58 438
58 0 438
0 88 626
88 0 626
1 29 173
29 1 173
1 44 748
44 1 748
1 46 440
46 1 440
1 80 236
80 1 236
1 49 481
49 1 481
1 72 143
72 1 143
1 49 552
49 1 552
1 94 352
94 1 352
1 11 656
11 1 656
1 18 31
18 1 31
1 44 832
44 1 832
1 3 312
3 1 312
1 47 882
47 1 882
1 31 433
31 1 433
1 39 910
39 1 910
1 32 75
32 1 75
2 3 749
3 2 749
2 4 54
4 2 54
2 7 586
7 2 586
2 10 972
10 2 972
2 23 917
23 2 917
2 27 402
27 2 402
2 40 270
40 2 270
2 65 995
65 2 995
2 72 850
72 2 850
2 95 179
95 2 179
2 52 220
52 2 220
2 6 285
6 2 285
2 86 740
86 2 740
2 93 95
93 2 95
2 12 462
12 2 462
2 3 700
3 2 700
2 75 823
75 2 823
3 6 863
6 3 863
3 8 385
8 3 385
3 14 953
14 3 953
3 36 129
36 3 129
3 61 475
61 3 475
3 90 819
90 3 819
3 74 796
74 3 796
3 70 548
70 3 548
3 33 693
33 3 693
3 57 871
57 3 871
3 22 650
22 3 650
3 43 632
43 3 632
3 7 670
7 3 670
3 52 274
52 3 274
3 80 15
80 3 15
3 77 50
77 3 50
3 77 388
77 3 388
3 55 896
55 3 896
3 47 4
47 3 4
4 5 416
5 4 416
4 12 413
12 4 413
4 59 604
59 4 604
4 80 325
80 4 325
4 80 829
80 4 829
4 38 43
38 4 43
4 69 366
69 4 366
4 39 910
39 4 910
4 57 250
57 4 250
4 16 386
16 4 386
4 56 623
56 4 623
4 47 597
47 4 597
4 23 386
23 4 386
4 40 362
40 4 362
4 64 455
64 4 455
5 13 1000
13 5 1000
5 20 55
20 5 55
5 21 906
21 5 906
5 22 816
22 5 816
5 66 153
66 5 153
5 44 457
44 5 457
5 68 408
68 5 408
5 51 750
51 5 750
5 33 712
33 5 712
5 86 40
86 5 40
5 19 156
19 5 156
5 42 696
42 5 696
5 55 442
55 5 442
5 28 507
28 5 507
6 18 505
18 6 505
6 34 692
34 6 692
6 47 190
47 6 190
6 64 83
64 6 83
6 38 245
38 6 245
6 69 133
69 6 133
6 24 235
24 6 235
6 95 125
95 6 125
6 36 403
36 6 403
6 87 99
87 6 99
6 83 290
83 6 290
6 71 845
71 6 845
6 46 429
46 6 429
6 55 141
55 6 141
6 79 101
79 6 101
6 43 800
43 6 800
6 60 4
60 6 4
6 80 939
80 6 939
6 64 402
64 6 402
6 20 482
20 6 482
6 8 659
8 6 659
6 9 398
9 6 398
6 48 432
48 6 432
7 26 134
26 7 134
7 42 439
42 7 439
7 45 195
45 7 195
7 93 413
93 7 413
7 21 806
21 7 806
7 79 83
79 7 83
7 76 599
76 7 599
7 58 176
58 7 176
7 93 726
93 7 726
7 14 85
14 7 85
7 86 456
86 7 456
7 24 903
24 7 903
7 8 562
8 7 562
7 57 942
57 7 942
7 48 904
48 7 904
7 73 347
73 7 347
7 65 779
65 7 779
7 69 874
69 7 874
7 82 970
82 7 970
7 65 966
65 7 966
7 91 318
91 7 318
8 11 722
11 8 722
8 73 620
73 8 620
8 65 715
65 8 715
8 19 951
19 8 951
8 68 830
68 8 830
8 93 564
93 8 564
8 52 174
52 8 174
8 54 681
54 8 681
8 94 351
94 8 351
8 70 369
70 8 369
8 87 302
87 8 302
8 69 253
69 8 253
8 66 961
66 8 961
8 47 953
47 8 953
8 82 428
82 8 428
9 16 968
16 9 968
9 34 353
34 9 353
9 51 298
51 9 298
9 55 106
55 9 106
9 55 734
55 9 734
9 91 14
91 9 14
9 69 771
69 9 771
9 24 604
24 9 604
9 55 908
55 9 908
9 43 895
43 9 895
9 68 394
68 9 394
9 49 432
49 9 432
9 18 62
18 9 62
9 75 926
75 9 926
9 21 758
21 9 758
9 84 254
84 9 254
10 19 421
19 10 421
10 37 653
37 10 653
10 80 701
80 10 701
10 66 999
66 10 999
10 72 989
72 10 989
10 17 292
17 10 292
10 13 802
13 10 802
10 86 89
86 10 89
10 63 114
63 10 114
10 69 844
69 10 844
10 51 624
51 10 624
10 36 713
36 10 713
10 60 465
60 10 465
10 27 807
27 10 807
10 72 382
72 10 382
10 72 540
72 10 540
10 55 82
55 10 82
10 20 254
20 10 254
10 20 486
20 10 486
10 30 430
30 10 430
10 84 549
84 10 549
10 89 244
89 10 244
11 71 613
71 11 613
11 71 652
71 11 652
11 44 661
44 11 661
11 37 941
37 11 941
11 23 400
23 11 400
11 29 351
29 11 351
11 35 175
35 11 175
11 25 897
25 11 897
11 92 403
92 11 403
11 23 829
23 11 829
11 84 840
84 11 840
12 15 439
15 12 439
12 39 205
39 12 205
12 19 217
19 12 217
12 13 635
13 12 635
12 78 52
78 12 52
12 66 264
66 12 264
12 82 291
82 12 291
12 35 238
35 12 238
12 56 845
56 12 845
12 95 902
95 12 902
12 21 985
21 12 985
12 64 224
64 12 224
12 94 509
94 12 509
12 41 966
41 12 966
12 35 333
35 12 333
13 17 699
17 13 699
13 85 141
85 13 141
13 45 424
45 13 424
13 56 984
56 13 984
13 24 194
24 13 194
13 63 183
63 13 183
13 93 196
93 13 196
13 43 350
43 13 350
13 27 640
27 13 640
13 43 215
43 13 215
13 30 847
30 13 847
13 45 364
45 13 364
13 48 550
48 13 550
13 84 342
84 13 342
13 79 888
79 13 888
13 79 699
79 13 699
13 26 278
26 13 278
14 14 612
14 14 612
14 86 607
86 14 607
14 54 228
54 14 228
14 56 732
56 14 732
14 22 698
22 14 698
14 24 859
24 14 859
14 62 459
62 14 459
14 59 339
59 14 339
14 50 47
50 14 47
14 92 733
92 14 733
14 48 801
48 14 801
14 40 195
40 14 195
14 43 429
43 14 429
14 89 148
89 14 148
14 95 348
95 14 348
14 32 565
32 14 565
14 29 904
29 14 904
15 49 97
49 15 97
15 52 695
52 15 695
15 41 312
41 15 312
15 69 402
69 15 402
15 42 260
42 15 260
15 83 985
83 15 985
15 35 550
35 15 550
15 23 384
23 15 384
15 55 108
55 15 108
15 68 336
68 15 336
15 73 516
73 15 516
15 28 810
28 15 810
15 16 651
16 15 651
15 33 269
33 15 269
15 34 563
34 15 563
15 16 357
16 15 357
16 28 963
28 16 963
16 30 10
30 16 10
16 50 123
50 16 123
16 94 869
94 16 869
16 56 577
56 16 577
16 88 1000
88 16 1000
16 40 318
40 16 318
16 22 44
22 16 44
16 91 270
91 16 270
16 26 402
26 16 402
16 46 621
46 16 621
16 50 268
50 16 268
16 73 498
73 16 498
16 85 231
85 16 231
16 60 392
60 16 392
16 43 708
43 16 708
16 67 682
67 16 682
16 45 23
45 16 23
16 25 682
25 16 682
16 47 98
47 16 98
16 91 162
91 16 162
16 76 890
76 16 890
16 69 89
69 16 89
16 59 543
59 16 543
17 33 919
33 17 919
17 20 621
20 17 621
17 46 544
46 17 544
17 21 707
21 17 707
17 26 55
26 17 55
17 91 773
91 17 773
17 28 282
28 17 282
17 56 77
56 17 77
17 82 641
82 17 641
17 55 129
55 17 129
18 25 43
25 18 43
18 51 574
51 18 574
18 54 543
54 18 543
18 35 875
35 18 875
18 24 630
24 18 630
18 93 880
93 18 880
18 76 40
76 18 40
18 89 161
89 18 161
18 82 811
82 18 811
18 31 544
31 18 544
18 34 691
34 18 691
18 93 410
93 18 410
18 89 149
89 18 149
18 58 267
58 18 267
18 43 393
43 18 393
18 18 807
18 18 807
19 24 279
24 19 279
19 32 711
32 19 711
19 60 790
60 19 790
19 68 35
68 19 35
19 45 416
45 19 416
19 74 79
74 19 79
19 30 315
30 19 315
19 42 315
42 19 315
19 85 863
85 19 863
19 24 956
24 19 956
19 48 199
48 19 199
19 26 355
26 19 355
19 75 810
75 19 810
19 30 408
30 19 408
19 39 761
39 19 761
19 25 756
25 19 756
19 73 935
73 19 935
19 65 467
65 19 467
19 84 619
84 19 619
19 28 169
28 19 169
19 42 243
42 19 243
20 31 912
31 20 912
20 48 113
48 20 113
20 49 4
49 20 4
20 67 317
67 20 317
20 60 13
60 20 13
20 36 140
36 20 140
20 31 108
31 20 108
20 41 568
41 20 568
20 22 703
22 20 703
20 57 45
57 20 45
20 47 505
47 20 505
20 24 248
24 20 248
20 71 153
71 20 153
20 34 791
34 20 791
20 91 253
91 20 253
20 69 906
69 20 906
20 37 928
37 20 928
20 74 281
74 20 281
20 29 856
29 20 856
20 25 59
25 20 59
20 66 596
66 20 596
20 53 432
53 20 432
20 63 844
63 20 844
20 29 168
29 20 168
20 73 459
73 20 459
21 76 415
76 21 415
21 56 51
56 21 51
21 54 538
54 21 538
21 60 412
60 21 412
21 60 332
60 21 332
21 81 928
81 21 928
21 57 848
57 21 848
21 60 778
60 21 778
21 55 581
55 21 581
21 23 504
23 21 504
21 47 633
47 21 633
21 36 882
36 21 882
21 68 153
68 21 153
21 89 298
89 21 298
21 94 436
94 21 436
21 44 798
44 21 798
21 28 85
28 21 85
22 33 241
33 22 241
22 41 137
41 22 137
22 74 126
74 22 126
22 93 915
93 22 915
22 64 474
64 22 474
22 52 710
52 22 710
22 32 596
32 22 596
22 82 579
82 22 579
22 94 295
94 22 295
22 72 977
72 22 977
22 82 387
82 22 387
22 65 204
65 22 204
22 70 752
70 22 752
22 24 914
24 22 914
22 47 398
47 22 398
22 92 515
92 22 515
23 56 212
56 23 212
23 33 940
33 23 940
23 67 689
67 23 689
23 81 224
81 23 224
23 69 337
69 23 337
23 80 872
80 23 872
23 32 490
32 23 490
23 28 113
28 23 113
23 45 303
45 23 303
23 35 941
35 23 941
23 75 229
75 23 229
23 24 479
24 23 479
23 37 171
37 23 171
23 87 37
87 23 37
24 32 781
32 24 781
24 30 564
30 24 564
24 35 14
35 24 14
24 74 12
74 24 12
24 45 913
45 24 913
24 63 990
63 24 990
24 51 87
51 24 87
24 77 872
77 24 872
25 28 480
28 25 480
25 70 101
70 25 101
25 83 774
83 25 774
25 46 234
46 25 234
25 94 861
94 25 861
25 83 869
83 25 869
25 86 252
86 25 252
25 77 327
77 25 327
25 51 153
51 25 153
25 50 444
50 25 444
25 74 113
74 25 113
25 81 929
81 25 929
25 33 511
33 25 511
26 43 371
43 26 371
26 29 81
29 26 81
26 26 498
26 26 498
26 30 614
30 26 614
26 87 303
87 26 303
26 90 314
90 26 314
26 29 221
29 26 221
26 60 914
60 26 914
26 39 599
39 26 599
26 83 484
83 26 484
26 71 515
71 26 515
26 59 239
59 26 239
26 30 623
30 26 623
27 35 160
35 27 160
27 88 517
88 27 517
27 64 531
64 27 531
27 91 683
91 27 683
27 79 57
79 27 57
27 36 674
36 27 674
27 70 495
70 27 495
27 90 327
90 27 327
27 62 133
62 27 133
27 75 266
75 27 266
27 62 91
62 27 91
27 75 716
75 27 716
27 43 805
43 27 805
27 35 870
35 27 870
27 90 548
90 27 548
27 56 432
56 27 432
28 86 537
86 28 537
28 45 244
45 28 244
28 57 446
57 28 446
28 38 381
38 28 381
28 45 10
45 28 10
28 29 836
29 28 836
28 47 149
47 28 149
28 91 411
91 28 411
28 94 843
94 28 843
28 88 184
88 28 184
28 91 598
91 28 598
28 59 931
59 28 931
28 63 572
63 28 572
28 91 410
91 28 410
28 37 852
37 28 852
28 76 827
76 28 827
28 76 707
76 28 707
28 69 75
69 28 75
28 50 685
50 28 685
29 35 648
35 29 648
29 65 458
65 29 458
29 94 354
94 29 354
29 69 262
69 29 262
29 57 940
57 29 940
29 78 910
78 29 910
29 70 161
70 29 161
29 57 714
57 29 714
29 50 863
50 29 863
29 75 213
75 29 213
29 31 207
31 29 207
29 32 566
32 29 566
29 90 171
90 29 171
29 30 370
30 29 370
30 61 635
61 30 635
30 43 847
43 30 847
30 50 50
50 30 50
30 78 94
78 30 94
30 62 708
62 30 708
30 54 950
54 30 950
30 81 840
81 30 840
30 61 643
61 30 643
30 87 663
87 30 663
30 79 869
79 30 869
30 38 861
38 30 861
30 78 451
78 30 451
30 51 7
51 30 7
31 50 909
50 31 909
31 70 167
70 31 167
31 92 558
92 31 558
31 64 880
64 31 880
31 74 993
74 31 993
31 72 820
72 31 820
31 51 602
51 31 602
31 91 824
91 31 824
31 84 936
84 31 936
31 44 688
44 31 688
31 93 480
93 31 480
31 77 735
77 31 735
31 43 926
43 31 926
31 69 869
69 31 869
32 38 444
38 32 444
32 92 256
92 32 256
32 66 463
66 32 463
32 44 878
44 32 878
32 65 659
65 32 659
32 56 605
56 32 605
32 58 164
58 32 164
32 36 982
36 32 982
32 66 638
66 32 638
32 41 267
41 32 267
32 42 442
42 32 442
32 68 736
68 32 736
32 73 360
73 32 360
32 86 224
86 32 224
32 65 576
65 32 576
32 49 976
49 32 976
33 59 77
59 33 77
33 78 333
78 33 333
33 85 419
85 33 419
33 89 844
89 33 844
33 74 737
74 33 737
33 94 478
94 33 478
33 66 234
66 33 234
33 95 327
95 33 327
33 66 258
66 33 258
33 49 447
49 33 447
33 90 479
90 33 479
33 56 463
56 33 463
33 78 849
78 33 849
33 87 29
87 33 29
33 62 696
62 33 696
33 53 824
53 33 824
34 82 284
82 34 284
34 87 712
87 34 712
34 64 837
64 34 837
34 66 199
66 34 199
34 36 376
36 34 376
34 90 401
90 34 401
34 76 813
76 34 813
34 93 339
93 34 339
34 41 560
41 34 560
34 90 399
90 34 399
34 49 920
49 34 920
34 42 408
42 34 408
34 88 130
88 34 130
34 50 888
50 34 888
35 73 327
73 35 327
35 74 450
74 35 450
35 57 543
57 35 543
35 56 965
56 35 965
35 93 989
93 35 989
35 54 238
54 35 238
35 58 300
58 35 300
35 54 816
54 35 816
35 91 477
91 35 477
35 40 932
40 35 932
36 81 683
81 36 683
36 42 276
42 36 276
36 53 480
53 36 480
36 57 671
57 36 671
36 95 505
95 36 505
36 68 766
68 36 766
36 45 231
45 36 231
36 77 157
77 36 157
36 76 222
76 36 222
36 70 355
70 36 355
36 40 514
40 36 514
36 75 184
75 36 184
36 90 54
90 36 54
36 46 156
46 36 156
36 73 461
73 36 461
36 56 220
56 36 220
36 83 8
83 36 8
36 58 386
58 36 386
36 86 993
86 36 993
36 67 550
67 36 550
37 62 550
62 37 550
37 63 111
63 37 111
37 46 276
46 37 276
37 81 403
81 37 403
37 93 932
93 37 932
37 47 785
47 37 785
37 90 735
90 37 735
37 43 164
43 37 164
37 46 44
46 37 44
37 84 891
84 37 891
37 38 149
38 37 149
37 83 474
83 37 474
37 83 349
83 37 349
37 57 258
57 37 258
38 81 380
81 38 380
38 62 870
62 38 870
38 47 862
47 38 862
38 76 834
76 38 834
38 77 537
77 38 537
38 82 381
82 38 381
38 91 530
91 38 530
38 43 276
43 38 276
38 84 971
84 38 971
38 81 267
81 38 267
38 88 937
88 38 937
38 63 177
63 38 177
38 76 870
76 38 870
39 52 577
52 39 577
39 89 470
89 39 470
39 79 336
79 39 336
39 95 817
95 39 817
39 58 80
58 39 80
39 53 25
53 39 25
39 92 332
92 39 332
39 56 381
56 39 381
39 85 925
85 39 925
40 77 170
77 40 170
40 71 797
71 40 797
40 74 524
74 40 524
40 57 75
57 40 75
40 77 46
77 40 46
40 42 204
42 40 204
40 86 28
86 40 28
40 76 951
76 40 951
40 52 25
52 40 25
40 93 795
93 40 795
40 42 356
42 40 356
40 91 538
91 40 538
41 74 245
74 41 245
41 50 855
50 41 855
41 54 908
54 41 908
41 41 391
41 41 391
41 87 847
87 41 847
41 78 747
78 41 747
41 48 437
48 41 437
41 46 531
46 41 531
41 71 684
71 41 684
41 67 587
67 41 587
41 69 269
69 41 269
41 74 744
74 41 744
42 53 226
53 42 226
42 56 861
56 42 861
42 66 25
66 42 25
42 52 276
52 42 276
42 62 763
62 42 763
42 70 501
70 42 501
42 71 80
71 42 80
42 82 147
82 42 147
42 60 292
60 42 292
42 76 762
76 42 762
42 83 919
83 42 919
42 83 245
83 42 245
43 89 108
89 43 108
43 81 495
81 43 495
43 64 533
64 43 533
43 46 528
46 43 528
43 76 316
76 43 316
43 51 898
51 43 898
43 73 48
73 43 48
43 45 150
45 43 150
43 66 449
66 43 449
43 89 326
89 43 326
43 88 745
88 43 745
43 57 399
57 43 399
43 90 274
90 43 274
44 50 187
50 44 187
44 45 172
45 44 172
44 84 260
84 44 260
44 55 553
55 44 553
44 53 715
53 44 715
44 65 736
65 44 736
44 87 174
87 44 174
44 67 490
67 44 490
44 45 68
45 44 68
44 79 18
79 44 18
44 49 793
49 44 793
45 55 707
55 45 707
45 77 502
77 45 502
45 80 128
80 45 128
45 69 60
69 45 60
45 51 457
51 45 457
45 50 119
50 45 119
45 82 403
82 45 403
45 53 583
53 45 583
46 62 269
62 46 269
46 64 886
64 46 886
46 89 204
89 46 204
46 55 647
55 46 647
46 83 349
83 46 349
46 47 811
47 46 811
46 55 571
55 46 571
47 66 93
66 47 93
47 93 838
93 47 838
47 47 720
47 47 720
47 68 715
68 47 715
47 78 604
78 47 604
47 61 354
61 47 354
47 82 524
82 47 524
47 93 233
93 47 233
48 55 298
55 48 298
48 89 834
89 48 834
48 85 940
85 48 940
48 92 543
92 48 543
48 61 974
61 48 974
49 84 354
84 49 354
49 55 192
55 49 192
49 66 620
66 49 620
49 60 144
60 49 144
49 67 92
67 49 92
49 83 282
83 49 282
49 87 787
87 49 787
49 94 455
94 49 455
49 73 176
73 49 176
49 91 277
91 49 277
50 64 981
64 50 981
50 85 961
85 50 961
50 59 904
59 50 904
50 85 852
85 50 852
50 55 801
55 50 801
50 87 5
87 50 5
50 70 592
70 50 592
50 67 639
67 50 639
50 61 601
61 50 601
50 73 808
73 50 808
50 60 326
60 50 326
51 70 765
70 51 765
51 91 532
91 51 532
51 79 492
79 51 492
51 61 714
61 51 714
51 91 466
91 51 466
51 88 773
88 51 773
52 65 146
65 52 146
52 86 874
86 52 874
52 70 550
70 52 550
52 73 128
73 52 128
52 52 401
52 52 401
52 74 493
74 52 493
52 70 889
70 52 889
52 63 412
63 52 412
52 91 181
91 52 181
52 64 324
64 52 324
52 65 639
65 52 639
52 81 1
81 52 1
53 69 515
69 53 515
53 63 821
63 53 821
53 76 728
76 53 728
53 82 221
82 53 221
53 77 620
77 53 620
53 95 316
95 53 316
53 66 115
66 53 115
53 90 895
90 53 895
54 79 224
79 54 224
54 81 131
81 54 131
54 84 419
84 54 419
54 73 81
73 54 81
54 69 593
69 54 593
54 64 906
64 54 906
54 92 923
92 54 923
54 93 195
93 54 195
54 93 299
93 54 299
55 57 461
57 55 461
55 94 600
94 55 600
55 79 837
79 55 837
55 77 517
77 55 517
55 73 504
73 55 504
55 62 308
62 55 308
55 69 491
69 55 491
56 58 216
58 56 216
56 79 276
79 56 276
56 75 313
75 56 313
56 84 872
84 56 872
56 78 12
78 56 12
56 63 556
63 56 556
56 59 607
59 56 607
57 67 205
67 57 205
57 80 770
80 57 770
57 74 109
74 57 109
57 88 62
88 57 62
57 94 649
94 57 649
57 72 831
72 57 831
58 72 137
72 58 137
58 70 200
70 58 200
58 90 585
90 58 585
58 92 533
92 58 533
58 90 926
90 58 926
58 66 807
66 58 807
58 77 870
77 58 870
58 61 631
61 58 631
58 79 278
79 58 278
58 90 294
90 58 294
59 71 83
71 59 83
59 73 760
73 59 760
59 59 53
59 59 53
59 67 560
67 59 560
59 78 403
78 59 403
59 90 943
90 59 943
59 87 347
87 59 347
60 63 355
63 60 355
60 63 963
63 60 963
60 74 669
74 60 669
60 79 908
79 60 908
60 83 854
83 60 854
60 85 591
85 60 591
60 92 343
92 60 343
60 78 682
78 60 682
60 81 250
81 60 250
60 86 802
86 60 802
61 92 687
92 61 687
61 90 325
90 61 325
61 66 698
66 61 698
61 69 874
69 61 874
61 71 415
71 61 415
61 77 400
77 61 400
62 64 134
64 62 134
62 69 329
69 62 329
62 64 651
64 62 651
62 83 783
83 62 783
62 87 965
87 62 965
63 70 604
70 63 604
63 67 647
67 63 647
63 69 675
69 63 675
63 76 841
76 63 841
63 82 646
82 63 646
63 95 239
95 63 239
63 91 372
91 63 372
63 86 957
86 63 957
63 80 633
80 63 633
63 69 24
69 63 24
63 65 752
65 63 752
63 68 150
68 63 150
64 78 206
78 64 206
64 66 820
66 64 820
64 85 351
85 64 351
64 69 50
69 64 50
64 93 846
93 64 846
64 94 772
94 64 772
64 94 966
94 64 966
64 86 797
86 64 797
64 71 137
71 64 137
64 78 167
78 64 167
64 88 580
88 64 580
65 91 885
91 65 885
65 73 595
73 65 595
66 84 988
84 66 988
66 94 232
94 66 232
66 88 8
88 66 8
66 90 571
90 66 571
66 82 792
82 66 792
67 79 755
79 67 755
67 95 496
95 67 496
67 77 913
77 67 913
68 93 233
93 68 233
68 92 415
92 68 415
68 81 221
81 68 221
68 69 20
69 68 20
68 92 256
92 68 256
69 70 769
70 69 769
69 80 929
80 69 929
69 82 948
82 69 948
69 83 388
83 69 388
69 84 298
84 69 298
69 74 434
74 69 434
69 80 71
80 69 71
70 71 405
71 70 405
70 71 940
71 70 940
70 95 840
95 70 840
71 91 69
91 71 69
71 91 126
91 71 126
71 83 464
83 71 464
71 92 609
92 71 609
71 94 844
94 71 844
71 79 226
79 71 226
71 91 631
91 71 631
71 85 23
85 71 23
72 94 66
94 72 66
72 91 896
91 72 896
72 89 356
89 72 356
73 92 903
92 73 903
73 86 519
86 73 519
73 89 877
89 73 877
73 81 406
81 73 406
73 82 840
82 73 840
73 75 489
75 73 489
73 88 642
88 73 642
74 75 848
75 74 848
74 91 568
91 74 568
74 84 791
84 74 791
75 91 513
91 75 513
75 81 703
81 75 703
75 78 453
78 75 453
76 87 333
87 76 333
76 81 69
81 76 69
76 80 681
80 76 681
76 86 915
86 76 915
76 92 681
92 76 681
76 84 601
84 76 601
77 84 760
84 77 760
77 92 249
92 77 249
78 82 153
82 78 153
78 80 520
80 78 520
78 91 690
91 78 690
79 92 899
92 79 899
79 79 55
79 79 55
80 95 700
95 80 700
80 80 268
80 80 268
80 92 854
92 80 854
80 82 830
82 80 830
80 89 506
89 80 506
81 83 763
83 81 763
81 89 213
89 81 213
81 93 473
93 81 473
81 87 994
87 81 994
82 94 130
94 82 130
83 84 412
84 83 412
83 84 277
84 83 277
83 84 949
84 83 949
83 92 315
92 83 315
84 95 913
95 84 913
84 95 332
95 84 332
85 95 44
95 85 44
85 92 809
92 85 809
87 91 706
91 87 706
89 95 893
95 89 893
90 91 22
91 90 22
91 95 634
95 91 634
91 94 368
94 91 368
92 92 44
92 92 44
94 95 419
95 94 419
