29

0 1 177
1 0 177
0 6 370
6 0 370
0 28 937
28 0 937
0 25 989
25 0 989
0 7 311
7 0 311
0 24 545
24 0 545
0 3 448
3 0 448
0 22 763
22 0 763
0 20 363
20 0 363
0 15 449
15 0 449
0 4 181
4 0 181
0 9 317
9 0 317
0 21 542
21 0 542
0 13 711
13 0 711
0 28 523
28 0 523
0 5 349
5 0 349
0 10 445
10 0 445
1 2 620
2 1 620
1 3 974
3 1 974
1 4 433
4 1 433
1 5 241
5 1 241
1 23 79
23 1 79
1 5 811
5 1 811
1 22 329
22 1 329
1 20 446
20 1 446
1 11 620
11 1 620
1 22 360
22 1 360
1 21 823
21 1 823
1 28 706
28 1 706
1 21 662
21 1 662
1 28 624
28 1 624
1 13 758
13 1 758
1 24 713
24 1 713
1 19 105
19 1 105
1 11 13
11 1 13
1 7 760
7 1 760
1 25 930
25 1 930
1 11 142
11 1 142
1 5 453
5 1 453
1 21 985
21 1 985
1 5 403
5 1 403
2 7 916
7 2 916
2 13 819
13 2 819
2 27 954
27 2 954
2 10 225
10 2 225
2 22 513
22 2 513
2 17 801
17 2 801
2 6 445
6 2 445
2 19 187
19 2 187
2 20 410
20 2 410
2 23 987
23 2 987
2 5 273
5 2 273
2 17 709
17 2 709
2 27 740
27 2 740
2 25 632
25 2 632
2 10 664
10 2 664
2 15 176
15 2 176
2 19 244
19 2 244
2 25 940
25 2 940
2 4 690
4 2 690
2 19 953
19 2 953
2 24 105
24 2 105
2 20 724
20 2 724
2 20 158
20 2 158
2 14 432
14 2 432
2 10 643
10 2 643
2 25 807
25 2 807
2 20 875
20 2 875
2 18 343
18 2 343
2 27 444
27 2 444
2 18 29
18 2 29
3 9 387
9 3 387
3 10 680
10 3 680
3 17 96
17 3 96
3 18 855
18 3 855
3 25 651
25 3 651
3 27 506
27 3 506
3 9 20
9 3 20
3 19 791
19 3 791
3 8 437
8 3 437
3 28 482
28 3 482
3 22 776
22 3 776
3 25 677
25 3 677
3 9 661
9 3 661
3 11 945
11 3 945
3 28 821
28 3 821
3 18 59
18 3 59
3 9 942
9 3 942
3 7 678
7 3 678
3 13 242
13 3 242
3 27 22
27 3 22
3 12 995
12 3 995
4 23 328
23 4 328
4 27 854
27 4 854
4 10 245
10 4 245
4 17 756
17 4 756
4 10 608
10 4 608
4 24 566
24 4 566
4 27 298
27 4 298
4 15 170
15 4 170
4 18 554
18 4 554
4 28 899
28 4 899
4 9 973
9 4 973
4 6 197
6 4 197
4 12 719
12 4 719
4 17 39
17 4 39
4 24 32
24 4 32
4 16 614
16 4 614
5 9 907
9 5 907
5 19 347
19 5 347
5 11 577
11 5 577
5 20 873
20 5 873
5 7 65
7 5 65
5 5 574
5 5 574
5 27 978
27 5 978
5 9 230
9 5 230
5 8 918
8 5 918
5 8 875
8 5 875
5 15 627
15 5 627
5 13 749
13 5 749
5 26 779
26 5 779
5 18 518
18 5 518
5 12 2
12 5 2
5 27 125
27 5 125
5 19 865
19 5 865
5 11 568
11 5 568
5 19 858
19 5 858
5 13 232
13 5 232
5 24 709
24 5 709
5 8 161
8 5 161
5 19 777
19 5 777
5 6 870
6 5 870
5 20 717
20 5 717
6 8 747
8 6 747
6 12 275
12 6 275
6 22 799
22 6 799
6 16 420
16 6 420
6 10 268
10 6 268
6 23 248
23 6 248
6 17 745
17 6 745
6 19 459
19 6 459
6 21 576
21 6 576
6 28 756
28 6 756
6 28 501
28 6 501
6 21 423
21 6 423
6 11 832
11 6 832
6 12 340
12 6 340
7 11 327
11 7 327
7 20 252
20 7 252
7 27 254
27 7 254
7 25 494
25 7 494
7 21 772
21 7 772
7 15 839
15 7 839
7 10 528
10 7 528
7 16 431
16 7 431
7 12 282
12 7 282
7 24 272
24 7 272
7 7 114
7 7 114
7 12 545
12 7 545
7 8 575
8 7 575
7 16 650
16 7 650
7 15 596
15 7 596
7 8 44
8 7 44
7 25 106
25 7 106
7 14 958
14 7 958
7 10 18
10 7 18
7 25 807
25 7 807
7 13 857
13 7 857
8 9 249
9 8 249
8 25 351
25 8 351
8 25 861
25 8 861
8 13 306
13 8 306
8 11 965
11 8 965
8 25 5
25 8 5
8 21 429
21 8 429
9 12 932
12 9 932
9 11 131
11 9 131
9 19 157
19 9 157
9 26 309
26 9 309
9 14 825
14 9 825
9 25 966
25 9 966
9 10 845
10 9 845
9 22 681
22 9 681
9 27 419
27 9 419
10 14 520
14 10 520
10 26 534
26 10 534
10 22 455
22 10 455
10 23 378
23 10 378
10 19 541
19 10 541
10 21 676
21 10 676
10 13 59
13 10 59
10 18 684
18 10 684
10 17 473
17 10 473
10 19 634
19 10 634
10 13 168
13 10 168
10 19 653
19 10 653
10 13 729
13 10 729
10 21 722
21 10 722
10 16 77
16 10 77
10 24 807
24 10 807
11 13 346
13 11 346
11 20 182
20 11 182
11 28 585
28 11 585
11 15 978
15 11 978
11 17 970
17 11 970
11 28 536
28 11 536
11 24 256
24 11 256
11 19 43
19 11 43
11 27 459
27 11 459
11 12 243
12 11 243
11 13 696
13 11 696
11 12 857
12 11 857
12 16 180
16 12 180
12 21 917
21 12 917
12 28 85
28 12 85
12 28 611
28 12 611
12 17 79
17 12 79
12 12 255
12 12 255
12 23 960
23 12 960
12 12 594
12 12 594
12 28 488
28 12 488
12 17 295
17 12 295
12 26 164
26 12 164
12 12 376
12 12 376
13 28 583
28 13 583
13 19 231
19 13 231
13 16 60
16 13 60
13 19 721
19 13 721
13 27 335
27 13 335
13 19 798
19 13 798
13 28 480
28 13 480
13 27 319
27 13 319
13 24 3
24 13 3
14 15 95
15 14 95
14 19 967
19 14 967
14 17 400
17 14 400
14 28 184
28 14 184
14 25 772
25 14 772
14 25 871
25 14 871
14 25 767
25 14 767
14 23 97
23 14 97
14 20 552
20 14 552
15 22 392
22 15 392
15 28 254
28 15 254
15 20 305
20 15 305
15 26 824
26 15 824
15 22 27
22 15 27
15 24 897
24 15 897
15 22 975
22 15 975
15 25 143
25 15 143
15 22 907
22 15 907
15 15 593
15 15 593
15 18 349
18 15 349
15 28 662
28 15 662
15 27 977
27 15 977
15 27 625
27 15 625
16 18 238
18 16 238
16 24 257
24 16 257
16 22 882
22 16 882
16 23 814
23 16 814
16 24 492
24 16 492
16 20 724
20 16 724
16 21 638
21 16 638
16 19 986
19 16 986
16 17 398
17 16 398
16 21 785
21 16 785
16 27 145
27 16 145
16 27 512
27 16 512
17 28 144
28 17 144
17 17 121
17 17 121
18 24 979
24 18 979
18 23 508
23 18 508
18 25 181
25 18 181
18 19 846
19 18 846
18 22 264
22 18 264
18 26 828
26 18 828
18 19 176
19 18 176
19 28 809
28 19 809
19 28 618
28 19 618
19 26 385
26 19 385
19 27 619
27 19 619
19 24 12
24 19 12
19 20 325
20 19 325
19 27 935
27 19 935
19 21 243
21 19 243
19 20 198
20 19 198
19 28 746
28 19 746
20 26 465
26 20 465
20 23 357
23 20 357
20 21 615
21 20 615
20 22 793
22 20 793
20 24 481
24 20 481
20 24 171
24 20 171
20 22 683
22 20 683
21 25 927
25 21 927
21 25 353
25 21 353
22 28 800
28 22 800
22 26 267
26 22 267
22 24 638
24 22 638
22 27 669
27 22 669
22 23 810
23 22 810
23 24 179
24 23 179
23 24 208
24 23 208
23 28 759
28 23 759
23 28 701
28 23 701
24 25 476
25 24 476
24 25 587
25 24 587
24 25 103
25 24 103
24 24 969
24 24 969
24 27 233
27 24 233
25 28 472
28 25 472
25 27 683
27 25 683
26 26 589
26 26 589
26 27 710
27 26 710
28 28 810
28 28 810
