71
71
71
71
72
73
73
73
77
77
81
82
82
82
85
85
90
90
93
93
97
98
98
98
98
98
104
104
111
111
111
111
111
111
111
111
111
113
118
118
118
118
118
119
119
119
119
119
119
119
119
119
119
122
122
122
122
122
122
122
122
122
126
126
126
126
126
126
126
127
127
127
127
127
127
127
130
130
130
130
130
130
130
130
130
130
130
130
130
134
138
138
138
138
138
138
138
139
139
139
139
143
150
150
150
150
150
150
150
150
150
150
151
151
151
151
152
161
161
161
162
166
175
175
175
175
175
175
177
181
183
183
183
183
183
185
185
185
188
189
191
191
191
191
191
192
194
196
202
202
202
202
202
202
203
204
217
217
217
217
217
217
217
219
219
222
222
222
222
222
222
222
222
222
222
225
225
225
228
228
228
228
228
230
230
236
236
237
237
243
243
243
246
246
246
252
252
252
252
252
252
252
252
253
258
258
258
258
260
260
260
260
260
260
260
260
260
260
260
260
260
260
260
260
260
260
261
263
263
263
263
263
263
263
266
266
266
267
267
267
282
284
285
285
285
285
285
285
285
285
286
286
286
286
287
287
287
287
288
288
288
290
291
291
291
291
291
291
291
291
292
292
292
292
293
293
293
293
294
294
294
296
297
297
297
297
297
297
297
297
298
298
298
298
299
299
299
299
300
300
300
302
303
303
303
303
303
303
303
303
304
304
304
304
305
305
305
305
306
306
306
308
309
309
309
309
309
309
309
309
310
310
310
310
311
311
311
311
314
315
315
315
315
315
315
315
315
316
316
316
316
317
317
317
317
320
322
324
325
325
325
325
325
325
325
328
329
329
329
329
329
329
329
332
333
333
333
333
333
333
333
336
337
337
337
337
337
337
337
340
341
341
341
341
341
341
341
344
345
345
345
345
345
345
345
348
349
349
349
349
349
349
349
352
353
353
353
353
353
353
353
356
357
357
357
357
357
357
357
360
361
361
361
361
361
361
361
364
365
365
365
365
365
365
365
365
366
366
366
366
367
367
367
367
370
371
371
371
371
371
371
371
374
375
375
375
375
375
375
375
378
379
379
379
379
379
379
379
382
382
383
383
383
383
383
383
383
384
384
384
384
386
386
386
386
386
386
386
387
387
387
389
389
389
392
393
396
397
397
397
397
398
398
398
398
401
402
402
402
402
402
402
402
402
403
403
403
403
404
404
404
404
409
411
413
415
417
419
420
420
420
421
422
422
422
423
425
427
427
430
430
430
430
432
432
432
432
432
434
434
434
445
445
445
445
445
445
445
445
445
445
445
445
445
463
465
465
465
465
465
465
465
465
465
465
465
465
465
465
465
465
465
465
466
469
470
472
472
472
472
472
472
472
472
472
472
472
472
472
472
472
472
472
472
472
472
472
473
477
477
477
477
477
477
477
477
477
477
489
489
489
489
489
490
491
491
492
493
493
493
493
493
506
510
510
511
513
513
513
513
513
520
520
520
520
520
520
520
520
520
522
522
522
528
528
528
528
528
528
529
532
532
532
532
532
532
534
536
539
540
540
540
540
553
553